-100.00000 -100.00000 
 0.53907 -0.08891 
-0.97947 -100.00000 
-0.92395  0.37858 
 0.66272  1.07158 
 0.31202  0.05650 
-100.00000 -100.00000 
 0.23135  0.26885 
-0.00005 -100.00000 
-100.00000 -100.00000 
-0.00030 -0.12624 
 1.60767 -0.10456 
-100.00000 -100.00000 
-100.00000 -100.00000 
-0.00007 -0.00010 
-100.00000 -100.00000 
-100.00000 -100.00000 
-100.00000 -100.00000 
-0.02771 -100.00000 
-100.00000 -100.00000 
-100.00000 -100.00000 
-100.00000 -100.00000 
-100.00000 -100.00000 
-100.00000 -100.00000 
-0.54815 -0.28012 
-100.00000 -100.00000 
-100.00000 -100.00000 
-100.00000 -100.00000 
 0.21505 -0.01930 
-0.05091 -0.18635 
-100.00000 -100.00000 
 0.37853 -0.31030 
-100.00000 -100.00000 
-100.00000 -100.00000 
 0.37854  0.00003 
-0.02791 -100.00000 
-0.29722 -0.12785 
-100.00000 -100.00000 
-100.00000 -100.00000 
-100.00000 -100.00000 
-100.00000 -100.00000 
-0.16420 -100.00000 
-100.00000 -100.00000 
-100.00000 -0.12426 
-0.16192 -0.10259 
-0.43516  0.20000 
-100.00000 -100.00000 
-100.00000 -0.00006 
 0.32629 -0.06550 
 0.45121 -0.40730 
-100.00000 -100.00000 
-100.00000 -100.00000 
-100.00000 -100.00000 
 0.10841 -0.00002 
-100.00000 -100.00000 
-100.00000 -100.00000 
-100.00000 -100.00000 
-0.12253 -0.18378 
-100.00000 -100.00000 
-100.00000 -100.00000 
-100.00000 -0.00009 
-100.00000 -100.00000 
-100.00000 -100.00000 
-100.00000 -100.00000 
 0.05790 -0.17938 
 0.00000  0.00000 
 0.23837  0.49371 
-0.53496 -0.40505 
-100.00000 -100.00000 
-100.00000 -100.00000 
-100.00000 -0.45008 
-100.00000 -100.00000 
-100.00000 -100.00000 
-100.00000 -0.00011 
-0.52073  0.14024 
-100.00000 -100.00000 
-100.00000 -100.00000 
 0.47803 -0.44982 
-100.00000 -100.00000 
-100.00000 -100.00000 
-100.00000 -100.00000 
 0.00000  0.00000 
-100.00000 -100.00000 
-100.00000 -100.00000 
-100.00000 -100.00000 
-1.13123  0.35490 
 0.23009 -0.45242 
-0.91295 -0.06812 
 0.00000  0.00000 
-0.20048  0.18495 
-0.31438 -100.00000 
 0.29178 -0.12296 
-100.00000 -100.00000 
-0.17532  0.54917 
-100.00000 -100.00000 
-100.00000 -100.00000 
-100.00000 -100.00000 
-100.00000 -100.00000 
-0.62539 -0.01140 
 0.00000  0.00000 
-100.00000 -100.00000 
 1.16576 -0.58765 
-0.33615 -100.00000 
-100.00000 -100.00000 
-100.00000 -100.00000 
-0.00823 -100.00000 
-100.00000 -100.00000 
-100.00000 -100.00000 
 0.00000  0.00000 
-100.00000 -100.00000 
 0.00039 -0.60879 
 0.46288  0.31335 
-100.00000 -100.00000 
-100.00000 -100.00000 
-1.17877 -100.00000 
-0.15781 -0.28263 
-100.00000 -100.00000 
-0.45573 -0.86229 
-100.00000 -100.00000 
-100.00000 -100.00000 
 0.00010 -100.00000 
-100.00000 -100.00000 
-100.00000 -100.00000 
 0.22899  0.20817 
-100.00000 -100.00000 
-0.66356  0.42202 
-0.46334  0.10648 
-100.00000 -100.00000 
-100.00000 -100.00000 
-100.00000 -100.00000 
-100.00000 -100.00000 
-100.00000  0.13749 
-100.00000 -100.00000 
-100.00000 -100.00000 
 0.00000  0.00000 
-0.27176 -0.01172 
-100.00000 -100.00000 
 0.10716 -0.11738 
-0.65996 -0.25426 
-100.00000 -100.00000 
 0.00000  0.00000 
-100.00000 -100.00000 
 0.05842 -100.00000 
-100.00000 -0.07524 
-100.00000 -100.00000 
-0.25914 -0.30400 
-100.00000 -100.00000 
-0.00082  0.00040 
-100.00000 -100.00000 
-100.00000 -100.00000 
-0.11878 -0.62554 
-100.00000 -100.00000 
 0.04161 -0.13595 
 0.05443  0.17633 
-100.00000 -100.00000 
-100.00000 -100.00000 
-100.00000 -100.00000 
 0.33861 -0.07971 
-100.00000 -100.00000 
 0.37953 -100.00000 
-100.00000 -100.00000 
-100.00000 -100.00000 
-100.00000 -100.00000 
-100.00000 -100.00000 
-0.38194  0.20641 
-100.00000 -100.00000 
-0.12423  0.36074 
-100.00000 -0.22516 
-100.00000 -100.00000 
-100.00000 -100.00000 
-100.00000 -100.00000 
-0.18131 -0.27093 
 0.07793 -0.27622 
-100.00000 -100.00000 
 0.00000  0.00000 
-1.13366 -0.53164 
 0.17695 -0.44944 
-0.15774 -0.22581 
-0.00035 -100.00000 
-0.13871  0.03617 
-100.00000 -100.00000 
-100.00000 -100.00000 
-100.00000 -100.00000 
-100.00000 -100.00000 
-100.00000 -100.00000 
 0.10791 -100.00000 
-100.00000 -100.00000 
 0.81364 -100.00000 
-100.00000 -100.00000 
 0.66058  0.35135 
-100.00000 -100.00000 
-0.05776  0.07152 
-100.00000 -100.00000 
-100.00000 -100.00000 
-100.00000 -100.00000 
-0.27686  0.05775 
-0.00067 -0.28242 
 0.00000  0.00000 
-0.57103 -0.34100 
-100.00000 -100.00000 
-100.00000  0.29319 
-100.00000 -100.00000 
-100.00000 -100.00000 
-100.00000 -0.06799 
-0.62297 -0.33016 
-100.00000 -100.00000 
 0.18530  0.52615 
-100.00000 -100.00000 
 0.87771 -0.54483 
-0.78323 -0.09486 
 0.76539  0.76613 
-0.14543  0.04367 
 0.39864 -0.24571 
-100.00000 -100.00000 
-100.00000 -100.00000 
 0.61268 -0.57664 
-100.00000 -100.00000 
-100.00000 -100.00000 
 0.23668  0.20325 
 0.25498  0.09772 
-100.00000 -100.00000 
-100.00000 -100.00000 
-100.00000 -100.00000 
-100.00000 -100.00000 
-100.00000 -100.00000 
-100.00000 -100.00000 
-100.00000 -0.00035 
 0.00000  0.00000 
-100.00000 -100.00000 
-0.99777 -0.20482 
-100.00000 -0.00146 
-0.27356  0.53657 
-100.00000 -100.00000 
 0.00000  0.00000 
-0.65173  0.28225 
-0.00070 -100.00000 
-100.00000 -0.00058 
-100.00000 -100.00000 
-0.20787 -0.39549 
-0.36303 -0.26533 
-100.00000 -100.00000 
-100.00000 -100.00000 
-100.00000 -100.00000 
-100.00000 -100.00000 
-100.00000 -100.00000 
-100.00000 -100.00000 
-100.00000 -100.00000 
-100.00000 -0.00028 
-100.00000 -100.00000 
 0.03769 -0.38327 
-0.33428 -0.49740 
 0.00000  0.00000 
-100.00000 -100.00000 
-100.00000 -100.00000 
-0.13206 -0.38311 
-100.00000 -100.00000 
-100.00000 -100.00000 
-100.00000 -100.00000 
-100.00000 -100.00000 
-100.00000  0.00005 
-0.00013 -100.00000 
-100.00000 -100.00000 
-100.00000 -100.00000 
 0.45126 -0.12158 
-100.00000 -100.00000 
 0.13764 -100.00000 
 0.00000  0.00000 
-100.00000 -100.00000 
-100.00000 -100.00000 
-100.00000 -100.00000 
-100.00000 -100.00000 
-100.00000 -100.00000 
 0.37499  0.26558 
-100.00000 -100.00000 
-0.14531 -100.00000 
-0.00010 -100.00000 
 0.44604  0.19452 
 0.12091 -0.26329 
 0.06743  0.18364 
-0.14526 -100.00000 
-100.00000 -100.00000 
-100.00000 -100.00000 
-0.00073 -0.29791 
-0.18779  0.17019 
-0.00629 -100.00000 
-100.00000  0.00022 
-0.04766  0.10886 
 0.17869 -0.80478 
-0.29658  0.25318 
-0.16972  0.46024 
-100.00000 -100.00000 
-100.00000 -100.00000 
 0.10137 -0.20999 
-0.30095 -0.70906 
-100.00000 -100.00000 
-100.00000 -0.16151 
-0.18964  0.06153 
 0.00000  0.00000 
 0.38730 -1.31979 
-0.16188 -100.00000 
-100.00000 -100.00000 
-100.00000 -100.00000 
-0.16172 -100.00000 
-100.00000 -100.00000 
-0.30599 -100.00000 
-0.06743  0.08232 
 0.00000  0.00000 
-100.00000 -100.00000 
 0.51632  0.24475 
-100.00000 -100.00000 
-100.00000 -100.00000 
 0.40841  0.23771 
 0.00000  0.00000 
-100.00000 -100.00000 
-0.30678 -100.00000 
-100.00000 -100.00000 
-100.00000 -100.00000 
-100.00000 -100.00000 
-100.00000 -100.00000 
 0.00000  0.00000 
-100.00000 -100.00000 
-100.00000 -100.00000 
-100.00000 -100.00000 
-100.00000 -100.00000 
-100.00000 -100.00000 
 1.05998  0.11355 
-100.00000 -100.00000 
-100.00000 -0.00003 
-100.00000 -100.00000 
-100.00000 -100.00000 
-100.00000 -100.00000 
-100.00000 -100.00000 
-100.00000 -100.00000 
-0.19541  0.72478 
 0.26305 -100.00000 
-100.00000 -100.00000 
-100.00000 -100.00000 
 0.00000  0.00000 
-0.35470 -0.22684 
-100.00000 -100.00000 
 0.13741 -100.00000 
-100.00000 -100.00000 
-100.00000 -100.00000 
-100.00000 -100.00000 
 0.12335  0.40396 
-100.00000 -100.00000 
-100.00000 -100.00000 
 0.00006 -100.00000 
-100.00000 -100.00000 
-100.00000 -0.12518 
-100.00000 -100.00000 
-0.67117 -100.00000 
-100.00000 -100.00000 
-100.00000 -100.00000 
-100.00000 -100.00000 
-100.00000 -100.00000 
-100.00000 -100.00000 
 0.58880 -0.23914 
-100.00000 -100.00000 
-100.00000 -100.00000 
-100.00000 -100.00000 
-100.00000 -100.00000 
-100.00000 -100.00000 
-100.00000 -100.00000 
-100.00000 -100.00000 
-100.00000 -100.00000 
-100.00000 -100.00000 
-0.17660  0.13764 
-0.55983 -100.00000 
-100.00000 -0.24073 
-100.00000  0.00007 
-100.00000 -100.00000 
-0.28988 -0.05467 
-100.00000 -100.00000 
 0.36527  0.22541 
-100.00000 -100.00000 
-100.00000 -100.00000 
 0.00006  0.26249 
-100.00000 -100.00000 
-100.00000 -100.00000 
-0.00001  0.13765 
-100.00000 -0.18392 
-100.00000 -100.00000 
-100.00000 -100.00000 
-0.14474  0.13756 
-0.00034 -100.00000 
-0.00972 -0.18344 
-100.00000 -100.00000 
-100.00000 -100.00000 
-100.00000 -100.00000 
-100.00000 -100.00000 
-100.00000 -100.00000 
-100.00000 -100.00000 
-100.00000 -100.00000 
-100.00000 -100.00000 
-100.00000 -100.00000 
 0.22427  0.09883 
-100.00000 -100.00000 
-100.00000 -100.00000 
-100.00000 -100.00000 
-100.00000 -100.00000 
-100.00000 -100.00000 
-100.00000 -100.00000 
-0.13973  0.16781 
-100.00000  0.30150 
-100.00000 -100.00000 
 0.23071 -0.04687 
-0.14001 -100.00000 
 0.00003 -100.00000 
-100.00000 -100.00000 
-100.00000 -100.00000 
-100.00000 -100.00000 
-100.00000 -100.00000 
-100.00000 -100.00000 
-0.64531 -100.00000 
-100.00000 -100.00000 
-100.00000 -100.00000 
-100.00000 -100.00000 
-100.00000 -100.00000 
-100.00000 -100.00000 
-100.00000 -100.00000 
-100.00000 -100.00000 
-100.00000 -100.00000 
-100.00000 -100.00000 
-100.00000 -100.00000 
-100.00000 -100.00000 
-100.00000 -100.00000 
-100.00000 -100.00000 
-100.00000 -100.00000 
-100.00000 -100.00000 
-100.00000 -100.00000 
-0.26880 -0.11505 
-100.00000 -100.00000 
-100.00000 -100.00000 
-100.00000 -100.00000 
-100.00000  0.13751 
-100.00000 -100.00000 
 0.00003 -100.00000 
-100.00000 -100.00000 
-100.00000 -100.00000 
-100.00000 -100.00000 
-100.00000 -100.00000 
-100.00000 -100.00000 
 0.17966  0.04473 
-0.00890  0.48100 
-100.00000 -100.00000 
-100.00000 -100.00000 
-100.00000 -100.00000 
-100.00000 -100.00000 
-100.00000  0.00003 
-100.00000 -100.00000 
-100.00000 -100.00000 
-100.00000 -100.00000 
-0.02628 -0.09482 
-100.00000 -100.00000 
-100.00000 -100.00000 
-100.00000 -100.00000 
-100.00000 -100.00000 
-100.00000 -100.00000 
-100.00000 -100.00000 
-0.43400 -0.07077 
-100.00000 -100.00000 
-100.00000 -100.00000 
-100.00000 -100.00000 
-100.00000 -100.00000 
-100.00000 -100.00000 
-100.00000 -100.00000 
 0.67875 -0.28485 
-100.00000 -100.00000 
-100.00000 -100.00000 
-100.00000 -100.00000 
-100.00000 -100.00000 
 0.13782 -100.00000 
-100.00000 -100.00000 
-0.40436 -100.00000 
-100.00000 -100.00000 
-0.16499 -100.00000 
-100.00000 -100.00000 
-100.00000 -100.00000 
-100.00000 -100.00000 
-0.17524 -100.00000 
-100.00000 -100.00000 
-100.00000 -100.00000 
-100.00000 -100.00000 
-0.16490 -0.21089 
-0.05043 -0.00008 
-100.00000 -100.00000 
 0.17270 -100.00000 
-100.00000 -100.00000 
-0.41901 -0.10911 
-100.00000 -100.00000 
-100.00000 -100.00000 
-100.00000 -100.00000 
-100.00000 -100.00000 
-100.00000 -100.00000 
-100.00000 -100.00000 
-0.00319 -100.00000 
-100.00000 -100.00000 
-100.00000 -100.00000 
-100.00000 -100.00000 
 0.10975  0.36705 
-100.00000 -100.00000 
 0.00000  0.00000 
-100.00000 -100.00000 
-100.00000 -100.00000 
-0.05052 -0.01673 
 0.55250 -0.29582 
-100.00000  0.13714 
-0.21290 -0.18912 
-100.00000 -100.00000 
-100.00000 -100.00000 
-100.00000 -100.00000 
-100.00000 -100.00000 
-100.00000 -100.00000 
-0.87656 -100.00000 
-100.00000 -100.00000 
-0.31269 -100.00000 
 0.06679 -0.56559 
-100.00000 -100.00000 
-0.44665 -0.21095 
-0.74536 -100.00000 
-100.00000 -100.00000 
-0.36586  0.10361 
-0.05075 -100.00000 
-100.00000 -100.00000 
-0.26793 -100.00000 
-100.00000 -100.00000 
 0.11079 -0.30457 
-100.00000 -100.00000 
 0.71484  0.26813 
-100.00000 -100.00000 
-100.00000 -100.00000 
-100.00000 -100.00000 
-0.07122 -0.34692 
-0.16012  0.15781 
-100.00000 -100.00000 
-100.00000 -100.00000 
-100.00000 -100.00000 
-0.03201  0.69067 
 0.33961 -0.17945 
 0.10957 -0.21067 
 0.12870 -0.10100 
-100.00000 -100.00000 
-100.00000 -100.00000 
-0.72657 -0.61084 
 0.06964  0.16877 
-100.00000 -100.00000 
-0.16451  0.00010 
-100.00000 -100.00000 
-100.00000 -100.00000 
-100.00000 -100.00000 
-100.00000 -100.00000 
-100.00000 -100.00000 
-100.00000 -100.00000 
-1.00831 -0.80969 
-100.00000 -100.00000 
-100.00000 -100.00000 
-0.46713  0.44660 
-100.00000 -100.00000 
-0.18399 -0.25762 
-100.00000 -100.00000 
-100.00000 -100.00000 
-100.00000 -100.00000 
-100.00000 -100.00000 
-100.00000 -100.00000 
