-100.00000 -100.00000 
-0.05905 -100.00000 
 1.58757 -0.68930 
-0.31194 -100.00000 
-0.44898  0.13651 
-0.00009 -0.12615 
 1.08727 -100.00000 
-100.00000 -100.00000 
-0.05121 -0.34979 
 0.00000  0.00000 
 0.64223 -100.00000 
-0.02812  0.13688 
-100.00000  0.43543 
-100.00000 -100.00000 
-100.00000 -100.00000 
-0.20032  0.05172 
-100.00000 -100.00000 
-0.02796  0.04232 
-100.00000 -100.00000 
-100.00000 -100.00000 
-0.46429 -0.17054 
-100.00000 -100.00000 
-100.00000 -100.00000 
 0.00000  0.00000 
-0.30149 -0.41922 
-100.00000 -100.00000 
 0.58497  0.13756 
-0.31323  0.02158 
-100.00000 -100.00000 
-100.00000 -100.00000 
 0.03954  0.13747 
-100.00000 -100.00000 
-100.00000 -100.00000 
-0.18542 -0.40506 
-100.00000 -100.00000 
-100.00000 -100.00000 
-0.41123 -0.03474 
-100.00000 -100.00000 
-100.00000 -100.00000 
-100.00000 -100.00000 
-100.00000 -100.00000 
-100.00000 -100.00000 
-100.00000 -100.00000 
-100.00000 -100.00000 
 0.37056  0.34487 
 0.00235 -0.27546 
-0.17085  0.14410 
-100.00000 -100.00000 
-100.00000 -100.00000 
-100.00000 -100.00000 
-100.00000 -100.00000 
-0.16684 -0.05192 
-0.91761 -100.00000 
 0.08436 -100.00000 
-100.00000 -100.00000 
-0.00003 -100.00000 
 0.27565 -0.23849 
-100.00000  0.14556 
 0.53328  0.21741 
-1.09593  0.08445 
-100.00000 -100.00000 
-0.52641  0.58512 
-100.00000 -100.00000 
-100.00000 -100.00000 
-0.04638 -0.00021 
-100.00000 -100.00000 
-100.00000 -100.00000 
-0.68774 -100.00000 
-0.00001 -100.00000 
-100.00000 -100.00000 
-0.16557 -100.00000 
 0.05065  0.25349 
-100.00000 -100.00000 
-100.00000 -100.00000 
-100.00000  0.00008 
-100.00000 -100.00000 
-100.00000 -100.00000 
-100.00000 -100.00000 
-0.16544 -100.00000 
-100.00000 -100.00000 
-100.00000 -100.00000 
-100.00000 -100.00000 
 0.06415 -0.31187 
-0.03506  0.08534 
 0.39942 -0.07098 
 1.15034  0.05442 
-100.00000 -100.00000 
-0.57190  0.48549 
 0.81346 -0.06546 
-0.98109 -0.25279 
-0.16581 -100.00000 
-0.68771 -100.00000 
-100.00000 -100.00000 
 0.17146  0.02929 
 0.00000  0.00000 
-100.00000 -100.00000 
-100.00000 -100.00000 
-100.00000 -100.00000 
 0.34083 -100.00000 
 0.26305 -0.08824 
-100.00000 -0.22474 
-0.17047 -100.00000 
-100.00000 -100.00000 
-0.75804  0.06841 
-100.00000 -100.00000 
-0.00024 -100.00000 
 0.40480  0.53631 
 0.00000  0.00000 
-100.00000 -100.00000 
-100.00000 -100.00000 
 0.37735  0.16408 
-100.00000 -100.00000 
 0.00045  0.80393 
-0.05069 -0.00664 
 0.00000  0.00000 
-100.00000 -100.00000 
-100.00000 -100.00000 
-100.00000 -100.00000 
-0.84681 -0.11714 
-100.00000 -100.00000 
-100.00000 -100.00000 
-100.00000 -100.00000 
-0.15796 -100.00000 
-0.00030 -0.50793 
-100.00000 -100.00000 
-100.00000  0.05509 
-100.00000 -0.28344 
-100.00000  0.00008 
-100.00000 -100.00000 
-100.00000 -100.00000 
 0.28523 -0.45387 
-100.00000 -100.00000 
-100.00000 -100.00000 
-100.00000 -100.00000 
-100.00000 -100.00000 
-0.85194 -0.27772 
-100.00000 -100.00000 
-2.36058 -0.07409 
-0.15704 -100.00000 
-100.00000 -100.00000 
-100.00000 -100.00000 
-0.15745  0.35999 
-0.12604 -0.25236 
-100.00000 -100.00000 
 0.43789  0.18648 
-1.21134 -0.30400 
-100.00000 -100.00000 
-100.00000 -100.00000 
-100.00000 -100.00000 
-100.00000 -100.00000 
-100.00000 -100.00000 
 0.43956  0.22126 
-1.30159 -0.39606 
 0.22317  0.05924 
-100.00000 -0.48421 
-100.00000 -100.00000 
-100.00000 -0.69784 
-100.00000 -100.00000 
-100.00000 -100.00000 
 0.00003 -100.00000 
 0.00000  0.00000 
-100.00000 -100.00000 
 0.13745 -100.00000 
-100.00000 -100.00000 
-100.00000 -100.00000 
-100.00000 -100.00000 
-100.00000 -100.00000 
-100.00000  0.13747 
-100.00000 -100.00000 
-0.65793  0.17081 
-0.16489 -100.00000 
-0.03734 -0.18888 
 0.07793 -0.23092 
 0.00000  0.00000 
-0.99039  0.06566 
-0.01469  0.19986 
-0.15797 -100.00000 
-100.00000  0.09153 
-0.71924 -0.50926 
 0.78156 -0.08797 
 0.00000  0.00000 
-100.00000  0.77439 
-100.00000  0.26316 
-100.00000  0.35179 
-100.00000 -100.00000 
-100.00000 -0.00013 
-100.00000 -100.00000 
-100.00000 -0.08830 
-100.00000 -100.00000 
-100.00000 -100.00000 
-100.00000 -100.00000 
-100.00000 -100.00000 
 0.00000 -0.03340 
-100.00000 -100.00000 
-100.00000 -100.00000 
 0.92346 -0.03339 
-0.86203 -0.10436 
-100.00000 -100.00000 
-1.25769  0.22029 
-100.00000 -100.00000 
-0.13530 -100.00000 
-0.34990  0.27207 
-100.00000 -100.00000 
-100.00000 -100.00000 
 0.30193 -100.00000 
 0.10059 -100.00000 
 0.00001 -100.00000 
 0.00000  0.00000 
-0.31494 -100.00000 
-0.66573 -0.03611 
-100.00000 -100.00000 
 0.33759  0.73423 
-0.23611 -0.20575 
 0.00000  0.00000 
-100.00000 -100.00000 
 0.63725  0.59644 
-100.00000 -100.00000 
-0.50958 -0.00036 
-100.00000 -0.31016 
-0.90613 -0.10656 
-0.26049 -0.12142 
 0.00000  0.00000 
-0.07349  0.16404 
-100.00000 -100.00000 
-100.00000 -100.00000 
-0.40015 -0.61591 
-0.45657 -0.32984 
-100.00000 -100.00000 
-0.13867  0.17686 
-1.30768 -0.29720 
-0.34813 -0.61652 
 0.62510 -1.19615 
-100.00000 -100.00000 
 0.06789 -100.00000 
-0.50102 -100.00000 
-0.70183 -100.00000 
-0.51995 -0.67334 
-0.74499 -0.23913 
-100.00000 -100.00000 
-0.46738  0.49944 
-100.00000 -100.00000 
-100.00000 -100.00000 
-100.00000 -100.00000 
-0.30002  0.02931 
 0.00000  0.00000 
 0.00000  0.00000 
 0.13768 -100.00000 
-100.00000 -0.00028 
-100.00000 -100.00000 
-100.00000 -100.00000 
-1.04446  0.17464 
-100.00000 -100.00000 
-0.00615 -100.00000 
-0.89299 -0.23284 
-2.08637  0.27645 
-100.00000 -100.00000 
 0.67540 -0.18222 
 0.00004  0.27237 
-100.00000 -100.00000 
-100.00000 -100.00000 
-100.00000 -100.00000 
-100.00000 -100.00000 
-0.00007 -0.00001 
-0.50956 -0.29809 
-100.00000 -100.00000 
-100.00000 -100.00000 
-100.00000 -100.00000 
-100.00000 -100.00000 
 0.00000  0.00000 
-100.00000 -100.00000 
-0.68414 -0.65437 
-0.27756 -100.00000 
-100.00000 -100.00000 
-0.39805  0.17265 
-0.82834 -0.10641 
-0.14534 -100.00000 
 0.65109 -0.24104 
-0.55474  0.38235 
-0.58201 -0.06632 
-100.00000 -100.00000 
-0.00006 -0.20545 
-100.00000 -100.00000 
-0.00073 -0.49355 
-100.00000 -100.00000 
-0.00629 -100.00000 
-100.00000 -0.30865 
-0.29253 -100.00000 
-0.73510 -0.77373 
 0.12861  0.26455 
-100.00000 -100.00000 
 0.52902 -0.12823 
-0.27933 -0.78769 
-100.00000 -100.00000 
 0.22568 -100.00000 
-0.04194  0.26396 
-100.00000 -100.00000 
-100.00000 -100.00000 
-100.00000 -100.00000 
-0.30013 -0.08343 
-100.00000 -100.00000 
-100.00000 -100.00000 
-100.00000 -100.00000 
-0.66762 -0.48185 
-100.00000 -100.00000 
-0.16849 -100.00000 
-0.30703 -100.00000 
-100.00000 -100.00000 
-0.63767 -0.78725 
-100.00000 -100.00000 
 0.13747 -100.00000 
-100.00000 -100.00000 
-0.26186  0.20792 
-100.00000 -100.00000 
-0.47001 -0.55277 
 0.46606 -0.17323 
-100.00000 -100.00000 
-100.00000 -100.00000 
-100.00000 -100.00000 
 0.05411 -0.12322 
-100.00000 -100.00000 
-100.00000 -100.00000 
 0.00000  0.00000 
-100.00000 -100.00000 
-100.00000 -100.00000 
-100.00000 -100.00000 
-100.00000 -100.00000 
-100.00000 -100.00000 
-100.00000 -100.00000 
-100.00000 -100.00000 
-100.00000 -100.00000 
-100.00000 -100.00000 
-100.00000 -100.00000 
-100.00000 -100.00000 
-100.00000 -100.00000 
-100.00000 -100.00000 
-100.00000 -100.00000 
-100.00000 -100.00000 
-100.00000 -100.00000 
-0.28041 -100.00000 
-100.00000 -100.00000 
-100.00000 -100.00000 
 0.00000  0.00000 
-100.00000 -100.00000 
-100.00000 -100.00000 
-100.00000  0.00014 
-0.16632 -100.00000 
-100.00000  0.00017 
-100.00000 -100.00000 
-100.00000 -100.00000 
-100.00000 -100.00000 
-100.00000 -100.00000 
-0.00002 -0.12519 
-100.00000 -100.00000 
-100.00000 -100.00000 
-100.00000 -100.00000 
-100.00000 -100.00000 
-100.00000 -100.00000 
-0.89777 -100.00000 
-100.00000 -100.00000 
-100.00000 -100.00000 
 0.26276  0.00026 
-100.00000  0.13845 
-100.00000 -100.00000 
-100.00000 -100.00000 
 0.00000  0.00000 
-100.00000 -100.00000 
 0.00000  0.00000 
-0.26386 -0.20523 
-0.00267 -0.12442 
-100.00000 -100.00000 
-0.16182 -100.00000 
-100.00000 -100.00000 
-0.16150 -100.00000 
-100.00000 -100.00000 
-0.00021 -100.00000 
-100.00000 -100.00000 
 0.00000  0.00000 
-100.00000 -100.00000 
-100.00000 -100.00000 
 0.26303  0.26308 
 0.36415 -0.09465 
-0.40512 -100.00000 
-100.00000 -100.00000 
-100.00000 -100.00000 
-100.00000 -100.00000 
-0.13827 -100.00000 
-100.00000 -100.00000 
 0.11552 -100.00000 
-0.52074 -100.00000 
-100.00000 -100.00000 
-100.00000 -100.00000 
-0.47225 -0.24868 
-0.28147 -100.00000 
-100.00000 -100.00000 
-100.00000 -100.00000 
-0.40572 -100.00000 
-0.57233 -0.08442 
-100.00000 -100.00000 
-100.00000 -100.00000 
-0.00007 -100.00000 
-100.00000 -100.00000 
-100.00000  0.26301 
 0.48135 -100.00000 
-100.00000 -100.00000 
-100.00000 -100.00000 
-0.89910  0.21763 
-100.00000 -100.00000 
 0.30241 -100.00000 
-100.00000 -100.00000 
-0.72484  0.06549 
-100.00000 -100.00000 
-0.97906 -0.42260 
-0.34143 -0.31002 
-100.00000 -100.00000 
-0.05146  0.04260 
-0.20744 -0.09493 
-100.00000 -100.00000 
-100.00000 -100.00000 
-100.00000 -100.00000 
-100.00000 -100.00000 
-100.00000 -100.00000 
 0.26298  0.13749 
-100.00000 -100.00000 
-100.00000  0.00007 
-100.00000 -100.00000 
-100.00000 -100.00000 
-100.00000 -100.00000 
-0.47170 -100.00000 
 0.10422 -0.00339 
-100.00000 -100.00000 
-100.00000  0.00006 
-100.00000 -100.00000 
 0.00615 -0.08490 
-100.00000 -100.00000 
-100.00000 -100.00000 
-100.00000 -100.00000 
 0.00000  0.00000 
-0.14609 -0.04443 
-100.00000 -100.00000 
-100.00000 -100.00000 
-0.00002 -100.00000 
-100.00000 -100.00000 
-100.00000 -100.00000 
-100.00000 -100.00000 
 0.00011 -100.00000 
-100.00000 -100.00000 
-100.00000 -0.18414 
-100.00000 -100.00000 
-100.00000 -100.00000 
-100.00000 -100.00000 
-100.00000 -100.00000 
-0.26640  0.30202 
 0.09696  0.03216 
 0.14274  0.25600 
-0.28249  0.30151 
-0.77784 -100.00000 
-100.00000 -100.00000 
-100.00000 -100.00000 
-100.00000 -100.00000 
-0.14822  0.04270 
-100.00000 -100.00000 
 0.00000  0.00000 
-100.00000 -100.00000 
-100.00000 -100.00000 
-100.00000 -100.00000 
-100.00000 -100.00000 
-100.00000 -100.00000 
-100.00000 -100.00000 
-100.00000 -100.00000 
-0.00058 -100.00000 
 0.12705 -0.09493 
-100.00000 -100.00000 
-100.00000 -100.00000 
 0.46917 -0.07682 
-100.00000 -100.00000 
-0.41016 -0.10973 
-0.00012  0.07237 
-100.00000 -100.00000 
-100.00000 -100.00000 
 0.27548  0.31450 
-0.30649 -0.16858 
-0.00024 -100.00000 
-1.82923  0.13754 
 0.00000  0.00000 
 0.06576  0.28682 
-100.00000 -100.00000 
 0.70497 -0.49264 
 0.26314  0.16740 
-100.00000  0.02804 
-100.00000  0.00016 
 0.65101  0.18511 
-100.00000 -100.00000 
-0.00049 -100.00000 
-100.00000 -100.00000 
-100.00000 -100.00000 
-100.00000 -100.00000 
-0.20105  0.02629 
-100.00000 -100.00000 
-1.02931 -0.27452 
 0.00000  0.00000 
-0.51795 -0.39286 
 0.00000  0.00000 
-0.31249 -100.00000 
 0.09347 -100.00000 
 0.00000  0.00000 
-100.00000 -100.00000 
 0.87443 -0.83855 
-100.00000 -0.21125 
-100.00000 -100.00000 
-0.19030 -100.00000 
-100.00000 -100.00000 
-0.45368  0.05226 
-0.30345 -100.00000 
-0.16514 -100.00000 
-0.00090 -0.00011 
-100.00000 -100.00000 
 0.19165  0.17075 
-0.30509 -100.00000 
 0.00013 -100.00000 
-0.00034 -100.00000 
-0.30485 -100.00000 
-100.00000 -0.00004 
-0.90943 -100.00000 
-100.00000 -100.00000 
-100.00000 -100.00000 
 0.21935 -100.00000 
 0.00000  0.00000 
 0.13747 -100.00000 
-0.15445 -100.00000 
-100.00000 -100.00000 
-100.00000 -100.00000 
-0.00040 -0.00007 
 0.00000  0.00000 
-100.00000 -100.00000 
-100.00000 -100.00000 
-100.00000 -100.00000 
-100.00000 -100.00000 
-100.00000 -100.00000 
-100.00000 -100.00000 
-100.00000 -100.00000 
-0.00030 -100.00000 
-100.00000 -100.00000 
 0.00002 -100.00000 
-100.00000 -100.00000 
 0.37830 -0.21130 
-100.00000 -100.00000 
-100.00000 -100.00000 
-100.00000 -100.00000 
-100.00000 -100.00000 
-100.00000 -100.00000 
-0.31224 -0.41968 
-0.00011 -100.00000 
-100.00000 -100.00000 
 0.04360  0.14153 
 0.25181 -0.14846 
-100.00000 -100.00000 
-100.00000 -100.00000 
-0.08441 -0.37093 
-100.00000 -100.00000 
-100.00000 -100.00000 
 0.14842  0.19080 
-100.00000  0.00006 
-100.00000 -100.00000 
 0.39208 -0.11038 
-100.00000 -100.00000 
