-100.00000 -100.00000 
 1.35845 -0.03371 
-0.68723 -100.00000 
-0.71240 -0.10365 
-100.00000 -0.51872 
-0.00009 -100.00000 
-0.71292 -100.00000 
-100.00000 -100.00000 
-100.00000 -100.00000 
-0.37040  0.00128 
 0.27477 -100.00000 
-1.09820 -0.18618 
-100.00000 -100.00000 
 0.13782 -100.00000 
-100.00000 -100.00000 
-100.00000 -100.00000 
-100.00000 -100.00000 
-100.00000 -100.00000 
-100.00000 -100.00000 
-100.00000 -100.00000 
 0.00000  0.00000 
-100.00000 -100.00000 
-0.33893 -0.05144 
-0.40341 -0.15569 
-100.00000  0.00008 
-100.00000 -100.00000 
-100.00000 -100.00000 
-100.00000 -100.00000 
-100.00000 -100.00000 
-100.00000 -100.00000 
-100.00000 -100.00000 
-100.00000 -100.00000 
-100.00000 -100.00000 
-100.00000 -100.00000 
-100.00000 -100.00000 
-100.00000 -100.00000 
-100.00000 -100.00000 
-100.00000 -100.00000 
-100.00000 -100.00000 
-100.00000 -100.00000 
-100.00000 -100.00000 
-100.00000 -100.00000 
-100.00000 -100.00000 
-100.00000 -100.00000 
-100.00000 -100.00000 
-0.16286 -0.12499 
-100.00000 -100.00000 
-100.00000 -100.00000 
-100.00000 -100.00000 
-100.00000 -100.00000 
-0.02914 -100.00000 
-100.00000 -100.00000 
-0.15195 -0.05591 
-0.29415 -100.00000 
-100.00000 -100.00000 
-100.00000 -100.00000 
 0.00006 -100.00000 
-100.00000 -100.00000 
 0.00000  0.00000 
-100.00000 -100.00000 
-100.00000 -100.00000 
-100.00000 -100.00000 
-100.00000 -100.00000 
-100.00000 -100.00000 
-100.00000 -100.00000 
-100.00000 -100.00000 
-100.00000 -100.00000 
-0.54770 -100.00000 
-100.00000 -100.00000 
-100.00000 -100.00000 
-100.00000 -100.00000 
 0.00000  0.00000 
-100.00000 -100.00000 
-100.00000 -100.00000 
-100.00000  0.00008 
-100.00000 -100.00000 
-0.17646 -0.24216 
-100.00000 -100.00000 
-100.00000 -100.00000 
-100.00000 -100.00000 
-100.00000 -100.00000 
-100.00000 -100.00000 
-100.00000 -100.00000 
 0.00000  0.00000 
-100.00000 -100.00000 
-100.00000 -100.00000 
-100.00000 -100.00000 
-100.00000 -100.00000 
-100.00000 -100.00000 
-100.00000 -100.00000 
-0.00018 -100.00000 
-100.00000 -100.00000 
 0.13743  0.13689 
-100.00000 -100.00000 
 0.62759  0.13272 
-100.00000 -100.00000 
-100.00000 -100.00000 
-100.00000 -100.00000 
-100.00000 -100.00000 
-100.00000 -100.00000 
-100.00000 -100.00000 
-100.00000 -100.00000 
-100.00000 -100.00000 
-100.00000 -100.00000 
-100.00000 -100.00000 
-100.00000 -100.00000 
 0.00000  0.00000 
 0.33290  0.31395 
-100.00000 -100.00000 
-100.00000 -100.00000 
 0.00039 -100.00000 
-100.00000 -100.00000 
 0.01773 -0.22526 
-100.00000 -100.00000 
-0.02436 -0.28277 
-100.00000 -100.00000 
-100.00000 -100.00000 
-100.00000 -100.00000 
-100.00000 -100.00000 
-100.00000 -100.00000 
-100.00000 -100.00000 
-100.00000 -100.00000 
 0.76804 -0.08856 
-100.00000 -100.00000 
-0.00037 -100.00000 
-100.00000 -100.00000 
-100.00000 -100.00000 
-100.00000 -100.00000 
-100.00000 -100.00000 
-100.00000 -100.00000 
-0.29973 -100.00000 
-100.00000 -100.00000 
-100.00000 -100.00000 
 0.10519  0.02025 
-100.00000 -100.00000 
 0.13741 -100.00000 
-100.00000 -100.00000 
-0.15835 -100.00000 
-0.16826 -100.00000 
 0.13007 -0.18872 
-100.00000 -100.00000 
-100.00000 -100.00000 
-100.00000 -100.00000 
-100.00000 -100.00000 
 0.11596  0.16371 
-100.00000 -100.00000 
-100.00000 -100.00000 
-100.00000 -100.00000 
-100.00000 -100.00000 
-100.00000 -100.00000 
-100.00000 -100.00000 
 0.00000  0.00000 
 0.10633 -100.00000 
 0.26184 -100.00000 
-100.00000 -100.00000 
-100.00000 -100.00000 
-100.00000 -100.00000 
-0.30009 -100.00000 
 0.13717  0.26265 
-100.00000  0.15448 
-0.18270  0.05189 
-100.00000 -100.00000 
-100.00000 -100.00000 
-100.00000 -100.00000 
-100.00000 -100.00000 
 0.32751  0.03757 
-100.00000 -100.00000 
-100.00000 -100.00000 
 0.03952 -100.00000 
-100.00000 -100.00000 
-100.00000 -100.00000 
-100.00000 -100.00000 
-100.00000 -100.00000 
-0.03143 -0.01624 
-100.00000 -0.00173 
-100.00000 -1.09600 
-0.42986 -100.00000 
 0.00019 -0.00029 
 0.10462 -100.00000 
-100.00000  0.00004 
 0.26704 -0.00056 
-0.15769 -100.00000 
-100.00000 -100.00000 
-100.00000 -100.00000 
-100.00000 -100.00000 
-100.00000 -100.00000 
-0.06028  0.00005 
-100.00000 -100.00000 
-100.00000 -100.00000 
-100.00000 -100.00000 
-100.00000 -100.00000 
-100.00000 -100.00000 
-0.33135  0.29853 
-100.00000  0.05862 
-100.00000 -100.00000 
-100.00000 -100.00000 
-0.39886 -0.06838 
-100.00000 -100.00000 
-100.00000 -100.00000 
-100.00000  0.13746 
-0.13996 -0.10612 
-100.00000 -100.00000 
-100.00000 -100.00000 
-100.00000 -100.00000 
-100.00000 -100.00000 
 0.37775 -0.20514 
-100.00000 -100.00000 
 0.15486 -0.16420 
-0.02829 -0.03489 
-100.00000 -100.00000 
-100.00000 -100.00000 
-100.00000 -100.00000 
-100.00000 -100.00000 
-0.22996 -0.00057 
-100.00000 -100.00000 
 0.23275 -0.29849 
-100.00000 -100.00000 
 0.15262 -100.00000 
-0.00764 -0.06794 
-0.82995 -100.00000 
-100.00000 -100.00000 
-0.52418 -0.57866 
-0.27871 -100.00000 
-0.00016 -100.00000 
-100.00000 -100.00000 
-0.00827 -100.00000 
-100.00000 -100.00000 
-100.00000 -100.00000 
-100.00000 -100.00000 
-0.47463 -100.00000 
-0.10801 -0.44211 
 1.12193 -0.23920 
-100.00000 -100.00000 
-100.00000 -0.06676 
-1.45105 -100.00000 
 0.11921 -0.16206 
 0.28884 -100.00000 
-100.00000 -100.00000 
-100.00000 -100.00000 
-100.00000 -100.00000 
-100.00000 -100.00000 
-100.00000 -100.00000 
-100.00000 -100.00000 
-100.00000 -100.00000 
 0.28427  0.08524 
-0.06022 -0.18205 
 0.13768 -0.10032 
-0.00013 -100.00000 
-100.00000 -100.00000 
-100.00000 -100.00000 
-0.61007 -100.00000 
-100.00000 -100.00000 
-0.14366 -100.00000 
-0.00064 -100.00000 
-0.14437 -100.00000 
-100.00000 -100.00000 
-0.01588 -100.00000 
-100.00000 -100.00000 
-100.00000 -100.00000 
-100.00000 -100.00000 
-100.00000 -100.00000 
-100.00000  0.05793 
-100.00000 -100.00000 
-100.00000 -100.00000 
-100.00000 -100.00000 
-100.00000 -100.00000 
-0.27706 -100.00000 
 0.07578  0.37919 
 0.96508 -0.12439 
-100.00000 -100.00000 
-0.00011 -100.00000 
-100.00000 -0.00039 
-0.14530 -100.00000 
-0.61324 -0.12264 
-100.00000 -100.00000 
-0.00010 -100.00000 
-0.74746 -0.10703 
-0.00034 -100.00000 
-100.00000 -100.00000 
-0.01937  0.29868 
-100.00000 -100.00000 
-100.00000 -100.00000 
-0.71027 -0.10361 
-100.00000 -100.00000 
-100.00000 -100.00000 
-100.00000  0.34480 
-100.00000 -100.00000 
-0.16181  0.00018 
-100.00000  0.07153 
-100.00000 -100.00000 
 0.00000  0.00000 
-100.00000 -100.00000 
-0.16167 -100.00000 
-100.00000 -100.00000 
 0.00000  0.00000 
-100.00000 -100.00000 
-100.00000 -0.00001 
-100.00000 -100.00000 
-0.69934 -0.20999 
-100.00000 -100.00000 
-100.00000 -100.00000 
-100.00000 -100.00000 
-100.00000 -100.00000 
-0.30692 -0.10291 
-100.00000 -100.00000 
-100.00000 -1.04508 
-100.00000 -100.00000 
-100.00000 -0.24060 
-100.00000 -100.00000 
-100.00000 -100.00000 
-100.00000 -100.00000 
-0.00017 -100.00000 
-100.00000 -100.00000 
-100.00000 -100.00000 
-0.30678 -0.72418 
-100.00000 -100.00000 
-100.00000 -100.00000 
-0.00076 -100.00000 
 0.00000  0.00000 
-100.00000 -100.00000 
-100.00000 -100.00000 
 0.02033  0.01269 
-100.00000 -100.00000 
-100.00000 -100.00000 
-0.30637 -100.00000 
-0.15673 -100.00000 
-100.00000 -100.00000 
-100.00000 -100.00000 
-100.00000 -100.00000 
-100.00000 -100.00000 
 0.13749  0.00005 
-100.00000 -100.00000 
-100.00000 -100.00000 
-100.00000 -100.00000 
-100.00000 -100.00000 
-100.00000 -100.00000 
 0.00026 -100.00000 
-100.00000 -100.00000 
-0.14711 -100.00000 
-100.00000 -100.00000 
-100.00000 -100.00000 
-0.32957  0.41325 
-100.00000 -100.00000 
-100.00000  0.36129 
-100.00000 -100.00000 
 0.00015 -0.00008 
-100.00000 -100.00000 
-100.00000 -100.00000 
-100.00000 -100.00000 
-100.00000 -100.00000 
-0.02214 -100.00000 
-100.00000 -0.00007 
-100.00000 -100.00000 
-100.00000 -100.00000 
-100.00000 -100.00000 
-100.00000 -100.00000 
-0.18180  0.13802 
-0.17602 -100.00000 
-100.00000 -100.00000 
-100.00000 -100.00000 
-100.00000 -100.00000 
-100.00000 -100.00000 
-100.00000 -100.00000 
-0.16953  0.02254 
 0.44971  0.02362 
-0.07433  0.03141 
 0.57277  0.37927 
-0.00021 -100.00000 
 1.96389  0.00002 
 0.00002 -0.09284 
-100.00000 -100.00000 
-100.00000 -100.00000 
-100.00000 -100.00000 
-100.00000 -100.00000 
-0.00021 -100.00000 
 0.00910  0.08273 
 0.48659  0.26965 
 0.00773 -0.12362 
-100.00000 -100.00000 
-100.00000 -100.00000 
-0.00001 -100.00000 
-100.00000 -100.00000 
-100.00000 -0.26774 
-100.00000 -100.00000 
-100.00000 -100.00000 
-0.14520 -100.00000 
-100.00000 -100.00000 
-100.00000 -100.00000 
-100.00000 -100.00000 
 0.29946 -0.09493 
-100.00000 -100.00000 
-100.00000 -100.00000 
-100.00000 -100.00000 
-100.00000 -100.00000 
-100.00000 -100.00000 
-100.00000 -100.00000 
-0.00002 -100.00000 
-100.00000 -100.00000 
-100.00000 -100.00000 
-100.00000 -100.00000 
-100.00000 -100.00000 
 0.00021 -100.00000 
-0.02691 -100.00000 
-0.00055  0.25554 
-0.01948 -0.13034 
-0.00015 -100.00000 
 0.00030 -100.00000 
-0.00030 -0.26787 
 0.00003  0.23708 
-100.00000 -100.00000 
-100.00000 -100.00000 
 0.00061 -0.09513 
-0.28194 -100.00000 
-100.00000 -100.00000 
-100.00000 -100.00000 
-0.58232 -100.00000 
-100.00000 -100.00000 
-100.00000 -100.00000 
-100.00000 -100.00000 
-100.00000 -100.00000 
-100.00000 -100.00000 
-100.00000 -100.00000 
-100.00000 -100.00000 
-100.00000 -100.00000 
-100.00000 -100.00000 
-100.00000 -100.00000 
-100.00000 -100.00000 
-100.00000 -100.00000 
-100.00000 -100.00000 
-100.00000 -100.00000 
-0.12310 -0.08706 
-100.00000 -100.00000 
-100.00000 -100.00000 
-100.00000 -100.00000 
-100.00000  0.26311 
-100.00000 -100.00000 
-0.58665  0.08140 
-100.00000 -100.00000 
-100.00000  0.13769 
-100.00000 -100.00000 
-100.00000 -100.00000 
-100.00000 -100.00000 
-100.00000 -100.00000 
-100.00000 -100.00000 
-100.00000 -100.00000 
-100.00000 -100.00000 
-100.00000 -100.00000 
-100.00000 -100.00000 
-100.00000 -100.00000 
-100.00000 -100.00000 
-100.00000 -100.00000 
-100.00000 -100.00000 
 0.26297 -100.00000 
-100.00000 -100.00000 
-100.00000 -100.00000 
-100.00000 -100.00000 
-100.00000 -100.00000 
-100.00000 -100.00000 
-100.00000 -100.00000 
-100.00000 -100.00000 
-100.00000 -100.00000 
 0.10534  0.48558 
-100.00000 -100.00000 
-100.00000 -100.00000 
-0.89872 -100.00000 
 0.00006 -0.00007 
-0.00963 -100.00000 
 0.00067 -100.00000 
-100.00000 -100.00000 
-0.28271 -100.00000 
-100.00000 -100.00000 
-100.00000 -100.00000 
-100.00000 -100.00000 
-100.00000  0.00453 
-100.00000 -100.00000 
-0.57070 -100.00000 
-100.00000 -100.00000 
-100.00000 -100.00000 
-0.00018 -100.00000 
 0.00000  0.00000 
 0.13736  0.15364 
-100.00000 -100.00000 
-0.00119 -0.10939 
 0.16694 -0.16790 
-100.00000 -100.00000 
-100.00000 -100.00000 
 0.00000  0.00000 
-100.00000 -100.00000 
-100.00000 -100.00000 
-100.00000 -100.00000 
 0.00000  0.00000 
-100.00000 -100.00000 
-0.16509 -100.00000 
-100.00000 -100.00000 
-100.00000 -100.00000 
-100.00000 -100.00000 
-100.00000 -100.00000 
-100.00000 -100.00000 
-0.00233 -0.30674 
 0.69717  0.12867 
 0.26309 -0.56684 
-0.72762  0.31137 
-100.00000 -100.00000 
-100.00000 -100.00000 
-0.51565 -0.41110 
-0.63570 -0.00001 
-0.31333 -100.00000 
-100.00000 -100.00000 
-0.16601 -0.00048 
-100.00000 -0.00007 
-0.44667  0.16778 
-0.08283 -100.00000 
-100.00000 -100.00000 
-0.16514 -100.00000 
-100.00000 -100.00000 
-100.00000 -100.00000 
-100.00000 -100.00000 
-100.00000 -100.00000 
-100.00000 -100.00000 
-100.00000 -100.00000 
-100.00000 -100.00000 
-100.00000 -100.00000 
-100.00000 -100.00000 
-100.00000 -100.00000 
-100.00000 -100.00000 
-100.00000 -100.00000 
-0.56907 -0.12524 
-100.00000 -100.00000 
-100.00000 -0.00003 
-100.00000 -100.00000 
-100.00000 -100.00000 
-100.00000 -100.00000 
-0.67467  0.08394 
-100.00000 -100.00000 
 0.71931 -100.00000 
-0.00021 -100.00000 
-0.31127 -100.00000 
-0.29596  0.28850 
-100.00000 -100.00000 
-100.00000 -100.00000 
-100.00000 -100.00000 
-0.00019 -0.04804 
-100.00000 -100.00000 
-100.00000 -100.00000 
-100.00000 -100.00000 
-100.00000 -100.00000 
-100.00000 -100.00000 
-100.00000  0.00010 
-100.00000 -100.00000 
 0.41111 -100.00000 
-100.00000 -100.00000 
-0.02730 -0.16842 
-100.00000 -100.00000 
 0.00000  0.00000 
-100.00000 -100.00000 
-100.00000 -100.00000 
-100.00000 -100.00000 
-100.00000 -100.00000 
-100.00000 -100.00000 
-100.00000 -100.00000 
 0.00000  0.00000 
-100.00000 -100.00000 
-100.00000 -100.00000 
 0.00000  0.00000 
-100.00000 -100.00000 
