 0.31308  0.21706 
-0.11631  0.13399 
-0.06926  0.34936 
-0.15969  0.13746 
 0.02128 -100.00000 
-100.00000  0.25236 
 0.00000  0.00000 
-100.00000  0.00011 
-0.57895  0.13421 
-100.00000 -0.12580 
 0.06467 -0.36278 
-0.58084  0.02846 
 0.00000  0.00000 
-0.24622 -0.35200 
-100.00000 -0.41397 
-100.00000 -100.00000 
 0.19333  0.40182 
-0.13260  0.13753 
-0.39389 -0.10395 
-0.91520 -0.62275 
-100.00000 -100.00000 
-0.41689  0.54648 
 0.31154  0.26312 
-100.00000 -0.10465 
-100.00000 -100.00000 
-0.68394 -0.19798 
-100.00000 -100.00000 
-100.00000 -100.00000 
-100.00000 -100.00000 
-100.00000  0.00000 
-0.11533 -100.00000 
-100.00000 -0.12565 
 0.00000  0.00000 
-100.00000 -100.00000 
-100.00000 -100.00000 
 0.11465  0.03618 
-0.36633 -100.00000 
-0.13273 -100.00000 
-100.00000 -100.00000 
-100.00000 -100.00000 
 0.00000  0.00000 
-0.18403  0.13966 
 0.00000  0.00000 
-100.00000 -100.00000 
-100.00000 -100.00000 
-100.00000 -0.00001 
 0.00000  0.00000 
-100.00000 -100.00000 
-100.00000 -100.00000 
 0.13760 -100.00000 
-0.06602 -100.00000 
-100.00000  0.01183 
 0.17143 -100.00000 
-100.00000 -100.00000 
-100.00000 -100.00000 
-0.31570 -0.23221 
-0.16599 -100.00000 
-100.00000 -100.00000 
 0.01126  0.14644 
 0.00002 -0.00026 
-0.15661 -0.38163 
-100.00000 -100.00000 
 0.12497  0.34371 
-0.28991 -0.06154 
 0.33505 -0.10236 
-100.00000 -100.00000 
 0.37867  0.13735 
 0.01760  0.13460 
-100.00000  0.13751 
-0.17292  0.49868 
 0.45224 -100.00000 
-100.00000 -100.00000 
-100.00000 -100.00000 
 0.41751  0.25197 
-0.00048 -0.85360 
-0.20717  0.02090 
-100.00000 -100.00000 
-0.15087 -100.00000 
-0.33265  0.02105 
-100.00000 -0.79174 
-100.00000 -100.00000 
-100.00000 -100.00000 
-100.00000 -0.40529 
-100.00000 -100.00000 
-100.00000 -0.31199 
-100.00000 -0.45054 
-100.00000 -0.12626 
 0.35252  0.00007 
 0.15860 -0.36432 
-0.28190 -0.01595 
 0.21819 -0.05736 
 0.30369 -100.00000 
-100.00000 -100.00000 
-100.00000 -100.00000 
-100.00000 -100.00000 
 0.41679  0.49081 
 0.00000  0.00000 
-100.00000 -0.11721 
-0.00040 -0.40832 
-1.00490 -100.00000 
 0.01897 -100.00000 
-100.00000 -100.00000 
 0.53684 -0.02341 
-0.66563 -0.55473 
 0.03358 -0.45498 
-0.17192  0.18231 
-100.00000 -100.00000 
-100.00000 -100.00000 
-100.00000 -100.00000 
 0.03349 -0.11731 
 0.14375 -0.11730 
 0.49274 -0.11962 
 0.13692 -0.08421 
-100.00000 -100.00000 
-0.42537 -100.00000 
-0.31122  0.43957 
 0.01819 -100.00000 
-100.00000 -100.00000 
-100.00000  0.00003 
-100.00000 -0.24627 
-100.00000 -100.00000 
-0.16416  0.48543 
-0.56550 -0.65123 
-0.19342  0.05286 
 0.00000  0.00000 
-0.82643  0.37862 
-0.28976 -100.00000 
-1.32909  0.26001 
-100.00000 -0.22552 
-100.00000 -100.00000 
-0.37849 -0.37066 
-100.00000 -100.00000 
 0.67759  0.06016 
 0.01836 -100.00000 
-100.00000 -100.00000 
-1.49957 -0.53218 
-0.81762 -0.62084 
-0.23369 -0.90728 
-1.54633 -100.00000 
-100.00000 -100.00000 
-0.73054  0.02080 
-100.00000 -100.00000 
-100.00000 -100.00000 
-100.00000 -100.00000 
-0.03785 -0.13421 
-0.30339  0.30705 
-0.15707 -100.00000 
 0.00000  0.00000 
-100.00000 -100.00000 
 0.00000  0.00000 
-100.00000 -100.00000 
-100.00000 -100.00000 
-0.87869  0.62420 
 0.15969  0.71202 
 0.74804  0.41920 
 0.13723 -0.22509 
 0.75821  0.15872 
-100.00000 -100.00000 
-100.00000 -100.00000 
 0.13756  0.56174 
-100.00000 -100.00000 
-100.00000 -100.00000 
-100.00000 -100.00000 
-0.49270 -100.00000 
-0.17631 -100.00000 
-100.00000 -100.00000 
-0.39327 -0.74499 
-100.00000 -100.00000 
 0.25455  0.05736 
-1.34793 -100.00000 
-0.33914 -0.15624 
-0.09152  0.47812 
-0.50864  0.80091 
-100.00000 -100.00000 
-0.56434 -100.00000 
-0.59807 -0.40898 
-0.03085  0.09577 
-0.67274 -100.00000 
-0.22280 -0.15776 
 0.16435  0.75415 
-100.00000 -100.00000 
 0.00000  0.00000 
-100.00000 -100.00000 
 0.99977 -100.00000 
 0.09849 -100.00000 
-0.11915 -0.00013 
 0.05253  0.02047 
-0.07462 -0.37177 
 0.00000  0.00000 
-100.00000 -100.00000 
 0.00000  0.00000 
-0.42255  0.05760 
-100.00000 -100.00000 
 0.05968 -0.06691 
 0.00000  0.00000 
-100.00000 -100.00000 
 0.13699 -0.10685 
-100.00000 -100.00000 
 0.18869 -100.00000 
-100.00000 -100.00000 
 0.26324 -100.00000 
-0.05010 -0.24755 
 0.10193  0.09992 
-100.00000 -100.00000 
 0.26339  0.03093 
-100.00000 -0.17024 
 0.18930 -0.10615 
-100.00000 -100.00000 
-0.03390 -100.00000 
 0.11869 -0.57528 
-0.12000  0.13370 
-0.32811 -0.34376 
-0.25303 -0.49010 
-100.00000 -0.08901 
 0.00000  0.00000 
 0.03709  0.13724 
 0.00000  0.00000 
 1.20564 -0.38836 
-100.00000 -100.00000 
 0.11797 -100.00000 
-0.23050  0.00027 
 0.10251 -0.00012 
-100.00000 -100.00000 
 0.00009  0.59356 
-100.00000  0.67816 
-0.18414  0.01998 
-0.61376  0.12075 
 0.43728 -0.20052 
-0.47133  0.21443 
 0.20511  0.11198 
 0.15362 -0.18525 
-0.29449 -0.22487 
-100.00000 -100.00000 
-1.34738  0.64374 
 0.09543 -0.13335 
 0.00000  0.00000 
-100.00000 -100.00000 
 0.15833 -100.00000 
 0.13760 -100.00000 
-0.57385 -100.00000 
 0.04295 -100.00000 
-100.00000 -100.00000 
-0.08703  0.14285 
 0.00354  0.13738 
-100.00000 -100.00000 
-100.00000 -100.00000 
-100.00000 -100.00000 
 0.71280  0.03348 
-0.43758  0.28589 
-0.61090 -0.68589 
 0.24494 -0.08593 
-100.00000  0.13734 
-0.10499  0.38141 
-100.00000  0.13716 
-100.00000 -0.00026 
-0.11238 -0.38661 
-0.07395 -0.15148 
 0.52927 -0.20103 
 0.06334  0.06026 
 1.06678  0.09451 
-100.00000 -100.00000 
-100.00000 -0.20510 
-100.00000 -100.00000 
 0.13747 -0.00030 
-0.24465 -0.77478 
-0.04825 -0.82442 
-100.00000 -100.00000 
 0.58501 -0.61581 
-100.00000 -100.00000 
 0.32840 -0.04929 
-100.00000 -100.00000 
 0.14877  0.38487 
 0.42777 -0.17037 
 0.47301  0.17265 
-0.20427 -100.00000 
-0.12024  0.28014 
 0.50637  0.64444 
-0.25205 -0.37200 
-100.00000 -100.00000 
-100.00000 -0.16031 
-0.49238 -0.17853 
 0.23644  0.32422 
-0.28118  0.38155 
-100.00000 -100.00000 
-0.23922 -100.00000 
-0.16305  0.43060 
 0.43545 -0.12522 
 0.83891  0.19312 
 0.32779 -100.00000 
-100.00000 -0.44652 
-100.00000 -100.00000 
 0.26273 -100.00000 
 0.13760 -100.00000 
 0.68322  0.13906 
-100.00000 -100.00000 
-100.00000 -100.00000 
-100.00000 -100.00000 
-100.00000 -100.00000 
-0.40612 -0.12444 
-0.12647  0.48541 
 0.29072  0.46011 
 0.56532  0.03152 
 0.02804 -0.10312 
-100.00000 -100.00000 
 0.00012  0.42906 
 0.00016 -100.00000 
-100.00000 -100.00000 
 0.26305 -100.00000 
-100.00000 -100.00000 
-100.00000 -100.00000 
 0.56428 -0.03518 
-100.00000 -100.00000 
-100.00000 -100.00000 
 0.00000  0.00000 
 0.18365  0.13771 
-0.29909  0.06359 
 0.03531 -0.12531 
-0.12933 -0.14381 
-100.00000 -100.00000 
-100.00000 -100.00000 
-0.48819  0.37321 
-100.00000 -100.00000 
 0.00000  0.00000 
-100.00000 -100.00000 
-100.00000 -100.00000 
 0.13780 -0.43161 
 0.13740 -100.00000 
-0.00002 -0.23972 
-100.00000  0.00006 
 0.39848  0.09164 
 0.00000  0.00000 
-100.00000 -100.00000 
-0.23736  0.26315 
-0.10016 -0.23704 
-100.00000 -100.00000 
-100.00000 -100.00000 
 0.51355  0.42401 
-100.00000 -100.00000 
-0.23623 -100.00000 
 0.02299 -0.10382 
-100.00000 -100.00000 
-100.00000 -100.00000 
-100.00000 -100.00000 
-0.44405 -0.10103 
-0.56782 -0.26035 
 0.13698 -0.34327 
-100.00000 -100.00000 
 0.58243  0.30450 
 0.09008 -0.37784 
 0.31637 -1.24585 
 1.01336 -0.44284 
-100.00000 -0.00007 
-0.09598  0.28018 
-0.23561  0.04337 
 0.00003  0.01270 
 0.31578 -0.00011 
-100.00000 -100.00000 
-0.08705  0.47924 
 0.24314  0.13830 
 0.33875  0.43860 
 0.21660 -0.12036 
-100.00000 -100.00000 
-0.34974  0.03147 
-100.00000 -100.00000 
-100.00000 -100.00000 
-100.00000  0.33097 
-100.00000 -100.00000 
-100.00000 -100.00000 
-100.00000 -0.24055 
-0.38965 -0.80499 
-100.00000 -100.00000 
-0.10525  0.13730 
-100.00000 -100.00000 
-100.00000  0.13763 
 0.00002 -0.66908 
-100.00000 -0.48945 
-100.00000 -100.00000 
-0.17727 -0.40862 
-0.12238 -0.09383 
-0.34997  0.00004 
 0.11021 -0.16266 
-0.52702  0.06620 
-100.00000 -100.00000 
-100.00000 -100.00000 
-100.00000  0.00005 
 0.57724  0.07944 
 0.03867  0.61385 
-0.06302 -0.31991 
-0.19618 -100.00000 
 0.15837 -0.21898 
-0.30002 -0.06433 
-100.00000 -100.00000 
-100.00000 -100.00000 
-100.00000 -100.00000 
 0.00000  0.00000 
-100.00000 -100.00000 
-100.00000 -100.00000 
 0.00000  0.00000 
 0.03933 -0.17023 
-100.00000 -0.09521 
 0.41066  0.40149 
-0.57477  0.31116 
 0.00010 -100.00000 
 0.87396 -0.38026 
-100.00000 -0.13034 
 0.30933 -0.18284 
 0.28923 -100.00000 
-0.21812 -0.27588 
 0.00000  0.00000 
-0.65763 -100.00000 
-0.97366 -100.00000 
-0.42060 -0.12601 
-100.00000 -100.00000 
-100.00000 -100.00000 
-0.29498  0.27338 
-0.25948 -0.00479 
 0.00002 -0.00003 
-100.00000 -100.00000 
-100.00000 -100.00000 
 0.35262 -0.10735 
 0.13781 -100.00000 
-100.00000 -100.00000 
-100.00000  0.28365 
-100.00000 -100.00000 
-100.00000 -0.55873 
-100.00000 -100.00000 
 0.00000  0.00000 
-100.00000 -100.00000 
-100.00000 -0.09442 
 0.20243 -100.00000 
 0.35677  0.33802 
-100.00000 -100.00000 
-100.00000 -0.00002 
-0.26920  0.29611 
-100.00000 -100.00000 
-100.00000 -100.00000 
-100.00000 -100.00000 
-100.00000 -100.00000 
 0.35897  0.58487 
 0.37848 -100.00000 
-100.00000 -100.00000 
-0.44679 -100.00000 
 0.00000  0.00000 
-100.00000 -100.00000 
-100.00000  0.00019 
-0.05820 -100.00000 
-100.00000 -100.00000 
-100.00000 -100.00000 
-100.00000 -100.00000 
-100.00000 -100.00000 
-100.00000 -100.00000 
-100.00000  0.13763 
-100.00000 -0.18358 
-100.00000 -100.00000 
-100.00000  0.04268 
-0.06391 -0.24740 
-100.00000 -100.00000 
 0.00000  0.00000 
-100.00000 -100.00000 
-100.00000 -100.00000 
-100.00000 -100.00000 
-100.00000 -100.00000 
-0.10153  0.11061 
-100.00000 -100.00000 
 0.00000  0.00000 
-100.00000 -100.00000 
 0.47417  0.25586 
-0.52689  0.67937 
-0.14770  0.03139 
 0.03614  0.16807 
 0.38402 -100.00000 
-100.00000 -100.00000 
-0.31406  0.00874 
 0.13703 -0.15434 
-0.87536  0.04251 
 0.16399 -0.10650 
-100.00000 -0.07366 
-100.00000 -100.00000 
 0.20360  0.05219 
-100.00000 -100.00000 
-100.00000 -0.04305 
 0.38753  0.17885 
 0.28230 -0.10939 
-100.00000 -100.00000 
-100.00000 -100.00000 
 0.89870 -100.00000 
-100.00000 -100.00000 
-100.00000 -0.07360 
-100.00000 -100.00000 
-0.40255  0.28708 
-100.00000 -100.00000 
-0.25074  0.01199 
 0.28220 -0.07347 
-100.00000 -100.00000 
 0.00000  0.00000 
-100.00000 -100.00000 
-1.44159 -0.54302 
-0.24379 -0.25785 
-0.21223 -0.48758 
-100.00000 -100.00000 
-0.10493 -0.29482 
-0.19526 -100.00000 
 0.96150 -100.00000 
-100.00000 -0.25529 
-100.00000 -100.00000 
-0.25324  0.17956 
-0.04327 -0.44243 
-0.53989 -0.74845 
 0.27203 -0.04952 
-0.10533 -0.21101 
 0.17560 -0.04254 
 0.07172  0.05528 
-100.00000 -0.54609 
-0.29489 -100.00000 
-0.67938  0.07499 
-0.81573  0.13301 
 0.45541 -0.43151 
-0.12597  0.92558 
 0.00000  0.00000 
-0.16074  0.83164 
 0.20666  0.00835 
-100.00000 -0.09919 
-0.61042  0.05276 
 0.79294  0.04017 
-0.00256  0.01960 
 0.00000  0.00000 
-100.00000 -100.00000 
-100.00000 -0.00007 
 0.21807 -0.27520 
-100.00000 -100.00000 
-0.03638  0.47552 
 0.26190 -0.31302 
-100.00000 -100.00000 
-100.00000 -100.00000 
-100.00000 -100.00000 
 0.00000  0.00000 
 0.02469  0.18067 
 0.27400  0.26298 
-100.00000 -2.27723 
-0.11204  0.23448 
 0.00000  0.00000 
 0.03238 -0.13176 
-0.38718 -0.10920 
 0.00000  0.00000 
-100.00000 -100.00000 
-100.00000 -100.00000 
 0.10708 -0.30443 
-0.08876  0.58958 
-0.14007 -0.28536 
-0.29517  0.67904 
-0.11754  0.37278 
-100.00000 -100.00000 
 0.33706  0.35711 
-0.29487 -100.00000 
-100.00000  0.13165 
-0.66302 -0.51058 
-2.35545 -0.07333 
 0.26296 -0.00004 
-100.00000 -0.25775 
-0.35019 -0.07355 
-0.10513  0.06553 
-0.15752  0.26309 
-0.06217  0.11999 
-100.00000 -100.00000 
-0.36987  0.07533 
