-0.20017  0.21706 
-0.31140  0.13399 
 0.10775  0.34936 
 0.81898  0.13746 
 0.45129 -100.00000 
 0.17133  0.25236 
 0.00000  0.00000 
-0.64184  0.00011 
-0.04083  0.13421 
-1.23406 -0.12580 
-0.87186 -0.36278 
-0.42494  0.02846 
 0.00000  0.00000 
 0.76066 -0.35200 
 0.26297 -0.41397 
-100.00000 -100.00000 
 0.18403  0.40182 
-0.02796  0.13753 
-0.90877 -0.10395 
-0.78382 -0.62275 
-100.00000 -100.00000 
 0.22736  0.54648 
 0.26295  0.26312 
-100.00000 -0.10465 
-0.00011 -100.00000 
 0.07240 -0.19798 
-100.00000 -100.00000 
-100.00000 -100.00000 
-0.16540 -100.00000 
-100.00000  0.00000 
 0.00023 -100.00000 
-0.04973 -0.12565 
 0.00000  0.00000 
-100.00000 -100.00000 
-100.00000 -100.00000 
 0.31724  0.03618 
-0.16536 -100.00000 
-100.00000 -100.00000 
-100.00000 -100.00000 
-100.00000 -100.00000 
 0.00000  0.00000 
 0.54307  0.13966 
 0.00000  0.00000 
-100.00000 -100.00000 
-100.00000 -100.00000 
-100.00000 -0.00001 
 0.00000  0.00000 
-100.00000 -100.00000 
-100.00000 -100.00000 
-0.16134 -100.00000 
-0.06505 -100.00000 
 0.13764  0.01183 
-0.15202 -100.00000 
-100.00000 -100.00000 
-100.00000 -100.00000 
-0.29162 -0.23221 
-0.30472 -100.00000 
-100.00000 -100.00000 
 0.00015  0.14644 
-100.00000 -0.00026 
-0.58705 -0.38163 
-100.00000 -100.00000 
 0.13723  0.34371 
-0.42186 -0.06154 
-1.12151 -0.10236 
-100.00000 -100.00000 
-100.00000  0.13735 
-0.08210  0.13460 
-0.02731  0.13751 
-0.43377  0.49868 
-0.00022 -100.00000 
-100.00000 -100.00000 
-100.00000 -100.00000 
-0.98725  0.25197 
 0.28123 -0.85360 
 0.06451  0.02090 
-100.00000 -100.00000 
-0.78928 -100.00000 
-0.06995  0.02105 
 0.31995 -0.79174 
-100.00000 -100.00000 
-100.00000 -100.00000 
-0.02838 -0.40529 
-100.00000 -100.00000 
 0.21304 -0.31199 
 0.34150 -0.45054 
-0.31147 -0.12626 
 0.05805  0.00007 
-0.77970 -0.36432 
-0.21135 -0.01595 
 0.48329 -0.05736 
-0.52715 -100.00000 
-100.00000 -100.00000 
-100.00000 -100.00000 
-100.00000 -100.00000 
 0.29240  0.49081 
 0.00000  0.00000 
 0.21637 -0.11721 
-0.06387 -0.40832 
 0.15525 -100.00000 
-0.03524 -100.00000 
 0.25602 -100.00000 
-0.81852 -0.02341 
-0.16838 -0.55473 
-100.00000 -0.45498 
-0.32376  0.18231 
-100.00000 -100.00000 
-100.00000 -100.00000 
-100.00000 -100.00000 
-0.30061 -0.11731 
-0.09739 -0.11730 
-100.00000 -0.11962 
 1.45780 -0.08421 
-100.00000 -100.00000 
-0.96612 -100.00000 
 0.46544  0.43957 
 0.00002 -100.00000 
-100.00000 -100.00000 
-0.00019  0.00003 
-100.00000 -0.24627 
-100.00000 -100.00000 
-100.00000  0.48543 
 0.62560 -0.65123 
-0.00030  0.05286 
 0.00000  0.00000 
 0.22035  0.37862 
-100.00000 -100.00000 
-0.89168  0.26001 
-0.15787 -0.22552 
-100.00000 -100.00000 
-0.16223 -0.37066 
-0.15815 -100.00000 
 0.31996  0.06016 
 0.07843 -100.00000 
-100.00000 -100.00000 
 0.30744 -0.53218 
-0.62333 -0.62084 
-0.00064 -0.90728 
 0.33735 -100.00000 
-100.00000 -100.00000 
 0.22140  0.02080 
-100.00000 -100.00000 
-0.15704 -100.00000 
-100.00000 -100.00000 
 0.77893 -0.13421 
-0.28792  0.30705 
-0.00278 -100.00000 
 0.00000  0.00000 
-100.00000 -100.00000 
 0.00000  0.00000 
-100.00000 -100.00000 
-100.00000 -100.00000 
-0.81295  0.62420 
 0.01447  0.71202 
-0.82832  0.41920 
-0.00017 -0.22509 
-0.55509  0.15872 
-0.00105 -100.00000 
-100.00000 -100.00000 
-100.00000  0.56174 
-100.00000 -100.00000 
-100.00000 -100.00000 
-100.00000 -100.00000 
-0.43662 -100.00000 
 0.13744 -100.00000 
-100.00000 -100.00000 
-0.32567 -0.74499 
-100.00000 -100.00000 
-0.51776  0.05736 
-0.30073 -100.00000 
 0.31829 -0.15624 
 0.05485  0.47812 
 0.45929  0.80091 
-100.00000 -100.00000 
-0.45867 -100.00000 
-0.91734 -0.40898 
 0.13582  0.09577 
 0.26366 -100.00000 
-0.08460 -0.15776 
-0.24097  0.75415 
-100.00000 -100.00000 
 0.00000  0.00000 
-100.00000 -100.00000 
-0.02072 -100.00000 
-0.16267 -100.00000 
 0.22119 -0.00013 
 0.04629  0.02047 
-0.68190 -0.37177 
 0.00000  0.00000 
-100.00000 -100.00000 
 0.00000  0.00000 
-0.20114  0.05760 
-100.00000 -100.00000 
-0.27544 -0.06691 
 0.00000  0.00000 
-100.00000 -100.00000 
-100.00000 -0.10685 
-100.00000 -100.00000 
-0.00051 -100.00000 
-100.00000 -100.00000 
-100.00000 -100.00000 
-0.13957 -0.24755 
 0.34010  0.09992 
-100.00000 -100.00000 
 0.33805  0.03093 
-100.00000 -0.17024 
-0.14516 -0.10615 
-100.00000 -100.00000 
-0.12488 -100.00000 
 0.06704 -0.57528 
-100.00000  0.13370 
-1.38948 -0.34376 
-1.06349 -0.49010 
-1.58827 -0.08901 
 0.00000  0.00000 
 0.27164  0.13724 
 0.00000  0.00000 
-0.00635 -0.38836 
-100.00000 -100.00000 
-0.94653 -100.00000 
 0.23316  0.00027 
-0.23458 -0.00012 
-0.71166 -100.00000 
-0.57152  0.59356 
-0.14569  0.67816 
-0.76569  0.01998 
 0.85492  0.12075 
-1.08947 -0.20052 
 0.19469  0.21443 
-0.24622  0.11198 
-0.09659 -0.18525 
-0.47659 -0.22487 
-100.00000 -100.00000 
 1.11763  0.64374 
-1.79665 -0.13335 
 0.00000  0.00000 
 0.34243 -100.00000 
-0.26540 -100.00000 
 0.34418 -100.00000 
-0.12489 -100.00000 
-100.00000 -100.00000 
-100.00000 -100.00000 
-0.28278  0.14285 
 0.02335  0.13738 
-100.00000 -100.00000 
-100.00000 -100.00000 
-100.00000 -100.00000 
-0.17377  0.03348 
 0.07799  0.28589 
 0.50109 -0.68589 
-0.25525 -0.08593 
-0.14123  0.13734 
-0.39358  0.38141 
 0.11942  0.13716 
-0.39244 -0.00026 
 0.39395 -0.38661 
-0.78075 -0.15148 
 0.25680 -0.20103 
-0.44609  0.06026 
 0.05544  0.09451 
-0.00013 -100.00000 
 0.26308 -0.20510 
-100.00000 -100.00000 
-0.27721 -0.00030 
-0.33420 -0.77478 
 0.63432 -0.82442 
-100.00000 -100.00000 
-0.61261 -0.61581 
-100.00000 -100.00000 
-0.11020 -0.04929 
-0.23226 -100.00000 
-0.19066  0.38487 
-0.36949 -0.17037 
-0.20404  0.17265 
-0.00009 -100.00000 
-0.35019  0.28014 
 0.18451  0.64444 
-0.55551 -0.37200 
 0.00005 -100.00000 
-0.27709 -0.16031 
-0.50250 -0.17853 
-0.31054  0.32422 
 0.20682  0.38155 
-0.14466 -100.00000 
-0.65234 -100.00000 
-1.37716  0.43060 
-0.16144 -0.12522 
 0.62890  0.19312 
-0.30654 -100.00000 
-0.30723 -0.44652 
 0.00012 -100.00000 
-100.00000 -100.00000 
-100.00000 -100.00000 
-0.71773  0.13906 
-100.00000 -100.00000 
-100.00000 -100.00000 
-100.00000 -100.00000 
-100.00000 -100.00000 
-0.09358 -0.12444 
 0.61861  0.48541 
 0.79270  0.46011 
 0.02813  0.03152 
 0.86074 -0.10312 
-100.00000 -100.00000 
-0.40668  0.42906 
-0.00019 -100.00000 
-100.00000 -100.00000 
-100.00000 -100.00000 
-100.00000 -100.00000 
-100.00000 -100.00000 
-0.22585 -0.03518 
-100.00000 -100.00000 
-100.00000 -100.00000 
 0.00000  0.00000 
 1.00345  0.13771 
-0.39198  0.06359 
-0.30142 -0.12531 
-0.71933 -0.14381 
-100.00000 -100.00000 
-100.00000 -100.00000 
-0.94767  0.37321 
-100.00000 -100.00000 
 0.00000  0.00000 
-100.00000 -100.00000 
-100.00000 -100.00000 
-100.00000 -0.43161 
-100.00000 -100.00000 
-100.00000 -0.23972 
 0.26292  0.00006 
 0.28430  0.09164 
 0.00000  0.00000 
-100.00000 -100.00000 
 0.37861  0.26315 
-0.15804 -0.23704 
-100.00000 -100.00000 
-100.00000 -100.00000 
 0.20361  0.42401 
-100.00000 -100.00000 
-0.81462 -100.00000 
-0.08966 -0.10382 
-100.00000 -100.00000 
-100.00000 -100.00000 
-100.00000 -100.00000 
-0.05586 -0.10103 
-0.35771 -0.26035 
 0.12331 -0.34327 
-0.02280 -100.00000 
 0.35207  0.30450 
-0.62243 -0.37784 
 0.57505 -1.24585 
 0.06283 -0.44284 
-0.16155 -0.00007 
 0.01082  0.28018 
 0.33054  0.04337 
-0.00000  0.01270 
-100.00000 -0.00011 
-100.00000 -100.00000 
-0.00017  0.47924 
 0.48541  0.13830 
 0.12414  0.43860 
-0.03202 -0.12036 
-0.16165 -100.00000 
-0.16160  0.03147 
-100.00000 -100.00000 
-100.00000 -100.00000 
-100.00000  0.33097 
-100.00000 -100.00000 
-0.00021 -100.00000 
-0.18604 -0.24055 
-0.43256 -0.80499 
-100.00000 -100.00000 
 0.00002  0.13730 
-100.00000 -100.00000 
-100.00000  0.13763 
-1.20542 -0.66908 
-0.16968 -0.48945 
-100.00000 -100.00000 
 0.05939 -0.40862 
-0.19421 -0.09383 
-0.16172  0.00004 
-0.40415 -0.16266 
-0.03819  0.06620 
-100.00000 -100.00000 
-100.00000 -100.00000 
-0.28224  0.00005 
-0.22123  0.07944 
 0.42178  0.61385 
 0.96581 -0.31991 
 0.33017 -100.00000 
 0.08770 -0.21898 
-0.29412 -0.06433 
-100.00000 -100.00000 
-100.00000 -100.00000 
-100.00000 -100.00000 
 0.00000  0.00000 
-100.00000 -100.00000 
-0.40547 -100.00000 
 0.00000  0.00000 
-0.31651 -0.17023 
-100.00000 -0.09521 
 0.11571  0.40149 
 0.14518  0.31116 
-100.00000 -100.00000 
-0.43385 -0.38026 
 0.48526 -0.13034 
-0.51817 -0.18284 
-100.00000 -100.00000 
 0.00784 -0.27588 
 0.00000  0.00000 
 0.36366 -100.00000 
-0.00019 -100.00000 
-0.53395 -0.12601 
-0.00027 -100.00000 
-100.00000 -100.00000 
-0.81305  0.27338 
 0.33778 -0.00479 
-100.00000 -0.00003 
-100.00000 -100.00000 
-100.00000 -100.00000 
-0.15820 -0.10735 
-100.00000 -100.00000 
-100.00000 -100.00000 
-0.02630  0.28365 
-100.00000 -100.00000 
-100.00000 -0.55873 
-100.00000 -100.00000 
 0.00000  0.00000 
 0.10363 -100.00000 
-0.79436 -0.09442 
-0.55805 -100.00000 
 0.25335  0.33802 
-100.00000 -100.00000 
-100.00000 -0.00002 
 0.04611  0.29611 
-100.00000 -100.00000 
-100.00000 -100.00000 
-100.00000 -100.00000 
-100.00000 -100.00000 
 0.24636  0.58487 
-0.27982 -100.00000 
-0.03163 -100.00000 
 0.86017 -100.00000 
 0.00000  0.00000 
-0.00002 -100.00000 
-100.00000  0.00019 
-100.00000 -100.00000 
-100.00000 -100.00000 
-0.25453 -100.00000 
-100.00000 -100.00000 
-100.00000 -100.00000 
-0.00002 -100.00000 
-0.14749  0.13763 
-100.00000 -0.18358 
-100.00000 -100.00000 
-0.01071  0.04268 
 0.10337 -0.24740 
-100.00000 -100.00000 
 0.00000  0.00000 
-100.00000 -100.00000 
-0.03272 -100.00000 
-100.00000 -100.00000 
-100.00000 -100.00000 
 0.11494  0.11061 
-0.00008 -100.00000 
 0.00000  0.00000 
-100.00000 -100.00000 
-0.37719  0.25586 
-0.26504  0.67937 
-1.00370  0.03139 
-0.47217  0.16807 
-100.00000 -100.00000 
-100.00000 -100.00000 
 0.42320  0.00874 
 0.81027 -0.15434 
 0.05111  0.04251 
-0.03669 -0.10650 
-0.16499 -0.07366 
-100.00000 -100.00000 
-0.20289  0.05219 
-100.00000 -100.00000 
-0.19101 -0.04305 
-0.91605  0.17885 
-0.02856 -0.10939 
-100.00000 -100.00000 
-100.00000 -100.00000 
-0.15105 -100.00000 
-100.00000 -100.00000 
-100.00000 -0.07360 
-100.00000 -100.00000 
-0.95698  0.28708 
-100.00000 -100.00000 
 0.01029  0.01199 
-0.04979 -0.07347 
-100.00000 -100.00000 
 0.00000  0.00000 
-100.00000 -100.00000 
-1.27061 -0.54302 
 0.03863 -0.25785 
-0.97191 -0.48758 
-100.00000 -100.00000 
-0.19580 -0.29482 
-0.06818 -100.00000 
-0.19068 -100.00000 
-0.31304 -0.25529 
-100.00000 -100.00000 
-1.14565  0.17956 
-0.15146 -0.44243 
-0.08405 -0.74845 
-0.10536 -0.04952 
 0.01615 -0.21101 
 0.13913 -0.04254 
-0.50019  0.05528 
 0.00028 -0.54609 
 0.13701 -100.00000 
-0.15135  0.07499 
 0.14095  0.13301 
-0.68641 -0.43151 
 0.57872  0.92558 
 0.00000  0.00000 
-0.16494  0.83164 
-0.42652  0.00835 
-0.18178 -0.09919 
-0.42879  0.05276 
-0.34250  0.04017 
-100.00000  0.01960 
 0.00000  0.00000 
-0.00021 -100.00000 
-100.00000 -0.00007 
 0.59966 -0.27520 
-100.00000 -100.00000 
-0.01161  0.47552 
-1.21525 -0.31302 
-100.00000 -100.00000 
-100.00000 -100.00000 
-100.00000 -100.00000 
 0.00000  0.00000 
 0.27369  0.18067 
-0.56780  0.26298 
-100.00000 -2.27723 
 0.22523  0.23448 
 0.00000  0.00000 
-0.61578 -0.13176 
-100.00000 -0.10920 
 0.00000  0.00000 
-0.00021 -100.00000 
-100.00000 -100.00000 
-0.06614 -0.30443 
 0.86440  0.58958 
 0.59492 -0.28536 
-100.00000  0.67904 
 0.45582  0.37278 
-100.00000 -100.00000 
-0.41040  0.35711 
-0.44677 -100.00000 
 0.13722  0.13165 
-0.43022 -0.51058 
-100.00000 -0.07333 
-0.43234 -0.00004 
-0.16476 -0.25775 
-0.44703 -0.07355 
 1.00937  0.06553 
-0.47345  0.26309 
-0.00885  0.11999 
-100.00000 -100.00000 
-0.39147  0.07533 
