 0.06425 -0.75146 
-0.38836  0.37275 
 1.10418 -100.00000 
-0.55223 -100.00000 
 0.00000  0.00000 
 0.00000  0.00000 
-0.60564 -0.86586 
 0.00000  0.00000 
 0.00000  0.00000 
-0.11858 -0.44878 
-0.39734  0.48417 
-0.12813 -0.23998 
-0.54835  0.02840 
-0.42226 -100.00000 
-100.00000 -100.00000 
-100.00000 -100.00000 
-100.00000 -100.00000 
-100.00000 -100.00000 
-0.74822 -0.14362 
 0.13488 -0.79236 
-100.00000 -100.00000 
-100.00000 -100.00000 
-100.00000 -100.00000 
-100.00000 -100.00000 
 0.27065  0.28454 
-100.00000 -100.00000 
-100.00000 -100.00000 
-100.00000 -100.00000 
 0.84808  0.13696 
-100.00000 -100.00000 
-100.00000  0.13740 
-100.00000 -100.00000 
-100.00000 -0.12603 
-100.00000 -100.00000 
-100.00000 -100.00000 
 0.09762 -100.00000 
 0.00000  0.00000 
-100.00000 -100.00000 
-100.00000 -100.00000 
-100.00000 -100.00000 
-0.31054 -100.00000 
-100.00000 -100.00000 
-0.06806  0.03768 
-100.00000 -100.00000 
-100.00000  0.13750 
-100.00000 -100.00000 
-0.61190 -0.17388 
-100.00000 -100.00000 
 0.00000  0.00000 
 0.00000  0.00000 
-100.00000 -100.00000 
-100.00000 -100.00000 
-0.86833 -0.03278 
-100.00000 -100.00000 
-100.00000 -100.00000 
-100.00000 -100.00000 
 0.06920 -100.00000 
 0.00000  0.00000 
-100.00000 -100.00000 
-0.38435 -1.07217 
 0.00000  0.00000 
-0.00093 -100.00000 
-100.00000 -100.00000 
 0.17442  0.14502 
-0.30462 -0.08108 
 0.23449  0.14191 
 0.00000  0.00000 
 0.09183 -0.26180 
 0.00000  0.00000 
-0.18521 -0.12782 
 0.58866 -0.34918 
-100.00000 -100.00000 
-100.00000 -100.00000 
 0.21806 -0.52498 
-0.70931 -0.02752 
-100.00000 -100.00000 
 0.68254 -0.05749 
 0.00000  0.00000 
 0.00000  0.00000 
-100.00000 -100.00000 
-100.00000 -100.00000 
 0.46925 -0.75171 
-0.11262  0.76546 
-100.00000 -100.00000 
-100.00000 -100.00000 
 0.29350  0.18470 
 0.00000  0.00000 
 0.00000  0.00000 
-0.06315  0.33228 
 0.23707  0.09499 
-0.30271 -0.57578 
-0.30860 -0.38244 
-0.42236 -100.00000 
-100.00000 -100.00000 
-100.00000 -100.00000 
-0.42984 -0.67960 
 0.22077  0.25746 
-100.00000 -100.00000 
 0.12167  0.56090 
 0.14692  0.05902 
 0.00017 -0.00011 
-100.00000 -100.00000 
-0.65844  0.00003 
 0.17931 -0.00057 
-100.00000 -100.00000 
 0.26279 -0.00003 
-100.00000 -100.00000 
-100.00000 -100.00000 
 0.45178 -0.80686 
-100.00000 -100.00000 
-0.76657 -0.59274 
 0.00000  0.00000 
-0.19694 -100.00000 
-100.00000  0.14594 
-0.87353 -0.79446 
-100.00000 -100.00000 
-100.00000 -100.00000 
 0.00000  0.00000 
-100.00000 -100.00000 
-100.00000 -100.00000 
-100.00000 -0.15782 
 0.00000  0.00000 
 0.32746 -0.06392 
-0.48804 -0.02250 
-0.37110 -0.00757 
-0.18154 -0.48705 
 0.32745 -0.30359 
 0.00000  0.00000 
-100.00000 -100.00000 
-100.00000 -100.00000 
-0.60188  0.25345 
-100.00000 -100.00000 
-0.54881 -0.16223 
-0.76989 -0.74882 
-0.17627 -0.10650 
 1.33085 -0.44632 
 0.13822  0.62896 
-0.90329  0.26278 
 0.52362 -0.14255 
 0.60791 -0.23146 
 0.15126  0.82028 
 0.48540 -100.00000 
-0.67659  0.02060 
-100.00000 -100.00000 
-0.61511 -0.06482 
 0.06311 -100.00000 
-100.00000 -100.00000 
-0.88792 -0.20387 
-100.00000 -100.00000 
-0.36888 -0.39026 
-1.09589 -0.06448 
-100.00000 -100.00000 
-0.02312  0.03883 
-0.08963  0.20257 
-0.47356  1.05367 
-100.00000 -100.00000 
-1.08663 -0.15653 
-1.57442 -0.26435 
-0.15676  0.13756 
 0.42044 -0.11346 
-100.00000 -100.00000 
-100.00000 -100.00000 
-100.00000 -100.00000 
 0.00000  0.00000 
 0.00000  0.00000 
-0.03723 -0.08796 
 0.00000  0.00000 
-100.00000  0.13747 
-0.25145  0.03738 
-1.04958 -0.39564 
-0.04687 -0.33088 
-0.73032 -0.08812 
 0.10481  1.08803 
-100.00000 -100.00000 
-0.95573 -0.51616 
-1.43280 -0.27818 
 0.00000  0.00000 
-0.25577 -0.02276 
-0.30085  0.37845 
 0.65295 -0.02346 
-100.00000 -100.00000 
 0.13299 -0.24852 
-0.15798 -100.00000 
-0.89239  0.06492 
 0.14447  0.02017 
 0.10571 -0.53353 
-0.44371  0.08771 
 0.64082  0.25539 
 0.07849 -0.22545 
 0.00000  0.00000 
-1.17362 -0.37743 
 0.00000  0.00000 
 0.10126 -100.00000 
-100.00000 -100.00000 
-1.05548  0.03130 
-0.00751 -100.00000 
-0.86219 -100.00000 
 0.46385 -0.03253 
-100.00000 -100.00000 
-0.00000 -100.00000 
-0.93365 -0.14767 
-0.80002  0.15659 
-100.00000 -100.00000 
-0.14525  0.03106 
 0.31011  1.05112 
-0.05644 -100.00000 
 0.00000  0.00000 
-100.00000 -100.00000 
-0.02185  0.29841 
-0.82577 -0.07630 
-0.11781  0.10311 
-1.04664 -0.17096 
-100.00000 -100.00000 
-0.00089 -0.10657 
-100.00000 -100.00000 
 0.63148 -0.56560 
-0.39710 -0.15977 
 0.10086  0.38150 
-100.00000 -0.00017 
-1.20982 -0.67214 
-0.26049  0.88883 
 0.78661 -0.57180 
-0.66840 -0.82922 
 0.20847  0.00020 
-0.50378 -0.23021 
-0.38658  0.38586 
-0.31439 -0.30568 
 0.19315  0.63374 
 0.15457  0.06556 
-0.63520 -0.22137 
-0.78840 -0.01617 
-0.15375  0.41480 
-0.00015 -100.00000 
-0.33030 -0.20341 
-0.47751 -0.74742 
 0.65095 -0.10238 
-0.35439 -0.62560 
-100.00000 -0.48725 
 0.23727 -100.00000 
-0.80929  0.13072 
-100.00000 -100.00000 
-100.00000 -100.00000 
-0.13179 -100.00000 
-0.43857  0.13622 
-100.00000 -100.00000 
 0.00009  0.16493 
 0.22085 -0.01926 
 0.00825  0.09244 
 0.00000  0.00000 
 0.00000  0.00000 
 0.77927 -0.08593 
-0.01194 -0.18479 
-0.39116 -0.27738 
-100.00000 -100.00000 
 0.23414 -100.00000 
-0.71251 -0.87174 
-0.56012 -0.16140 
 0.24978 -0.33084 
-100.00000 -100.00000 
-100.00000 -100.00000 
-0.00013 -100.00000 
-100.00000 -100.00000 
-100.00000 -100.00000 
 0.00000  0.00000 
-1.46009 -0.03388 
-100.00000 -100.00000 
 0.65015  0.29341 
-0.44609  0.05049 
-100.00000 -100.00000 
-100.00000 -100.00000 
 0.17928  0.10489 
-0.78715 -0.01051 
 0.00000  0.00000 
-0.71122 -0.75489 
-100.00000 -100.00000 
 0.18679 -100.00000 
 0.26074  0.04036 
 0.54329 -0.49218 
-100.00000 -100.00000 
-100.00000 -100.00000 
-0.50687 -100.00000 
-0.71486 -0.12349 
-0.52206  0.54696 
-0.01294 -0.15872 
 1.10475  0.05936 
 0.41703 -0.40017 
 0.28752  0.22110 
-0.21198  0.48675 
-0.63734  0.33065 
-0.33755 -100.00000 
-100.00000 -100.00000 
-0.00020  0.00008 
-100.00000 -100.00000 
 0.40874 -0.48515 
-100.00000 -100.00000 
-100.00000  0.25310 
-100.00000 -100.00000 
 0.28808  0.13851 
 0.87436  0.10239 
-100.00000 -100.00000 
-100.00000 -100.00000 
-0.09115 -0.52496 
 0.10188 -0.77341 
-0.16155 -100.00000 
-100.00000 -100.00000 
 0.00000  0.00000 
 0.61286 -0.38533 
 0.13004  0.23887 
-0.16175 -100.00000 
-100.00000 -100.00000 
-0.30192  0.41810 
-100.00000 -0.12512 
 0.47020 -0.32726 
 0.02304 -0.72299 
-0.16139 -100.00000 
 0.09441 -0.40487 
-100.00000 -100.00000 
 0.19805  0.13813 
-100.00000 -100.00000 
 0.14608  0.42815 
-0.08661  0.07216 
-100.00000 -100.00000 
-1.01194 -0.61964 
-1.06479  0.01227 
-0.87039 -100.00000 
 0.83093  0.02717 
-100.00000 -100.00000 
 0.00000  0.00000 
-100.00000 -100.00000 
-0.27916 -0.06507 
-100.00000 -100.00000 
-100.00000 -100.00000 
-100.00000 -100.00000 
 0.00000  0.00000 
-100.00000 -0.00010 
-100.00000 -100.00000 
-0.00555  0.06174 
-0.14120  0.27528 
-0.14291 -0.21097 
-0.15845  0.36734 
-100.00000 -0.10686 
-100.00000 -100.00000 
-100.00000 -100.00000 
-100.00000 -100.00000 
 0.00000  0.00000 
 0.30519 -0.33767 
 0.13750  0.23465 
-100.00000 -100.00000 
-0.29110  0.25355 
-100.00000 -100.00000 
-100.00000 -100.00000 
-0.04701 -0.52703 
-0.27072 -0.16099 
-100.00000 -100.00000 
-100.00000 -100.00000 
-100.00000 -100.00000 
 0.17604  0.36105 
-0.69226 -0.43931 
-100.00000 -100.00000 
-0.24976 -0.23291 
 0.25414 -0.68056 
-100.00000 -100.00000 
-100.00000 -100.00000 
-0.08662  0.13801 
-0.16170 -100.00000 
-100.00000 -100.00000 
-100.00000 -100.00000 
-0.39748 -0.27677 
 0.10172 -100.00000 
 0.04332 -0.21005 
-100.00000 -100.00000 
-100.00000 -100.00000 
-0.66932  0.03088 
-100.00000 -100.00000 
-0.03903 -0.04777 
-100.00000 -100.00000 
-100.00000 -100.00000 
-100.00000 -100.00000 
-100.00000 -100.00000 
-100.00000 -100.00000 
 0.27660  0.02170 
 0.48175 -0.06597 
-100.00000 -100.00000 
-100.00000 -100.00000 
-100.00000 -100.00000 
-0.24732  0.09490 
-100.00000 -100.00000 
 0.14329  0.19409 
 1.07046 -100.00000 
 0.32537  0.11718 
-0.76086 -100.00000 
-0.00001 -100.00000 
-100.00000 -100.00000 
-100.00000 -100.00000 
-0.13944 -0.00471 
-100.00000 -100.00000 
-100.00000 -100.00000 
 0.44748  0.03134 
-0.89872 -0.24835 
-100.00000 -100.00000 
-1.05171 -0.00012 
 0.84832 -0.07625 
-100.00000 -100.00000 
 0.09600 -0.30948 
-100.00000 -100.00000 
 0.16454  0.65242 
-100.00000 -100.00000 
-0.70632 -0.06221 
-0.13311 -100.00000 
-0.00035 -100.00000 
-0.14824 -100.00000 
-0.38038 -0.11750 
-0.51982  0.50661 
-100.00000 -100.00000 
-0.36292 -0.08855 
 0.00000  0.00000 
-100.00000 -100.00000 
-0.54998 -0.04665 
-100.00000 -100.00000 
-0.98876  0.72342 
-100.00000 -100.00000 
-100.00000 -100.00000 
 0.00000  0.00000 
-100.00000 -100.00000 
-100.00000 -100.00000 
-100.00000 -100.00000 
 0.51739  0.06855 
 0.21054 -100.00000 
-100.00000 -100.00000 
-100.00000 -100.00000 
-0.14238 -0.07927 
 0.00000  0.00000 
-100.00000 -100.00000 
-0.32980 -0.75865 
 0.59596 -0.06562 
-100.00000 -100.00000 
-100.00000 -100.00000 
 0.13753 -100.00000 
-100.00000 -100.00000 
-100.00000 -100.00000 
 0.00000  0.00000 
 0.00000  0.00000 
-100.00000 -100.00000 
 0.00000  0.00000 
 0.00000  0.00000 
-100.00000 -100.00000 
-100.00000 -100.00000 
-100.00000 -100.00000 
-100.00000 -100.00000 
-100.00000 -100.00000 
 0.00000  0.00000 
 0.26314 -100.00000 
-0.06363  0.17436 
-0.14788 -100.00000 
-100.00000 -100.00000 
 0.00000  0.00000 
-100.00000 -100.00000 
-0.85948 -100.00000 
-100.00000 -100.00000 
-100.00000 -100.00000 
 0.00000  0.00000 
-100.00000 -100.00000 
-100.00000 -100.00000 
 0.13743 -100.00000 
-0.51823 -100.00000 
-100.00000 -100.00000 
-100.00000 -0.13027 
 0.37403  0.42565 
 0.00000  0.00000 
-100.00000 -0.18402 
-0.52011 -100.00000 
-100.00000 -100.00000 
-100.00000 -100.00000 
-0.45915  0.23291 
-0.28176 -100.00000 
-0.47331 -0.48124 
-0.00012 -0.21117 
-100.00000  0.00004 
-0.16503 -100.00000 
-100.00000 -100.00000 
-0.58444 -0.22953 
-1.02532 -0.75495 
 0.09208  0.19628 
 0.57797 -0.07336 
-100.00000  0.15374 
-0.57792  0.02649 
-0.31293 -100.00000 
-100.00000 -100.00000 
-100.00000 -100.00000 
 0.83434  0.02839 
-100.00000 -100.00000 
-0.44538 -0.56568 
-0.00049 -100.00000 
-0.00050 -100.00000 
-0.02211 -0.13194 
-100.00000 -100.00000 
-0.22298  0.21879 
-100.00000 -100.00000 
-1.19188  0.14596 
-1.92091 -100.00000 
 0.06657 -0.10937 
-100.00000  0.04456 
 0.80321  0.86844 
 0.20242 -0.48667 
-100.00000 -100.00000 
 0.03883 -0.27015 
-0.44750 -0.37567 
-1.02699  0.18976 
-1.57623 -0.63981 
-0.40390  0.06862 
 0.00000  0.00000 
 0.23240 -0.18734 
-0.18283 -0.20589 
-0.31291  0.58500 
 0.58406 -0.21125 
-0.18327 -0.39497 
 0.94940  0.01464 
 0.23343  0.14310 
 0.54643 -0.75276 
 0.27230 -100.00000 
 0.00000  0.00000 
-100.00000 -100.00000 
-0.29201 -0.30614 
-0.47521  0.01580 
-0.28370 -100.00000 
-0.05662 -0.04401 
-100.00000 -100.00000 
-0.15225 -0.19339 
-100.00000 -100.00000 
 0.00000  0.00000 
-100.00000  0.00008 
 0.13710  0.57236 
-100.00000  0.00013 
 0.27573  0.05480 
-100.00000 -100.00000 
-0.00021 -100.00000 
-100.00000 -0.10892 
-100.00000 -100.00000 
 0.51848 -0.16919 
 0.00000  0.00000 
-1.37735 -100.00000 
 0.00000  0.00000 
 0.00000  0.00000 
-0.02681 -100.00000 
 0.16521 -0.00029 
 0.00000  0.00000 
-100.00000 -100.00000 
-100.00000 -100.00000 
-0.02719 -0.01649 
 0.13128  0.74257 
-0.15503 -0.14438 
 0.26292  0.00659 
 0.83510 -0.01641 
 0.03866 -0.16867 
-0.52102 -0.04322 
 0.06012 -0.30648 
-100.00000 -100.00000 
 0.20192  0.28613 
 0.00000  0.00000 
-0.04983  0.07249 
-0.19093 -0.17960 
-0.29905 -0.21617 
-0.16494 -0.30622 
-100.00000 -100.00000 
 0.78549  0.45972 
