-100.00000 -0.00003 
 0.73818 -0.18808 
-0.07334 -0.05736 
-0.21184 -0.42519 
-100.00000 -100.00000 
-100.00000 -100.00000 
-0.25382 -0.00013 
-100.00000 -100.00000 
 0.02586 -0.01830 
-100.00000  0.42438 
-0.93117  0.71757 
-0.49825  0.01364 
 0.26291 -100.00000 
 0.16898 -0.66870 
 0.00007 -0.20752 
-0.13259 -100.00000 
 0.21862  0.13615 
-100.00000 -100.00000 
-0.68160 -0.32994 
-100.00000 -100.00000 
-0.36629 -100.00000 
-100.00000 -100.00000 
-0.30460  0.22248 
-100.00000  0.01134 
-100.00000 -100.00000 
-0.39872 -0.14475 
-0.69722 -0.03328 
 0.23810  0.57743 
 0.00000  0.00000 
-0.13267  0.34284 
-100.00000 -100.00000 
 0.33145  0.26301 
-100.00000 -100.00000 
-100.00000 -100.00000 
-100.00000 -100.00000 
-0.00009 -100.00000 
-0.68345  0.25585 
-0.38848 -100.00000 
-100.00000 -100.00000 
 0.08903 -0.36203 
-100.00000 -100.00000 
 0.11078  0.25335 
-100.00000 -100.00000 
-100.00000  0.13752 
-0.11493 -100.00000 
 0.00000  0.00000 
-100.00000 -0.00010 
-0.51600 -0.25675 
-100.00000 -100.00000 
-0.24982 -100.00000 
-100.00000 -0.11494 
-0.58226 -0.31899 
 0.00000  0.00000 
-100.00000 -100.00000 
-0.50379 -0.03266 
-0.66000 -0.19808 
-100.00000 -100.00000 
-100.00000 -100.00000 
 0.24307  0.00009 
-0.45007 -0.51344 
 0.33026 -0.13682 
-0.25890  0.25293 
-100.00000 -100.00000 
-0.00005 -100.00000 
 0.32725 -0.10144 
-0.36201 -0.12004 
-100.00000 -100.00000 
 0.02663 -0.48674 
-0.30162  0.23057 
 0.00452 -0.71279 
-0.08142  0.79989 
 0.12406  0.60575 
 0.09377 -0.56007 
 0.24714 -100.00000 
-0.20142  0.72358 
 0.00004 -100.00000 
-100.00000 -100.00000 
-100.00000 -100.00000 
 0.14005 -0.02402 
-100.00000 -100.00000 
 0.09720 -0.17024 
-0.22283 -0.30312 
-0.00010  0.35924 
-0.11455 -0.08409 
-100.00000 -100.00000 
 0.00000  0.00000 
-100.00000 -100.00000 
-0.47059 -100.00000 
 0.46994  0.48612 
-0.48148  0.20372 
-0.10911  0.52824 
 0.00000  0.00000 
-100.00000 -100.00000 
 0.00000  0.00000 
-0.25433 -100.00000 
-0.11924 -0.11722 
-100.00000 -100.00000 
-100.00000 -100.00000 
-0.05246 -0.29285 
-0.17644  0.19760 
 0.09592  0.50860 
 0.00000  0.00000 
-100.00000 -100.00000 
-0.01202 -0.15512 
-100.00000 -100.00000 
-0.01621  0.05205 
-100.00000  0.14611 
-100.00000  0.00017 
-0.19485 -0.10661 
-100.00000 -100.00000 
 0.36614 -0.00003 
-100.00000 -100.00000 
 0.12120  0.24908 
 0.00003  0.13739 
 0.10682 -0.15872 
-100.00000 -100.00000 
-100.00000 -100.00000 
-100.00000 -100.00000 
 0.46592 -0.21374 
-100.00000 -100.00000 
-100.00000 -100.00000 
-0.11572 -0.08535 
 0.00000  0.00000 
 0.00000  0.00000 
-0.00034 -100.00000 
 0.00000  0.00000 
 0.00000  0.00000 
 0.19297 -0.47314 
-100.00000 -100.00000 
 0.01838  0.26142 
 0.24617 -0.33016 
-100.00000 -100.00000 
-100.00000 -100.00000 
 0.25937 -0.39907 
-0.83618 -0.35737 
-0.83422 -0.18797 
 0.05085 -0.04394 
 0.00000  0.00000 
 0.00000  0.00000 
-100.00000 -100.00000 
 0.02541  0.13951 
-0.35039 -0.50051 
 0.34856 -0.22476 
 0.26284 -100.00000 
 0.37449  0.22506 
-0.40687 -0.43107 
-100.00000 -100.00000 
-0.29794  0.47496 
-0.08344 -0.62642 
-0.24150 -0.02217 
 0.00000  0.00000 
 0.15138 -0.03613 
 0.00000  0.00000 
-0.48181  0.03693 
 0.27792 -0.03420 
-0.15649 -100.00000 
-0.94872 -0.32132 
 0.00000  0.00000 
 0.00000  0.00000 
-0.10936  0.08653 
-100.00000 -100.00000 
-0.09166  0.06529 
 0.29701 -0.29749 
-0.22211 -0.06285 
-100.00000  0.13756 
-100.00000 -100.00000 
-100.00000 -100.00000 
 0.71124  0.17416 
-0.17092 -0.51597 
-0.04498 -0.88945 
 0.80783  0.04695 
-0.11896 -0.86413 
 0.00000  0.00000 
-100.00000 -0.00003 
-0.45061 -0.18755 
-0.38077  0.11454 
-0.43140 -100.00000 
 0.46127  0.32869 
-0.56435  0.03988 
 0.00000  0.00000 
-100.00000 -0.11722 
 0.24434 -0.03134 
-0.37595  0.51725 
-0.17877  0.37450 
-100.00000 -100.00000 
-0.59740 -0.00013 
-0.11925 -100.00000 
-0.37460 -0.69216 
-100.00000 -100.00000 
-100.00000 -100.00000 
-100.00000 -100.00000 
-100.00000 -100.00000 
-100.00000 -100.00000 
 0.32407  0.12245 
-100.00000 -100.00000 
-100.00000 -100.00000 
-0.61631 -0.91134 
 0.44102 -0.03184 
 0.00000  0.00000 
 0.00000  0.00000 
 0.00000  0.00000 
 0.37854 -100.00000 
-100.00000 -100.00000 
-100.00000 -100.00000 
-0.37260  0.25356 
 0.00000  0.00000 
-100.00000 -100.00000 
-100.00000  0.00003 
 0.00000  0.00000 
 0.28021 -0.11250 
 0.27928  0.49427 
 0.24023 -0.29512 
 0.44838  0.04801 
 0.10195 -0.54600 
-100.00000 -100.00000 
 0.00000  0.00000 
-100.00000 -100.00000 
-0.01749 -0.64838 
 0.00000  0.00000 
 0.00000  0.00000 
-0.34343  0.22722 
-0.46464 -0.10654 
 1.02366 -0.35332 
 0.50533  0.99211 
 0.15743 -100.00000 
 0.27197  0.29427 
 0.73682  0.43904 
-0.64231  0.10518 
 0.20863 -0.15299 
 0.55228 -0.28038 
-0.07799 -0.46336 
 0.06620  0.44630 
-0.11927 -0.32934 
-0.21764  0.22404 
-0.05959 -0.26395 
 0.38046 -0.90763 
-0.68996  0.08154 
 0.27381  0.03421 
-100.00000 -0.29105 
-0.00061 -0.46225 
-100.00000 -100.00000 
-100.00000  0.08664 
-100.00000 -100.00000 
 0.12520 -0.01103 
-100.00000 -100.00000 
-100.00000 -100.00000 
-100.00000 -100.00000 
-0.88046  0.19392 
 1.24862  0.01531 
-100.00000 -100.00000 
-0.55700  0.62971 
 0.36184 -0.25929 
 0.29805 -0.06605 
 0.07391  0.37817 
-0.52899 -0.72833 
-100.00000 -100.00000 
-0.32198  0.18642 
 0.72191 -0.05835 
-100.00000 -0.10611 
 0.50227  0.30771 
-0.99547 -0.57525 
 0.60976 -0.53239 
-0.61165 -0.07712 
-100.00000 -100.00000 
-100.00000 -100.00000 
-0.00359  0.17358 
-0.61499 -0.50145 
-0.24514 -0.00004 
-100.00000 -100.00000 
 0.09909 -0.48817 
 0.56583  0.45285 
-0.40961 -0.47459 
-100.00000 -100.00000 
 0.00000  0.00000 
 0.27276  0.26301 
 0.44626  0.44109 
 0.02208 -0.70937 
-0.60623 -1.01378 
 0.00000  0.00000 
 0.51836  0.09919 
 0.05877 -0.38515 
-100.00000 -100.00000 
-0.17757  0.11430 
 0.00000  0.00000 
-0.21476  0.05895 
-0.18926  0.22162 
 0.00000  0.00000 
 0.37832 -0.01355 
-0.28404  0.08224 
 0.03527 -0.20254 
 0.01129 -0.00006 
-0.51890 -0.00530 
-0.18699 -0.22420 
-0.39287 -0.32589 
 0.01100  0.13755 
-100.00000 -100.00000 
-0.49546 -100.00000 
-0.78151 -0.09553 
-0.30272 -0.06832 
-100.00000 -0.00002 
-0.17247 -0.51407 
-100.00000 -100.00000 
-0.18151  0.26469 
 0.00000  0.00000 
 1.02243 -0.13630 
-0.02674 -100.00000 
-0.39168 -0.55372 
-0.00239 -0.38646 
-100.00000 -100.00000 
-0.32733  0.13849 
-100.00000 -100.00000 
 0.27100  0.04127 
 0.76133 -0.34726 
 0.08030  0.25329 
 0.31132 -0.25996 
-100.00000 -100.00000 
-100.00000 -100.00000 
 0.19669  0.79576 
 0.13684  0.02239 
 0.33472 -0.72733 
 0.04667 -0.00003 
-100.00000 -100.00000 
-100.00000 -100.00000 
-0.32596 -0.18314 
 0.00000  0.00000 
-0.37629  0.24919 
 0.26293  0.92595 
-0.24194 -0.08308 
 0.03133  0.01384 
-100.00000 -100.00000 
-100.00000 -100.00000 
 0.13766 -100.00000 
-100.00000 -100.00000 
-100.00000 -100.00000 
-100.00000 -0.34239 
 0.14819 -100.00000 
-0.28266 -0.83315 
 0.26297  0.37481 
 0.00000  0.00000 
-0.08186 -100.00000 
-0.00008 -100.00000 
-100.00000 -100.00000 
-0.11993 -100.00000 
 0.09456 -0.02321 
 0.58335  0.14436 
 0.13732  0.08138 
-0.14313 -100.00000 
 0.49955 -0.44172 
 0.13748  0.02319 
-0.53373  0.24517 
 0.66566  0.06679 
 0.19229  0.06942 
-100.00000 -0.12517 
-100.00000 -100.00000 
-100.00000 -100.00000 
-100.00000 -100.00000 
-100.00000 -100.00000 
 0.40923 -0.27666 
-100.00000 -100.00000 
-100.00000 -100.00000 
-0.12677 -100.00000 
-100.00000 -100.00000 
-100.00000 -100.00000 
-100.00000 -100.00000 
 0.00010  0.26310 
 0.04151 -0.09527 
-0.24285  0.00005 
-100.00000 -100.00000 
 0.72015 -100.00000 
-0.07248 -0.16098 
-0.35284  0.38605 
-0.09869  0.03059 
-100.00000 -100.00000 
-100.00000 -100.00000 
 0.00000  0.00000 
-0.16692 -0.04849 
-0.24256  0.13761 
 0.23411 -0.70051 
-0.10508 -0.20998 
-100.00000 -100.00000 
-100.00000 -0.21986 
-0.50120  0.28368 
 0.00000  0.00000 
 0.58500 -0.18409 
-0.00009  0.16812 
-0.00422  0.42713 
 0.16203  0.23863 
-0.02211 -0.00489 
 0.51580  0.51072 
-0.47443  0.00833 
-100.00000  0.37852 
-0.34921  0.21732 
-0.03412  0.27297 
-100.00000 -100.00000 
-0.00005 -100.00000 
-0.10960  0.01127 
 0.00000  0.00000 
-100.00000 -100.00000 
-100.00000 -0.00003 
 0.06724 -0.26807 
-100.00000 -0.04597 
-100.00000 -100.00000 
 0.10031  0.63834 
 0.15348 -0.40186 
-100.00000 -100.00000 
-0.03505 -0.11823 
-0.47056 -100.00000 
-0.06782  0.25147 
 0.26314 -0.18399 
 0.43868  0.95794 
-0.28543 -100.00000 
-0.24846 -100.00000 
 0.40338  0.22163 
-0.18048  0.01970 
-0.10802 -0.03242 
 0.54371 -0.15275 
-100.00000 -100.00000 
-100.00000 -100.00000 
 0.39006 -0.15691 
-100.00000 -100.00000 
-0.17585 -100.00000 
 0.35346  0.56966 
-0.33605  0.46119 
-0.10375  0.31903 
-100.00000 -100.00000 
 0.06782 -100.00000 
 0.44788 -0.00253 
-100.00000 -100.00000 
-100.00000 -100.00000 
-100.00000 -100.00000 
-0.12889  0.16473 
-100.00000 -100.00000 
-100.00000 -100.00000 
 0.16525 -0.32931 
-100.00000 -100.00000 
-0.00001 -100.00000 
-100.00000 -100.00000 
-0.16587  0.38792 
-100.00000 -0.06708 
-100.00000 -100.00000 
 0.13802 -100.00000 
-0.52703 -0.74941 
-100.00000 -100.00000 
-100.00000 -100.00000 
-100.00000 -100.00000 
-100.00000 -100.00000 
-0.20475 -0.04077 
-100.00000 -100.00000 
 0.26308  0.04300 
-100.00000  0.00003 
-0.00097 -0.03722 
 0.26317 -100.00000 
-0.00864 -0.47110 
-100.00000 -100.00000 
-100.00000 -100.00000 
 0.37707  0.09988 
-0.33121  0.07732 
-100.00000 -100.00000 
-100.00000 -100.00000 
 0.17436  0.57681 
-100.00000 -100.00000 
-100.00000 -100.00000 
 0.03597 -100.00000 
-100.00000 -0.10484 
-100.00000 -100.00000 
-100.00000  0.11051 
 0.00000  0.00000 
-0.65119  0.02306 
 0.03861  0.76930 
 0.37856 -0.09497 
-0.58964  0.77934 
 0.76192 -0.14234 
 0.16170  0.03156 
-100.00000 -100.00000 
-100.00000 -0.13028 
-0.30978 -0.14849 
-100.00000 -100.00000 
 0.03392  0.07068 
-100.00000 -100.00000 
-100.00000  0.26320 
 0.12640  0.43239 
 0.03208 -0.21156 
-0.00560  0.28945 
-100.00000  0.05217 
-100.00000 -100.00000 
-0.60861 -0.39432 
-0.03214 -100.00000 
-0.54020  0.04798 
-0.02578 -0.09559 
 0.14999  0.06607 
 0.58499  0.26927 
-100.00000 -100.00000 
 0.02027 -0.72761 
 0.00000  0.00000 
-100.00000 -100.00000 
-0.20310  0.26322 
-0.64435 -0.60202 
-0.20327 -0.30623 
 0.16303 -0.09199 
 0.05966 -0.21120 
-0.29440  0.00681 
-0.53980 -0.30605 
 0.67552  0.12123 
-0.30375  0.00610 
 0.13743 -100.00000 
 0.00000  0.00000 
 0.27312  0.46649 
-0.50226 -0.70040 
 0.00000  0.00000 
-0.23389  0.06559 
 0.50603 -0.13365 
 0.22770 -0.03832 
-0.11566  0.46200 
-0.32503  0.63707 
 0.03648 -0.12198 
-100.00000 -100.00000 
 1.19487 -0.12621 
-0.38332  0.18985 
-100.00000 -100.00000 
 0.16606 -0.60463 
-0.00388  0.17337 
-0.33763 -0.16762 
 0.00000  0.00000 
-0.33659  0.00533 
 0.21983 -100.00000 
 0.10744 -0.10469 
 0.20278 -0.51002 
 0.26279 -0.19339 
 0.38997 -0.10220 
 0.03716 -0.10353 
 0.38451 -0.29144 
-0.00010  0.13743 
-0.29082  0.13763 
 0.00000  0.00000 
-0.05599  0.32386 
-100.00000 -100.00000 
-100.00000 -0.30476 
 0.00000  0.00000 
 0.00000  0.00000 
 0.32430  0.14821 
-1.36934 -100.00000 
-0.03170 -0.00006 
 0.23032  0.24404 
-100.00000 -0.00022 
 0.00000  0.00000 
-100.00000 -100.00000 
-100.00000 -100.00000 
-0.15716 -0.07334 
-0.19987 -0.30594 
 0.00000  0.00000 
 0.58975  0.36776 
-100.00000 -100.00000 
-0.06575  0.37855 
-100.00000  0.02817 
 0.00000  0.00000 
-0.24556 -0.53234 
-0.29534 -100.00000 
 0.00000  0.00000 
-0.22193 -0.03922 
 0.38009 -100.00000 
-100.00000 -0.30580 
-0.38133  0.15366 
-100.00000 -100.00000 
 0.00025 -0.10946 
-100.00000  0.00006 
