-100.00000 -100.00000 
-0.34218 -0.43813 
 0.75078  0.05229 
-0.06680  0.74258 
-100.00000 -100.00000 
-100.00000 -100.00000 
-100.00000  0.38328 
-100.00000 -100.00000 
-100.00000 -100.00000 
-100.00000 -0.08591 
-100.00000 -0.34963 
-100.00000 -100.00000 
-100.00000 -100.00000 
-100.00000 -100.00000 
-100.00000 -100.00000 
 0.64199 -0.17143 
-100.00000 -100.00000 
-0.41169 -0.52568 
-0.17562 -0.12578 
-100.00000 -100.00000 
-100.00000 -100.00000 
-100.00000 -0.00004 
-100.00000 -100.00000 
-0.16576 -0.18640 
-0.41234  0.03577 
-0.06983 -100.00000 
 0.00000  0.00000 
 0.00000  0.00000 
-0.17634 -100.00000 
-0.76799  0.13334 
 1.01901 -0.04748 
-0.31276  0.13748 
-100.00000 -100.00000 
 0.03898  0.51744 
-100.00000 -100.00000 
-100.00000 -100.00000 
-100.00000 -100.00000 
-100.00000 -100.00000 
 0.15461 -0.09897 
 0.00000  0.00000 
-100.00000 -100.00000 
-100.00000 -100.00000 
-100.00000 -100.00000 
-100.00000 -100.00000 
 0.13754  0.24533 
-100.00000 -100.00000 
-100.00000 -100.00000 
 0.00000  0.00000 
-100.00000 -100.00000 
-100.00000 -100.00000 
-100.00000 -100.00000 
-0.25219 -0.14211 
 0.71657  0.14718 
-0.15834 -0.05095 
 0.00000  0.00000 
-100.00000 -100.00000 
-0.30931 -0.32544 
 0.26301  0.13756 
-100.00000 -100.00000 
-0.00850  0.03921 
-0.00034 -0.00009 
-0.70172  0.22695 
-1.94947 -100.00000 
-0.18569 -100.00000 
-0.75531  0.02516 
-100.00000 -100.00000 
-100.00000 -100.00000 
 0.13697 -100.00000 
-100.00000 -100.00000 
-0.42159 -100.00000 
 0.25407 -0.07510 
-100.00000 -100.00000 
 0.00000  0.00000 
-100.00000 -0.06737 
 0.26251 -0.34519 
-100.00000 -100.00000 
-100.00000 -100.00000 
-100.00000 -100.00000 
-100.00000 -100.00000 
-100.00000 -100.00000 
 0.00000  0.00000 
-100.00000 -100.00000 
-0.13249  0.00259 
-100.00000 -100.00000 
 0.46966 -0.49230 
-0.40319  0.24318 
-100.00000 -100.00000 
-100.00000 -100.00000 
 0.07741 -0.01564 
-0.49566 -0.69012 
-1.47291 -100.00000 
-0.50691 -100.00000 
-100.00000 -100.00000 
-100.00000 -100.00000 
 0.58512  0.26310 
 0.32754 -0.08814 
-100.00000 -100.00000 
-100.00000 -100.00000 
 1.28421  0.37859 
 0.00001 -0.50925 
 0.00000  0.00000 
-0.81935 -100.00000 
-0.15802  0.00003 
 0.00000  0.00000 
-100.00000 -100.00000 
-100.00000 -100.00000 
-100.00000 -100.00000 
-0.30028  0.13767 
-100.00000 -100.00000 
-100.00000 -100.00000 
 0.47580  0.13147 
-100.00000 -100.00000 
-0.16233 -0.32859 
 0.32390 -0.24759 
 0.05812 -100.00000 
-100.00000 -100.00000 
-100.00000 -100.00000 
-100.00000 -100.00000 
-100.00000 -100.00000 
-100.00000 -100.00000 
-100.00000 -100.00000 
-100.00000 -100.00000 
-0.37337 -0.07650 
-0.00030 -100.00000 
-100.00000 -100.00000 
-0.43001  0.16446 
 1.41188 -100.00000 
-100.00000 -100.00000 
-100.00000 -100.00000 
-100.00000 -100.00000 
-100.00000 -100.00000 
-100.00000 -100.00000 
-100.00000 -100.00000 
-100.00000 -100.00000 
 0.59688 -0.44527 
-0.22012  0.21371 
-0.27954 -100.00000 
 0.18665  0.40568 
 0.05724 -0.32548 
-100.00000 -100.00000 
-100.00000 -100.00000 
 0.00000  0.00000 
-1.67386 -0.79921 
-100.00000 -100.00000 
 0.08368  0.16371 
 0.00000  0.00000 
-100.00000 -100.00000 
-100.00000 -100.00000 
-100.00000 -100.00000 
-100.00000 -100.00000 
-100.00000 -100.00000 
-100.00000 -100.00000 
 1.06121 -0.99447 
-0.28159 -0.05896 
-100.00000  0.01348 
-1.02717 -100.00000 
-0.92122  1.12451 
 0.12394  0.00714 
 0.09331  0.30251 
-100.00000 -100.00000 
-0.42972 -100.00000 
-1.09546  0.11267 
 0.00000  0.00000 
-100.00000 -100.00000 
 0.37757 -100.00000 
-100.00000 -100.00000 
-100.00000 -100.00000 
-100.00000 -100.00000 
-0.24437  0.10959 
-0.41176 -0.25690 
 0.42177 -0.38457 
-0.08860 -0.35101 
-0.63119 -0.13916 
-0.16277 -0.04198 
-1.19562 -0.93806 
-0.67478 -0.21471 
-100.00000 -100.00000 
-0.41099  0.03723 
 0.00000  0.00000 
-100.00000 -0.29246 
 0.37847 -0.08817 
-0.16247 -0.30485 
 0.00000  0.00000 
 0.00000  0.00000 
 0.37673 -0.07009 
 0.26355 -0.42056 
-0.19008 -0.06716 
-100.00000 -100.00000 
-100.00000 -100.00000 
-100.00000 -100.00000 
-100.00000 -100.00000 
-100.00000 -100.00000 
-100.00000 -100.00000 
-100.00000 -100.00000 
-100.00000 -100.00000 
-0.34956  0.05775 
-0.24424 -1.06993 
-100.00000 -100.00000 
-100.00000 -100.00000 
-0.10230  0.13094 
-0.06170  0.02143 
-0.38892 -0.36831 
 0.00007 -100.00000 
-100.00000 -100.00000 
-0.10055 -0.49227 
 0.16316 -0.05603 
-100.00000 -100.00000 
-100.00000 -100.00000 
 0.27655  0.08991 
 0.00000  0.00000 
 0.14871 -0.43533 
 0.00000  0.00000 
-100.00000 -0.00032 
-100.00000 -100.00000 
-100.00000 -100.00000 
-0.13195 -100.00000 
-100.00000 -100.00000 
-0.00117 -100.00000 
-100.00000 -0.20544 
-0.10704 -0.00034 
 0.00000  0.00000 
-100.00000  0.26291 
 0.00000  0.00000 
-0.53797 -0.10596 
-0.00043 -100.00000 
-100.00000 -100.00000 
 0.98072 -0.27025 
-100.00000 -100.00000 
-100.00000 -100.00000 
 0.13672 -0.20482 
 0.36555  0.57317 
-0.36952  0.37431 
-100.00000 -100.00000 
-0.27589 -100.00000 
-1.15834 -0.28638 
-0.29102  0.09810 
-0.67394 -0.26262 
 0.28351 -0.39952 
-0.14124 -100.00000 
-0.31850  0.39642 
-100.00000 -100.00000 
-100.00000 -100.00000 
-100.00000 -100.00000 
 0.00000  0.00000 
-100.00000  0.04127 
-0.53993 -0.57128 
-100.00000 -100.00000 
-0.33652 -0.39620 
-100.00000 -100.00000 
-100.00000 -100.00000 
 0.15198  0.05879 
 0.00012 -0.47267 
-0.00033 -0.55406 
-0.33160 -0.40011 
-0.05070 -0.06684 
-100.00000 -100.00000 
-0.21689 -100.00000 
-100.00000 -100.00000 
-100.00000 -100.00000 
-100.00000 -100.00000 
-0.82640 -0.00648 
-100.00000 -100.00000 
 0.00000  0.00000 
-0.00011 -100.00000 
-100.00000 -100.00000 
-100.00000 -100.00000 
-100.00000 -100.00000 
-0.00018 -100.00000 
-100.00000 -100.00000 
-100.00000 -100.00000 
-100.00000 -100.00000 
-100.00000 -100.00000 
-100.00000 -100.00000 
 0.87768 -0.16322 
-100.00000 -100.00000 
 0.25105  0.31535 
-0.86088 -0.00064 
 0.49784 -0.15904 
 0.43138 -0.21563 
-100.00000 -0.00009 
-0.13970  0.37837 
-0.14545 -100.00000 
-0.39869  0.05778 
-100.00000 -100.00000 
 0.00000  0.00000 
-1.12688 -0.58374 
-0.39606 -100.00000 
-100.00000 -100.00000 
-0.60848 -0.04153 
-0.16178  0.31880 
-100.00000 -100.00000 
 0.00000  0.00000 
-100.00000 -100.00000 
 1.55396  0.38658 
-100.00000  0.58501 
-100.00000 -100.00000 
-100.00000 -100.00000 
-100.00000 -100.00000 
 0.63644 -0.02980 
-100.00000 -100.00000 
-100.00000 -100.00000 
-100.00000 -100.00000 
 0.00000  0.00000 
 0.23658  0.39017 
 0.00000  0.00000 
-100.00000 -100.00000 
-100.00000 -100.00000 
-100.00000 -100.00000 
-100.00000 -100.00000 
 0.00000  0.00000 
-100.00000 -100.00000 
 0.23832  0.30830 
-100.00000 -100.00000 
-0.34933 -0.00008 
 0.00031 -100.00000 
-100.00000 -100.00000 
-100.00000 -0.12531 
-0.58465  0.03168 
-100.00000 -100.00000 
-100.00000 -100.00000 
-0.46236 -0.48929 
-0.16178  0.13759 
-100.00000 -100.00000 
-100.00000 -100.00000 
 0.13987  0.03857 
 0.25110  0.46225 
-0.60791 -1.23751 
-100.00000 -100.00000 
-100.00000 -100.00000 
-100.00000 -100.00000 
-100.00000 -100.00000 
-100.00000 -100.00000 
-100.00000 -100.00000 
-100.00000 -100.00000 
-100.00000 -100.00000 
 0.00000  0.00000 
 0.35612 -0.06130 
-0.28519 -100.00000 
-100.00000 -100.00000 
-0.00002 -100.00000 
-0.40416 -100.00000 
 0.11446  0.02165 
-100.00000 -100.00000 
-100.00000 -100.00000 
-100.00000 -100.00000 
-100.00000 -100.00000 
-100.00000 -100.00000 
-100.00000 -100.00000 
-0.02379 -0.23984 
-100.00000 -100.00000 
-100.00000 -100.00000 
-100.00000 -100.00000 
 0.13752  0.01233 
-100.00000 -100.00000 
-100.00000 -100.00000 
-100.00000 -100.00000 
-100.00000 -100.00000 
 0.00957  0.41812 
-100.00000 -100.00000 
-100.00000 -100.00000 
-0.00027 -100.00000 
 0.45665  0.13910 
-100.00000 -100.00000 
-100.00000 -100.00000 
-100.00000  0.13757 
-100.00000 -100.00000 
-100.00000 -100.00000 
-0.30749 -0.21016 
 0.48718 -0.10305 
-0.43957 -100.00000 
 0.00000  0.00000 
-100.00000 -100.00000 
-100.00000 -100.00000 
-100.00000 -100.00000 
-100.00000 -100.00000 
-100.00000 -100.00000 
-100.00000 -0.18387 
-100.00000 -100.00000 
-100.00000 -100.00000 
-0.21668  0.03633 
-100.00000 -100.00000 
 0.33727 -0.55146 
 0.11661  0.43781 
-100.00000 -100.00000 
-100.00000 -100.00000 
 0.00000  0.00000 
-100.00000 -100.00000 
 0.37886 -0.09495 
 0.00000  0.00000 
-0.00721 -100.00000 
 0.26300  0.04259 
-0.14486 -0.18313 
 0.00000  0.00000 
 0.10167 -0.16882 
-100.00000 -100.00000 
 0.00000  0.00000 
-0.28256 -0.26811 
-100.00000 -100.00000 
 0.13745 -100.00000 
-100.00000 -100.00000 
-0.14732  0.09268 
-100.00000 -100.00000 
 0.00000  0.00000 
-0.07991 -0.81581 
-100.00000 -100.00000 
-100.00000 -100.00000 
-0.38068 -100.00000 
-100.00000 -100.00000 
 0.00003 -100.00000 
 0.13716 -100.00000 
-0.23585 -0.36399 
 0.41739 -100.00000 
-100.00000 -100.00000 
 0.00000  0.00000 
 0.00000  0.00000 
-100.00000 -100.00000 
-100.00000 -100.00000 
 0.52073  0.19436 
-100.00000 -100.00000 
-100.00000 -100.00000 
-100.00000 -100.00000 
 0.00000  0.00000 
-100.00000 -100.00000 
 0.00000  0.00000 
 0.92206 -0.00557 
-0.03345 -0.35326 
-100.00000 -100.00000 
-0.56487  0.41760 
 0.30960  0.19159 
-100.00000 -100.00000 
-100.00000 -100.00000 
-100.00000 -100.00000 
-0.76763  0.02206 
-100.00000  0.12472 
-100.00000 -100.00000 
-100.00000 -100.00000 
-100.00000 -100.00000 
 0.00000  0.00000 
-100.00000 -100.00000 
-100.00000 -100.00000 
-100.00000 -100.00000 
-100.00000 -100.00000 
-100.00000 -100.00000 
-100.00000 -100.00000 
-100.00000 -100.00000 
-100.00000 -100.00000 
 0.00000  0.00000 
-100.00000 -100.00000 
-100.00000 -100.00000 
 0.58502 -0.13031 
-100.00000 -100.00000 
 0.36644  0.26182 
-100.00000 -100.00000 
-0.05024 -0.52315 
-0.99782 -0.39390 
 0.11565 -100.00000 
 0.00000  0.00000 
-100.00000 -100.00000 
-0.31322 -0.04374 
 0.00000  0.00000 
-0.00006 -100.00000 
-100.00000 -0.18391 
-0.14810 -0.09506 
-0.67602 -0.53645 
-100.00000 -100.00000 
-100.00000 -0.35638 
-0.17855  0.26096 
-100.00000 -100.00000 
-100.00000 -100.00000 
 0.38530 -100.00000 
 0.00000  0.00000 
 0.00000  0.00000 
-100.00000 -100.00000 
 0.19384  0.22234 
-100.00000 -100.00000 
-0.08527  0.19864 
-0.00012 -100.00000 
 0.00000  0.00000 
-100.00000 -100.00000 
-100.00000 -100.00000 
-100.00000 -100.00000 
-0.43243 -0.00039 
-100.00000 -100.00000 
-0.19036  0.37833 
-0.44685  0.10625 
-0.65913  0.53076 
-100.00000 -100.00000 
-0.08877  0.01462 
 0.00000  0.00000 
-0.32345  0.00016 
-100.00000 -100.00000 
-100.00000 -100.00000 
-100.00000 -0.27215 
-0.94983 -0.73833 
-100.00000 -100.00000 
-100.00000 -100.00000 
 0.00000  0.00000 
-100.00000 -100.00000 
 0.58149 -0.79119 
-0.02756 -100.00000 
 0.31808 -0.02669 
 0.37868  0.02807 
-0.18351 -100.00000 
-1.05133  0.20690 
-0.02739 -0.30618 
-0.00028 -100.00000 
-100.00000 -100.00000 
-100.00000 -100.00000 
-100.00000 -100.00000 
 1.06634  0.04475 
-0.17511 -100.00000 
 0.00000  0.00000 
-0.02206 -0.10664 
-100.00000 -100.00000 
-0.81461 -0.68631 
-100.00000 -100.00000 
 0.31277  0.58005 
-0.10768 -100.00000 
-100.00000 -100.00000 
-0.79512 -0.16069 
-100.00000 -100.00000 
-0.84188 -0.07140 
-0.16390  0.05276 
-0.28502 -100.00000 
-100.00000 -100.00000 
-100.00000 -100.00000 
-0.39450 -100.00000 
 0.13747 -100.00000 
-0.00009 -0.05665 
-100.00000 -100.00000 
-100.00000 -100.00000 
-100.00000 -100.00000 
-0.02511 -0.17286 
-100.00000 -100.00000 
 0.41257 -0.46337 
-100.00000 -100.00000 
-100.00000 -100.00000 
-0.43554  0.11284 
-100.00000 -100.00000 
-100.00000 -100.00000 
-100.00000 -100.00000 
-100.00000 -100.00000 
-100.00000 -100.00000 
-0.31175 -100.00000 
-100.00000 -100.00000 
-100.00000 -100.00000 
-100.00000 -100.00000 
-100.00000 -100.00000 
-0.16469 -0.55816 
-0.13232 -0.31946 
-100.00000 -100.00000 
-100.00000 -100.00000 
-100.00000 -100.00000 
-100.00000 -100.00000 
-0.31305 -100.00000 
 0.00000  0.00000 
-100.00000 -100.00000 
-0.00008 -0.00004 
-100.00000 -100.00000 
-100.00000 -100.00000 
-100.00000 -100.00000 
-0.87313 -100.00000 
-100.00000 -100.00000 
-100.00000 -100.00000 
 0.00008 -0.21088 
