-100.00000 -100.00000 
-0.06686 -0.03759 
-100.00000 -0.24211 
-1.09889  0.45939 
 0.00010 -0.24200 
-0.79042 -0.10462 
-100.00000 -100.00000 
 0.62161  0.49854 
-100.00000 -100.00000 
-0.00048 -100.00000 
-100.00000 -0.12624 
-100.00000 -100.00000 
-100.00000 -100.00000 
 1.92631 -100.00000 
-100.00000 -100.00000 
-100.00000 -100.00000 
-100.00000 -100.00000 
-100.00000 -100.00000 
-100.00000 -100.00000 
-100.00000 -100.00000 
-100.00000 -100.00000 
-100.00000 -100.00000 
-100.00000 -100.00000 
-100.00000 -100.00000 
-1.16122  0.23194 
-100.00000 -100.00000 
-100.00000 -100.00000 
-100.00000 -100.00000 
-100.00000 -100.00000 
-100.00000 -100.00000 
-100.00000 -0.12556 
-0.44692 -100.00000 
-100.00000 -100.00000 
-100.00000 -100.00000 
-100.00000 -100.00000 
-100.00000 -100.00000 
 0.60018 -0.08605 
-0.21051 -0.11823 
-100.00000  0.00007 
-100.00000 -100.00000 
-100.00000 -100.00000 
-100.00000 -100.00000 
-100.00000 -100.00000 
-100.00000 -100.00000 
 0.32578 -0.12321 
-100.00000 -100.00000 
-0.44086 -100.00000 
-100.00000 -100.00000 
-0.56248  0.25441 
-100.00000 -100.00000 
 0.18287 -100.00000 
 0.42709 -0.00028 
-0.31256  0.15569 
-0.92931  0.02507 
-100.00000 -100.00000 
-100.00000 -100.00000 
 0.10013 -0.00012 
-0.15731 -100.00000 
-100.00000 -100.00000 
-1.22524 -0.22424 
-100.00000 -100.00000 
-0.84143 -0.10372 
-100.00000 -100.00000 
-0.07021 -100.00000 
-100.00000 -100.00000 
-0.19260  0.13965 
 0.09788 -100.00000 
 0.00000  0.00000 
-100.00000 -100.00000 
-0.00003 -0.49263 
 0.83443 -100.00000 
-100.00000 -100.00000 
-0.00042 -0.24217 
-100.00000 -100.00000 
-100.00000 -100.00000 
-100.00000 -100.00000 
-100.00000 -100.00000 
-100.00000 -100.00000 
-100.00000 -100.00000 
-100.00000 -100.00000 
-100.00000 -100.00000 
 0.09748  0.02867 
-0.00034 -0.36750 
-100.00000 -100.00000 
-100.00000 -100.00000 
-0.55625 -100.00000 
 0.03645  0.34264 
-0.84667  0.31607 
 0.13777 -0.13947 
-100.00000 -0.52628 
-0.79092 -0.46850 
-0.91931 -100.00000 
-100.00000 -100.00000 
-100.00000 -100.00000 
-100.00000 -100.00000 
-100.00000 -100.00000 
-100.00000 -100.00000 
-100.00000 -100.00000 
 0.32709 -100.00000 
-0.43893 -0.18254 
-100.00000 -100.00000 
 0.27967 -100.00000 
-0.06322  0.00003 
-0.39661 -0.29243 
-100.00000 -100.00000 
-100.00000 -100.00000 
-100.00000 -100.00000 
-100.00000 -100.00000 
 0.22077  0.45262 
-100.00000 -100.00000 
-0.71846  0.39883 
-100.00000 -100.00000 
-0.15749 -100.00000 
 0.10531 -100.00000 
-100.00000 -100.00000 
 0.10920 -100.00000 
-100.00000 -100.00000 
-0.16272  0.56074 
-100.00000 -100.00000 
-100.00000 -100.00000 
 0.00000  0.00000 
-100.00000 -100.00000 
-0.05151 -100.00000 
-0.02025  0.18479 
-100.00000 -100.00000 
-0.35146  0.25866 
-0.00006 -0.10147 
-100.00000 -100.00000 
-100.00000 -100.00000 
-100.00000 -100.00000 
-100.00000 -100.00000 
-0.15815 -100.00000 
-100.00000 -100.00000 
-100.00000 -100.00000 
 0.28862 -100.00000 
 0.21517  0.71621 
-0.41078 -100.00000 
-0.44037 -100.00000 
-0.01954 -0.55223 
-100.00000 -100.00000 
-100.00000 -0.11670 
-0.00002 -100.00000 
 0.17017 -0.56724 
-100.00000 -100.00000 
-100.00000  0.03818 
-1.03819 -0.03758 
-100.00000 -100.00000 
-100.00000 -100.00000 
 0.00023 -100.00000 
 0.04061 -1.17709 
-100.00000 -100.00000 
-100.00000 -100.00000 
-0.24731 -0.08268 
-0.67408 -0.43005 
-0.89906 -0.21121 
-0.08071 -0.78432 
-0.54113 -0.17940 
-0.02576 -100.00000 
-0.00033  0.44252 
-100.00000 -100.00000 
-100.00000 -100.00000 
-100.00000 -100.00000 
-100.00000 -100.00000 
-100.00000 -100.00000 
-0.02058 -100.00000 
 0.00003 -100.00000 
-0.40837 -0.41736 
-100.00000 -100.00000 
 0.10547 -0.58007 
-0.54260  0.01976 
 0.42787  0.03365 
-0.67085 -100.00000 
-0.33474  0.05380 
-100.00000 -100.00000 
 0.05004 -0.37613 
-0.75406 -0.67912 
-0.85589 -0.08810 
 0.05421  0.13721 
-100.00000 -100.00000 
 0.12939 -100.00000 
-100.00000 -100.00000 
 2.37719  0.13710 
-100.00000 -100.00000 
-0.65891  0.03757 
-0.62276 -0.88429 
-100.00000 -0.06334 
 0.21196 -100.00000 
 0.13768 -0.37177 
-100.00000 -100.00000 
-100.00000 -100.00000 
-100.00000 -100.00000 
-0.14008 -100.00000 
-100.00000 -100.00000 
-100.00000 -100.00000 
-100.00000 -100.00000 
-0.37162 -0.68172 
 0.18610 -0.12261 
 0.18610 -0.16623 
-100.00000 -100.00000 
-100.00000 -100.00000 
-0.85157 -100.00000 
 0.00002 -100.00000 
 0.26311 -100.00000 
 0.00000  0.00000 
 0.00000  0.00000 
 0.27928  0.00012 
-100.00000 -100.00000 
-100.00000 -100.00000 
 0.13735  0.17847 
-0.40654 -0.18557 
-0.02820 -100.00000 
-0.57121 -0.51794 
-100.00000 -100.00000 
-0.82973 -100.00000 
-100.00000 -100.00000 
 0.03296 -100.00000 
-100.00000 -100.00000 
-0.43535 -0.25358 
-100.00000 -100.00000 
-0.40159 -0.44573 
-0.28741 -100.00000 
-100.00000 -100.00000 
-0.23608  0.54076 
-0.01761 -0.35454 
-0.70333  0.17326 
-100.00000 -100.00000 
-0.27696 -100.00000 
 0.05433 -0.16610 
 0.12345  0.09191 
-0.03044 -0.30842 
-0.05879 -0.19947 
-0.44711  0.22137 
-100.00000 -100.00000 
-0.69851 -100.00000 
-1.02701  0.02361 
 0.06371 -0.37957 
-1.14582 -0.22113 
-100.00000 -100.00000 
 0.00000  0.00000 
-0.50988 -0.61481 
-100.00000 -100.00000 
-100.00000 -100.00000 
-100.00000 -100.00000 
-0.08357 -100.00000 
-100.00000 -100.00000 
-100.00000 -100.00000 
-100.00000 -100.00000 
-0.23493 -100.00000 
-100.00000 -100.00000 
-100.00000  0.13736 
 0.15260 -0.20140 
-100.00000 -100.00000 
-100.00000  0.15760 
-0.12755 -1.14133 
 0.19110 -0.32731 
-100.00000 -100.00000 
-0.04611 -0.61468 
-100.00000 -100.00000 
-100.00000  0.00007 
-100.00000 -100.00000 
-100.00000 -100.00000 
-100.00000 -100.00000 
-100.00000 -100.00000 
-0.00011 -0.16059 
-100.00000 -100.00000 
-100.00000 -100.00000 
-0.01939  0.58500 
 0.08766 -100.00000 
-100.00000 -100.00000 
-100.00000 -100.00000 
-100.00000 -100.00000 
-1.05890 -100.00000 
-0.14530 -0.32948 
 0.57091 -100.00000 
-100.00000 -100.00000 
 0.01823 -0.20416 
 0.28442  0.03048 
-0.19679 -0.56027 
-100.00000  0.47425 
-100.00000 -100.00000 
-100.00000 -100.00000 
-100.00000 -100.00000 
-0.52854  0.43924 
-100.00000 -100.00000 
-0.39152 -100.00000 
-0.43868 -0.34576 
 0.00008 -100.00000 
 0.60155 -100.00000 
 0.56145  0.31952 
-0.00001 -100.00000 
-100.00000 -100.00000 
-100.00000 -100.00000 
-100.00000 -100.00000 
-0.17820  0.34451 
-100.00000 -100.00000 
 0.00000  0.00000 
-100.00000 -100.00000 
-100.00000 -100.00000 
 0.00000  0.00000 
-100.00000 -100.00000 
-100.00000 -100.00000 
-100.00000  0.00002 
-0.02422  0.28815 
-100.00000 -100.00000 
-100.00000 -100.00000 
-100.00000 -100.00000 
-100.00000 -100.00000 
-100.00000 -100.00000 
 0.00000  0.00000 
-100.00000 -100.00000 
-100.00000 -100.00000 
 0.37835  0.13818 
-0.17606 -0.34768 
-0.68503  0.19660 
-100.00000 -100.00000 
-100.00000 -100.00000 
-100.00000 -100.00000 
 0.57691  0.09117 
-100.00000 -100.00000 
-0.18597 -0.14157 
-0.00954 -0.36376 
-100.00000 -100.00000 
-100.00000 -100.00000 
-0.00007 -100.00000 
-100.00000 -100.00000 
-0.73171  0.52122 
 0.14640 -0.10261 
-100.00000 -100.00000 
-100.00000 -100.00000 
-100.00000 -100.00000 
-100.00000 -100.00000 
-100.00000 -100.00000 
-100.00000 -100.00000 
 0.52003 -100.00000 
-100.00000 -100.00000 
-100.00000 -100.00000 
 0.34358 -0.57031 
-0.40265  0.19129 
 0.48490 -100.00000 
-0.54751 -100.00000 
 0.00000  0.00000 
-100.00000 -100.00000 
-100.00000  0.14741 
-100.00000 -100.00000 
-100.00000  0.13764 
-100.00000 -100.00000 
-100.00000 -0.12415 
-100.00000 -100.00000 
-100.00000 -100.00000 
-100.00000 -100.00000 
-100.00000 -100.00000 
-100.00000 -100.00000 
-100.00000 -100.00000 
-100.00000 -100.00000 
-100.00000 -100.00000 
-100.00000 -100.00000 
-100.00000 -100.00000 
-0.30706 -100.00000 
-0.00002 -100.00000 
-100.00000 -100.00000 
-0.16210 -100.00000 
-100.00000 -100.00000 
-100.00000 -100.00000 
-100.00000 -100.00000 
-100.00000 -100.00000 
-100.00000 -100.00000 
-100.00000 -100.00000 
 0.25365 -0.08463 
 0.19814 -0.37579 
 0.00000  0.00000 
-100.00000 -100.00000 
-100.00000 -100.00000 
 0.00000  0.00000 
-100.00000 -100.00000 
-0.16203  0.13734 
-100.00000 -100.00000 
-100.00000 -100.00000 
-100.00000 -100.00000 
-100.00000 -100.00000 
-100.00000 -100.00000 
 0.00000  0.00000 
 0.19733 -0.42593 
-100.00000 -100.00000 
-100.00000 -100.00000 
 0.00000  0.00000 
-0.52359 -0.16847 
-100.00000 -100.00000 
 0.00035 -100.00000 
-100.00000 -100.00000 
 0.08589 -100.00000 
-100.00000 -100.00000 
 0.02703 -100.00000 
-0.00031  0.13756 
-100.00000 -0.00499 
-100.00000 -100.00000 
-100.00000 -100.00000 
-100.00000  0.07889 
-100.00000 -100.00000 
-100.00000 -100.00000 
-0.14798  0.29920 
-0.28070 -100.00000 
-100.00000 -100.00000 
-0.04760 -0.00012 
-0.72083 -0.57696 
 0.00000  0.00000 
-100.00000 -100.00000 
 1.41386 -100.00000 
-0.25275 -0.20349 
-100.00000 -100.00000 
-100.00000 -100.00000 
-100.00000 -0.28501 
 0.72629  0.13842 
-100.00000 -100.00000 
-100.00000 -100.00000 
-0.26827  0.11997 
-100.00000 -100.00000 
-100.00000 -100.00000 
-0.40527 -0.18415 
-100.00000 -100.00000 
-100.00000 -100.00000 
-0.64446 -100.00000 
-100.00000 -100.00000 
-100.00000 -100.00000 
 0.00014 -100.00000 
-100.00000 -0.35350 
-100.00000  0.16872 
-100.00000 -100.00000 
-100.00000 -100.00000 
-100.00000 -100.00000 
-100.00000 -100.00000 
-100.00000 -100.00000 
 0.00366 -0.15666 
-100.00000 -100.00000 
-100.00000 -100.00000 
-100.00000 -100.00000 
-0.13600 -100.00000 
-100.00000 -100.00000 
 0.18652  0.03502 
-100.00000 -100.00000 
-0.14668 -100.00000 
-100.00000 -100.00000 
-100.00000 -100.00000 
-100.00000 -100.00000 
-0.14316  0.04298 
-0.02273  0.26323 
-100.00000 -100.00000 
-100.00000 -100.00000 
-100.00000 -100.00000 
-100.00000 -100.00000 
-100.00000 -100.00000 
-100.00000 -100.00000 
-100.00000 -100.00000 
-100.00000 -100.00000 
 0.16016  0.16289 
-100.00000 -100.00000 
 1.07064 -100.00000 
 0.00009 -100.00000 
-100.00000 -100.00000 
-0.72053 -0.04652 
-0.24450  0.43242 
-0.14476 -100.00000 
-100.00000 -100.00000 
-0.51812 -0.00020 
-0.48644 -0.18431 
-100.00000 -100.00000 
 0.53013 -100.00000 
-0.14372 -100.00000 
 0.00000  0.00000 
-100.00000 -100.00000 
-1.93963 -0.27215 
-0.75663 -100.00000 
-100.00000 -100.00000 
-100.00000 -100.00000 
-1.66144 -100.00000 
-100.00000 -0.79379 
-0.54418 -100.00000 
-0.00012 -100.00000 
-0.30572 -100.00000 
-100.00000 -100.00000 
-100.00000 -100.00000 
-0.16489 -100.00000 
-0.57794 -100.00000 
-100.00000 -100.00000 
-100.00000 -100.00000 
-0.19103  0.16762 
-0.84834 -0.63880 
-100.00000 -100.00000 
-100.00000 -100.00000 
-100.00000 -100.00000 
-0.20641 -100.00000 
-100.00000 -100.00000 
-100.00000 -100.00000 
-1.08295 -100.00000 
-100.00000 -0.25788 
-100.00000 -100.00000 
 0.26339  0.00018 
-0.20165 -0.31600 
-100.00000 -100.00000 
-0.97893 -100.00000 
-100.00000 -100.00000 
-100.00000 -100.00000 
-100.00000 -100.00000 
-1.22948 -0.09995 
-0.56978  0.37821 
-100.00000 -100.00000 
-100.00000 -100.00000 
 0.32002 -100.00000 
-0.07723 -100.00000 
-100.00000 -100.00000 
-0.99227  0.02811 
-0.00010 -100.00000 
 0.00056 -100.00000 
-0.37835 -0.16125 
-100.00000  0.28670 
 0.03779  0.17944 
-100.00000 -100.00000 
-0.70881  0.07279 
-0.38986  0.29131 
-100.00000 -100.00000 
 0.25280  0.50429 
-0.00015 -100.00000 
-100.00000  0.26299 
 0.57121 -0.07277 
-100.00000 -0.80203 
-100.00000 -100.00000 
-100.00000 -0.00008 
 0.29449 -100.00000 
 0.00000  0.00000 
-100.00000 -0.19416 
-0.16244  0.03397 
-100.00000 -100.00000 
-100.00000 -100.00000 
-100.00000 -100.00000 
-100.00000 -100.00000 
-100.00000 -100.00000 
-100.00000 -100.00000 
-100.00000 -100.00000 
-100.00000 -100.00000 
-100.00000 -100.00000 
-0.16421 -0.07295 
-0.00030 -100.00000 
-100.00000 -100.00000 
-100.00000 -100.00000 
-100.00000 -100.00000 
-100.00000 -100.00000 
-0.17271  0.05427 
-100.00000 -100.00000 
-100.00000 -100.00000 
-100.00000 -100.00000 
-100.00000 -100.00000 
-100.00000  0.00008 
-100.00000 -100.00000 
-100.00000 -100.00000 
-100.00000 -100.00000 
-0.00497 -0.00009 
-100.00000 -100.00000 
-100.00000 -100.00000 
-100.00000 -0.00004 
-100.00000 -100.00000 
 0.00000  0.00000 
-100.00000 -100.00000 
 0.26288  0.13756 
-100.00000 -100.00000 
-100.00000 -100.00000 
-100.00000 -100.00000 
