-0.70783  0.26982 
 0.21679  0.28434 
-0.31347 -100.00000 
 0.95109 -0.05550 
 0.34246  1.44249 
-0.30880 -100.00000 
 0.01017 -0.26926 
 0.09746 -0.24208 
-0.02818 -0.45076 
-0.24084  0.13683 
-0.16586 -100.00000 
 0.87730  0.36968 
 0.43618 -0.05823 
-100.00000 -100.00000 
 0.00298 -0.09939 
-100.00000 -100.00000 
-100.00000 -100.00000 
-100.00000 -100.00000 
 0.41367  0.13688 
 0.00000  0.00000 
-100.00000 -100.00000 
 0.00000  0.00000 
-100.00000 -100.00000 
-100.00000 -100.00000 
-100.00000 -100.00000 
-100.00000 -100.00000 
-100.00000  0.00006 
-0.00002  0.00008 
-100.00000 -100.00000 
 0.64014 -0.03743 
-100.00000 -100.00000 
 0.35633 -0.11096 
 0.26578  0.09624 
-100.00000 -100.00000 
 0.13616  0.47624 
 0.00000  0.00000 
-0.29571  0.13600 
-100.00000 -100.00000 
-100.00000 -100.00000 
-100.00000 -100.00000 
 0.37850 -100.00000 
-100.00000 -100.00000 
-100.00000 -100.00000 
 0.20534 -0.05625 
-100.00000 -100.00000 
-100.00000 -100.00000 
 0.50002 -0.31515 
-100.00000 -100.00000 
-100.00000 -100.00000 
 0.14659 -0.29437 
 0.84533 -100.00000 
-100.00000 -100.00000 
-0.65457 -0.14337 
-100.00000 -100.00000 
-0.00006 -100.00000 
-100.00000 -100.00000 
-0.30931 -100.00000 
-0.07130 -0.22614 
-100.00000 -100.00000 
-0.16525 -100.00000 
-1.54029 -0.39388 
-0.00093 -100.00000 
-100.00000 -100.00000 
 0.00000  0.00000 
-100.00000 -100.00000 
-100.00000 -100.00000 
-0.78891  0.01332 
-0.62303  0.13577 
-100.00000 -100.00000 
-0.00003 -100.00000 
-0.57142  0.26289 
-100.00000 -100.00000 
-0.00042  0.13679 
 0.00000  0.00000 
-0.19667  0.30228 
-100.00000 -100.00000 
-100.00000 -100.00000 
-0.05051  0.03680 
 0.53412 -100.00000 
-100.00000 -100.00000 
 0.26301 -100.00000 
-100.00000 -100.00000 
 0.41908 -100.00000 
-100.00000 -100.00000 
-100.00000 -100.00000 
-0.50852 -0.25858 
-0.76991 -0.12626 
 0.86614  0.36929 
-0.41774 -0.39036 
-0.03821 -1.02495 
-0.47047  0.13447 
-0.30653 -0.34960 
-100.00000 -100.00000 
-100.00000 -100.00000 
-100.00000 -100.00000 
 0.00000  0.00000 
 0.76913  0.28875 
-100.00000 -100.00000 
 0.18174  0.04930 
-0.15789 -0.00014 
 0.40869 -100.00000 
-100.00000 -100.00000 
 0.10501 -0.22546 
 0.65538 -0.53586 
-100.00000 -100.00000 
-100.00000 -100.00000 
-100.00000 -100.00000 
-100.00000 -100.00000 
-100.00000 -100.00000 
-100.00000 -100.00000 
-100.00000 -100.00000 
 0.21576 -0.11448 
 0.00000  0.00000 
-100.00000 -100.00000 
-1.35828 -0.38391 
-100.00000 -100.00000 
-100.00000 -100.00000 
-0.00005  0.13735 
-0.15805 -100.00000 
-100.00000 -100.00000 
-100.00000 -100.00000 
-100.00000 -100.00000 
 0.56101 -0.28716 
 0.13720 -100.00000 
-0.26077  0.10093 
 0.21441  0.26306 
-100.00000 -100.00000 
-0.74732  0.15923 
-0.00005 -100.00000 
 0.05567  0.25766 
-0.15764  0.13747 
-100.00000 -100.00000 
 0.00000  0.00000 
-100.00000  0.13741 
-100.00000 -100.00000 
 0.34880 -0.18805 
-100.00000  0.00014 
 0.02529 -0.05421 
 0.00040 -100.00000 
-100.00000 -100.00000 
-100.00000  0.02080 
-100.00000  0.00007 
-0.01954 -100.00000 
-0.20467 -0.05791 
 0.37790 -0.09933 
-0.72548  0.02856 
-100.00000 -100.00000 
-0.94578  0.07326 
 0.13124  0.49622 
-0.16341  0.06095 
-100.00000 -100.00000 
-100.00000 -100.00000 
-0.17148 -0.27064 
 0.11337 -0.15927 
-1.19245  0.03457 
-100.00000 -100.00000 
 0.63946 -0.03442 
 0.60589 -0.15227 
-0.37641  0.36181 
-100.00000 -100.00000 
-100.00000 -100.00000 
-100.00000  0.26010 
-0.15772 -0.12918 
-0.52042 -100.00000 
-0.26765  0.50535 
-100.00000 -100.00000 
 0.67817  0.59074 
-100.00000 -100.00000 
-100.00000 -100.00000 
-1.32229  0.26165 
-0.49458 -100.00000 
-0.30037  0.37835 
-0.47512  0.51700 
-100.00000 -100.00000 
-0.16460  0.69586 
-0.62767 -0.59323 
 0.64053  0.16432 
-0.00266 -0.05126 
-0.17644 -100.00000 
 0.15516  0.26308 
-100.00000 -100.00000 
-100.00000  0.13743 
-100.00000 -100.00000 
-0.00025  0.37863 
-0.54848  0.05213 
 0.00051 -100.00000 
-0.85521 -0.10642 
-100.00000 -100.00000 
-0.16557 -0.69108 
-0.09968 -100.00000 
-0.91134  0.00882 
-0.97114 -0.20291 
-100.00000 -100.00000 
-100.00000 -100.00000 
-0.15679 -0.11347 
-100.00000 -100.00000 
-0.00067 -0.00051 
-100.00000 -100.00000 
-0.51033 -0.20560 
-0.39889 -0.37614 
 0.00830 -100.00000 
-100.00000 -100.00000 
-100.00000 -100.00000 
-100.00000 -100.00000 
 0.00007 -100.00000 
-0.20101  0.31841 
-0.13955  0.08090 
-100.00000 -100.00000 
-0.39339 -0.01062 
-0.48417 -0.47157 
 0.72268  0.00002 
-0.14048  0.28430 
-100.00000 -0.00032 
 0.48728 -0.55159 
 0.62725 -0.07609 
-2.12730 -100.00000 
 0.27514  0.51116 
-0.80623 -100.00000 
-100.00000 -100.00000 
-100.00000 -100.00000 
-0.88509  0.82005 
-100.00000 -100.00000 
-0.40213 -1.07597 
-100.00000 -100.00000 
 0.36559 -0.44090 
-0.55601  0.22696 
 0.76597 -0.53156 
-0.72825 -0.35171 
-0.00099 -0.19748 
 0.00000  0.00000 
-0.27914  0.02978 
-0.52137 -0.37624 
-100.00000 -100.00000 
 0.92596 -100.00000 
-1.62542 -0.16015 
-0.59868 -0.01059 
-1.65370  0.39335 
-0.00781  0.22357 
-100.00000 -0.70360 
-0.60338  0.17748 
-100.00000 -100.00000 
-100.00000 -100.00000 
-0.22454 -0.46365 
 0.24306 -0.23342 
-100.00000 -100.00000 
-100.00000 -100.00000 
-100.00000 -100.00000 
 0.17966  0.02023 
 0.94010  0.14402 
 0.17379 -0.41008 
 0.67706 -0.46444 
-100.00000 -100.00000 
-100.00000 -100.00000 
-100.00000 -100.00000 
-0.03954 -0.00729 
 0.00000  0.00000 
 0.00000  0.00000 
-0.04247 -0.08772 
-100.00000 -100.00000 
-100.00000 -100.00000 
-0.64305  0.02871 
-100.00000 -100.00000 
-100.00000 -0.10626 
-1.34799 -0.24760 
 0.00000  0.00000 
-100.00000  0.16069 
-100.00000 -100.00000 
-100.00000 -100.00000 
-0.00007 -100.00000 
-100.00000 -100.00000 
-100.00000  0.03195 
 0.57009 -0.65290 
 0.26468  0.22185 
-0.58405 -100.00000 
 0.13741 -0.32993 
-0.00010 -100.00000 
 0.38679 -0.06119 
-0.42137  0.04271 
-0.14415 -100.00000 
-100.00000 -100.00000 
 0.00000  0.00000 
 0.00000  0.00000 
-0.00252  0.21963 
-100.00000 -100.00000 
-0.13078 -0.10566 
-0.33532  0.06856 
-0.53368  0.13821 
 0.16456  0.21325 
 0.42383 -100.00000 
-0.00001 -0.34729 
-100.00000 -100.00000 
-0.29384 -0.24067 
-100.00000 -100.00000 
 0.09606 -0.05314 
-100.00000 -100.00000 
 0.00010 -100.00000 
-0.15512  0.26545 
-100.00000 -100.00000 
-0.04272  0.46023 
-100.00000 -100.00000 
 0.00005 -100.00000 
 0.00000  0.00000 
 0.33082  0.75937 
-0.16155 -0.06809 
-0.43769 -0.27587 
 0.60378 -0.24832 
-100.00000 -100.00000 
-0.00005 -0.12534 
-100.00000 -100.00000 
-100.00000 -100.00000 
 0.00000  0.00000 
-100.00000 -100.00000 
-100.00000 -100.00000 
 0.46995  0.15934 
-0.05761  0.44301 
 0.00000  0.00000 
-100.00000 -100.00000 
-0.49383 -0.10263 
-100.00000 -100.00000 
-100.00000 -100.00000 
-0.36531  0.61280 
-100.00000 -100.00000 
-0.09674 -0.15424 
-100.00000 -100.00000 
 0.51679  0.13806 
 0.29697 -0.79521 
-100.00000 -100.00000 
-0.30480 -100.00000 
-100.00000 -100.00000 
-0.03050  0.30777 
-0.02727  0.01321 
-0.36382 -0.21391 
 0.00010 -100.00000 
 0.01936 -0.48153 
 0.22212  0.01406 
-100.00000 -100.00000 
 0.00000  0.00000 
-100.00000 -100.00000 
-0.25190 -0.16841 
 0.00000  0.00000 
-100.00000 -100.00000 
-100.00000 -100.00000 
 0.33057  0.01452 
-100.00000 -100.00000 
-0.49248 -0.00022 
 0.06151 -0.03535 
-100.00000 -100.00000 
-100.00000 -100.00000 
 0.00000  0.00000 
-100.00000 -100.00000 
-100.00000 -100.00000 
-100.00000 -100.00000 
 0.00000  0.00000 
-100.00000 -100.00000 
-100.00000 -100.00000 
-100.00000 -100.00000 
-100.00000 -100.00000 
-0.21246 -0.09189 
-100.00000 -100.00000 
 0.56070  0.38420 
 0.00000  0.00000 
-100.00000 -100.00000 
-100.00000 -100.00000 
-100.00000 -100.00000 
-100.00000 -100.00000 
-100.00000 -100.00000 
-100.00000 -100.00000 
-100.00000 -100.00000 
-0.18604 -0.04206 
 0.39803 -0.08451 
-100.00000 -0.12532 
-100.00000 -100.00000 
-100.00000 -100.00000 
-100.00000 -100.00000 
-100.00000 -100.00000 
-100.00000 -100.00000 
-100.00000 -100.00000 
-0.16125 -100.00000 
-100.00000 -100.00000 
-100.00000 -100.00000 
 0.68513 -0.33527 
 0.14238  0.45304 
 0.20335  0.33105 
 0.36029 -0.08430 
-100.00000 -100.00000 
-0.72634  0.04192 
-100.00000 -100.00000 
 0.00000  0.00000 
 0.91720 -100.00000 
-0.67928 -0.32883 
 0.00000  0.00000 
 0.04895 -0.05992 
-0.40386 -100.00000 
-100.00000 -100.00000 
 0.04215  0.63316 
-100.00000 -100.00000 
-100.00000 -100.00000 
 0.36515  0.26128 
 0.00000  0.00000 
-100.00000 -100.00000 
-0.89827  0.58206 
 0.00871 -0.20674 
-100.00000 -100.00000 
 0.62060  0.76910 
-100.00000  0.00015 
-0.28229 -0.00476 
-0.15090  0.18289 
-0.76148 -100.00000 
-0.14198 -100.00000 
-100.00000 -100.00000 
 0.13732 -100.00000 
-100.00000 -0.32078 
-0.02601  0.11084 
-100.00000 -100.00000 
 0.84698  0.13605 
 1.05399  0.16802 
-100.00000 -100.00000 
-100.00000 -0.09501 
-100.00000 -100.00000 
 0.16377 -0.19423 
-100.00000 -100.00000 
-0.03153 -0.42399 
-100.00000 -100.00000 
-100.00000 -100.00000 
-100.00000 -100.00000 
 0.13760 -100.00000 
-0.21923  0.23509 
-100.00000 -100.00000 
-100.00000 -100.00000 
-100.00000 -100.00000 
 0.37855  0.13756 
-100.00000 -100.00000 
-100.00000 -100.00000 
 0.00000  0.00000 
-100.00000 -100.00000 
 0.11071 -0.08717 
-100.00000 -100.00000 
 0.00003 -100.00000 
-0.53681 -100.00000 
-100.00000 -100.00000 
-0.40412  0.31748 
 0.40126 -0.35422 
-0.69807  0.14349 
-0.30955 -0.04227 
-100.00000 -100.00000 
-100.00000 -100.00000 
-100.00000 -100.00000 
-100.00000 -100.00000 
-100.00000 -100.00000 
 0.12741 -0.04370 
-100.00000 -100.00000 
-100.00000 -100.00000 
-0.14405 -0.20885 
-100.00000 -100.00000 
-100.00000 -100.00000 
 0.59615 -0.00448 
-100.00000 -100.00000 
-0.28202 -0.04339 
-100.00000 -100.00000 
-100.00000 -100.00000 
-100.00000  0.05107 
-0.89858 -100.00000 
-0.14810 -100.00000 
-100.00000 -100.00000 
 0.47709  0.04159 
-100.00000 -100.00000 
 0.28466 -0.08403 
-0.82965 -0.18390 
-0.05147  0.18433 
-0.40547 -100.00000 
-100.00000 -100.00000 
 0.13737 -100.00000 
-100.00000 -100.00000 
-0.25394  0.31337 
-100.00000 -0.26779 
 0.00000  0.00000 
-100.00000 -100.00000 
-0.02598  0.00004 
-100.00000 -100.00000 
-100.00000 -100.00000 
 0.13736  0.13751 
-0.00024 -100.00000 
-3.29313 -100.00000 
-100.00000 -100.00000 
-100.00000 -100.00000 
-0.90860 -100.00000 
-100.00000 -100.00000 
-100.00000 -100.00000 
-0.16577 -100.00000 
-0.31251  0.86843 
-100.00000 -100.00000 
 0.11155 -0.28559 
-0.19114 -0.10939 
-0.16547  0.09004 
-0.24926 -0.14410 
 0.17305 -0.16853 
-1.24255 -0.05076 
-100.00000 -100.00000 
-1.15613 -0.26698 
-100.00000 -100.00000 
 0.26309 -100.00000 
-0.16465 -100.00000 
 0.31899 -0.04252 
 0.17238 -100.00000 
-100.00000 -100.00000 
-100.00000 -100.00000 
-0.97220 -0.59966 
 0.89069  0.20720 
-0.22826 -0.36748 
-100.00000  0.13221 
-100.00000 -100.00000 
 0.13634 -100.00000 
 0.46209 -0.10664 
-0.17541 -100.00000 
 0.88810 -100.00000 
 0.00000  0.00000 
 0.09818 -0.16833 
-0.52392 -0.04679 
 0.17966 -0.10921 
-0.71316  0.13747 
-0.61983  0.37485 
 0.00019 -100.00000 
 0.14277 -0.00032 
 0.80757 -0.10474 
-100.00000 -100.00000 
 0.11009 -100.00000 
-0.00021 -100.00000 
-100.00000 -100.00000 
 0.00000  0.00000 
-100.00000 -0.00003 
-100.00000 -100.00000 
 0.00000  0.00000 
-100.00000 -100.00000 
-100.00000 -100.00000 
 0.19865 -0.14112 
-0.49027  0.09926 
-100.00000 -0.00004 
-0.00250 -0.04602 
-100.00000 -100.00000 
-0.56755 -0.53766 
-0.17469  0.13752 
-0.15635  0.10632 
-0.44655 -100.00000 
-0.44853 -0.81225 
-100.00000 -100.00000 
-100.00000 -100.00000 
-100.00000 -100.00000 
-100.00000 -100.00000 
 0.00000  0.00000 
 0.54761  0.09050 
-0.09672  0.18013 
-100.00000 -100.00000 
-0.45537  0.29534 
-0.02185 -0.39414 
-0.08451 -0.13236 
-1.06889 -0.64156 
-100.00000 -100.00000 
 0.09808 -100.00000 
-100.00000 -100.00000 
-100.00000 -100.00000 
-0.59824 -100.00000 
-0.04988 -0.01674 
 0.00000  0.00000 
-100.00000 -100.00000 
 0.00000  0.00000 
