-100.00000 -100.00000 
 0.55110  0.02961 
 0.13691 -100.00000 
 0.00035  0.00007 
 0.14990  0.13792 
 0.20705 -100.00000 
-0.70821  0.33919 
 0.13754 -100.00000 
 0.09646 -0.51004 
-100.00000  0.13529 
 0.57236 -100.00000 
 0.00000  0.00000 
-100.00000 -100.00000 
 0.51273 -100.00000 
-100.00000 -100.00000 
-100.00000 -100.00000 
-100.00000 -100.00000 
-100.00000 -100.00000 
-100.00000 -100.00000 
-100.00000 -100.00000 
-0.16565  0.24320 
-100.00000 -100.00000 
-100.00000 -100.00000 
-0.20584 -0.00002 
-100.00000 -100.00000 
-100.00000 -100.00000 
-100.00000 -100.00000 
-100.00000 -100.00000 
-100.00000 -100.00000 
-100.00000 -100.00000 
-100.00000 -100.00000 
-100.00000 -100.00000 
-0.57138  0.02922 
-100.00000 -100.00000 
-100.00000 -100.00000 
-100.00000 -100.00000 
-0.62467 -0.14469 
-100.00000 -100.00000 
-100.00000 -100.00000 
-100.00000 -100.00000 
-100.00000 -100.00000 
-100.00000 -100.00000 
-100.00000 -100.00000 
-100.00000 -100.00000 
 0.00004 -100.00000 
 0.06821  0.33157 
-0.34975 -0.30380 
-100.00000 -100.00000 
-100.00000 -100.00000 
-0.18526  0.04347 
-100.00000 -100.00000 
-100.00000 -100.00000 
-100.00000 -0.00005 
-100.00000 -100.00000 
-100.00000 -100.00000 
-100.00000 -0.00019 
-100.00000 -100.00000 
-100.00000 -100.00000 
 0.32481 -0.43636 
-0.25240 -100.00000 
-0.21439  0.64014 
-0.23269  0.02181 
-100.00000 -100.00000 
-100.00000 -100.00000 
-100.00000 -100.00000 
-100.00000 -100.00000 
-100.00000 -100.00000 
 0.13538 -100.00000 
 0.19600 -0.10351 
-100.00000 -100.00000 
-100.00000  0.01140 
-0.31420  0.03579 
-100.00000 -100.00000 
 0.01822 -0.34668 
-100.00000 -100.00000 
-100.00000 -100.00000 
-100.00000 -100.00000 
-0.22615  0.28006 
-0.19304 -0.08626 
-100.00000 -100.00000 
-100.00000 -100.00000 
-100.00000 -100.00000 
-0.51019  0.25233 
 0.17366 -0.00005 
-100.00000 -100.00000 
-100.00000  0.02888 
-100.00000 -100.00000 
 0.05805  0.13297 
-0.45036  0.01182 
 0.51547  0.13681 
-0.31438 -0.12604 
 0.09753 -100.00000 
-0.84944 -100.00000 
 0.27100  0.22304 
 0.00016 -100.00000 
-0.15789  0.13751 
-100.00000 -100.00000 
-100.00000 -100.00000 
-100.00000  0.00008 
-0.94505 -0.75057 
-100.00000 -100.00000 
 0.60421 -100.00000 
-100.00000 -100.00000 
-0.68646  0.03753 
-100.00000 -100.00000 
-0.43014 -100.00000 
-0.85485 -0.04135 
-0.16683  0.76570 
-100.00000 -100.00000 
-100.00000 -100.00000 
-100.00000 -100.00000 
-1.19225  0.84807 
-0.77012  0.16930 
-100.00000 -100.00000 
 1.25608  0.15361 
-100.00000 -100.00000 
-100.00000 -100.00000 
-100.00000 -100.00000 
-100.00000 -0.32629 
-100.00000 -100.00000 
 0.00010 -100.00000 
-0.18439 -0.00757 
-100.00000 -100.00000 
-1.41129 -100.00000 
-100.00000 -0.90769 
-100.00000 -100.00000 
-0.30030 -100.00000 
-0.38901  0.16457 
-100.00000 -100.00000 
-100.00000 -100.00000 
 0.00000  0.00000 
-100.00000 -100.00000 
-100.00000 -100.00000 
 0.00000  0.00000 
-100.00000 -100.00000 
-0.95542 -0.97941 
-100.00000 -100.00000 
-0.59252  0.13725 
 0.00040 -100.00000 
-0.15763  0.15302 
-100.00000  0.00002 
-100.00000 -100.00000 
-100.00000 -0.41893 
-100.00000 -100.00000 
 0.00000  0.00000 
-1.35435 -0.29156 
-100.00000 -100.00000 
-100.00000 -100.00000 
-100.00000 -100.00000 
-1.60745  0.44833 
-100.00000 -100.00000 
-0.37551 -0.16166 
-0.00993 -0.23500 
 0.17733 -0.11453 
 0.42073 -0.16220 
-100.00000 -100.00000 
-0.00810 -0.47312 
-1.30252 -100.00000 
-100.00000 -100.00000 
 0.00000  0.00000 
 0.10511  0.26309 
-100.00000 -100.00000 
-100.00000 -100.00000 
-0.42945  0.06546 
-100.00000  0.00005 
-100.00000 -100.00000 
-100.00000 -100.00000 
-100.00000 -100.00000 
-100.00000 -100.00000 
 0.12637 -0.00139 
 1.25014  0.26267 
-100.00000 -100.00000 
-0.97236  0.36213 
 0.16553  0.13748 
-0.28402 -100.00000 
-0.87667  0.24749 
-0.67105 -100.00000 
-0.30008 -100.00000 
-0.00035 -100.00000 
-0.02963  0.12301 
-0.76105 -100.00000 
-0.76010 -0.67366 
-100.00000 -100.00000 
-100.00000 -0.11896 
 0.26298 -0.88429 
-100.00000 -100.00000 
-0.00010 -100.00000 
-100.00000 -100.00000 
-0.00013 -100.00000 
-0.02922  0.76571 
-100.00000 -100.00000 
-100.00000 -0.16062 
 0.43969 -100.00000 
-100.00000 -100.00000 
-0.13035 -0.06756 
-100.00000 -100.00000 
-100.00000 -100.00000 
-100.00000 -100.00000 
 0.18411 -0.56148 
-100.00000 -100.00000 
-0.14553 -100.00000 
 0.00002 -100.00000 
-100.00000 -100.00000 
-100.00000 -100.00000 
-0.14531 -100.00000 
-100.00000  0.27236 
-0.11750 -0.16572 
-100.00000 -100.00000 
-0.13517 -0.46713 
-0.59046 -0.24151 
 0.30764 -0.20512 
 0.26225 -100.00000 
 0.43851 -100.00000 
 0.86384 -0.29830 
-0.13512  0.05768 
-0.85574 -0.37678 
-100.00000 -100.00000 
-0.03418 -100.00000 
 0.02340 -0.05002 
-0.00165 -0.48131 
 0.67784  0.13777 
-0.50518  0.29784 
-0.29021  0.27168 
-100.00000  0.00020 
-100.00000 -100.00000 
 0.00000  0.00000 
-0.56277  0.47834 
-100.00000 -100.00000 
-0.35173 -0.74653 
 0.62082 -100.00000 
-0.02148 -0.03628 
-0.50917 -1.44336 
-100.00000 -100.00000 
-0.39613 -100.00000 
-0.99364  0.03198 
-0.00070 -0.10570 
-1.56259 -0.18403 
-100.00000 -100.00000 
-100.00000 -100.00000 
-100.00000 -100.00000 
-100.00000 -100.00000 
-100.00000 -100.00000 
-0.56342 -100.00000 
-0.81128 -0.00013 
-100.00000 -100.00000 
-0.10651 -100.00000 
-100.00000 -100.00000 
-100.00000 -0.54376 
-0.52519 -0.48143 
-100.00000 -100.00000 
 0.17096 -0.61502 
-100.00000 -100.00000 
-100.00000 -100.00000 
-100.00000 -100.00000 
-0.39509 -0.33368 
-100.00000 -100.00000 
-0.27721 -0.24852 
 0.00000  0.00000 
-0.00005 -100.00000 
-100.00000 -100.00000 
-100.00000 -100.00000 
-100.00000 -100.00000 
-100.00000 -100.00000 
-0.41760 -0.54481 
-100.00000 -100.00000 
-100.00000 -100.00000 
-100.00000 -100.00000 
-0.13951 -100.00000 
 0.01467 -0.67995 
-100.00000 -100.00000 
 0.00000  0.00000 
-0.00053 -100.00000 
-0.14530 -100.00000 
-100.00000 -100.00000 
-100.00000 -100.00000 
-100.00000 -100.00000 
 0.00000  0.00000 
 0.11813 -0.05683 
-0.21062 -0.45890 
-100.00000 -100.00000 
 0.04927 -0.61813 
-0.76693  0.18771 
-0.82579  0.18752 
-100.00000 -100.00000 
-0.14379 -100.00000 
 0.37809 -100.00000 
-0.30668  0.00006 
 0.00004 -0.12521 
-0.16114 -0.12464 
-0.16178 -100.00000 
 0.42396 -100.00000 
-100.00000 -100.00000 
-100.00000 -100.00000 
 0.08483  0.03137 
 0.17820 -0.36433 
-100.00000 -100.00000 
-100.00000 -100.00000 
-100.00000 -100.00000 
-0.16059  0.13713 
-100.00000 -100.00000 
-100.00000 -100.00000 
-100.00000 -100.00000 
 0.21679 -100.00000 
-100.00000 -100.00000 
 0.14728 -100.00000 
-0.69209  0.41720 
-100.00000 -100.00000 
 0.00000  0.00000 
-100.00000 -100.00000 
-100.00000 -100.00000 
-100.00000 -100.00000 
-100.00000 -100.00000 
-100.00000 -100.00000 
-0.55610  0.05031 
-0.43884 -100.00000 
-100.00000 -100.00000 
-100.00000 -100.00000 
-100.00000  0.13784 
-0.29685  0.13787 
-100.00000 -100.00000 
-100.00000 -100.00000 
-0.17703 -0.06829 
 0.02581 -0.06813 
-100.00000 -100.00000 
-100.00000 -100.00000 
-100.00000 -100.00000 
-100.00000 -100.00000 
 0.10259  0.13819 
-100.00000 -100.00000 
-100.00000 -100.00000 
-0.04226 -100.00000 
-100.00000 -100.00000 
-100.00000 -100.00000 
-100.00000 -100.00000 
-100.00000 -100.00000 
-100.00000 -100.00000 
-0.28862 -0.08137 
-100.00000 -100.00000 
-0.35626  0.07260 
-100.00000 -100.00000 
-100.00000 -100.00000 
-0.28326 -100.00000 
-100.00000 -100.00000 
-100.00000 -100.00000 
-0.30095 -100.00000 
 0.00000  0.00000 
-100.00000 -100.00000 
-100.00000 -100.00000 
-100.00000 -100.00000 
-100.00000 -100.00000 
-100.00000 -100.00000 
 0.00000  0.00000 
-100.00000 -100.00000 
-100.00000 -100.00000 
-100.00000 -100.00000 
-100.00000 -100.00000 
-100.00000 -100.00000 
-100.00000 -100.00000 
-100.00000 -100.00000 
-100.00000 -100.00000 
-0.16210 -100.00000 
-100.00000 -100.00000 
-100.00000 -100.00000 
-0.30703  0.00004 
 0.13757 -100.00000 
-100.00000 -100.00000 
-0.19775  0.23104 
-0.16999  0.13731 
 0.37893  0.20039 
-0.30207  0.10121 
-100.00000 -100.00000 
-100.00000 -100.00000 
-100.00000 -0.05467 
-100.00000 -100.00000 
-100.00000 -100.00000 
-100.00000 -100.00000 
-0.77573 -0.34746 
 0.00006 -100.00000 
-100.00000 -100.00000 
-100.00000 -100.00000 
-0.32553  0.00931 
 0.23036 -100.00000 
-100.00000 -100.00000 
-100.00000 -100.00000 
-100.00000 -100.00000 
 0.13716 -100.00000 
-100.00000 -100.00000 
-0.01859 -0.04652 
-100.00000 -100.00000 
 0.14037 -0.26980 
-100.00000  0.13752 
-100.00000 -100.00000 
-100.00000 -100.00000 
-100.00000 -100.00000 
-100.00000 -100.00000 
-100.00000 -100.00000 
-0.51872 -0.00507 
-0.39480 -0.14142 
 0.71770 -100.00000 
-100.00000 -100.00000 
-100.00000 -100.00000 
 0.11527 -0.00002 
-100.00000 -100.00000 
 0.11464  0.03045 
-100.00000 -100.00000 
 0.00000  0.00000 
-100.00000 -100.00000 
 0.84042 -0.00000 
-100.00000 -100.00000 
-0.00035 -100.00000 
-100.00000 -100.00000 
 0.13772 -0.00017 
 0.00000  0.00000 
-100.00000 -100.00000 
-0.31985 -0.04650 
-0.23439 -0.61172 
-100.00000 -100.00000 
-100.00000  0.00001 
-100.00000 -100.00000 
-100.00000  0.19464 
-100.00000 -100.00000 
-100.00000 -100.00000 
 0.13759 -100.00000 
-0.27914 -100.00000 
-100.00000 -100.00000 
-100.00000 -100.00000 
 0.13841  0.00005 
-100.00000 -100.00000 
-100.00000 -100.00000 
-100.00000 -100.00000 
 0.00000  0.00000 
 0.26261 -100.00000 
-100.00000 -100.00000 
 0.87456  0.04774 
-100.00000 -100.00000 
-100.00000 -100.00000 
 0.26298 -100.00000 
-100.00000 -100.00000 
-100.00000 -100.00000 
-100.00000 -100.00000 
 0.07379 -0.28419 
-100.00000 -0.00012 
-0.13240 -100.00000 
-100.00000 -100.00000 
-100.00000  0.00019 
-100.00000 -100.00000 
-100.00000 -100.00000 
-100.00000 -100.00000 
-100.00000 -100.00000 
-100.00000 -100.00000 
 0.23052  0.16270 
-100.00000 -100.00000 
 0.00000  0.00000 
-100.00000 -100.00000 
-100.00000 -100.00000 
-0.82120 -100.00000 
-100.00000 -100.00000 
-100.00000 -100.00000 
-100.00000 -100.00000 
-100.00000 -100.00000 
-100.00000 -100.00000 
-0.72087 -100.00000 
-100.00000 -100.00000 
-100.00000 -0.00006 
-100.00000 -100.00000 
-100.00000 -100.00000 
 0.00072 -100.00000 
-100.00000 -100.00000 
-0.51879  0.67824 
-100.00000 -0.00485 
-0.62316 -0.09493 
-100.00000 -100.00000 
-100.00000 -100.00000 
 0.14196  0.17636 
-100.00000 -100.00000 
-0.16590  0.13716 
-0.68298 -0.21117 
-100.00000 -100.00000 
-100.00000 -100.00000 
-100.00000 -0.07293 
 0.00000  0.00000 
-100.00000 -100.00000 
 0.00000  0.00000 
-0.17483 -0.01615 
-100.00000 -100.00000 
-100.00000 -100.00000 
-0.30699 -0.04344 
-100.00000 -100.00000 
-100.00000 -100.00000 
-0.56906  0.13766 
-0.43187  0.37618 
-100.00000 -100.00000 
-100.00000 -100.00000 
-100.00000 -100.00000 
-0.00003 -100.00000 
-100.00000 -100.00000 
-1.42078 -1.09850 
-100.00000 -100.00000 
-0.30086 -100.00000 
 0.17233 -100.00000 
-100.00000 -0.07341 
 0.27858 -100.00000 
-100.00000 -100.00000 
-0.16522 -100.00000 
-0.31278 -0.21121 
-0.01903 -0.63322 
-0.16540 -100.00000 
-0.54504 -100.00000 
-0.00108 -100.00000 
-0.48531 -0.52304 
-0.10913  0.07294 
 0.74859  0.00690 
-0.72628  0.22806 
-0.68259 -0.55812 
 0.01463 -0.35350 
-100.00000 -100.00000 
-0.42955 -100.00000 
-1.02466 -0.12290 
-100.00000 -100.00000 
-0.00034 -100.00000 
 0.88986 -0.49354 
-100.00000 -100.00000 
-100.00000 -100.00000 
-0.27929 -100.00000 
-100.00000 -100.00000 
-0.01474 -0.02118 
-0.29047 -0.09869 
-100.00000 -100.00000 
-100.00000 -100.00000 
 0.13759 -100.00000 
-100.00000 -100.00000 
-100.00000 -0.10571 
-100.00000  0.37864 
-100.00000 -100.00000 
-100.00000 -100.00000 
-0.02187 -0.32149 
-100.00000 -100.00000 
-100.00000 -100.00000 
-100.00000 -100.00000 
-0.64740 -0.63352 
 0.32077  0.02833 
-0.33097 -0.26020 
-0.14358 -0.21077 
-100.00000 -0.39367 
 0.38761 -0.29552 
-100.00000 -100.00000 
-100.00000 -100.00000 
-100.00000 -100.00000 
 0.37862  0.48533 
 0.00001 -0.37745 
 0.00000  0.00000 
-0.06816 -100.00000 
-100.00000 -100.00000 
-0.37844  0.09052 
 0.10813  0.11939 
-100.00000 -100.00000 
-100.00000 -100.00000 
 0.41378  0.24526 
-0.18383  0.26908 
-100.00000 -100.00000 
 0.26323  0.59209 
-100.00000 -0.07359 
-100.00000 -100.00000 
-100.00000 -0.04312 
 0.09838 -0.30581 
