-0.55716 -0.28123 
 0.57544  0.96999 
-0.92675 -0.15671 
 0.91723 -0.18535 
 0.00001 -100.00000 
 0.35282 -0.00003 
-0.13231 -0.44931 
-100.00000  0.00011 
-0.00014 -100.00000 
-0.74336  0.01170 
-0.73339  0.06048 
 0.11039 -100.00000 
 0.32604 -0.00021 
-0.44268  0.17490 
 0.00000  0.00000 
-100.00000 -100.00000 
-0.15117  0.20352 
-100.00000 -100.00000 
 0.00000  0.00000 
 0.09821  0.02110 
-100.00000 -100.00000 
-0.16242 -0.67485 
-100.00000 -100.00000 
 0.00012 -100.00000 
 0.00010 -100.00000 
-0.04900 -0.26878 
-100.00000  0.25291 
-100.00000 -100.00000 
-0.31565  0.39878 
 0.00000  0.00000 
-0.46801 -100.00000 
 0.00000  0.00000 
-100.00000 -100.00000 
-100.00000 -100.00000 
 0.00000  0.00000 
-0.29940  0.39669 
 0.04196 -0.22739 
-100.00000 -100.00000 
-0.09534  0.23412 
-0.22861 -100.00000 
-100.00000 -100.00000 
 0.08900  0.43892 
-100.00000 -100.00000 
 0.00000  0.00000 
-100.00000 -100.00000 
-100.00000 -0.34650 
 0.00004 -100.00000 
-0.27696 -0.18021 
-100.00000 -100.00000 
-100.00000 -100.00000 
-0.22897  0.26314 
-0.45090 -0.00028 
 0.62631 -100.00000 
-100.00000 -0.21673 
-100.00000 -100.00000 
-0.00008  0.13731 
-0.36224 -100.00000 
 0.35979 -100.00000 
-100.00000 -100.00000 
-0.12416 -0.48981 
-100.00000 -100.00000 
-100.00000  0.13746 
-100.00000 -100.00000 
 0.20846 -0.44877 
-0.52121  0.04924 
 0.12738 -0.78254 
-100.00000 -100.00000 
-0.96708 -100.00000 
-100.00000 -100.00000 
-0.56747 -100.00000 
 0.11938 -0.05691 
-100.00000 -100.00000 
 0.11121  0.05239 
 0.32243 -0.04348 
 0.00000  0.00000 
-100.00000 -100.00000 
-100.00000 -100.00000 
-100.00000 -100.00000 
-100.00000 -100.00000 
-100.00000 -0.00003 
 0.01527  0.13617 
-0.27972 -0.10491 
 0.13018 -0.54280 
-100.00000 -100.00000 
-100.00000 -100.00000 
 0.44123  0.34272 
-0.25433 -100.00000 
 0.12405 -100.00000 
 0.62374  0.07944 
-0.31607 -0.24591 
 0.03359 -0.22786 
-0.15905  0.24317 
-100.00000 -100.00000 
-0.13282 -100.00000 
-100.00000 -100.00000 
-0.53874  0.11520 
-100.00000 -100.00000 
-100.00000 -100.00000 
 0.00000  0.00000 
-0.06166  0.06463 
 0.34831  0.06245 
 0.10545 -100.00000 
 0.07741  0.46660 
-0.07876 -0.30051 
-100.00000 -100.00000 
 0.26604 -0.32538 
-100.00000 -100.00000 
-100.00000 -100.00000 
-100.00000  0.02035 
-100.00000 -100.00000 
 0.01822  0.01878 
-100.00000 -100.00000 
 0.05918  0.60991 
-100.00000 -100.00000 
-0.42537 -100.00000 
-100.00000 -100.00000 
-100.00000 -100.00000 
-100.00000 -100.00000 
 0.37865 -100.00000 
-100.00000 -100.00000 
-100.00000 -100.00000 
-100.00000 -100.00000 
-0.00311 -100.00000 
-0.26941 -100.00000 
-0.46394 -0.66508 
 0.75265  0.92402 
-0.04876 -0.10177 
-100.00000 -100.00000 
-100.00000 -100.00000 
 0.00005 -0.42042 
-100.00000 -100.00000 
-100.00000 -100.00000 
-0.06984  0.25625 
-100.00000 -100.00000 
 0.34685 -0.50869 
-0.36088 -0.38070 
-0.64512 -0.33438 
-0.96290 -0.04123 
-0.36130  0.12606 
-100.00000 -100.00000 
-0.80454 -0.40532 
-0.19342 -0.12936 
-0.69958  0.05425 
 0.00000  0.00000 
-0.20743 -100.00000 
-100.00000 -0.01394 
-100.00000 -100.00000 
 0.37231  0.00470 
 0.00000  0.00000 
-0.78191 -0.00054 
-100.00000  0.03506 
-100.00000 -100.00000 
-0.50293 -0.17600 
 0.06460 -0.40474 
 0.15012 -0.58972 
-100.00000 -100.00000 
 0.27771 -0.57127 
 0.35634 -100.00000 
-0.41178  0.14718 
-100.00000 -100.00000 
-100.00000 -100.00000 
-100.00000 -100.00000 
-0.25219 -100.00000 
-100.00000 -100.00000 
-100.00000 -100.00000 
-100.00000 -100.00000 
-100.00000 -100.00000 
 0.00000  0.00000 
-1.09512  0.05094 
-0.72464 -0.13614 
-0.64088 -0.06853 
-0.33129 -0.74687 
-0.45561  1.49385 
-100.00000 -100.00000 
 0.54615 -0.50081 
-0.69596 -0.08534 
 0.03406 -0.12603 
 0.00000  0.00000 
 0.36658 -0.20693 
 0.41679  0.37293 
-100.00000 -100.00000 
 0.04996  0.30813 
-0.46364  0.46788 
 0.37333 -0.24592 
 0.25629 -0.15751 
-0.06837 -0.18887 
 0.05863 -0.08562 
-0.22916 -0.11742 
-100.00000 -0.00031 
-100.00000 -100.00000 
-100.00000 -100.00000 
-0.00004 -0.00003 
-100.00000 -100.00000 
-100.00000 -100.00000 
-100.00000 -100.00000 
-100.00000 -100.00000 
-100.00000 -100.00000 
 0.28915 -100.00000 
-0.10600 -100.00000 
 0.13743 -0.46655 
 0.28145  0.37981 
-100.00000 -100.00000 
-100.00000 -100.00000 
-100.00000 -100.00000 
-100.00000 -0.29839 
 0.70339  0.38177 
-100.00000 -100.00000 
-100.00000 -100.00000 
-0.57249 -0.28617 
-0.80726 -0.19697 
-0.10635 -0.63676 
-0.20258 -0.35583 
-0.51415 -0.05188 
-0.55762 -100.00000 
-0.00036 -100.00000 
 0.38318  0.01765 
-100.00000 -100.00000 
 0.00463  0.05214 
 0.37962 -0.20416 
-0.09969 -0.28730 
 0.32808  0.38402 
-0.20411 -100.00000 
-0.20535  0.26282 
-0.55940  0.15707 
-100.00000 -100.00000 
-0.00885 -0.10610 
 0.00000  0.00000 
-0.95802  0.28889 
-0.13114 -0.26284 
-0.56578 -0.23120 
-0.43007 -0.20808 
-0.15053  0.09273 
-100.00000 -100.00000 
 0.03722 -0.17189 
-0.29451 -0.60166 
-1.31117 -0.00045 
-0.70218 -0.42758 
-100.00000 -0.39952 
 0.27436  0.03371 
-0.21166  0.10254 
-100.00000 -100.00000 
-100.00000 -100.00000 
 0.07416 -0.04175 
-100.00000 -100.00000 
-100.00000 -100.00000 
-0.00044 -100.00000 
-100.00000 -100.00000 
 0.00000  0.00000 
-100.00000 -100.00000 
-100.00000 -100.00000 
-0.06500 -0.09494 
-0.01814 -0.39208 
-100.00000 -100.00000 
-100.00000 -100.00000 
 0.00000  0.00000 
 0.78808  0.28799 
 0.15734 -0.20906 
-100.00000 -100.00000 
-100.00000 -0.38453 
-0.49292 -0.04286 
 0.00000  0.00000 
-100.00000 -100.00000 
-100.00000 -100.00000 
-100.00000 -100.00000 
 0.52131  0.05923 
 0.39008 -0.36363 
-0.11960  0.15686 
 0.00927 -100.00000 
-100.00000 -100.00000 
 0.92472 -0.17862 
-100.00000 -100.00000 
-0.08609 -0.22204 
-100.00000 -100.00000 
 0.11181  0.06168 
-100.00000 -0.32993 
-0.24425 -0.10769 
-0.43612 -0.27478 
-0.85021  0.44982 
-100.00000 -0.55844 
-0.38272 -100.00000 
 0.21922 -0.25314 
 0.07775  0.24679 
 0.00000  0.00000 
-0.25784  0.04960 
-0.09988 -0.55495 
-0.26764  1.16661 
 0.22788  0.87478 
-0.75931 -0.02206 
-0.19043 -1.15660 
-0.31266  0.13803 
-100.00000 -100.00000 
 0.23063  0.13758 
 0.00000  0.00000 
 0.38578 -0.08313 
-100.00000 -100.00000 
-100.00000 -100.00000 
 0.00000  0.00000 
 0.58494 -0.10298 
-0.92660  0.23895 
-100.00000 -100.00000 
-0.71794 -0.63432 
-0.31713  0.51655 
-0.06841 -0.03386 
-100.00000  0.13774 
-0.44921 -0.16039 
 0.79985 -100.00000 
 0.24275  0.25298 
-100.00000 -100.00000 
-100.00000 -100.00000 
-100.00000  0.03104 
 0.30872 -0.16086 
-0.66849 -0.12512 
-0.07175  0.45947 
-0.08667 -100.00000 
 0.00000  0.00000 
-0.18691 -0.44594 
-100.00000 -0.00001 
-0.06212  0.27625 
-100.00000 -100.00000 
-0.31260  0.26301 
-0.07276 -0.69963 
-100.00000 -100.00000 
-0.34920 -0.00035 
-0.12644 -0.20942 
-100.00000 -100.00000 
 0.00000  0.00000 
-0.30704  0.13840 
-100.00000 -100.00000 
-0.48929  0.13757 
-0.05624 -0.40388 
-100.00000 -100.00000 
 0.00000  0.00000 
-0.12352 -0.23588 
-100.00000 -100.00000 
-100.00000 -100.00000 
-100.00000  0.13743 
 0.17961 -0.12025 
 0.26303  0.05288 
-0.71201  0.67267 
-0.19974 -0.00064 
-100.00000 -100.00000 
-100.00000 -100.00000 
-100.00000 -0.23994 
-100.00000 -100.00000 
-100.00000 -100.00000 
-100.00000 -100.00000 
-100.00000 -100.00000 
-0.04407  0.44663 
 0.06427 -0.57443 
 0.07465 -0.02508 
-100.00000 -100.00000 
-100.00000 -100.00000 
-0.52906  0.42831 
-100.00000 -100.00000 
-100.00000 -100.00000 
-100.00000 -100.00000 
-100.00000 -100.00000 
 0.00000  0.00000 
-0.24229 -100.00000 
-0.00448  0.21650 
 0.25714  0.37285 
-100.00000 -100.00000 
-100.00000 -100.00000 
-100.00000 -100.00000 
-100.00000 -100.00000 
-100.00000 -100.00000 
-100.00000 -100.00000 
-100.00000 -100.00000 
-0.24270 -100.00000 
-0.32743 -100.00000 
 0.13592  0.01219 
-100.00000 -100.00000 
-100.00000 -100.00000 
-100.00000 -100.00000 
-0.60695 -0.72428 
-100.00000  0.13771 
-100.00000 -100.00000 
-0.59612 -0.08035 
-0.05243 -0.68040 
-100.00000 -100.00000 
-100.00000 -100.00000 
-0.96109  0.69516 
-0.58925 -100.00000 
 0.00000  0.00000 
-100.00000 -100.00000 
-0.69790  0.05154 
 0.18302  0.03652 
 0.05867  0.13869 
-0.24854 -0.19960 
-1.05114 -0.43298 
-0.18486 -0.26314 
 0.00000  0.00000 
-0.53500 -0.03125 
-100.00000  0.13741 
-100.00000 -100.00000 
-0.14797 -0.09505 
 0.11641  0.26307 
-100.00000 -100.00000 
-0.02425 -0.00838 
 0.74074 -0.00034 
 0.01159  0.21834 
-100.00000 -0.36993 
-0.10917 -100.00000 
 0.00000  0.00000 
-100.00000 -100.00000 
-100.00000 -100.00000 
 0.00000  0.00000 
-0.05388  0.31845 
 0.68975  0.11064 
-100.00000 -100.00000 
 0.03585 -1.10883 
-0.11124  0.18358 
-100.00000 -100.00000 
-0.25953 -100.00000 
-0.39505 -0.04389 
-100.00000 -100.00000 
-100.00000 -100.00000 
-100.00000  0.28350 
-100.00000 -100.00000 
 0.58497 -0.04358 
-100.00000 -100.00000 
-0.14726 -0.34697 
-100.00000 -100.00000 
-0.10084  0.37858 
 0.09512 -100.00000 
-100.00000 -100.00000 
-100.00000 -100.00000 
-100.00000 -100.00000 
-100.00000 -100.00000 
-100.00000 -100.00000 
-100.00000 -100.00000 
 0.00013 -100.00000 
-100.00000 -100.00000 
-0.09050 -0.44441 
-100.00000 -100.00000 
 0.00000  0.00000 
-100.00000 -100.00000 
-0.19478 -100.00000 
 0.25291 -0.04991 
-100.00000 -100.00000 
 0.00000 -100.00000 
-100.00000 -100.00000 
-100.00000 -100.00000 
-100.00000 -100.00000 
-100.00000 -100.00000 
-100.00000 -100.00000 
 0.13743 -0.04663 
-100.00000 -100.00000 
-100.00000 -100.00000 
 0.00000  0.00000 
-100.00000 -100.00000 
-100.00000 -100.00000 
-100.00000 -100.00000 
-100.00000 -100.00000 
-100.00000 -100.00000 
 0.88994  0.13742 
-0.45674  0.13760 
-100.00000 -100.00000 
 0.11703 -0.00485 
-0.28358  0.04233 
-100.00000 -100.00000 
-100.00000 -100.00000 
-100.00000  0.04244 
 0.10282 -100.00000 
-0.00017 -100.00000 
-0.05873 -100.00000 
 0.19846 -0.00474 
-0.77672 -0.18228 
-100.00000 -100.00000 
-0.44791 -0.23066 
 0.41901  0.05132 
 0.06714 -100.00000 
 0.53442 -0.36144 
 0.13706 -0.09030 
-100.00000 -0.00015 
 1.81343 -0.26864 
-100.00000 -100.00000 
-0.11591  0.04823 
-100.00000 -100.00000 
-100.00000 -100.00000 
-100.00000 -100.00000 
 0.13726 -0.00039 
-100.00000 -100.00000 
-100.00000 -100.00000 
-100.00000 -100.00000 
 0.26316  0.56860 
-100.00000 -100.00000 
-100.00000 -100.00000 
 0.48551 -0.49654 
-0.32691  0.29317 
-100.00000 -100.00000 
-0.36059  0.49845 
-0.29493 -0.14773 
 0.28193 -0.10082 
-100.00000 -100.00000 
-100.00000  0.13768 
 0.06715 -0.67908 
-100.00000 -100.00000 
 0.00000  0.00000 
-100.00000 -100.00000 
-100.00000 -100.00000 
-100.00000 -100.00000 
-0.02713 -0.07228 
-0.23416 -0.68897 
-100.00000 -100.00000 
-0.66286  0.02688 
 0.38406  0.26247 
-0.00043 -100.00000 
-0.61171  0.28215 
-0.22725 -0.30638 
-0.10499  0.19039 
 0.90709  0.27931 
-0.11246  0.09943 
-100.00000 -100.00000 
-0.58215  0.38374 
-0.10755 -0.22185 
-0.06544  0.05209 
 0.00884  0.42380 
-100.00000 -0.25699 
 0.31364 -0.07345 
-0.03176 -100.00000 
-100.00000  0.36437 
 0.15838 -0.21027 
 0.48260  0.06195 
-100.00000 -100.00000 
-100.00000 -0.00008 
-0.17574 -0.14001 
-100.00000  0.03754 
 0.21807  0.21973 
-100.00000 -100.00000 
-0.23866 -0.09046 
-1.09667 -0.61008 
-0.00016 -100.00000 
 0.23130 -0.20823 
 0.00000  0.00000 
-100.00000  0.13755 
 0.04103 -0.15754 
-100.00000 -0.69149 
-0.32094  0.27576 
 0.47182  0.16806 
-0.36890 -100.00000 
-0.60846 -0.00006 
-0.20296 -100.00000 
-100.00000 -100.00000 
-1.10205  0.05174 
-100.00000 -100.00000 
-100.00000 -100.00000 
 0.18101  0.16236 
-0.34142 -0.12798 
-100.00000  0.37853 
-0.38057  0.71549 
-100.00000 -100.00000 
-0.16382  0.10615 
-100.00000 -0.00003 
-0.10493 -100.00000 
-0.16391 -0.09554 
-100.00000 -100.00000 
 0.15768 -0.09548 
-100.00000 -100.00000 
-0.38151 -100.00000 
-100.00000 -100.00000 
-0.90669 -0.21617 
-0.51999  0.36308 
-100.00000 -100.00000 
 0.31800  0.55465 
