-100.00000 -100.00000 
-100.00000 -100.00000 
-100.00000 -100.00000 
 0.13112 -100.00000 
-100.00000  0.31606 
-100.00000 -100.00000 
-0.97298 -0.45066 
-100.00000 -100.00000 
-100.00000 -100.00000 
-0.00011 -100.00000 
-0.25443 -100.00000 
-100.00000 -100.00000 
-100.00000 -100.00000 
-100.00000 -100.00000 
-100.00000 -100.00000 
-100.00000 -100.00000 
-100.00000 -100.00000 
-100.00000 -100.00000 
-100.00000 -100.00000 
-100.00000 -100.00000 
 0.13039 -100.00000 
-100.00000 -100.00000 
-100.00000 -100.00000 
-100.00000 -100.00000 
-100.00000 -100.00000 
-100.00000 -100.00000 
-100.00000 -100.00000 
-100.00000 -100.00000 
-100.00000 -100.00000 
-100.00000 -100.00000 
-100.00000 -100.00000 
-100.00000 -100.00000 
-100.00000 -100.00000 
-100.00000 -100.00000 
-100.00000 -100.00000 
-100.00000 -100.00000 
-100.00000 -100.00000 
-100.00000 -100.00000 
-100.00000 -100.00000 
-100.00000 -100.00000 
-100.00000 -100.00000 
-100.00000 -100.00000 
-100.00000 -100.00000 
-100.00000 -100.00000 
-100.00000 -100.00000 
-100.00000 -100.00000 
-100.00000 -100.00000 
-100.00000 -100.00000 
-100.00000 -100.00000 
-100.00000 -100.00000 
-100.00000 -100.00000 
-100.00000 -100.00000 
-100.00000 -100.00000 
-100.00000 -100.00000 
-100.00000 -100.00000 
 0.75564 -0.52656 
-100.00000 -100.00000 
-100.00000 -100.00000 
-0.12625  0.13759 
-0.08988 -100.00000 
-100.00000 -100.00000 
-100.00000  0.57771 
-0.00013 -100.00000 
-100.00000 -100.00000 
-100.00000 -100.00000 
-100.00000 -100.00000 
-100.00000 -100.00000 
-100.00000 -100.00000 
-0.36449  0.02202 
-0.30444 -0.18608 
-100.00000 -100.00000 
-100.00000 -0.24225 
-100.00000 -100.00000 
-100.00000 -100.00000 
-100.00000 -100.00000 
-100.00000 -100.00000 
 0.00000  0.00000 
-100.00000 -100.00000 
-0.00004 -100.00000 
-100.00000 -100.00000 
-100.00000 -100.00000 
-100.00000 -100.00000 
-0.00010 -100.00000 
 0.26308 -0.08409 
-100.00000 -100.00000 
-100.00000 -0.30272 
-100.00000 -100.00000 
-100.00000 -100.00000 
-0.11469  0.22996 
-100.00000 -100.00000 
 0.01464  0.00012 
 0.37742 -100.00000 
 0.00000  0.00000 
-100.00000 -100.00000 
-100.00000  0.00007 
-100.00000 -100.00000 
-100.00000 -100.00000 
-100.00000 -100.00000 
-100.00000  0.60113 
-0.94677 -100.00000 
-100.00000 -0.00011 
-100.00000  0.14569 
-100.00000 -100.00000 
 0.09116 -0.68050 
-100.00000 -100.00000 
-100.00000 -100.00000 
 0.14407  0.13756 
-100.00000 -100.00000 
-100.00000 -100.00000 
-100.00000 -100.00000 
-100.00000 -100.00000 
-0.11916 -100.00000 
-100.00000 -100.00000 
-100.00000 -100.00000 
-100.00000 -100.00000 
-100.00000 -100.00000 
-100.00000 -100.00000 
-100.00000 -100.00000 
-100.00000 -0.13042 
-100.00000 -100.00000 
-100.00000 -100.00000 
-100.00000  0.00001 
-100.00000 -100.00000 
-100.00000 -100.00000 
-100.00000 -100.00000 
-100.00000 -100.00000 
-100.00000 -100.00000 
-0.00012  0.00008 
-100.00000 -100.00000 
-100.00000 -100.00000 
-100.00000 -100.00000 
-100.00000 -100.00000 
-100.00000 -100.00000 
-100.00000  0.02025 
-100.00000 -100.00000 
-100.00000  0.13738 
-100.00000 -100.00000 
-0.22922 -0.37155 
-1.03157 -100.00000 
 0.00000  0.00000 
-100.00000 -100.00000 
-100.00000 -100.00000 
-100.00000 -100.00000 
-100.00000 -100.00000 
-0.00015 -100.00000 
-100.00000 -100.00000 
-100.00000 -100.00000 
-100.00000 -100.00000 
-100.00000 -100.00000 
-100.00000 -100.00000 
-100.00000 -100.00000 
-0.00001 -100.00000 
-0.00083 -100.00000 
-0.22518 -100.00000 
-0.56865 -0.32976 
-100.00000 -100.00000 
-100.00000 -100.00000 
-100.00000 -100.00000 
-100.00000 -100.00000 
-100.00000 -100.00000 
-100.00000 -100.00000 
-100.00000 -100.00000 
-100.00000 -100.00000 
 0.61885 -100.00000 
-100.00000 -100.00000 
 0.00000  0.00000 
-100.00000 -100.00000 
-100.00000 -100.00000 
-100.00000 -100.00000 
-100.00000  0.06613 
 0.45025 -0.06235 
-100.00000 -100.00000 
-100.00000 -100.00000 
-0.22928  0.25578 
-100.00000 -0.00173 
-100.00000  0.13678 
-100.00000 -100.00000 
-100.00000 -100.00000 
-100.00000 -100.00000 
-0.19428  0.00004 
-100.00000 -100.00000 
-0.32296  0.02026 
-100.00000 -100.00000 
-100.00000 -100.00000 
-0.22914 -100.00000 
 0.04687 -0.44434 
-100.00000 -100.00000 
-100.00000 -100.00000 
-100.00000 -100.00000 
-100.00000 -100.00000 
-100.00000 -100.00000 
-100.00000 -100.00000 
 0.00000  0.00000 
-100.00000 -100.00000 
-100.00000 -100.00000 
-100.00000 -100.00000 
 0.13699 -0.10685 
-100.00000 -100.00000 
-100.00000 -100.00000 
-100.00000 -100.00000 
-100.00000 -100.00000 
-100.00000 -100.00000 
-100.00000 -100.00000 
-100.00000 -100.00000 
-100.00000 -0.33016 
-100.00000 -100.00000 
-100.00000 -100.00000 
-100.00000 -100.00000 
-100.00000 -100.00000 
-100.00000 -100.00000 
-100.00000 -100.00000 
-100.00000 -100.00000 
-100.00000 -0.00032 
-100.00000 -100.00000 
-100.00000 -100.00000 
-100.00000 -100.00000 
-100.00000 -100.00000 
-0.56748 -100.00000 
-100.00000 -100.00000 
 0.00034 -100.00000 
-100.00000 -100.00000 
-100.00000 -0.10654 
-100.00000 -100.00000 
-100.00000 -0.02916 
-100.00000 -100.00000 
-100.00000 -100.00000 
-100.00000 -100.00000 
-100.00000 -100.00000 
-0.44887  0.28605 
-100.00000 -100.00000 
-0.83849 -1.08660 
-0.24833 -0.65079 
 0.15092 -0.08833 
-100.00000 -100.00000 
-100.00000 -100.00000 
-100.00000  0.17472 
-100.00000 -100.00000 
-100.00000 -100.00000 
-100.00000 -100.00000 
-100.00000 -100.00000 
-0.08285 -0.28423 
-0.04180 -100.00000 
-100.00000 -100.00000 
-100.00000 -0.28720 
 0.00003 -100.00000 
-100.00000 -100.00000 
 0.00000  0.00000 
-100.00000 -100.00000 
-100.00000  0.37861 
-100.00000 -100.00000 
-100.00000 -100.00000 
-100.00000 -100.00000 
-1.26242 -100.00000 
-100.00000 -100.00000 
-100.00000  0.29497 
-100.00000 -100.00000 
-1.22451 -1.21821 
-100.00000 -100.00000 
-100.00000 -100.00000 
-100.00000 -100.00000 
-100.00000 -100.00000 
-100.00000 -100.00000 
-100.00000 -100.00000 
-0.29647 -0.99322 
-100.00000 -100.00000 
-100.00000 -100.00000 
-100.00000 -100.00000 
 0.00000  0.00000 
-100.00000 -0.35576 
-100.00000 -100.00000 
-0.32533  0.00001 
-100.00000 -100.00000 
-100.00000 -100.00000 
-0.29652 -100.00000 
-100.00000 -100.00000 
 0.63209  0.12939 
-0.75194 -100.00000 
 0.16540 -0.33040 
-100.00000 -100.00000 
-100.00000 -100.00000 
-100.00000 -100.00000 
-100.00000 -100.00000 
-0.54850 -100.00000 
-100.00000 -100.00000 
-100.00000 -100.00000 
-100.00000 -100.00000 
-100.00000 -100.00000 
-100.00000 -100.00000 
-100.00000 -100.00000 
-100.00000 -100.00000 
-100.00000 -100.00000 
-100.00000 -100.00000 
-100.00000 -100.00000 
-100.00000  0.13748 
-0.24274 -100.00000 
-100.00000 -100.00000 
-100.00000 -100.00000 
-100.00000 -100.00000 
 0.02035 -100.00000 
-100.00000 -100.00000 
-100.00000 -100.00000 
-100.00000 -100.00000 
-0.35041 -100.00000 
-100.00000 -100.00000 
-100.00000 -100.00000 
-100.00000 -100.00000 
-100.00000 -100.00000 
-100.00000 -100.00000 
-100.00000 -100.00000 
-100.00000 -100.00000 
-100.00000 -100.00000 
-100.00000 -100.00000 
 0.00011 -100.00000 
-100.00000 -100.00000 
-0.12647 -100.00000 
-100.00000 -100.00000 
-100.00000 -100.00000 
-100.00000 -100.00000 
-100.00000  0.13747 
-100.00000 -100.00000 
-100.00000 -100.00000 
-100.00000 -100.00000 
-100.00000 -100.00000 
-100.00000 -0.22313 
-100.00000 -100.00000 
-100.00000 -100.00000 
-100.00000 -100.00000 
 0.35938 -100.00000 
-100.00000  0.13937 
-100.00000 -100.00000 
-100.00000 -100.00000 
-100.00000 -100.00000 
-100.00000 -100.00000 
-100.00000 -100.00000 
-100.00000 -100.00000 
-100.00000 -100.00000 
-100.00000 -100.00000 
-100.00000 -100.00000 
-100.00000 -100.00000 
-100.00000 -100.00000 
-100.00000 -100.00000 
-100.00000 -100.00000 
-100.00000 -100.00000 
-100.00000 -100.00000 
-100.00000 -100.00000 
-100.00000 -100.00000 
-100.00000 -100.00000 
-100.00000 -100.00000 
-100.00000 -100.00000 
-100.00000 -100.00000 
-100.00000 -100.00000 
-100.00000 -100.00000 
-100.00000 -100.00000 
-100.00000 -100.00000 
-0.08638 -0.08303 
-100.00000 -100.00000 
 0.00000  0.00000 
-100.00000 -100.00000 
-100.00000 -100.00000 
-100.00000 -100.00000 
-0.12677 -100.00000 
-100.00000 -100.00000 
-0.00001 -100.00000 
 0.00000  0.00000 
-100.00000 -100.00000 
-100.00000 -100.00000 
-100.00000 -100.00000 
-100.00000 -0.16159 
-100.00000 -100.00000 
 0.72008 -0.12537 
-100.00000 -100.00000 
-100.00000 -100.00000 
-100.00000 -100.00000 
-100.00000 -100.00000 
-100.00000 -100.00000 
-100.00000 -100.00000 
-100.00000 -100.00000 
-100.00000 -100.00000 
-100.00000 -100.00000 
-100.00000 -100.00000 
-0.00006 -100.00000 
-100.00000 -0.15924 
-100.00000 -100.00000 
-100.00000 -100.00000 
-100.00000 -100.00000 
-100.00000 -100.00000 
-100.00000 -100.00000 
-100.00000 -100.00000 
-100.00000 -100.00000 
-0.08789  0.62827 
-100.00000 -100.00000 
-100.00000 -100.00000 
-100.00000 -100.00000 
-100.00000 -100.00000 
-100.00000 -100.00000 
-100.00000 -100.00000 
-100.00000 -100.00000 
-100.00000 -100.00000 
-100.00000 -100.00000 
-100.00000 -100.00000 
-100.00000 -100.00000 
-100.00000 -0.00002 
-100.00000 -100.00000 
-100.00000 -100.00000 
-100.00000 -100.00000 
 0.21071 -100.00000 
-100.00000 -100.00000 
-100.00000 -0.00000 
-100.00000 -100.00000 
-100.00000 -100.00000 
-100.00000 -100.00000 
-0.10154 -100.00000 
-0.17641 -0.14094 
-100.00000 -100.00000 
-0.03798 -100.00000 
-100.00000 -100.00000 
-100.00000 -100.00000 
-100.00000 -100.00000 
-0.10064 -100.00000 
-100.00000 -100.00000 
-100.00000 -100.00000 
-100.00000 -100.00000 
-100.00000 -100.00000 
-100.00000 -100.00000 
-100.00000 -100.00000 
-100.00000 -100.00000 
-100.00000 -100.00000 
-100.00000 -100.00000 
 0.06783 -100.00000 
 0.04547  0.07411 
-100.00000 -100.00000 
 0.13763 -100.00000 
-100.00000 -100.00000 
-100.00000 -100.00000 
 0.00000  0.00000 
-100.00000 -100.00000 
-100.00000 -100.00000 
-100.00000 -100.00000 
-100.00000 -100.00000 
-100.00000 -100.00000 
-100.00000 -0.12998 
-100.00000 -100.00000 
-100.00000 -100.00000 
-100.00000 -100.00000 
-100.00000 -100.00000 
-100.00000 -100.00000 
-100.00000 -100.00000 
-100.00000 -100.00000 
 0.13766 -0.00748 
-100.00000 -100.00000 
 0.38409  0.16811 
-100.00000 -100.00000 
-0.36809 -100.00000 
-100.00000 -100.00000 
-100.00000 -100.00000 
-100.00000 -100.00000 
-100.00000 -100.00000 
-100.00000 -100.00000 
-100.00000 -100.00000 
-100.00000 -100.00000 
-100.00000 -100.00000 
-100.00000 -100.00000 
-100.00000 -100.00000 
-100.00000 -100.00000 
-100.00000 -100.00000 
-100.00000 -100.00000 
-100.00000 -100.00000 
-100.00000 -100.00000 
-100.00000 -100.00000 
-100.00000 -0.04377 
-0.36879 -0.75144 
-100.00000 -100.00000 
-100.00000 -100.00000 
 0.09332 -100.00000 
-100.00000 -100.00000 
-100.00000 -0.00034 
-100.00000 -100.00000 
-100.00000 -100.00000 
 0.04510  0.16767 
-0.69805  0.45781 
-100.00000 -100.00000 
-100.00000 -100.00000 
-100.00000 -100.00000 
-0.30284 -0.34097 
-100.00000 -100.00000 
-100.00000 -100.00000 
-100.00000 -100.00000 
-0.00034 -100.00000 
-100.00000 -100.00000 
-0.20350  0.00016 
-0.20315 -0.21084 
-100.00000 -100.00000 
 0.26280 -100.00000 
-100.00000 -100.00000 
-100.00000 -100.00000 
-100.00000 -100.00000 
-0.20512 -100.00000 
-0.75395 -0.09528 
-100.00000 -100.00000 
-100.00000 -100.00000 
-100.00000 -100.00000 
 0.47051 -100.00000 
-100.00000 -100.00000 
 0.03224 -100.00000 
-100.00000 -100.00000 
-100.00000  0.23115 
 0.05963 -100.00000 
-100.00000 -100.00000 
-100.00000 -100.00000 
-0.10533 -0.07146 
-100.00000  0.15383 
-100.00000 -100.00000 
-0.27214 -0.01211 
-100.00000 -100.00000 
-100.00000 -100.00000 
-100.00000 -100.00000 
-0.10498 -100.00000 
 0.00033 -100.00000 
-100.00000 -100.00000 
-100.00000 -100.00000 
-0.66233 -0.36801 
-0.20181 -100.00000 
-100.00000 -100.00000 
-100.00000 -100.00000 
 0.04341 -0.19059 
 0.57926 -100.00000 
-100.00000 -100.00000 
-100.00000 -100.00000 
 0.04205 -100.00000 
-0.10034 -0.10353 
-100.00000 -100.00000 
 0.15972 -100.00000 
-100.00000 -100.00000 
-100.00000 -100.00000 
-100.00000 -100.00000 
-100.00000 -100.00000 
-100.00000 -100.00000 
-100.00000 -100.00000 
-100.00000 -100.00000 
-100.00000 -100.00000 
-0.48437 -0.47827 
-100.00000 -100.00000 
 0.56869  0.14405 
-100.00000 -100.00000 
-100.00000 -100.00000 
-100.00000 -100.00000 
 0.28392 -0.39312 
-100.00000 -100.00000 
-100.00000 -100.00000 
-100.00000 -100.00000 
-100.00000 -100.00000 
 0.00000  0.00000 
-100.00000 -100.00000 
-0.54898  0.16757 
-100.00000  0.22064 
-100.00000 -100.00000 
-0.05457  0.04506 
-100.00000 -100.00000 
-0.10514 -0.10944 
-100.00000  0.13748 
 0.26305 -0.21084 
-100.00000 -100.00000 
-100.00000 -100.00000 
-100.00000 -0.10946 
-100.00000 -100.00000 
