-100.00000 -100.00000 
 0.34137  0.25302 
-0.31347  0.24332 
-100.00000 -100.00000 
-0.31424  0.37892 
-0.00009 -100.00000 
 0.09719 -0.44931 
-100.00000 -100.00000 
-0.00005 -100.00000 
-0.16585  0.00021 
 1.06416  0.13679 
-100.00000 -100.00000 
-100.00000 -100.00000 
-0.31392  0.26295 
-100.00000 -100.00000 
-0.75696  0.20790 
-0.13969  0.13578 
 0.50948  0.71914 
-100.00000 -100.00000 
-100.00000 -100.00000 
 0.67802 -100.00000 
 0.00028 -100.00000 
 0.00000  0.00000 
-100.00000 -100.00000 
-100.00000 -100.00000 
-0.44834 -0.12611 
-100.00000 -100.00000 
-100.00000 -100.00000 
 0.21311 -100.00000 
-100.00000 -100.00000 
-0.42088 -0.98768 
-100.00000 -100.00000 
 0.26307 -0.10447 
-0.57667  0.28039 
-100.00000 -100.00000 
-100.00000 -100.00000 
 0.00003 -100.00000 
 0.08017 -0.03054 
-100.00000 -100.00000 
-0.00002 -100.00000 
-0.43353  0.05226 
-0.41813 -0.34725 
 0.00012 -100.00000 
-100.00000 -100.00000 
-100.00000 -100.00000 
-100.00000 -100.00000 
-100.00000  0.01346 
-100.00000 -100.00000 
-100.00000 -100.00000 
-100.00000 -100.00000 
-0.32969  0.26480 
 0.15325 -0.13146 
-0.00923 -0.31057 
-100.00000 -100.00000 
-100.00000 -100.00000 
 0.00000  0.00000 
 0.06920  0.13739 
-100.00000 -100.00000 
 0.10242 -100.00000 
-100.00000 -100.00000 
-100.00000 -100.00000 
-0.31410  0.00016 
 0.00000  0.00000 
-0.00048 -100.00000 
-1.28285 -0.11726 
-100.00000 -100.00000 
-100.00000 -100.00000 
-0.15427 -100.00000 
-100.00000 -100.00000 
 0.00000  0.00000 
-100.00000 -0.00014 
 0.41934 -100.00000 
 0.50549 -0.60320 
-100.00000 -100.00000 
-0.78376 -100.00000 
 0.00000  0.00000 
 0.82354  0.67810 
-100.00000 -100.00000 
-100.00000 -100.00000 
 0.00000  0.00000 
-100.00000 -100.00000 
-100.00000 -100.00000 
-0.07334  0.18790 
-100.00000 -100.00000 
 0.00988  0.51688 
 0.56562  0.31595 
-100.00000 -0.00004 
-100.00000 -100.00000 
-0.10189 -0.18336 
-1.17198 -100.00000 
 0.02901  0.19075 
-0.30322 -100.00000 
-100.00000 -100.00000 
-0.11183  0.39775 
-100.00000 -100.00000 
-100.00000 -100.00000 
 0.37875 -0.11705 
 0.23886  0.25154 
-0.62375 -0.24615 
-0.02038 -0.21409 
 0.05214 -0.18219 
-0.35173 -0.11734 
 0.26294 -0.09724 
-100.00000 -100.00000 
 0.00000  0.00000 
-100.00000  0.15287 
 0.13752 -0.41987 
-100.00000 -100.00000 
-100.00000 -100.00000 
 0.00000  0.00000 
 0.69382 -0.04659 
-100.00000 -100.00000 
-0.13195  0.61631 
 0.41620  0.07499 
 0.28651 -0.00016 
 0.16678  0.50980 
-0.33061  0.25071 
-100.00000 -100.00000 
 0.38681  0.34012 
-0.46637 -0.52987 
-100.00000 -100.00000 
-100.00000 -100.00000 
-0.86898 -0.43186 
-0.42342  0.02053 
-0.15838 -100.00000 
-0.94579 -100.00000 
-0.42984  0.26292 
-100.00000 -100.00000 
-0.24482 -0.64956 
 0.42231  0.56190 
-100.00000 -100.00000 
 0.23869  0.01917 
-100.00000 -100.00000 
-100.00000 -100.00000 
 0.03732 -100.00000 
-1.08864  0.00920 
 0.89128  0.02495 
-0.96026 -0.68266 
-0.42819 -0.32548 
 0.26316 -100.00000 
-100.00000 -0.09829 
-100.00000 -100.00000 
-100.00000 -100.00000 
-1.18590 -0.68884 
-0.37650  0.16535 
-0.43893 -0.30022 
 0.00000  0.00000 
 0.13668  1.13791 
-100.00000 -100.00000 
-1.43983  0.37643 
-0.00066 -100.00000 
-0.14629 -100.00000 
-0.57537 -0.62960 
-0.06669 -100.00000 
 0.27232 -0.02149 
 0.00000  0.00000 
-1.13722 -0.12483 
 0.27226 -0.32145 
-0.00986  0.07881 
-100.00000 -100.00000 
-100.00000 -100.00000 
 0.27833 -0.00082 
-100.00000 -100.00000 
-100.00000 -100.00000 
-100.00000 -0.32641 
 0.18517 -0.28292 
-100.00000 -100.00000 
-0.15748 -0.00003 
-1.50013 -0.16048 
-0.65793 -100.00000 
 0.00000  0.00000 
 0.08892  0.03932 
 0.36106  0.00170 
-100.00000 -100.00000 
-1.48170 -0.62689 
-0.55212 -0.06415 
-100.00000 -100.00000 
-0.65072 -100.00000 
 0.07234  0.31350 
-0.65851  0.03756 
-100.00000 -100.00000 
-100.00000 -0.11725 
-100.00000 -100.00000 
 0.12468 -0.63253 
-0.99250 -0.32638 
 0.00000  0.00000 
 0.67797 -100.00000 
 0.06630 -0.48874 
-0.00013 -100.00000 
-100.00000 -100.00000 
-100.00000 -100.00000 
-100.00000 -100.00000 
-100.00000 -100.00000 
 0.00000  0.00000 
-100.00000 -0.38452 
-100.00000 -100.00000 
-0.14596 -100.00000 
-100.00000 -100.00000 
-0.27782 -100.00000 
 0.16531  0.13973 
 0.56070  0.38373 
 0.61897 -0.08735 
-0.02675  0.09048 
-100.00000 -100.00000 
-1.31273 -0.63567 
-0.30431  0.00731 
-100.00000 -100.00000 
-100.00000 -100.00000 
 0.07651  0.22821 
-1.17916 -0.42555 
 0.00000  0.00000 
-1.39220  0.01803 
-100.00000 -0.03541 
-100.00000 -100.00000 
-100.00000 -100.00000 
-100.00000 -100.00000 
-100.00000 -0.20479 
-100.00000 -0.46690 
 0.37748  0.15658 
-0.29498  0.08713 
-0.43426 -0.68788 
-0.00000 -100.00000 
-0.47708 -0.11530 
-0.52835  0.17615 
-0.60308  0.28259 
-100.00000 -100.00000 
-100.00000 -100.00000 
-100.00000 -100.00000 
-0.65935 -0.45925 
-100.00000 -100.00000 
-0.14723  0.27873 
 0.27606  0.18746 
 0.18370 -0.22273 
-100.00000 -100.00000 
-0.00398 -100.00000 
-0.13041 -100.00000 
 0.51656 -0.25269 
-0.06481 -0.39086 
-100.00000 -100.00000 
-0.00165 -100.00000 
 0.00000  0.00000 
-0.29785  0.31435 
-100.00000 -100.00000 
 0.13710 -0.00013 
-100.00000 -100.00000 
-100.00000  0.00020 
-100.00000 -100.00000 
-100.00000 -100.00000 
-100.00000 -100.00000 
-100.00000 -100.00000 
-0.30623 -0.14809 
-100.00000 -100.00000 
 0.00000  0.00000 
-0.84211 -0.37390 
-0.10711 -100.00000 
-100.00000 -100.00000 
-1.53601 -0.67709 
-100.00000 -100.00000 
 0.10599  0.48281 
-0.13958 -0.20520 
-100.00000 -100.00000 
 0.00000  0.00000 
-100.00000 -100.00000 
-100.00000 -100.00000 
-100.00000 -100.00000 
-0.01341 -100.00000 
-100.00000 -100.00000 
-0.01398 -0.37640 
-100.00000 -0.00013 
 0.58162 -0.82007 
-100.00000 -100.00000 
-0.76367 -1.16300 
-100.00000 -100.00000 
 1.38386  0.02789 
 0.49309  0.03457 
 0.00000  0.00000 
 0.11443 -0.14350 
-0.40923  0.43154 
-0.27524 -100.00000 
 0.00000  0.00000 
-100.00000 -100.00000 
-100.00000 -100.00000 
-0.00073 -100.00000 
-100.00000 -100.00000 
-0.70260 -1.04219 
-100.00000  0.33124 
-100.00000 -100.00000 
-100.00000  0.48561 
 0.18096  0.59342 
 0.23864  0.57199 
-0.16842 -0.24014 
-100.00000 -100.00000 
-100.00000 -100.00000 
-0.09625 -100.00000 
-0.30722 -100.00000 
-100.00000 -100.00000 
-100.00000 -100.00000 
-100.00000  0.00006 
 0.00083 -100.00000 
 0.00000  0.00000 
 0.00005 -0.10340 
-100.00000 -100.00000 
-1.41270 -0.70953 
-0.18335  1.02262 
 0.13333 -100.00000 
-100.00000 -100.00000 
-100.00000 -100.00000 
-100.00000 -100.00000 
-100.00000 -100.00000 
-100.00000 -100.00000 
-100.00000 -100.00000 
-0.82806 -0.08421 
-100.00000 -100.00000 
 0.23929 -100.00000 
 0.54507  0.29941 
-100.00000 -100.00000 
 0.00000  0.00000 
 0.21448 -0.20794 
-100.00000 -100.00000 
 0.26308 -100.00000 
-100.00000 -100.00000 
-100.00000 -100.00000 
-0.00020 -100.00000 
-0.03729 -0.18020 
 1.09308 -0.65379 
 0.48553 -0.12272 
-100.00000 -100.00000 
-100.00000 -100.00000 
 0.14740  0.45971 
-100.00000 -100.00000 
-0.55712  0.26308 
-100.00000 -100.00000 
 0.00000  0.00000 
-100.00000 -100.00000 
-0.01122 -0.50149 
-100.00000 -100.00000 
-0.04377 -0.00055 
-0.38550 -100.00000 
-100.00000 -0.25282 
-100.00000 -100.00000 
-0.00009 -100.00000 
-100.00000 -100.00000 
 0.69230  0.09864 
 0.00000  0.00000 
-100.00000 -100.00000 
-100.00000 -100.00000 
 0.00000  0.00000 
 0.21770 -0.12446 
-100.00000 -100.00000 
-100.00000 -0.12518 
 0.00000  0.00000 
-100.00000 -100.00000 
-100.00000 -100.00000 
-0.00569  0.53610 
 0.00000  0.00000 
 0.00000  0.00000 
-100.00000 -100.00000 
-100.00000 -100.00000 
 0.00000  0.00000 
-0.00021 -100.00000 
-100.00000 -100.00000 
-0.05792 -0.39634 
 0.00000  0.00000 
-0.42249 -0.24050 
-100.00000 -100.00000 
 0.00000  0.00000 
-100.00000 -100.00000 
-100.00000 -100.00000 
-100.00000 -100.00000 
-100.00000 -100.00000 
-100.00000 -100.00000 
-0.78225  0.48962 
 0.00025 -0.00009 
 0.00000  0.00000 
-0.16203  0.01197 
 0.00000  0.00000 
-100.00000 -100.00000 
-0.17510 -100.00000 
-0.04419  0.13820 
 0.10769  0.35336 
-100.00000 -100.00000 
-0.14815 -0.20961 
 0.08688 -0.03234 
-100.00000 -100.00000 
-100.00000 -100.00000 
-0.98060 -0.08379 
-100.00000 -100.00000 
-100.00000 -100.00000 
-100.00000 -100.00000 
 0.00000  0.00000 
-100.00000 -100.00000 
-0.00001 -100.00000 
-0.00031 -100.00000 
-100.00000 -100.00000 
-100.00000 -0.09482 
-100.00000 -100.00000 
 0.37849 -100.00000 
 0.13783 -100.00000 
-100.00000 -100.00000 
-0.63154 -0.60400 
-100.00000 -100.00000 
-100.00000 -100.00000 
 0.32935 -100.00000 
-0.11732 -0.02135 
 0.12205  0.56721 
-0.00015 -100.00000 
 0.00030 -100.00000 
-0.66065 -100.00000 
 0.51439 -0.00827 
 0.00000  0.00000 
-0.16760 -0.47997 
-0.23525 -0.46725 
-100.00000 -100.00000 
-0.49209 -0.62353 
-0.39814  0.19371 
-100.00000 -100.00000 
-0.49428  0.06520 
-100.00000 -100.00000 
 0.27508  0.34086 
-100.00000 -100.00000 
 0.12256 -0.03894 
-100.00000 -100.00000 
-100.00000 -100.00000 
-100.00000 -100.00000 
-100.00000 -100.00000 
-100.00000 -100.00000 
-0.00505  0.16978 
 0.10980 -0.32322 
-0.10108 -0.36714 
 0.00000  0.00000 
-100.00000 -100.00000 
-100.00000 -100.00000 
-0.45702  0.46613 
-100.00000 -100.00000 
-0.13146 -100.00000 
-100.00000 -100.00000 
-100.00000 -100.00000 
-100.00000 -100.00000 
-100.00000 -100.00000 
 0.22966  0.71856 
-100.00000 -100.00000 
 0.00025 -100.00000 
-0.14321 -100.00000 
-100.00000 -100.00000 
-100.00000 -100.00000 
-0.28615 -0.06962 
-100.00000 -100.00000 
 0.21948  0.56974 
 0.30594  0.50837 
-100.00000 -100.00000 
-100.00000 -100.00000 
 0.16722  0.28192 
-100.00000 -100.00000 
-100.00000 -100.00000 
 0.30255  0.68435 
-0.14739  0.26295 
-100.00000 -100.00000 
-100.00000  0.04267 
-100.00000 -100.00000 
-0.43380 -100.00000 
-100.00000 -100.00000 
-100.00000 -100.00000 
 0.35952  0.00528 
-0.79501 -0.07709 
 0.58499 -100.00000 
 0.00006 -0.57706 
 0.77894 -0.10125 
 0.00067 -100.00000 
-100.00000  0.00017 
-0.05421 -100.00000 
-0.13773 -0.00000 
-100.00000 -100.00000 
 0.37882 -0.13023 
 0.18101 -100.00000 
 0.48120  0.37359 
-1.49447 -100.00000 
 0.00000  0.00000 
-100.00000 -100.00000 
 0.00000  0.00000 
-100.00000  0.26320 
-100.00000 -100.00000 
 0.10474 -0.32028 
-100.00000 -100.00000 
-100.00000 -100.00000 
-0.00015 -100.00000 
-0.18449 -100.00000 
-0.16488 -0.00011 
 0.22589  0.06933 
-100.00000 -100.00000 
-0.24749 -0.04498 
 0.00007 -0.10924 
-100.00000 -100.00000 
-0.42130  0.55110 
-0.13877  0.35814 
 0.37848  0.13754 
 0.65107  0.06490 
-0.73363 -0.71817 
 0.00000  0.00000 
-1.06501 -100.00000 
-100.00000 -100.00000 
-0.52821  0.13030 
 0.67824 -0.82235 
-0.08376  0.00021 
-1.23019 -0.00030 
-100.00000 -100.00000 
-0.19093  0.27449 
-1.24863  0.12024 
 0.41144 -0.15519 
-1.15828 -100.00000 
 0.23188 -0.29514 
-0.30630 -100.00000 
 1.96198  0.05226 
 0.64376  0.38200 
-0.16053 -0.38114 
 0.28213 -0.07135 
-100.00000 -100.00000 
-0.10214 -0.55404 
 0.00000  0.00000 
-100.00000 -0.10921 
-0.00034 -0.00004 
-0.00015 -0.00002 
-0.11178 -0.33365 
 0.37826 -100.00000 
-0.02007  0.13739 
 0.00000  0.00000 
-0.39346 -100.00000 
-0.27878 -100.00000 
-0.50071 -0.02357 
-100.00000 -100.00000 
 0.00009 -100.00000 
-100.00000 -0.10377 
-100.00000 -100.00000 
-100.00000 -100.00000 
-100.00000 -100.00000 
-0.16012 -100.00000 
-0.76562  0.03331 
-100.00000 -100.00000 
-0.45223  0.22380 
-100.00000 -100.00000 
-0.44522  0.02839 
-0.16466 -100.00000 
-100.00000 -100.00000 
 0.23153  0.26931 
-0.00008  0.02841 
-100.00000 -100.00000 
-100.00000  0.00004 
 0.00000  0.00000 
-0.56876 -0.63514 
-100.00000 -100.00000 
-0.57045 -0.67284 
-0.30317 -0.07300 
-1.08306 -0.60716 
 0.31646 -0.25472 
 0.13747 -100.00000 
-0.00029 -100.00000 
-0.31309 -100.00000 
 0.00000  0.00000 
-0.00008 -100.00000 
-100.00000 -100.00000 
-100.00000 -100.00000 
-100.00000 -0.10918 
 0.18447  0.26712 
-100.00000 -100.00000 
-100.00000 -0.16866 
-100.00000 -100.00000 
