-100.00000  0.13747 
-0.49122  0.31784 
 0.02053 -100.00000 
-0.20990 -0.57935 
 0.00010  0.02104 
-100.00000 -100.00000 
-0.16585 -100.00000 
-0.08651 -0.48733 
-100.00000 -0.00010 
-0.02835 -100.00000 
 0.38483 -100.00000 
-0.00016 -0.12615 
-100.00000 -100.00000 
-100.00000 -100.00000 
-100.00000 -100.00000 
 0.01273 -100.00000 
-100.00000 -100.00000 
-100.00000 -100.00000 
-0.96862  0.02628 
-0.00005 -100.00000 
-0.20569 -0.03547 
-100.00000 -100.00000 
-100.00000 -100.00000 
-0.17680 -100.00000 
 0.19746  0.54800 
-100.00000 -100.00000 
-100.00000 -100.00000 
-100.00000 -100.00000 
-100.00000 -100.00000 
-100.00000 -100.00000 
-100.00000 -100.00000 
 0.10841  0.13738 
-100.00000 -100.00000 
-100.00000 -100.00000 
 0.00003  0.01127 
-0.44829 -0.08630 
 0.51922  0.04580 
-100.00000 -100.00000 
-0.21528 -0.05845 
-100.00000 -100.00000 
-100.00000 -100.00000 
-100.00000 -100.00000 
-100.00000 -100.00000 
-0.44415 -100.00000 
 0.12692 -0.44514 
-100.00000 -100.00000 
-0.00005 -100.00000 
-100.00000 -100.00000 
 0.37858  0.26305 
-100.00000 -0.00002 
 0.00025 -100.00000 
 0.18936 -100.00000 
 0.11085  0.54291 
-0.38337 -0.30864 
-100.00000 -100.00000 
 0.41970 -0.28378 
 0.93542 -0.85175 
-100.00000 -0.11747 
 0.76476  0.15051 
-0.35528  0.04629 
-0.00034 -100.00000 
-0.58695  0.42018 
 0.36906 -0.05620 
-0.80669  0.31775 
-0.56768 -0.78519 
-100.00000  0.13746 
-100.00000 -100.00000 
-0.61640 -0.61426 
-100.00000 -100.00000 
-0.22404  0.42472 
 0.07271 -0.34250 
 0.53380 -0.14550 
-0.16582 -0.08643 
-100.00000 -100.00000 
-100.00000 -100.00000 
 0.00151 -0.20906 
 0.19380 -100.00000 
-0.00005  0.02135 
-100.00000 -100.00000 
 1.06053  0.06004 
-100.00000 -100.00000 
-100.00000 -100.00000 
-100.00000 -100.00000 
 0.09874 -0.44598 
 0.00007 -100.00000 
-100.00000  0.04191 
-100.00000  0.26300 
-0.05107  0.13637 
-0.00531 -0.49141 
-0.79379 -0.12042 
 0.00000  0.00000 
 0.13581 -0.12626 
 0.10165  0.57078 
-100.00000 -100.00000 
-100.00000 -100.00000 
-100.00000 -100.00000 
-100.00000 -100.00000 
-0.00010 -100.00000 
-0.48813  0.14981 
-100.00000 -100.00000 
-0.15675 -0.80869 
-100.00000 -100.00000 
-100.00000 -100.00000 
 0.26202 -0.11782 
-0.03316  0.19246 
-100.00000 -100.00000 
 0.18558 -0.25929 
-100.00000 -100.00000 
 0.00005 -100.00000 
-0.11495  0.25228 
 0.00039 -0.13927 
 0.32753 -100.00000 
 0.10555  0.87555 
-100.00000 -100.00000 
-100.00000 -100.00000 
-100.00000 -100.00000 
-100.00000 -100.00000 
-100.00000 -100.00000 
 0.00000  0.00000 
-100.00000 -100.00000 
-0.01947  0.18780 
-100.00000 -100.00000 
 1.37704 -0.55475 
-0.00030 -100.00000 
-100.00000 -100.00000 
-0.13870 -100.00000 
-0.00006 -0.05523 
-100.00000 -100.00000 
-100.00000 -100.00000 
 0.00000  0.00000 
-100.00000 -100.00000 
-100.00000 -100.00000 
-100.00000 -100.00000 
-100.00000 -100.00000 
-100.00000 -100.00000 
-0.15657 -0.00512 
-100.00000 -100.00000 
 0.03371 -0.07318 
-0.15704  0.00028 
 0.52498 -0.82935 
 0.32831 -100.00000 
-100.00000 -100.00000 
 0.52103  0.10500 
-100.00000 -100.00000 
-100.00000 -100.00000 
 0.23362 -0.40915 
 0.26615 -0.50467 
-0.00082 -100.00000 
-0.40235 -100.00000 
-0.00168 -100.00000 
-100.00000 -100.00000 
 0.03529  0.09889 
-0.23959 -0.32163 
-0.28734  0.06792 
 0.00000  0.00000 
 1.18620 -0.08242 
 0.17987 -0.63940 
-0.84344  0.47192 
-0.27968 -0.36865 
-100.00000 -100.00000 
-100.00000 -100.00000 
 0.00000  0.00000 
-100.00000 -100.00000 
-100.00000 -100.00000 
-0.15809 -100.00000 
 0.00498  0.33386 
 0.13759 -0.41736 
-0.29157  0.37848 
 0.22853 -0.54863 
 0.50521 -0.66652 
-0.63820 -0.35197 
-100.00000 -100.00000 
-100.00000 -100.00000 
-100.00000 -100.00000 
-1.13223 -0.40388 
 0.15788  0.01127 
-0.02047  0.26302 
-100.00000  0.36798 
 0.07766 -100.00000 
-0.96636  0.00004 
-100.00000 -100.00000 
 0.10081 -0.50602 
-100.00000 -100.00000 
-0.03757 -0.02316 
 0.67579  0.05009 
 0.15435 -0.38467 
-0.07226  0.42544 
 0.00018 -0.67139 
-100.00000 -100.00000 
 0.14433 -0.46343 
-100.00000 -100.00000 
-100.00000 -100.00000 
-0.11179 -0.17615 
-100.00000  0.03169 
-100.00000 -100.00000 
 0.65130  0.17068 
 0.52079 -0.50283 
-100.00000 -100.00000 
-100.00000 -100.00000 
 0.10175 -0.32905 
-0.41797  0.60340 
-100.00000 -100.00000 
 0.00007 -100.00000 
 0.05563 -0.28207 
-0.09833  0.29621 
-100.00000 -0.16026 
 0.23335 -0.29762 
-100.00000 -100.00000 
-0.34898 -0.28179 
-0.10895  0.00245 
-0.09777  0.13170 
-0.14603 -100.00000 
-0.14646 -100.00000 
-0.39920 -100.00000 
-100.00000 -100.00000 
-1.22887 -1.31745 
-100.00000 -100.00000 
-0.79971 -100.00000 
-100.00000 -100.00000 
-0.42222  0.31181 
-0.00785 -0.30388 
-0.00000 -0.00012 
 0.72180  0.26282 
 0.00000  0.00000 
 0.00000  0.00000 
-100.00000 -100.00000 
-0.03908 -100.00000 
 0.31470 -0.72721 
-0.13958 -100.00000 
-0.37136  0.26289 
-1.38330  0.37770 
 0.12479 -0.40586 
 0.00000  0.00000 
-1.27012  0.10232 
-0.16104 -0.00917 
-0.93914  0.45406 
 0.00000  0.00000 
-100.00000 -0.19943 
-0.42303  0.20612 
-0.05547  0.09357 
-0.19898 -0.42828 
 0.00000  0.00000 
-0.13179 -100.00000 
 0.13264 -100.00000 
-100.00000 -100.00000 
-100.00000 -100.00000 
 0.35538  0.06146 
 0.37838 -0.15400 
-100.00000 -100.00000 
-100.00000  0.13736 
-0.19906 -0.43088 
-0.13246 -0.06151 
-0.37738 -0.23582 
-100.00000 -100.00000 
-0.21917 -0.15899 
 0.11792 -0.20529 
-100.00000  0.13631 
-100.00000 -100.00000 
-100.00000 -100.00000 
-100.00000 -100.00000 
-100.00000 -100.00000 
 0.00005 -100.00000 
-100.00000 -100.00000 
-0.14530  0.03096 
-100.00000 -0.00014 
-100.00000 -100.00000 
-100.00000 -100.00000 
 0.26500 -0.26054 
-100.00000 -100.00000 
-100.00000 -100.00000 
-100.00000 -100.00000 
 0.20786 -100.00000 
-0.01954 -100.00000 
-0.94563  0.19725 
 0.00000  0.00000 
-0.13056  0.18588 
 0.40204 -0.28736 
 0.64220 -0.00023 
 0.11888 -100.00000 
-0.37183 -0.24730 
-100.00000 -100.00000 
-100.00000 -100.00000 
-0.27635 -0.35265 
-100.00000 -100.00000 
-0.77785 -0.32566 
-0.50981 -100.00000 
-0.04364 -100.00000 
-0.36349  0.57862 
-0.10598  0.13859 
-100.00000 -100.00000 
-0.07284 -0.36293 
-100.00000 -100.00000 
-100.00000 -100.00000 
-0.39879  1.06422 
-0.29016  0.13817 
 0.38072 -0.08339 
-0.30679 -100.00000 
-100.00000 -100.00000 
 0.20336 -0.32524 
-0.77028 -0.07342 
-100.00000 -100.00000 
-100.00000  0.13753 
-0.07465 -100.00000 
 0.76266  0.23147 
 0.02536  0.48803 
 0.05901  0.06772 
-100.00000 -100.00000 
-0.00005 -100.00000 
-0.25850 -0.24392 
-100.00000 -100.00000 
-100.00000  0.13765 
-0.27927  0.42803 
 1.36274 -0.27676 
-1.84763  0.05676 
-1.12800 -0.12532 
-100.00000 -0.00009 
 0.23944  0.38629 
-1.07564  0.23813 
 0.51650 -0.08436 
 0.00005 -100.00000 
-0.64357  0.08138 
-100.00000 -100.00000 
-100.00000 -100.00000 
 0.00000  0.00000 
-0.30637  0.13830 
-0.91523 -0.35325 
-0.06178  0.29185 
-100.00000 -100.00000 
 0.00000  0.00000 
 0.00004 -100.00000 
-100.00000 -100.00000 
-100.00000 -100.00000 
 0.89339  0.14632 
-0.15804 -0.17761 
 0.00000  0.00000 
-100.00000 -100.00000 
 0.17044  0.08439 
-0.46408 -100.00000 
 0.04629 -100.00000 
 0.15868 -0.21796 
-0.21253 -100.00000 
-100.00000 -100.00000 
 0.00000  0.00000 
 0.10059  0.24689 
-100.00000  0.48556 
-100.00000 -100.00000 
-0.55541  1.04909 
-100.00000 -100.00000 
-100.00000 -100.00000 
-100.00000 -100.00000 
-100.00000 -100.00000 
-100.00000 -100.00000 
-100.00000 -100.00000 
-100.00000 -100.00000 
-0.26609  0.53706 
-0.42451 -0.17301 
 0.21492  0.42816 
-0.00017 -100.00000 
 0.59140  0.58800 
-0.16192 -100.00000 
-0.16210  0.34449 
-100.00000 -100.00000 
 0.03319  0.47247 
-0.28202  0.55283 
-100.00000 -100.00000 
-100.00000  0.00003 
-100.00000 -100.00000 
-0.76179 -0.53249 
 0.21720  0.55280 
-0.22914  0.53108 
-100.00000 -100.00000 
-100.00000 -100.00000 
 0.56099 -0.15882 
 0.33048  0.03185 
 0.54048 -100.00000 
-100.00000 -100.00000 
-100.00000 -100.00000 
-100.00000 -100.00000 
-100.00000 -0.00012 
-100.00000 -100.00000 
-0.45795  0.09550 
-0.34955  0.48004 
-0.24424 -0.04366 
-100.00000 -100.00000 
-0.37853  0.17722 
-0.26054  0.15072 
-100.00000 -100.00000 
-100.00000 -100.00000 
-0.50351  0.09395 
 0.43620 -0.19609 
-100.00000 -100.00000 
-0.07579 -0.31362 
-0.01023 -100.00000 
 0.20729 -0.38803 
-100.00000 -100.00000 
-100.00000 -100.00000 
-100.00000 -100.00000 
-100.00000 -100.00000 
-100.00000  0.13747 
-100.00000 -100.00000 
-0.75480 -0.94984 
-100.00000 -100.00000 
-0.02691 -0.00012 
 0.06907  0.39298 
-0.18435  0.33261 
-0.00015 -100.00000 
-0.37037 -0.49442 
-0.21965 -0.54275 
 0.08786 -100.00000 
-0.13068 -0.23166 
-0.06235  0.23678 
 0.05709  0.05548 
-100.00000 -100.00000 
-100.00000 -100.00000 
-0.25963 -100.00000 
-100.00000 -0.35601 
-100.00000 -100.00000 
 0.40927 -0.06295 
 0.00000  0.00000 
-100.00000 -100.00000 
-100.00000 -100.00000 
-100.00000 -100.00000 
-100.00000 -100.00000 
-100.00000 -100.00000 
-0.13064 -0.62961 
-0.31336 -0.20347 
-100.00000 -100.00000 
-100.00000 -100.00000 
-100.00000 -100.00000 
-0.05413  0.04994 
-100.00000 -100.00000 
-1.48094 -100.00000 
-100.00000 -100.00000 
-100.00000 -100.00000 
 0.36048  0.16721 
 0.13752 -100.00000 
-0.00005 -100.00000 
-100.00000 -100.00000 
-100.00000 -100.00000 
-100.00000 -100.00000 
-0.00002 -100.00000 
-100.00000 -100.00000 
-100.00000 -100.00000 
-100.00000 -100.00000 
-100.00000 -100.00000 
-100.00000 -100.00000 
-100.00000 -100.00000 
-100.00000 -100.00000 
 0.00000  0.00000 
-100.00000 -100.00000 
-100.00000 -100.00000 
-100.00000 -100.00000 
-100.00000 -100.00000 
 0.17920  0.48394 
-100.00000 -100.00000 
 1.56455  0.28367 
-100.00000 -100.00000 
-100.00000 -100.00000 
 0.71251 -0.08268 
-0.40506  0.00012 
 0.09624 -0.04655 
-100.00000 -100.00000 
-100.00000 -100.00000 
-0.13114  0.08504 
-100.00000 -100.00000 
 0.86698  0.18692 
 0.42478  0.42756 
-0.41192 -0.09096 
-100.00000 -100.00000 
-0.12137  0.48769 
 0.37827 -100.00000 
-100.00000 -100.00000 
-100.00000 -100.00000 
 0.38649 -0.42995 
-0.00006 -100.00000 
-1.18380 -0.72247 
-0.14239 -0.29082 
-100.00000 -0.10859 
-0.63707  1.03454 
 0.27327  0.00748 
-100.00000 -100.00000 
-0.00024 -100.00000 
-100.00000 -100.00000 
-0.56887 -100.00000 
-0.64805 -0.49560 
-0.76191 -0.24614 
 0.35598 -0.44274 
-100.00000 -100.00000 
-100.00000 -100.00000 
-0.29952  0.14131 
 0.32073 -0.01629 
-100.00000 -0.01554 
-0.02759  0.47557 
 0.62265 -0.41523 
-100.00000 -100.00000 
 0.00000  0.00000 
-0.39177 -0.44966 
-0.07364 -0.53164 
-0.56326 -0.72291 
-100.00000 -100.00000 
-100.00000 -100.00000 
-100.00000 -100.00000 
-0.78703  0.31705 
-0.39437  0.12912 
-100.00000 -100.00000 
 0.02348  0.02688 
-0.57024 -100.00000 
-100.00000 -0.00036 
-100.00000 -100.00000 
 0.73495  0.43260 
-100.00000 -100.00000 
-0.54114  0.15382 
 0.00000  0.00000 
 0.21337  0.00004 
-0.67341  0.16217 
 0.00012 -0.16841 
-0.37835 -0.07152 
-0.11537 -0.22549 
-0.31195 -100.00000 
 0.26256  0.10539 
-0.44551 -100.00000 
-100.00000 -0.25649 
-0.16390 -0.45581 
 0.37827 -0.05873 
-0.06377 -0.13112 
-100.00000 -100.00000 
-100.00000 -100.00000 
 0.14580  0.19371 
-100.00000 -100.00000 
-100.00000 -0.06260 
-100.00000  0.00008 
 0.13710 -100.00000 
-100.00000 -100.00000 
-100.00000 -100.00000 
-100.00000 -100.00000 
-100.00000 -100.00000 
-100.00000 -100.00000 
 0.43220 -100.00000 
-100.00000 -100.00000 
-0.00010 -0.04211 
-100.00000 -100.00000 
 0.17267  0.47565 
-100.00000 -100.00000 
-100.00000 -100.00000 
-100.00000 -100.00000 
-0.08488  0.22037 
 0.28112  0.36868 
-100.00000 -100.00000 
-100.00000 -100.00000 
 0.21370  0.16758 
-0.00006 -100.00000 
 0.02837 -0.00534 
-0.16490 -0.07341 
 0.08300 -0.01640 
-100.00000 -100.00000 
-100.00000 -0.30648 
 0.79342  0.07882 
-100.00000 -100.00000 
-100.00000 -100.00000 
-0.28822 -0.18344 
 0.32078 -0.16830 
 0.00000  0.00000 
-100.00000  0.00003 
-0.03721  0.13179 
-100.00000 -100.00000 
