-100.00000 -100.00000 
-100.00000  0.55110 
-100.00000 -100.00000 
-100.00000 -100.00000 
 0.54525 -100.00000 
-0.62313  0.20705 
-0.38802 -0.70821 
-100.00000  0.13754 
-0.36521  0.09646 
-100.00000 -100.00000 
 0.61666 -100.00000 
 0.00000  0.00000 
-100.00000 -100.00000 
-100.00000  0.51273 
-100.00000 -100.00000 
-100.00000 -100.00000 
-100.00000 -100.00000 
-100.00000 -100.00000 
 0.29616 -100.00000 
-100.00000 -100.00000 
-100.00000 -100.00000 
-100.00000 -100.00000 
-100.00000 -100.00000 
-100.00000 -0.20584 
-100.00000 -100.00000 
-100.00000 -100.00000 
-100.00000 -100.00000 
-100.00000 -100.00000 
-100.00000 -100.00000 
-100.00000 -100.00000 
-100.00000 -100.00000 
-100.00000 -100.00000 
-100.00000 -100.00000 
-100.00000 -100.00000 
-100.00000 -100.00000 
-100.00000 -100.00000 
-0.15861 -0.62467 
-100.00000 -100.00000 
-100.00000 -100.00000 
-100.00000 -100.00000 
-100.00000 -100.00000 
-100.00000 -100.00000 
-100.00000 -100.00000 
-100.00000 -100.00000 
-100.00000  0.00004 
-100.00000 -100.00000 
-100.00000 -0.34975 
-100.00000 -100.00000 
-100.00000 -100.00000 
 0.42826 -0.18526 
-100.00000 -100.00000 
-100.00000 -100.00000 
-100.00000 -100.00000 
-100.00000 -100.00000 
-100.00000 -100.00000 
-100.00000 -100.00000 
-100.00000 -100.00000 
-100.00000 -100.00000 
-100.00000 -100.00000 
-100.00000 -0.25240 
-100.00000 -0.21439 
-100.00000 -0.23269 
-100.00000 -100.00000 
-100.00000 -100.00000 
-100.00000 -100.00000 
-100.00000 -100.00000 
-100.00000 -100.00000 
-100.00000 -100.00000 
-100.00000 -100.00000 
-0.36652 -100.00000 
-100.00000 -100.00000 
-100.00000 -100.00000 
-100.00000 -100.00000 
 0.38197 -100.00000 
-100.00000 -100.00000 
-100.00000 -100.00000 
-100.00000 -100.00000 
 0.63694 -0.22615 
-100.00000 -100.00000 
-100.00000 -100.00000 
-100.00000 -100.00000 
-100.00000 -100.00000 
-0.36652 -100.00000 
 0.13153  0.17366 
-100.00000 -100.00000 
-0.11714 -100.00000 
-100.00000 -100.00000 
-100.00000  0.05805 
 0.31690 -100.00000 
-0.30588  0.51547 
-100.00000 -0.31438 
-100.00000  0.09753 
-100.00000 -0.84944 
 0.48165  0.27100 
-100.00000  0.00016 
-100.00000 -100.00000 
-100.00000 -100.00000 
-100.00000 -100.00000 
-100.00000 -100.00000 
-100.00000 -100.00000 
-100.00000 -100.00000 
-100.00000 -100.00000 
-100.00000 -100.00000 
-0.65665 -0.68646 
-100.00000 -100.00000 
-100.00000 -0.43014 
-100.00000 -100.00000 
-100.00000 -100.00000 
-100.00000 -100.00000 
-100.00000 -100.00000 
-100.00000 -100.00000 
 0.02072 -1.19225 
-1.03265 -0.77012 
-100.00000 -100.00000 
-100.00000 -100.00000 
-100.00000 -100.00000 
-100.00000 -100.00000 
-100.00000 -100.00000 
-0.45294 -100.00000 
-100.00000 -100.00000 
-100.00000 -100.00000 
-100.00000 -100.00000 
 0.11706 -100.00000 
-100.00000 -1.41129 
-100.00000 -100.00000 
-100.00000 -100.00000 
-100.00000 -100.00000 
 0.24719 -0.38901 
-100.00000 -100.00000 
-100.00000 -100.00000 
 0.00000  0.00000 
-100.00000 -100.00000 
-100.00000 -100.00000 
 0.00000  0.00000 
-100.00000 -100.00000 
-1.99342 -0.95542 
-100.00000 -100.00000 
-100.00000 -0.59252 
 0.00907 -100.00000 
 0.24561 -0.15763 
-100.00000 -100.00000 
-100.00000 -100.00000 
-0.94174 -100.00000 
-100.00000 -100.00000 
 0.00000  0.00000 
-100.00000 -1.35435 
-100.00000 -100.00000 
-100.00000 -100.00000 
-100.00000 -100.00000 
-0.43265 -1.60745 
-100.00000 -100.00000 
-0.11165 -0.37551 
-0.36355 -0.00993 
 0.02042  0.17733 
-100.00000 -100.00000 
-100.00000 -100.00000 
 0.11937 -0.00810 
-100.00000 -1.30252 
-100.00000 -100.00000 
 0.00000  0.00000 
-100.00000  0.10511 
-100.00000 -100.00000 
-100.00000 -100.00000 
-100.00000 -100.00000 
-100.00000 -100.00000 
-100.00000 -100.00000 
-100.00000 -100.00000 
-100.00000 -100.00000 
-100.00000 -100.00000 
-100.00000  0.12637 
-0.19237  1.25014 
-100.00000 -100.00000 
-0.22525 -0.97236 
 0.01827  0.16553 
-100.00000 -0.28402 
-0.24473 -0.87667 
-0.40612 -0.67105 
-100.00000 -0.30008 
-100.00000 -100.00000 
-0.46321 -0.02963 
-100.00000 -0.76105 
 0.50134 -100.00000 
-100.00000 -100.00000 
-0.51698 -100.00000 
-100.00000  0.26298 
-100.00000 -100.00000 
-100.00000 -100.00000 
-100.00000 -100.00000 
-100.00000 -0.00013 
-100.00000 -100.00000 
-100.00000 -100.00000 
-100.00000 -100.00000 
-100.00000 -100.00000 
-100.00000 -100.00000 
-100.00000 -100.00000 
-100.00000 -100.00000 
-100.00000 -100.00000 
-100.00000 -100.00000 
-100.00000 -100.00000 
-100.00000 -100.00000 
-0.02716 -0.14553 
-100.00000  0.00002 
-100.00000 -100.00000 
-100.00000 -100.00000 
-100.00000 -0.14531 
-0.54237 -100.00000 
-0.05639 -0.11750 
-100.00000 -100.00000 
-100.00000 -0.13517 
-100.00000 -0.59046 
-0.11345  0.30764 
-100.00000  0.26225 
-100.00000 -100.00000 
-100.00000  0.86384 
-0.20461 -0.13512 
-100.00000 -0.85574 
-100.00000 -100.00000 
-0.05515 -0.03418 
-100.00000 -100.00000 
 0.79848 -100.00000 
-100.00000 -100.00000 
-0.10565 -0.50518 
 0.09498 -0.29021 
-100.00000 -100.00000 
-100.00000 -100.00000 
 0.00000  0.00000 
-100.00000 -0.56277 
-100.00000 -100.00000 
-0.43591 -0.35173 
-0.11110 -100.00000 
-0.23775 -0.02148 
 0.01099 -0.50917 
-100.00000 -100.00000 
 0.04505 -100.00000 
-0.60081 -100.00000 
-100.00000 -100.00000 
 0.12381 -1.56259 
-100.00000 -100.00000 
-100.00000 -100.00000 
-100.00000 -100.00000 
-100.00000 -100.00000 
-100.00000 -100.00000 
-100.00000 -0.56342 
-100.00000 -100.00000 
-100.00000 -100.00000 
-100.00000 -0.10651 
-100.00000 -100.00000 
-100.00000 -100.00000 
 0.23009 -0.52519 
-100.00000 -100.00000 
-100.00000  0.17096 
-100.00000 -100.00000 
-0.03100 -100.00000 
-100.00000 -100.00000 
-100.00000 -0.39509 
-100.00000 -100.00000 
-0.12033 -0.27721 
 0.00000  0.00000 
-100.00000 -0.00005 
-100.00000 -100.00000 
-100.00000 -100.00000 
-100.00000 -100.00000 
-100.00000 -100.00000 
-100.00000 -0.41760 
-100.00000 -100.00000 
-100.00000 -100.00000 
-100.00000 -100.00000 
-100.00000 -0.13951 
-100.00000 -100.00000 
-100.00000 -100.00000 
 0.00000  0.00000 
-100.00000 -0.00053 
-100.00000 -0.14530 
-100.00000 -100.00000 
-100.00000 -100.00000 
-100.00000 -100.00000 
 0.00000  0.00000 
-0.30408  0.11813 
 0.02348 -0.21062 
-100.00000 -100.00000 
-0.00749  0.04927 
 0.38092 -0.76693 
-100.00000 -0.82579 
-100.00000 -100.00000 
-100.00000 -100.00000 
-100.00000  0.37809 
-100.00000 -100.00000 
-0.12665 -100.00000 
-100.00000 -0.16114 
-100.00000 -0.16178 
-100.00000 -100.00000 
-0.00031 -100.00000 
-100.00000 -100.00000 
-0.92672  0.08483 
-100.00000 -100.00000 
-100.00000 -100.00000 
-100.00000 -100.00000 
-100.00000 -100.00000 
-100.00000 -100.00000 
-100.00000 -100.00000 
-100.00000 -100.00000 
-100.00000 -100.00000 
-100.00000  0.21679 
-100.00000 -100.00000 
-100.00000 -100.00000 
 0.03221 -0.69209 
-100.00000 -100.00000 
 0.00000  0.00000 
-100.00000 -100.00000 
-100.00000 -100.00000 
-100.00000 -100.00000 
-100.00000 -100.00000 
-100.00000 -100.00000 
 0.53212 -0.55610 
-0.24270 -0.43884 
-100.00000 -100.00000 
-100.00000 -100.00000 
-100.00000 -100.00000 
 0.04156 -0.29685 
-100.00000 -100.00000 
-100.00000 -100.00000 
-0.47872 -0.17703 
 0.67826  0.02581 
-100.00000 -100.00000 
-100.00000 -100.00000 
-0.48415 -100.00000 
-100.00000 -100.00000 
-100.00000 -100.00000 
-100.00000 -100.00000 
-100.00000 -100.00000 
-100.00000 -100.00000 
-100.00000 -100.00000 
-100.00000 -100.00000 
-100.00000 -100.00000 
-100.00000 -100.00000 
-100.00000 -100.00000 
-100.00000 -100.00000 
-100.00000 -100.00000 
 0.68562 -0.35626 
-100.00000 -100.00000 
-100.00000 -100.00000 
-0.27709 -0.28326 
-100.00000 -100.00000 
-100.00000 -100.00000 
-100.00000 -0.30095 
 0.00000  0.00000 
-100.00000 -100.00000 
-100.00000 -100.00000 
-100.00000 -100.00000 
-100.00000 -100.00000 
-100.00000 -100.00000 
 0.00000  0.00000 
-100.00000 -100.00000 
-100.00000 -100.00000 
-100.00000 -100.00000 
-100.00000 -100.00000 
-100.00000 -100.00000 
-100.00000 -100.00000 
-100.00000 -100.00000 
-100.00000 -100.00000 
-100.00000 -0.16210 
-100.00000 -100.00000 
-100.00000 -100.00000 
 0.00002 -100.00000 
-100.00000 -100.00000 
-100.00000 -100.00000 
-0.07964 -100.00000 
-100.00000 -100.00000 
-0.25327  0.37893 
-100.00000 -0.30207 
-100.00000 -100.00000 
-100.00000 -100.00000 
-100.00000 -100.00000 
-100.00000 -100.00000 
-100.00000 -100.00000 
-100.00000 -100.00000 
-100.00000 -100.00000 
-0.00015  0.00006 
-100.00000 -100.00000 
-100.00000 -100.00000 
-100.00000 -0.32553 
-100.00000 -100.00000 
-100.00000 -100.00000 
-100.00000 -100.00000 
-100.00000 -100.00000 
-100.00000 -100.00000 
-100.00000 -100.00000 
-100.00000 -100.00000 
-100.00000 -100.00000 
-0.08789 -100.00000 
-100.00000 -100.00000 
-100.00000 -100.00000 
-100.00000 -100.00000 
-100.00000 -100.00000 
-100.00000 -100.00000 
-100.00000 -100.00000 
-100.00000 -100.00000 
 0.13671 -100.00000 
-100.00000  0.71770 
-100.00000 -100.00000 
-100.00000 -100.00000 
 0.99551 -100.00000 
-100.00000 -100.00000 
-100.00000  0.11464 
-100.00000 -100.00000 
 0.00000  0.00000 
-100.00000 -100.00000 
-100.00000 -100.00000 
-100.00000 -100.00000 
-100.00000 -0.00035 
-100.00000 -100.00000 
-100.00000  0.13772 
 0.00000  0.00000 
-100.00000 -100.00000 
-0.53090 -0.31985 
 0.27728 -0.23439 
-100.00000 -100.00000 
-0.00005 -100.00000 
-100.00000 -100.00000 
-100.00000 -100.00000 
-100.00000 -100.00000 
-100.00000 -100.00000 
-100.00000 -100.00000 
-100.00000 -0.27914 
-100.00000 -100.00000 
-100.00000 -100.00000 
-100.00000 -100.00000 
-100.00000 -100.00000 
-100.00000 -100.00000 
-100.00000 -100.00000 
 0.00000  0.00000 
-100.00000 -100.00000 
-100.00000 -100.00000 
-100.00000 -100.00000 
-100.00000 -100.00000 
-100.00000 -100.00000 
-0.18566 -100.00000 
-100.00000 -100.00000 
-100.00000 -100.00000 
-100.00000 -100.00000 
 0.06313  0.07379 
 0.27731 -100.00000 
-100.00000 -100.00000 
-100.00000 -100.00000 
-100.00000 -100.00000 
-100.00000 -100.00000 
-100.00000 -100.00000 
-100.00000 -100.00000 
-100.00000 -100.00000 
-100.00000 -100.00000 
-100.00000 -100.00000 
-100.00000 -100.00000 
 0.00000  0.00000 
-100.00000 -100.00000 
-100.00000 -100.00000 
-100.00000 -0.82120 
-100.00000 -100.00000 
-100.00000 -100.00000 
-100.00000 -100.00000 
-100.00000 -100.00000 
-100.00000 -100.00000 
-100.00000 -0.72087 
-100.00000 -100.00000 
-100.00000 -100.00000 
-100.00000 -100.00000 
-100.00000 -100.00000 
-100.00000 -100.00000 
-100.00000 -100.00000 
-100.00000 -0.51879 
-100.00000 -100.00000 
-100.00000 -100.00000 
-100.00000 -100.00000 
-100.00000 -100.00000 
 0.30404  0.14196 
-100.00000 -100.00000 
-100.00000 -0.16590 
-100.00000 -0.68298 
-100.00000 -100.00000 
-100.00000 -100.00000 
-100.00000 -100.00000 
 0.00000  0.00000 
-100.00000 -100.00000 
 0.00000  0.00000 
 0.00017 -0.17483 
-100.00000 -100.00000 
-100.00000 -100.00000 
-100.00000 -100.00000 
-100.00000 -100.00000 
-100.00000 -100.00000 
-100.00000 -100.00000 
-0.19960 -0.43187 
-100.00000 -100.00000 
-100.00000 -100.00000 
-100.00000 -100.00000 
-100.00000 -0.00003 
-100.00000 -100.00000 
-0.29695 -1.42078 
-100.00000 -100.00000 
-0.91178 -0.30086 
-100.00000 -100.00000 
-100.00000 -100.00000 
-0.24381  0.27858 
-100.00000 -100.00000 
-0.20321 -100.00000 
-0.54507 -100.00000 
 0.04410 -0.01903 
-100.00000 -100.00000 
-0.23450 -0.54504 
-100.00000 -100.00000 
-0.03197 -0.48531 
 0.45133 -100.00000 
-100.00000  0.74859 
-100.00000 -0.72628 
-100.00000 -100.00000 
-0.60466  0.01463 
-100.00000 -100.00000 
-100.00000 -0.42955 
 1.01327 -1.02466 
-100.00000 -100.00000 
 0.03246 -0.00034 
-100.00000  0.88986 
-100.00000 -100.00000 
-100.00000 -100.00000 
 1.23059 -100.00000 
-0.09409 -100.00000 
 0.18624 -100.00000 
-100.00000 -100.00000 
-100.00000 -100.00000 
-100.00000 -100.00000 
-0.36518  0.13759 
-100.00000 -100.00000 
-0.28993 -100.00000 
 0.13734 -100.00000 
-100.00000 -100.00000 
-100.00000 -100.00000 
 0.13771 -0.02187 
-100.00000 -100.00000 
-100.00000 -100.00000 
-100.00000 -100.00000 
-100.00000 -100.00000 
-100.00000  0.32077 
-0.38508 -0.33097 
-0.38718 -0.14358 
 0.00001 -100.00000 
 0.26278  0.38761 
-100.00000 -100.00000 
-100.00000 -100.00000 
-100.00000 -100.00000 
-0.08439  0.37862 
-0.81264 -100.00000 
 0.00000  0.00000 
-100.00000 -0.06816 
-100.00000 -100.00000 
-0.55262 -100.00000 
 0.16578 -100.00000 
-100.00000 -100.00000 
-100.00000 -100.00000 
-100.00000  0.41378 
-100.00000 -100.00000 
-100.00000 -100.00000 
 0.47063  0.26323 
-100.00000 -100.00000 
-100.00000 -100.00000 
 0.08372 -100.00000 
-100.00000  0.09838 
