 0.17117 -0.12873 
 0.00000  0.00000 
-0.31055  0.13690 
 0.00000  0.00000 
-100.00000 -100.00000 
-100.00000 -100.00000 
-0.44878 -100.00000 
-100.00000 -100.00000 
-100.00000 -100.00000 
-0.16585 -100.00000 
-100.00000 -100.00000 
-100.00000 -100.00000 
-100.00000 -100.00000 
-100.00000 -100.00000 
-0.44917  0.13663 
-100.00000 -100.00000 
-100.00000 -100.00000 
-100.00000 -100.00000 
 0.45241 -100.00000 
-0.16577 -100.00000 
-100.00000 -100.00000 
-100.00000 -0.40566 
-100.00000 -100.00000 
-100.00000 -100.00000 
-100.00000 -100.00000 
-100.00000 -100.00000 
-0.02709  0.23676 
 0.06528 -0.33323 
-100.00000 -100.00000 
-100.00000  0.00000 
-100.00000 -100.00000 
-100.00000 -100.00000 
-100.00000 -100.00000 
-100.00000 -100.00000 
-0.02808 -0.33534 
 0.48540 -0.18621 
-100.00000 -100.00000 
-0.37926  0.48945 
 0.00000  0.00000 
-0.02792 -0.30249 
-100.00000 -100.00000 
-100.00000  0.00017 
-100.00000 -100.00000 
 0.13755 -0.34468 
-100.00000 -100.00000 
-100.00000 -100.00000 
-0.42472 -0.20645 
-0.65084  0.04044 
-100.00000 -100.00000 
-100.00000 -100.00000 
 0.23575  0.01454 
 0.48556 -0.00028 
-0.15200 -0.64472 
-100.00000 -100.00000 
 0.20788 -0.18712 
-0.05061 -100.00000 
 0.00000  0.00000 
-100.00000 -100.00000 
-100.00000 -100.00000 
 0.00000  0.00000 
-100.00000 -100.00000 
 0.00000  0.00000 
-100.00000 -100.00000 
-1.19337 -0.85038 
-1.01981 -100.00000 
-100.00000 -100.00000 
-100.00000 -100.00000 
 0.03773 -0.63673 
-100.00000 -100.00000 
-0.42159 -0.55712 
 0.00000  0.00000 
-100.00000 -100.00000 
-0.08633 -0.67306 
-100.00000 -100.00000 
-100.00000 -100.00000 
-100.00000 -100.00000 
-100.00000 -100.00000 
-100.00000 -100.00000 
-100.00000 -100.00000 
-100.00000 -100.00000 
-0.65250 -0.27945 
-100.00000 -100.00000 
 0.46928 -0.06780 
-100.00000 -100.00000 
-100.00000 -100.00000 
-100.00000 -100.00000 
-100.00000 -100.00000 
-100.00000 -100.00000 
 0.27186 -100.00000 
 0.39742  0.37782 
 0.17759  0.77188 
-100.00000 -100.00000 
-100.00000 -100.00000 
-100.00000 -100.00000 
-100.00000 -100.00000 
-100.00000 -100.00000 
-100.00000 -100.00000 
-0.69896  0.10211 
-0.08318 -0.80097 
 0.00001  0.18802 
 0.38057 -0.48218 
-100.00000 -100.00000 
-0.55847  0.70070 
-1.19537 -0.61832 
-100.00000 -100.00000 
-0.15821 -100.00000 
-100.00000 -100.00000 
-100.00000 -100.00000 
-100.00000 -100.00000 
-100.00000 -100.00000 
-100.00000 -100.00000 
-100.00000 -100.00000 
 0.52058  0.14618 
-100.00000 -100.00000 
-100.00000 -100.00000 
-0.43047  0.25418 
 0.35110 -0.29683 
-100.00000 -100.00000 
-1.08852  0.21121 
-0.31981  0.25453 
 0.22061  0.46770 
-100.00000 -100.00000 
 0.00009 -0.00028 
-100.00000 -100.00000 
-100.00000 -100.00000 
 0.69952 -0.24590 
-0.00006 -100.00000 
-100.00000 -100.00000 
-0.01808 -0.04422 
-0.63839 -0.05003 
-100.00000 -100.00000 
-0.25300  0.19194 
-100.00000  0.26019 
-100.00000 -100.00000 
-100.00000 -100.00000 
 0.00000  0.00000 
 0.72537  0.52200 
 0.34608 -100.00000 
-100.00000 -100.00000 
-100.00000 -100.00000 
 0.37858  0.00002 
-0.27315  0.33494 
-100.00000 -100.00000 
-0.55887  0.05029 
-0.00061 -100.00000 
-1.27304  0.21870 
-100.00000 -100.00000 
-0.26227 -100.00000 
-0.14272 -100.00000 
 0.37683 -100.00000 
-100.00000 -100.00000 
-100.00000 -100.00000 
-1.41813  0.15193 
 1.72009 -100.00000 
 0.21459 -0.13891 
 0.66499 -100.00000 
 0.00000  0.00000 
-0.15830 -100.00000 
-100.00000 -100.00000 
-100.00000 -100.00000 
-100.00000 -100.00000 
-0.26056 -0.55170 
-0.62204  0.07727 
-100.00000 -100.00000 
-100.00000 -100.00000 
-100.00000 -100.00000 
-100.00000 -100.00000 
-0.02819 -1.19592 
 0.00000  0.00000 
 0.00000  0.00000 
-100.00000 -100.00000 
-0.15809 -100.00000 
-100.00000 -100.00000 
-100.00000 -100.00000 
 0.38602 -100.00000 
 0.00000  0.00000 
-100.00000 -100.00000 
-100.00000 -100.00000 
-1.00412  0.25538 
-0.16677 -100.00000 
-100.00000 -100.00000 
-0.29997 -0.04469 
 0.15489  0.37863 
-0.02072  0.18022 
 0.00000  0.00000 
-100.00000 -100.00000 
 0.00000  0.00000 
-0.80549  0.42162 
-100.00000 -100.00000 
-100.00000 -100.00000 
-100.00000 -100.00000 
-100.00000 -100.00000 
-100.00000 -100.00000 
-100.00000 -100.00000 
-100.00000 -100.00000 
-100.00000 -100.00000 
-100.00000 -100.00000 
-100.00000 -100.00000 
-100.00000 -100.00000 
-100.00000 -100.00000 
-0.02841 -100.00000 
-100.00000 -100.00000 
 0.64993 -0.33792 
-0.13974 -0.12224 
-0.39834 -100.00000 
-100.00000 -100.00000 
-100.00000 -100.00000 
-100.00000 -100.00000 
 1.62015 -100.00000 
-0.55349 -0.44850 
-100.00000 -100.00000 
 0.30789  0.91719 
-0.88705 -0.52698 
-0.27825 -0.00022 
-100.00000 -100.00000 
-0.00036 -100.00000 
-100.00000 -100.00000 
-100.00000 -100.00000 
 0.31647 -0.75554 
 0.92033  0.15693 
-0.20701  0.29362 
-100.00000 -100.00000 
-0.53864  0.03098 
 0.26083 -0.00627 
-0.76238  0.17455 
-100.00000 -100.00000 
-0.56972 -0.39534 
-100.00000 -100.00000 
-0.31643  0.47122 
-0.26011 -100.00000 
-0.27914 -100.00000 
-0.63648  0.37758 
-1.09364  0.12949 
-1.09373 -0.35259 
 0.00000  0.00000 
 0.26233 -0.15814 
-0.23784  0.10612 
-100.00000 -100.00000 
-0.32606  0.00223 
-100.00000  0.00004 
-100.00000 -100.00000 
-0.04906  0.02020 
-100.00000 -100.00000 
 0.40577 -0.01442 
-100.00000 -100.00000 
-100.00000 -100.00000 
-100.00000 -100.00000 
-100.00000 -100.00000 
-100.00000 -100.00000 
-100.00000 -100.00000 
-0.49257 -0.45424 
-100.00000 -100.00000 
-100.00000 -100.00000 
-0.00064 -100.00000 
-0.13767  0.05869 
 0.34031 -0.00019 
 0.20651 -0.42648 
-100.00000 -100.00000 
-0.16605 -0.14677 
-100.00000 -100.00000 
-100.00000 -100.00000 
-100.00000 -100.00000 
-0.14522  0.37850 
-100.00000 -100.00000 
-0.00109 -0.00014 
-100.00000 -100.00000 
-100.00000 -100.00000 
-0.00018 -100.00000 
-100.00000 -100.00000 
-100.00000 -100.00000 
-100.00000 -100.00000 
-0.01453 -100.00000 
-100.00000 -100.00000 
-0.29586 -0.14222 
-0.17749 -0.01593 
-0.37220  0.00013 
-0.41500  0.32724 
-0.75841 -0.19561 
-100.00000 -100.00000 
-100.00000 -100.00000 
-100.00000 -100.00000 
-100.00000 -100.00000 
-0.14593 -0.48095 
-100.00000 -100.00000 
-0.92228 -0.19419 
-0.16176 -0.24016 
 0.36649  0.00006 
 0.32606  0.34440 
-0.02363 -100.00000 
 0.32797  0.07152 
-100.00000 -100.00000 
-0.16998 -0.37621 
-0.67158 -0.20999 
 0.00000  0.00000 
-100.00000 -100.00000 
-0.18655 -0.30949 
-0.17568 -0.04137 
-100.00000 -100.00000 
-0.28243 -0.40877 
-100.00000 -100.00000 
-100.00000 -100.00000 
-0.18237 -100.00000 
-0.28983  0.07163 
-100.00000 -100.00000 
 0.58504 -0.16039 
 0.48524  0.85859 
-100.00000 -100.00000 
-100.00000 -100.00000 
-0.04406 -0.00003 
-0.29396  0.13795 
-0.43943 -0.20993 
-100.00000 -100.00000 
-0.13969  0.21208 
-0.00062 -100.00000 
 0.11824  0.43739 
 0.51667  0.13766 
-100.00000 -100.00000 
-0.84584  0.20109 
-100.00000 -100.00000 
-100.00000 -100.00000 
 0.00000  0.00000 
-100.00000 -100.00000 
-100.00000 -100.00000 
 0.66120 -0.03530 
-100.00000 -100.00000 
-100.00000  0.13757 
 0.00000  0.00000 
-100.00000 -100.00000 
-0.51911 -0.14319 
-100.00000 -100.00000 
-100.00000 -100.00000 
-0.16619 -0.39465 
-100.00000 -100.00000 
-0.42998 -0.12334 
-0.68956 -0.20141 
 0.00004 -100.00000 
-0.44502 -0.27706 
-100.00000 -100.00000 
 0.36310 -0.30591 
-0.06611  0.49960 
-0.26666 -100.00000 
-100.00000 -100.00000 
 0.37062 -0.14250 
-100.00000 -100.00000 
-100.00000 -100.00000 
-100.00000 -100.00000 
-0.00000 -0.12415 
-100.00000 -100.00000 
-100.00000 -100.00000 
-100.00000 -100.00000 
-100.00000 -100.00000 
-100.00000 -100.00000 
-100.00000 -100.00000 
-0.65811 -0.46009 
-100.00000 -100.00000 
-100.00000 -100.00000 
-100.00000 -100.00000 
-100.00000 -100.00000 
-100.00000 -100.00000 
-0.16981 -0.20993 
-0.72309  0.40640 
-100.00000 -100.00000 
-100.00000 -100.00000 
-100.00000 -100.00000 
-100.00000 -100.00000 
-100.00000 -100.00000 
-100.00000 -100.00000 
-100.00000 -100.00000 
-100.00000 -100.00000 
 0.28734  0.02298 
-0.56045 -0.08445 
-0.07605 -0.18376 
-0.07462  0.33044 
-100.00000 -100.00000 
-100.00000 -100.00000 
-100.00000 -100.00000 
-100.00000 -100.00000 
-100.00000 -100.00000 
-100.00000 -100.00000 
-100.00000 -100.00000 
 0.02925  0.46966 
 0.00000  0.00000 
-0.00005 -100.00000 
-0.14811 -100.00000 
-0.58326 -0.07651 
 0.01467 -0.10010 
-100.00000 -100.00000 
-100.00000 -100.00000 
-0.30130 -0.29875 
 0.06376  0.87338 
-100.00000 -100.00000 
 0.08022 -0.00507 
-0.67271 -0.11405 
 0.00000  0.00000 
-100.00000 -100.00000 
-0.01974 -0.35672 
-100.00000 -100.00000 
-100.00000 -100.00000 
-100.00000 -100.00000 
 0.04986 -0.85948 
 0.00000  0.00000 
-0.13936  0.16273 
 0.06631  0.16220 
-0.14499 -100.00000 
 0.09600  0.31712 
-100.00000 -100.00000 
-0.25515  0.11016 
-100.00000 -0.00000 
-100.00000 -100.00000 
-0.14696 -100.00000 
 0.00000  0.00000 
-0.52182 -0.46454 
-100.00000 -100.00000 
-0.13892 -0.54275 
-0.52095 -0.26334 
 0.00012 -100.00000 
-0.31037 -0.36998 
 0.00000  0.00000 
-0.33679  0.42013 
-100.00000  0.00004 
-0.98461  0.12420 
-0.25392 -100.00000 
-100.00000 -100.00000 
-100.00000  0.26310 
 0.00000  0.00000 
 0.00000  0.00000 
-0.21617 -0.04339 
-0.50614 -0.09350 
-100.00000 -100.00000 
-100.00000 -100.00000 
-100.00000 -100.00000 
-0.00043 -100.00000 
-100.00000 -100.00000 
-100.00000 -100.00000 
-100.00000 -100.00000 
 0.00379 -100.00000 
-100.00000 -100.00000 
 0.70191 -0.26498 
-100.00000 -100.00000 
-0.22718 -0.08194 
-100.00000 -100.00000 
-100.00000 -100.00000 
-100.00000 -100.00000 
-100.00000 -100.00000 
-100.00000 -100.00000 
 0.11477  0.18503 
 0.36049  0.16803 
 0.43752  0.37390 
 0.13106  0.46761 
-100.00000 -100.00000 
-100.00000 -100.00000 
-100.00000 -100.00000 
-100.00000 -100.00000 
-100.00000 -100.00000 
-100.00000 -100.00000 
-0.14739 -100.00000 
 0.33766  0.49024 
-100.00000 -100.00000 
 0.00000  0.00000 
-0.04678  0.06326 
-100.00000 -100.00000 
-100.00000 -100.00000 
-0.94285 -0.29514 
 0.00000  0.00000 
-100.00000 -100.00000 
 0.00000  0.00000 
-100.00000  0.00015 
-0.57123 -0.38042 
-100.00000 -100.00000 
 0.00000  0.00000 
-0.34243 -0.28479 
-0.24445 -0.00485 
-100.00000 -100.00000 
 0.00000  0.00000 
 0.27201 -0.66723 
-0.54630 -0.39550 
-100.00000 -100.00000 
-0.95970 -0.29199 
-0.68296 -100.00000 
-100.00000 -100.00000 
-100.00000 -100.00000 
 0.19604 -0.00070 
-100.00000 -100.00000 
-100.00000 -100.00000 
-100.00000 -100.00000 
 0.00000  0.00000 
-100.00000 -100.00000 
-100.00000 -100.00000 
-0.54647 -100.00000 
 0.27917 -0.00959 
-100.00000 -100.00000 
 0.83582  0.02839 
-0.71130 -0.33026 
-0.00050 -100.00000 
-100.00000 -100.00000 
 0.41644  0.71907 
-0.67484 -0.34148 
-100.00000 -100.00000 
-100.00000 -0.07333 
-100.00000 -100.00000 
-0.18938 -0.25076 
-100.00000 -100.00000 
 1.47946 -100.00000 
 0.00000  0.00000 
-100.00000 -100.00000 
-100.00000 -0.45917 
-1.07253 -1.04020 
 0.39212 -0.12503 
-100.00000 -100.00000 
 0.00000  0.00000 
-100.00000 -100.00000 
-0.21318 -0.12394 
 0.20111 -0.25114 
 0.60618  0.31274 
 0.00000  0.00000 
-100.00000 -0.07348 
 0.53418  0.44729 
-0.87893  0.52249 
-100.00000 -100.00000 
 0.00000  0.00000 
-100.00000 -100.00000 
 1.17905 -0.26768 
-0.16390 -0.43915 
-0.16230  0.16153 
-100.00000 -100.00000 
-0.15225  0.13742 
-100.00000 -100.00000 
-0.05325 -0.22634 
-0.15638 -0.00003 
-100.00000 -100.00000 
-100.00000 -100.00000 
-100.00000 -100.00000 
-100.00000 -100.00000 
-100.00000 -100.00000 
-100.00000 -100.00000 
-100.00000 -100.00000 
-100.00000 -100.00000 
-100.00000 -100.00000 
-100.00000 -100.00000 
-100.00000 -100.00000 
-100.00000 -100.00000 
-100.00000 -100.00000 
-100.00000 -100.00000 
-100.00000 -100.00000 
-100.00000 -100.00000 
-100.00000 -100.00000 
-100.00000 -100.00000 
-100.00000 -100.00000 
-100.00000 -100.00000 
-100.00000 -100.00000 
-100.00000 -100.00000 
-100.00000 -100.00000 
-0.44685 -100.00000 
-100.00000 -100.00000 
-100.00000 -0.41528 
-0.24393 -0.19885 
-100.00000 -100.00000 
-100.00000 -100.00000 
-100.00000 -100.00000 
-0.30674 -0.07355 
-100.00000 -100.00000 
-0.06890  0.23694 
 0.13755 -0.01687 
-100.00000 -100.00000 
-100.00000 -100.00000 
