0  0.39415 -0.32354  0.07061  0.71769 
1  2.43290 -3.82930 -1.39640  6.26220 
2  0.96989 -2.31736 -1.34747  3.28725 
3  5.06177 -2.97965  2.08212  8.04142 
4  2.02056 -1.44418  0.57638  3.46474 
5  1.58803 -0.60789  0.98014  2.19592 
6  0.52043 -1.30679 -0.78636  1.82722 
7  0.14189 -0.82447 -0.68258  0.96636 
8  0.34370 -0.83706 -0.49336  1.18076 
9  0.56071 -1.38263 -0.82192  1.94334 
10  0.21726 -3.85766 -3.64040  4.07492 
11  0.41059 -2.37722 -1.96663  2.78781 
12  1.31333 -0.57620  0.73713  1.88953 
13  0.88594 -2.31308 -1.42714  3.19902 
14  1.35105 -0.15170  1.19935  1.50275 
15  1.77183 -0.78128  0.99055  2.55311 
16  1.42333 -0.20544  1.21789  1.62877 
17  1.23656 -0.19510  1.04146  1.43166 
18  1.02659 -1.23685 -0.21026  2.26344 
19  0.17957 -0.66606 -0.48649  0.84563 
20  1.68914 -0.59985  1.08929  2.28899 
21  0.82386 -0.48509  0.33877  1.30895 
22  0.79333 -0.33686  0.45647  1.13019 
23  0.76677 -0.02784  0.73893  0.79461 
24  2.14827 -1.12713  1.02114  3.27540 
25  0.30529 -1.51268 -1.20739  1.81797 
26  0.88741 -0.34980  0.53761  1.23721 
27  1.06682 -0.27460  0.79222  1.34142 
28  1.06004 -0.52141  0.53863  1.58145 
29  0.59773 -0.25194  0.34579  0.84967 
30  1.56465 -1.28414  0.28051  2.84879 
31  0.62575 -0.55807  0.06768  1.18382 
32  0.93462 -0.26569  0.66893  1.20031 
33  1.13262 -0.08882  1.04380  1.22144 
34  0.19973 -0.02579  0.17394  0.22552 
35  0.42795 -1.62439 -1.19644  2.05234 
36  1.26205 -3.53947 -2.27742  4.80152 
37  0.64324 -1.03607 -0.39283  1.67931 
38  0.31997 -1.09770 -0.77773  1.41767 
39  0.69906 -0.53472  0.16434  1.23378 
40  0.68076 -0.01023  0.67053  0.69099 
41  0.61933 -0.72919 -0.10986  1.34852 
42  0.46457 -0.49336 -0.02879  0.95793 
43  0.52064 -0.07238  0.44826  0.59302 
44  0.59349 -0.74544 -0.15195  1.33893 
45  0.50206 -0.23423  0.26783  0.73629 
46  1.90939 -0.95520  0.95419  2.86459 
47  1.29121 -1.47155 -0.18034  2.76276 
48  0.49653 -0.76953 -0.27300  1.26606 
49  0.76305 -0.56193  0.20112  1.32498 
50  0.92942 -0.06782  0.86160  0.99724 
51  0.49938 -1.04012 -0.54074  1.53950 
52  1.51528 -1.75509 -0.23981  3.27037 
53  0.63158  0.00000  0.63158  0.63158 
54  0.98604 -0.08526  0.90078  1.07130 
55  0.52265 -1.69983 -1.17718  2.22248 
56  0.34495 -0.78311 -0.43816  1.12806 
57  0.22341 -0.76603 -0.54262  0.98944 
58  1.11170 -0.26802  0.84368  1.37972 
59  2.53302 -1.93500  0.59802  4.46802 
60  1.56543 -0.15372  1.41171  1.71915 
61  2.59958 -1.37742  1.22216  3.97700 
62  0.21874 -0.28552 -0.06678  0.50426 
63  1.26746 -0.75475  0.51271  2.02221 
64  3.62632 -2.06938  1.55694  5.69570 
65  0.53273 -0.41751  0.11522  0.95024 
66  0.79504 -0.00371  0.79133  0.79875 
67  0.21633 -3.74078 -3.52445  3.95711 
68  0.37781 -0.51241 -0.13460  0.89022 
69  1.25984 -2.36820 -1.10836  3.62804 
70  3.23605 -3.06249  0.17356  6.29854 
71  0.64503 -0.68068 -0.03565  1.32571 
72  0.60311 -0.01625  0.58686  0.61936 
73  1.60494 -1.07885  0.52609  2.68379 
74  0.54406 -2.80566 -2.26160  3.34972 
75  0.60286 -1.04825 -0.44539  1.65111 
76  0.60360 -0.15428  0.44932  0.75788 
77  2.06555 -0.49209  1.57346  2.55764 
78  1.89065 -0.86039  1.03026  2.75104 
79  0.19110 -0.00397  0.18713  0.19507 
80  0.98787 -0.69786  0.29001  1.68573 
81  1.27801  0.00000  1.27801  1.27801 
82  0.31617 -1.38762 -1.07145  1.70379 
83  0.66113 -0.48907  0.17206  1.15020 
84  0.21254 -1.50813 -1.29559  1.72067 
85  0.69491 -4.00845 -3.31354  4.70336 
86  0.62405 -0.61924  0.00481  1.24329 
87  1.51261 -1.79776 -0.28515  3.31037 
88  3.28994 -3.67348 -0.38354  6.96342 
89  3.50038 -3.00387  0.49651  6.50425 
90  1.73978 -2.96070 -1.22092  4.70048 
91  1.96676 -2.86940 -0.90264  4.83616 
92  0.34383 -0.91274 -0.56891  1.25657 
93  0.06427 -2.46890 -2.40463  2.53317 
94  0.73164 -0.35760  0.37404  1.08924 
95  0.36719 -1.61088 -1.24369  1.97807 
96  1.11887 -0.00551  1.11336  1.12438 
97  0.51137  0.00000  0.51137  0.51137 
98  1.72100 -3.34006 -1.61906  5.06106 
99  1.90801 -3.95306 -2.04505  5.86107 
100  3.04510 -0.24781  2.79729  3.29291 
101  0.57129 -1.39298 -0.82169  1.96427 
102  0.52561 -2.03156 -1.50595  2.55717 
103  3.16054 -2.85768  0.30286  6.01822 
104  0.38735 -0.13434  0.25301  0.52169 
105  1.92553 -0.35246  1.57307  2.27799 
106  0.56402 -0.48275  0.08127  1.04677 
107  1.26401  0.00000  1.26401  1.26401 
108  1.00667 -0.31568  0.69099  1.32235 
109  0.01843 -1.08424 -1.06581  1.10267 
110  1.13298 -1.02544  0.10754  2.15842 
111  1.19913 -1.64935 -0.45022  2.84848 
112  1.32783 -3.60086 -2.27303  4.92869 
113  2.70688 -1.20716  1.49972  3.91404 
114  1.02366 -1.29082 -0.26716  2.31448 
115  0.50319 -1.11706 -0.61387  1.62025 
116  0.44794 -0.48767 -0.03973  0.93561 
117  0.43439  0.00000  0.43439  0.43439 
118  2.03779 -0.43951  1.59828  2.47730 
119  0.94479  0.00000  0.94479  0.94479 
120  0.84023 -0.34059  0.49964  1.18082 
121  0.91520 -0.68536  0.22984  1.60056 
122  2.42475 -0.81803  1.60672  3.24278 
123  1.37738 -1.15843  0.21895  2.53581 
124  0.67426 -0.80836 -0.13410  1.48262 
125  3.59576 -3.07639  0.51937  6.67215 
126  0.61445 -1.77338 -1.15893  2.38783 
127  2.54112 -1.69566  0.84546  4.23678 
128  1.18465 -0.60808  0.57657  1.79273 
129  1.29356 -0.17732  1.11624  1.47088 
130  0.67145  0.00000  0.67145  0.67145 
131  0.75280 -0.44333  0.30947  1.19613 
132  1.56132 -0.46136  1.09996  2.02268 
133  0.13749 -0.19424 -0.05675  0.33173 
134  0.43370 -2.13867 -1.70497  2.57237 
135  2.40657 -3.20807 -0.80150  5.61464 
136  0.56072 -5.21340 -4.65268  5.77412 
137  3.76001 -3.55853  0.20148  7.31854 
138  1.62734 -3.19095 -1.56361  4.81829 
139  0.48727 -0.84809 -0.36082  1.33536 
140  0.47640 -1.77890 -1.30250  2.25530 
141  1.31293 -0.18979  1.12314  1.50272 
142  1.60127 -0.72992  0.87135  2.33119 
143  0.30985 -1.04858 -0.73873  1.35843 
144  0.71639 -0.83139 -0.11500  1.54778 
145  1.55134 -2.69736 -1.14602  4.24870 
146  0.16545  0.00000  0.16545  0.16545 
147  0.99977 -1.05361 -0.05384  2.05338 
148  0.58710 -1.18052 -0.59342  1.76762 
149  1.30932 -0.15574  1.15358  1.46506 
150  0.63265 -0.37118  0.26147  1.00383 
151  0.37845 -0.62418 -0.24573  1.00263 
152  2.62932 -3.21351 -0.58419  5.84283 
153  3.52049 -1.76150  1.75899  5.28199 
154  3.22389 -1.53883  1.68506  4.76272 
155  1.01490 -2.17476 -1.15986  3.18966 
156  3.32906 -3.89648 -0.56742  7.22554 
157  1.50481 -0.96326  0.54155  2.46807 
158  1.62981 -1.71132 -0.08151  3.34113 
159  1.41814  0.00000  1.41814  1.41814 
160  1.70091 -0.40972  1.29119  2.11063 
161  0.38855 -1.05221 -0.66366  1.44076 
162  2.94872  0.00000  2.94872  2.94872 
163  1.41575 -0.84057  0.57518  2.25632 
164  0.55117 -0.16337  0.38780  0.71454 
165  0.83636 -0.20199  0.63437  1.03835 
166  0.53975 -0.31691  0.22284  0.85666 
167  1.10493 -0.17031  0.93462  1.27524 
168  1.14411 -3.22458 -2.08047  4.36869 
169  0.39383 -2.34300 -1.94917  2.73683 
170  3.39577 -2.80000  0.59577  6.19577 
171  1.00101 -2.23632 -1.23531  3.23733 
172  1.42343 -5.13436 -3.71093  6.55779 
173  0.00000 -1.12754 -1.12754  1.12754 
174  3.66978 -1.95049  1.71929  5.62027 
175  3.75035 -2.31439  1.43596  6.06474 
176  1.52798 -0.88658  0.64140  2.41456 
177  1.49134 -1.44335  0.04799  2.93469 
178  1.87286 -3.11239 -1.23953  4.98525 
179  2.05898 -2.93446 -0.87548  4.99344 
180  1.07658 -0.31919  0.75739  1.39577 
181  0.65761 -4.54332 -3.88571  5.20093 
182  0.62579  0.00000  0.62579  0.62579 
183  2.41518 -1.87092  0.54426  4.28610 
184  2.88990 -0.77380  2.11610  3.66370 
185  0.71893 -2.53364 -1.81471  3.25257 
186  1.25617 -0.76522  0.49095  2.02139 
187  2.18555 -2.04015  0.14540  4.22570 
188  0.35007 -0.08450  0.26557  0.43457 
189  1.76264  0.00000  1.76264  1.76264 
190  0.13682 -1.95576 -1.81894  2.09258 
191  0.51841 -0.52158 -0.00317  1.03999 
192  0.63581 -0.23893  0.39688  0.87474 
193  2.49098  0.00000  2.49098  2.49098 
194  1.15084 -0.30880  0.84204  1.45964 
195  0.56652 -0.42045  0.14607  0.98697 
196  0.63578 -1.01124 -0.37546  1.64702 
197  1.23418  0.00000  1.23418  1.23418 
198  0.94807 -0.91918  0.02889  1.86725 
199  0.92938 -0.12141  0.80797  1.05079 
200  2.46307 -1.50246  0.96061  3.96553 
201  0.34249 -1.14738 -0.80489  1.48987 
202  0.52839  0.00000  0.52839  0.52839 
203  0.01674 -0.82288 -0.80614  0.83962 
204  3.66778 -1.11826  2.54952  4.78604 
205  1.23550 -1.90898 -0.67348  3.14448 
206  1.83700 -0.47001  1.36699  2.30701 
207  0.59365  0.00000  0.59365  0.59365 
208  3.18136 -1.04006  2.14130  4.22142 
209  2.48558 -1.20757  1.27801  3.69315 
210  1.05649 -2.27201 -1.21552  3.32850 
211  2.06909 -2.86957 -0.80048  4.93866 
212  2.42271 -0.82219  1.60052  3.24490 
213  1.21457 -0.05337  1.16120  1.26794 
214  0.00000 -0.41182 -0.41182  0.41182 
215  2.01066 -1.61327  0.39739  3.62393 
216  1.22024  0.00000  1.22024  1.22024 
217  4.08104 -0.11976  3.96128  4.20080 
218  1.50500 -0.87729  0.62771  2.38229 
219  4.81420 -2.16440  2.64980  6.97860 
220  2.77153 -2.31674  0.45479  5.08827 
221  1.68589 -1.36722  0.31867  3.05311 
222  2.48111 -1.81420  0.66691  4.29531 
223  1.89181 -0.25430  1.63751  2.14611 
224  1.29179 -0.32556  0.96623  1.61735 
225  2.00183 -0.97792  1.02391  2.97975 
226  2.37931 -1.54427  0.83504  3.92358 
227  2.54375 -0.12130  2.42245  2.66505 
228  2.33934 -0.74614  1.59320  3.08548 
229  1.64947 -2.44777 -0.79830  4.09724 
230  2.61869 -4.01139 -1.39270  6.63008 
231  3.87889 -3.33631  0.54258  7.21520 
232  1.25197 -0.33615  0.91582  1.58812 
233  0.87767 -1.63957 -0.76190  2.51724 
234  3.67348 -1.12774  2.54574  4.80122 
235  1.91804 -1.97037 -0.05233  3.88841 
236  3.11647 -1.06854  2.04793  4.18501 
237  1.44929 -0.55079  0.89850  2.00008 
238  1.54702 -0.15325  1.39377  1.70027 
239  2.13678 -1.94047  0.19631  4.07725 
240  0.16056 -0.29745 -0.13689  0.45801 
241  0.84927 -0.41297  0.43630  1.26224 
242  1.04641  0.00000  1.04641  1.04641 
243  0.96327 -1.64341 -0.68014  2.60668 
244  0.61149 -0.34721  0.26428  0.95870 
245  1.06594 -0.12101  0.94493  1.18695 
246  0.70873  0.00000  0.70873  0.70873 
247  1.37052 -1.74468 -0.37416  3.11520 
248  2.59039 -1.05880  1.53159  3.64919 
249  1.04644 -0.96134  0.08510  2.00778 
250  2.40230 -2.38897  0.01333  4.79127 
251  1.07798 -0.56460  0.51338  1.64258 
252  0.27937 -0.72791 -0.44854  1.00728 
253  0.76972 -1.78341 -1.01369  2.55313 
254  1.53988 -2.35127 -0.81139  3.89115 
255  1.39160  0.00000  1.39160  1.39160 
256  3.24553 -2.97657  0.26896  6.22210 
257  1.32848 -0.20936  1.11912  1.53784 
258  1.64784 -0.15024  1.49760  1.79808 
259  1.75738 -0.39766  1.35972  2.15504 
260  0.24071 -0.96480 -0.72409  1.20551 
261  1.11514  0.00000  1.11514  1.11514 
262  0.93340  0.00000  0.93340  0.93340 
263  0.38704 -0.71660 -0.32956  1.10364 
264  1.21615 -0.74103  0.47512  1.95718 
265  0.35303 -0.47250 -0.11947  0.82553 
266  0.83672 -0.55819  0.27853  1.39491 
267  1.09227 -0.99391  0.09836  2.08618 
268  0.38393  0.00000  0.38393  0.38393 
269  0.35186 -0.53874 -0.18688  0.89060 
270  1.28532 -0.43016  0.85516  1.71548 
271  2.24419 -0.57480  1.66939  2.81899 
272  1.36614 -0.53507  0.83107  1.90121 
273  2.49173 -2.67697 -0.18524  5.16870 
274  0.56486 -1.24866 -0.68380  1.81352 
275  1.78758 -2.36907 -0.58149  4.15665 
276  0.80567 -3.92382 -3.11815  4.72949 
277  3.90740 -2.69610  1.21130  6.60350 
278  0.96860 -1.18267 -0.21407  2.15127 
279  0.89114 -0.50324  0.38790  1.39438 
280  1.15466 -1.20326 -0.04860  2.35792 
281  1.07545 -0.05097  1.02448  1.12642 
282  2.26655 -4.43092 -2.16437  6.69747 
283  2.15005  0.00000  2.15005  2.15005 
284  3.40661 -2.40413  1.00248  5.81074 
285  1.68424 -4.10598 -2.42174  5.79022 
286  1.43668 -2.00701 -0.57033  3.44369 
287  1.95732 -2.58836 -0.63104  4.54568 
288  2.63802 -2.67153 -0.03351  5.30955 
289  1.76364 -0.55349  1.21015  2.31713 
290  0.35250 -0.55343 -0.20093  0.90593 
291  1.44611 -2.03972 -0.59361  3.48583 
292  0.85284 -0.75414  0.09870  1.60698 
293  2.75876 -4.60426 -1.84550  7.36302 
294  0.01308 -0.37159 -0.35851  0.38467 
295  0.24542 -0.38579 -0.14037  0.63121 
296  0.79634 -1.45210 -0.65576  2.24844 
297  0.89247 -0.79857  0.09390  1.69104 
298  3.23797 -4.20170 -0.96373  7.43967 
299  0.52712 -0.50836  0.01876  1.03548 
300  0.00377 -2.18373 -2.17996  2.18750 
301  0.44735 -0.57217 -0.12482  1.01952 
302  1.85696 -2.98244 -1.12548  4.83940 
303  0.42758 -0.54915 -0.12157  0.97673 
304  1.57597 -1.65290 -0.07693  3.22887 
305  2.22762 -1.62168  0.60594  3.84930 
306  0.34865 -0.21281  0.13584  0.56146 
307  0.40698 -0.16462  0.24236  0.57160 
308  0.73665 -0.28558  0.45107  1.02223 
309  0.30617 -0.34113 -0.03496  0.64730 
310  0.30006 -1.58987 -1.28981  1.88993 
311  1.64027 -2.13794 -0.49767  3.77821 
312  1.66555 -1.77995 -0.11440  3.44550 
313  2.63039 -2.27765  0.35274  4.90804 
314  1.45722 -1.33352  0.12370  2.79074 
315  0.13987 -1.42389 -1.28402  1.56376 
316  1.17270  0.00000  1.17270  1.17270 
317  2.72506 -2.20355  0.52151  4.92861 
318  1.20057  0.00000  1.20057  1.20057 
319  0.21946 -1.23888 -1.01942  1.45834 
320  0.12678 -3.33530 -3.20852  3.46208 
321  0.70075  0.00000  0.70075  0.70075 
322  1.70151 -1.44965  0.25186  3.15116 
323  0.82974 -1.75794 -0.92820  2.58768 
324  0.63149 -0.78603 -0.15454  1.41752 
325  0.49041 -3.44894 -2.95853  3.93935 
326  0.70362 -0.13516  0.56846  0.83878 
327  0.45590 -0.50758 -0.05168  0.96348 
328  0.75215 -0.22984  0.52231  0.98199 
329  0.33905 -0.13836  0.20069  0.47741 
330  0.37231 -0.57575 -0.20344  0.94806 
331  0.81421 -1.06786 -0.25365  1.88207 
332  0.00000 -0.44906 -0.44906  0.44906 
333  0.95765 -0.11943  0.83822  1.07708 
334  0.00000 -0.40857 -0.40857  0.40857 
335  0.47108 -0.09434  0.37674  0.56542 
336  0.59666 -1.86533 -1.26867  2.46199 
337  0.90292 -0.09195  0.81097  0.99487 
338  1.26595 -1.56708 -0.30113  2.83303 
339  0.65133 -0.87066 -0.21933  1.52199 
340  0.25188 -0.10558  0.14630  0.35746 
341  0.00664 -0.60133 -0.59469  0.60797 
342  1.49351  0.00000  1.49351  1.49351 
343  1.65290 -0.41340  1.23950  2.06630 
344  1.60757 -1.45008  0.15749  3.05765 
345  1.76005 -0.56845  1.19160  2.32850 
346  0.00258 -1.56407 -1.56149  1.56665 
347  0.33632 -0.73885 -0.40253  1.07517 
348  0.08678 -0.87456 -0.78778  0.96134 
349  0.37736 -1.34940 -0.97204  1.72676 
350  1.61219  0.00000  1.61219  1.61219 
351  1.56969 -0.25876  1.31093  1.82845 
352  0.00000 -1.12138 -1.12138  1.12138 
353  0.65826 -1.55506 -0.89680  2.21332 
354  0.34846 -0.13494  0.21352  0.48340 
355  1.50086  0.00000  1.50086  1.50086 
356  0.77997 -0.60287  0.17710  1.38284 
357  1.26827 -3.19373 -1.92546  4.46200 
358  0.22542 -0.16378  0.06164  0.38920 
359  1.88634  0.00000  1.88634  1.88634 
360  1.49755 -2.12850 -0.63095  3.62605 
361  0.41605 -0.51035 -0.09430  0.92640 
362  0.76343 -0.39381  0.36962  1.15724 
363  0.30348  0.00000  0.30348  0.30348 
364  0.47625 -0.89977 -0.42352  1.37602 
365  0.00000 -1.62646 -1.62646  1.62646 
366  0.09239 -0.43919 -0.34680  0.53158 
367  2.33560 -0.59517  1.74043  2.93077 
368  2.12157 -3.41726 -1.29569  5.53883 
369  2.13517 -1.78203  0.35314  3.91720 
370  0.85737 -1.05542 -0.19805  1.91279 
371  1.12685 -0.46836  0.65849  1.59521 
372  0.97279 -1.29339 -0.32060  2.26618 
373  0.01434 -0.36175 -0.34741  0.37609 
374  1.14282 -1.19414 -0.05132  2.33696 
375  0.21175 -1.27423 -1.06248  1.48598 
376  0.85749 -1.29508 -0.43759  2.15257 
377  0.54004 -1.19098 -0.65094  1.73102 
378  0.22926 -0.33830 -0.10904  0.56756 
379  1.24032 -0.54753  0.69279  1.78785 
380  0.86451 -2.86134 -1.99683  3.72585 
381  2.72058 -2.49356  0.22702  5.21414 
382  0.56609 -0.45746  0.10863  1.02355 
383  1.55334 -0.10841  1.44493  1.66175 
384  0.00000 -1.56338 -1.56338  1.56338 
385  4.84494 -1.09376  3.75118  5.93870 
386  0.36639 -0.10829  0.25810  0.47468 
387  1.05646 -1.11947 -0.06301  2.17593 
388  2.81894 -0.43514  2.38380  3.25408 
389  0.02784 -6.22761 -6.19977  6.25545 
390  0.13737 -0.85200 -0.71463  0.98937 
391  1.23467 -0.65657  0.57810  1.89124 
392  0.00000 -1.82765 -1.82765  1.82765 
393  0.31108 -0.41927 -0.10819  0.73035 
394  0.44038 -0.28890  0.15148  0.72928 
395  0.05338 -1.07352 -1.02014  1.12690 
396  1.22540 -1.37558 -0.15018  2.60098 
397  0.74661 -0.80883 -0.06222  1.55544 
398  0.63461 -0.20949  0.42512  0.84410 
399  1.96827 -0.45904  1.50923  2.42731 
400  2.84043 -0.67039  2.17004  3.51082 
401  1.36515 -0.49548  0.86967  1.86063 
402  1.43914 -1.00653  0.43261  2.44567 
403  1.44619 -1.67734 -0.23115  3.12353 
404  0.75429 -0.68573  0.06856  1.44002 
405  1.49943 -0.73733  0.76210  2.23676 
406  1.42012 -1.42918 -0.00906  2.84930 
407  1.40200 -1.46924 -0.06724  2.87124 
408  1.28992 -0.27749  1.01243  1.56741 
409  1.15366 -0.46076  0.69290  1.61442 
410  0.75574 -1.28148 -0.52574  2.03722 
411  1.15005 -3.92154 -2.77149  5.07159 
412  0.97214 -0.36905  0.60309  1.34119 
413  1.86250 -2.25853 -0.39603  4.12103 
414  2.03864 -4.36164 -2.32300  6.40028 
415  0.45923 -0.01369  0.44554  0.47292 
416  0.83421  0.00000  0.83421  0.83421 
417  0.72078 -0.20128  0.51950  0.92206 
418  0.47648 -0.67302 -0.19654  1.14950 
419  0.66000 -0.13411  0.52589  0.79411 
420  0.64332 -0.39431  0.24901  1.03763 
421  1.04965 -0.01344  1.03621  1.06309 
422  0.27000 -0.38795 -0.11795  0.65795 
423  0.20888 -0.78073 -0.57185  0.98961 
424  0.39452 -1.52517 -1.13065  1.91969 
425  0.37240 -1.00096 -0.62856  1.37336 
426  1.12184 -0.51327  0.60857  1.63511 
427  1.43412 -0.16450  1.26962  1.59862 
428  0.99145 -0.92685  0.06460  1.91830 
429  0.72927 -0.18589  0.54338  0.91516 
430  0.27094 -0.14787  0.12307  0.41881 
431  0.22054 -0.07090  0.14964  0.29144 
432  0.00000 -1.63579 -1.63579  1.63579 
433  0.36121 -0.70902 -0.34781  1.07023 
434  0.78606 -0.40900  0.37706  1.19506 
435  0.05831 -0.40567 -0.34736  0.46398 
436  0.00000 -0.92726 -0.92726  0.92726 
437  1.29377 -1.36483 -0.07106  2.65860 
438  0.40648 -1.24094 -0.83446  1.64742 
439  0.85920 -0.00042  0.85878  0.85962 
440  0.82684  0.00000  0.82684  0.82684 
441  0.03137 -0.37978 -0.34841  0.41115 
442  0.63700 -0.09575  0.54125  0.73275 
443  0.54513 -0.16729  0.37784  0.71242 
444  0.50662 -0.62315 -0.11653  1.12977 
445  0.57911  0.00000  0.57911  0.57911 
446  0.35024 -0.65637 -0.30613  1.00661 
447  1.01209 -0.10830  0.90379  1.12039 
448  0.41793 -0.88386 -0.46593  1.30179 
449  0.21906 -0.33451 -0.11545  0.55357 
450  0.98270  0.00000  0.98270  0.98270 
451  0.38624 -1.19960 -0.81336  1.58584 
452  0.24231  0.00000  0.24231  0.24231 
453  0.16765 -1.08154 -0.91389  1.24919 
454  0.52505 -0.68654 -0.16149  1.21159 
455  5.78650 -1.80385  3.98265  7.59035 
456  0.66320 -1.16211 -0.49891  1.82531 
457  0.11983 -0.16830 -0.04847  0.28813 
458  1.72614 -0.53548  1.19066  2.26162 
459  0.74615 -1.19320 -0.44705  1.93935 
460  1.43088  0.00000  1.43088  1.43088 
461  0.36951 -0.11869  0.25082  0.48820 
462  0.05346 -1.63474 -1.58128  1.68820 
463  1.83754 -0.59202  1.24552  2.42956 
464  0.07483 -0.68609 -0.61126  0.76092 
465  1.37959 -0.84075  0.53884  2.22034 
466  1.26396 -0.66843  0.59553  1.93239 
467  0.48811 -2.79062 -2.30251  3.27873 
468  0.62058  0.00000  0.62058  0.62058 
469  1.48719 -0.91004  0.57715  2.39723 
470  1.42464 -1.13166  0.29298  2.55630 
471  0.34726 -0.10844  0.23882  0.45570 
472  1.01676 -0.04046  0.97630  1.05722 
473  2.56130 -1.91449  0.64681  4.47579 
474  0.46407 -0.62375 -0.15968  1.08782 
475  1.83847 -1.10252  0.73595  2.94099 
476  0.01534 -0.74156 -0.72622  0.75690 
477  0.12080 -0.88138 -0.76058  1.00218 
478  0.51999 -1.13977 -0.61978  1.65976 
479  0.49635 -0.83005 -0.33370  1.32640 
480  0.55505 -0.57392 -0.01887  1.12897 
481  1.31343 -0.60058  0.71285  1.91401 
482  0.66394 -0.47566  0.18828  1.13960 
483  0.98629 -0.39882  0.58747  1.38511 
484  1.14892 -0.82710  0.32182  1.97602 
485  2.12421 -2.17112 -0.04691  4.29533 
486  0.40942  0.00000  0.40942  0.40942 
487  0.43075 -1.18877 -0.75802  1.61952 
488  1.27953 -0.12194  1.15759  1.40147 
489  1.15576 -3.67435 -2.51859  4.83011 
490  0.62019 -0.19151  0.42868  0.81170 
491  0.06528 -0.93266 -0.86738  0.99794 
492  0.61463 -1.78878 -1.17415  2.40341 
493  0.61726 -1.31311 -0.69585  1.93037 
494  0.51800 -0.38233  0.13567  0.90033 
495  0.77261 -0.30064  0.47197  1.07325 
496  0.86168 -7.30409 -6.44241  8.16577 
497  0.27206 -1.56050 -1.28844  1.83256 
498  0.89895 -3.75935 -2.86040  4.65830 
499  0.57689 -0.22543  0.35146  0.80232 
500  3.38851 -1.53316  1.85535  4.92167 
501  0.90337 -1.47280 -0.56943  2.37617 
502  2.40124 -0.74714  1.65410  3.14838 
503  1.39931 -2.82431 -1.42500  4.22362 
504  0.03062 -0.77907 -0.74845  0.80969 
505  1.06661 -1.15505 -0.08844  2.22166 
506  2.35211 -2.08458  0.26753  4.43669 
507  0.74775 -2.35991 -1.61216  3.10766 
508  1.50106 -1.25047  0.25059  2.75153 
509  1.67174 -2.92692 -1.25518  4.59866 
510  0.88737 -0.94612 -0.05875  1.83349 
511  0.70920 -1.49396 -0.78476  2.20316 
512  1.09407 -2.70659 -1.61252  3.80066 
513  1.52772 -2.18350 -0.65578  3.71122 
514  0.83803 -4.13980 -3.30177  4.97783 
515  0.09870 -0.32830 -0.22960  0.42700 
516  2.19762 -2.61090 -0.41328  4.80852 
517  2.98278 -1.14264  1.84014  4.12542 
518  0.14102 -0.63055 -0.48953  0.77157 
519  1.58616 -2.36874 -0.78258  3.95490 
520  1.07504 -0.86982  0.20522  1.94486 
521  2.79932 -0.67671  2.12261  3.47603 
522  1.52199 -1.54668 -0.02469  3.06867 
523  3.05995 -1.72410  1.33585  4.78405 
524  0.94773 -1.47982 -0.53209  2.42755 
525  1.74815 -1.41537  0.33278  3.16352 
526  0.83427 -1.59620 -0.76193  2.43047 
527  0.40045 -0.30816  0.09229  0.70861 
528  1.13931 -1.37215 -0.23284  2.51146 
529  1.05396 -0.58523  0.46873  1.63919 
530  0.63531 -1.04201 -0.40670  1.67732 
531  0.76456 -0.97539 -0.21083  1.73995 
532  0.53740 -1.58967 -1.05227  2.12707 
533  0.54613 -0.08218  0.46395  0.62831 
534  0.73590 -0.09208  0.64382  0.82798 
535  0.68735 -0.09220  0.59515  0.77955 
536  0.26362 -0.49168 -0.22806  0.75530 
537  1.21153 -0.53273  0.67880  1.74426 
538  0.75947 -0.09611  0.66336  0.85558 
539  1.43159 -2.26204 -0.83045  3.69363 
540  0.29673 -4.26910 -3.97237  4.56583 
541  1.32082 -1.49835 -0.17753  2.81917 
542  0.49381 -1.05390 -0.56009  1.54771 
543  0.67819 -0.28585  0.39234  0.96404 
544  0.15639 -0.63380 -0.47741  0.79019 
545  0.36413 -0.72672 -0.36259  1.09085 
546  0.61527 -0.09615  0.51912  0.71142 
547  0.13742 -0.66110 -0.52368  0.79852 
548  0.63689 -0.66092 -0.02403  1.29781 
549  0.58715 -2.16583 -1.57868  2.75298 
550  0.50743 -2.50264 -1.99521  3.01007 
551  1.51663 -0.86705  0.64958  2.38368 
552  0.54319 -1.35619 -0.81300  1.89938 
553  0.86846 -0.74383  0.12463  1.61229 
554  4.11444 -1.95012  2.16432  6.06456 
555  0.45172 -2.14675 -1.69503  2.59847 
556  0.27844 -0.65715 -0.37871  0.93559 
557  1.12961 -0.68797  0.44164  1.81758 
558  0.61663 -0.20141  0.41522  0.81804 
559  0.48524 -1.82894 -1.34370  2.31418 
560  1.19512 -1.49510 -0.29998  2.69022 
561  1.10644 -2.03079 -0.92435  3.13723 
562  0.42726 -0.39562  0.03164  0.82288 
563  1.14104 -0.97239  0.16865  2.11343 
564  0.72344 -0.46505  0.25839  1.18849 
