0  0.34473 -0.54047 -0.19574  0.88520 
1  4.46893 -3.40121  1.06771  7.87014 
2  2.80816 -2.18083  0.62733  4.98899 
3  4.23318 -2.14274  2.09044  6.37593 
4  2.03749 -1.99093  0.04657  4.02842 
5  0.96410 -1.72089 -0.75679  2.68499 
6  1.88025 -1.55855  0.32170  3.43880 
7  0.82304 -0.44270  0.38034  1.26573 
8  1.11403 -0.55142  0.56261  1.66545 
9  1.79665 -1.03935  0.75730  2.83600 
10  2.40771 -2.63274 -0.22503  5.04045 
11  2.47404 -1.52570  0.94834  3.99974 
12  1.55989 -0.80040  0.75949  2.36029 
13  2.05409 -1.02428  1.02981  3.07838 
14  0.58385 -0.78394 -0.20008  1.36779 
15  2.03568 -0.59115  1.44453  2.62683 
16  1.15166 -0.16810  0.98356  1.31976 
17  1.11663 -0.15282  0.96381  1.26945 
18  2.03115 -0.99896  1.03219  3.03011 
19  0.23084 -0.64941 -0.41857  0.88025 
20  1.17114 -0.33312  0.83802  1.50426 
21  0.70859 -0.39658  0.31201  1.10517 
22  0.33849 -0.55543 -0.21694  0.89392 
23  1.00034 -0.68412  0.31622  1.68446 
24  1.80080 -1.11369  0.68711  2.91448 
25  0.31788 -0.83524 -0.51736  1.15312 
26  0.87769 -0.39832  0.47937  1.27601 
27  0.67985 -0.59508  0.08477  1.27493 
28  1.43970 -0.17380  1.26590  1.61350 
29  0.71480 -0.31477  0.40003  1.02956 
30  1.20856 -1.08971  0.11885  2.29826 
31  1.17904 -0.91865  0.26039  2.09768 
32  0.49472 -0.20403  0.29069  0.69876 
33  0.55346 -0.58645 -0.03299  1.13991 
34  0.45940 -0.37580  0.08360  0.83520 
35  0.60734 -1.30082 -0.69348  1.90816 
36  1.48754 -2.63387 -1.14633  4.12140 
37  0.73396 -1.23197 -0.49801  1.96593 
38  0.69720 -0.69632  0.00088  1.39352 
39  0.81978 -0.85454 -0.03476  1.67432 
40  0.80798 -0.47179  0.33619  1.27978 
41  0.48364 -0.58716 -0.10352  1.07080 
42  0.40611 -0.53564 -0.12953  0.94174 
43  0.41441 -0.24172  0.17269  0.65613 
44  1.19334 -0.27921  0.91413  1.47255 
45  0.78496 -0.33749  0.44747  1.12245 
46  1.59687 -0.95954  0.63733  2.55640 
47  1.40559 -0.72953  0.67606  2.13512 
48  0.62009 -0.48539  0.13471  1.10548 
49  0.64672 -0.61110  0.03562  1.25782 
50  1.51855 -0.36887  1.14968  1.88742 
51  1.05578 -1.26360 -0.20783  2.31938 
52  2.23040 -1.64073  0.58967  3.87114 
53  0.36991 -0.46704 -0.09713  0.83695 
54  0.93111 -0.65149  0.27962  1.58259 
55  0.65116 -1.14281 -0.49166  1.79397 
56  1.22192 -0.86102  0.36089  2.08294 
57  0.44834 -0.41528  0.03305  0.86362 
58  1.21978 -0.29339  0.92639  1.51317 
59  3.17672 -2.08799  1.08873  5.26471 
60  0.89281 -0.93316 -0.04035  1.82597 
61  1.93487 -2.99711 -1.06224  4.93198 
62  0.26790 -0.84254 -0.57464  1.11043 
63  1.43128 -0.92820  0.50308  2.35947 
64  2.20062 -2.03236  0.16826  4.23297 
65  0.59671 -0.57646  0.02025  1.17317 
66  0.42349 -0.13946  0.28403  0.56295 
67  2.93404 -2.86825  0.06579  5.80230 
68  0.39791 -0.44793 -0.05002  0.84584 
69  1.55804 -1.95286 -0.39483  3.51090 
70  2.59968 -2.18548  0.41420  4.78516 
71  0.72493 -0.32336  0.40157  1.04829 
72  0.77128 -1.05303 -0.28175  1.82430 
73  1.51736 -1.52417 -0.00681  3.04153 
74  1.55166 -3.50601 -1.95434  5.05767 
75  0.44535 -0.77450 -0.32915  1.21985 
76  0.68146 -0.36438  0.31707  1.04584 
77  1.05519 -0.40449  0.65070  1.45967 
78  1.25134 -0.44091  0.81043  1.69225 
79  0.56385 -0.27094  0.29290  0.83479 
80  0.59957 -1.28026 -0.68069  1.87984 
81  0.70646 -0.90364 -0.19718  1.61010 
82  1.68148 -1.86580 -0.18432  3.54728 
83  0.62796 -0.50916  0.11880  1.13711 
84  0.52283 -0.94277 -0.41993  1.46560 
85  3.35736 -2.12723  1.23013  5.48459 
86  0.61816 -0.71336 -0.09519  1.33152 
87  1.68693 -1.66921  0.01772  3.35614 
88  4.63860 -3.02475  1.61385  7.66335 
89  2.71640 -4.70627 -1.98987  7.42267 
90  2.42517 -2.50254 -0.07737  4.92771 
91  2.57666 -1.60692  0.96975  4.18358 
92  0.34444 -0.50455 -0.16011  0.84899 
93  0.57160 -1.14115 -0.56955  1.71275 
94  0.89996 -0.31564  0.58432  1.21560 
95  0.87035 -0.65824  0.21211  1.52859 
96  0.99537 -0.46252  0.53285  1.45790 
97  0.60216 -0.55938  0.04278  1.16154 
98  2.98593 -3.21540 -0.22947  6.20134 
99  1.88690 -2.08273 -0.19583  3.96963 
100  2.92177 -0.93968  1.98209  3.86145 
101  1.82984 -0.92081  0.90903  2.75065 
102  1.54902 -1.72586 -0.17684  3.27488 
103  3.82132 -3.54033  0.28099  7.36164 
104  0.17761 -0.66362 -0.48602  0.84123 
105  0.96816 -0.78975  0.17841  1.75791 
106  0.71063 -0.80171 -0.09108  1.51234 
107  1.69326 -0.34574  1.34752  2.03901 
108  0.52879 -0.51237  0.01643  1.04116 
109  0.39609 -0.59393 -0.19784  0.99001 
110  2.61871 -2.84798 -0.22927  5.46669 
111  0.76962 -1.30083 -0.53121  2.07044 
112  3.85199 -3.64959  0.20240  7.50159 
113  1.42398 -1.53258 -0.10860  2.95656 
114  2.70128 -1.41148  1.28981  4.11276 
115  1.19310 -0.85985  0.33325  2.05295 
116  0.28376 -0.59442 -0.31066  0.87818 
117  0.33400 -0.55868 -0.22468  0.89267 
118  1.86384 -1.25196  0.61188  3.11581 
119  0.62180 -0.59178  0.03002  1.21357 
120  1.13591 -0.17909  0.95682  1.31501 
121  0.77619 -0.38776  0.38842  1.16395 
122  2.26485 -1.84520  0.41965  4.11005 
123  1.50591 -1.61181 -0.10590  3.11772 
124  0.87095 -0.80338  0.06757  1.67432 
125  3.04631 -2.62993  0.41637  5.67624 
126  2.09034 -0.83921  1.25113  2.92955 
127  1.62773 -1.29572  0.33200  2.92345 
128  0.62057 -1.65604 -1.03547  2.27661 
129  0.73121 -0.28439  0.44682  1.01559 
130  0.94805 -0.16710  0.78095  1.11515 
131  0.31407 -0.75151 -0.43744  1.06558 
132  1.80256 -0.99237  0.81019  2.79493 
133  0.51395 -0.28295  0.23100  0.79690 
134  1.41481 -2.10627 -0.69146  3.52108 
135  3.73642 -4.13857 -0.40215  7.87498 
136  2.27527 -3.41926 -1.14400  5.69453 
137  3.87125 -2.65097  1.22028  6.52221 
138  1.65228 -2.31697 -0.66469  3.96925 
139  0.67827 -0.57476  0.10351  1.25303 
140  1.79784 -0.81299  0.98485  2.61083 
141  1.59767 -0.23607  1.36161  1.83374 
142  1.58993 -0.74808  0.84185  2.33801 
143  0.36984 -1.11221 -0.74238  1.48205 
144  1.73255 -1.77938 -0.04682  3.51193 
145  2.99022 -2.25820  0.73202  5.24842 
146  0.08545 -0.34749 -0.26204  0.43295 
147  1.66728 -0.99955  0.66773  2.66684 
148  0.64154 -0.62953  0.01202  1.27107 
149  2.22415 -1.17208  1.05207  3.39623 
150  0.70935 -0.51535  0.19400  1.22470 
151  0.36381 -0.35697  0.00684  0.72077 
152  3.65453 -2.50257  1.15196  6.15710 
153  5.74186 -1.60415  4.13771  7.34602 
154  3.97822 -2.20627  1.77194  6.18449 
155  1.40588 -1.63845 -0.23257  3.04434 
156  3.45843 -2.89734  0.56109  6.35577 
157  2.79266 -0.94730  1.84536  3.73996 
158  2.10256 -1.05941  1.04315  3.16197 
159  1.15360 -0.28697  0.86663  1.44057 
160  0.69426 -0.53091  0.16336  1.22517 
161  0.48012 -0.67900 -0.19888  1.15912 
162  1.59079 -0.41801  1.17278  2.00880 
163  0.76443 -0.51558  0.24885  1.28001 
164  0.76081 -0.46408  0.29673  1.22489 
165  0.49232 -0.42775  0.06457  0.92007 
166  1.19101 -0.30070  0.89032  1.49171 
167  1.41544 -0.59031  0.82513  2.00574 
168  1.85565 -1.91775 -0.06209  3.77340 
169  2.78550 -1.99953  0.78596  4.78503 
170  2.72018 -2.61482  0.10536  5.33500 
171  1.13649 -2.69435 -1.55786  3.83085 
172  3.38513 -2.91203  0.47310  6.29715 
173  0.73084 -0.51181  0.21902  1.24265 
174  6.87901 -1.40330  5.47571  8.28231 
175  6.48861 -1.27631  5.21229  7.76492 
176  1.84614 -1.96478 -0.11863  3.81092 
177  2.26577 -3.24092 -0.97515  5.50669 
178  1.57290 -2.68441 -1.11151  4.25730 
179  3.15519 -2.98233  0.17286  6.13752 
180  0.77142 -0.50686  0.26456  1.27827 
181  2.84451 -3.12605 -0.28153  5.97056 
182  1.04006 -0.22012  0.81994  1.26018 
183  2.86934 -2.24381  0.62553  5.11314 
184  2.00095 -1.06701  0.93394  3.06797 
185  3.03032 -1.33916  1.69116  4.36948 
186  1.38978 -1.05798  0.33181  2.44776 
187  3.18015 -1.72750  1.45265  4.90765 
188  0.43242 -0.50628 -0.07386  0.93871 
189  1.25557 -0.20185  1.05372  1.45742 
190  0.22989 -1.56824 -1.33835  1.79814 
191  0.46080 -0.31706  0.14374  0.77786 
192  0.54453 -0.29569  0.24884  0.84023 
193  1.58411 -0.15566  1.42846  1.73977 
194  0.43140 -0.72825 -0.29685  1.15965 
195  0.80266 -0.83488 -0.03222  1.63754 
196  1.21835 -1.63226 -0.41392  2.85061 
197  0.83268 -0.37808  0.45460  1.21076 
198  1.13558 -0.35188  0.78370  1.48746 
199  0.88886 -0.69700  0.19186  1.58586 
200  2.95924 -1.44781  1.51143  4.40704 
201  0.74035 -1.72095 -0.98060  2.46130 
202  0.80842 -0.39258  0.41584  1.20101 
203  0.64641 -0.74207 -0.09565  1.38848 
204  3.83671 -1.74695  2.08976  5.58367 
205  1.93640 -1.72350  0.21290  3.65990 
206  1.33744 -0.43125  0.90619  1.76869 
207  0.55165 -0.05624  0.49541  0.60788 
208  3.60898 -1.93572  1.67326  5.54470 
209  4.76340 -2.53677  2.22663  7.30017 
210  2.01895 -1.80433  0.21463  3.82328 
211  3.10127 -3.34674 -0.24547  6.44801 
212  2.53610 -0.61310  1.92300  3.14920 
213  1.19667 -1.89047 -0.69380  3.08713 
214  0.30955 -0.22199  0.08756  0.53154 
215  3.75691 -1.67498  2.08193  5.43189 
216  0.68766 -0.51721  0.17045  1.20486 
217  2.47235 -1.21465  1.25770  3.68701 
218  1.40083 -1.18169  0.21915  2.58252 
219  4.37574 -2.24156  2.13418  6.61730 
220  2.98417 -1.63367  1.35050  4.61784 
221  2.16450 -1.26555  0.89895  3.43005 
222  3.38647 -2.55829  0.82818  5.94476 
223  2.62036 -0.47136  2.14899  3.09172 
224  1.10492 -1.01757  0.08736  2.12249 
225  2.14401 -0.95118  1.19283  3.09520 
226  2.59459 -2.04758  0.54702  4.64217 
227  2.42409 -0.49183  1.93226  2.91593 
228  2.58866 -1.62205  0.96661  4.21071 
229  1.78761 -1.93398 -0.14636  3.72159 
230  2.30764 -3.41835 -1.11071  5.72599 
231  5.04878 -3.99855  1.05023  9.04733 
232  0.77434 -0.87972 -0.10538  1.65405 
233  2.59200 -2.68468 -0.09268  5.27668 
234  2.72659 -1.84129  0.88530  4.56789 
235  2.48311 -1.99298  0.49013  4.47610 
236  3.28190 -1.49406  1.78783  4.77596 
237  1.26642 -0.83842  0.42800  2.10485 
238  1.10462 -0.88683  0.21779  1.99144 
239  2.71116 -1.31223  1.39893  4.02339 
240  0.26465 -0.26192  0.00273  0.52657 
241  0.53189 -0.35073  0.18116  0.88262 
242  0.72627 -0.25202  0.47425  0.97829 
243  1.34569 -0.92905  0.41664  2.27474 
244  0.39928 -0.13904  0.26024  0.53831 
245  1.47831 -0.18450  1.29380  1.66281 
246  0.48071 -0.08931  0.39140  0.57003 
247  1.86484 -2.04175 -0.17691  3.90659 
248  2.16206 -0.83090  1.33116  2.99296 
249  0.82845 -0.93592 -0.10747  1.76437 
250  3.15359 -3.98778 -0.83419  7.14137 
251  1.21567 -0.47495  0.74072  1.69062 
252  1.12439 -1.19041 -0.06602  2.31480 
253  1.38506 -1.08545  0.29961  2.47051 
254  2.50682 -3.18223 -0.67541  5.68904 
255  1.51156 -0.39568  1.11588  1.90724 
256  3.46615 -1.64986  1.81629  5.11601 
257  1.09494 -0.20679  0.88815  1.30173 
258  1.10350 -0.64386  0.45964  1.74736 
259  1.41929 -0.37229  1.04700  1.79158 
260  0.75651 -0.55720  0.19930  1.31371 
261  0.67352 -0.39844  0.27508  1.07195 
262  0.68555 -0.22491  0.46064  0.91046 
263  0.64942 -1.05155 -0.40213  1.70097 
264  1.02315 -0.82393  0.19922  1.84708 
265  0.88822 -0.35340  0.53481  1.24162 
266  0.84658 -0.37623  0.47035  1.22281 
267  0.94626 -1.90515 -0.95889  2.85141 
268  0.90622 -1.94853 -1.04231  2.85476 
269  0.73112 -0.47622  0.25490  1.20734 
270  0.95773 -0.32047  0.63726  1.27820 
271  1.95480 -2.06436 -0.10956  4.01916 
272  0.98374 -0.65159  0.33215  1.63533 
273  4.11384 -1.42224  2.69160  5.53608 
274  0.75746 -0.70400  0.05346  1.46146 
275  2.85646 -1.61000  1.24646  4.46646 
276  2.94736 -2.93433  0.01303  5.88169 
277  3.92021 -3.24273  0.67748  7.16294 
278  1.55033 -1.01331  0.53702  2.56364 
279  0.60211 -0.71648 -0.11437  1.31860 
280  0.65839 -0.97038 -0.31199  1.62876 
281  0.60129 -0.09783  0.50346  0.69912 
282  3.35812 -2.28911  1.06900  5.64723 
283  0.94955 -0.43109  0.51846  1.38063 
284  3.87051 -2.33327  1.53724  6.20378 
285  1.58358 -2.95137 -1.36779  4.53495 
286  1.86135 -1.59488  0.26647  3.45623 
287  3.02781 -2.17236  0.85544  5.20017 
288  3.06482 -2.72844  0.33638  5.79326 
289  1.76293 -1.78766 -0.02473  3.55059 
290  0.28741 -0.33049 -0.04308  0.61790 
291  1.25958 -1.53006 -0.27048  2.78964 
292  1.08968 -0.51529  0.57438  1.60497 
293  2.56696 -3.99696 -1.43000  6.56393 
294  0.23617 -0.57763 -0.34146  0.81380 
295  0.25757 -0.29786 -0.04029  0.55543 
296  0.67018 -0.93798 -0.26780  1.60817 
297  0.97414 -0.68964  0.28450  1.66378 
298  2.89385 -3.38316 -0.48931  6.27701 
299  0.78410 -0.34671  0.43738  1.13081 
300  0.89963 -1.02542 -0.12579  1.92505 
301  1.14974 -0.37829  0.77144  1.52803 
302  3.19134 -3.09734  0.09400  6.28869 
303  0.77134 -0.65177  0.11957  1.42311 
304  1.47047 -2.45345 -0.98298  3.92391 
305  1.83637 -1.03495  0.80142  2.87132 
306  0.48130 -0.70955 -0.22824  1.19085 
307  0.55398 -0.38003  0.17395  0.93401 
308  0.61376 -0.46059  0.15317  1.07435 
309  0.74095 -0.16805  0.57290  0.90900 
310  1.10981 -0.68953  0.42028  1.79934 
311  2.09375 -1.17224  0.92151  3.26599 
312  2.09853 -1.09555  1.00298  3.19409 
313  2.62540 -2.85906 -0.23366  5.48446 
314  2.98502 -0.71628  2.26873  3.70130 
315  1.13413 -1.02605  0.10808  2.16018 
316  0.59457 -0.26790  0.32666  0.86247 
317  2.86692 -3.44790 -0.58098  6.31482 
318  0.60243 -0.25556  0.34687  0.85799 
319  0.37124 -1.12554 -0.75430  1.49678 
320  0.88088 -2.17444 -1.29356  3.05532 
321  0.95354 -0.13677  0.81678  1.09031 
322  0.89949 -1.18638 -0.28688  2.08587 
323  0.90038 -1.53519 -0.63480  2.43557 
324  0.90245 -0.74503  0.15742  1.64748 
325  2.11729 -2.85577 -0.73848  4.97307 
326  1.31256 -0.72124  0.59133  2.03380 
327  0.15197 -0.77388 -0.62191  0.92584 
328  0.53433 -0.46090  0.07343  0.99523 
329  0.41027 -0.33034  0.07993  0.74061 
330  0.33970 -0.57204 -0.23234  0.91175 
331  0.56426 -1.05704 -0.49278  1.62129 
332  0.26760 -0.47979 -0.21219  0.74739 
333  0.92064 -0.76127  0.15938  1.68191 
334  0.43957 -0.84304 -0.40347  1.28261 
335  0.36345 -0.21428  0.14917  0.57772 
336  0.95192 -2.93313 -1.98121  3.88505 
337  0.75957 -0.40739  0.35219  1.16696 
338  1.41051 -1.42658 -0.01607  2.83709 
339  0.68211 -0.77275 -0.09064  1.45486 
340  0.13403 -0.24737 -0.11334  0.38140 
341  0.25347 -0.38023 -0.12676  0.63370 
342  1.21371 -0.26188  0.95183  1.47559 
343  1.16379 -0.44498  0.71881  1.60876 
344  1.46978 -0.58639  0.88338  2.05617 
345  1.25149 -0.39746  0.85403  1.64895 
346  1.19403 -1.33294 -0.13891  2.52697 
347  0.37836 -0.82131 -0.44295  1.19967 
348  0.40687 -1.16721 -0.76034  1.57408 
349  0.68199 -1.47461 -0.79262  2.15660 
350  0.75405 -0.37580  0.37825  1.12984 
351  0.54760 -0.60853 -0.06092  1.15613 
352  0.89844 -0.68103  0.21741  1.57946 
353  0.47802 -0.99847 -0.52045  1.47650 
354  0.46676 -0.34793  0.11883  0.81469 
355  0.50029 -0.59827 -0.09798  1.09855 
356  0.55566 -0.27167  0.28399  0.82733 
357  1.90593 -2.25848 -0.35255  4.16441 
358  0.31136 -0.44129 -0.12993  0.75266 
359  1.38014 -0.39705  0.98309  1.77719 
360  1.24507 -1.19262  0.05245  2.43769 
361  0.49935 -0.22948  0.26987  0.72883 
362  0.50059 -0.49670  0.00389  0.99729 
363  0.34612 -0.09533  0.25079  0.44145 
364  0.52412 -0.47318  0.05094  0.99730 
365  0.40077 -0.66462 -0.26385  1.06539 
366  0.54903 -1.38291 -0.83388  1.93194 
367  1.36960 -1.83746 -0.46786  3.20706 
368  2.72205 -1.76582  0.95623  4.48787 
369  2.73806 -1.64734  1.09072  4.38540 
370  0.58749 -0.62351 -0.03602  1.21100 
371  1.04825 -1.00495  0.04331  2.05320 
372  1.71255 -0.76024  0.95230  2.47279 
373  0.50810 -0.16271  0.34539  0.67080 
374  1.11685 -1.66059 -0.54374  2.77744 
375  0.64191 -1.27050 -0.62859  1.91241 
376  0.65256 -0.89927 -0.24670  1.55183 
377  0.71770 -0.77990 -0.06221  1.49760 
378  0.18927 -1.11814 -0.92887  1.30740 
379  0.74768 -0.84869 -0.10100  1.59637 
380  3.00355 -2.35190  0.65165  5.35545 
381  2.53336 -2.40461  0.12875  4.93797 
382  0.88144 -0.49843  0.38301  1.37987 
383  0.83995 -0.28952  0.55043  1.12947 
384  0.40925 -1.15427 -0.74502  1.56352 
385  4.46472 -2.29755  2.16717  6.76227 
386  0.50299 -0.12178  0.38121  0.62477 
387  1.27802 -1.06712  0.21091  2.34514 
388  2.85119 -0.78337  2.06782  3.63456 
389  2.66494 -3.55577 -0.89083  6.22071 
390  1.00146 -0.60200  0.39946  1.60346 
391  0.63227 -0.86929 -0.23702  1.50157 
392  0.12952 -1.52473 -1.39522  1.65425 
393  0.23147 -0.52345 -0.29198  0.75492 
394  0.43717 -0.80256 -0.36539  1.23973 
395  0.04796 -0.96371 -0.91575  1.01167 
396  1.35341 -1.62724 -0.27384  2.98065 
397  0.90211 -0.71165  0.19045  1.61376 
398  0.85628 -0.29056  0.56572  1.14684 
399  1.24660 -1.55302 -0.30642  2.79963 
400  1.95121 -1.74716  0.20406  3.69837 
401  1.81596 -0.77903  1.03694  2.59499 
402  1.78101 -1.21960  0.56141  3.00061 
403  1.66073 -2.23675 -0.57602  3.89748 
404  1.19826 -1.42323 -0.22496  2.62149 
405  1.69130 -1.54461  0.14670  3.23591 
406  2.33990 -2.47129 -0.13138  4.81119 
407  2.06379 -2.04699  0.01680  4.11078 
408  1.22723 -0.88652  0.34071  2.11375 
409  1.83893 -0.84481  0.99411  2.68374 
410  1.18142 -1.41777 -0.23635  2.59919 
411  4.38117 -2.21343  2.16775  6.59460 
412  0.68169 -0.42449  0.25720  1.10618 
413  1.54505 -1.98657 -0.44152  3.53161 
414  2.72989 -2.80869 -0.07879  5.53858 
415  0.90946 -1.28364 -0.37418  2.19310 
416  0.46973 -0.18408  0.28566  0.65381 
417  1.03798 -0.27374  0.76424  1.31172 
418  0.50273 -0.30025  0.20248  0.80297 
419  0.61830 -0.42592  0.19238  1.04422 
420  0.75341 -0.55800  0.19541  1.31141 
421  0.66582 -0.86159 -0.19577  1.52741 
422  0.45543 -0.43515  0.02028  0.89057 
423  1.07046 -0.26024  0.81022  1.33071 
424  0.87584 -0.70801  0.16783  1.58385 
425  0.72232 -0.49988  0.22244  1.22220 
426  0.95543 -0.61674  0.33868  1.57217 
427  1.37180 -0.84223  0.52957  2.21403 
428  1.06618 -0.92000  0.14619  1.98618 
429  0.45763 -0.55041 -0.09278  1.00803 
430  0.41593 -0.65822 -0.24229  1.07416 
431  0.28204 -0.35507 -0.07303  0.63710 
432  0.21272 -1.08381 -0.87109  1.29653 
433  1.11388 -0.97822  0.13565  2.09210 
434  0.75508 -0.17953  0.57554  0.93461 
435  0.31653 -0.24841  0.06812  0.56494 
436  0.20786 -0.45152 -0.24366  0.65938 
437  1.41744 -0.73833  0.67911  2.15577 
438  0.59090 -0.58688  0.00403  1.17778 
439  0.58162 -0.22279  0.35883  0.80441 
440  0.88042 -0.46330  0.41712  1.34372 
441  0.70952 -0.42272  0.28681  1.13224 
442  0.52819 -0.34871  0.17948  0.87690 
443  0.35648 -0.37031 -0.01383  0.72679 
444  0.69868 -0.50657  0.19211  1.20524 
445  0.52817 -0.16238  0.36579  0.69056 
446  0.90260 -0.40039  0.50221  1.30299 
447  1.03896 -0.63215  0.40680  1.67111 
448  0.70785 -0.41037  0.29748  1.11822 
449  0.30279 -0.65480 -0.35201  0.95758 
450  0.67570  0.00000  0.67570  0.67570 
451  0.68945 -0.52566  0.16379  1.21512 
452  0.24379 -0.93520 -0.69140  1.17899 
453  0.62826 -1.01334 -0.38508  1.64160 
454  0.51216 -0.60123 -0.08908  1.11339 
455  3.65748 -2.10877  1.54872  5.76625 
456  0.79445 -0.49887  0.29558  1.29332 
457  0.24442 -0.60853 -0.36410  0.85295 
458  1.31252 -0.58774  0.72479  1.90026 
459  1.51032 -3.40414 -1.89382  4.91446 
460  0.95298 -0.30540  0.64758  1.25838 
461  0.55270 -0.26626  0.28643  0.81896 
462  0.79689 -1.24799 -0.45109  2.04488 
463  0.98921 -0.64284  0.34637  1.63204 
464  0.55563 -0.75351 -0.19787  1.30914 
465  1.03557 -0.68253  0.35304  1.71810 
466  2.07792 -1.09379  0.98413  3.17170 
467  3.11422 -2.33482  0.77940  5.44904 
468  0.97748 -0.23404  0.74343  1.21152 
469  1.34453 -1.74858 -0.40405  3.09311 
470  1.66005 -0.76181  0.89824  2.42186 
471  0.32373 -0.39601 -0.07228  0.71974 
472  0.66760 -0.44240  0.22519  1.11000 
473  3.64580 -1.82187  1.82394  5.46767 
474  0.98776 -0.67090  0.31686  1.65866 
475  1.12930 -2.51568 -1.38637  3.64498 
476  0.44050 -0.94645 -0.50594  1.38695 
477  0.63925 -1.01070 -0.37145  1.64995 
478  0.34242 -0.86257 -0.52015  1.20500 
479  0.80199 -0.57530  0.22669  1.37728 
480  0.84655 -0.55208  0.29447  1.39862 
481  1.11382 -1.65023 -0.53642  2.76405 
482  0.42689 -0.65748 -0.23059  1.08437 
483  0.93375 -0.91703  0.01672  1.85079 
484  0.90270 -0.85730  0.04540  1.76000 
485  1.81043 -2.69887 -0.88844  4.50930 
486  0.84982 -0.36712  0.48270  1.21694 
487  0.98999 -0.41894  0.57105  1.40893 
488  0.67666 -0.82375 -0.14709  1.50041 
489  2.89384 -2.27329  0.62055  5.16713 
490  0.76552 -0.18213  0.58339  0.94765 
491  0.49162 -0.71493 -0.22331  1.20654 
492  1.91405 -1.83023  0.08382  3.74428 
493  1.21027 -1.19832  0.01194  2.40859 
494  0.54558 -0.71728 -0.17170  1.26286 
495  1.03958 -0.16754  0.87204  1.20711 
496  0.66894 -6.24678 -5.57785  6.91572 
497  0.54229 -1.01188 -0.46959  1.55417 
498  1.62764 -4.26086 -2.63322  5.88849 
499  0.75251 -0.19395  0.55856  0.94647 
500  2.36252 -1.86654  0.49598  4.22906 
501  1.75160 -0.90301  0.84859  2.65461 
502  2.62799 -2.11436  0.51363  4.74235 
503  1.88841 -2.78664 -0.89823  4.67505 
504  0.62169 -0.66766 -0.04597  1.28935 
505  2.26429 -1.25161  1.01268  3.51590 
506  2.77974 -1.75064  1.02909  4.53038 
507  1.09222 -1.93906 -0.84684  3.03128 
508  0.66644 -2.36794 -1.70150  3.03438 
509  3.42375 -2.21177  1.21198  5.63552 
510  1.16480 -0.89000  0.27480  2.05480 
511  2.80146 -2.12277  0.67868  4.92423 
512  2.43136 -1.93296  0.49840  4.36432 
513  1.96341 -2.03308 -0.06967  3.99648 
514  1.95556 -2.93625 -0.98069  4.89181 
515  0.61738 -0.36537  0.25201  0.98275 
516  2.90531 -3.04107 -0.13575  5.94638 
517  4.02900 -1.90661  2.12239  5.93561 
518  1.16280 -1.31234 -0.14953  2.47514 
519  1.97940 -1.52714  0.45226  3.50655 
520  1.18753 -1.49834 -0.31081  2.68586 
521  2.29591 -0.87004  1.42587  3.16596 
522  1.80503 -3.06037 -1.25534  4.86540 
523  2.18075 -1.94774  0.23301  4.12849 
524  0.90326 -1.10359 -0.20032  2.00685 
525  1.29575 -1.26876  0.02699  2.56451 
526  0.72730 -1.08698 -0.35968  1.81428 
527  0.51006 -0.75989 -0.24983  1.26995 
528  0.89912 -0.98443 -0.08531  1.88355 
529  0.82093 -0.39483  0.42610  1.21576 
530  0.63643 -0.54439  0.09204  1.18082 
531  0.41944 -1.10908 -0.68964  1.52853 
532  0.51565 -0.95291 -0.43727  1.46856 
533  0.26853 -0.42746 -0.15893  0.69599 
534  1.03799 -0.79591  0.24208  1.83390 
535  0.50366 -0.55046 -0.04680  1.05413 
536  0.21402 -0.39914 -0.18512  0.61316 
537  0.70169 -0.93516 -0.23347  1.63685 
538  1.46025 -0.26375  1.19650  1.72400 
539  2.08576 -1.61291  0.47286  3.69867 
540  0.71842 -1.86603 -1.14761  2.58445 
541  0.65973 -1.53484 -0.87511  2.19457 
542  1.24545 -1.46201 -0.21656  2.70746 
543  0.58639 -0.56149  0.02490  1.14787 
544  0.58196 -0.56105  0.02092  1.14301 
545  0.74776 -0.35962  0.38814  1.10738 
546  0.56776 -0.36228  0.20548  0.93004 
547  0.33406 -0.76198 -0.42792  1.09604 
548  0.51068 -0.72559 -0.21491  1.23627 
549  1.69942 -1.02104  0.67838  2.72045 
550  1.47504 -1.59039 -0.11535  3.06543 
551  0.63269 -0.89498 -0.26230  1.52767 
552  0.51507 -2.44053 -1.92545  2.95560 
553  1.37511 -1.25012  0.12499  2.62524 
554  2.12338 -1.90273  0.22065  4.02611 
555  1.04804 -2.11696 -1.06892  3.16500 
556  0.57890 -0.30987  0.26904  0.88877 
557  1.27943 -1.35469 -0.07526  2.63412 
558  0.43884 -0.44171 -0.00286  0.88055 
559  0.49486 -1.43096 -0.93610  1.92582 
560  1.02519 -1.38478 -0.35959  2.40997 
561  1.95566 -1.69224  0.26342  3.64790 
562  1.00685 -0.13187  0.87497  1.13872 
563  0.81193 -0.52458  0.28735  1.33651 
564  0.66652 -0.56936  0.09715  1.23588 
