0  0.29330 -0.65113 -0.35783  0.94443 
1  2.22316 -2.43883 -0.21567  4.66199 
2  0.68953 -1.35580 -0.66627  2.04533 
3  3.74897 -0.86249  2.88648  4.61146 
4  2.61764 -1.06483  1.55281  3.68247 
5  0.35245 -0.81522 -0.46277  1.16767 
6  1.03152 -1.90756 -0.87604  2.93908 
7  0.77700  0.00000  0.77700  0.77700 
8  0.69677 -0.00610  0.69067  0.70287 
9  2.19087 -0.25804  1.93283  2.44891 
10  1.20966 -1.38083 -0.17117  2.59049 
11  2.33759 -0.74340  1.59419  3.08099 
12  0.51726 -1.56031 -1.04305  2.07757 
13  1.09914 -0.08901  1.01013  1.18815 
14  0.00000 -1.87377 -1.87377  1.87377 
15  1.60399 -0.45758  1.14641  2.06157 
16  0.95993 -0.24155  0.71838  1.20148 
17  1.52553  0.00000  1.52553  1.52553 
18  2.23101 -0.21578  2.01523  2.44679 
19  0.09849 -0.40846 -0.30997  0.50695 
20  0.64248  0.00000  0.64248  0.64248 
21  0.16333 -0.65995 -0.49662  0.82328 
22  0.07971 -0.70391 -0.62420  0.78362 
23  1.11710 -0.36147  0.75563  1.47857 
24  1.57757 -1.17824  0.39933  2.75581 
25  0.21252 -0.39520 -0.18268  0.60772 
26  0.66941 -0.01343  0.65598  0.68284 
27  0.97273 -0.25495  0.71778  1.22768 
28  1.10434  0.00000  1.10434  1.10434 
29  0.85751 -0.41706  0.44045  1.27457 
30  0.63960 -0.91477 -0.27517  1.55437 
31  1.35226 -0.68432  0.66794  2.03658 
32  0.13747 -0.29922 -0.16175  0.43669 
33  0.42592 -0.39968  0.02624  0.82560 
34  0.44852 -0.23363  0.21489  0.68215 
35  0.91730 -0.29983  0.61747  1.21713 
36  0.98239 -0.32176  0.66063  1.30415 
37  0.54181 -1.35055 -0.80874  1.89236 
38  1.24371 -0.23094  1.01277  1.47465 
39  0.52121 -0.29538  0.22583  0.81659 
40  0.37927 -0.03017  0.34910  0.40944 
41  0.39042 -0.50820 -0.11778  0.89862 
42  0.65323 -0.42638  0.22685  1.07961 
43  0.34720 -0.44496 -0.09776  0.79216 
44  0.83080 -0.09218  0.73862  0.92298 
45  0.74811 -0.58566  0.16245  1.33377 
46  0.33551 -0.95554 -0.62003  1.29105 
47  0.72629 -0.44011  0.28618  1.16640 
48  0.24509 -0.25899 -0.01390  0.50408 
49  0.48541 -0.50813 -0.02272  0.99354 
50  0.86837 -0.46699  0.40138  1.33536 
51  0.24032 -1.13924 -0.89892  1.37956 
52  0.96615 -1.69336 -0.72721  2.65951 
53  0.02118 -0.53957 -0.51839  0.56075 
54  0.55479 -0.40301  0.15178  0.95780 
55  0.20169 -0.93231 -0.73062  1.13400 
56  0.38750 -0.69966 -0.31216  1.08716 
57  0.47443 -0.34884  0.12559  0.82327 
58  1.38161 -0.47279  0.90882  1.85440 
59  1.64768 -1.43832  0.20936  3.08600 
60  0.72803 -0.08275  0.64528  0.81078 
61  1.84748 -1.88288 -0.03540  3.73036 
62  0.58495 -0.40297  0.18198  0.98792 
63  1.29124 -1.24682  0.04442  2.53806 
64  1.19677 -1.28892 -0.09215  2.48569 
65  0.87892 -0.48320  0.39572  1.36212 
66  0.38917  0.00000  0.38917  0.38917 
67  3.09760 -1.22374  1.87386  4.32134 
68  0.38661 -0.42893 -0.04232  0.81554 
69  1.43444 -1.53989 -0.10545  2.97433 
70  1.33532 -1.48180 -0.14648  2.81712 
71  0.45927 -0.12263  0.33664  0.58190 
72  0.79349 -2.48669 -1.69320  3.28018 
73  1.01566 -1.67206 -0.65640  2.68772 
74  2.29113 -1.60117  0.68996  3.89230 
75  0.25763 -0.76381 -0.50618  1.02144 
76  0.21634 -0.50930 -0.29296  0.72564 
77  0.95763 -0.45630  0.50133  1.41393 
78  0.80782 -0.12873  0.67909  0.93655 
79  0.06210 -0.80886 -0.74676  0.87096 
80  0.21675 -1.77452 -1.55777  1.99127 
81  0.10914 -1.86203 -1.75289  1.97117 
82  2.04349 -1.71311  0.33038  3.75660 
83  0.62004 -0.70890 -0.08886  1.32894 
84  0.07654 -0.80677 -0.73023  0.88331 
85  2.58198 -1.69195  0.89003  4.27393 
86  0.57876 -0.56378  0.01498  1.14254 
87  0.48531 -1.58770 -1.10239  2.07301 
88  3.11810 -2.34576  0.77234  5.46386 
89  3.44417 -1.75609  1.68808  5.20026 
90  1.89875 -2.06926 -0.17051  3.96801 
91  0.77382 -0.96843 -0.19461  1.74225 
92  0.12227 -0.02042  0.10185  0.14269 
93  1.36349 -0.11643  1.24706  1.47992 
94  1.34310 -0.12383  1.21927  1.46693 
95  0.95040 -0.22072  0.72968  1.17112 
96  0.74271 -0.93237 -0.18966  1.67508 
97  0.52970  0.00000  0.52970  0.52970 
98  1.81162 -3.02481 -1.21319  4.83643 
99  1.55102 -1.15111  0.39991  2.70213 
100  1.63569 -1.32302  0.31267  2.95871 
101  0.67109 -0.32288  0.34821  0.99397 
102  1.81303 -1.13403  0.67900  2.94706 
103  3.19090 -2.10619  1.08471  5.29709 
104  0.14547 -1.10185 -0.95638  1.24732 
105  0.52598 -0.92938 -0.40340  1.45536 
106  0.77962 -0.64159  0.13803  1.42121 
107  2.39828  0.00000  2.39828  2.39828 
108  0.28115 -0.19585  0.08530  0.47700 
109  0.78731 -0.24838  0.53893  1.03569 
110  2.29377 -1.82550  0.46827  4.11927 
111  0.00000 -1.11250 -1.11250  1.11250 
112  4.36439 -1.10681  3.25758  5.47120 
113  1.19818 -0.34612  0.85206  1.54430 
114  1.15830 -1.86118 -0.70288  3.01948 
115  0.66101 -0.63096  0.03005  1.29197 
116  0.29828 -0.48744 -0.18916  0.78572 
117  0.56760 -0.94667 -0.37907  1.51427 
118  0.01536 -2.09619 -2.08083  2.11155 
119  0.26293 -1.05625 -0.79332  1.31918 
120  0.64159 -0.19669  0.44490  0.83828 
121  0.65456 -0.35748  0.29708  1.01204 
122  0.69861 -2.27481 -1.57620  2.97342 
123  0.68738 -1.01086 -0.32348  1.69824 
124  0.35255 -0.96048 -0.60793  1.31303 
125  2.22400 -1.68368  0.54032  3.90768 
126  1.96050 -0.40198  1.55852  2.36248 
127  0.78748 -0.31532  0.47216  1.10280 
128  0.00000 -1.43019 -1.43019  1.43019 
129  0.34545 -0.40252 -0.05707  0.74797 
130  0.42770 -0.21886  0.20884  0.64656 
131  0.18941 -0.26379 -0.07438  0.45320 
132  0.66553 -0.49069  0.17484  1.15622 
133  0.30961 -0.26486  0.04475  0.57447 
134  0.55672 -1.14494 -0.58822  1.70166 
135  3.06357 -4.24539 -1.18182  7.30896 
136  1.86429 -1.61271  0.25158  3.47700 
137  1.55222 -1.88074 -0.32852  3.43296 
138  1.27893 -1.18593  0.09300  2.46486 
139  0.00000 -0.61101 -0.61101  0.61101 
140  2.45860 -0.30878  2.14982  2.76738 
141  1.66530 -0.27871  1.38659  1.94401 
142  0.76580 -0.87885 -0.11305  1.64465 
143  0.13731 -1.22655 -1.08924  1.36386 
144  0.96012 -1.43782 -0.47770  2.39794 
145  2.58319 -2.35430  0.22889  4.93749 
146  0.00000 -0.68782 -0.68782  0.68782 
147  2.74275 -0.13033  2.61242  2.87308 
148  0.21742 -0.17328  0.04414  0.39070 
149  1.79459 -1.93529 -0.14070  3.72988 
150  0.47459 -0.88683 -0.41224  1.36142 
151  0.15310 -0.44441 -0.29131  0.59751 
152  2.74204 -1.58485  1.15719  4.32689 
153  3.80358 -2.37509  1.42849  6.17867 
154  2.29897 -1.74426  0.55471  4.04323 
155  0.23867 -1.38193 -1.14326  1.62060 
156  3.57244 -1.45783  2.11461  5.03027 
157  1.27598 -0.56664  0.70934  1.84262 
158  1.67495 -0.32816  1.34679  2.00311 
159  0.94781  0.00000  0.94781  0.94781 
160  0.38188 -0.12741  0.25447  0.50929 
161  0.93211 -0.06596  0.86615  0.99807 
162  0.77856 -0.59642  0.18214  1.37498 
163  0.25395  0.00000  0.25395  0.25395 
164  0.93344  0.00000  0.93344  0.93344 
165  0.33611 -0.88096 -0.54485  1.21707 
166  0.80614 -0.43627  0.36987  1.24241 
167  1.56838 -0.94704  0.62134  2.51542 
168  1.33236 -1.11507  0.21729  2.44743 
169  3.97553 -1.54608  2.42945  5.52161 
170  0.86565 -1.55729 -0.69164  2.42294 
171  1.31312 -3.14834 -1.83522  4.46146 
172  3.06962 -2.81674  0.25288  5.88636 
173  0.82244 -0.12911  0.69333  0.95155 
174  4.63544 -0.69219  3.94325  5.32763 
175  4.37588 -0.92330  3.45258  5.29918 
176  1.14488 -1.41267 -0.26779  2.55755 
177  0.84633 -0.27701  0.56932  1.12334 
178  1.18113 -0.53447  0.64666  1.71560 
179  2.53339 -1.07680  1.45659  3.61019 
180  0.56728 -0.41768  0.14960  0.98496 
181  3.95756 -1.32526  2.63230  5.28282 
182  1.25316 -0.52446  0.72870  1.77762 
183  2.86469 -1.46492  1.39977  4.32961 
184  0.74714 -0.49514  0.25200  1.24228 
185  0.72431 -1.48384 -0.75953  2.20815 
186  0.50039 -0.41203  0.08836  0.91242 
187  0.61559 -1.66332 -1.04773  2.27891 
188  0.38679 -0.68281 -0.29602  1.06960 
189  0.46435 -0.29636  0.16799  0.76071 
190  0.54646 -0.76938 -0.22292  1.31584 
191  0.14364 -0.22277 -0.07913  0.36641 
192  0.54697 -0.04738  0.49959  0.59435 
193  1.22339 -0.33074  0.89265  1.55413 
194  0.02624 -1.14956 -1.12332  1.17580 
195  0.15159 -1.58476 -1.43317  1.73635 
196  0.58567 -1.37927 -0.79360  1.96494 
197  0.41973 -0.18810  0.23163  0.60783 
198  1.11588  0.00000  1.11588  1.11588 
199  1.21443 -0.34794  0.86649  1.56237 
200  1.81366 -1.17640  0.63726  2.99006 
201  0.51258 -1.26028 -0.74770  1.77286 
202  0.53323 -0.32075  0.21248  0.85398 
203  0.46646 -0.35427  0.11219  0.82073 
204  2.13909 -2.04634  0.09275  4.18543 
205  1.78496 -0.85034  0.93462  2.63530 
206  0.82115 -0.44773  0.37342  1.26888 
207  0.51489 -0.11040  0.40449  0.62529 
208  2.57561 -2.01237  0.56324  4.58798 
209  4.93874 -1.39612  3.54262  6.33486 
210  2.10662 -1.00271  1.10391  3.10933 
211  3.91162 -1.03982  2.87180  4.95144 
212  1.31972 -0.53583  0.78389  1.85555 
213  0.81784 -0.40430  0.41354  1.22214 
214  0.60238 -0.25416  0.34822  0.85654 
215  1.07738 -1.77532 -0.69794  2.85270 
216  0.84273 -0.59351  0.24922  1.43624 
217  1.60954 -0.58185  1.02769  2.19139 
218  1.07110 -1.57188 -0.50078  2.64298 
219  3.47586 -0.25021  3.22565  3.72607 
220  3.51104 -0.67856  2.83248  4.18960 
221  0.80369 -1.51425 -0.71056  2.31794 
222  2.82741 -1.61669  1.21072  4.44410 
223  2.19645 -0.91817  1.27828  3.11462 
224  0.71946 -0.47175  0.24771  1.19121 
225  1.22758 -1.24351 -0.01593  2.47109 
226  0.68719 -2.30845 -1.62126  2.99564 
227  2.38092 -0.51453  1.86639  2.89545 
228  1.20283 -1.73274 -0.52991  2.93557 
229  2.07704 -0.50459  1.57245  2.58163 
230  2.19360 -1.89393  0.29967  4.08753 
231  3.69252 -1.78367  1.90885  5.47619 
232  0.04589 -0.74880 -0.70291  0.79469 
233  2.52876 -0.70034  1.82842  3.22910 
234  1.82991 -0.27367  1.55624  2.10358 
235  1.99631 -1.76521  0.23110  3.76152 
236  2.78552 -1.80529  0.98023  4.59081 
237  0.88987 -1.62045 -0.73058  2.51032 
238  0.28236 -1.13519 -0.85283  1.41755 
239  1.65977 -0.91152  0.74825  2.57129 
240  0.33343  0.00000  0.33343  0.33343 
241  0.34982 -0.21509  0.13473  0.56491 
242  0.52493 -0.17485  0.35008  0.69978 
243  0.98246 -0.49799  0.48447  1.48045 
244  0.13439 -0.06990  0.06449  0.20429 
245  1.35872 -0.23582  1.12290  1.59454 
246  0.15421  0.00000  0.15421  0.15421 
247  0.43928 -3.26567 -2.82639  3.70495 
248  1.60409 -0.59517  1.00892  2.19926 
249  0.16459 -0.80954 -0.64495  0.97413 
250  2.06974 -3.40237 -1.33263  5.47211 
251  0.41158 -0.60431 -0.19273  1.01589 
252  1.04716 -1.12290 -0.07574  2.17006 
253  0.58680 -1.03089 -0.44409  1.61769 
254  2.28853 -2.33391 -0.04538  4.62244 
255  1.23822 -0.54741  0.69081  1.78563 
256  1.83819 -1.43981  0.39838  3.27800 
257  1.38584  0.00000  1.38584  1.38584 
258  0.61657 -0.52623  0.09034  1.14280 
259  0.94019 -0.71921  0.22098  1.65940 
260  0.72969 -0.06508  0.66461  0.79477 
261  0.00000 -1.14018 -1.14018  1.14018 
262  0.74478  0.00000  0.74478  0.74478 
263  0.46358 -1.67713 -1.21355  2.14071 
264  1.09697 -1.02408  0.07289  2.12105 
265  1.11569 -0.58771  0.52798  1.70340 
266  0.88367 -0.26399  0.61968  1.14766 
267  0.57918 -1.76430 -1.18512  2.34348 
268  0.01238 -0.31233 -0.29995  0.32471 
269  0.21632 -0.88992 -0.67360  1.10624 
270  0.40973 -0.21566  0.19407  0.62539 
271  0.03484 -2.47958 -2.44474  2.51442 
272  0.54688 -0.82308 -0.27620  1.36996 
273  4.20000 -0.27347  3.92653  4.47347 
274  1.04872 -0.17405  0.87467  1.22277 
275  2.42332 -0.15209  2.27123  2.57541 
276  1.95827 -1.87043  0.08784  3.82870 
277  2.47203 -1.71095  0.76108  4.18298 
278  0.84121 -0.84091  0.00030  1.68212 
279  0.91304 -0.51015  0.40289  1.42319 
280  0.26701 -0.64446 -0.37745  0.91147 
281  0.12415 -0.10603  0.01812  0.23018 
282  4.76396 -0.37639  4.38757  5.14035 
283  0.37907 -0.29832  0.08075  0.67739 
284  0.90124 -2.00736 -1.10612  2.90860 
285  1.94855 -2.31815 -0.36960  4.26670 
286  1.08439 -0.76165  0.32274  1.84604 
287  2.20439 -2.11280  0.09159  4.31719 
288  2.32831 -1.61781  0.71050  3.94612 
289  1.28919 -1.19403  0.09516  2.48322 
290  0.00000 -0.11664 -0.11664  0.11664 
291  0.44136 -1.33412 -0.89276  1.77548 
292  0.82720 -0.64688  0.18032  1.47408 
293  1.93603 -1.51336  0.42267  3.44939 
294  0.60768 -0.63172 -0.02404  1.23940 
295  0.52512 -0.36150  0.16362  0.88662 
296  0.61568 -0.97809 -0.36241  1.59377 
297  0.84384 -0.00403  0.83981  0.84787 
298  1.18539 -1.73767 -0.55228  2.92306 
299  0.39979 -0.53178 -0.13199  0.93157 
300  0.48980 -0.35615  0.13365  0.84595 
301  0.88117 -0.27121  0.60996  1.15238 
302  2.81514 -2.44853  0.36661  5.26367 
303  0.45203 -0.75241 -0.30038  1.20444 
304  1.32729 -0.53128  0.79601  1.85857 
305  1.57005 -0.34503  1.22502  1.91508 
306  0.00000 -1.02777 -1.02777  1.02777 
307  0.17877 -0.16869  0.01008  0.34746 
308  0.21463 -0.71138 -0.49675  0.92601 
309  1.22729 -0.01111  1.21618  1.23840 
310  1.56497 -0.31137  1.25360  1.87634 
311  1.55140 -0.45286  1.09854  2.00426 
312  1.78464 -0.67904  1.10560  2.46368 
313  1.03748 -1.90762 -0.87014  2.94510 
314  2.57015 -0.27455  2.29560  2.84470 
315  1.25714 -0.80707  0.45007  2.06421 
316  0.00000 -0.79623 -0.79623  0.79623 
317  1.86964 -2.64032 -0.77068  4.50996 
318  0.12136 -0.63210 -0.51074  0.75346 
319  0.00000 -1.19098 -1.19098  1.19098 
320  0.78347 -1.55978 -0.77631  2.34325 
321  1.21732  0.00000  1.21732  1.21732 
322  0.27119 -0.69389 -0.42270  0.96508 
323  0.79487 -0.26914  0.52573  1.06401 
324  0.24086 -1.15943 -0.91857  1.40029 
325  2.97930 -1.12573  1.85357  4.10503 
326  0.96569 -1.58414 -0.61845  2.54983 
327  0.00000 -0.80804 -0.80804  0.80804 
328  0.46430 -0.48144 -0.01714  0.94574 
329  0.30346 -0.60356 -0.30010  0.90702 
330  0.12673 -0.65013 -0.52340  0.77686 
331  0.75939 -0.23756  0.52183  0.99695 
332  0.33073 -0.32170  0.00903  0.65243 
333  0.60610 -0.88041 -0.27431  1.48651 
334  0.65517 -1.34232 -0.68715  1.99749 
335  0.00000 -0.28371 -0.28371  0.28371 
336  0.98180 -3.25644 -2.27464  4.23824 
337  0.83316  0.00000  0.83316  0.83316 
338  0.93741 -1.33181 -0.39440  2.26922 
339  0.22462 -1.19690 -0.97228  1.42152 
340  0.00024  0.00000  0.00024  0.00024 
341  0.38671 -0.15267  0.23404  0.53938 
342  1.07756 -0.51955  0.55801  1.59711 
343  0.83894 -0.01196  0.82698  0.85090 
344  2.00704 -0.20604  1.80100  2.21308 
345  0.31250 -0.61674 -0.30424  0.92924 
346  1.83366 -0.13942  1.69424  1.97308 
347  0.26294 -0.90123 -0.63829  1.16417 
348  0.35986 -1.49611 -1.13625  1.85597 
349  0.63409 -1.69014 -1.05605  2.32423 
350  0.00000 -0.49843 -0.49843  0.49843 
351  0.05392 -0.71552 -0.66160  0.76944 
352  0.26921 -0.66204 -0.39283  0.93125 
353  0.63843 -0.48651  0.15192  1.12494 
354  0.00000 -0.76389 -0.76389  0.76389 
355  0.00000 -0.89871 -0.89871  0.89871 
356  0.42337  0.00000  0.42337  0.42337 
357  0.77512 -2.19224 -1.41712  2.96736 
358  0.23703 -0.47942 -0.24239  0.71645 
359  1.76874 -0.13286  1.63588  1.90160 
360  0.40068 -0.50452 -0.10384  0.90520 
361  0.92633  0.00000  0.92633  0.92633 
362  0.73833 -0.75913 -0.02080  1.49746 
363  0.28917 -0.15953  0.12964  0.44870 
364  0.58460 -0.25213  0.33247  0.83673 
365  0.67990 -0.01020  0.66970  0.69010 
366  0.49423 -0.28336  0.21087  0.77759 
367  0.98239 -1.19413 -0.21174  2.17652 
368  1.62129 -0.34119  1.28010  1.96248 
369  1.70891 -2.58898 -0.88007  4.29789 
370  0.56477 -0.03142  0.53335  0.59619 
371  0.46455 -1.55828 -1.09373  2.02283 
372  0.97560 -0.43964  0.53596  1.41524 
373  0.47263 -0.12637  0.34626  0.59900 
374  0.34398 -2.30262 -1.95864  2.64660 
375  0.42615 -1.41419 -0.98804  1.84034 
376  0.78676 -0.13771  0.64905  0.92447 
377  0.50086 -0.43753  0.06333  0.93839 
378  0.00000 -1.54359 -1.54359  1.54359 
379  0.39171 -0.86831 -0.47660  1.26002 
380  3.26713 -1.48911  1.77802  4.75624 
381  2.10842 -1.83577  0.27265  3.94419 
382  0.94460 -0.64075  0.30385  1.58535 
383  0.30987 -0.12040  0.18947  0.43027 
384  0.96483 -0.05680  0.90803  1.02163 
385  3.22234 -1.96526  1.25708  5.18760 
386  0.30625 -0.25705  0.04920  0.56330 
387  1.11683 -1.08647  0.03036  2.20330 
388  1.78417 -0.20147  1.58270  1.98564 
389  2.37396 -2.34009  0.03387  4.71405 
390  1.11381 -0.51622  0.59759  1.63003 
391  0.00000 -1.29661 -1.29661  1.29661 
392  0.13740 -1.29004 -1.15264  1.42744 
393  0.09050 -0.59593 -0.50543  0.68643 
394  0.34416 -0.60606 -0.26190  0.95022 
395  0.07894 -0.25635 -0.17741  0.33529 
396  1.51212 -0.85280  0.65932  2.36492 
397  0.32104 -0.48483 -0.16379  0.80587 
398  0.44564 -0.15561  0.29003  0.60125 
399  0.00000 -2.63296 -2.63296  2.63296 
400  2.04839 -1.71968  0.32871  3.76807 
401  1.18708 -0.71111  0.47597  1.89819 
402  1.57703 -0.39461  1.18242  1.97164 
403  1.27496 -1.30703 -0.03207  2.58199 
404  1.71470 -1.05063  0.66407  2.76533 
405  1.58948  0.00000  1.58948  1.58948 
406  0.41539 -1.37774 -0.96235  1.79313 
407  0.67748 -2.19922 -1.52174  2.87670 
408  0.32030 -0.69089 -0.37059  1.01119 
409  2.03095 -0.47210  1.55885  2.50305 
410  1.04254 -1.57322 -0.53068  2.61576 
411  1.11311 -1.85913 -0.74602  2.97224 
412  0.36556 -0.05950  0.30606  0.42506 
413  0.54836 -1.10613 -0.55777  1.65449 
414  1.56132 -1.48296  0.07836  3.04428 
415  0.69367 -0.65346  0.04021  1.34713 
416  0.27236 -0.16364  0.10872  0.43600 
417  0.95001 -0.17285  0.77716  1.12286 
418  0.19879 -0.22772 -0.02893  0.42651 
419  0.90651 -0.58624  0.32027  1.49275 
420  0.99185  0.00000  0.99185  0.99185 
421  0.35819 -0.56260 -0.20441  0.92079 
422  0.39862  0.00000  0.39862  0.39862 
423  0.45480  0.00000  0.45480  0.45480 
424  0.50865 -0.59886 -0.09021  1.10751 
425  0.36288 -0.41596 -0.05308  0.77884 
426  0.52348 -1.17751 -0.65403  1.70099 
427  0.41737 -0.48020 -0.06283  0.89757 
428  0.06266 -0.84620 -0.78354  0.90886 
429  0.52402 -0.43663  0.08739  0.96065 
430  0.61675 -0.45426  0.16249  1.07101 
431  0.00000 -0.25759 -0.25759  0.25759 
432  0.08600 -0.50509 -0.41909  0.59109 
433  0.55669 -2.00769 -1.45100  2.56438 
434  0.36632 -0.12960  0.23672  0.49592 
435  0.42510  0.00000  0.42510  0.42510 
436  0.27197  0.00000  0.27197  0.27197 
437  0.73497 -0.85016 -0.11519  1.58513 
438  0.59462 -0.13721  0.45741  0.73183 
439  0.62743  0.00000  0.62743  0.62743 
440  0.47961 -0.55482 -0.07521  1.03443 
441  0.13747 -0.58661 -0.44914  0.72408 
442  0.06150 -0.39240 -0.33090  0.45390 
443  0.13740 -0.94364 -0.80624  1.08104 
444  0.47365 -0.76935 -0.29570  1.24300 
445  0.70476 -0.19664  0.50812  0.90140 
446  0.88738 -0.38555  0.50183  1.27293 
447  0.91079 -0.24244  0.66835  1.15323 
448  1.03809 -0.02020  1.01789  1.05829 
449  0.00000 -1.16527 -1.16527  1.16527 
450  0.47290  0.00000  0.47290  0.47290 
451  0.34290 -0.06038  0.28252  0.40328 
452  0.08335 -0.62983 -0.54648  0.71318 
453  0.33851 -1.22958 -0.89107  1.56809 
454  0.45072 -0.70998 -0.25926  1.16070 
455  1.03046 -0.67946  0.35100  1.70992 
456  0.68701 -0.24483  0.44218  0.93184 
457  0.13743 -0.79449 -0.65706  0.93192 
458  0.28528 -0.53593 -0.25065  0.82121 
459  1.83561 -2.17664 -0.34103  4.01225 
460  0.91213 -0.07421  0.83792  0.98634 
461  0.34681 -0.27585  0.07096  0.62266 
462  0.44188 -1.14389 -0.70201  1.58577 
463  0.48812 -0.13424  0.35388  0.62236 
464  0.29116 -0.02787  0.26329  0.31903 
465  0.75821 -0.35912  0.39909  1.11733 
466  1.59897 -0.29247  1.30650  1.89144 
467  3.75649 -0.97626  2.78023  4.73275 
468  1.79807  0.00000  1.79807  1.79807 
469  1.02533 -1.15322 -0.12789  2.17855 
470  0.68109 -0.57534  0.10575  1.25643 
471  0.06653 -0.57552 -0.50899  0.64205 
472  0.46935 -0.55780 -0.08845  1.02715 
473  0.37883 -2.42985 -2.05102  2.80868 
474  1.21067 -1.17498  0.03569  2.38565 
475  0.34904 -2.81154 -2.46250  3.16058 
476  0.46581 -0.80428 -0.33847  1.27009 
477  1.08683 -0.69294  0.39389  1.77977 
478  0.08556 -0.57924 -0.49368  0.66480 
479  1.18703 -0.66263  0.52440  1.84966 
480  0.48421 -0.17353  0.31068  0.65774 
481  0.04817 -1.31406 -1.26589  1.36223 
482  0.47934 -0.13215  0.34719  0.61149 
483  0.53701 -0.96764 -0.43063  1.50465 
484  0.50907 -1.20767 -0.69860  1.71674 
485  1.14425 -0.69178  0.45247  1.83603 
486  0.29508 -0.63202 -0.33694  0.92710 
487  0.61658 -0.06805  0.54853  0.68463 
488  0.73494  0.00000  0.73494  0.73494 
489  2.23662 -1.24957  0.98705  3.48619 
490  0.88606 -0.35488  0.53118  1.24094 
491  0.63241 -0.38672  0.24569  1.01913 
492  1.65184 -2.30391 -0.65207  3.95575 
493  0.75571 -1.29095 -0.53524  2.04666 
494  0.35083 -1.02986 -0.67903  1.38069 
495  0.31218 -0.20197  0.11021  0.51415 
496  0.43418 -4.37586 -3.94168  4.81004 
497  0.00000 -1.11285 -1.11285  1.11285 
498  0.00000 -4.78824 -4.78824  4.78824 
499  0.41177  0.00000  0.41177  0.41177 
500  0.42816 -2.39741 -1.96925  2.82557 
501  1.13030 -1.14316 -0.01286  2.27346 
502  1.66190 -0.23401  1.42789  1.89591 
503  0.81985 -1.77877 -0.95892  2.59862 
504  0.65978 -0.67127 -0.01149  1.33105 
505  1.87922 -1.28702  0.59220  3.16624 
506  1.02838 -1.90519 -0.87681  2.93357 
507  0.37011 -1.80762 -1.43751  2.17773 
508  0.49826 -2.47371 -1.97545  2.97197 
509  2.00098 -0.67015  1.33083  2.67113 
510  1.01154 -0.55186  0.45968  1.56340 
511  0.42380 -2.11292 -1.68912  2.53672 
512  1.90282 -1.57967  0.32315  3.48249 
513  1.58780 -1.07257  0.51523  2.66037 
514  1.21193 -2.14075 -0.92882  3.35268 
515  0.78020 -0.32672  0.45348  1.10692 
516  1.53866 -1.77372 -0.23506  3.31238 
517  2.59916 -2.51880  0.08036  5.11796 
518  0.74130 -1.45175 -0.71045  2.19305 
519  2.85452 -0.13746  2.71706  2.99198 
520  1.07533 -1.29741 -0.22208  2.37274 
521  0.39394 -1.47310 -1.07916  1.86704 
522  1.94458 -4.55123 -2.60665  6.49581 
523  0.96814 -1.74519 -0.77705  2.71333 
524  1.13411 -0.74424  0.38987  1.87835 
525  1.09448 -0.19349  0.90099  1.28797 
526  0.13767 -0.38547 -0.24780  0.52314 
527  0.50760 -0.63629 -0.12869  1.14389 
528  0.43354 -0.58718 -0.15364  1.02072 
529  0.57257 -0.47439  0.09818  1.04696 
530  0.41248 -0.21970  0.19278  0.63218 
531  0.20837 -0.51002 -0.30165  0.71839 
532  0.84915 -0.16155  0.68760  1.01070 
533  0.25945 -0.92866 -0.66921  1.18811 
534  0.14895 -1.59804 -1.44909  1.74699 
535  0.68628 -0.71165 -0.02537  1.39793 
536  0.37845 -0.50124 -0.12279  0.87969 
537  0.14193 -1.37234 -1.23041  1.51427 
538  1.92941 -0.44935  1.48006  2.37876 
539  1.01964 -1.89717 -0.87753  2.91681 
540  0.29828 -0.20681  0.09147  0.50509 
541  0.32073 -1.48155 -1.16082  1.80228 
542  0.54473 -1.18623 -0.64150  1.73096 
543  0.13740 -0.85461 -0.71721  0.99201 
544  0.39883 -0.43230 -0.03347  0.83113 
545  0.65994 -0.03383  0.62611  0.69377 
546  0.81585 -0.55066  0.26519  1.36651 
547  0.26971 -0.56494 -0.29523  0.83465 
548  0.00000 -1.38542 -1.38542  1.38542 
549  3.24237 -0.31020  2.93217  3.55257 
550  2.29295 -0.38317  1.90978  2.67612 
551  0.35685 -0.85099 -0.49414  1.20784 
552  0.22839 -1.33306 -1.10467  1.56145 
553  0.99283 -0.41922  0.57361  1.41205 
554  0.81552 -1.57463 -0.75911  2.39015 
555  1.08685 -1.88415 -0.79730  2.97100 
556  0.69540 -0.27245  0.42295  0.96785 
557  1.25261 -1.16460  0.08801  2.41721 
558  0.29497 -0.33018 -0.03521  0.62515 
559  0.91996 -1.18993 -0.26997  2.10989 
560  0.29126 -1.86535 -1.57409  2.15661 
561  0.90095 -0.80535  0.09560  1.70630 
562  0.93347  0.00000  0.93347  0.93347 
563  0.23723 -0.60135 -0.36412  0.83858 
564  0.81957 -0.23438  0.58519  1.05395 
