# POSITION WT AAA AAC AAG AAT ACA ACC ACG ACT AGA AGC AGG AGT ATA ATC ATG ATT CAA CAC CAG CAT CCA CCC CCG CCT CGA CGC CGG CGT CTA CTC CTG CTT GAA GAC GAG GAT GCA GCC GCG GCT GGA GGC GGG GGT GTA GTC GTG GTT TAA TAC TAG TAT TCA TCC TCG TCT TGA TGC TGG TGT TTA TTC TTG TTT
1 ATG 0 0 3 0 0 0 6 0 0 0 5 0 13 1 189076 5 0 0 0 0 0 0 0 0 0 0 0 0 0 0 0 0 0 0 0 0 0 0 0 0 0 0 0 0 0 0 5 0 0 0 0 0 0 0 0 0 0 0 0 0 0 0 3 0
2 AAG 18 0 188445 25 4 0 30 9 5 0 35 1 18 3 28 6 0 22 18 1 0 2 0 5 0 6 0 7 0 18 5 14 0 0 46 3 0 0 0 0 5 0 0 0 2 1 0 0 0 4 2 20 0 8 13 1 0 0 0 3 0 0 8 0
3 GCA 0 2 0 0 17 0 0 0 15 0 2 0 2 0 0 0 0 1 0 0 1 3 0 1 1 0 0 1 0 0 0 3 4 3 2 0 188236 16 8 18 2 0 0 0 18 0 0 0 0 8 0 0 1 5 0 0 0 5 0 0 0 0 1 0
4 AAA 184615 14 7 1 8 7 1 1 17 0 1 0 3 13 4 0 5 10 12 0 0 0 0 5 0 3 2 0 0 2 3 1 6 0 0 0 1 3 0 0 0 0 0 1 0 0 36 0 0 2 0 0 0 0 10 0 1 0 0 0 0 0 9 0
5 CTA 0 0 0 0 0 0 0 0 0 0 0 0 16 0 1 0 1 0 0 1 29 0 0 0 1 0 0 0 189140 1 31 0 0 0 0 0 2 0 0 0 0 0 0 0 5 0 0 0 0 4 0 0 0 0 0 0 0 0 0 11 12 4 0 0
6 CTG 0 0 0 0 0 0 0 0 0 0 0 0 4 16 12 0 0 0 4 1 0 0 8 0 0 0 0 0 13 21 188424 10 0 0 0 0 2 0 0 4 0 0 0 0 0 0 1 0 0 0 0 2 0 0 0 0 0 0 0 0 0 7 29 3
7 GTC 0 0 0 0 0 1 1 0 0 0 0 0 0 16 0 2 0 0 0 0 0 0 0 0 0 0 0 0 0 3 1 1 0 1 0 0 6 24 1 0 0 0 0 0 9 188110 2 20 0 4 0 0 0 0 0 0 0 0 0 0 0 9 12 0
8 CTG 0 0 0 0 0 0 0 0 0 0 0 0 5 1 4 0 0 0 3 0 0 0 55 0 0 0 4 0 48 0 188603 36 0 0 0 0 0 0 1 0 0 0 0 0 0 0 0 0 0 0 0 0 0 0 0 0 0 0 0 0 0 0 12 0
9 TTA 0 0 5 0 0 1 0 0 0 0 0 0 0 0 3 2 0 0 0 0 1 0 0 1 0 0 0 0 23 0 2 0 0 0 0 0 0 0 0 0 0 0 0 0 3 18 0 7 1 0 0 0 11 0 0 0 1 0 0 0 188834 2 22 5
10 TAT 0 0 0 0 1 1 0 0 0 0 0 0 11 0 0 0 0 0 0 39 0 0 0 0 0 0 0 0 0 0 1 0 0 0 0 1 0 0 0 0 0 0 0 0 1 0 0 0 8 22 3 187547 0 0 0 2 0 0 0 84 2 0 1 0
11 GCA 0 0 0 0 51 0 0 0 0 21 0 2 3 0 3 3 0 2 0 0 0 0 0 0 0 0 0 0 0 0 0 0 1 0 0 0 188365 1 40 41 1 0 1 0 61 0 3 0 0 2 0 1 16 6 0 0 0 0 0 2 1 20 2 34
12 TTT 0 0 0 0 0 1 0 0 0 0 0 0 3 0 1 11 0 0 0 0 0 1 0 2 0 0 0 0 0 3 0 42 0 1 0 0 0 0 0 0 0 0 0 0 21 21 0 16 0 0 0 1 0 2 0 9 1 0 0 2 3 56 5 188018
13 GTA 0 0 0 0 0 6 0 2 0 1 0 0 9 0 5 0 0 0 0 0 0 0 0 0 0 0 0 0 0 0 0 0 1 0 1 0 58 0 0 0 1 0 0 0 189020 0 38 2 0 0 0 0 0 0 0 0 0 0 0 0 2 0 0 0
14 GCT 0 0 0 0 0 6 0 14 0 1 1 0 0 0 0 0 0 0 0 0 0 0 0 0 0 0 0 2 0 0 0 0 0 0 0 5 15 27 1 188963 0 0 0 5 0 0 0 6 0 0 0 0 0 0 0 2 0 0 0 0 0 0 0 0
15 ACA 1 0 0 0 189062 18 69 17 2 0 0 0 14 3 0 0 0 0 0 0 0 0 0 0 0 0 0 0 0 0 0 0 0 0 0 0 20 0 0 0 0 0 0 0 0 0 0 0 0 0 0 0 1 0 0 0 0 0 0 0 0 0 0 0
16 GAT 0 0 0 13 0 0 0 0 0 0 0 0 0 0 0 0 0 0 0 0 0 0 0 0 0 0 1 0 0 0 0 0 3 7 1 189113 0 0 0 1 0 0 0 14 0 0 0 0 0 0 0 5 0 0 0 0 0 0 0 0 0 0 0 0
17 GCA 0 0 0 0 24 0 0 0 0 0 0 0 0 0 0 0 0 0 0 0 0 0 0 0 0 0 0 0 0 0 0 0 1 0 0 0 187899 1 74 15 8 1 0 0 27 0 0 0 0 0 0 0 6 0 0 0 0 0 0 0 0 0 0 0
18 GAC 0 6 0 0 0 0 0 0 0 0 0 0 0 0 0 0 0 0 0 0 0 0 0 0 0 0 0 0 0 0 0 0 2 188269 1 18 0 2 0 0 0 12 0 0 0 0 0 0 0 3 0 0 0 0 0 0 0 0 0 0 0 0 0 0
19 ACA 9 0 1 0 185478 5 66 7 3 0 42 17 4 0 1 0 8 0 2 7 0 0 0 0 0 0 0 5 0 0 0 0 0 0 3 0 4 0 0 0 0 0 0 0 1 0 0 3 0 0 0 3 1 5 1 0 0 0 1 0 2 0 6 0
20 ATA 0 0 0 0 7 0 0 0 1 0 0 0 189146 2 15 14 0 0 0 0 0 0 0 0 0 0 0 0 0 1 0 0 0 0 0 0 0 0 0 0 0 0 0 0 11 0 3 1 0 0 0 0 0 0 0 0 0 0 0 0 4 0 0 0
21 TGT 0 0 0 0 0 0 0 0 0 0 0 2 0 0 0 0 0 0 0 0 0 0 0 0 0 0 0 5 0 0 0 0 0 0 0 0 0 0 0 0 0 0 0 1 0 0 0 0 0 0 0 15 0 0 0 0 0 107 0 188643 0 0 0 3
22 ATA 4 0 0 0 6 0 0 0 0 0 0 0 188754 4 30 1 0 0 0 0 0 0 0 0 0 0 0 0 0 0 0 0 0 0 0 0 0 0 0 0 0 0 0 0 56 0 0 0 3 0 0 0 0 0 0 0 0 0 0 0 2 0 0 0
23 GGC 0 0 0 0 0 0 0 0 0 7 0 0 0 0 0 0 0 0 0 0 0 0 0 0 0 0 0 0 0 0 0 0 0 15 0 0 0 0 0 0 21 188860 16 11 0 1 0 0 0 0 0 0 0 0 0 0 0 14 0 0 0 0 0 0
24 TAC 0 3 0 0 0 1 0 0 0 0 0 0 0 0 0 0 0 29 0 0 0 0 0 0 0 0 0 0 0 0 0 0 0 1 0 0 0 0 0 0 0 0 0 0 0 0 0 0 2 188731 0 29 0 0 0 0 0 0 0 0 0 4 0 0
25 CAT 0 0 0 2 0 0 1 0 0 0 0 0 0 1 0 0 2 13 7 188842 0 0 0 6 0 0 0 19 0 0 2 1 0 0 0 0 2 0 0 0 0 0 0 0 0 0 0 0 0 0 0 11 0 0 0 0 0 0 0 0 1 0 0 0
26 GCG 0 0 0 3 0 0 16 0 0 0 0 0 0 0 0 0 0 0 0 0 0 0 1 0 0 0 0 0 0 0 0 0 0 0 5 0 73 7 187678 10 0 0 2 0 0 0 25 0 0 0 0 0 1 1 9 0 0 0 0 0 0 0 0 0
27 AAC 1 184525 0 11 0 1 0 0 0 11 0 1 0 0 0 0 0 0 0 0 0 0 0 0 0 0 0 0 0 0 0 0 0 6 0 0 0 0 0 0 0 0 0 0 0 0 0 0 0 0 0 0 0 0 0 0 0 0 0 0 0 0 0 0
28 AAC 8 186807 0 19 0 0 0 0 0 8 0 0 0 0 0 0 0 0 0 0 0 0 0 0 0 0 0 0 0 0 0 0 0 6 0 0 0 0 0 0 0 0 0 0 0 0 0 0 0 2 0 0 0 0 0 0 0 0 0 0 0 0 0 0
29 TCA 0 0 0 1 4 0 0 0 0 0 0 1 0 0 0 0 0 0 0 0 22 0 0 0 0 0 0 0 0 0 0 0 0 0 0 1 0 0 0 1 2 0 0 1 0 0 0 0 5 0 0 0 188276 9 13 1 0 0 0 0 0 0 0 0
30 ACC 0 20 0 0 12 188336 6 74 0 0 0 0 0 11 0 0 0 0 0 0 0 2 0 0 0 0 0 0 0 0 0 0 0 0 0 0 0 18 0 0 0 0 0 0 0 0 0 0 0 0 0 0 0 3 0 0 0 0 0 0 0 0 0 0
31 GAC 0 35 0 0 0 0 0 0 0 0 0 0 0 0 0 0 0 0 0 0 0 0 0 0 0 0 0 0 0 0 0 0 8 183796 4 9 3 1 0 0 0 7 0 0 0 0 0 0 1 2 0 0 0 0 0 0 0 0 0 0 0 0 0 0
32 ACT 0 0 0 4 12 11 4 185551 0 0 0 2 0 0 1 8 0 0 0 0 0 0 0 0 0 1 7 0 0 0 0 0 0 0 0 0 0 0 0 4 0 0 0 0 0 0 0 4 0 0 0 0 0 0 0 1 0 0 0 0 0 0 1 0
33 GTT 0 0 0 0 0 0 0 0 0 0 0 0 0 0 0 25 0 0 0 0 0 0 0 0 0 0 0 0 0 0 0 0 0 0 0 1 0 0 0 8 0 0 0 0 7 25 2 187969 0 0 0 0 0 0 0 0 0 0 0 0 0 0 0 1
34 GAC 0 9 0 0 0 0 0 0 0 0 0 0 0 0 0 0 0 0 0 0 0 0 0 0 0 0 0 0 0 0 0 0 2 187836 1 22 0 0 0 0 0 13 0 0 0 0 0 0 0 3 0 0 0 0 0 0 0 0 0 0 0 0 0 0
35 ACA 4 0 0 0 188874 2 20 5 3 0 0 0 6 0 0 0 0 0 0 0 0 0 0 0 0 0 0 0 0 0 0 0 0 0 0 0 3 0 0 0 0 0 0 0 0 0 0 0 0 0 0 0 1 0 0 0 0 0 0 0 0 0 0 0
36 ATA 1 0 0 0 11 0 0 0 0 0 0 0 188124 13 9 9 0 0 0 0 1 2 0 0 0 0 0 0 1 0 0 0 0 0 0 0 6 0 0 0 0 0 0 0 12 0 0 0 0 0 0 0 0 0 0 0 0 0 0 0 0 0 0 0
37 CTC 0 0 0 0 10 24 4 0 3 67 138 0 0 4 0 0 4 3 3 0 0 12 0 0 29 4 15 0 7 187695 10 22 0 0 0 0 0 0 0 0 0 0 0 0 0 0 0 0 0 27 0 1 0 6 0 0 0 0 0 0 0 7 2 0
38 GAG 0 0 18 0 0 0 0 0 0 0 0 0 0 0 0 0 0 0 3 0 0 0 0 0 0 1 0 0 0 0 0 0 27 0 188387 7 6 0 0 0 0 0 12 0 0 0 0 0 0 0 2 0 5 0 0 1 0 0 0 0 0 0 0 0
39 AAG 39 0 157077 6 0 0 3 0 0 0 21 0 0 0 12 0 0 0 2 0 0 0 0 0 2 0 0 0 0 0 0 0 0 0 6 0 0 0 0 0 0 0 0 0 0 0 0 0 0 0 1 0 0 0 0 0 0 0 0 0 0 0 0 0
40 AAT 2 5 3 187984 0 0 0 2 0 0 0 14 0 0 0 0 0 0 0 1 0 0 0 0 0 0 0 0 0 0 0 0 0 0 0 17 0 0 0 0 0 0 0 0 0 0 0 0 0 0 0 0 0 0 0 1 0 0 0 0 0 0 0 0
41 GTG 0 0 0 0 0 0 0 0 0 0 0 0 0 0 10 0 0 0 0 0 0 0 0 0 0 0 0 0 0 0 0 0 0 0 0 0 0 0 5 0 0 0 6 0 30 5 187551 12 0 0 0 0 0 0 0 0 0 0 0 0 0 0 1 0
42 GCA 0 0 4 0 22 0 0 0 0 0 0 0 0 0 0 0 0 0 0 0 38 4 0 0 0 0 0 0 0 0 0 0 1 0 2 0 183144 2 17 2 1 0 0 0 56 0 0 0 0 0 0 0 6 0 0 0 0 0 0 0 0 0 0 0
43 GTG 0 0 0 0 0 0 0 0 0 0 0 0 0 0 14 0 0 0 0 0 0 0 0 0 0 0 0 0 0 0 0 0 0 0 0 0 0 0 2 0 0 0 1 0 24 0 185187 3 0 0 0 0 0 0 0 0 0 0 0 0 0 0 1 0
44 ACA 1 0 0 0 178084 4 11 7 1 0 0 0 14 0 0 0 0 0 0 0 0 0 0 0 0 0 0 0 0 0 0 0 0 0 0 0 17 0 0 0 0 0 0 0 0 0 0 0 0 0 0 0 0 0 0 0 0 0 0 0 0 0 0 0
45 CAT 0 0 0 3 0 0 0 0 0 2 0 0 0 0 0 0 0 40 5 177028 0 0 0 2 0 0 0 6 0 0 0 0 0 0 0 1 0 0 0 0 0 0 0 0 0 0 0 0 0 0 0 2 1 0 0 0 0 0 0 0 0 0 0 0
46 TCT 0 0 0 0 0 0 0 0 0 0 0 0 0 0 0 0 0 0 0 0 0 0 0 5 0 0 0 0 0 0 0 0 0 0 0 0 0 0 0 1 0 0 0 0 0 0 0 0 0 0 0 5 5 88 1 178354 0 0 0 0 0 0 4 5
47 GTT 0 0 0 0 2 0 0 0 0 0 0 0 0 0 0 21 0 0 0 0 0 0 0 0 0 3 3 0 0 1 0 0 0 0 0 0 0 2 0 7 0 0 0 0 14 43 10 173995 0 9 0 5 0 0 0 0 0 0 0 0 1 0 0 15
48 AAC 5 178319 0 44 4 5 0 0 0 13 0 0 0 0 0 0 0 1 0 0 0 0 0 0 0 0 0 0 0 0 0 0 0 18 0 3 0 0 0 0 0 0 0 0 0 0 0 0 0 0 0 0 0 4 0 0 0 0 0 0 0 0 0 0
49 CTG 0 0 0 0 0 0 0 0 0 0 0 0 2 0 5 0 0 0 4 0 0 0 7 0 0 0 0 0 48 5 174408 5 0 0 0 0 0 0 0 0 0 0 0 0 0 0 0 0 0 0 0 0 0 0 0 0 0 0 0 0 0 0 13 0
50 CTC 0 0 0 0 0 0 0 0 0 0 0 0 0 3 0 0 0 0 0 0 0 7 0 0 0 1 0 0 17 170141 1 17 0 0 0 0 0 0 0 0 0 0 0 0 0 1 0 0 0 0 0 0 0 0 0 0 0 0 0 0 0 8 0 0
51 GAA 9 0 0 0 1 6 0 1 0 0 0 0 1 3 0 0 0 0 0 0 0 0 0 0 0 0 0 0 0 0 0 0 124203 0 13 2 0 4 0 0 5 0 0 0 0 0 3 0 0 0 0 0 0 0 0 0 0 0 0 2 0 0 0 0
52 GAC 2 10 0 0 0 0 0 0 0 0 0 0 0 0 0 0 0 5 0 0 0 0 0 0 0 0 0 0 0 0 0 0 7 95257 7 14 0 2 4 1 0 5 0 0 0 1 1 0 0 1 0 0 2 6 0 0 0 0 0 0 0 0 0 0
53 AGC 0 32 0 0 6 1 0 2 3 108065 4 45 0 8 0 0 1 1 0 0 0 0 0 0 1 7 0 2 0 4 2 0 5 0 0 0 0 3 0 1 2 27 2 0 0 1 0 8 0 5 0 3 6 1 1 3 0 2 0 0 0 0 0 0
54 CAC 0 4 0 0 0 0 0 0 0 0 0 0 0 0 0 0 1 89430 1 0 0 1 0 0 0 3 0 0 0 0 0 0 0 0 0 0 0 0 0 0 0 0 0 0 0 0 0 0 0 2 0 0 0 0 0 0 0 0 0 0 0 0 0 0
55 AAC 3 121967 2 20 0 1 0 0 0 18 0 0 0 0 0 0 0 1 0 0 0 0 0 0 0 0 0 0 0 0 0 0 0 12 0 0 0 0 0 0 0 0 0 0 0 0 0 0 0 0 0 0 0 0 0 0 0 0 0 0 0 0 0 0
56 GGG 0 0 0 0 0 0 1 0 0 2 12 0 0 0 0 0 0 4 0 0 0 0 0 0 0 0 17 0 0 0 0 0 0 0 11 0 0 0 3 0 20 5 149976 1 0 0 1 0 0 0 0 0 0 4 0 0 0 0 1 0 0 0 0 0
57 AAA 176331 3 10 0 3 0 0 0 14 0 0 0 1 0 0 0 0 3 0 2 0 0 0 0 1 0 0 4 0 0 3 0 32 0 0 0 0 0 8 0 0 0 0 0 1 0 3 0 2 1 0 0 0 0 0 0 0 0 0 0 0 0 0 0
58 CTA 0 1 0 0 0 0 0 5 0 0 0 0 3 0 0 0 1 0 0 0 16 0 0 0 0 0 0 0 142489 8 15 2 0 0 0 0 0 0 0 0 0 0 0 0 1 0 0 0 0 0 0 0 0 0 0 0 0 0 0 0 16 0 1 0
59 TGT 0 0 0 0 0 0 0 0 0 0 0 2 0 0 9 0 0 0 0 0 0 0 0 0 0 0 0 4 0 0 0 0 0 0 0 0 0 0 0 0 0 0 0 2 0 0 0 0 0 0 0 6 0 0 0 0 0 35 0 164484 0 0 0 0
60 AAA 183758 36 34 2 2 0 0 3 11 5 0 25 1 0 0 0 0 5 0 5 0 0 0 0 0 7 1 33 1 4 7 0 17 0 0 0 0 1 0 3 0 0 0 0 0 0 0 0 16 41 0 11 2 5 3 5 0 0 5 0 4 1 1 1
61 TTA 0 0 0 1 0 0 0 0 0 0 0 0 6 2 0 14 0 0 0 0 0 0 0 0 0 0 0 0 13 0 0 63 0 0 0 0 0 0 0 0 0 0 0 0 12 2 0 0 1 0 0 0 4 0 0 0 2 0 0 0 184061 3 66 2
62 AAA 185740 10 363 93 4 0 0 0 30 0 0 0 0 0 1 0 1 1 1 0 0 0 0 0 1 0 0 0 0 0 0 0 3 0 0 0 0 0 0 0 1 4 0 1 0 0 0 0 2 17 0 0 4 0 0 1 0 0 0 0 0 0 0 9
63 GGA 0 0 0 0 0 0 0 0 14 0 0 0 0 0 0 0 0 0 0 0 0 0 0 0 0 0 0 0 0 0 0 0 13 0 0 0 0 0 0 0 185714 1 28 0 0 0 0 0 0 0 0 0 0 0 0 0 7 0 0 0 0 0 0 0
64 ATA 1 0 0 0 3 1 0 0 3 0 0 0 174018 6 80 16 0 0 2 3 0 0 0 1 1 1 1 1 6 0 1 0 0 0 0 0 3 0 0 0 0 0 0 0 20 16 0 0 0 0 0 0 0 0 0 0 0 0 0 0 0 0 1 0
65 GCC 0 0 9 2 5 19 2 0 0 4 0 1 0 0 1 0 0 0 3 0 6 7 0 3 0 0 0 2 0 0 0 0 20 12 0 1 3 174297 1 8 2 0 1 0 1 12 0 0 0 1 0 1 0 8 1 0 0 0 1 0 0 0 3 0
66 CCA 0 0 0 0 1 0 0 0 0 0 0 0 0 0 0 0 3 0 0 0 176868 1 13 10 0 0 0 0 2 0 0 0 0 0 0 0 0 0 0 0 0 0 0 0 0 0 0 0 0 0 0 0 8 0 0 0 0 0 0 0 0 0 0 0
67 CTA 0 0 0 0 0 0 0 0 0 0 0 0 2 0 0 0 2 0 0 0 31 0 0 0 1 0 0 0 186333 0 22 5 0 0 0 0 0 0 0 0 0 0 0 0 1 0 0 0 0 0 0 0 0 0 0 0 0 0 0 0 7 0 0 0
68 CAA 5 3 0 0 0 3 0 0 0 0 0 0 0 2 2 0 187578 2 11 1 2 0 0 1 8 2 1 0 3 13 6 0 7 0 0 3 11 3 2 0 0 0 0 0 0 1 0 5 8 0 0 4 1 0 3 0 0 0 0 0 12 2 0 4
69 TTG 0 0 0 0 0 0 0 0 0 0 0 0 0 0 1 0 0 0 0 0 0 0 0 0 0 0 0 0 0 0 11 0 0 0 0 0 0 0 0 0 0 0 0 0 0 0 0 0 0 0 4 0 0 0 8 0 0 0 1 0 10 0 184967 4
70 GGG 1 1 0 1 0 0 0 0 0 0 4 0 0 0 2 0 4 1 7 0 0 0 0 0 1 0 3 3 0 0 0 0 0 2 23 10 1 0 1 0 25 4 187762 22 0 0 3 0 0 0 0 0 0 1 0 0 0 0 3 0 0 1 1 0
71 AAA 187690 2 15 34 4 0 0 0 7 0 0 0 1 3 0 0 0 4 0 0 47 0 0 4 0 0 0 0 11 0 0 3 39 0 0 0 3 0 0 0 0 0 10 1 0 0 0 3 1 0 0 1 1 2 0 1 0 0 0 0 0 0 2 0
72 TGT 0 0 0 0 0 0 0 0 0 0 0 2 0 0 0 0 0 0 0 0 0 0 0 0 0 0 0 5 0 0 0 0 0 0 0 0 0 0 0 0 0 0 0 1 0 0 0 0 0 0 0 16 0 0 0 0 6 47 1 188983 0 0 0 2
73 AAC 4 188019 0 21 0 3 0 0 0 39 0 2 0 1 0 0 6 0 0 0 0 0 0 0 0 0 0 0 0 0 0 0 0 57 0 1 1 0 0 0 0 0 0 0 0 0 0 0 0 0 0 0 4 4 14 9 0 0 0 0 0 0 0 0
74 ATC 0 0 0 0 0 9 0 0 0 0 0 0 7 180976 0 20 0 0 0 0 0 0 0 0 0 0 0 0 11 7 3 1 0 0 0 0 0 0 0 0 0 0 0 0 1 4 0 1 0 0 0 0 0 0 0 0 0 0 0 0 2 1 4 0
75 ACC 0 3 0 0 9 180045 14 84 1 0 0 1 4 19 0 4 0 0 2 0 0 4 4 0 0 0 0 0 3 3 92 9 0 0 0 0 0 13 0 1 0 0 0 0 0 0 0 0 0 1 1 0 0 1 0 3 0 0 0 0 3 0 1 0
76 GGA 0 0 0 0 0 0 0 0 24 0 0 0 0 0 0 0 0 0 0 0 0 0 0 0 2 0 0 0 0 0 0 0 8 0 0 0 2 0 0 1 188067 3 32 1 1 0 0 0 0 0 0 0 0 0 0 0 5 0 0 0 0 0 0 0
77 TGG 0 0 0 0 0 0 0 0 0 0 2 0 0 0 0 0 0 0 0 0 0 0 0 0 0 0 1 0 0 0 0 0 0 0 0 0 0 0 0 0 0 0 2 0 0 0 0 0 0 0 7 0 0 0 0 0 39 0 188592 0 0 0 3 0
78 CTC 0 0 0 0 0 0 0 0 0 0 0 0 0 7 0 0 0 3 0 0 0 9 0 0 0 0 0 0 29 187068 7 6 0 0 0 0 0 0 0 0 0 0 0 0 2 5 0 0 0 0 0 0 0 0 0 0 0 0 0 0 0 10 0 0
79 TTG 0 0 0 0 0 0 0 0 0 0 0 0 0 4 4 0 0 0 0 0 0 0 0 0 0 0 0 0 7 10 82 9 0 0 0 0 0 0 0 0 0 0 1 0 0 0 2 0 0 0 1 0 0 0 19 0 0 0 1 0 30 0 187846 3
80 GGA 0 0 0 0 0 0 0 0 10 0 0 0 0 0 0 0 0 0 0 0 0 0 0 0 0 0 0 0 0 0 0 0 16 0 0 0 2 0 0 0 188434 1 14 4 2 0 0 0 0 0 0 0 0 0 0 0 6 0 0 0 0 0 0 0
81 AAT 3 52 1 187885 0 0 0 2 0 0 0 7 0 0 0 0 0 0 0 9 0 0 0 0 0 0 0 0 0 0 0 0 0 0 0 10 1 0 4 0 0 0 0 0 0 0 0 0 0 0 0 0 0 0 0 0 0 0 0 0 0 0 0 0
82 CCA 0 0 0 0 3 0 0 0 0 0 0 0 0 0 0 0 0 0 0 0 188596 16 115 12 0 0 0 0 8 0 0 0 0 0 0 0 1 0 0 0 0 0 0 0 0 0 0 0 0 0 0 0 8 0 0 0 0 0 0 0 0 0 0 0
83 GAA 7 0 0 0 0 0 2 0 0 0 0 0 0 0 0 0 3 0 0 0 0 0 0 0 0 0 0 0 0 0 0 0 188354 17 15 2 1 0 1 0 13 1 0 0 1 0 0 0 6 0 0 0 0 0 0 0 0 0 0 0 1 1 0 3
84 TGC 0 0 0 0 0 0 0 0 0 1 0 0 0 0 0 0 0 0 0 0 0 0 0 0 0 2 0 0 0 0 0 0 0 0 0 0 0 0 0 0 0 2 0 0 0 0 0 0 0 9 0 0 0 0 0 0 8 183448 4 99 0 1 0 0
85 GAC 0 21 0 0 0 0 0 0 0 0 0 0 0 0 0 0 0 0 0 0 0 0 0 0 0 0 0 0 0 0 0 0 5 188499 0 18 0 1 0 0 0 8 0 0 0 3 0 0 0 4 0 0 0 0 0 0 0 0 0 0 0 0 0 0
86 TCA 3 5 0 5 26 0 1 0 0 0 0 9 0 3 2 0 3 0 0 16 29 5 0 1 0 0 0 0 2 0 22 3 21 1 6 3 5 1 0 0 0 0 0 12 0 0 0 0 3 5 0 66 188441 25 9 15 3 0 0 0 9 0 9 0
87 CTG 0 0 0 0 0 1 0 0 0 0 0 0 4 0 6 7 0 0 2 0 0 0 7 0 0 0 0 0 50 27 188731 5 0 0 0 0 0 0 0 0 0 0 0 0 0 0 2 0 0 0 0 0 0 0 0 0 0 0 0 0 0 0 28 0
88 CTT 0 0 0 0 0 1 0 0 0 0 0 0 0 4 0 18 2 0 0 3 0 1 0 11 0 0 0 4 4 54 2 188541 2 0 0 0 0 0 5 0 0 0 0 0 0 0 0 0 0 0 0 0 0 0 0 0 0 0 0 0 5 0 6 16
89 CCA 3 1 0 9 13 6 3 3 0 11 0 1 20 10 12 3 22 1 1 8 185576 43 25 4 1 0 2 0 19 0 46 7 1 19 0 20 2 3 2 75 10 29 0 2 9 41 0 3 0 5 0 4 16 4 39 21 1 0 1 0 7 4 0 0
90 GCG 0 0 0 6 0 48 35 17 0 12 0 14 0 17 0 1 3 4 0 4 4 10 0 1 1 5 8 1 0 9 13 0 2 0 16 16 29 5 187969 16 0 0 5 0 0 3 131 0 0 0 0 3 0 0 11 0 0 0 0 0 0 91 6 11
91 AGA 22 11 12 4 0 2 14 12 188635 9 7 3 11 1 0 2 9 7 0 4 0 0 0 0 5 0 0 0 19 0 0 2 11 0 10 0 6 0 0 9 22 0 1 0 1 0 4 0 0 7 0 0 0 3 0 0 0 0 2 0 0 0 3 0
92 TCA 0 0 1 3 5 0 0 0 0 0 0 0 0 0 0 2 22 0 2 0 30 0 0 0 0 0 0 0 0 0 5 0 1 16 4 1 0 0 1 0 0 0 0 11 0 18 0 0 0 2 0 0 188077 1 62 1 1 0 1 0 9 1 0 5
93 TGG 0 0 0 0 0 0 0 0 0 0 4 0 0 0 0 0 0 0 0 0 0 0 0 0 0 0 9 0 0 0 0 0 0 0 0 0 0 0 0 0 0 0 0 0 0 0 0 0 0 0 8 0 0 0 0 0 13 0 188679 0 0 0 5 0
94 TCC 0 0 0 0 0 2 0 0 0 17 0 36 0 0 0 0 0 0 0 0 0 15 0 0 0 0 0 0 0 0 0 0 0 0 0 0 0 5 0 4 9 2 1 14 0 0 0 0 0 1 0 0 22 188007 1 11 0 0 0 0 0 6 0 0
95 TAC 0 2 0 0 0 0 0 0 0 0 0 0 0 0 0 0 0 38 0 0 0 0 0 0 0 0 0 0 0 0 0 0 0 0 0 0 0 0 0 0 0 0 0 0 0 0 0 0 4 188661 0 38 0 3 0 0 0 16 0 0 0 0 0 0
96 ATT 0 0 0 0 0 0 0 7 0 0 0 0 12 13 2 185092 0 0 0 0 0 0 0 0 0 0 0 0 0 0 0 3 0 0 0 0 0 0 0 0 0 0 0 0 3 0 0 6 0 0 0 0 0 0 0 0 0 0 0 0 0 0 0 1
97 GTA 0 0 0 0 0 0 0 0 0 0 0 0 30 0 0 7 0 0 0 0 0 0 0 0 0 0 0 0 0 0 0 0 1 0 0 0 13 0 0 0 0 0 0 0 185292 13 41 19 0 0 0 0 0 0 0 0 0 0 0 0 2 0 0 0
98 GAA 20 0 0 0 0 0 0 0 0 0 0 0 0 0 0 0 0 0 0 0 0 0 0 0 0 0 0 0 0 0 0 0 185528 2 19 0 0 0 0 0 11 0 0 0 0 0 0 0 8 0 0 0 0 0 0 0 0 0 0 0 0 0 0 0
99 ACA 6 1 0 0 185103 5 14 3 3 1 0 3 24 0 2 0 1 0 0 0 6 0 0 0 8 1 0 0 4 0 0 0 3 7 8 0 15 0 5 1 0 1 1 31 0 0 0 0 0 10 0 0 7 0 49 1 0 0 1 0 6 0 0 0
100 CCA 0 0 0 6 5 22 0 0 0 0 0 0 0 0 1 0 3 0 13 8 184922 3 17 2 0 0 0 0 6 0 2 1 0 0 1 0 1 5 0 0 0 0 0 0 1 1 13 0 0 2 0 0 20 4 0 0 0 0 4 0 0 0 0 7
101 AAC 5 180974 1 27 0 8 0 2 0 6 7 8 0 1 0 0 0 0 1 0 4 0 0 0 2 3 0 0 1 0 0 0 1 37 2 0 0 0 2 0 0 0 1 29 0 0 0 0 0 1 0 0 1 0 2 0 0 0 0 0 0 0 0 0
102 TCT 0 1 0 7 5 11 3 11 0 0 0 3 0 0 0 0 4 0 3 0 13 0 0 13 0 0 0 0 0 0 0 0 0 0 0 0 0 0 0 1 8 0 0 0 0 0 0 0 0 0 0 4 3 27 2 185139 0 0 0 0 0 1 0 0
103 GAG 0 1 11 0 1 0 3 0 0 0 0 0 0 0 0 0 5 1 12 0 0 0 0 0 0 0 0 0 0 0 0 4 26 11 184557 6 12 0 5 0 0 0 33 0 0 2 8 1 0 0 4 0 0 0 0 0 0 0 0 0 0 1 0 0
104 AAT 10 9 1 185129 1 0 1 4 0 0 0 16 1 9 1 3 1 25 0 16 0 0 0 0 0 0 0 0 0 4 26 0 5 1 1 15 0 0 0 0 2 0 0 0 0 12 0 0 0 8 0 64 2 0 0 0 0 3 0 0 19 10 7 0
105 GGA 0 0 0 0 0 0 0 0 15 0 0 0 0 0 0 0 0 0 0 0 0 0 0 0 0 0 0 0 0 0 0 0 11 0 0 0 0 0 0 0 185015 5 33 2 1 0 0 0 0 0 0 0 0 0 0 0 6 0 0 0 0 0 0 0
106 GCA 0 0 0 0 34 0 0 0 0 0 0 2 0 0 2 0 0 0 2 0 17 1 0 0 0 0 0 0 1 0 3 0 6 0 0 0 185136 0 4 1 3 0 0 0 23 0 0 0 0 0 0 0 2 0 0 0 0 0 0 0 2 1 0 0
107 TGT 0 0 0 0 0 0 0 0 0 0 0 0 0 0 0 0 0 0 0 0 0 0 0 0 0 0 0 1 0 0 0 0 0 0 0 0 0 0 0 0 0 0 0 1 0 0 0 0 0 0 0 22 0 0 0 1 1 35 3 183959 0 0 0 3
108 TAT 0 0 0 0 0 0 0 0 0 0 0 0 0 0 0 0 0 0 0 7 0 0 0 0 0 0 0 0 0 0 0 0 0 0 0 1 0 0 0 0 0 0 0 0 0 0 0 0 2 27 1 184999 0 0 0 0 0 0 0 7 0 0 0 2
109 CCA 0 0 0 0 1 0 0 0 0 0 0 0 0 0 0 0 2 0 0 0 184468 7 43 9 0 0 0 0 4 0 0 0 0 0 0 0 2 0 0 0 0 0 0 0 0 0 0 0 0 0 0 0 7 0 0 0 0 0 0 0 0 0 0 0
110 GGA 0 0 0 0 0 0 0 0 5 0 0 0 0 0 0 0 0 0 0 0 0 0 0 0 0 0 0 0 0 0 0 0 4 0 0 0 0 0 0 0 185781 1 31 31 1 0 0 0 0 0 0 0 0 0 0 0 5 0 0 0 0 0 0 0
111 GAT 6 0 0 20 0 0 0 0 0 0 1 0 0 0 0 0 0 0 0 1 0 0 0 6 0 0 0 0 0 0 0 0 2 27 2 185354 0 0 0 0 0 0 0 13 1 0 0 5 0 0 0 7 0 0 0 0 0 0 0 0 0 0 0 0
112 CTC 0 0 0 0 0 0 0 0 0 0 0 0 13 15 0 3 0 0 0 1 0 23 0 0 0 1 0 0 3 185391 1 4 0 0 0 0 0 0 0 0 0 0 0 0 0 0 30 0 0 0 0 0 0 0 0 0 0 0 0 0 0 4 4 11
113 ATC 0 0 0 0 0 55 16 0 0 5 0 0 23 184584 2 48 1 5 14 18 0 0 0 0 2 0 0 0 0 5 0 1 0 0 8 0 6 33 0 3 29 14 16 0 0 13 0 0 0 6 0 0 2 1 2 1 0 0 0 0 11 13 0 8
114 GAC 0 43 0 0 0 0 0 0 0 0 0 0 0 0 1 0 0 3 0 0 0 0 0 0 0 0 0 0 0 0 0 0 10 183833 11 5 0 1 4 0 0 28 0 0 0 1 0 0 0 3 2 0 0 0 0 0 0 0 0 0 0 0 0 0
115 TAT 0 2 0 2 1 1 1 0 0 11 0 2 23 0 0 0 2 0 0 14 0 1 0 0 0 0 0 0 2 0 0 2 0 0 0 1 0 0 1 0 0 1 0 0 0 2 1 3 4 24 3 180866 2 2 0 5 0 0 0 10 1 0 13 1
116 GAG 0 0 6 0 0 0 0 0 0 0 0 0 0 0 0 0 0 0 1 0 1 0 1 2 0 0 0 0 0 0 0 0 18 0 184548 12 0 0 4 0 0 0 47 0 0 0 4 0 0 0 3 0 0 0 0 0 0 0 0 0 0 0 0 0
117 GAA 16 0 0 0 0 0 0 0 0 0 0 0 0 0 0 0 0 0 0 0 0 0 0 0 0 0 0 0 0 0 0 0 185506 0 25 0 1 0 0 0 7 0 0 0 0 0 0 0 2 0 0 0 0 0 0 0 0 0 0 0 0 0 0 0
118 CTG 0 0 0 0 0 0 0 0 0 0 0 0 0 0 6 0 0 0 1 0 0 0 19 0 0 0 0 0 15 6 184705 12 0 0 0 0 0 0 0 0 0 0 0 0 0 0 3 0 0 0 0 0 0 0 0 0 0 0 0 0 0 0 28 0
119 AGG 0 0 28 0 0 0 0 0 45 0 184726 5 0 0 14 0 0 0 0 0 0 0 0 0 4 0 2 0 0 1 0 0 0 0 0 0 0 0 0 0 0 0 27 0 0 0 0 0 0 0 0 4 0 0 0 0 0 0 1 0 0 2 1 4
120 GAG 0 0 10 0 0 0 0 0 0 0 0 0 0 0 0 0 0 0 0 0 0 0 0 0 0 0 0 0 0 0 0 0 23 1 185321 7 0 0 0 0 0 0 16 0 0 0 5 0 0 0 1 0 0 0 0 0 0 0 0 0 0 0 0 0
121 CAA 4 0 0 0 0 0 0 0 0 0 0 0 0 0 0 0 185054 1 27 4 1 0 0 0 1 0 0 0 1 0 0 0 0 0 0 0 0 0 0 0 0 0 0 0 0 0 0 0 82 0 0 0 0 0 0 0 0 0 0 0 0 0 0 0
122 TTG 0 0 0 0 0 0 0 0 0 0 0 0 0 0 6 0 0 0 0 0 0 0 0 0 0 0 0 0 0 34 25 0 0 0 0 0 0 0 0 0 0 0 0 0 0 0 5 0 0 0 3 0 0 0 3 0 0 0 2 0 32 1 184677 3
123 AGC 0 16 0 0 1 0 2 2 4 185509 3 27 0 5 0 9 0 0 0 0 0 0 0 0 0 0 0 0 1 0 0 0 0 0 0 0 0 0 1 0 0 27 0 2 0 3 0 0 0 0 0 0 0 0 0 0 0 4 0 0 0 1 0 0
124 TCA 0 0 0 0 5 1 0 1 0 0 0 0 0 0 0 0 0 0 0 0 13 0 0 0 0 0 0 0 0 0 4 0 0 0 0 0 0 2 0 0 0 0 0 0 0 0 1 3 1 0 0 2 183049 2 41 8 1 0 0 0 4 0 0 1
125 GTA 0 0 0 0 3 0 0 0 0 0 0 0 36 17 0 0 0 0 0 0 0 0 0 0 0 0 0 0 0 0 1 0 0 0 0 0 27 0 0 46 0 0 0 0 185144 3 23 2 0 0 0 0 0 0 0 0 0 0 1 1 4 0 0 4
126 TCA 0 0 0 1 6 0 1 1 0 2 1 0 0 5 12 0 0 0 0 0 9 0 0 0 3 0 0 0 3 0 0 0 8 4 4 1 9 0 0 0 0 0 0 2 1 0 32 0 1 7 0 1 184651 23 9 2 2 0 0 0 7 0 0 0
127 TCA 2 0 0 0 6 0 0 0 1 6 0 0 0 0 0 0 0 0 0 0 18 0 0 0 5 0 0 0 2 0 0 0 0 0 0 0 2 0 0 0 0 0 0 0 0 0 4 0 1 0 0 3 185010 4 10 0 0 0 0 0 5 0 0 0
128 TTA 0 0 0 0 0 0 0 0 0 0 0 0 0 0 23 0 0 0 0 0 0 0 0 0 0 0 0 0 19 0 0 0 0 0 0 0 0 1 0 0 0 0 0 0 15 2 0 3 0 6 1 3 9 0 0 0 1 0 0 0 184427 5 20 2
129 GAA 14 0 0 0 0 0 0 0 0 0 0 0 0 0 0 0 0 0 0 0 0 0 0 0 0 0 0 0 0 0 0 0 184423 4 10 1 2 0 0 0 15 0 0 0 1 0 0 1 1 0 0 0 0 0 0 1 0 0 0 0 0 0 0 0
130 AGA 18 0 0 0 1 0 0 0 184846 2 27 0 6 0 0 0 0 0 0 0 0 0 0 0 2 0 0 0 0 0 0 0 0 0 0 0 0 0 0 0 11 0 0 0 0 0 0 0 0 0 0 0 0 0 0 0 2 0 0 0 0 0 0 0
131 TTC 0 0 0 0 0 0 0 0 0 0 0 0 0 1 0 0 0 0 0 0 0 0 0 0 0 0 0 0 0 4 0 0 0 0 0 0 0 0 0 0 0 0 0 0 0 2 0 0 0 0 0 0 0 7 0 0 0 0 0 0 2 183860 0 35
132 GAA 12 0 0 0 0 0 0 0 0 0 0 0 0 0 0 0 0 0 0 0 0 0 0 1 0 0 0 0 0 0 0 0 185768 1 7 0 0 0 0 0 10 0 0 0 1 0 0 1 1 0 0 0 0 0 0 0 0 0 0 0 0 0 0 0
133 ATA 3 0 0 0 7 0 0 0 1 0 0 0 184188 1 22 7 0 0 0 0 0 0 0 0 0 0 0 0 6 0 0 0 0 0 0 0 0 0 0 0 0 0 0 0 8 0 0 0 0 0 0 0 0 0 0 0 0 0 0 0 1 0 0 0
134 TTT 0 0 0 0 0 0 0 0 0 0 0 0 0 0 0 0 0 0 0 0 0 0 0 0 0 0 0 0 0 0 0 8 0 0 0 0 0 0 0 0 0 0 0 0 0 0 0 0 0 0 0 0 0 0 0 2 0 0 0 3 0 21 1 184660
135 CCC 0 11 2 2 0 4 0 0 1 4 0 32 0 0 0 0 0 3 0 3 19 183041 4 10 0 0 0 0 0 6 0 0 5 4 0 0 0 0 2 0 0 0 0 0 0 0 0 0 0 0 0 0 1 16 0 0 0 0 0 0 0 0 0 0
136 AAG 26 2 152861 4 1 3 2 0 6 0 11 3 0 0 5 0 0 14 31 1 2 0 0 13 0 0 4 0 4 1 59 18 0 0 51 5 0 2 1 1 1 0 0 0 4 0 1 14 0 0 12 2 48 1 0 1 0 0 0 0 7 4 0 22
137 GAA 12 0 0 13 4 1 0 0 0 1 0 0 0 0 0 0 5 3 0 5 0 0 0 0 0 0 0 0 2 4 0 0 184430 16 9 4 2 0 0 0 19 0 0 0 9 0 0 0 3 0 0 0 6 0 2 21 0 0 0 0 0 0 0 1
138 AGT 0 0 0 27 2 12 11 0 8 26 6 183948 1 4 11 22 0 11 6 3 1 0 0 0 0 0 4 9 0 10 0 1 4 0 0 0 26 0 7 0 1 0 6 28 14 4 0 0 0 11 0 2 11 5 5 0 0 0 2 2 3 2 1 7
139 TCA 1 0 0 0 22 17 0 1 0 9 0 14 0 0 0 0 0 2 0 0 12 0 0 0 0 0 0 0 0 0 0 0 0 0 0 0 4 60 19 0 3 4 0 0 2 32 14 0 3 0 0 0 182921 9 49 43 1 0 12 0 4 4 0 1
140 TGG 0 0 0 0 0 0 0 0 0 0 4 0 0 0 0 0 0 0 0 0 0 0 0 0 0 0 5 0 0 0 0 0 0 0 0 0 0 1 0 0 0 0 1 0 0 0 0 0 0 0 11 1 0 0 0 0 16 0 184387 3 0 7 8 0
141 CCC 0 0 0 0 5 4 2 0 0 2 0 0 0 0 0 0 1 0 0 0 15 181749 5 16 0 0 0 0 6 13 0 2 6 0 4 0 0 10 0 0 0 0 0 0 24 3 0 0 0 0 0 0 0 26 0 2 0 0 0 0 0 0 1 1
142 AAC 3 182925 0 31 0 5 0 0 0 17 0 0 0 2 0 0 0 1 0 0 0 0 0 0 0 0 0 0 0 0 0 0 0 10 0 0 0 0 0 0 0 0 0 0 0 0 0 0 0 1 0 0 0 0 0 0 0 0 0 0 0 0 0 0
143 CAC 0 5 0 0 3 0 2 0 0 0 0 0 0 0 4 0 2 180245 1 13 0 1 0 0 0 4 0 0 0 3 0 0 0 0 0 0 0 1 0 0 0 0 0 0 0 0 1 0 0 70 0 50 2 0 1 0 0 0 0 0 0 12 0 0
144 ACA 2 0 0 0 138367 3 5 3 1 0 0 0 6 0 0 0 0 0 0 0 2 0 0 0 0 0 0 0 0 0 0 0 0 0 0 0 13 0 0 0 0 4 0 26 0 0 0 0 0 0 0 0 1 0 0 0 0 0 0 0 0 0 0 0
145 TTC 0 0 0 0 0 1 0 0 0 3 0 1 0 1 5 0 1 0 0 0 0 0 0 0 0 0 0 0 0 9 2 0 26 8 17 24 0 11 4 0 1 1 4 0 0 0 4 1 0 0 0 0 0 11 0 5 0 3 1 0 1 85917 0 8
146 AAC 5 137255 0 76 0 0 0 0 0 10 5 0 0 0 0 0 2 3 45 4 5 0 0 2 0 10 1 0 0 0 0 0 3 23 9 66 1 2 3 0 4 0 1 8 6 2 0 0 0 8 0 0 0 1 1 0 0 0 0 0 0 0 0 0
147 GGA 0 0 0 0 0 0 0 0 15 0 0 0 0 0 0 0 0 0 0 0 0 0 0 0 0 0 0 0 0 0 0 0 11 0 0 0 0 0 0 0 88693 1 7 3 0 0 0 0 0 0 0 0 0 0 0 0 4 0 0 0 0 0 0 0
148 GTA 0 0 0 1 9 22 10 37 0 4 0 28 137 9 3 1 0 0 0 0 0 0 0 0 0 0 0 0 0 0 0 0 2 0 0 0 20 0 0 0 2 0 0 0 124104 4 24 2 0 0 0 0 0 4 0 0 0 0 0 0 6 0 0 0
149 ACA 1 0 0 0 126288 1 25 7 0 0 0 0 6 0 0 0 0 0 0 0 0 0 0 0 0 0 0 0 0 0 0 0 0 0 0 0 4 0 1 0 0 0 0 0 0 0 0 0 0 0 0 0 13 0 1 8 0 0 0 0 0 0 0 0
150 GTA 0 0 0 0 4 0 4 3 0 6 0 43 10 0 0 0 2 0 11 0 0 0 0 0 0 0 0 0 0 34 4 0 3 0 0 0 130 12 0 0 1 0 0 0 130413 9 13 1 0 0 0 0 29 2 1 4 0 0 0 0 8 19 0 6
151 TCA 0 0 0 0 1 0 0 0 0 1 0 0 0 0 0 0 0 0 0 0 4 0 0 0 0 0 0 0 0 0 0 0 0 0 0 0 5 0 7 0 0 0 0 0 0 0 0 0 3 0 0 0 126873 1 14 2 0 0 0 0 8 0 0 0
152 TGC 0 0 0 0 0 0 0 0 0 2 0 0 0 0 0 0 0 0 0 0 0 0 0 0 0 1 0 0 0 0 0 0 0 0 0 0 0 0 0 0 0 0 0 0 0 0 0 0 0 28 0 0 0 0 0 0 4 125921 0 39 0 1 0 0
153 TCC 28 0 1 11 24 8 18 13 1 10 0 0 31 27 4 2 5 19 0 30 9 248 10 11 0 0 0 0 0 130 0 0 48 0 2 0 0 2 0 0 7 39 10 1 11 0 0 45 0 26 0 0 7 172908 2 10 0 6 1 0 1 59 6 9
154 CAT 2 11 0 77 66 1 3 0 17 0 0 0 90 0 16 1 3 25 21 172132 130 0 0 0 0 0 0 10 0 6 1 48 23 52 1 110 2 29 2 35 0 0 0 0 1 2 0 0 0 0 2 9 3 0 11 9 0 0 2 0 0 0 0 0
155 AGG 0 6 40 0 4 0 0 0 35 3 181162 5 4 0 38 5 16 1 1 0 0 0 0 0 18 0 8 0 1 0 0 1 3 27 0 0 0 2 0 35 3 0 164 9 0 0 0 6 0 25 132 25 1 1 16 19 0 0 9 0 1 0 1 0
156 GGA 0 4 0 0 0 0 0 0 10 0 0 0 0 0 0 0 0 15 0 0 0 0 1 0 0 0 0 0 0 0 0 0 77 0 4 0 1 6 0 0 182567 1 104 4 1 0 0 0 0 0 0 1 5 98 0 11 1 0 0 0 0 0 0 12
157 AAA 183090 2 22 2 9 7 0 0 8 0 0 2 20 0 1 48 6 3 0 0 0 0 0 0 0 0 4 0 0 3 0 13 27 8 3 2 0 4 0 0 0 19 0 6 5 6 0 0 0 4 0 0 19 0 0 0 0 0 0 0 15 4 1 0
158 AGC 0 33 0 0 0 1 2 0 2 181332 0 57 0 3 4 0 0 1 0 0 12 4 0 5 0 0 0 0 60 9 4 2 0 0 0 0 136 2 0 23 0 59 0 0 0 0 0 0 0 0 0 10 0 11 2 0 0 1 0 0 0 0 0 0
159 AGT 0 0 0 18 0 3 0 0 0 19 19 178405 0 0 0 6 1 0 0 3 0 0 0 0 0 0 0 1 0 0 0 0 0 3 10 0 6 1 0 0 6 52 1 27 0 0 0 0 0 0 0 0 0 6 3 0 0 0 0 2 0 0 0 0
160 TTT 0 0 0 0 0 0 0 0 0 0 0 0 0 0 0 1 0 1 0 0 0 0 0 0 0 0 0 0 0 0 0 5 0 0 0 0 0 0 0 0 0 0 0 0 0 0 0 2 0 0 0 1 0 0 0 8 0 0 0 1 1 8 0 180979
161 TAC 0 1 0 0 0 0 0 0 0 0 0 0 0 0 0 0 0 5 0 0 0 0 0 0 0 0 0 0 0 0 0 0 0 1 0 0 0 0 0 0 0 0 0 0 0 0 0 0 2 184367 0 30 0 2 0 0 0 9 0 0 0 1 0 0
162 AGA 12 2 0 1 0 0 0 0 184550 2 18 0 2 0 0 0 0 4 0 0 0 0 0 0 5 6 6 0 0 0 0 0 0 0 0 0 0 0 0 0 31 0 0 0 0 0 0 0 0 0 0 0 0 0 0 0 2 0 0 0 0 0 0 0
163 AAT 2 15 2 183422 0 0 0 0 0 0 0 10 0 0 0 2 0 0 0 20 0 0 0 0 0 0 0 0 0 0 0 0 0 0 0 8 0 0 0 0 0 0 0 0 0 0 0 0 0 0 0 1 0 0 0 0 0 0 0 0 0 0 0 0
164 TTG 0 0 0 0 0 0 0 0 0 0 0 0 0 24 5 11 0 0 0 0 0 0 0 0 0 0 0 0 0 0 12 0 0 0 0 0 0 0 0 0 0 0 0 0 0 0 1 0 0 0 1 0 0 0 4 0 0 0 1 0 28 0 184013 0
165 CTA 0 0 0 0 0 0 0 0 0 0 0 0 9 2 0 0 1 0 0 2 8 0 0 0 2 0 0 0 185161 3 12 7 0 0 0 0 0 1 0 0 0 0 0 0 0 0 6 0 0 0 0 0 0 0 0 0 0 0 0 0 28 0 0 0
166 TGG 0 0 0 0 0 0 0 0 0 0 1 0 0 0 0 0 0 0 0 0 0 0 0 0 0 0 2 0 0 0 0 0 0 0 0 0 0 0 0 0 0 0 1 0 0 0 0 0 0 0 104 0 0 0 0 0 24 1 184668 6 0 0 5 0
167 CTG 0 0 0 0 0 0 0 0 0 0 0 0 18 0 7 0 0 0 1 0 0 0 14 0 0 0 2 0 37 3 180172 25 0 0 0 0 0 0 0 0 0 0 0 0 0 3 19 0 0 0 0 0 0 0 0 0 0 0 0 0 8 0 32 0
168 ACG 0 0 3 0 29 1 183898 17 0 0 8 0 0 0 29 0 0 0 0 0 0 0 0 0 0 0 0 0 0 0 0 0 0 0 0 0 0 0 22 0 0 0 1 0 0 0 0 0 0 0 0 0 0 0 0 5 0 0 0 0 0 0 0 0
169 AAG 33 0 184088 10 2 1 2 4 0 0 25 0 0 0 6 0 2 7 12 2 0 0 0 0 0 1 0 2 1 1 3 0 0 0 28 0 7 8 118 0 0 3 17 0 0 2 0 0 0 0 0 0 0 0 8 39 0 0 0 0 0 0 0 0
170 AAG 19 10 181047 6 2 8 0 0 0 7 26 0 0 0 42 0 0 1 18 15 0 1 0 0 15 0 2 7 0 12 5 0 3 2 9 0 4 53 44 10 0 0 1 0 6 0 1 0 0 20 0 0 3 3 2 6 0 0 0 0 0 1 6 0
171 GGG 2 40 0 1 0 11 2 0 0 3 9 0 0 3 0 1 12 0 5 0 0 0 0 0 0 0 41 0 2 5 4 3 0 6 45 6 0 9 3 6 40 1 181586 0 0 0 4 6 0 0 0 2 1 1 0 0 0 0 4 0 0 11 0 2
172 GAT 0 3 0 30 0 0 4 0 0 0 0 0 0 0 3 0 0 0 0 0 7 2 0 0 0 0 0 0 0 0 0 0 12 14 45 184695 0 2 0 2 0 0 0 41 0 0 0 2 0 0 0 1 0 1 0 0 0 0 0 0 0 0 1 0
173 TCA 1 13 0 24 1 66 48 14 0 22 0 1 7 2 0 1 2 13 7 1 21 0 0 0 4 1 0 0 5 11 33 0 144 53 3 99 1 0 3 0 0 13 0 0 0 13 20 21 1 31 0 16 184153 32 39 12 1 0 0 0 31 1 0 20
174 TAC 0 0 0 0 0 0 0 0 0 0 0 0 0 0 0 0 0 16 0 0 0 0 0 0 0 0 0 0 0 0 0 0 0 0 0 0 0 0 0 0 0 0 0 0 0 0 0 0 0 184612 0 45 0 1 0 0 0 20 3 0 0 4 0 2
175 CCA 189 2 18 76 80 12 1 11 56 5 9 53 11 1 0 0 24 8 193 13 183512 8 24 9 0 68 0 0 2 28 0 31 4 1 0 5 40 0 2 0 23 22 51 0 55 2 17 14 0 17 0 19 17 3 1 2 0 0 0 5 0 0 1 1
176 AAG 40 1 184903 4 23 4 19 8 0 0 64 0 0 0 6 3 0 13 7 26 54 3 9 2 0 5 0 7 0 38 0 11 0 0 17 0 0 1 6 6 0 0 0 0 4 4 14 7 0 0 0 6 0 0 1 2 0 0 3 1 6 2 0 3
177 CTG 0 1 0 0 16 3 2 3 0 5 0 0 0 3 11 28 0 5 1 0 0 0 9 0 0 0 1 0 39 20 184894 21 0 0 0 0 0 8 5 0 0 0 0 0 1 0 19 69 0 0 0 0 0 0 0 1 0 0 0 0 3 4 15 4
178 ACC 0 10 1 0 3 184744 1 16 0 0 0 0 0 11 0 12 1 0 2 0 0 1 0 0 0 0 0 0 3 8 3 7 0 0 10 0 5 28 0 21 6 2 2 0 3 6 0 0 0 0 0 5 7 4 0 0 0 0 0 0 31 0 0 0
179 AAT 5 9 2 185375 13 2 0 8 0 0 0 12 0 0 0 6 9 0 0 1 0 0 0 0 0 0 0 0 0 0 1 0 0 0 3 5 0 4 0 0 0 0 0 0 0 0 2 0 0 0 0 1 0 0 0 2 0 0 0 0 0 0 0 1
180 TCC 1 6 1 0 0 8 2 0 21 5 0 0 2 0 0 0 8 0 0 0 0 11 0 0 3 8 0 0 0 0 0 0 18 0 21 0 0 7 9 1 1 0 0 2 3 0 0 0 0 8 0 6 8 184676 1 12 0 1 3 0 3 10 0 0
181 TAT 0 0 0 2 0 0 0 0 0 0 0 0 0 0 0 0 0 0 0 39 0 0 0 0 0 0 0 0 0 0 0 0 0 0 0 1 0 0 0 0 0 0 0 0 0 0 0 0 1 6 1 185334 0 0 0 1 0 0 0 4 0 0 0 1
182 GTG 9 0 0 0 3 33 29 0 1 7 2 0 1 0 10 1 29 3 1 8 0 0 0 0 1 0 4 1 0 26 0 1 0 0 1 0 2 0 4 0 0 0 1 0 12 0 184393 13 0 2 0 63 3 0 0 0 0 3 12 25 22 2 7 18
183 AAC 0 185358 1 13 0 2 0 0 0 9 0 0 0 1 0 0 0 0 0 0 0 0 0 0 0 0 0 0 0 0 0 0 0 13 0 0 0 0 0 0 0 0 0 0 0 0 0 0 0 0 0 0 0 0 0 0 0 0 0 0 0 0 0 0
184 AAT 4 22 3 185158 4 0 0 9 0 1 0 17 0 1 1 2 2 0 1 3 0 0 0 0 0 0 2 0 1 0 0 0 14 4 0 11 2 0 0 14 0 0 2 0 0 0 2 1 0 0 0 0 0 1 0 3 0 0 0 0 1 0 3 0
185 AAA 184379 4 30 2 0 0 0 0 9 0 0 0 17 0 5 0 0 0 0 0 0 0 0 0 0 14 0 11 1 11 0 0 30 0 0 0 0 0 0 1 0 0 0 2 0 4 0 0 0 0 0 3 0 0 0 0 0 0 0 0 1 0 3 0
186 GGG 0 0 0 3 0 1 0 0 0 0 35 0 0 0 0 0 7 0 0 1 0 1 0 0 0 0 1 0 0 0 0 0 0 11 13 0 0 0 2 0 35 0 184324 9 0 0 0 0 0 0 0 0 3 1 40 12 0 0 13 0 0 0 0 0
187 AAA 184384 3 44 9 3 0 0 1 7 0 1 0 0 0 0 0 3 0 0 0 0 0 0 0 0 0 0 0 1 0 0 4 33 0 0 0 1 0 0 2 0 0 0 0 0 4 8 3 0 0 0 0 1 0 0 0 0 0 0 0 0 0 0 0
188 GAA 9 0 0 1 1 0 0 0 0 2 0 3 0 0 0 0 0 1 12 0 4 1 0 0 0 0 0 0 6 0 0 1 184658 9 28 9 1 0 0 0 8 0 0 0 44 0 0 1 0 0 0 2 3 0 0 1 0 0 0 0 8 0 0 0
189 GTC 0 0 0 0 0 0 0 0 0 0 0 0 1 48 0 6 0 0 0 0 0 0 0 0 0 0 0 0 0 0 0 0 0 1 0 0 0 6 0 0 0 2 0 0 2 184153 2 12 0 0 0 0 0 0 0 0 0 0 0 0 0 4 0 0
190 CTT 0 0 0 0 0 0 0 0 0 0 0 0 1 0 1 5 0 0 0 6 0 0 0 32 0 0 0 1 7 13 5 184854 0 0 0 0 0 0 0 0 0 0 0 0 0 0 0 0 0 0 0 0 0 0 0 0 0 0 0 0 0 0 0 5
191 GTA 0 0 0 0 0 0 0 0 0 0 0 0 9 4 0 51 0 0 0 0 0 0 0 0 0 0 0 0 1 0 9 0 0 0 0 0 6 0 0 0 0 0 0 0 140237 6 26 2 0 0 0 0 0 0 0 0 0 0 0 0 10 0 3 0
192 CTA 0 0 0 0 0 0 0 0 0 0 0 0 9 0 0 0 1 0 0 0 9 0 0 0 0 0 0 0 140166 2 7 2 0 0 0 0 0 0 0 0 0 0 0 0 1 0 5 0 0 0 0 0 0 0 0 0 0 0 0 0 10 0 5 0
193 TGG 0 0 0 0 0 0 0 0 0 0 1 0 0 0 0 0 0 0 0 0 0 0 0 0 0 0 6 0 0 0 0 0 0 0 0 0 0 0 0 0 0 0 3 0 0 0 0 0 0 0 14 0 0 0 0 0 5 0 139864 3 0 0 1 42
194 GGT 0 0 0 0 0 0 0 0 0 0 0 6 0 0 0 0 0 0 0 0 0 0 0 0 0 0 0 1 0 0 0 0 0 0 0 10 0 0 0 0 4 11 10 137393 0 0 0 1 0 0 0 0 0 0 0 0 0 0 0 2 0 0 0 0
195 GTT 0 0 0 0 0 0 0 0 0 0 0 0 3 0 1 58 0 0 0 0 0 0 0 0 0 0 0 0 0 0 0 1 0 0 0 0 0 0 0 12 0 0 0 3 1 39 14 138872 0 0 0 0 0 0 0 0 0 0 0 0 0 0 2 4
196 CAT 0 0 0 1 0 0 0 0 0 0 0 0 0 0 0 0 3 31 1 139550 0 0 0 1 0 0 0 4 0 0 0 0 0 0 0 0 0 0 0 0 0 0 0 0 0 0 0 0 0 0 0 6 0 0 0 0 0 0 0 0 0 0 0 0
197 CAC 0 28 0 7 0 0 0 0 0 0 0 0 0 0 2 3 0 140057 2 21 0 0 0 0 0 3 0 0 0 1 0 0 0 0 1 0 0 0 5 0 0 0 0 0 0 0 0 0 0 13 0 3 0 0 0 0 0 0 0 0 0 0 0 8
198 CCG 0 0 0 0 0 0 3 0 0 0 0 0 0 0 0 0 0 0 1 0 46 1 139247 4 0 0 0 0 0 0 4 0 0 0 0 0 0 0 0 0 0 0 0 0 0 0 0 0 0 0 0 0 0 0 11 0 0 0 0 0 0 0 0 0
199 TCT 0 0 0 0 0 0 0 1 0 0 0 0 0 0 0 0 0 0 0 0 0 2 3 13 0 0 0 0 0 0 0 0 0 0 0 0 0 0 0 3 0 0 0 0 0 0 0 0 0 0 0 47 2 31 1 140040 0 2 0 0 0 0 0 7
200 AGC 0 13 0 0 0 0 0 0 0 139119 0 52 0 4 0 0 0 0 0 0 0 0 0 0 0 3 0 0 0 0 0 0 0 0 1 0 0 0 0 0 0 25 0 1 0 0 0 0 0 0 0 0 0 0 0 0 0 0 0 0 0 0 0 0
201 AGT 0 0 3 15 0 0 1 1 0 5 0 139865 5 3 0 10 2 7 0 0 0 0 0 0 0 0 0 2 0 0 0 2 0 0 0 0 3 0 0 0 0 0 0 9 1 0 0 0 0 3 0 2 8 2 0 0 0 0 0 2 1 3 0 4
202 GAT 0 0 0 18 0 0 0 0 0 0 0 1 2 0 0 0 0 0 0 0 0 0 0 0 0 0 0 0 0 0 0 0 24 5 1 139714 0 0 0 0 0 0 0 19 0 0 1 1 0 0 0 3 1 0 0 0 0 0 0 0 1 1 0 0
203 GAG 0 0 6 0 0 0 0 0 0 0 0 0 0 0 0 0 0 0 0 0 0 0 0 0 0 0 0 0 0 0 0 0 29 0 140398 2 0 0 0 0 0 0 22 0 0 0 1 0 0 0 2 0 0 0 0 0 0 0 0 0 0 0 0 0
204 CAA 0 0 0 0 0 0 0 0 0 0 0 0 0 0 0 0 140190 3 9 1 1 0 0 0 4 0 0 0 0 0 0 0 1 0 0 0 0 0 0 2 0 0 0 0 0 0 0 0 16 0 0 0 0 0 0 0 0 0 0 0 0 0 0 0
205 CAG 0 2 4 79 0 0 0 2 0 0 0 5 0 0 5 0 22 0 140121 4 0 0 3 0 0 0 20 1 0 0 5 0 0 51 2 0 0 0 0 2 0 0 0 2 0 0 0 0 0 0 5 0 0 6 0 0 0 0 0 0 0 0 0 1
206 AGT 0 0 0 19 0 8 1 1 1 16 0 139712 1 0 0 3 0 0 0 0 0 0 0 0 0 0 0 1 0 0 1 0 1 32 1 0 0 0 0 0 0 8 16 23 0 0 2 0 0 16 0 0 0 0 0 27 0 0 0 2 0 0 0 5
207 CTC 0 0 0 0 0 0 0 0 0 0 0 0 0 1 2 0 0 4 0 0 0 1 0 0 0 0 0 0 5 139617 1 6 0 0 0 0 0 0 0 0 0 0 0 0 0 1 0 0 0 0 0 0 0 0 0 0 0 0 0 0 2 5 0 0
208 TAT 0 0 0 3 0 0 0 0 0 0 0 0 0 0 0 0 0 0 0 12 0 0 0 0 0 0 0 0 0 0 0 0 0 0 0 0 0 0 0 0 0 0 0 0 0 0 0 0 1 8 2 137708 0 0 0 2 0 0 0 3 0 0 0 0
209 AGT 0 13 0 130 6 3 1 1 4 30 1 139436 0 0 0 2 0 2 0 0 0 9 0 0 0 0 0 0 6 3 2 0 1 0 82 2 2 0 11 0 1 0 1 72 0 0 2 0 0 0 0 0 1 0 0 0 0 0 0 1 7 0 0 0
210 AAT 1 15 5 140336 0 17 0 3 0 3 0 7 0 0 0 1 2 0 0 9 6 2 0 3 0 3 1 0 0 19 0 0 0 3 0 12 0 0 0 0 9 27 46 21 0 4 0 0 0 0 0 2 2 7 0 5 0 0 0 0 13 0 1 1
211 GGA 1 2 0 6 12 0 0 0 9 33 0 1 0 2 6 0 0 0 0 1 0 41 0 0 0 0 0 0 0 1 0 2 43 3 0 0 12 2 0 0 139389 1 21 1 3 0 0 0 0 0 0 8 49 5 0 4 1 0 1 0 1 6 0 10
212 AAT 1 1 3 139913 0 0 0 4 0 0 0 12 0 0 0 4 0 2 0 3 1 26 0 1 9 0 0 0 9 0 4 21 0 0 5 8 0 0 3 1 0 0 6 0 0 0 2 0 0 4 0 0 0 0 0 0 0 0 0 0 2 1 3 17
213 GCT 1 0 7 0 16 0 15 44 0 7 0 0 0 0 0 0 1 0 0 0 22 49 5 50 0 0 0 0 0 0 0 0 0 0 0 3 2 9 2 139967 17 3 0 0 0 0 3 8 0 0 0 0 0 1 1 2 0 0 0 0 0 0 0 0
214 TAT 0 0 0 0 10 0 0 0 0 0 0 0 0 2 0 0 0 0 0 30 0 0 0 0 0 0 0 0 0 0 0 0 0 0 0 1 0 0 2 0 0 0 0 0 0 0 0 0 2 1 0 140191 0 0 0 1 0 1 0 7 3 1 0 1
215 GTC 0 0 0 0 0 0 0 0 0 0 0 0 2 42 0 5 0 0 0 0 0 0 0 0 0 0 0 0 0 0 0 0 0 0 0 0 0 8 0 0 0 1 0 0 6 139933 2 35 0 0 0 0 0 0 0 0 0 0 0 0 0 0 0 0
216 TCT 0 0 0 0 0 0 0 3 0 0 9 0 0 0 8 0 3 0 0 0 0 0 0 7 0 5 3 1 0 0 0 0 0 1 0 0 0 1 0 3 0 0 0 0 0 31 0 4 0 21 0 22 3 22 6 140296 0 0 0 5 0 0 0 15
217 GTA 0 0 0 0 0 0 0 0 0 0 0 0 13 0 0 0 0 0 0 0 0 0 0 0 0 0 0 0 0 0 0 0 1 0 0 0 6 0 0 0 0 0 0 0 138677 5 26 4 0 0 0 0 0 0 0 0 0 0 0 0 1 0 0 0
218 GCG 0 0 0 0 0 0 7 0 0 6 0 10 0 0 0 0 0 15 3 18 0 0 0 0 0 0 0 0 5 0 0 0 0 0 7 0 29 4 138395 9 0 0 1 0 2 0 27 0 0 1 0 0 0 50 5 0 0 5 10 0 0 12 0 0
219 TCT 4 0 0 0 0 0 0 2 0 3 0 0 0 0 0 0 0 0 0 0 0 0 0 11 0 0 0 0 0 0 0 0 0 0 0 0 0 2 12 1 2 0 0 0 0 0 0 0 0 0 0 21 14 75 9 139549 0 0 0 0 0 0 0 9
220 TCA 0 0 17 0 8 11 0 5 33 0 8 0 0 0 23 6 0 24 0 4 41 10 15 4 1 0 0 3 0 0 2 9 19 4 0 0 6 1 2 0 3 2 3 14 0 5 4 2 1 0 0 1 139514 17 15 4 0 0 1 0 27 1 0 0
221 AAT 2 10 6 139292 2 0 1 5 0 0 0 24 0 1 3 2 5 4 0 27 0 0 0 0 1 2 0 0 0 12 6 0 0 0 0 6 0 18 0 10 23 0 2 8 0 0 8 0 0 0 0 2 0 0 10 0 0 0 0 0 0 0 2 0
222 TAT 0 0 0 1 0 1 0 0 0 0 0 0 0 4 0 0 0 5 0 14 0 0 0 0 0 0 0 0 0 0 1 3 0 0 0 1 0 0 0 0 0 0 0 0 2 0 0 3 1 23 1 139848 0 0 1 1 0 0 0 7 7 0 0 1
223 AAC 3 139299 1 14 0 0 0 0 1 11 0 0 13 12 0 12 4 24 5 3 0 0 0 0 0 0 0 0 12 2 0 1 29 21 0 3 7 1 3 0 8 19 1 7 2 1 0 0 0 166 0 2 0 0 0 0 0 0 0 0 82 113 1 14
224 AGG 1 4 11 0 0 5 0 0 13 19 139143 20 0 0 7 0 3 14 2 11 0 0 0 0 0 42 13 8 0 0 2 1 0 0 0 0 5 0 7 0 0 0 14 0 0 0 0 0 0 0 0 0 0 0 0 0 0 0 5 0 0 0 0 2
225 AGA 20 0 0 0 0 0 0 0 140085 0 12 0 5 0 0 0 0 2 0 0 0 0 0 0 0 0 0 41 0 2 0 0 0 0 0 0 0 0 0 0 18 0 0 0 0 0 0 3 0 0 0 0 0 0 0 0 1 0 0 0 0 0 0 0
226 TTC 0 0 0 0 0 1 0 2 0 0 0 0 0 21 0 16 0 0 0 4 0 0 0 0 0 0 0 0 0 14 1 0 5 0 0 0 0 0 0 0 0 0 0 0 20 8 0 45 0 11 0 0 0 11 0 0 0 2 1 0 9 138846 1 17
227 ACC 0 1 0 0 4 139413 5 9 0 0 4 1 0 120 0 0 2 1 1 0 0 0 0 0 1 2 0 12 0 0 0 0 0 0 1 0 0 27 7 0 0 0 0 0 1 2 2 3 0 7 0 0 0 2 0 0 0 0 0 0 0 0 1 0
228 CCG 0 0 0 0 0 0 17 0 0 0 0 0 0 3 0 1 0 0 1 0 56 6 134203 26 0 0 18 0 0 0 10 0 0 0 0 0 2 0 6 7 0 0 0 0 0 1 6 6 0 0 0 0 0 1 20 0 0 0 0 0 0 0 0 0
229 GAA 11 0 0 0 35 14 8 10 0 0 2 5 0 0 0 0 1 0 0 13 0 0 0 0 0 3 0 0 0 0 0 3 100916 12 5 2 2 0 2 2 24 7 11 1 1 0 0 1 14 3 0 10 4 2 12 15 0 0 1 0 0 22 0 53
230 ATA 0 0 1 0 7 4 0 2 4 0 0 1 138330 1 31 6 0 1 1 0 0 0 1 0 1 0 0 0 9 0 0 0 0 1 0 0 0 0 0 0 0 0 0 0 28 35 20 2 0 3 0 0 0 0 0 0 0 0 0 6 0 7 0 4
231 GCT 0 2 0 0 1 16 0 117 0 0 0 13 0 1 1 0 82 19 21 4 1 0 0 1 0 0 0 1 10 2 41 15 0 0 0 2 18 10 15 138867 1 0 0 3 70 6 0 48 0 5 0 14 66 6 17 38 0 0 111 9 7 0 21 6
232 GCA 29 20 5 8 85 5 3 2 0 5 3 1 13 29 13 39 15 27 3 43 10 3 3 2 2 0 0 31 0 91 141 28 32 0 2 1 136651 1 70 2 3 0 4 28 125 59 4 26 0 7 0 4 2 0 1 2 0 5 2 5 32 12 21 41
233 AGG 0 0 17 0 0 0 0 0 37 0 139028 3 0 0 10 0 0 0 0 0 0 0 0 0 1 0 7 4 0 0 0 0 0 0 0 0 0 0 0 0 0 0 27 0 0 0 0 0 0 0 0 2 0 0 0 0 0 0 3 0 0 0 0 0
234 CCC 5 0 0 0 0 8 6 0 0 0 0 0 0 0 7 0 0 6 0 0 11 136272 2 6 0 5 0 0 0 8 1 0 0 0 0 0 0 13 0 0 0 0 0 0 17 0 1 0 0 0 0 0 0 16 0 0 0 0 0 0 0 0 6 0
235 AAA 129116 0 35 3 9 5 0 12 33 5 0 0 5 10 0 0 3 0 1 0 0 2 0 0 17 49 5 0 3 0 8 28 18 0 1 0 0 3 0 7 0 0 0 0 2 8 7 2 0 1 0 1 0 13 20 1 0 0 0 0 10 8 35 6
236 GTA 0 2 4 1 0 14 0 3 0 0 8 0 126 49 3 3 23 0 0 1 0 0 0 0 5 0 1 0 0 0 2 2 1 2 6 0 10 0 0 0 1 0 0 0 132707 5 16 12 6 4 0 2 3 0 0 5 0 0 0 1 8 0 1 3
237 AGA 24 8 1 0 0 0 0 1 124701 2 26 16 9 0 0 0 0 6 50 63 0 0 0 0 4 2 3 0 9 4 30 27 0 1 5 6 0 1 1 1 11 0 1 0 0 0 0 0 0 9 0 13 0 1 2 0 3 0 0 0 6 11 25 0
238 GAT 0 0 0 8 1 0 0 0 0 0 0 0 0 6 0 0 0 0 0 0 0 0 0 0 0 0 0 0 0 0 1 1 56 13 0 116345 0 0 0 0 1 0 0 9 0 0 0 1 0 0 0 2 1 0 0 0 0 0 0 0 0 0 0 0
239 CAA 1 26 0 0 1 0 0 0 0 0 0 0 0 0 1 0 124771 5 21 3 1 0 0 1 14 0 0 0 2 0 0 0 0 0 0 0 0 0 0 0 0 0 0 0 0 0 0 0 5 0 0 0 0 0 0 0 0 0 0 0 0 0 0 0
240 CAT 1 0 0 6 0 54 3 1 0 0 0 0 0 0 2 0 1 6 1 51593 5 0 0 1 3 0 0 3 0 0 0 4 0 0 0 0 3 0 0 2 0 0 0 0 1 4 0 0 0 0 0 5 0 1 0 0 0 0 0 0 0 0 0 0
241 GGG 0 0 0 0 0 0 0 0 0 0 3 0 0 0 0 0 0 0 0 0 0 0 0 0 0 0 0 0 0 0 0 0 0 0 2 0 0 0 0 0 20 0 81009 23 0 0 2 0 0 0 0 0 0 0 0 0 0 0 1 0 0 0 0 0
242 AGG 0 0 14 0 0 0 0 0 13 0 64028 0 0 0 2 0 0 0 0 0 0 0 0 0 3 1 13 0 0 0 0 0 0 0 0 0 0 0 0 0 0 0 15 0 0 0 0 0 0 0 0 0 0 0 0 0 0 0 0 0 0 0 0 0
243 ATG 0 0 2 0 0 0 4 0 0 0 0 0 3 0 80922 3 0 0 0 0 0 0 0 0 0 0 0 0 0 0 1 0 0 0 0 0 0 0 0 0 0 0 0 0 0 0 9 0 0 0 0 0 0 0 0 0 0 0 0 0 0 0 0 0
244 AAC 1 85316 0 13 0 2 0 0 0 2 1 0 1 1 1 0 4 2 5 0 0 0 0 0 0 0 0 0 0 1 0 6 0 7 0 0 2 1 0 0 0 0 0 2 0 0 0 0 0 4 0 2 0 0 0 0 0 0 0 0 0 0 6 3
245 TAT 0 0 0 1 0 0 0 0 0 0 0 0 0 0 0 0 0 1 0 6 0 0 0 0 0 0 0 0 0 0 0 0 0 0 0 0 0 0 0 0 0 0 0 0 0 0 0 0 2 20 1 86065 0 0 0 1 0 0 0 8 0 0 0 0
246 TAC 0 1 0 0 0 0 0 0 0 0 0 0 0 0 1 0 0 61 0 0 0 0 0 0 0 0 0 0 0 0 0 0 0 0 0 0 0 0 0 0 0 0 0 0 0 0 0 0 2 106013 0 5 0 0 0 0 0 8 0 0 1 1 0 0
247 TGG 0 0 0 0 0 0 0 0 0 0 1 0 0 0 0 0 0 0 0 0 0 0 0 0 0 0 12 0 0 0 0 0 0 0 0 0 0 0 0 0 0 0 1 0 0 0 0 0 0 0 7 0 0 0 0 0 4 0 111885 0 0 0 1 0
248 ACC 0 3 1 0 10 126990 2 21 0 2 0 0 0 7 6 0 1 0 0 1 0 0 0 0 0 0 0 0 0 0 0 4 0 0 0 0 0 20 0 1 0 0 0 0 0 4 0 0 0 0 0 0 0 6 3 1 0 0 0 0 1 0 0 0
249 TTG 0 0 0 0 0 0 0 0 0 0 0 0 13 14 2 0 0 0 0 0 0 0 0 0 0 0 0 0 5 0 19 5 0 0 0 0 0 0 0 0 0 0 0 0 3 3 7 2 0 0 1 0 0 0 7 0 0 0 0 0 19 0 129702 2
250 CTA 0 0 0 0 0 0 0 0 0 0 0 0 4 3 1 6 0 0 0 0 10 0 0 0 1 0 0 0 136982 0 17 1 0 0 0 0 0 0 0 0 0 0 0 0 5 0 2 5 0 0 0 0 0 0 0 0 0 0 0 0 63 0 1 0
251 GAA 30 1 0 3 0 1 0 0 0 0 0 1 0 0 0 2 9 0 13 0 1 0 0 0 2 0 0 0 0 0 1 8 136311 7 15 1 3 1 0 0 11 0 0 0 7 0 2 0 1 2 0 3 2 5 0 3 0 0 0 0 0 0 0 4
252 CCC 0 0 4 0 0 5 0 0 0 0 0 0 0 0 0 0 2 0 0 5 13 125323 5 18 0 2 0 0 0 2 0 0 1 0 0 1 6 3 0 3 0 0 0 0 0 0 1 0 0 0 0 0 0 7 0 5 0 0 0 0 0 0 0 0
253 GGA 2 0 0 0 0 0 0 0 31 0 1 0 0 0 1 0 0 0 0 0 0 0 0 0 2 2 0 0 0 0 0 0 14 0 0 2 0 0 0 1 133213 14 46 9 0 0 0 0 0 0 0 0 4 1 0 1 3 0 27 0 0 0 0 1
254 GAC 0 17 1 0 0 0 0 0 0 1 0 0 0 0 0 0 37 3 4 1 0 0 0 0 0 0 0 0 0 0 0 0 15 131370 5 11 7 5 22 0 3 17 19 0 0 0 0 0 0 2 0 0 0 6 0 0 0 0 0 0 0 0 0 0
255 ACA 5 0 0 0 135050 78 13 5 5 1 0 0 15 0 0 2 2 0 1 1 1 0 0 0 0 0 0 0 1 0 0 0 1 0 0 0 6 2 0 0 0 0 0 0 0 0 0 0 0 4 0 19 6 20 0 0 0 0 0 0 0 1 0 0
256 ATA 0 0 0 0 10 0 0 0 1 0 0 0 139261 17 8 7 0 0 0 0 0 0 0 0 0 0 0 0 4 3 3 1 0 0 0 0 0 0 0 0 0 0 0 0 8 2 0 2 0 0 0 0 0 0 0 0 0 0 0 0 39 0 0 0
257 ATA 1 0 0 1 20 0 0 0 2 2 0 2 139172 1 108 6 11 0 23 0 0 0 0 0 1 0 0 0 3 31 22 2 0 0 0 4 3 1 2 9 0 2 1 1 38 34 4 0 0 12 0 8 2 0 10 3 0 3 18 0 24 7 1 0
258 TTT 0 0 0 0 0 0 0 0 0 0 0 0 0 0 0 21 0 0 0 0 0 0 0 0 0 0 0 0 9 0 0 6 0 0 0 0 0 0 0 0 0 0 0 0 0 0 0 3 0 0 0 3 0 0 0 5 0 0 0 1 4 18 1 138927
259 GAG 0 0 7 0 0 0 0 0 0 0 0 0 0 0 0 0 0 2 0 0 0 0 0 0 0 0 0 0 0 0 0 0 19 0 139314 9 0 0 0 0 0 0 31 0 0 0 5 0 0 0 3 0 0 0 0 0 0 0 0 0 0 0 0 0
260 GCA 0 0 0 0 21 0 0 0 0 2 0 0 0 0 0 0 0 0 0 0 0 0 0 0 0 0 0 0 0 0 0 0 1 0 0 0 139746 1 6 3 6 0 0 12 8 0 0 0 0 0 0 0 3 0 4 0 0 0 0 0 0 0 0 0
261 ACT 0 0 0 7 3 23 1 139923 0 23 0 0 0 0 0 3 0 0 0 0 0 0 0 0 0 0 0 0 0 0 0 0 0 0 0 0 0 0 0 5 0 0 0 0 0 0 0 0 0 0 0 0 0 13 0 2 0 0 0 0 0 0 0 0
262 GGT 0 0 0 0 0 0 0 0 0 0 0 5 0 0 0 0 0 0 0 0 0 0 0 0 0 0 0 0 0 0 0 0 0 0 0 9 0 0 0 0 1 27 3 138983 0 0 0 1 0 0 0 0 0 0 0 0 0 0 0 1 0 0 0 0
263 AAT 0 9 0 139665 0 0 0 0 0 0 0 3 0 0 0 0 0 0 0 2 0 0 0 0 0 0 0 0 0 0 0 0 0 0 0 6 0 0 0 0 0 0 0 0 0 0 0 0 0 0 0 0 0 0 0 0 0 0 0 0 0 0 0 0
264 CTA 0 0 0 0 0 0 0 0 0 0 0 0 5 0 0 0 1 0 0 0 25 0 0 0 2 0 0 0 139705 1 18 0 0 0 0 0 0 0 0 0 0 0 0 0 0 0 0 0 0 1 0 9 0 0 0 0 0 0 1 0 7 0 0 0
265 ATA 2 0 0 0 1 0 0 0 1 0 0 0 140072 15 19 4 0 0 0 0 0 0 0 0 0 0 0 0 8 0 7 1 0 0 0 0 1 0 0 0 0 0 0 0 14 0 0 0 0 0 0 0 0 0 0 0 0 0 0 0 47 0 4 0
266 GCA 0 0 0 0 14 0 0 0 0 0 0 0 0 0 0 0 0 0 0 0 0 0 0 0 0 0 0 0 0 0 0 0 3 0 0 0 138685 7 4 9 0 0 0 0 17 0 1 4 0 0 0 0 1 0 0 0 0 0 0 0 0 0 0 0
267 CCA 0 0 0 0 0 0 0 0 0 0 0 0 0 0 0 0 0 0 0 0 139590 4 6 3 0 0 0 0 0 0 0 0 0 0 0 0 0 0 0 0 0 0 0 0 0 0 0 0 0 0 0 0 4 0 0 0 0 0 0 0 0 0 0 0
268 TGG 0 0 0 0 7 0 0 1 0 0 4 0 0 0 0 0 0 0 0 0 0 0 0 0 0 0 5 0 1 0 1 0 0 0 0 0 1 0 0 1 0 0 5 0 0 0 1 0 0 0 6 0 2 0 0 1 11 0 139315 0 0 0 7 0
269 TAT 0 0 0 1 1 0 0 0 0 0 0 0 0 0 0 0 0 1 0 18 0 0 0 0 0 0 0 0 0 0 0 0 0 0 0 0 0 0 1 0 0 0 0 0 0 0 0 0 1 6 0 140010 0 0 0 0 0 0 0 5 0 0 0 4
270 GCT 0 0 0 0 0 0 0 22 0 0 0 0 0 0 0 0 0 0 0 0 0 0 0 0 0 0 0 0 0 0 0 0 0 0 0 0 11 18 19 137035 0 4 0 5 0 0 0 5 0 0 0 0 0 3 0 1 0 0 0 0 0 0 0 0
271 TTC 0 0 0 0 0 0 0 0 0 0 0 0 0 3 0 0 0 4 0 0 0 0 0 0 0 0 0 0 0 10 0 0 0 0 0 0 0 0 0 0 0 0 0 0 0 2 0 0 0 2 0 1 0 13 0 0 0 0 2 0 3 137167 2 44
272 GCA 0 0 0 0 28 0 2 2 0 0 0 1 0 0 0 4 6 2 0 0 0 0 0 0 0 2 0 0 3 0 0 0 5 0 10 0 139532 5 10 1 0 0 4 15 13 1 0 1 0 0 0 0 15 1 0 0 0 0 0 0 5 0 0 0
273 CTG 0 0 0 0 0 0 0 0 0 0 0 0 48 0 11 9 0 0 1 0 0 0 46 0 0 0 6 0 22 0 139638 7 0 0 0 0 0 0 0 1 0 0 0 0 19 0 20 16 0 0 0 0 0 0 0 0 0 0 0 0 2 0 22 0
274 AGT 5 25 5 37 4 9 13 10 15 7 0 140016 20 7 17 13 2 0 0 3 0 0 0 0 1 0 2 5 0 1 0 3 0 6 6 0 0 14 1 1 10 21 0 15 1 15 2 1 0 9 0 0 22 2 7 0 0 2 4 4 1 0 1 0
275 AGA 8 0 0 0 0 0 0 0 139937 2 49 0 3 0 0 0 0 1 0 0 0 0 0 0 16 0 3 1 0 0 0 0 0 0 0 0 0 0 0 0 9 0 0 0 0 0 0 0 0 0 0 0 0 0 0 0 0 0 0 0 0 1 0 0
276 GGG 0 2 0 20 0 4 0 2 0 1 26 4 0 0 0 0 1 2 1 16 0 0 0 0 4 0 1 0 0 3 0 0 7 1 16 6 1 3 2 5 58 13 139740 16 0 2 0 0 0 0 0 0 6 5 13 4 0 1 13 0 0 0 1 0
277 TTT 15 1 6 5 10 1 5 10 5 8 34 2 19 6 6 1 21 13 1 5 0 0 2 3 0 0 0 0 21 0 2 37 10 6 1 0 1 7 62 0 0 0 0 0 5 0 22 7 0 1 0 3 4 35 5 20 0 0 4 0 15 45 13 139558
278 GAG 0 15 50 2 1 5 0 7 0 0 1 1 0 1 0 24 5 0 2 3 9 1 0 3 0 1 1 1 20 1 1 1 41 3 137550 10 0 6 2 0 6 1 35 14 4 0 4 6 0 10 2 8 0 1 8 4 0 0 6 0 18 3 0 1
279 TCC 0 0 0 0 0 0 0 0 0 0 0 0 0 0 0 0 0 0 0 1 0 11 0 0 1 0 0 0 0 0 0 0 0 0 0 0 0 5 0 0 0 1 0 0 0 0 0 0 0 1 0 0 12 136146 13 32 0 1 0 0 0 2 0 0
280 GGC 0 0 0 0 0 0 1 0 0 40 0 0 0 0 0 0 0 0 0 0 0 0 0 0 0 0 0 0 0 0 0 0 0 19 0 0 0 0 0 0 3 139264 9 24 0 1 0 0 0 0 0 0 1 0 5 0 0 1 0 0 0 0 0 0
281 ATC 0 1 0 0 0 16 0 0 0 0 0 0 10 139910 0 14 0 0 0 0 0 0 0 0 0 0 0 0 0 1 0 0 0 0 0 0 0 0 0 0 0 0 0 0 5 4 0 1 0 0 0 0 0 0 0 0 0 0 0 0 0 9 0 1
282 ATC 0 0 0 0 0 14 0 0 0 0 0 0 1 139709 1 16 0 0 0 0 0 0 0 0 0 0 0 0 3 2 0 4 0 0 0 0 0 0 0 0 0 0 0 0 4 11 2 0 0 0 0 0 0 0 0 0 0 0 0 0 0 7 0 0
283 ACC 2 3 4 0 24 139548 2 17 0 3 5 11 0 12 11 0 0 0 6 0 0 3 0 0 0 1 1 3 9 0 3 8 0 0 2 0 1 15 1 0 0 0 0 0 9 0 1 8 0 0 0 13 1 8 2 0 0 4 4 4 14 0 34 0
284 TCA 0 0 0 0 8 8 6 5 0 0 0 5 0 0 0 0 0 0 0 0 26 0 0 0 0 0 0 0 0 0 0 0 0 0 0 0 0 0 0 0 0 0 0 0 0 0 0 0 3 0 0 0 136597 12 15 18 0 0 0 0 2 0 0 0
285 AAC 4 134065 0 75 2 30 22 3 1 11 0 18 0 2 0 0 0 4 0 0 0 0 0 0 0 0 0 0 3 0 0 0 22 15 1 0 0 0 0 0 0 0 3 1 0 2 0 0 0 2 0 0 2 2 0 1 0 0 0 0 2 0 1 0
286 GCG 7 0 1 3 0 7 20 9 3 0 0 0 16 0 0 1 2 0 0 4 0 0 0 0 0 7 0 0 0 28 0 2 0 0 4 0 64 55 171510 7 0 0 1 2 0 0 15 0 0 0 0 0 0 0 16 0 0 0 0 0 23 0 0 0
287 TCA 0 0 0 0 4 0 0 2 0 0 0 0 0 0 0 0 1 4 3 0 34 11 0 2 0 0 0 0 0 0 0 0 0 0 6 6 11 0 0 0 0 0 0 0 0 0 0 0 1 0 0 1 172455 0 19 2 0 0 0 0 5 0 0 0
288 ATG 0 0 3 0 4 8 28 7 0 0 1 0 57 1 173322 2 0 0 0 1 0 3 1 0 0 0 0 3 0 0 3 6 0 0 0 0 0 0 0 0 0 0 0 0 3 0 11 0 0 0 0 5 2 0 0 0 0 1 0 0 0 6 17 0
289 CAT 0 3 0 10 0 20 0 4 0 0 0 4 0 0 0 0 5 9 5 173064 0 0 0 2 0 0 0 9 0 0 0 4 0 0 0 6 2 0 1 2 0 0 47 0 0 0 7 5 0 0 0 54 9 1 1 0 0 0 0 0 0 5 0 0
290 GAG 0 3 9 0 0 0 0 1 0 5 0 0 0 0 3 0 0 0 5 0 11 4 0 0 0 0 0 0 1 1 0 0 30 10 173206 20 1 0 1 0 0 2 17 0 0 0 0 0 0 0 2 0 0 2 0 0 0 0 0 0 2 0 0 2
291 TGT 0 0 0 0 0 0 0 0 0 0 0 0 0 0 0 0 0 0 0 0 0 0 0 0 0 0 0 3 0 0 0 0 0 0 0 0 0 0 0 0 0 0 0 2 0 0 0 0 0 0 0 23 0 0 0 0 0 39 1 170816 0 0 0 4
292 AAC 2 173159 1 15 5 10 0 0 0 35 0 4 2 3 0 0 1 18 0 0 0 0 0 0 0 0 0 0 0 0 0 0 5 35 0 0 0 0 0 0 0 0 0 0 4 0 0 0 0 2 0 0 4 63 0 17 0 0 0 0 0 0 0 0
293 ACG 0 0 3 0 38 1 172852 15 0 0 0 0 0 0 8 0 0 0 0 0 0 0 2 0 0 0 0 0 0 0 0 0 0 0 0 0 4 0 30 0 0 0 0 0 0 0 0 0 0 0 0 0 0 4 0 0 0 0 0 0 0 0 0 0
294 AAG 75 3 171566 21 0 6 13 3 1 3 21 0 0 0 4 8 0 0 3 11 0 0 0 0 4 1 2 11 1 26 7 12 0 0 45 5 0 0 1 0 0 0 0 6 0 5 1 0 0 0 0 0 1 39 16 0 0 0 0 0 0 7 17 3
295 TGT 0 0 0 0 0 0 0 0 0 0 0 0 0 0 0 0 0 0 0 0 0 0 0 0 0 0 0 1 0 0 0 0 0 0 0 0 0 0 0 0 0 0 0 0 0 0 0 0 0 0 0 10 0 0 0 2 1 34 1 173297 0 0 0 8
296 CAA 0 0 0 0 0 0 0 0 0 0 0 0 0 0 0 1 173370 1 20 0 0 0 0 0 33 0 0 0 1 0 0 0 0 0 0 0 0 0 0 0 0 0 0 0 0 0 0 0 8 0 0 0 0 0 0 0 0 0 0 0 0 0 0 0
297 ACA 0 0 0 0 171961 13 7 0 4 0 0 0 8 0 0 0 0 0 0 0 4 0 0 0 0 0 0 0 0 0 0 0 0 0 0 0 23 0 0 0 0 0 0 0 0 0 0 0 0 0 0 0 30 0 0 1 0 0 0 0 0 0 0 0
298 CCC 0 0 0 0 0 4 0 0 0 0 0 0 0 0 0 0 0 3 0 0 5 172707 8 12 0 0 0 0 0 6 0 0 0 0 0 0 0 3 0 0 0 0 0 0 0 0 0 0 0 0 0 0 0 10 0 0 0 0 0 0 0 0 0 0
299 CAG 0 0 6 12 0 1 0 9 0 13 0 20 1 3 0 2 14 0 171666 38 1 7 26 1 0 13 47 7 1 0 4 6 5 19 4 95 0 0 0 1 0 0 0 0 0 0 0 2 0 0 5 23 2 0 0 7 0 0 6 5 0 0 0 9
300 GGA 0 0 0 0 0 0 0 0 7 0 0 0 0 0 0 0 0 0 0 0 0 0 0 0 0 0 0 0 0 0 0 0 4 0 0 0 1 0 0 0 173669 3 18 2 4 0 0 0 0 0 0 0 0 0 0 0 3 0 0 0 0 0 0 0
301 GCT 0 0 0 0 0 0 1 14 0 4 0 1 0 0 0 0 0 0 0 0 0 0 0 1 0 0 0 0 0 0 0 0 0 0 0 2 2 44 3 173410 0 0 0 0 0 0 0 29 0 0 0 0 0 1 2 1 0 0 0 0 0 0 0 0
302 ATA 1 0 0 0 11 0 0 0 0 0 0 0 173851 5 9 0 0 0 0 0 0 0 0 0 0 0 0 0 1 0 2 0 0 0 0 0 0 0 0 0 0 0 0 0 12 0 0 0 0 0 0 0 0 0 0 0 0 0 0 0 2 0 0 0
303 AAC 6 172864 1 15 3 15 3 0 0 10 0 0 0 1 21 2 1 2 0 1 2 0 0 0 0 0 0 0 0 0 14 0 29 17 2 21 8 2 0 0 0 0 1 0 16 1 0 8 0 0 0 0 0 1 1 3 0 0 1 0 1 0 22 5
304 AGC 0 42 0 0 0 1 0 0 2 172971 1 50 0 5 0 0 0 0 0 0 0 0 0 0 0 1 0 0 0 0 0 0 0 0 0 0 0 0 0 0 15 7 1 0 0 0 0 0 0 0 0 0 3 0 0 0 0 0 0 0 0 0 0 0
305 AAT 1 17 1 170802 0 0 0 2 1 1 0 17 0 0 4 1 0 0 0 3 0 0 0 0 0 5 0 11 0 0 0 1 0 0 0 11 2 0 3 7 2 0 0 0 0 0 0 0 0 0 0 4 0 0 0 2 0 0 0 0 0 0 0 0
306 CTC 29 0 2 0 0 0 0 3 4 0 2 0 0 3 0 0 0 24 0 0 0 26 0 0 0 0 16 0 47 172556 1 8 0 0 0 0 16 4 0 1 0 0 0 0 0 0 1 0 0 0 0 0 0 0 11 0 0 0 0 4 4 22 1 0
307 CCT 0 0 0 0 0 0 0 0 0 0 0 0 0 0 0 0 0 0 0 7 9 31 19 173655 0 0 0 0 0 0 0 7 0 0 0 0 0 0 0 0 0 0 0 0 0 0 0 0 0 0 0 0 0 0 0 4 0 0 0 0 0 0 0 0
308 TTC 0 0 0 0 0 0 0 0 0 0 0 0 0 2 0 0 0 0 0 0 0 0 0 0 0 0 0 0 0 12 0 0 0 0 0 0 0 0 0 0 0 0 0 0 0 1 0 0 0 3 0 0 0 22 0 0 0 0 0 0 3 172901 1 25
309 CAG 0 0 2 0 0 0 0 0 0 0 0 0 0 0 0 0 42 0 172930 9 0 0 2 0 0 0 36 0 0 0 1 0 0 0 0 0 0 0 0 0 0 0 0 0 0 0 0 0 0 0 5 0 0 0 0 0 0 0 0 0 0 0 0 0
310 AAT 1 19 0 173668 0 0 0 3 0 0 0 7 0 0 0 0 0 0 0 0 0 0 0 0 0 0 0 0 0 0 0 0 0 0 0 12 0 0 0 0 0 0 0 0 0 0 0 0 0 0 0 0 0 0 0 0 0 0 0 0 0 0 0 0
311 ATA 0 0 0 0 13 0 0 0 0 0 0 0 173498 2 16 14 0 0 0 0 0 0 0 0 0 0 0 0 2 0 0 0 0 0 0 0 0 0 0 0 0 0 0 0 33 0 1 0 0 0 0 0 0 0 0 0 0 0 0 0 1 0 0 0
312 CAC 0 5 0 0 21 0 2 0 0 10 0 0 0 0 0 0 0 173132 1 22 0 4 0 0 0 9 0 0 0 1 0 0 0 5 0 1 3 0 2 22 6 1 2 0 0 0 0 0 0 37 0 0 3 1 8 8 0 0 0 0 0 0 0 0
313 CCA 0 0 0 0 1 0 0 0 0 2 0 0 0 0 0 0 2 0 0 3 173341 20 15 8 0 5 2 0 8 0 0 0 0 0 0 0 8 1 0 0 0 0 0 0 0 0 0 0 0 0 0 0 16 0 0 0 0 0 2 0 0 0 0 0
314 GTC 0 1 0 0 1 0 0 0 10 3 1 8 21 8 5 0 7 2 0 10 0 0 0 0 0 4 0 5 0 0 0 2 0 4 0 0 5 16 0 0 0 2 0 0 14 171136 3 27 0 9 0 23 7 1 2 1 0 0 1 0 0 20 0 0
315 ACA 4 0 0 0 172951 28 24 14 1 0 0 8 7 0 0 0 0 3 0 0 1 0 0 0 3 0 0 0 0 0 0 0 0 0 0 0 13 0 3 3 9 0 0 5 3 0 7 3 0 0 0 0 10 0 1 0 0 3 0 2 0 3 0 2
316 ATA 2 0 0 0 4 0 0 0 0 0 0 0 172734 12 23 8 0 0 0 0 0 0 0 0 0 0 0 0 2 0 0 0 0 0 0 0 0 0 0 0 0 0 0 0 7 0 0 0 0 0 0 0 0 0 0 0 1 0 0 0 5 0 0 0
317 GGA 0 0 0 0 0 0 0 0 6 0 0 0 0 0 0 0 0 0 0 0 0 0 0 0 0 0 0 0 0 0 0 0 7 0 0 0 1 0 0 0 172886 0 45 16 1 0 0 0 0 0 0 0 0 0 0 0 1 0 0 0 0 0 0 0
318 GAG 1 0 12 0 5 11 1 0 0 2 0 4 0 0 11 0 14 2 4 0 0 0 0 0 1 0 5 3 0 0 0 0 43 2 172565 1 5 3 0 3 0 0 9 0 0 0 9 2 0 1 4 0 21 10 1 6 0 0 0 0 0 0 2 0
319 TGC 0 0 0 0 0 0 0 0 0 1 0 0 0 0 0 0 0 0 0 0 0 0 0 0 0 1 0 0 0 0 0 0 0 0 0 0 0 0 0 0 0 0 0 0 0 0 0 0 0 68 0 0 0 0 0 0 1 172304 2 54 0 0 0 7
320 CCA 0 0 0 0 3 0 0 0 0 0 0 0 0 0 0 0 2 0 0 0 172725 20 7 37 0 0 0 0 6 0 0 0 0 0 0 0 0 0 0 0 0 0 0 0 0 0 0 0 0 0 0 0 8 0 0 0 0 0 0 0 0 0 0 0
321 AAA 171937 0 12 2 7 38 0 9 30 0 0 0 7 0 0 3 4 0 0 2 0 0 0 0 20 0 6 1 1 3 2 2 6 0 0 0 0 0 0 0 0 0 0 0 0 1 1 0 0 0 0 0 4 5 0 0 0 0 0 0 3 0 0 0
322 TAT 0 0 0 2 0 0 0 0 0 0 0 0 0 0 0 0 0 0 0 11 0 0 0 0 0 0 0 0 0 0 0 0 0 0 0 3 0 0 0 0 0 0 0 0 0 0 0 0 5 18 2 173658 0 0 0 0 0 0 0 21 0 5 0 31
323 GTC 0 0 0 0 0 0 0 0 0 0 0 0 6 127 1 0 0 0 0 0 0 0 0 0 0 0 0 0 0 0 1 0 0 7 0 0 0 11 0 0 0 0 0 0 12 171215 2 46 0 0 0 0 0 0 0 0 0 0 0 0 7 2 0 0
324 AGG 3 0 15 0 5 0 0 0 57 0 171192 5 0 0 4 0 0 0 0 2 0 0 0 0 8 27 39 1 0 6 0 0 0 0 0 0 0 1 0 0 0 0 25 0 0 0 0 0 0 0 0 0 0 0 0 0 0 0 3 0 0 0 0 0
325 AGT 0 0 0 16 0 0 0 2 2 36 1 171491 0 0 0 2 0 0 0 0 0 0 0 0 0 0 0 0 0 0 0 0 0 0 0 0 0 0 0 0 0 0 0 10 0 0 0 0 0 0 0 0 12 0 12 0 0 0 0 0 0 0 0 0
326 ACC 3 3 0 0 4 144093 5 14 2 2 1 5 0 17 0 0 0 0 0 0 1 45 1 0 0 2 0 0 0 5 0 0 0 0 1 0 1 61 0 0 1 3 1 0 3 0 0 0 0 0 0 0 0 11 0 1 0 0 0 0 0 4 0 0
327 AAA 171860 10 2 6 1 0 0 0 6 0 2 0 0 0 0 0 3 0 0 0 0 0 0 0 0 0 0 2 0 0 0 0 9 0 0 0 0 0 0 0 0 0 0 0 0 0 3 0 0 0 0 0 0 0 0 2 0 0 0 0 0 0 0 0
328 TTG 0 0 0 0 0 0 0 0 0 0 0 0 0 0 7 0 0 0 0 0 0 0 0 0 0 0 0 0 1 0 4 7 0 0 0 0 0 0 0 0 0 0 0 0 0 0 1 0 0 0 0 0 0 0 2 0 0 0 0 0 27 0 167779 2
329 AGG 0 0 10 0 0 4 1 0 66 0 160548 0 0 0 13 0 0 0 0 0 0 0 0 0 1 0 1 1 0 0 0 0 0 0 0 0 0 0 0 1 0 0 34 0 0 0 0 0 0 0 0 0 0 0 0 0 0 0 4 0 0 0 0 0
330 ATG 0 0 0 0 0 0 1 0 0 0 0 0 13 0 167325 2 0 0 0 0 0 0 0 0 0 0 0 0 0 0 3 0 0 0 0 0 0 0 0 0 0 0 0 0 0 0 16 0 0 0 0 0 0 0 0 0 0 0 0 0 0 0 1 0
331 GTT 0 0 0 0 0 0 0 0 0 0 0 0 1 0 0 24 0 0 0 0 0 0 0 0 0 0 0 0 0 0 0 0 0 0 0 0 0 0 0 5 0 0 0 1 0 15 19 161068 0 0 0 0 0 0 0 0 0 0 0 1 0 0 0 2
332 ACA 2 0 0 0 156212 13 56 14 3 0 0 0 26 0 0 0 0 0 0 0 0 0 0 0 0 0 0 0 0 0 0 0 0 0 0 0 15 0 0 0 0 0 0 0 0 0 0 0 0 0 0 0 0 0 0 0 0 0 0 0 0 0 0 0
333 GGA 0 0 0 0 0 0 0 0 1 0 0 0 0 0 0 0 0 0 0 0 0 0 0 0 0 0 0 0 0 0 0 0 17 0 0 0 0 0 0 0 143995 4 34 13 3 0 0 0 0 0 0 0 0 0 0 0 12 0 0 0 0 0 0 0
334 CTA 0 0 0 0 0 0 0 0 0 0 0 0 5 0 0 0 0 0 0 0 28 2 1 0 1 0 0 0 151132 2 7 18 0 0 0 0 0 0 0 0 0 0 0 0 0 0 0 0 0 0 0 0 0 0 0 0 0 0 0 0 5 0 0 0
335 AGA 8 0 0 0 0 0 0 0 150358 1 19 1 4 0 0 0 0 0 0 0 0 0 0 0 5 0 2 3 0 0 0 0 0 0 0 0 0 0 0 0 8 0 0 0 0 0 0 0 0 0 0 0 0 0 0 0 1 0 0 0 0 0 0 0
336 AAC 2 65395 0 7 0 1 0 0 0 2 0 0 0 0 0 0 0 0 0 0 0 0 0 0 0 0 0 0 0 0 0 0 0 3 0 0 0 0 0 0 0 0 0 0 0 0 0 0 0 0 0 0 0 0 0 0 0 0 0 0 0 0 0 0
337 ATC 9 11 0 7 0 28 0 0 5 2 2 2 5 66757 1 0 2 0 0 0 0 0 0 0 0 81 16 4 1 0 2 0 0 0 0 0 0 0 3 0 0 0 0 0 0 6 1 0 0 2 0 0 0 0 0 0 0 1 0 0 0 0 5 0
338 CCA 0 0 0 0 1 0 0 0 0 0 0 0 0 0 0 0 1 0 0 6 68709 7 3 1 1 0 0 0 0 0 0 0 0 0 0 0 3 0 0 2 1 0 0 0 0 0 0 0 0 0 0 0 1 0 0 0 0 0 0 0 0 0 0 0
339 TCC 0 0 0 0 1 2 0 3 2 1 0 0 4 1 0 0 0 0 1 0 0 9 0 0 0 0 0 0 0 2 0 0 0 0 0 0 4 14 0 4 0 0 1 1 0 0 5 0 0 1 0 0 11 65265 0 5 0 0 0 0 0 3 9 0
340 ATT 5 0 6 0 0 0 0 6 4 0 6 2 4 18 0 85376 0 0 0 0 0 0 0 0 5 0 0 1 0 4 0 0 0 0 0 0 0 0 0 0 0 0 0 0 0 0 0 7 0 0 0 0 0 0 0 0 0 0 0 0 0 0 0 0
341 CAA 0 0 1 0 0 0 0 0 0 0 0 0 0 0 0 0 65252 0 4 0 0 0 0 0 4 0 0 0 1 0 0 0 2 0 0 0 0 0 0 0 0 0 0 0 0 0 0 0 6 0 0 0 0 0 0 0 0 0 0 0 0 0 0 0
342 TAC 0 3 0 0 0 0 0 0 0 0 0 0 0 0 0 0 0 8 0 0 0 0 0 0 0 0 0 0 0 0 0 0 0 2 0 0 0 0 0 0 0 0 0 0 0 0 0 0 4 84597 1 12 0 1 0 0 0 9 0 0 0 0 0 0
343 AGA 14 0 0 0 0 0 0 0 115502 2 32 0 2 0 0 0 1 0 3 0 0 0 0 0 7 7 0 0 0 0 0 0 0 0 1 0 0 0 0 0 11 0 0 0 0 0 0 0 0 0 0 0 0 0 0 0 2 0 0 0 0 0 0 0
344 GGT 0 0 0 0 0 0 0 0 0 0 4 13 0 0 0 0 0 0 0 0 0 0 0 0 0 0 0 0 0 0 0 0 0 0 0 8 0 3 0 0 7 7 5 165056 0 1 0 2 0 0 0 0 0 0 0 0 0 0 0 5 0 0 0 0
345 CTA 0 0 0 0 0 0 0 0 0 0 0 0 12 0 0 2 0 0 0 0 17 0 0 0 0 0 0 0 153856 3 17 17 0 0 0 0 0 0 0 0 0 0 0 0 3 2 3 0 0 0 0 1 0 0 0 4 0 0 0 0 11 0 2 0
346 TTT 0 0 0 0 0 0 0 0 0 0 0 0 4 0 2 7 0 0 0 0 0 0 0 0 0 0 0 0 0 1 0 6 0 0 0 0 0 0 0 0 0 0 0 0 0 1 0 5 0 0 0 0 0 0 0 3 0 0 0 1 6 37 3 163665
347 GGA 0 0 0 0 0 0 0 0 11 0 0 0 0 0 2 0 3 0 0 0 0 0 0 0 4 0 0 0 1 2 0 4 7 0 0 0 0 0 0 0 166636 1 42 21 2 0 0 0 0 0 0 0 0 0 1 1 5 0 0 0 11 0 1 0
348 GCC 0 0 0 0 0 7 0 0 0 0 0 0 0 0 0 0 0 0 0 0 0 0 0 0 0 0 0 0 0 0 0 0 0 3 0 0 7 169058 17 1 0 1 0 0 0 38 0 0 0 0 0 0 0 3 0 0 0 0 0 0 0 0 0 0
349 ATT 0 0 0 1 0 0 0 7 0 0 0 1 7 10 1 169988 0 0 0 0 0 0 0 0 0 0 0 0 1 0 0 2 0 0 0 0 0 0 0 0 0 0 0 0 15 0 11 27 0 0 0 0 0 0 0 0 0 0 0 0 0 0 0 0
350 GCT 0 0 0 0 0 0 0 55 0 0 0 8 0 0 0 0 0 0 0 0 0 0 0 0 0 0 0 0 0 0 0 0 0 0 0 3 5 40 8 171217 0 0 0 0 0 0 0 14 0 0 0 0 0 3 0 8 0 0 0 0 0 0 0 0
351 GGT 0 0 0 0 0 0 0 0 0 0 0 6 0 0 0 0 0 0 0 0 0 0 0 0 0 0 0 0 0 0 0 0 0 0 0 10 0 0 0 0 3 18 49 165392 0 0 0 6 0 0 0 0 0 0 0 0 0 0 0 1 0 0 0 0
352 TTT 0 0 0 0 0 0 0 0 0 0 0 0 0 0 0 3 0 0 0 0 0 0 0 0 0 0 0 0 0 0 0 8 0 0 0 0 0 0 0 0 0 0 0 0 0 0 0 0 0 0 0 1 0 0 0 9 0 0 0 0 2 16 0 172228
353 ATT 0 0 0 1 0 0 0 4 0 0 0 1 3 16 0 172986 0 0 0 0 0 0 0 0 0 0 0 0 3 0 20 3 0 0 0 0 0 0 0 0 0 0 0 0 3 12 2 17 0 0 0 0 0 0 0 0 0 0 0 0 1 0 2 1
354 GAG 0 0 14 0 0 0 0 0 0 0 0 0 0 0 0 0 0 0 0 0 0 0 0 0 0 0 0 0 0 0 0 0 45 1 164821 13 0 0 2 0 0 0 22 0 0 0 5 0 0 0 3 0 0 0 0 0 0 0 0 0 0 0 0 0
355 GGG 0 0 0 0 0 0 0 0 0 0 20 0 0 0 0 0 0 0 0 0 0 0 0 0 0 0 1 0 0 0 0 0 0 0 13 0 0 0 0 0 60 24 170019 36 0 0 0 0 0 0 0 0 0 0 0 0 0 0 3 0 0 0 0 0
356 GGA 0 0 0 0 0 0 0 0 23 0 0 0 0 0 0 0 0 0 0 0 0 0 0 0 0 0 0 0 0 0 0 0 21 0 0 0 0 0 0 0 172354 3 282 5 6 0 0 0 0 0 0 0 0 0 0 0 0 0 0 0 0 0 0 0
357 TGG 0 0 0 0 0 0 0 0 0 0 1 0 0 0 0 0 0 0 0 0 0 0 0 0 0 0 2 0 0 0 0 0 0 0 0 0 1 0 0 0 0 0 0 0 0 0 0 0 0 0 35 0 0 0 0 0 21 0 173379 3 0 0 2 0
358 ACT 0 0 0 6 21 84 0 172234 0 1 0 0 1 12 0 5 0 2 0 0 0 2 0 8 0 0 0 0 23 1 1 0 0 0 0 0 0 0 0 20 0 0 0 0 0 0 0 1 0 0 0 0 0 1 0 0 0 0 0 0 10 0 0 0
359 GGA 0 0 0 0 0 0 0 0 20 0 0 0 0 0 0 0 3 0 0 0 0 0 0 0 0 0 0 0 0 0 0 0 28 0 0 0 0 0 0 0 172282 10 10 20 2 0 0 0 0 0 0 0 0 0 0 0 3 0 0 0 0 0 0 0
360 ATG 0 0 1 0 0 0 6 0 0 0 3 0 13 0 173041 1 0 0 0 0 0 0 0 0 0 0 0 0 11 12 19 9 0 0 0 0 0 0 0 0 0 0 0 0 0 0 8 0 0 0 0 0 0 0 0 0 0 0 0 0 2 0 3 0
361 ATA 95 0 57 0 10 0 0 0 0 0 0 0 173224 15 51 17 0 0 4 0 0 0 0 0 0 0 0 0 3 0 1 0 0 0 0 0 0 0 0 0 0 0 0 0 18 20 0 5 0 1 0 0 0 0 0 5 0 0 1 0 9 0 1 2
362 GAT 0 0 0 10 0 0 0 0 0 0 0 0 0 0 0 0 0 0 0 0 0 0 0 0 0 0 0 0 0 0 0 0 3 9 2 172701 0 0 0 1 0 0 0 4 0 0 0 1 0 0 0 2 0 0 0 0 0 0 0 0 0 0 0 0
363 GGA 0 0 0 0 0 0 0 0 10 0 0 0 0 0 0 0 0 0 0 0 0 0 0 0 0 0 0 0 0 0 0 0 10 0 0 0 0 0 0 0 172660 9 26 18 1 0 0 0 0 0 0 0 0 0 0 0 2 0 0 0 0 0 0 0
364 TGG 0 0 0 0 0 0 0 0 0 0 3 0 0 0 0 0 0 0 0 0 0 0 0 0 0 0 2 0 0 0 0 0 0 0 0 0 0 0 0 0 0 0 0 0 0 0 0 0 0 0 12 0 0 0 0 0 11 1 172754 0 0 0 7 0
365 TAT 0 0 0 2 0 0 0 0 0 0 0 0 0 0 0 0 0 0 0 15 0 0 0 0 0 0 0 0 0 0 0 0 0 0 0 0 0 0 0 0 0 0 0 0 0 0 0 0 0 3 2 173327 0 0 0 0 0 0 0 9 0 0 0 4
366 GGT 0 0 0 0 0 0 0 0 0 0 0 8 0 0 0 0 0 0 0 0 0 0 0 0 0 0 0 0 0 0 0 0 0 0 0 10 0 0 0 0 2 24 5 172642 0 0 0 2 0 0 0 0 0 0 0 0 0 0 0 1 0 0 0 0
367 TAT 0 0 0 0 0 0 0 0 0 0 0 0 0 0 0 0 0 0 0 14 0 0 0 0 0 0 0 0 0 0 0 0 0 0 0 0 0 0 0 0 0 0 0 0 0 0 0 0 4 8 0 173648 0 0 0 0 0 0 0 10 0 3 0 4
368 CAT 0 0 0 1 0 0 0 0 0 0 0 0 0 0 0 0 2 30 1 173266 0 0 0 0 9 0 0 9 1 0 4 1 0 0 0 0 0 1 0 0 1 0 0 0 0 0 0 0 0 4 0 16 0 0 0 0 0 0 0 0 1 0 1 9
369 CAT 0 0 0 2 0 0 0 1 0 0 0 0 1 1 5 2 3 37 4 173202 0 0 0 1 0 0 0 6 0 0 0 2 0 0 0 1 0 0 0 0 0 0 0 0 0 0 0 0 0 0 0 4 0 0 0 0 0 0 0 7 1 2 0 6
370 CAG 0 0 4 1 7 1 0 0 0 3 1 2 27 0 3 0 46 0 173495 8 0 0 1 0 0 0 30 1 9 2 2 0 0 0 6 0 0 0 0 0 0 0 0 0 20 17 3 5 0 0 11 0 7 10 2 0 0 0 3 1 1 0 1 2
371 AAT 0 10 0 173400 0 0 0 0 0 0 0 7 0 0 0 0 0 0 0 1 0 0 0 0 0 0 0 0 0 0 0 0 0 0 0 9 0 0 0 0 0 0 0 0 0 0 0 0 0 0 0 1 0 0 0 0 0 0 0 0 0 0 0 0
372 GAA 13 0 0 0 0 0 0 0 0 0 0 0 0 0 0 0 0 0 0 0 0 0 0 0 0 0 0 0 0 0 0 0 173476 5 15 3 1 15 0 1 13 0 0 0 2 0 0 0 0 0 0 0 2 0 4 10 0 0 0 0 0 0 0 0
373 CAG 0 0 1 0 0 0 0 0 0 0 1 0 0 0 0 0 22 0 173066 10 0 0 3 0 0 0 27 0 0 0 3 0 0 4 3 0 0 0 1 0 0 0 1 0 0 0 0 0 0 0 25 0 0 0 0 0 0 0 0 0 0 0 2 0
374 GGA 0 0 0 0 0 0 0 0 15 0 0 0 0 2 0 0 0 0 0 0 0 0 0 0 1 0 0 0 0 0 0 0 16 0 0 0 1 0 0 0 173256 8 32 19 1 0 0 0 0 0 0 0 0 0 0 0 6 0 0 0 0 0 0 0
375 TCA 0 1 0 0 14 1 0 0 0 0 0 4 0 0 11 0 0 0 0 2 8 0 0 0 0 0 0 0 0 0 0 0 2 0 0 3 4 0 0 0 0 0 0 0 0 1 0 0 1 0 0 0 173251 5 138 3 1 0 0 0 38 0 0 0
376 GGC 0 0 0 0 0 0 0 0 0 25 0 0 0 0 0 0 0 0 0 0 0 0 0 0 0 1 0 0 0 0 0 0 0 14 0 0 0 2 0 0 26 172944 1 21 0 0 0 0 0 0 0 2 1 0 0 0 0 12 0 0 0 0 0 0
377 TAT 0 0 0 3 0 0 0 0 0 0 0 0 0 0 0 0 0 0 0 12 0 0 0 0 0 0 0 0 0 0 0 0 0 0 0 1 0 0 0 0 0 0 0 0 0 0 0 0 0 4 2 173329 4 0 0 0 0 0 0 10 0 0 0 17
378 GCA 0 0 0 0 35 0 0 0 0 0 0 1 0 0 0 0 0 0 0 0 0 0 0 0 0 0 0 0 0 0 0 0 0 0 0 0 171128 5 17 21 1 0 0 0 107 0 0 0 0 0 0 0 2 5 0 0 0 8 0 0 0 1 0 1
379 GCG 0 0 0 0 0 0 13 0 0 0 0 0 0 0 0 0 0 0 0 0 0 0 0 0 0 0 0 0 0 0 0 0 0 0 1 0 45 2 172666 28 0 0 9 0 0 0 53 0 0 0 0 0 0 0 1 0 0 0 0 0 0 0 0 0
380 GAT 0 0 0 8 0 0 0 0 0 0 0 0 0 0 0 0 0 0 0 0 0 0 0 0 0 0 0 0 0 0 0 0 2 25 1 173086 0 0 0 0 0 0 0 17 0 0 0 0 0 0 0 1 0 0 0 0 0 0 0 0 0 0 0 0
381 CAA 10 0 2 1 0 0 0 0 0 0 0 0 0 0 2 9 118343 2 14 5 0 0 0 0 20 0 2 10 4 4 4 0 0 0 0 0 3 3 0 1 0 0 0 0 12 0 13 3 3 1 0 2 0 0 0 0 0 0 1 0 1 0 1 0
382 AAA 119130 2 18 0 13 0 0 2 10 1 5 0 3 1 0 2 6 1 0 0 0 0 0 0 2 2 2 3 1 0 0 0 7 0 2 0 0 19 1 0 0 0 0 0 0 0 1 2 0 0 0 1 0 0 5 10 0 0 0 0 2 0 0 0
383 AGC 0 37 0 0 0 5 0 0 2 118867 2 59 0 2 0 0 0 0 0 0 0 0 0 0 0 3 0 0 0 0 0 0 0 0 0 0 1 0 0 0 0 36 0 0 0 0 0 0 0 0 0 0 0 8 0 7 0 1 0 0 0 0 0 0
384 ACA 1 0 0 0 119472 16 14 6 0 0 0 0 1 0 0 0 0 0 0 0 0 0 0 0 0 0 0 0 0 0 0 0 0 0 0 0 2 0 0 0 0 0 0 0 0 0 0 0 0 0 0 0 0 0 0 0 0 0 0 0 0 0 0 0
385 CAA 1 0 0 0 0 0 0 0 0 0 0 0 0 0 0 0 119166 0 8 0 1 0 0 0 4 0 0 0 2 0 0 0 2 0 0 0 2 0 0 4 0 0 0 0 0 0 0 0 3 0 0 0 0 0 0 0 0 0 0 0 0 0 0 0
386 AAT 78 7 12 119169 0 0 1 2 15 1 33 10 2 0 0 15 14 0 39 2 0 0 0 0 14 0 6 1 0 0 1 0 1 0 0 2 0 4 0 0 0 0 0 0 0 0 4 0 0 0 0 0 0 2 5 20 0 0 0 0 8 4 0 0
387 GCC 0 0 0 0 0 9 0 0 0 0 0 0 0 0 0 0 0 0 0 0 0 1 0 0 0 0 0 0 0 0 0 0 0 2 0 0 3 117483 48 4 0 1 0 0 0 28 0 0 0 0 0 0 0 1 0 0 0 0 0 0 0 0 0 0
388 ATT 0 0 0 1 0 0 0 2 0 0 0 1 0 16 1 119103 0 0 0 0 0 0 0 0 0 0 0 0 0 0 1 3 0 0 0 0 0 0 0 0 0 0 0 0 1 4 0 11 0 0 0 0 0 0 0 0 0 0 0 0 0 0 2 1
389 AAC 2 119029 3 29 3 3 1 3 0 8 0 0 1 0 0 0 0 3 0 0 0 0 0 0 0 1 0 2 0 0 0 0 1 20 0 1 3 1 0 0 0 0 0 0 0 0 0 0 0 0 0 0 1 0 0 3 0 0 0 0 0 0 0 0
390 GGG 12 0 17 0 5 19 3 0 150 46 61 2 8 19 4 1 0 2 1 6 0 0 0 0 0 4 78 91 12 2 213 45 0 0 12 0 2 0 2 0 17 3 117276 1 0 25 7 15 0 0 0 0 38 10 184 1 0 11 11 7 24 4 23 6
391 ATT 0 0 0 2 0 0 0 2 0 0 0 1 52 23 3 118985 0 0 0 0 0 0 0 0 0 0 0 0 0 0 0 1 0 0 0 0 0 0 0 0 0 0 0 0 0 0 5 17 0 0 0 0 0 0 0 0 0 0 0 0 0 0 0 1
392 ACA 0 0 0 1 119370 9 8 2 0 0 3 0 5 0 0 0 0 2 0 3 1 0 0 0 0 0 0 0 0 0 0 0 0 0 0 0 31 2 0 0 0 0 0 0 0 0 0 0 0 0 0 0 4 0 0 5 0 0 0 0 0 0 0 0
393 AAC 1 118096 2 6 0 10 0 16 0 6 0 0 0 0 0 0 3 5 0 1 0 0 0 0 0 0 0 0 0 0 0 0 0 6 0 0 0 0 0 0 0 0 0 0 0 0 0 0 0 1 0 0 0 0 0 0 23 0 0 0 0 0 0 0
394 AAG 15 0 119085 9 0 0 1 0 0 0 10 0 0 0 2 0 0 0 1 0 0 0 0 0 0 0 0 1 0 0 0 0 0 0 7 0 0 0 0 0 0 0 0 0 0 0 0 0 0 0 0 0 0 0 0 0 0 0 0 0 0 0 0 0
395 GTG 0 0 0 0 0 0 0 0 0 0 0 0 2 0 9 4 0 0 0 0 0 0 0 0 0 0 0 0 0 0 0 0 0 0 0 0 0 0 2 0 0 0 0 0 17 4 119161 20 0 0 0 0 0 0 0 0 0 0 0 0 0 0 1 0
396 AAC 2 119751 0 9 0 4 0 0 0 8 0 0 0 0 0 0 0 0 0 0 0 0 0 0 1 0 0 0 0 0 0 0 0 5 0 0 0 0 0 0 0 0 0 0 0 0 0 0 0 1 0 0 0 0 0 0 0 0 0 0 0 0 0 0
397 TCT 0 4 0 5 0 0 0 0 0 0 0 0 0 0 0 0 0 0 4 0 0 0 0 4 0 0 0 0 0 0 0 0 0 0 0 0 0 17 0 2 0 0 0 0 0 0 0 0 0 0 0 3 0 26 1 119512 0 0 0 0 0 0 0 3
398 GTT 0 0 0 0 0 0 0 0 0 0 0 0 1 0 0 23 0 0 0 0 0 0 0 0 0 0 0 0 0 0 2 0 0 0 0 1 0 0 0 8 0 0 0 1 2 8 8 119368 0 0 0 0 0 0 0 0 0 0 0 0 0 1 1 0
399 ATC 0 1 0 0 0 3 0 0 0 0 0 0 12 119240 0 33 0 0 0 0 0 0 0 0 0 0 0 0 0 2 0 0 0 0 0 0 0 0 0 0 0 0 0 0 0 11 4 0 0 0 0 0 0 0 0 0 0 0 0 0 0 0 0 0
400 GAG 0 0 24 0 2 0 0 0 0 1 0 1 0 0 0 0 0 0 1 1 0 0 0 0 0 0 0 0 0 0 0 0 12 1 119025 9 0 0 1 0 0 0 10 0 0 0 1 0 0 0 2 0 0 0 2 0 0 0 0 0 0 0 0 0
401 AAA 117038 0 19 0 5 0 0 0 14 0 4 0 1 0 1 5 0 0 0 0 0 0 0 0 0 0 0 1 0 0 0 0 8 0 0 0 0 0 3 1 0 0 0 0 2 0 7 0 0 0 0 0 0 0 0 0 0 0 0 0 0 0 0 0
402 ATG 0 0 1 0 0 0 3 0 0 0 0 0 6 0 119149 3 0 0 0 0 0 0 0 0 0 0 0 0 3 1 5 0 0 0 0 0 0 0 0 0 0 0 0 0 0 2 1 0 0 0 0 0 0 0 0 0 0 0 0 0 3 0 1 4
403 AAC 8 119500 5 25 0 2 0 0 0 7 0 0 0 0 0 0 0 0 0 1 0 0 0 0 0 0 0 0 0 0 0 0 0 15 0 0 0 0 0 1 0 1 0 3 0 0 0 0 0 1 0 0 0 2 0 0 0 0 0 0 0 0 0 0
404 ACT 3 6 0 4 2 32 6 118865 3 3 1 4 0 0 0 8 1 0 0 1 0 0 0 2 4 0 0 1 2 11 0 12 0 0 0 0 8 1 0 2 4 1 0 9 1 0 1 4 0 0 0 0 4 0 31 2 0 0 0 0 2 0 0 3
405 CAA 2 0 0 0 0 0 0 0 0 0 3 0 0 0 0 0 119188 12 26 2 3 0 0 0 33 0 0 0 0 0 0 0 1 0 2 0 6 1 0 5 5 0 5 3 3 0 0 0 8 0 0 0 0 0 0 0 0 1 0 0 0 0 0 0
406 TTC 0 1 0 0 0 0 0 0 0 0 0 0 0 1 0 0 0 0 0 0 0 0 0 0 0 0 0 0 0 11 0 8 0 0 0 0 0 0 0 0 0 0 2 0 0 2 0 0 0 9 0 0 0 5 0 0 0 0 5 0 13 119160 1 8
407 ACA 8 0 0 1 119409 9 27 13 4 5 4 9 14 0 0 0 3 0 0 0 1 0 0 0 0 1 0 13 0 0 0 0 0 0 0 0 7 1 1 0 0 0 0 0 0 0 1 0 0 0 0 0 0 0 0 0 0 0 0 0 0 0 0 0
408 GCT 0 0 0 1 1 3 0 17 0 0 0 3 4 0 0 2 0 0 0 0 0 0 0 0 0 1 5 2 0 5 0 1 0 0 0 10 5 32 25 119129 0 0 0 1 0 0 0 8 0 1 0 11 4 0 4 4 0 0 0 0 0 1 0 1
409 GTG 0 0 0 0 1 0 1 0 0 1 0 0 3 0 15 0 0 0 0 0 0 0 0 0 0 1 0 0 0 1 6 0 0 0 0 0 0 0 2 0 1 0 4 0 27 13 119175 15 0 0 0 0 0 1 1 1 0 1 0 0 0 0 5 0
410 GGT 0 1 0 0 0 0 0 0 0 0 0 60 0 0 0 0 0 0 1 0 0 0 0 0 0 0 1 1 0 0 0 0 0 1 0 52 0 1 0 1 1 25 14 115168 0 0 2 5 0 0 0 0 0 4 0 0 0 0 0 0 0 0 0 0
411 AAA 119422 4 27 2 2 0 0 0 6 0 0 0 0 0 0 0 1 1 0 0 0 0 0 0 0 0 0 0 0 0 0 0 7 0 0 0 0 0 0 0 3 1 1 0 9 0 0 0 1 0 0 0 0 0 0 0 0 0 0 0 0 0 0 0
412 GAA 12 0 0 0 0 6 0 2 0 8 8 0 3 4 0 0 0 0 0 0 0 0 0 0 0 0 0 0 8 0 0 1 119006 6 15 1 6 5 2 1 7 0 3 0 1 0 2 5 1 0 0 0 2 2 0 0 0 0 2 0 2 0 0 3
413 TTC 0 0 0 0 0 0 0 0 0 0 0 0 0 3 0 0 0 0 0 0 0 0 0 0 0 0 0 0 0 5 0 0 0 0 0 0 0 0 0 0 0 0 0 0 0 0 0 0 0 1 0 0 0 3 0 0 0 0 5 0 0 118640 1 9
414 AAC 3 118775 2 7 0 2 0 1 0 28 0 0 0 0 0 0 0 1 0 0 0 0 0 0 0 0 0 0 0 0 0 0 0 9 0 0 1 2 1 1 13 8 3 17 0 0 0 0 0 1 0 0 2 0 1 1 0 0 0 0 0 0 0 0
415 AAC 6 119045 0 10 0 3 0 8 1 16 5 1 5 39 2 0 0 3 0 0 0 0 0 0 5 0 0 0 0 6 0 0 0 5 0 0 2 0 3 15 0 1 5 0 5 1 8 0 0 6 0 1 5 1 1 0 0 0 2 2 1 5 0 2
416 TTA 0 0 0 0 0 0 0 0 0 0 0 0 0 0 1 0 0 0 0 0 0 0 0 0 0 0 0 0 5 18 0 0 0 0 0 0 0 0 0 0 0 0 0 0 1 0 0 0 0 0 0 0 6 0 0 0 1 0 0 0 118678 1 30 1
417 GAA 7 0 0 0 0 0 0 0 0 0 0 0 0 0 0 0 0 0 0 0 0 0 0 0 0 0 0 0 0 0 0 0 119182 1 7 0 0 0 0 0 9 0 0 0 0 0 0 0 2 0 0 0 0 0 0 0 0 0 0 0 0 0 0 0
418 AAA 119523 3 19 0 0 0 0 0 3 0 0 0 0 0 0 0 2 0 0 0 0 0 0 0 0 0 1 0 0 0 0 0 2 0 0 0 0 0 0 0 0 0 0 0 0 0 0 0 0 0 0 0 0 0 0 0 0 0 0 0 0 0 0 0
419 AGG 0 0 20 0 0 0 0 0 11 0 116348 3 0 0 14 0 0 0 0 0 0 0 0 0 0 0 39 0 0 0 0 0 0 0 0 0 0 0 0 0 0 0 122 0 0 0 0 0 0 0 0 0 0 0 0 0 0 0 0 0 0 0 0 0
420 ATG 0 0 0 0 0 0 3 0 0 0 0 0 11 0 118701 1 0 0 0 0 0 0 0 0 0 0 0 0 0 0 3 0 0 0 0 0 0 0 0 0 0 0 0 0 0 0 15 0 0 0 0 0 0 0 0 0 0 0 0 0 0 0 1 0
421 GAA 10 0 0 0 0 0 0 0 0 1 0 0 0 0 0 0 0 0 0 0 0 0 0 0 0 0 0 0 0 0 0 0 97562 26 33 9 0 0 0 0 15 0 0 0 0 0 0 0 1 0 0 0 0 0 18 0 0 0 0 0 0 0 0 0
422 AAT 0 6 1 118490 0 0 0 1 0 0 0 7 0 0 0 3 0 0 0 2 0 0 0 0 0 0 0 0 0 0 0 0 0 0 0 4 0 0 0 0 0 0 0 0 0 0 0 0 0 0 0 1 0 0 0 0 0 0 0 0 0 0 0 0
423 TTA 0 0 0 0 0 0 0 0 0 0 0 0 0 0 0 0 0 0 0 0 0 0 0 0 0 0 0 0 3 0 0 0 0 0 0 0 0 0 0 0 0 0 0 0 1 0 0 0 2 0 0 0 5 0 0 0 2 0 0 0 119134 0 32 0
424 AAT 0 17 0 115290 0 0 0 1 0 0 0 3 0 0 0 0 0 0 0 5 0 0 0 0 0 0 0 0 0 0 0 0 0 0 0 7 0 0 0 0 0 0 0 0 0 0 0 0 0 0 0 0 0 0 0 0 0 0 0 0 0 0 0 0
425 AAA 115979 5 28 1 1 0 0 0 3 0 0 0 0 0 0 0 5 0 3 0 0 0 0 0 0 1 0 6 0 0 0 0 3 0 0 0 0 0 0 0 0 0 0 0 0 0 0 0 0 0 0 0 0 0 0 0 0 0 0 0 0 0 0 0
426 AAA 115912 0 201 3 0 0 0 0 13 0 0 1 0 0 0 0 0 0 0 0 0 0 0 0 0 0 0 0 0 0 0 0 8 0 0 0 0 0 0 0 0 0 0 0 0 0 0 0 1 0 0 0 0 0 0 0 0 0 0 0 0 0 0 0
427 GTT 2 0 0 0 0 0 0 0 0 0 0 39 0 0 0 30 0 2 0 0 0 0 0 0 0 0 0 0 0 0 0 0 0 0 0 0 0 0 0 0 0 0 0 0 1 11 1 107749 0 0 0 0 0 0 0 0 1 0 0 0 0 0 106 1
428 GAT 2 2 0 10 0 0 0 0 0 0 0 0 0 0 110 0 0 0 0 0 0 0 0 0 0 0 0 0 0 0 0 0 4 9 0 110243 0 0 0 0 0 0 0 15 0 0 0 1 0 0 0 0 0 0 0 0 40 0 0 0 0 0 0 0
429 GAT 0 0 0 8 0 0 0 0 0 0 0 0 0 0 106 0 0 0 0 0 0 0 0 0 0 0 0 0 0 0 0 0 0 3 0 113194 0 0 0 1 0 0 0 11 0 0 0 3 0 0 0 1 0 0 0 0 40 0 0 0 0 0 0 0
430 GGG 0 0 0 0 0 0 0 0 0 0 4 0 0 0 0 0 0 0 0 0 0 0 0 0 0 0 0 0 0 0 0 0 0 0 7 0 0 0 0 0 18 3 68562 7 0 0 2 0 0 0 0 0 0 0 0 0 0 0 4 0 0 0 0 0
431 TTT 0 0 0 0 0 0 0 0 0 0 0 0 0 0 0 1 0 0 0 0 0 0 0 0 0 0 0 0 0 0 0 4 0 0 0 0 0 0 0 0 0 0 0 0 0 0 0 1 0 0 0 0 0 1 0 5 0 0 0 1 3 8 1 89724
432 CTG 0 0 0 0 0 0 0 0 0 0 0 0 0 0 3 0 1 0 0 0 0 0 17 0 0 0 0 0 8 0 55871 0 0 0 0 0 0 0 0 0 0 0 0 0 0 0 0 0 0 0 0 0 0 0 0 0 0 0 4 0 0 0 7 0
433 GAC 0 9 0 0 0 0 0 0 0 0 0 1 0 0 0 0 0 0 0 0 0 0 0 0 0 0 0 0 0 0 0 0 1 75678 1 9 0 2 0 0 0 3 0 0 0 1 0 0 0 0 0 0 0 0 0 0 0 0 0 0 0 0 0 0
434 ATT 0 0 0 0 0 0 0 3 0 0 0 2 0 4 3 96249 0 0 0 0 0 0 0 0 0 0 0 0 0 0 0 1 0 0 0 0 0 0 0 0 0 0 0 0 0 0 1 13 0 0 0 0 0 0 0 0 0 0 0 0 0 0 0 0
435 TGG 0 0 0 0 0 0 0 0 0 0 0 0 0 0 0 0 0 0 0 0 0 0 0 0 0 0 5 0 0 0 0 0 0 0 0 0 0 0 0 0 0 0 1 0 0 0 0 0 0 0 4 0 0 0 0 0 4 0 75284 1 0 0 1 0
436 ACA 1 0 0 0 87167 4 3 0 0 0 0 0 2 0 0 0 0 0 0 0 0 0 0 0 0 0 0 1 0 0 0 0 0 0 0 0 5 0 0 0 0 0 0 0 0 0 0 0 0 0 0 0 0 0 0 0 0 0 0 0 0 0 0 0
437 TAT 0 0 0 0 0 0 0 0 0 0 0 0 0 0 0 0 0 0 0 5 0 0 0 0 0 0 0 0 0 0 0 0 0 0 0 0 0 0 0 0 0 0 0 0 0 0 0 0 1 12 0 93115 0 0 0 2 0 0 0 9 0 0 0 0
438 AAT 1 8 0 114576 0 0 0 1 0 0 0 6 0 0 0 0 6 0 0 0 0 0 0 0 0 0 0 0 0 0 0 0 0 0 0 3 0 0 0 0 0 0 0 0 0 0 0 0 0 0 0 0 0 0 0 0 0 0 0 0 0 0 0 0
439 GCA 0 0 0 0 26 0 0 0 0 0 0 0 1 0 0 0 0 0 0 0 0 0 0 0 0 0 0 0 0 2 0 0 3 0 0 0 112116 0 7 4 2 0 0 0 13 0 3 0 0 0 0 0 1 0 0 0 0 0 0 0 0 0 0 0
440 GAA 6 0 0 0 0 0 0 0 0 0 0 0 0 0 0 0 0 0 0 0 0 0 0 0 0 0 0 0 0 0 0 0 115829 0 13 0 0 0 0 0 4 0 0 0 0 0 0 0 2 0 0 0 0 0 0 0 0 0 0 0 0 0 0 0
441 TTG 0 0 0 0 1 0 0 0 0 0 0 0 0 0 0 0 0 0 0 0 0 0 0 0 0 0 0 0 0 0 9 0 0 0 0 0 0 0 0 0 0 0 0 0 0 0 0 0 0 0 0 0 0 0 0 0 0 0 0 0 26 0 118360 2
442 TTA 0 0 0 0 0 0 0 0 0 0 0 0 2 6 0 0 0 0 0 0 0 0 0 0 0 0 0 0 10 0 0 3 0 0 0 0 0 0 0 0 0 0 0 0 0 0 0 1 2 0 0 0 4 0 0 0 2 0 0 0 117388 1 21 1
443 GTT 0 0 0 0 0 0 0 0 0 0 0 0 0 0 0 13 0 0 0 0 0 0 0 0 0 0 0 0 0 0 0 0 0 0 0 0 0 0 0 3 0 0 0 0 1 8 9 117112 0 0 0 0 0 0 0 0 0 0 0 0 0 0 0 8
444 CTA 0 0 0 0 0 0 0 0 0 0 0 0 2 0 0 0 0 0 0 0 9 0 0 0 2 0 0 0 117250 1 13 5 0 0 0 0 0 0 0 0 0 0 0 0 0 0 0 0 0 0 0 0 0 0 0 0 0 0 0 0 5 0 3 0
445 CTG 0 0 0 0 0 0 0 0 0 0 0 0 0 0 4 0 0 0 3 0 0 0 11 0 0 0 1 0 19 0 115828 2 0 0 0 0 0 0 0 0 0 0 0 0 0 0 0 0 0 0 0 0 0 0 0 0 0 0 0 0 12 0 3 0
446 GAA 9 0 0 0 0 0 0 0 0 0 0 0 0 0 0 0 0 0 0 0 0 0 0 0 0 0 0 0 0 0 0 0 118633 2 27 0 0 0 0 0 8 0 0 0 0 0 0 0 1 0 0 0 0 0 0 0 0 0 0 0 0 0 0 0
447 AAT 2 27 0 119525 0 0 0 2 0 0 0 4 0 0 0 0 0 0 0 0 0 0 0 0 0 0 0 0 0 0 0 0 0 0 0 3 0 0 0 0 0 0 0 0 0 0 0 0 0 0 0 1 0 0 0 0 0 0 0 0 0 0 0 0
448 GAA 5 0 0 0 0 0 0 0 0 0 0 0 0 0 0 0 1 0 0 0 0 0 0 0 0 0 0 0 0 0 0 0 118884 3 13 1 0 0 0 0 10 0 0 0 0 0 0 0 0 0 0 0 0 0 0 0 0 0 0 0 0 0 0 0
449 AGG 0 0 12 0 0 0 0 0 31 0 118523 1 0 0 4 0 0 0 0 0 0 0 0 0 15 0 10 0 0 0 0 0 0 0 0 0 0 0 0 0 0 0 24 0 0 0 0 0 0 0 0 0 0 0 0 0 0 0 2 0 0 0 0 0
450 ACT 0 0 0 0 2 16 3 119010 0 0 0 1 0 0 0 3 0 0 0 0 0 0 0 0 0 0 0 0 0 0 0 0 0 0 0 0 0 0 0 12 0 0 0 0 0 0 0 0 0 0 0 0 0 0 0 1 0 0 0 0 0 0 0 0
451 TTG 0 0 0 0 0 0 0 0 0 0 0 0 0 0 1 0 0 0 0 0 0 0 0 0 0 0 0 0 0 0 4 5 0 0 0 0 0 0 0 0 0 0 0 0 0 0 2 0 0 0 0 0 0 0 8 0 0 0 2 0 3 0 119217 1
452 GAT 0 0 0 3 0 0 1 0 0 0 0 0 0 0 0 0 0 0 0 0 0 0 0 0 0 0 0 0 0 0 0 0 2 14 2 118331 0 0 0 1 0 0 0 16 0 0 0 1 0 0 0 2 0 0 1 0 0 0 0 0 0 0 0 0
453 TTC 0 0 0 0 0 0 0 0 0 0 0 0 0 2 0 0 0 0 0 0 0 0 0 0 0 0 0 0 0 1 0 0 0 0 0 0 0 0 0 0 0 0 0 0 0 3 0 0 0 4 0 0 0 8 0 0 0 1 0 0 1 118376 0 12
454 CAT 0 0 0 10 0 0 0 0 0 0 0 0 0 0 0 0 4 8 1 118941 0 0 0 1 0 0 0 17 0 0 0 0 0 0 0 0 0 0 0 0 0 0 0 0 0 0 0 0 0 0 0 1 0 0 0 0 0 0 0 0 0 0 0 0
455 GAC 0 10 0 0 0 0 0 0 0 0 0 0 0 0 0 0 0 0 0 0 0 0 0 0 0 0 0 0 0 0 0 0 16 119383 0 22 0 2 0 0 0 10 0 0 0 0 0 0 0 2 0 0 0 0 0 0 0 0 0 0 0 0 0 0
456 TTA 0 0 0 1 2 1 7 0 0 0 6 0 5 0 0 0 0 0 0 0 2 0 0 0 0 0 1 3 23 1 0 0 0 0 0 0 0 0 0 0 0 1 1 0 8 0 4 4 0 0 0 0 17 0 0 0 0 0 0 1 118361 1 20 4
457 AAT 7 4 3 118844 0 0 0 3 0 0 0 3 0 0 0 0 0 0 0 1 0 0 0 0 0 0 0 0 0 0 0 0 0 0 0 1 0 0 0 0 0 0 0 0 0 0 0 0 0 0 0 0 0 0 0 0 0 0 0 0 0 0 0 0
458 GTG 0 0 0 0 0 0 0 0 0 0 0 0 0 0 10 0 0 0 0 0 0 0 0 0 0 0 0 0 0 0 0 0 0 0 0 0 0 0 5 0 0 0 1 0 16 3 118765 8 0 0 0 0 0 0 0 0 0 0 0 0 0 0 0 0
459 AAG 18 0 119073 2 0 0 5 0 0 0 8 0 0 0 2 0 0 0 2 0 0 0 0 0 0 0 0 4 0 0 0 0 0 0 16 0 0 0 0 0 0 0 0 0 0 0 0 0 0 0 0 0 0 0 0 0 0 0 0 0 0 0 0 0
460 AAT 4 37 0 118849 0 0 0 3 0 0 0 9 0 0 0 0 1 0 0 1 0 0 0 0 0 0 0 0 0 0 0 0 0 0 0 15 0 5 0 0 0 0 0 0 0 0 0 0 0 0 0 0 0 0 0 1 0 0 0 0 0 0 0 0
461 CTG 0 0 0 0 0 0 0 0 0 0 0 0 0 0 6 0 0 0 1 0 0 0 5 0 0 0 1 0 11 0 119231 1 0 0 0 0 0 0 0 0 0 0 0 0 0 0 0 0 0 0 0 0 0 0 0 0 0 0 0 0 0 0 12 0
462 TAC 0 0 0 0 0 0 0 0 0 0 0 0 0 0 0 0 0 8 0 0 0 0 0 0 0 0 0 0 0 0 0 0 0 0 0 0 0 0 0 0 0 0 0 0 0 0 0 0 2 119282 1 21 0 0 0 0 0 5 0 0 0 0 0 0
463 GAG 0 0 4 0 0 0 0 0 0 0 0 1 0 0 0 0 0 0 0 0 0 0 0 0 0 0 0 0 0 0 0 0 8 7 119098 9 0 0 1 0 1 0 5 0 0 0 0 0 0 0 1 0 0 0 0 1 0 0 0 0 0 1 0 0
464 AAA 119692 4 14 1 1 0 0 1 7 0 0 0 0 0 0 1 2 0 1 0 0 0 0 0 0 0 0 0 0 0 0 0 6 0 0 0 0 0 0 0 0 0 0 0 0 0 0 0 0 0 0 0 0 0 0 0 0 0 0 0 0 0 0 0
465 GTA 0 0 0 0 0 0 0 0 0 0 0 0 22 0 0 0 0 0 0 0 0 0 0 0 0 0 0 0 0 0 0 0 1 0 0 0 14 0 0 1 0 0 0 0 119273 8 11 8 0 0 0 0 0 0 0 0 0 0 0 1 1 0 0 0
466 AAA 119230 3 8 0 2 0 0 0 16 0 0 0 1 0 0 0 0 0 0 0 0 0 0 0 0 0 0 9 0 0 0 0 6 0 0 0 0 0 0 0 0 1 0 0 0 0 0 0 0 0 0 0 0 0 0 0 0 0 0 0 0 0 1 0
467 AGC 0 26 7 0 4 0 0 0 0 118824 8 61 0 1 0 0 0 0 0 0 0 0 0 0 1 2 0 0 0 0 0 0 0 0 0 0 2 0 0 0 0 31 15 0 0 1 1 6 0 0 0 0 0 0 0 0 0 0 0 0 0 0 2 0
468 CAA 3 0 0 0 7 2 0 0 0 4 0 4 10 0 21 0 119361 2 12 1 1 0 0 0 8 0 3 2 1 3 0 0 0 0 0 3 0 3 0 0 0 0 0 0 1 1 0 3 1 0 0 0 14 0 0 3 0 2 0 0 1 0 0 1
469 TTA 0 0 0 0 0 0 0 0 0 0 0 0 0 1 0 2 0 0 0 0 1 0 0 0 0 0 0 0 6 0 0 0 0 0 0 0 0 0 0 0 0 0 0 0 3 0 0 0 0 0 0 0 4 0 0 0 1 0 0 0 119395 0 24 0
470 AAG 10 1 118969 21 1 0 0 0 0 0 15 0 0 0 1 0 0 2 3 0 0 0 0 0 0 0 0 0 0 0 0 0 0 0 6 0 0 0 0 0 1 0 0 0 0 0 0 0 0 0 0 0 0 3 0 0 0 0 0 0 0 0 0 1
471 AAT 1 12 0 119148 0 5 2 8 0 6 1 6 0 0 0 0 0 0 2 1 0 0 0 0 0 0 0 0 0 0 0 0 0 1 0 12 2 0 0 0 0 0 0 4 0 0 0 0 0 0 0 1 2 2 0 0 0 0 0 0 0 0 0 0
472 AAT 1 1 0 119092 0 0 0 1 0 0 0 14 0 0 0 1 0 0 1 1 0 0 0 0 0 0 0 0 0 0 0 0 0 0 0 19 0 0 0 0 0 0 0 0 0 0 0 0 0 0 0 1 0 0 0 0 0 0 0 0 0 0 0 0
473 GCC 0 0 0 0 0 15 0 0 0 0 0 0 0 0 0 0 0 0 0 0 0 0 0 0 0 0 0 0 0 0 0 0 0 0 0 0 2 118760 5 8 0 0 0 0 0 5 10 3 0 0 0 0 0 0 0 0 0 0 0 0 0 0 0 0
474 AAA 118251 4 14 8 0 0 0 0 21 0 3 0 3 3 14 0 11 0 0 0 0 0 0 0 0 0 3 0 2 7 4 4 44 0 0 0 14 3 0 0 0 1 0 0 0 1 2 2 2 66 0 2 0 0 0 0 0 1 4 0 74 57 39 16
475 GAA 10 0 0 0 0 0 0 0 0 0 0 0 2 0 0 0 0 0 0 0 0 0 0 0 0 0 0 0 0 0 0 0 118635 2 6 2 0 0 0 1 12 0 0 0 1 0 0 0 2 0 0 0 0 0 0 0 0 0 0 0 0 0 0 0
476 ATC 0 21 21 1 1 21 0 9 0 4 0 0 11 202346 71 52 13 0 9 0 0 0 0 0 0 0 1 1 10 7 2 1 0 0 0 0 2 0 0 0 0 3 0 0 12 21 0 2 0 0 0 0 1 0 10 0 0 0 0 4 1 2 5 0
477 GGA 0 0 0 0 0 0 0 0 26 0 0 0 0 0 0 0 0 0 0 0 0 0 0 0 4 0 0 0 2 0 0 0 22 0 0 0 1 0 0 0 202491 3 67 0 0 0 0 0 0 0 0 3 0 1 0 0 1 0 0 0 0 1 0 11
478 AAT 12 7 2 195889 0 0 0 2 0 1 0 11 0 0 0 3 0 0 0 5 0 0 0 0 0 0 0 0 0 0 0 0 0 0 0 3 0 0 1 0 0 0 0 0 0 0 0 0 0 0 0 1 0 0 0 0 0 0 0 0 0 0 0 0
479 GGG 0 0 0 0 0 0 0 0 0 0 28 0 0 0 0 0 0 0 0 0 0 0 0 0 0 0 0 3 0 0 0 0 0 0 9 0 0 0 0 0 18 6 202616 5 0 0 0 0 0 0 0 0 0 0 0 0 0 0 5 0 0 0 0 0
480 TGT 0 0 0 0 0 0 0 0 0 0 0 0 0 0 0 0 0 0 0 0 0 0 0 0 0 0 0 3 0 0 0 0 0 0 0 0 0 0 0 0 0 0 0 0 0 0 0 0 0 0 0 25 0 0 0 0 0 18 7 200883 0 0 0 0
481 TTT 0 0 0 0 0 0 0 0 0 0 0 0 0 0 1 0 0 0 0 0 0 0 0 1 0 0 0 0 0 18 1 13 0 0 0 0 0 0 0 0 0 0 0 0 0 0 0 0 0 2 0 3 0 0 0 12 0 0 0 0 4 15 2 202517
482 GAG 4 0 36 0 0 0 1 0 0 0 0 0 0 0 0 2 0 0 2 0 0 0 0 0 0 5 0 4 2 0 0 2 39 1 202665 6 0 0 0 9 1 0 44 0 9 0 0 1 0 0 4 1 1 0 1 0 0 0 0 0 0 0 0 0
483 TTC 0 0 0 0 0 0 0 0 0 0 0 0 0 2 0 0 0 0 0 0 0 0 0 0 0 0 0 0 0 10 0 0 0 0 0 0 0 0 0 0 0 0 0 0 0 1 0 0 0 2 0 0 0 5 0 0 0 1 0 0 6 202722 2 22
484 TAC 0 1 0 0 0 0 0 0 0 0 0 0 0 0 0 0 0 44 0 0 0 0 0 0 0 0 1 0 0 0 13 0 0 1 0 0 0 0 0 0 0 0 0 0 0 0 0 0 2 201517 0 32 0 1 0 0 0 25 6 0 1 0 16 0
485 CAC 0 10 0 0 0 0 0 0 0 0 0 0 0 0 0 0 0 202196 2 6 0 3 0 0 0 8 0 0 0 1 0 0 0 0 0 0 0 0 0 0 0 0 0 0 0 0 0 0 0 3 0 0 0 0 0 0 0 0 0 0 0 0 0 0
486 AAG 29 2 202282 11 0 0 4 0 3 2 17 0 6 6 4 1 0 0 2 0 0 1 0 0 0 0 1 3 0 1 0 2 0 0 12 0 11 0 0 0 0 1 0 2 12 9 0 0 0 0 0 0 0 3 3 0 0 0 0 0 0 0 3 0
487 TGT 0 0 0 0 0 0 0 0 0 0 0 3 0 0 0 0 0 0 0 0 0 0 0 0 0 0 0 8 0 0 0 0 0 0 0 0 0 0 0 0 0 0 0 0 0 0 0 0 0 0 0 15 0 0 0 0 1 4 1 203323 0 0 0 2
488 GAC 0 21 0 0 0 0 0 0 0 3 0 0 0 0 0 0 0 0 0 0 0 0 0 0 0 0 0 0 0 1 0 0 3 202767 2 18 0 0 0 0 0 48 0 0 0 1 0 0 0 5 0 0 2 0 0 4 0 0 0 0 0 0 0 0
489 AAT 4 9 1 203205 0 0 0 2 0 0 0 12 0 0 0 0 0 0 0 1 0 0 0 0 0 0 0 0 0 0 0 0 0 6 0 19 0 0 0 0 0 0 0 0 0 0 0 0 0 0 0 3 0 0 0 0 0 0 0 0 0 0 0 0
490 GAA 26 0 1 0 12 0 4 0 0 2 0 0 0 0 11 0 0 2 0 0 0 0 0 9 4 0 0 0 3 0 0 0 201571 23 12 7 7 0 2 0 25 2 3 15 3 0 0 25 2 1 0 0 1 3 11 0 0 0 0 0 24 0 0 1
491 TGC 0 0 0 0 0 0 0 0 0 6 0 0 0 0 0 0 0 0 0 0 0 0 0 0 0 5 0 0 0 0 0 0 0 0 0 0 0 0 0 0 0 0 0 0 0 0 0 0 0 13 0 0 0 1 0 0 3 202251 1 53 0 8 0 0
492 ATG 0 0 2 0 0 0 3 0 0 0 0 0 92 3 199590 6 0 0 0 0 0 0 0 0 0 0 0 0 0 0 2 0 0 0 0 0 0 0 0 0 0 0 0 0 0 0 14 1 0 0 0 0 0 0 0 0 0 0 0 0 0 0 0 0
493 GAA 33 10 0 0 0 0 0 0 0 0 0 1 0 0 2 0 1 3 0 0 0 0 0 0 0 0 0 0 0 0 0 0 201604 15 23 1 2 8 0 0 106 30 0 132 2 0 0 0 0 0 0 0 6 8 4 1 0 0 0 0 0 0 0 0
494 AGT 0 0 0 33 0 4 1 3 0 4 0 203096 0 0 0 2 0 0 0 0 0 0 0 0 0 0 0 5 0 0 0 0 8 0 7 0 1 0 0 0 1 0 0 15 0 0 0 0 0 0 0 0 0 0 3 0 0 0 0 0 0 0 0 0
495 GTA 0 0 0 0 0 0 0 0 0 0 0 0 35 0 0 0 0 0 0 0 0 0 0 0 0 0 0 0 0 0 0 0 2 0 0 0 12 0 0 0 0 0 0 0 202280 3 54 18 0 0 0 0 0 0 0 0 0 0 0 0 5 0 0 0
496 AGA 27 0 1 0 0 0 0 0 202701 0 55 1 2 0 1 0 0 0 0 0 0 0 0 0 6 0 3 0 0 0 0 0 0 0 0 0 0 0 0 0 13 0 0 0 0 0 0 0 0 0 0 0 0 0 0 0 1 0 0 0 0 0 0 0
497 AAT 31 17 7 202363 3 4 18 36 3 7 0 135 23 1 15 3 10 7 3 8 0 0 0 0 0 3 0 3 19 42 23 19 41 0 2 51 8 0 9 10 0 3 8 39 7 5 45 21 0 0 0 0 12 172 1 77 0 7 1 1 3 2 12 1
498 GGG 0 0 0 0 0 0 0 0 0 0 11 0 0 0 0 0 0 0 1 0 0 0 0 0 0 0 0 0 0 0 0 0 0 0 25 0 0 4 2 7 38 1 202642 10 0 0 3 0 0 0 0 1 0 0 2 0 0 0 15 0 0 0 0 0
499 ACT 8 0 0 15 1 11 6 202110 0 0 0 4 0 0 30 19 29 0 0 2 0 0 0 1 20 0 0 0 16 0 0 7 0 0 3 0 12 0 0 75 0 1 0 2 124 0 0 0 0 0 0 0 1 0 14 17 0 0 0 0 3 26 0 7
500 TAT 0 0 0 0 0 0 0 0 0 0 0 0 0 0 0 0 0 0 0 17 0 0 0 0 0 0 0 0 0 0 0 0 0 0 0 0 0 0 0 0 0 0 0 0 0 0 0 0 1 6 0 203382 0 0 0 1 0 0 0 14 0 0 0 1
501 GAT 2 0 0 31 0 0 0 4 1 0 1 0 0 2 2 0 0 0 0 0 0 0 0 0 0 0 0 0 6 0 3 11 1 7 1 201075 4 0 0 3 0 0 0 8 0 0 0 4 0 0 0 11 9 0 2 0 0 3 0 0 1 0 0 0
502 TAT 0 0 0 2 0 0 0 2 0 0 0 0 0 0 0 0 0 1 0 20 0 0 0 0 0 0 0 0 0 0 0 3 0 0 1 1 0 4 5 0 0 0 0 8 0 0 11 0 3 19 0 202663 0 0 2 0 0 0 2 10 0 3 0 1
503 CCA 0 2 0 2 3 1 5 4 0 0 0 0 9 0 0 0 3 0 0 0 201567 64 57 11 0 0 0 2 8 0 1 0 1 0 1 2 5 0 0 0 0 1 3 0 0 0 16 1 0 0 0 2 6 0 0 0 0 0 0 0 0 1 0 0
504 AAA 202163 6 21 3 1 1 0 2 15 0 2 0 2 0 1 4 2 9 6 17 0 0 0 0 0 0 0 0 0 8 0 0 7 0 0 0 0 3 1 1 0 0 0 3 0 0 3 0 1 1 0 2 0 2 2 10 0 0 5 0 5 2 2 0
505 TAT 0 0 0 0 0 0 0 0 0 0 0 0 0 0 0 0 0 0 0 25 0 0 0 0 0 0 0 0 0 0 0 0 0 0 0 0 0 0 0 0 0 0 0 0 0 0 0 0 1 10 0 202546 0 0 0 0 0 0 0 17 0 1 0 5
506 TCA 0 0 0 0 5 0 0 4 0 8 0 0 0 0 0 0 0 0 0 0 2 0 0 0 0 12 3 0 0 0 1 0 3 0 3 0 2 0 0 0 0 0 3 0 3 6 1 1 2 0 0 1 201999 6 95 7 0 0 3 3 23 1 2 17
507 GAA 23 0 0 0 3 0 0 0 5 0 0 0 0 0 0 0 2 0 1 0 0 3 0 0 11 0 4 0 0 7 16 0 202453 88 21 2 3 0 16 0 16 0 3 3 13 0 30 2 1 0 0 2 0 0 0 0 0 0 7 0 0 0 15 0
508 GAA 10 0 0 0 0 0 0 0 0 0 0 0 1 6 0 21 0 0 0 0 0 0 0 0 0 0 0 0 0 0 0 6 202154 1 10 3 4 1 13 2 13 0 0 0 0 0 0 7 3 0 0 0 1 0 0 5 0 0 0 0 2 10 9 1
509 TCA 0 0 0 0 3 0 2 0 0 0 2 15 16 0 8 21 0 0 0 0 11 0 0 0 0 0 0 0 0 0 4 0 0 0 0 0 7 0 10 1 1 0 0 0 1 2 20 9 5 0 0 0 202980 6 33 49 3 0 0 9 24 0 0 0
510 AAG 36 1 201809 7 0 0 14 0 0 0 45 8 0 5 11 1 0 7 3 1 0 0 0 0 17 1 0 20 3 34 8 9 0 0 17 1 0 0 0 0 0 0 1 0 0 2 0 0 0 55 1 6 0 1 0 0 0 0 4 0 105 0 18 2
511 TTG 0 0 0 0 0 1 0 0 0 0 2 5 1 0 1 0 0 1 0 0 0 0 0 0 0 0 0 0 0 0 9 0 2 0 0 0 0 15 3 1 0 1 8 0 0 0 3 0 0 0 1 0 0 0 11 0 0 0 2 0 41 14 201598 11
512 AAC 33 201473 6 28 0 3 0 1 0 131 0 0 0 3 0 0 0 1 1 10 0 0 0 0 0 1 5 1 0 11 0 11 1 24 2 0 0 0 2 0 0 1 0 12 0 21 0 4 0 9 0 1 0 8 0 0 0 0 0 2 0 1 0 0
513 AGG 0 0 16 0 0 3 0 0 22 0 168498 2 0 1 26 5 0 0 1 0 0 0 0 0 0 0 51 1 6 0 2 0 0 0 0 3 2 0 0 0 0 0 72 0 0 0 0 1 0 0 0 0 0 4 0 0 0 0 17 0 0 0 0 0
514 GAA 28 0 0 0 0 0 0 0 0 0 0 0 0 0 0 1 0 0 1 0 1 1 0 0 0 3 4 0 2 2 0 0 201979 1 12 2 1 0 0 0 32 0 0 0 1 2 0 0 3 0 0 1 0 4 2 0 0 0 0 0 0 0 0 1
515 AAG 50 0 202006 15 9 0 2 29 0 0 95 29 0 0 5 2 0 0 1 3 0 0 28 31 0 0 0 0 0 0 0 2 0 0 10 11 5 0 12 0 0 4 1 0 0 3 8 0 0 0 1 2 0 0 0 0 0 0 0 0 0 0 0 18
516 ATA 1 0 0 0 6 0 0 0 0 0 0 0 201741 3 37 21 0 0 0 0 0 0 0 0 0 0 0 0 1 7 0 1 0 0 0 0 0 0 0 0 0 0 0 0 23 3 0 0 0 0 0 0 0 0 0 0 0 0 0 0 1 0 0 0
517 GAT 1 0 0 17 1 1 1 0 5 3 0 3 15 0 0 6 0 0 0 1 0 0 0 1 0 0 0 1 1 8 0 3 6 25 7 201773 40 0 0 0 0 0 0 26 4 3 0 7 0 0 0 3 15 0 2 0 0 0 1 0 0 0 5 1
518 GGA 13 0 2 1 24 5 13 9 46 1 0 1 23 1 41 1 0 1 0 0 1 1 0 0 0 2 0 28 0 0 0 7 53 0 4 0 5 16 0 3 200230 12 36 8 4 121 10 0 0 0 0 19 12 0 0 15 1 0 0 0 1 9 1 27
519 GTG 0 0 0 0 0 0 0 0 0 0 0 0 0 1 16 0 0 0 0 0 0 0 0 0 0 0 1 0 0 0 1 0 0 0 2 0 0 0 12 4 0 0 1 0 36 0 200984 22 0 0 0 0 0 0 0 0 0 0 0 0 1 0 1 0
520 AAA 201654 21 23 13 2 4 1 0 16 4 0 0 0 0 3 0 15 6 0 10 0 0 2 0 0 2 0 1 0 0 0 0 55 3 6 0 0 0 4 0 2 1 0 0 17 0 0 1 2 0 0 1 0 2 0 7 0 0 2 0 2 4 0 0
521 TTG 0 0 0 0 6 0 0 1 0 0 0 0 29 0 23 0 0 0 0 0 0 0 0 0 0 0 0 0 1 0 9 0 0 0 0 0 0 0 0 0 0 0 0 0 1 2 13 0 0 0 0 0 0 0 5 0 0 0 10 0 17 0 198810 5
522 GAA 11 0 0 8 0 0 0 0 0 0 0 0 0 0 0 1 5 0 0 0 0 0 0 0 0 0 0 0 0 0 0 0 199368 11 11 1 0 0 0 0 55 1 0 0 0 0 0 0 2 1 0 0 0 15 0 0 0 0 2 0 0 1 0 0
523 TCA 0 0 0 4 0 0 0 0 0 1 1 0 0 1 0 0 8 0 1 1 17 2 0 1 0 0 5 0 0 0 0 0 2 3 3 0 1 1 0 0 0 1 2 0 0 0 0 27 3 0 0 2 197053 0 10 3 1 0 0 0 1 0 0 0
524 ATG 0 0 1 0 0 0 5 4 1 1 0 0 23 2 111560 14 0 0 0 0 0 0 5 0 0 0 0 0 3 0 2 17 0 0 1 1 0 0 0 0 0 0 0 0 1 3 3 2 0 0 0 0 2 1 0 0 0 0 0 0 1 1 0 0
525 GGG 0 0 0 14 0 0 0 0 0 0 3 1 0 0 0 0 0 0 0 0 0 0 0 0 0 0 0 0 0 0 0 0 0 1 14 2 0 0 0 0 13 0 107870 3 0 0 4 0 0 0 0 0 0 1 0 0 0 0 0 0 0 0 0 0
526 GTG 0 0 0 0 0 0 0 0 0 3 0 0 5 0 23 0 0 0 1 0 0 0 0 0 0 0 0 0 8 0 0 3 0 0 0 0 0 0 10 1 0 0 5 1 53 2 119557 8 0 0 0 1 0 0 0 0 0 0 5 0 9 2 4 2
527 TAT 0 0 0 2 0 0 2 0 0 0 0 5 0 0 0 0 0 0 10 30 0 0 0 0 0 0 0 0 0 0 0 0 14 0 0 1 0 0 0 0 0 0 0 0 0 0 0 4 1 11 1 99412 1 0 0 0 0 0 0 12 0 0 0 2
528 CAG 0 0 1 0 0 1 0 0 0 0 0 0 0 0 0 1 11 11 117966 4 0 0 0 0 0 0 45 1 0 0 0 0 0 1 0 0 0 0 0 0 0 0 0 0 0 0 0 0 0 0 2 0 0 0 0 0 0 0 0 1 0 0 0 0
529 ATT 0 0 1 3 0 0 0 9 0 0 0 4 4 5 4 130461 0 0 0 0 0 0 0 0 0 0 0 0 0 0 0 1 0 0 0 0 0 0 0 0 0 0 0 0 0 0 0 7 0 1 0 1 0 0 0 0 0 0 1 0 0 0 0 0
530 CTG 0 0 0 0 0 0 0 0 0 0 0 0 0 0 14 1 0 0 0 0 0 0 7 0 0 0 0 0 2 0 156182 1 0 0 0 0 0 0 0 0 0 0 0 0 0 0 0 0 0 0 0 0 0 0 0 1 0 0 1 0 0 0 9 0
531 GCG 3 0 0 0 0 0 1 0 0 0 0 0 0 0 0 0 0 0 0 0 0 0 0 0 0 0 0 0 0 1 0 0 0 0 2 0 10 0 160222 1 1 1 0 0 0 1 29 0 0 0 0 0 0 0 0 1 0 0 0 0 0 0 0 0
532 ATC 0 2 0 0 0 13 0 0 0 0 0 0 6 169264 0 8 0 0 0 0 0 0 0 0 0 0 0 0 0 0 0 1 0 0 0 2 0 0 0 0 0 0 1 0 0 17 0 0 0 0 0 0 0 0 0 1 0 0 0 0 0 4 0 0
533 TAC 0 2 0 0 0 0 0 1 0 0 0 0 0 0 0 0 0 51 0 0 0 0 0 0 0 0 0 0 1 0 0 0 0 1 0 0 0 0 0 0 0 0 0 1 0 0 0 0 1 190125 1 18 0 0 0 0 0 7 0 0 0 1 0 0
534 TCA 0 0 0 0 2 0 0 0 0 0 0 1 0 0 0 0 0 0 0 0 22 0 0 0 0 0 0 0 1 1 0 0 0 0 0 0 0 0 0 0 0 0 0 0 1 0 0 0 3 0 0 0 190089 1 18 0 0 0 0 0 0 0 0 0
535 ACT 0 0 0 5 7 13 6 174033 0 0 0 2 0 0 0 14 0 0 0 0 0 0 0 0 0 0 0 0 0 1 0 0 0 0 0 0 0 0 0 17 0 0 0 1 0 0 0 0 0 0 0 0 0 0 0 1 0 0 0 0 0 0 0 0
536 GTC 0 0 0 0 0 0 0 0 0 0 0 0 0 62 0 0 0 0 0 0 0 0 0 0 0 0 0 0 0 1 0 0 0 0 0 0 0 9 0 0 0 6 0 0 2 167158 0 11 0 0 0 0 0 0 0 0 0 0 0 0 0 1 0 0
537 GCC 0 0 0 0 4 48 0 0 0 0 0 0 0 0 0 0 0 0 0 0 0 0 0 0 0 0 0 0 0 0 0 0 0 1 0 0 0 198308 0 25 0 0 0 0 0 7 0 0 0 0 0 0 0 1 0 0 0 0 0 0 0 0 0 0
538 AGT 0 0 0 21 0 0 0 3 1 15 2 198364 0 0 0 10 0 0 0 0 0 0 0 0 0 0 0 3 0 0 0 0 0 0 0 0 4 3 3 25 0 0 0 17 0 0 1 1 0 0 0 0 1 2 2 0 0 5 0 11 0 0 0 0
539 TCA 0 0 0 0 0 0 0 0 1 1 0 0 0 0 0 0 0 0 0 0 13 0 0 0 0 0 0 0 0 0 0 0 0 0 0 0 0 0 0 0 0 0 0 0 0 0 0 0 2 0 0 0 195187 2 9 23 1 0 0 0 9 0 0 0
540 CTG 0 0 0 0 0 4 0 0 0 1 0 1 3 1 12 0 0 0 3 0 0 0 20 0 0 0 4 0 64 2 199046 14 0 0 0 0 1 1 3 0 0 1 0 0 7 5 10 0 0 0 0 0 0 8 1 1 1 0 0 0 2 0 16 57
541 GTG 0 0 0 0 0 0 2 1 0 0 0 0 0 0 12 46 0 0 0 2 1 0 1 0 0 0 0 0 0 0 0 4 0 0 4 0 0 0 1 0 0 0 1 0 34 10 200345 36 0 0 0 0 0 0 33 0 0 0 5 0 1 0 1 2
542 CTT 0 0 0 0 7 0 4 0 0 0 0 0 3 3 5 7 0 0 0 2 1 0 0 26 0 0 0 4 12 14 17 201701 0 0 0 0 0 0 11 0 0 0 0 0 0 0 6 1 0 0 0 0 0 1 0 1 0 0 0 2 7 0 0 65
543 TTG 0 0 0 0 1 0 0 0 0 0 0 1 5 0 3 0 0 0 0 0 0 0 0 0 0 0 0 0 1 0 20 0 0 0 0 0 3 0 21 4 0 0 0 0 13 0 0 0 0 31 2 0 13 0 9 0 0 0 26 0 9 4 202146 1
544 GTC 0 0 0 0 0 0 0 0 0 0 0 0 0 22 0 0 0 0 0 0 0 0 0 0 0 0 0 0 0 0 0 0 0 3 0 0 0 14 0 0 0 1 0 0 4 198841 1 8 0 0 0 0 0 0 0 0 0 0 0 0 0 0 0 0
545 TCC 0 0 0 0 0 39 0 0 0 0 0 0 0 0 0 0 0 0 0 0 0 56 0 0 0 0 0 0 0 0 0 0 0 0 0 0 0 1 0 2 0 0 0 0 0 0 0 0 0 1 0 0 11 202149 7 6 0 0 0 0 0 3 0 0
546 CTG 0 0 0 0 0 0 0 0 0 0 0 0 0 0 7 0 0 0 2 0 0 0 36 0 0 0 14 0 17 0 195179 6 0 0 0 0 0 0 0 0 0 0 0 0 0 0 2 0 0 0 0 0 0 0 0 0 0 0 0 0 0 0 9 0
547 GGG 0 0 0 0 0 0 0 0 0 0 5 0 0 0 0 0 0 0 0 0 0 0 0 0 0 0 1 0 0 0 0 0 0 0 7 0 0 0 1 0 3 0 198174 3 0 0 3 0 0 0 0 0 0 0 0 0 0 0 1 0 0 0 0 0
548 GCA 0 0 0 0 61 0 0 0 0 0 0 0 0 0 0 0 0 0 0 0 1 0 0 0 0 0 0 0 0 0 0 0 2 0 0 0 201892 0 5 0 4 0 0 0 28 0 0 0 0 0 0 0 0 0 0 0 0 0 0 0 0 0 0 0
549 ATC 0 1 0 0 0 29 1 0 0 2 0 0 2 202312 0 13 0 0 0 0 0 0 0 0 0 0 0 0 0 2 0 0 0 0 0 0 0 1 0 0 0 0 0 0 0 7 0 0 0 0 0 0 0 0 0 0 0 0 0 13 0 10 0 0
550 AGT 0 3 0 14 0 0 0 1 0 20 2 202282 0 0 0 11 0 0 0 0 0 0 0 0 0 0 0 0 0 0 10 0 0 0 0 0 0 0 0 0 0 0 0 35 5 0 0 0 0 0 0 0 0 7 0 0 0 4 0 1 0 3 0 1
551 TTC 0 0 0 0 0 0 2 0 0 0 0 1 0 5 0 1 0 0 0 0 0 0 0 0 0 0 0 0 0 11 0 4 0 0 1 0 0 0 0 0 0 0 0 0 5 5 0 0 0 7 0 1 0 5 0 0 0 2 0 0 10 201053 8 12
552 TGG 0 0 0 0 0 0 0 0 0 0 2 0 0 0 0 0 0 0 0 0 0 0 0 0 0 0 15 0 0 0 0 0 0 0 0 0 0 1 0 0 0 0 8 0 0 0 0 0 0 7 6 0 0 0 0 0 7 0 201888 2 0 0 2 0
553 ATG 0 0 0 0 0 0 10 0 0 0 1 1 14 0 202396 1 0 0 0 0 0 0 0 0 0 0 0 0 1 0 3 0 0 0 0 0 0 14 0 1 0 0 0 46 0 0 12 0 0 0 0 0 0 0 2 0 0 0 0 0 0 0 1 0
554 TGT 0 0 0 0 0 0 0 0 0 0 0 5 3 0 3 0 0 0 0 0 0 0 0 0 0 0 0 8 2 1 3 0 0 0 0 0 6 0 0 0 0 0 0 1 0 0 0 0 0 0 0 11 0 0 0 0 1 39 6 202136 0 1 0 8
555 TCT 0 0 1 5 0 0 0 1 0 0 0 14 10 1 11 0 5 0 0 0 0 0 0 3 2 0 0 0 2 0 0 3 3 0 0 0 2 0 18 0 0 1 0 0 0 0 2 1 0 0 0 7 8 30 7 202758 0 0 0 0 7 1 0 4
556 AAT 0 7 37 202466 0 12 0 3 0 0 0 9 20 1 2 3 0 0 0 1 0 0 0 0 0 0 0 0 0 0 0 1 0 2 0 23 0 0 0 0 0 0 0 4 0 6 0 0 0 0 0 2 1 0 1 0 0 0 0 0 0 0 0 0
557 GGG 0 0 0 1 0 0 0 0 0 1 18 0 0 0 0 0 0 0 0 0 0 0 0 0 0 0 0 0 0 0 0 0 0 0 5 0 0 0 2 0 24 1 201818 3 0 0 38 0 0 0 0 0 0 0 0 0 0 0 5 0 0 0 0 0
558 TCT 0 0 0 0 0 0 2 0 0 0 0 0 1 0 2 0 14 0 0 0 0 0 0 8 0 0 0 0 6 0 0 4 0 0 0 0 2 2 0 43 0 0 0 0 3 0 0 0 0 11 0 5 27 8 13 202815 0 0 0 0 0 1 0 11
559 TTG 0 0 0 0 0 0 0 0 0 0 0 0 0 0 2 0 0 0 0 0 0 0 0 0 0 0 0 0 0 0 21 0 0 0 0 0 0 0 0 0 0 0 0 0 0 0 3 0 0 0 1 0 0 0 14 0 0 0 1 0 21 0 202676 2
560 CAG 0 0 1 0 0 0 0 0 0 0 0 0 0 0 0 0 21 0 202623 4 0 0 1 0 0 0 20 0 0 0 4 0 0 0 10 0 0 0 0 0 0 0 0 0 25 0 0 0 0 0 105 0 3 0 0 0 0 0 0 0 0 0 0 0
561 TGC 0 0 0 0 0 0 0 0 0 2 0 0 2 0 0 3 0 0 0 0 0 0 0 0 0 3 0 0 2 0 0 0 0 0 0 0 0 0 0 0 0 3 0 0 0 1 0 0 0 84 0 0 0 0 0 0 2 202379 0 25 0 4 2 0
562 AGA 9 1 2 0 3 0 7 4 202596 1 16 3 3 0 0 0 3 0 0 0 0 0 0 0 6 0 0 4 0 0 0 0 0 2 1 0 0 0 0 0 18 1 0 0 0 3 1 0 0 2 0 0 0 0 0 0 2 0 0 0 0 1 0 0
563 ATA 2 0 0 0 11 0 0 0 1 0 0 0 203246 3 32 0 0 0 0 0 0 0 0 0 0 0 0 0 4 0 0 0 0 0 0 0 0 0 0 0 0 0 0 0 11 0 0 2 0 0 0 0 0 0 0 0 0 0 0 0 1 0 0 0
564 TGC 0 0 0 0 0 0 0 0 0 1 0 0 0 0 0 0 0 0 0 0 0 0 0 0 0 8 0 0 0 0 0 0 0 1 0 0 0 0 0 0 0 2 0 0 0 0 0 0 0 34 0 0 0 0 0 0 5 202677 1 53 0 10 0 0
565 ATC 0 1 0 0 0 4 0 0 0 0 0 0 4 202057 1 9 0 0 0 0 0 0 0 0 0 0 0 0 1 2 0 0 0 0 0 0 0 0 0 0 0 0 0 0 0 4 0 0 0 0 0 0 1 0 0 0 0 0 1 0 0 2 0 0
566 TGA 0 0 0 0 0 0 0 0 12 0 0 0 0 0 0 0 0 0 0 0 0 0 0 0 33 0 0 0 0 0 0 0 0 0 0 0 0 0 0 0 2 0 0 0 0 0 0 0 22 0 0 0 0 0 0 0 202723 1 18 4 2 0 0 0
