1  0.63631  0.00000  0.63631  0.63631 
2  1.61336 -0.36877  1.24459  1.98213 
3  0.32554  0.00000  0.32554  0.32554 
4  0.92882 -0.08567  0.84315  1.01449 
5  0.00000  0.00000  0.00000  0.00000 
6  0.00000 -0.69620 -0.69620  0.69620 
7  0.33854  0.00000  0.33854  0.33854 
8  0.27718  0.00000  0.27718  0.27718 
9  0.00000  0.00000  0.00000  0.00000 
10  0.00019 -0.32960 -0.32941  0.32979 
11  0.55309 -0.29903  0.25406  0.85212 
12  0.31583  0.00000  0.31583  0.31583 
13  0.00000 -0.12681 -0.12681  0.12681 
14  0.36281 -0.47155 -0.10874  0.83436 
15  0.00000  0.00000  0.00000  0.00000 
16  0.00000  0.00000  0.00000  0.00000 
17  0.00000 -0.22375 -0.22375  0.22375 
18  0.63138 -0.09493  0.53645  0.72631 
19  0.76148  0.00000  0.76148  0.76148 
20  0.00000  0.00000  0.00000  0.00000 
21  0.16174  0.00000  0.16174  0.16174 
22  0.00000 -0.47681 -0.47681  0.47681 
23  0.00000 -0.83412 -0.83412  0.83412 
24  0.00000  0.00000  0.00000  0.00000 
25  0.62666 -0.17306  0.45360  0.79972 
26  0.00000  0.00000  0.00000  0.00000 
27  0.22177  0.00000  0.22177  0.22177 
28  0.00000 -0.17238 -0.17238  0.17238 
29  0.50143  0.00000  0.50143  0.50143 
30  0.19298  0.00000  0.19298  0.19298 
31  0.00000  0.00000  0.00000  0.00000 
32  0.00000  0.00000  0.00000  0.00000 
33  0.00000  0.00000  0.00000  0.00000 
34  0.00000 -0.34184 -0.34184  0.34184 
35  0.00000  0.00000  0.00000  0.00000 
36  0.00000 -0.44663 -0.44663  0.44663 
37  0.21290  0.00000  0.21290  0.21290 
38  0.20669  0.00000  0.20669  0.20669 
39  0.29463  0.00000  0.29463  0.29463 
40  0.98308  0.00000  0.98308  0.98308 
41  0.00000  0.00000  0.00000  0.00000 
42  0.00000 -0.31263 -0.31263  0.31263 
43  0.11267  0.00000  0.11267  0.11267 
44  0.37041 -0.35985  0.01056  0.73026 
45  0.25149 -0.09701  0.15448  0.34850 
46  0.00000  0.00000  0.00000  0.00000 
47  0.30158  0.00000  0.30158  0.30158 
48  0.38764  0.00000  0.38764  0.38764 
49  0.00000 -0.35840 -0.35840  0.35840 
50  0.00000  0.00000  0.00000  0.00000 
51  0.55185  0.00000  0.55185  0.55185 
52  0.20684 -0.32338 -0.11654  0.53022 
53  0.00000 -0.17725 -0.17725  0.17725 
54  0.00000  0.00000  0.00000  0.00000 
55  0.00000  0.00000  0.00000  0.00000 
56  0.00000 -0.29224 -0.29224  0.29224 
57  0.43834  0.00000  0.43834  0.43834 
58  0.17334  0.00000  0.17334  0.17334 
59  0.70261 -0.17073  0.53188  0.87334 
60  0.55427  0.00000  0.55427  0.55427 
61  0.31564  0.00000  0.31564  0.31564 
62  0.00000 -0.41646 -0.41646  0.41646 
63  0.00000 -0.13013 -0.13013  0.13013 
64  0.45282  0.00000  0.45282  0.45282 
65  0.35763 -0.31796  0.03967  0.67559 
66  0.00000  0.00000  0.00000  0.00000 
67  0.00000 -0.29323 -0.29323  0.29323 
68  1.11712 -0.44024  0.67688  1.55736 
69  0.00000  0.00000  0.00000  0.00000 
70  0.84396 -0.18585  0.65811  1.02981 
71  0.37449  0.00000  0.37449  0.37449 
72  0.73741  0.00000  0.73741  0.73741 
73  0.24299  0.00000  0.24299  0.24299 
74  0.00000  0.00000  0.00000  0.00000 
75  0.00000 -0.76787 -0.76787  0.76787 
76  0.00000  0.00000  0.00000  0.00000 
77  0.00000  0.00000  0.00000  0.00000 
78  0.00000  0.00000  0.00000  0.00000 
79  0.00000  0.00000  0.00000  0.00000 
80  0.19694  0.00000  0.19694  0.19694 
81  0.18765  0.00000  0.18765  0.18765 
82  0.00000  0.00000  0.00000  0.00000 
83  0.00000 -0.22874 -0.22874  0.22874 
84  0.34786  0.00000  0.34786  0.34786 
85  0.00000  0.00000  0.00000  0.00000 
86  1.95239  0.00000  1.95239  1.95239 
87  0.00000  0.00000  0.00000  0.00000 
88  0.91449 -0.47229  0.44220  1.38678 
89  2.02633  0.00000  2.02633  2.02633 
90  2.46725 -0.68690  1.78035  3.15415 
91  0.00000 -0.24457 -0.24457  0.24457 
92  0.75042  0.00000  0.75042  0.75042 
93  0.00000  0.00000  0.00000  0.00000 
94  0.39806  0.00000  0.39806  0.39806 
95  0.00000  0.00000  0.00000  0.00000 
96  0.39103  0.00000  0.39103  0.39103 
97  0.00000  0.00000  0.00000  0.00000 
98  0.00000  0.00000  0.00000  0.00000 
99  0.72254 -0.48048  0.24206  1.20302 
100  0.33454 -0.95481 -0.62027  1.28935 
101  0.62185 -0.18173  0.44012  0.80358 
102  0.26986  0.00000  0.26986  0.26986 
103  1.22619  0.00000  1.22619  1.22619 
104  1.75376 -0.28949  1.46427  2.04325 
105  0.00000  0.00000  0.00000  0.00000 
106  0.60025  0.00000  0.60025  0.60025 
107  0.09288  0.00000  0.09288  0.09288 
108  0.08880 -0.08248  0.00632  0.17128 
109  0.00000 -0.26710 -0.26710  0.26710 
110  0.00000 -0.20405 -0.20405  0.20405 
111  0.44011 -0.61952 -0.17941  1.05963 
112  0.21817  0.00000  0.21817  0.21817 
113  0.87818 -0.40071  0.47747  1.27889 
114  0.50988 -0.73241 -0.22253  1.24229 
115  0.96386  0.00000  0.96386  0.96386 
116  0.50690 -0.65281 -0.14591  1.15971 
117  0.27505  0.00000  0.27505  0.27505 
118  0.00000 -0.29087 -0.29087  0.29087 
119  0.16806  0.00000  0.16806  0.16806 
120  0.00000 -0.27457 -0.27457  0.27457 
121  0.14004  0.00000  0.14004  0.14004 
122  0.00000  0.00000  0.00000  0.00000 
123  0.23723  0.00000  0.23723  0.23723 
124  0.00000  0.00000  0.00000  0.00000 
125  0.00000  0.00000  0.00000  0.00000 
126  0.31421  0.00000  0.31421  0.31421 
127  1.21332  0.00000  1.21332  1.21332 
128  0.00000  0.00000  0.00000  0.00000 
129  0.00000  0.00000  0.00000  0.00000 
130  0.55235 -0.37189  0.18046  0.92424 
131  0.23437  0.00000  0.23437  0.23437 
132  0.22237  0.00000  0.22237  0.22237 
133  0.47480 -0.45433  0.02047  0.92913 
134  0.00000  0.00000  0.00000  0.00000 
135  0.97525 -0.83135  0.14390  1.80660 
136  0.46022 -0.83685 -0.37663  1.29707 
137  0.00000  0.00000  0.00000  0.00000 
138  0.73107  0.00000  0.73107  0.73107 
139  0.00000 -0.09769 -0.09769  0.09769 
140  0.25769  0.00000  0.25769  0.25769 
141  0.00000  0.00000  0.00000  0.00000 
142  0.47441  0.00000  0.47441  0.47441 
143  0.00000  0.00000  0.00000  0.00000 
144  0.00000  0.00000  0.00000  0.00000 
145  0.90951 -0.44685  0.46266  1.35636 
146  0.93740 -0.22145  0.71595  1.15885 
147  0.00000  0.00000  0.00000  0.00000 
148  0.81313 -0.05433  0.75880  0.86746 
149  0.00000  0.00000  0.00000  0.00000 
150  1.71656 -0.27998  1.43658  1.99654 
151  0.00000  0.00000  0.00000  0.00000 
152  0.32366  0.00000  0.32366  0.32366 
153  1.36268 -1.11040  0.25228  2.47308 
154  0.31995 -0.03425  0.28570  0.35420 
155  0.00000 -0.50164 -0.50164  0.50164 
156  0.17080  0.00000  0.17080  0.17080 
157  0.77036 -0.48973  0.28063  1.26009 
158  0.26479  0.00000  0.26479  0.26479 
159  0.39297 -0.25752  0.13545  0.65049 
160  0.61521 -0.38006  0.23515  0.99527 
161  0.00000  0.00000  0.00000  0.00000 
162  0.00000  0.00000  0.00000  0.00000 
163  1.06541  0.00000  1.06541  1.06541 
164  0.00000  0.00000  0.00000  0.00000 
165  0.25040  0.00000  0.25040  0.25040 
166  0.00000  0.00000  0.00000  0.00000 
167  0.00000 -0.35564 -0.35564  0.35564 
168  0.00000  0.00000  0.00000  0.00000 
169  0.46335  0.00000  0.46335  0.46335 
170  0.43748 -0.25932  0.17816  0.69680 
171  0.23274 -0.72434 -0.49160  0.95708 
172  0.00000  0.00000  0.00000  0.00000 
173  0.66615  0.00000  0.66615  0.66615 
174  0.00000  0.00000  0.00000  0.00000 
175  3.05771  0.00000  3.05771  3.05771 
176  1.29885 -0.28705  1.01180  1.58590 
177  0.39750 -0.32973  0.06777  0.72723 
178  0.00000 -1.14869 -1.14869  1.14869 
179  0.31413  0.00000  0.31413  0.31413 
180  1.00530 -0.59578  0.40952  1.60108 
181  0.06317 -0.33411 -0.27094  0.39728 
182  0.77786  0.00000  0.77786  0.77786 
183  0.00000 -0.28046 -0.28046  0.28046 
184  1.90287 -0.97108  0.93179  2.87395 
185  0.31329  0.00000  0.31329  0.31329 
186  0.00000 -0.30564 -0.30564  0.30564 
187  0.48399 -1.13957 -0.65558  1.62356 
188  0.39672  0.00000  0.39672  0.39672 
189  0.38418  0.00000  0.38418  0.38418 
190  0.34758  0.00000  0.34758  0.34758 
191  0.00000 -0.16361 -0.16361  0.16361 
192  0.85834 -0.31147  0.54687  1.16981 
193  0.17122  0.00000  0.17122  0.17122 
194  0.00000  0.00000  0.00000  0.00000 
195  0.00000 -0.17412 -0.17412  0.17412 
196  0.00000 -0.17268 -0.17268  0.17268 
197  0.65616 -0.48864  0.16752  1.14480 
198  0.00000  0.00000  0.00000  0.00000 
199  0.04591  0.00000  0.04591  0.04591 
200  0.37102 -0.27156  0.09946  0.64258 
201  0.92648 -0.38353  0.54295  1.31001 
202  0.26337 -0.98022 -0.71685  1.24359 
203  0.17907  0.00000  0.17907  0.17907 
204  0.34528 -0.04747  0.29781  0.39275 
205  0.04744  0.00000  0.04744  0.04744 
206  0.16931 -0.69138 -0.52207  0.86069 
207  0.50731 -0.08251  0.42480  0.58982 
208  0.19994  0.00000  0.19994  0.19994 
209  1.12177 -0.69704  0.42473  1.81881 
210  1.96236  0.00000  1.96236  1.96236 
211  0.00000 -0.07411 -0.07411  0.07411 
212  1.37010 -0.16671  1.20339  1.53681 
213  1.72496  0.00000  1.72496  1.72496 
214  0.35210  0.00000  0.35210  0.35210 
215  0.00000 -0.42712 -0.42712  0.42712 
216  0.12324  0.00000  0.12324  0.12324 
217  0.00000  0.00000  0.00000  0.00000 
218  0.00000 -0.30031 -0.30031  0.30031 
219  0.26892 -0.43677 -0.16785  0.70569 
220  0.63880 -0.55947  0.07933  1.19827 
221  0.65849  0.00000  0.65849  0.65849 
222  0.00000  0.00000  0.00000  0.00000 
223  2.64891 -0.37534  2.27357  3.02425 
224  1.19904  0.00000  1.19904  1.19904 
225  0.00000  0.00000  0.00000  0.00000 
226  0.00000 -0.77435 -0.77435  0.77435 
227  0.22001 -0.36857 -0.14856  0.58858 
228  1.19404  0.00000  1.19404  1.19404 
229  0.41617  0.00000  0.41617  0.41617 
230  0.75738 -0.10418  0.65320  0.86156 
231  0.68842 -0.96789 -0.27947  1.65631 
232  1.86059 -0.28877  1.57182  2.14936 
233  0.00000  0.00000  0.00000  0.00000 
234  0.44247 -2.03856 -1.59609  2.48103 
235  0.42029  0.00000  0.42029  0.42029 
236  1.48220  0.00000  1.48220  1.48220 
237  0.65467 -0.85586 -0.20119  1.51053 
238  0.00000 -0.17016 -0.17016  0.17016 
239  0.00000  0.00000  0.00000  0.00000 
240  0.89078  0.00000  0.89078  0.89078 
241  0.25748  0.00000  0.25748  0.25748 
242  0.00000  0.00000  0.00000  0.00000 
243  0.64632  0.00000  0.64632  0.64632 
244  0.38656 -0.67333 -0.28677  1.05989 
245  0.40512  0.00000  0.40512  0.40512 
246  0.55657  0.00000  0.55657  0.55657 
247  0.12050  0.00000  0.12050  0.12050 
248  0.12428  0.00000  0.12428  0.12428 
249  0.66396 -0.58135  0.08261  1.24531 
250  0.00000  0.00000  0.00000  0.00000 
251  0.49980 -0.24782  0.25198  0.74762 
252  0.13449  0.00000  0.13449  0.13449 
253  0.71988  0.00000  0.71988  0.71988 
254  0.45986  0.00000  0.45986  0.45986 
255  0.37682  0.00000  0.37682  0.37682 
256  0.23260  0.00000  0.23260  0.23260 
257  0.32729 -0.33714 -0.00985  0.66443 
258  0.00000  0.00000  0.00000  0.00000 
259  0.00000 -0.27805 -0.27805  0.27805 
260  0.35494 -0.11812  0.23682  0.47306 
261  0.45345 -0.12547  0.32798  0.57892 
262  0.18357  0.00000  0.18357  0.18357 
263  0.00000  0.00000  0.00000  0.00000 
264  0.32821  0.00000  0.32821  0.32821 
265  0.00000  0.00000  0.00000  0.00000 
266  0.00000  0.00000  0.00000  0.00000 
267  0.00000  0.00000  0.00000  0.00000 
268  0.00000 -0.91355 -0.91355  0.91355 
269  0.00000  0.00000  0.00000  0.00000 
270  0.50932  0.00000  0.50932  0.50932 
271  0.00000  0.00000  0.00000  0.00000 
272  0.84043 -0.63710  0.20333  1.47753 
273  0.16146  0.00000  0.16146  0.16146 
274  1.36193  0.00000  1.36193  1.36193 
275  0.00000  0.00000  0.00000  0.00000 
276  0.87628 -0.25119  0.62509  1.12747 
277  1.56517  0.00000  1.56517  1.56517 
278  3.19905 -0.38946  2.80959  3.58851 
279  0.21981 -0.37743 -0.15762  0.59724 
280  0.78986 -0.19133  0.59853  0.98119 
281  0.11703 -0.24692 -0.12989  0.36395 
282  0.00000  0.00000  0.00000  0.00000 
283  2.09769  0.00000  2.09769  2.09769 
284  0.15091  0.00000  0.15091  0.15091 
285  2.28617  0.00000  2.28617  2.28617 
286  1.14389 -0.14534  0.99855  1.28923 
287  0.88760 -0.06681  0.82079  0.95441 
288  1.06771 -0.27155  0.79616  1.33926 
289  0.98876 -0.23688  0.75188  1.22564 
290  0.00000 -1.20925 -1.20925  1.20925 
291  0.00000  0.00000  0.00000  0.00000 
292  0.52121  0.00000  0.52121  0.52121 
293  0.83856  0.00000  0.83856  0.83856 
294  0.80588 -1.19223 -0.38635  1.99811 
295  0.00000 -0.08812 -0.08812  0.08812 
296  0.00000  0.00000  0.00000  0.00000 
297  0.00000  0.00000  0.00000  0.00000 
298  0.00000  0.00000  0.00000  0.00000 
299  0.41398 -0.46059 -0.04661  0.87457 
300  0.00000 -0.05195 -0.05195  0.05195 
301  0.33456  0.00000  0.33456  0.33456 
302  0.34679  0.00000  0.34679  0.34679 
303  0.97340 -1.03110 -0.05770  2.00450 
304  0.07839 -0.21330 -0.13491  0.29169 
305  0.00000 -1.62499 -1.62499  1.62499 
306  0.54522  0.00000  0.54522  0.54522 
307  0.00000  0.00000  0.00000  0.00000 
308  0.28626 -0.31460 -0.02834  0.60086 
309  0.23776 -0.10205  0.13571  0.33981 
310  0.00000  0.00000  0.00000  0.00000 
311  0.38791  0.00000  0.38791  0.38791 
312  0.52953 -0.15634  0.37319  0.68587 
313  1.12602  0.00000  1.12602  1.12602 
314  0.49231 -0.54794 -0.05563  1.04025 
315  0.40599  0.00000  0.40599  0.40599 
316  0.20321  0.00000  0.20321  0.20321 
317  0.00000  0.00000  0.00000  0.00000 
318  0.92840 -0.75548  0.17292  1.68388 
319  0.00000 -0.39616 -0.39616  0.39616 
320  0.30642 -0.13780  0.16862  0.44422 
321  0.00000 -0.69228 -0.69228  0.69228 
322  0.17379  0.00000  0.17379  0.17379 
323  0.18846 -0.10729  0.08117  0.29575 
324  0.07797  0.00000  0.07797  0.07797 
325  0.00000  0.00000  0.00000  0.00000 
326  0.12794  0.00000  0.12794  0.12794 
327  0.00000  0.00000  0.00000  0.00000 
328  0.00000 -0.00003 -0.00003  0.00003 
329  0.00000 -0.17337 -0.17337  0.17337 
330  0.24697 -0.26412 -0.01715  0.51109 
331  0.29540  0.00000  0.29540  0.29540 
332  0.00000  0.00000  0.00000  0.00000 
333  0.00000  0.00000  0.00000  0.00000 
334  0.00000  0.00000  0.00000  0.00000 
335  0.29149  0.00000  0.29149  0.29149 
336  0.00000  0.00000  0.00000  0.00000 
337  0.00000 -1.21172 -1.21172  1.21172 
338  0.00000 -0.16478 -0.16478  0.16478 
339  0.68458  0.00000  0.68458  0.68458 
340  0.38893 -0.35910  0.02983  0.74803 
341  0.00000  0.00000  0.00000  0.00000 
342  0.00000  0.00000  0.00000  0.00000 
343  0.00000  0.00000  0.00000  0.00000 
344  0.34988  0.00000  0.34988  0.34988 
345  0.00000  0.00000  0.00000  0.00000 
346  0.00000 -0.39627 -0.39627  0.39627 
347  0.10281  0.00000  0.10281  0.10281 
348  0.00000 -0.99882 -0.99882  0.99882 
349  0.00000 -0.43930 -0.43930  0.43930 
350  0.00000 -0.28536 -0.28536  0.28536 
351  0.41950  0.00000  0.41950  0.41950 
352  0.00000 -0.16330 -0.16330  0.16330 
353  0.00000  0.00000  0.00000  0.00000 
354  0.07658  0.00000  0.07658  0.07658 
355  0.11705 -0.50541 -0.38836  0.62246 
356  0.00000 -0.60814 -0.60814  0.60814 
357  0.15892  0.00000  0.15892  0.15892 
358  0.71785 -0.97225 -0.25440  1.69010 
359  0.00000  0.00000  0.00000  0.00000 
360  0.57585  0.00000  0.57585  0.57585 
361  0.26327  0.00000  0.26327  0.26327 
362  0.00000  0.00000  0.00000  0.00000 
363  0.00000  0.00000  0.00000  0.00000 
364  0.00000 -0.01966 -0.01966  0.01966 
365  0.00000  0.00000  0.00000  0.00000 
366  0.31342  0.00000  0.31342  0.31342 
367  0.00000  0.00000  0.00000  0.00000 
368  0.18865 -0.39506 -0.20641  0.58371 
369  0.42935  0.00000  0.42935  0.42935 
370  0.28159 -1.02278 -0.74119  1.30437 
371  0.00000  0.00000  0.00000  0.00000 
372  0.53268 -0.57243 -0.03975  1.10511 
373  0.00000  0.00000  0.00000  0.00000 
374  0.71425  0.00000  0.71425  0.71425 
375  0.26488 -0.25113  0.01375  0.51601 
376  0.33546  0.00000  0.33546  0.33546 
377  0.00000  0.00000  0.00000  0.00000 
378  0.31169 -0.27685  0.03484  0.58854 
379  0.00000 -0.16986 -0.16986  0.16986 
380  0.33942  0.00000  0.33942  0.33942 
381  1.51566 -0.83991  0.67575  2.35557 
382  0.56396  0.00000  0.56396  0.56396 
383  0.18381  0.00000  0.18381  0.18381 
384  0.00000 -0.65235 -0.65235  0.65235 
385  0.00000 -0.20684 -0.20684  0.20684 
386  0.80887  0.00000  0.80887  0.80887 
387  0.00000  0.00000  0.00000  0.00000 
388  0.32408  0.00000  0.32408  0.32408 
389  0.46592  0.00000  0.46592  0.46592 
390  0.60034  0.00000  0.60034  0.60034 
391  0.40382  0.00000  0.40382  0.40382 
392  0.00000 -0.65144 -0.65144  0.65144 
393  0.24338 -0.54414 -0.30076  0.78752 
394  0.00000  0.00000  0.00000  0.00000 
395  0.00000 -0.54351 -0.54351  0.54351 
396  0.42452  0.00000  0.42452  0.42452 
397  0.75962  0.00000  0.75962  0.75962 
398  0.00000 -0.13204 -0.13204  0.13204 
399  0.00000  0.00000  0.00000  0.00000 
400  0.00000 -0.34507 -0.34507  0.34507 
401  0.59101  0.00000  0.59101  0.59101 
402  0.81421  0.00000  0.81421  0.81421 
403  0.46381 -0.28163  0.18218  0.74544 
404  0.32461 -0.20959  0.11502  0.53420 
405  0.37131  0.00000  0.37131  0.37131 
406  0.00000 -0.22923 -0.22923  0.22923 
407  0.00000  0.00000  0.00000  0.00000 
408  0.30367  0.00000  0.30367  0.30367 
409  1.18231  0.00000  1.18231  1.18231 
410  0.84341  0.00000  0.84341  0.84341 
411  0.00000 -0.33160 -0.33160  0.33160 
412  1.55905  0.00000  1.55905  1.55905 
413  0.00000  0.00000  0.00000  0.00000 
414  0.00000 -0.50099 -0.50099  0.50099 
415  1.07898 -0.12383  0.95515  1.20281 
416  0.24628 -0.27087 -0.02459  0.51715 
417  0.00000  0.00000  0.00000  0.00000 
418  0.15257  0.00000  0.15257  0.15257 
419  0.00000  0.00000  0.00000  0.00000 
420  0.00000 -0.29040 -0.29040  0.29040 
421  0.00000  0.00000  0.00000  0.00000 
422  0.18994 -0.20137 -0.01143  0.39131 
423  0.00000  0.00000  0.00000  0.00000 
424  0.00000  0.00000  0.00000  0.00000 
425  0.00000  0.00000  0.00000  0.00000 
426  0.36190  0.00000  0.36190  0.36190 
427  0.13606 -0.30438 -0.16832  0.44044 
428  0.63889 -0.45704  0.18185  1.09593 
429  0.00000  0.00000  0.00000  0.00000 
430  0.19524  0.00000  0.19524  0.19524 
431  0.00000  0.00000  0.00000  0.00000 
432  0.00000  0.00000  0.00000  0.00000 
433  0.25609  0.00000  0.25609  0.25609 
434  0.00000 -0.32126 -0.32126  0.32126 
435  0.00000  0.00000  0.00000  0.00000 
436  0.00000  0.00000  0.00000  0.00000 
437  0.10965  0.00000  0.10965  0.10965 
438  0.00000  0.00000  0.00000  0.00000 
439  0.00000  0.00000  0.00000  0.00000 
440  0.00000  0.00000  0.00000  0.00000 
441  0.39033  0.00000  0.39033  0.39033 
442  0.71037  0.00000  0.71037  0.71037 
443  0.00000  0.00000  0.00000  0.00000 
444  0.00000  0.00000  0.00000  0.00000 
445  0.00000 -0.37723 -0.37723  0.37723 
446  0.00000 -0.20512 -0.20512  0.20512 
447  0.00000 -0.14393 -0.14393  0.14393 
448  0.70506  0.00000  0.70506  0.70506 
449  0.00000  0.00000  0.00000  0.00000 
450  0.00000  0.00000  0.00000  0.00000 
451  0.00000  0.00000  0.00000  0.00000 
452  0.00000  0.00000  0.00000  0.00000 
453  0.00000  0.00000  0.00000  0.00000 
454  0.00000 -0.75327 -0.75327  0.75327 
455  0.00000 -0.51144 -0.51144  0.51144 
456  0.20758 -0.37823 -0.17065  0.58581 
457  0.51343  0.00000  0.51343  0.51343 
458  0.00000  0.00000  0.00000  0.00000 
459  0.19648 -0.24374 -0.04726  0.44022 
460  0.48061  0.00000  0.48061  0.48061 
461  0.00000  0.00000  0.00000  0.00000 
462  0.00000  0.00000  0.00000  0.00000 
463  0.00000  0.00000  0.00000  0.00000 
464  0.00000  0.00000  0.00000  0.00000 
465  0.00000  0.00000  0.00000  0.00000 
466  0.00000  0.00000  0.00000  0.00000 
467  0.57929  0.00000  0.57929  0.57929 
468  0.93249 -0.33465  0.59784  1.26714 
469  0.00000  0.00000  0.00000  0.00000 
470  0.49684 -0.12625  0.37059  0.62309 
471  0.85698 -0.23042  0.62656  1.08740 
472  0.23686  0.00000  0.23686  0.23686 
473  0.20424 -0.16687  0.03737  0.37111 
474  0.33683 -0.72235 -0.38552  1.05918 
475  1.15706  0.00000  1.15706  1.15706 
476  0.29165 -1.79601 -1.50436  2.08766 
477  0.74917  0.00000  0.74917  0.74917 
478  0.14491  0.00000  0.14491  0.14491 
479  0.00000 -0.03343 -0.03343  0.03343 
480  0.42573  0.00000  0.42573  0.42573 
481  0.00000 -0.36599 -0.36599  0.36599 
482  0.22257  0.00000  0.22257  0.22257 
483  0.00000  0.00000  0.00000  0.00000 
484  0.00000  0.00000  0.00000  0.00000 
485  0.00000  0.00000  0.00000  0.00000 
486  0.00000  0.00000  0.00000  0.00000 
487  0.00000  0.00000  0.00000  0.00000 
488  0.00000 -0.62739 -0.62739  0.62739 
489  0.27998  0.00000  0.27998  0.27998 
490  0.72843 -1.37481 -0.64638  2.10324 
491  0.00000 -0.55438 -0.55438  0.55438 
492  0.00000  0.00000  0.00000  0.00000 
493  0.61102  0.00000  0.61102  0.61102 
494  0.00000  0.00000  0.00000  0.00000 
495  0.00000 -0.23675 -0.23675  0.23675 
496  0.00000  0.00000  0.00000  0.00000 
497  0.00000 -1.81181 -1.81181  1.81181 
498  0.00000 -0.13765 -0.13765  0.13765 
499  0.00000 -0.50170 -0.50170  0.50170 
500  0.24964  0.00000  0.24964  0.24964 
501  0.69153 -1.29982 -0.60829  1.99135 
502  0.39873  0.00000  0.39873  0.39873 
503  0.19287 -0.66020 -0.46733  0.85307 
504  0.00000  0.00000  0.00000  0.00000 
505  0.00000  0.00000  0.00000  0.00000 
506  0.71500  0.00000  0.71500  0.71500 
507  0.34021 -0.65243 -0.31222  0.99264 
508  0.33624 -0.39389 -0.05765  0.73013 
509  0.24113 -0.86457 -0.62344  1.10570 
510  0.75178 -0.41896  0.33282  1.17074 
511  0.55985 -0.22847  0.33138  0.78832 
512  0.00000 -0.64455 -0.64455  0.64455 
513  0.68825  0.00000  0.68825  0.68825 
514  0.22785 -0.52671 -0.29886  0.75456 
515  0.85368 -0.22795  0.62573  1.08163 
516  0.20580  0.00000  0.20580  0.20580 
517  0.11874 -0.57828 -0.45954  0.69702 
518  0.23319  0.00000  0.23319  0.23319 
519  0.00000 -1.04913 -1.04913  1.04913 
520  1.24950 -0.15224  1.09726  1.40174 
521  0.00000 -0.20654 -0.20654  0.20654 
522  0.00000  0.00000  0.00000  0.00000 
523  0.24923  0.00000  0.24923  0.24923 
524  0.13339 -0.45602 -0.32263  0.58941 
525  0.00000  0.00000  0.00000  0.00000 
526  0.00000 -0.31116 -0.31116  0.31116 
527  0.32971  0.00000  0.32971  0.32971 
528  0.00000  0.00000  0.00000  0.00000 
529  0.10888  0.00000  0.10888  0.10888 
530  0.00000  0.00000  0.00000  0.00000 
531  0.00000  0.00000  0.00000  0.00000 
532  0.00000  0.00000  0.00000  0.00000 
533  0.12801 -0.07248  0.05553  0.20049 
534  0.00000 -0.16862 -0.16862  0.16862 
535  0.00000  0.00000  0.00000  0.00000 
536  0.00000  0.00000  0.00000  0.00000 
537  0.00000  0.00000  0.00000  0.00000 
538  0.00000 -0.60235 -0.60235  0.60235 
539  0.64889 -0.18507  0.46382  0.83396 
540  0.16821  0.00000  0.16821  0.16821 
541  0.00000  0.00000  0.00000  0.00000 
542  0.00000 -0.27195 -0.27195  0.27195 
543  0.25104  0.00000  0.25104  0.25104 
544  0.00000  0.00000  0.00000  0.00000 
545  0.00000 -0.39133 -0.39133  0.39133 
546  0.00000  0.00000  0.00000  0.00000 
547  0.00000 -0.10483 -0.10483  0.10483 
548  0.00000 -0.15792 -0.15792  0.15792 
549  0.00000 -0.69350 -0.69350  0.69350 
550  0.64044 -0.24394  0.39650  0.88438 
551  0.36995 -0.57633 -0.20638  0.94628 
552  0.00000  0.00000  0.00000  0.00000 
553  0.00000 -0.70372 -0.70372  0.70372 
554  0.05655 -0.45599 -0.39944  0.51254 
555  1.02744 -0.37475  0.65269  1.40219 
556  0.50202 -0.10261  0.39941  0.60463 
557  0.51489  0.00000  0.51489  0.51489 
558  0.00000  0.00000  0.00000  0.00000 
559  0.00000 -0.19001 -0.19001  0.19001 
560  0.17225  0.00000  0.17225  0.17225 
561  0.36015 -0.62015 -0.26000  0.98030 
562  0.33603 -0.07578  0.26025  0.41181 
563  0.40466  0.00000  0.40466  0.40466 
564  0.00000  0.00000  0.00000  0.00000 
565  0.35036 -1.00041 -0.65005  1.35077 
