-100.00000  0.00009 
-0.27504 -0.44439 
-0.27332  0.01251 
 0.58801  0.26410 
-100.00000 -100.00000 
-100.00000 -100.00000 
-0.24871 -0.00015 
-100.00000 -100.00000 
-0.24478  0.26033 
-100.00000  0.12166 
 0.50447  0.50138 
-0.36785  0.18418 
 0.00005 -100.00000 
 0.03059  0.04044 
 0.37863 -0.39060 
 0.13752 -100.00000 
-0.16302  0.03066 
-100.00000 -100.00000 
 0.64983  0.25048 
-100.00000 -100.00000 
 0.24837 -100.00000 
-100.00000 -100.00000 
 0.26800 -0.69183 
-100.00000  0.26313 
-100.00000 -100.00000 
 0.27624 -0.55406 
 0.27324  0.34443 
-0.32805  0.29437 
 0.00000  0.00000 
 0.01866  0.05072 
-100.00000 -100.00000 
-0.25062  0.26307 
-100.00000 -100.00000 
-100.00000 -100.00000 
-100.00000 -100.00000 
 0.00002 -100.00000 
-0.37804  0.36086 
 0.44212 -100.00000 
-100.00000 -100.00000 
 0.75426  0.61077 
-100.00000 -100.00000 
 0.24780  0.10440 
-100.00000 -100.00000 
-100.00000  0.37857 
 0.02168 -100.00000 
 0.00000  0.00000 
-100.00000  0.00020 
 0.59629  0.06702 
-100.00000 -100.00000 
 0.13759 -100.00000 
-100.00000 -0.14840 
-0.65813 -0.19703 
 0.00000  0.00000 
-100.00000 -100.00000 
 0.07191 -0.04890 
-0.35194 -0.29098 
-100.00000 -100.00000 
-100.00000 -100.00000 
 0.13762  0.13754 
 0.41374  0.07423 
 0.52772  0.02289 
-0.11283 -0.00013 
-100.00000 -100.00000 
 0.00006 -100.00000 
 0.32878 -0.58927 
 0.01838  0.37819 
-100.00000 -100.00000 
-0.08403 -0.48745 
-0.38708 -0.02502 
 0.13764  0.26305 
 0.13281 -0.29653 
-0.17916 -0.18378 
-0.49928  0.05938 
-0.22542 -100.00000 
 0.26249 -0.30055 
-0.00004 -100.00000 
-100.00000 -100.00000 
-100.00000 -100.00000 
-0.03402  0.16660 
-100.00000 -100.00000 
-0.09343  0.03183 
 0.57941 -0.12502 
-0.36013  0.37856 
-0.00009  0.00004 
-100.00000 -100.00000 
 0.00000  0.00000 
-100.00000 -100.00000 
 0.26304 -100.00000 
 0.33393  1.06493 
 0.15006 -0.12597 
 0.67372 -0.64177 
 0.00000  0.00000 
-100.00000 -100.00000 
 0.00000  0.00000 
-0.11217 -100.00000 
 0.42458  0.26311 
-100.00000 -100.00000 
-100.00000 -100.00000 
-0.33556 -0.05894 
-0.50044 -0.78716 
 0.19645 -0.33308 
 0.00000  0.00000 
-100.00000 -100.00000 
-0.06158  0.68984 
-100.00000 -100.00000 
 0.29184 -0.44129 
-100.00000  0.00004 
-100.00000  0.00005 
 0.69525  0.20044 
-100.00000 -100.00000 
-0.01843 -0.14972 
-100.00000 -100.00000 
 0.33829 -0.37748 
 0.00009  0.58517 
 0.70223  0.44107 
-100.00000 -100.00000 
-100.00000 -100.00000 
-100.00000 -100.00000 
 0.62125 -0.40318 
-100.00000 -100.00000 
-100.00000 -100.00000 
-0.17322 -0.40292 
 0.00000  0.00000 
 0.00000  0.00000 
-0.00006 -100.00000 
 0.00000  0.00000 
 0.00000  0.00000 
 0.21487  0.52695 
-100.00000 -100.00000 
 0.10270 -0.27161 
 0.14855  0.54796 
-100.00000 -100.00000 
-100.00000 -100.00000 
-0.18203  0.32496 
-0.29489 -0.29593 
 0.53328  0.13634 
-0.76297 -0.08148 
 0.00000  0.00000 
 0.00000  0.00000 
-100.00000 -100.00000 
-0.68722 -0.00251 
 0.81061 -0.19898 
-0.00018  0.26320 
 0.37859 -100.00000 
 0.10361 -0.15659 
 0.24347 -0.60333 
-100.00000 -100.00000 
-0.16264  0.30636 
 0.00417  0.27965 
 0.07864  0.14745 
 0.00000  0.00000 
 0.13758  0.34791 
 0.00000  0.00000 
-0.08635  0.05159 
-0.11193 -0.04122 
-0.05993 -100.00000 
-0.75869  0.22272 
 0.00000  0.00000 
 0.00000  0.00000 
-0.02062 -0.74879 
-100.00000 -100.00000 
-0.16056  0.26304 
 0.81370  0.15122 
 0.12143 -0.14744 
-100.00000  0.26308 
-100.00000 -100.00000 
-100.00000 -100.00000 
 0.13269 -0.14547 
-0.24922  0.46943 
-0.08552  0.67796 
-0.82250  0.03964 
-0.05759 -0.44358 
 0.00000  0.00000 
-100.00000 -0.14961 
 0.15514 -0.07157 
 0.51776 -0.38586 
-0.18186 -100.00000 
-0.01691  0.59438 
-0.37897 -0.09897 
 0.00000  0.00000 
-100.00000  0.13751 
-0.35005  0.21370 
-0.51360  0.71566 
 0.49190 -0.43695 
-100.00000 -100.00000 
-0.27551 -0.00005 
 0.37837 -100.00000 
 0.18074  0.51693 
-100.00000 -100.00000 
-100.00000 -100.00000 
-100.00000 -100.00000 
-100.00000 -100.00000 
-100.00000 -100.00000 
-0.58706 -0.25082 
-100.00000 -100.00000 
-100.00000 -100.00000 
 0.13743 -0.16284 
 0.31464 -0.08456 
 0.00000  0.00000 
 0.00000  0.00000 
 0.00000  0.00000 
-0.34207 -100.00000 
-100.00000 -100.00000 
-100.00000 -100.00000 
 0.43781 -0.21163 
 0.00000  0.00000 
-100.00000 -100.00000 
-100.00000 -0.13806 
 0.00000  0.00000 
 0.03728  0.26755 
-0.50634  0.14267 
 0.11677 -0.53220 
 0.10103  0.24308 
 0.40534 -0.16055 
-100.00000 -100.00000 
 0.00000  0.00000 
-100.00000 -100.00000 
-0.13919  0.51939 
 0.00000  0.00000 
 0.00000  0.00000 
-0.04880  0.67789 
 0.49739 -0.11908 
 0.44386 -0.24016 
-0.17574 -1.00894 
 0.00002 -100.00000 
-0.22119  0.37923 
 0.10743 -0.18628 
 0.03125  0.23575 
 0.54875 -0.37353 
-0.00030 -0.12709 
-0.19179  0.25086 
 0.11569  0.67300 
 0.09320 -0.58980 
-0.26471 -0.21477 
 0.05673  0.00744 
-0.11857 -0.25947 
 0.06703  0.68056 
-0.13417 -0.10452 
-100.00000  0.00517 
 0.00028 -0.05258 
-100.00000 -100.00000 
-100.00000 -0.19923 
-100.00000 -100.00000 
-0.53219 -0.37458 
-100.00000 -100.00000 
-100.00000 -100.00000 
-100.00000 -100.00000 
-0.86060  0.15457 
 0.18849  0.06530 
-100.00000 -100.00000 
-0.51356 -0.00099 
-0.05166  0.32917 
 0.30979  0.00099 
 0.67274  0.00182 
-0.19502 -0.63953 
-100.00000 -100.00000 
-0.66621 -0.12727 
-0.52788 -0.24381 
-100.00000 -0.12795 
 0.10801  0.43620 
-0.19948  0.49091 
 0.15159 -0.06091 
 0.32112  0.66051 
-100.00000 -100.00000 
-100.00000 -100.00000 
-0.65295  0.12436 
-0.10620 -0.09352 
-0.39256 -0.38188 
-100.00000 -100.00000 
 0.40430  0.11474 
 0.27884 -0.00406 
 0.13526  0.09833 
-100.00000 -100.00000 
 0.00000  0.00000 
-0.00531  0.26306 
-1.40152 -0.01098 
-0.15648  0.30346 
 0.38334  0.17502 
 0.00000  0.00000 
 0.54367  0.52747 
-0.00982  0.34651 
-100.00000 -100.00000 
-1.28926  0.07727 
 0.00000  0.00000 
 0.78290 -0.08196 
-0.22885  0.30583 
 0.00000  0.00000 
-0.24801 -0.12285 
-0.87877  0.05650 
 0.35372 -0.30801 
-0.21833  0.13768 
-0.23718  0.00873 
 0.09970  0.16868 
 0.13296  0.22634 
-0.00507 -0.02971 
-100.00000 -100.00000 
-0.91750 -100.00000 
-0.01881  0.58501 
-0.12431  0.41808 
-100.00000 -0.16714 
-0.24926 -0.31369 
-100.00000 -100.00000 
-0.52424  0.11154 
 0.00000  0.00000 
-0.60268  0.12763 
-0.37187 -100.00000 
-0.35542 -0.30879 
 0.36938  0.21569 
-100.00000 -100.00000 
 0.26157  0.33428 
-100.00000 -100.00000 
-0.17323 -0.08327 
-0.01773  0.20352 
 0.42188 -0.53241 
-0.64993  0.08911 
-100.00000 -100.00000 
-100.00000 -100.00000 
 0.36178 -0.53317 
-0.00932 -0.02963 
 0.46968 -0.23578 
 0.59946 -0.00008 
-100.00000 -100.00000 
-100.00000 -100.00000 
 0.47444 -0.18868 
 0.00000  0.00000 
 0.52615 -0.19638 
-0.59555 -0.19738 
 0.21588 -0.54890 
-0.12611 -0.16503 
-100.00000 -100.00000 
-100.00000 -100.00000 
-0.00464 -100.00000 
-100.00000 -100.00000 
-100.00000 -100.00000 
-100.00000  0.26304 
 0.58504 -100.00000 
-0.29921 -0.03756 
-0.26455  0.03922 
 0.00000  0.00000 
-0.14565 -100.00000 
-0.00006 -100.00000 
-100.00000 -100.00000 
-0.33412 -100.00000 
 0.21674  0.65561 
-0.50251  0.67816 
-0.43721 -0.05501 
-0.68270 -100.00000 
-0.45855 -0.14448 
-0.00025 -0.02911 
-0.49477  0.13325 
-0.29047  0.00294 
-0.01383 -0.00261 
-100.00000 -0.17939 
-100.00000 -100.00000 
-100.00000 -100.00000 
-100.00000 -100.00000 
-100.00000 -100.00000 
-0.80411  0.36142 
-100.00000 -100.00000 
-100.00000 -100.00000 
-0.24850 -100.00000 
-100.00000 -100.00000 
-100.00000 -100.00000 
-100.00000 -100.00000 
-0.26798  0.21138 
 0.23594  0.30973 
 0.00000 -0.16721 
-100.00000 -100.00000 
 0.00000 -100.00000 
-1.37716 -0.20153 
-0.51514  0.34942 
 0.08440  0.18874 
-100.00000 -100.00000 
-100.00000 -100.00000 
 0.00000  0.00000 
 0.01572  0.21343 
-0.00876 -0.16709 
 0.02827  0.61244 
-0.45831 -0.20507 
-100.00000 -100.00000 
-100.00000  0.01159 
-0.11476  0.13739 
 0.00000  0.00000 
-0.24254  0.26305 
-0.48755 -0.13410 
 0.40141 -0.06555 
-0.00341  0.11233 
-0.13794  0.13756 
-0.26772 -0.59523 
 0.23718 -0.04551 
-100.00000  0.26308 
-0.15532  0.09405 
 0.41119  0.02412 
-100.00000 -100.00000 
-0.00006 -100.00000 
 0.77636  0.32622 
 0.00000  0.00000 
-100.00000 -100.00000 
-100.00000  0.26320 
-0.54297  0.00849 
-100.00000  0.12981 
-100.00000 -100.00000 
-0.15088  0.92719 
-0.52596  0.51162 
-100.00000 -100.00000 
-0.36533  0.20495 
 0.23753 -100.00000 
 1.77156 -0.07218 
 0.10534 -0.36996 
 0.18902 -0.07926 
-0.00003 -100.00000 
 0.82160 -100.00000 
-0.08188  0.09280 
-0.22793  0.24671 
-0.13704 -0.22641 
 0.06340  0.10616 
-100.00000 -100.00000 
-100.00000 -100.00000 
 0.37838 -0.11708 
-100.00000 -100.00000 
-0.20888 -100.00000 
 0.20772 -0.24190 
 0.36945 -0.45150 
-0.08857  0.29646 
-100.00000 -100.00000 
-0.77036 -100.00000 
-0.25337 -0.22819 
-100.00000 -100.00000 
-100.00000 -100.00000 
-100.00000 -100.00000 
 0.34254 -0.17362 
-100.00000 -100.00000 
-100.00000 -100.00000 
-0.11983 -0.40005 
-100.00000 -100.00000 
-0.00007 -100.00000 
-100.00000 -100.00000 
-0.09888 -0.13208 
-100.00000  0.38264 
-100.00000 -100.00000 
-0.54396 -100.00000 
 0.07334  0.10125 
-100.00000 -100.00000 
-100.00000 -100.00000 
-100.00000 -100.00000 
-100.00000 -100.00000 
-0.35688  0.74314 
-100.00000 -100.00000 
-0.44443  0.12922 
-100.00000  0.22858 
 0.74893 -0.24153 
-0.35005 -100.00000 
 0.77377  0.08039 
-100.00000 -100.00000 
-100.00000 -100.00000 
 0.32704 -0.08468 
 0.51257  0.37374 
-100.00000 -100.00000 
-100.00000 -100.00000 
-0.22775  0.60205 
-100.00000 -100.00000 
-100.00000 -100.00000 
-0.38017 -100.00000 
-100.00000  0.20271 
-100.00000 -100.00000 
-100.00000  0.00008 
 0.00000  0.00000 
 0.04878  0.08191 
-0.08518 -0.06625 
 0.13750  0.24462 
-0.30719  0.24986 
 0.74318 -0.25639 
 0.11405  0.45110 
-100.00000 -100.00000 
-100.00000  0.37853 
 0.36917 -0.14736 
-100.00000 -100.00000 
 0.12824 -0.14108 
-100.00000 -100.00000 
-100.00000 -0.14915 
-0.05143 -0.07221 
-0.02936 -0.26445 
 0.38084 -0.22044 
-100.00000 -0.15062 
-100.00000 -100.00000 
-0.35643  0.17508 
-0.00927 -100.00000 
-0.35640 -0.81222 
 0.17741 -0.14910 
-0.63080 -0.62213 
-0.48195 -0.15011 
-100.00000 -100.00000 
-0.67831 -0.22087 
 0.00000  0.00000 
-100.00000 -100.00000 
-0.00955 -0.02462 
-0.33053 -0.23627 
-0.00003 -0.15015 
 0.26147  0.45753 
-0.14679  0.13757 
-0.03902 -0.42578 
 0.23161 -0.37035 
 0.19197 -0.07988 
-0.61817  0.36669 
 0.00019 -100.00000 
 0.00000  0.00000 
-0.00006  0.29739 
-0.00964  0.61456 
 0.00000  0.00000 
-0.59639 -0.53975 
 0.55983  0.05824 
 0.21228  0.07609 
-0.04994  0.18566 
-0.32265  0.19836 
 0.70342  0.17639 
-100.00000 -100.00000 
-0.42833 -0.04056 
-0.36992 -0.00695 
-100.00000 -100.00000 
 0.11765  0.30731 
 0.40953 -0.24464 
-0.24098 -0.15043 
 0.00000  0.00000 
 0.33280 -0.43536 
-0.42425 -100.00000 
 0.22220 -0.11379 
 0.32824  0.13744 
 0.00007  0.37835 
-0.16804 -0.09937 
-0.28950  0.13753 
-0.15096  0.12073 
-0.00005 -0.39707 
 0.00013  0.11485 
 0.00000  0.00000 
-0.14844 -1.06425 
-100.00000 -100.00000 
-100.00000 -0.14801 
 0.00000  0.00000 
 0.00000  0.00000 
-0.01783  0.14668 
 0.76569 -100.00000 
-0.00013  0.22776 
 0.44663  0.21392 
-100.00000 -0.00002 
 0.00000  0.00000 
-100.00000 -100.00000 
-100.00000 -100.00000 
-0.00967 -0.27426 
 0.11571 -0.00011 
 0.00000  0.00000 
-0.55772 -0.05797 
-100.00000 -100.00000 
-0.13936 -0.38986 
-100.00000  0.26310 
 0.00000  0.00000 
 0.14648  0.62386 
 0.13765 -100.00000 
 0.00000  0.00000 
 0.13174  0.05539 
 0.13749 -100.00000 
-100.00000 -0.14871 
-1.25930  0.13748 
-100.00000 -100.00000 
 0.37857  0.33441 
-100.00000 -0.28733 
