-100.00000 -100.00000 
 0.00038 -100.00000 
-0.46936 -0.01649 
-100.00000  0.13769 
-100.00000 -100.00000 
-100.00000 -100.00000 
 0.13852 -0.00458 
-100.00000 -100.00000 
-100.00000 -100.00000 
-0.08413 -0.46594 
-100.00000 -100.00000 
-100.00000 -100.00000 
-100.00000 -100.00000 
-0.14695 -0.12877 
-100.00000 -100.00000 
 0.00000  0.00000 
-100.00000 -100.00000 
 0.00000  0.00000 
-100.00000  0.13771 
-100.00000 -100.00000 
-100.00000 -100.00000 
-100.00000 -100.00000 
-0.07114 -0.17696 
 0.13752 -100.00000 
-100.00000  0.00009 
-100.00000 -100.00000 
 0.67156 -0.10435 
 0.02581 -0.09598 
-100.00000 -100.00000 
-100.00000 -100.00000 
 0.00000  0.00000 
-100.00000 -100.00000 
 0.00001 -100.00000 
 0.00000  0.00000 
-100.00000 -100.00000 
-100.00000 -100.00000 
-100.00000 -100.00000 
 0.12274  0.37409 
-100.00000 -100.00000 
-0.25218 -0.07347 
-100.00000 -100.00000 
-100.00000 -100.00000 
-100.00000 -100.00000 
-100.00000 -100.00000 
 0.24689 -100.00000 
-100.00000 -100.00000 
-100.00000  0.00017 
-0.56820  0.11931 
-100.00000 -100.00000 
-100.00000 -100.00000 
 0.12573  0.09799 
 0.00000  0.00000 
-100.00000 -0.11158 
-100.00000 -100.00000 
 0.28341 -0.08284 
-100.00000 -100.00000 
-100.00000 -100.00000 
-100.00000 -100.00000 
-100.00000 -100.00000 
-100.00000  0.00010 
-100.00000 -100.00000 
-100.00000 -0.78843 
-100.00000 -100.00000 
-100.00000 -100.00000 
-0.58373 -0.01370 
-100.00000 -100.00000 
-100.00000 -100.00000 
-0.43382 -1.06523 
-100.00000 -100.00000 
-0.37503  0.58507 
-100.00000  0.00008 
-100.00000 -100.00000 
 0.11417 -0.20667 
-100.00000 -100.00000 
-100.00000 -100.00000 
-100.00000 -100.00000 
-100.00000 -100.00000 
-100.00000 -0.00001 
-100.00000 -100.00000 
-100.00000 -100.00000 
 0.49073 -0.33448 
-100.00000 -100.00000 
 0.04221  0.19736 
-100.00000 -100.00000 
 0.00000  0.00000 
-0.07230  0.59277 
-100.00000 -0.00001 
 0.00001 -100.00000 
 0.31881 -0.44830 
 1.36283  0.58293 
-100.00000 -100.00000 
-0.30016  0.00021 
-100.00000 -100.00000 
-100.00000 -100.00000 
-0.46238  0.26307 
-100.00000 -100.00000 
-100.00000 -100.00000 
 0.54364 -0.11918 
-0.09121  0.48587 
-100.00000 -0.52639 
-1.04300  0.95457 
-100.00000  0.00043 
 0.05933 -0.64271 
 0.18122 -0.09659 
-100.00000 -100.00000 
-100.00000 -100.00000 
-100.00000 -100.00000 
 0.26298  0.00336 
-100.00000 -100.00000 
-100.00000 -100.00000 
 0.00000  0.00000 
-100.00000 -100.00000 
-0.02298 -100.00000 
 0.00000  0.00000 
-100.00000  0.11657 
-0.26329 -0.61209 
-0.29820  0.00644 
-100.00000 -100.00000 
-100.00000 -100.00000 
 0.42457  0.32838 
-100.00000 -100.00000 
-100.00000 -100.00000 
-100.00000 -100.00000 
-0.43663  0.24440 
-100.00000 -100.00000 
-0.93462 -0.13397 
 0.37855  0.13785 
-100.00000 -100.00000 
 0.05927 -0.76987 
-100.00000 -100.00000 
-100.00000 -100.00000 
 0.58501  0.00631 
-100.00000 -100.00000 
-100.00000 -100.00000 
 0.32854 -0.53117 
-0.74408 -0.00221 
-0.57019  1.09627 
-100.00000 -1.23963 
-100.00000 -100.00000 
-100.00000 -100.00000 
-100.00000  0.48568 
-0.18939  0.72759 
-100.00000 -100.00000 
-100.00000 -100.00000 
 0.80150  0.72472 
-0.19221  0.12437 
-100.00000 -100.00000 
-100.00000 -100.00000 
-100.00000 -100.00000 
-100.00000 -100.00000 
-100.00000 -100.00000 
-100.00000 -100.00000 
 0.00072 -100.00000 
-0.13582  1.20474 
 1.00974  0.58406 
 0.00032  0.01278 
-0.82059  0.00114 
-100.00000 -100.00000 
-100.00000  1.13762 
-100.00000 -100.00000 
-100.00000 -100.00000 
-100.00000 -100.00000 
 0.43037 -0.19366 
-100.00000 -100.00000 
-100.00000 -100.00000 
-100.00000 -100.00000 
-100.00000 -100.00000 
-100.00000 -100.00000 
-100.00000 -100.00000 
 0.13707  0.00075 
-0.38729  0.17579 
 0.00000  0.00000 
-0.24507  1.21286 
-100.00000 -0.13390 
 0.24313  0.10518 
-100.00000 -100.00000 
-100.00000 -100.00000 
-100.00000 -100.00000 
 0.18103 -0.45110 
-100.00000  0.37789 
-100.00000  0.12908 
-100.00000  0.00062 
-0.02497 -0.09166 
 0.18132 -0.39294 
-100.00000 -100.00000 
-0.04222  0.52596 
-100.00000 -100.00000 
-0.45640  0.26183 
 0.00015 -0.11903 
-100.00000 -100.00000 
-100.00000 -100.00000 
-100.00000 -100.00000 
-100.00000 -100.00000 
-0.09682  0.19731 
-100.00000 -100.00000 
-100.00000 -100.00000 
-0.00007  0.24297 
-100.00000 -100.00000 
-100.00000 -100.00000 
-100.00000 -100.00000 
-100.00000 -100.00000 
 0.00000  0.00000 
 0.24367 -0.77863 
-100.00000 -100.00000 
 0.55441 -100.00000 
 0.36252  0.79156 
-100.00000 -100.00000 
-100.00000  0.13743 
 0.09397 -0.56598 
 0.33891  0.51606 
-0.11995 -100.00000 
-0.16414  0.21892 
-0.00498  0.21265 
-100.00000 -100.00000 
-100.00000 -100.00000 
-0.00084  0.00110 
-100.00000 -100.00000 
-100.00000 -100.00000 
-0.14297 -100.00000 
-0.02819  0.01720 
 0.28031  0.13308 
-100.00000 -100.00000 
 0.08736  1.08646 
-100.00000 -100.00000 
-100.00000 -100.00000 
-0.00020  0.00015 
 0.26298  0.13746 
-100.00000 -100.00000 
 0.38091  0.30200 
-100.00000 -100.00000 
-0.01668 -0.29012 
-0.00648  0.00845 
-100.00000 -100.00000 
-100.00000 -100.00000 
-100.00000  0.58583 
 0.19101  0.13819 
-0.00812 -100.00000 
 0.00000  0.00000 
-100.00000 -100.00000 
-100.00000  0.01515 
-100.00000 -100.00000 
-100.00000 -100.00000 
-100.00000 -100.00000 
 0.46571 -0.36769 
-100.00000  0.00009 
 0.13787 -100.00000 
-100.00000 -100.00000 
-100.00000  0.13761 
-100.00000 -100.00000 
-100.00000 -100.00000 
-0.58862  0.29524 
-100.00000  0.00310 
 0.30979 -0.47827 
 0.00000  0.00000 
-100.00000  0.13727 
-100.00000 -100.00000 
-100.00000  0.00097 
-100.00000 -100.00000 
-0.50923  0.36859 
-100.00000 -100.00000 
-100.00000 -0.00017 
 0.44713  0.01249 
-0.01992  0.21205 
-100.00000 -100.00000 
-100.00000 -100.00000 
-100.00000 -100.00000 
-100.00000 -100.00000 
-100.00000 -100.00000 
-100.00000 -100.00000 
-100.00000  0.13768 
-100.00000 -100.00000 
-100.00000 -100.00000 
-100.00000 -100.00000 
-0.87339  1.29929 
-100.00000 -100.00000 
-0.23535  0.58427 
 1.04852  0.00173 
 0.38740  0.34437 
-100.00000 -100.00000 
-0.50263 -0.05999 
-100.00000 -100.00000 
-100.00000 -100.00000 
-100.00000 -100.00000 
-100.00000 -100.00000 
 0.32446 -0.10093 
-100.00000 -100.00000 
-0.00504  0.13736 
-100.00000 -100.00000 
 0.65750 -1.26566 
-0.06820  0.76001 
-100.00000 -100.00000 
-0.35325  0.13513 
-100.00000 -100.00000 
 0.75157  0.44482 
-100.00000 -100.00000 
-100.00000 -100.00000 
-100.00000 -100.00000 
-100.00000 -100.00000 
 0.49958  0.14029 
-100.00000 -100.00000 
 0.23833 -0.00563 
-100.00000 -100.00000 
-0.05166  0.84552 
-100.00000 -100.00000 
-0.79834 -1.88301 
-100.00000 -100.00000 
-100.00000 -100.00000 
-100.00000 -100.00000 
-100.00000  0.00010 
 0.59599  0.44998 
-100.00000 -100.00000 
 0.89025 -0.25948 
-100.00000 -100.00000 
 0.48528  0.50754 
-100.00000 -100.00000 
-100.00000 -100.00000 
-100.00000 -100.00000 
-0.31145  0.21755 
-100.00000 -100.00000 
-100.00000 -100.00000 
-100.00000 -100.00000 
-0.26816 -100.00000 
 0.37877 -0.63781 
-100.00000 -100.00000 
-100.00000 -100.00000 
-100.00000  0.12304 
-100.00000 -100.00000 
-100.00000 -100.00000 
-100.00000 -100.00000 
-100.00000 -100.00000 
-100.00000 -100.00000 
-100.00000 -100.00000 
-100.00000 -100.00000 
-100.00000  0.13748 
-100.00000 -100.00000 
-0.14304 -0.32407 
-100.00000 -0.00127 
-100.00000 -100.00000 
-100.00000 -100.00000 
-100.00000 -100.00000 
-100.00000 -100.00000 
-100.00000 -100.00000 
-100.00000 -100.00000 
 0.19012 -0.47053 
-100.00000 -100.00000 
-100.00000 -100.00000 
-100.00000 -100.00000 
 0.61257 -0.00230 
-100.00000 -100.00000 
-0.26887 -0.95303 
-0.61240 -0.49405 
-100.00000 -100.00000 
-100.00000 -100.00000 
 0.06718  0.10261 
-100.00000 -100.00000 
-100.00000 -100.00000 
-100.00000 -100.00000 
-100.00000 -0.42438 
-100.00000 -100.00000 
-100.00000 -100.00000 
-100.00000 -100.00000 
 0.00000  0.00000 
-100.00000 -100.00000 
-100.00000 -100.00000 
-100.00000  0.13748 
 0.29169  0.14991 
-100.00000 -100.00000 
 0.13749 -100.00000 
-100.00000  0.13801 
-100.00000  0.00079 
 0.17679 -0.45012 
-0.48551  0.36142 
-0.00017 -100.00000 
-100.00000 -100.00000 
 0.26306  0.26306 
 0.58304  0.14255 
 0.12270 -100.00000 
-100.00000 -100.00000 
-100.00000 -100.00000 
 0.00000  0.00000 
-100.00000 -100.00000 
-100.00000  0.00022 
-100.00000 -100.00000 
-100.00000 -100.00000 
-100.00000 -100.00000 
 0.63423  0.47919 
-0.13843  0.13754 
-100.00000 -100.00000 
-0.04684 -0.29144 
-100.00000 -100.00000 
-100.00000 -100.00000 
-100.00000 -100.00000 
 0.31869 -0.23513 
-100.00000 -100.00000 
-100.00000 -100.00000 
 0.67577  0.24580 
-100.00000 -100.00000 
 0.37845 -100.00000 
-100.00000 -100.00000 
-0.10874  0.13765 
-100.00000 -100.00000 
-100.00000 -100.00000 
 0.46582  0.01764 
-100.00000 -100.00000 
-100.00000 -100.00000 
-100.00000 -100.00000 
-100.00000 -100.00000 
-0.47199 -0.09067 
-100.00000 -100.00000 
 0.17739  0.40262 
-100.00000 -100.00000 
-0.38004  0.00570 
-100.00000 -100.00000 
-0.05376  0.30603 
-0.58897  0.08143 
-100.00000 -100.00000 
-100.00000 -0.25864 
-100.00000 -100.00000 
-100.00000 -100.00000 
-100.00000 -100.00000 
-0.53658 -0.22123 
-0.09075 -0.42748 
-100.00000 -100.00000 
-0.00515 -0.46829 
-100.00000 -100.00000 
-100.00000 -100.00000 
-100.00000 -100.00000 
 0.00000  0.00000 
 0.00000  0.00000 
-100.00000 -100.00000 
-100.00000 -100.00000 
-100.00000 -100.00000 
 0.00000  0.00000 
-100.00000 -100.00000 
-100.00000 -100.00000 
-100.00000 -100.00000 
-100.00000 -100.00000 
-0.35751  0.67430 
-100.00000 -100.00000 
 0.66072  0.12071 
-100.00000 -100.00000 
-100.00000 -100.00000 
-100.00000 -0.12067 
-100.00000 -100.00000 
-100.00000 -100.00000 
 0.12492  0.67805 
-0.61992  0.71284 
 0.58498  0.50694 
-100.00000 -100.00000 
-100.00000 -100.00000 
-100.00000 -100.00000 
 0.00000  0.00000 
-100.00000 -100.00000 
-100.00000 -100.00000 
 0.00000  0.00000 
-0.13857 -0.60171 
-0.88852  0.27203 
-100.00000 -100.00000 
-100.00000 -100.00000 
-0.05917  0.71839 
-100.00000 -100.00000 
-100.00000 -100.00000 
-0.35229  0.62582 
-100.00000 -100.00000 
-100.00000 -100.00000 
-100.00000 -100.00000 
-100.00000  0.13726 
-100.00000 -100.00000 
-100.00000 -100.00000 
-100.00000 -0.13491 
-0.00372 -0.94304 
 0.10221  0.12928 
-0.58764  0.26280 
-100.00000 -100.00000 
-0.13813  0.37031 
-100.00000  0.26290 
-100.00000 -100.00000 
-0.81125 -0.25641 
-100.00000 -100.00000 
-100.00000  0.00010 
-100.00000 -100.00000 
 0.36329  0.47374 
-100.00000 -100.00000 
-0.40308  0.00010 
-100.00000 -100.00000 
-0.00021 -100.00000 
-100.00000 -100.00000 
 0.00000  0.00000 
 0.29788 -0.01886 
 0.38053  0.27544 
-100.00000 -100.00000 
-100.00000 -100.00000 
-0.49376  0.22386 
-100.00000  0.00031 
-100.00000 -100.00000 
-100.00000 -100.00000 
 0.07347 -0.55998 
-100.00000  0.00009 
-100.00000  0.55229 
-100.00000 -0.31053 
 0.00000  0.00000 
-100.00000 -100.00000 
-100.00000 -100.00000 
-100.00000  0.00023 
 0.26322 -0.31017 
-100.00000 -100.00000 
 0.56036  0.05243 
 0.56749  0.36805 
-100.00000 -100.00000 
-0.14730 -100.00000 
-100.00000 -100.00000 
-0.53229  0.58544 
-0.59051 -100.00000 
 0.14603 -0.40334 
-0.93035  1.05150 
-100.00000 -100.00000 
 0.00000  0.00000 
-100.00000 -100.00000 
-100.00000 -100.00000 
-0.00948  0.00022 
-100.00000 -100.00000 
 0.62202  0.17734 
-100.00000 -0.10999 
 0.26280  0.00023 
 0.13621 -100.00000 
-100.00000 -100.00000 
 0.00018  0.13778 
 0.08078 -100.00000 
-100.00000 -100.00000 
-100.00000 -100.00000 
-100.00000 -100.00000 
-100.00000 -100.00000 
 0.13763 -0.16862 
-100.00000 -100.00000 
-100.00000 -100.00000 
-100.00000 -100.00000 
-100.00000 -100.00000 
-100.00000 -100.00000 
-100.00000 -100.00000 
-100.00000 -100.00000 
-100.00000 -100.00000 
-100.00000 -100.00000 
-100.00000 -100.00000 
-0.00005  0.02713 
-100.00000 -100.00000 
-100.00000 -100.00000 
-100.00000 -100.00000 
-100.00000 -100.00000 
-100.00000 -100.00000 
-100.00000 -100.00000 
-100.00000 -100.00000 
-100.00000  0.00015 
-100.00000 -100.00000 
-100.00000 -100.00000 
-100.00000 -0.83347 
 0.65802  0.29464 
-100.00000 -100.00000 
-100.00000 -100.00000 
-100.00000 -100.00000 
-100.00000 -100.00000 
-100.00000 -100.00000 
-0.00008 -0.34075 
-100.00000 -100.00000 
-0.13910 -100.00000 
-100.00000 -100.00000 
