-100.00000 -100.00000 
-0.46608 -100.00000 
-100.00000 -100.00000 
 0.00018 -100.00000 
-0.85557 -0.04119 
-100.00000 -100.00000 
 0.48600  0.10024 
 0.00008 -100.00000 
-100.00000 -100.00000 
-100.00000 -100.00000 
-0.83738 -100.00000 
-100.00000 -100.00000 
-100.00000 -100.00000 
-100.00000 -100.00000 
-100.00000 -100.00000 
-100.00000 -100.00000 
-100.00000 -100.00000 
-100.00000 -100.00000 
-100.00000 -100.00000 
-100.00000 -100.00000 
-0.00000 -100.00000 
-100.00000 -100.00000 
-100.00000 -100.00000 
-0.00007 -100.00000 
-100.00000 -100.00000 
-100.00000 -100.00000 
-100.00000 -100.00000 
-100.00000 -100.00000 
-100.00000 -100.00000 
-100.00000 -100.00000 
-100.00000 -100.00000 
-100.00000 -100.00000 
-100.00000 -100.00000 
-100.00000 -100.00000 
-100.00000 -100.00000 
-100.00000 -100.00000 
-100.00000 -100.00000 
-100.00000 -100.00000 
-100.00000 -100.00000 
-100.00000 -100.00000 
-100.00000 -100.00000 
-100.00000 -100.00000 
-100.00000 -100.00000 
-100.00000 -100.00000 
-100.00000 -100.00000 
 0.00002 -100.00000 
-100.00000 -100.00000 
-100.00000 -100.00000 
-100.00000 -100.00000 
-100.00000 -100.00000 
-100.00000 -100.00000 
-100.00000 -100.00000 
-100.00000 -100.00000 
-100.00000 -100.00000 
-100.00000 -100.00000 
-0.20758  0.14500 
-100.00000 -100.00000 
-100.00000 -100.00000 
 0.13761  0.13754 
-100.00000 -100.00000 
-100.00000 -100.00000 
-100.00000  0.21902 
-100.00000 -100.00000 
-100.00000 -100.00000 
-100.00000 -100.00000 
-100.00000 -100.00000 
-100.00000 -100.00000 
-0.00040 -100.00000 
-0.00002  0.26308 
-0.27232 -0.04050 
-100.00000 -100.00000 
-100.00000  0.00001 
-100.00000 -100.00000 
-100.00000 -100.00000 
-100.00000 -100.00000 
-100.00000 -100.00000 
 0.00000  0.00000 
-100.00000 -100.00000 
 0.26305 -100.00000 
-100.00000 -100.00000 
-100.00000 -100.00000 
-100.00000 -100.00000 
-100.00000 -100.00000 
-100.00000  0.24608 
-100.00000 -100.00000 
 0.00120  0.30869 
-100.00000 -100.00000 
-100.00000 -100.00000 
-0.21139 -0.46005 
-100.00000 -100.00000 
-100.00000 -0.00023 
-100.00000 -100.00000 
 0.00000  0.00000 
-100.00000 -100.00000 
-100.00000 -0.00001 
-100.00000 -100.00000 
-100.00000 -100.00000 
-100.00000 -100.00000 
-0.13356 -0.41388 
 0.12874 -100.00000 
-100.00000  0.00003 
-100.00000  0.00006 
-100.00000 -100.00000 
 0.32883  0.82672 
-100.00000 -100.00000 
-100.00000 -100.00000 
 0.13754  0.00004 
-100.00000 -100.00000 
-100.00000 -100.00000 
-100.00000 -100.00000 
-100.00000 -100.00000 
-100.00000 -100.00000 
-0.07070 -100.00000 
-100.00000 -100.00000 
-100.00000 -100.00000 
-100.00000 -100.00000 
-100.00000 -100.00000 
-100.00000 -100.00000 
 0.12240 -0.26027 
-100.00000 -100.00000 
-100.00000 -100.00000 
-100.00000 -0.00005 
-100.00000 -100.00000 
-100.00000 -100.00000 
-100.00000 -100.00000 
-100.00000 -100.00000 
-100.00000 -100.00000 
-100.00000  0.13755 
-100.00000 -100.00000 
-0.25657 -100.00000 
-100.00000 -100.00000 
-100.00000 -100.00000 
-100.00000 -100.00000 
-100.00000  0.00001 
-100.00000 -100.00000 
 0.13529 -0.34772 
-0.00008 -100.00000 
 0.50978  0.22912 
-0.01790 -100.00000 
 0.00000  0.00000 
-100.00000 -100.00000 
-100.00000 -100.00000 
-100.00000 -100.00000 
-100.00000 -100.00000 
-0.00051 -100.00000 
-100.00000 -100.00000 
-100.00000 -100.00000 
 0.00045 -100.00000 
-100.00000 -100.00000 
-100.00000 -100.00000 
 0.00039 -100.00000 
-100.00000 -100.00000 
 0.00437 -100.00000 
-100.00000 -100.00000 
 0.11019 -0.33108 
-100.00000 -100.00000 
-100.00000 -100.00000 
-100.00000 -100.00000 
-100.00000 -100.00000 
-100.00000 -100.00000 
-100.00000 -100.00000 
-100.00000 -100.00000 
-100.00000 -100.00000 
-100.00000 -100.00000 
-100.00000 -100.00000 
 0.00000  0.00000 
-100.00000 -100.00000 
-100.00000 -100.00000 
-100.00000 -100.00000 
 0.00075  0.00095 
 0.00967  0.22950 
-100.00000 -100.00000 
-100.00000 -100.00000 
-100.00000 -0.34876 
-100.00000  0.00117 
 0.48753 -0.40919 
-100.00000 -100.00000 
-0.00117 -100.00000 
-100.00000 -100.00000 
-100.00000  0.00019 
-100.00000 -100.00000 
 1.30698  0.00012 
-100.00000 -100.00000 
-100.00000 -100.00000 
-100.00000 -100.00000 
 0.35669  0.10961 
-100.00000 -100.00000 
-0.00011 -100.00000 
-100.00000 -100.00000 
-100.00000 -100.00000 
-100.00000 -100.00000 
-100.00000 -100.00000 
 0.00000  0.00000 
-100.00000 -100.00000 
-100.00000 -100.00000 
-100.00000 -100.00000 
 0.37860  0.00004 
-100.00000 -100.00000 
-100.00000 -100.00000 
-100.00000 -100.00000 
-0.25346 -100.00000 
-100.00000 -100.00000 
-100.00000 -100.00000 
-100.00000 -100.00000 
-100.00000 -0.00417 
-100.00000 -100.00000 
-100.00000 -100.00000 
-100.00000 -100.00000 
-100.00000 -100.00000 
-100.00000 -100.00000 
-100.00000 -100.00000 
-100.00000 -100.00000 
-100.00000  0.00041 
-100.00000 -100.00000 
-100.00000 -100.00000 
 0.84361 -100.00000 
-100.00000 -100.00000 
 0.58426 -100.00000 
-100.00000 -100.00000 
-100.00000 -100.00000 
-100.00000 -100.00000 
 1.00003 -0.13896 
-100.00000 -100.00000 
 0.95413  0.09836 
-100.00000 -100.00000 
 0.13766 -100.00000 
 0.13746 -100.00000 
-100.00000 -100.00000 
-100.00000 -0.24096 
-100.00000 -100.00000 
 0.42593 -0.38037 
-0.02610  0.42650 
 0.00321 -0.22655 
-100.00000 -100.00000 
-100.00000 -100.00000 
-100.00000  0.32352 
-0.75318 -100.00000 
-100.00000 -100.00000 
-100.00000 -100.00000 
-100.00000 -100.00000 
-0.05874  0.13761 
-0.24020 -100.00000 
-100.00000 -100.00000 
-100.00000  0.13787 
-100.00000 -100.00000 
-100.00000 -100.00000 
 0.00000  0.00000 
 0.13761 -100.00000 
-100.00000 -0.00001 
-100.00000 -100.00000 
-100.00000 -100.00000 
-100.00000 -100.00000 
-100.00000 -100.00000 
-100.00000 -100.00000 
 1.00334 -0.00037 
-100.00000 -100.00000 
 0.42321  0.62493 
-100.00000 -100.00000 
-100.00000 -100.00000 
-100.00000 -100.00000 
-100.00000 -100.00000 
-100.00000 -100.00000 
-100.00000 -100.00000 
 0.00009  0.39189 
-100.00000 -100.00000 
-100.00000 -100.00000 
-100.00000 -100.00000 
 0.00000  0.00000 
 0.16361  0.10311 
-100.00000 -100.00000 
-100.00000 -0.13820 
-100.00000 -100.00000 
-100.00000 -100.00000 
 0.00053 -100.00000 
-100.00000 -100.00000 
-0.53484  0.45001 
 0.54342 -100.00000 
-100.00000 -0.19561 
-100.00000 -100.00000 
-100.00000 -100.00000 
-100.00000 -100.00000 
-100.00000 -100.00000 
 0.00025 -100.00000 
-100.00000 -100.00000 
-100.00000 -100.00000 
-100.00000 -100.00000 
-100.00000 -100.00000 
 0.13829 -100.00000 
-100.00000 -100.00000 
-100.00000 -100.00000 
 0.13747 -100.00000 
 0.13773 -100.00000 
-100.00000 -100.00000 
-100.00000  0.26307 
 0.37852 -100.00000 
-100.00000 -100.00000 
-100.00000 -100.00000 
-100.00000 -100.00000 
-0.21432 -100.00000 
-100.00000 -100.00000 
-100.00000 -100.00000 
-100.00000 -100.00000 
-100.00000 -100.00000 
-100.00000 -100.00000 
-100.00000 -100.00000 
-100.00000 -100.00000 
-100.00000 -100.00000 
-100.00000 -100.00000 
-100.00000 -100.00000 
-100.00000 -100.00000 
-100.00000 -100.00000 
 0.00040 -100.00000 
-0.11380 -100.00000 
-100.00000 -100.00000 
-100.00000 -100.00000 
-100.00000 -100.00000 
-100.00000 -100.00000 
-100.00000 -100.00000 
-100.00000  0.06164 
-100.00000 -100.00000 
-100.00000 -100.00000 
-100.00000 -100.00000 
-100.00000 -100.00000 
 0.34559  0.26313 
-100.00000 -100.00000 
-100.00000 -100.00000 
-100.00000 -100.00000 
-100.00000 -100.00000 
-0.12078 -0.42028 
-100.00000 -100.00000 
-100.00000 -100.00000 
-100.00000 -100.00000 
-100.00000 -100.00000 
-100.00000 -100.00000 
-100.00000 -100.00000 
-100.00000 -100.00000 
-100.00000 -100.00000 
-100.00000 -100.00000 
-100.00000 -100.00000 
-100.00000 -100.00000 
-100.00000 -100.00000 
-100.00000 -100.00000 
-100.00000 -100.00000 
-100.00000 -100.00000 
-100.00000 -100.00000 
-100.00000 -100.00000 
-100.00000 -100.00000 
-100.00000 -100.00000 
-100.00000 -100.00000 
-100.00000 -100.00000 
-100.00000 -100.00000 
-100.00000 -100.00000 
-100.00000 -100.00000 
-100.00000 -100.00000 
-0.12949 -0.31197 
-100.00000 -100.00000 
 0.00000  0.00000 
-100.00000 -100.00000 
-100.00000 -100.00000 
-100.00000 -100.00000 
-100.00000 -100.00000 
-100.00000 -100.00000 
-100.00000 -100.00000 
 0.00000  0.00000 
-100.00000 -100.00000 
-100.00000 -100.00000 
-100.00000 -100.00000 
-0.42489 -0.12959 
-100.00000 -100.00000 
-100.00000 -0.00000 
-100.00000 -100.00000 
-100.00000 -100.00000 
 0.00018 -100.00000 
-100.00000 -100.00000 
-100.00000 -100.00000 
-100.00000 -100.00000 
-100.00000 -100.00000 
-100.00000 -100.00000 
-100.00000 -100.00000 
-100.00000 -100.00000 
-0.00004 -100.00000 
 0.13773  0.26292 
-100.00000 -100.00000 
-100.00000 -100.00000 
-100.00000 -100.00000 
-0.00024 -100.00000 
-100.00000 -100.00000 
-100.00000 -100.00000 
 0.00006 -100.00000 
-0.15596  0.24041 
-100.00000 -100.00000 
-100.00000 -100.00000 
-100.00000 -100.00000 
-100.00000 -100.00000 
-100.00000 -100.00000 
-100.00000 -100.00000 
-100.00000 -100.00000 
 0.00067 -100.00000 
-100.00000 -100.00000 
-100.00000 -100.00000 
-100.00000 -100.00000 
 0.22745  0.00013 
-100.00000 -100.00000 
-100.00000 -100.00000 
-100.00000 -100.00000 
-0.31341 -100.00000 
-100.00000 -100.00000 
 0.00001  0.00002 
-100.00000 -100.00000 
-100.00000 -100.00000 
-100.00000 -100.00000 
-100.00000 -100.00000 
 0.47587  0.33681 
-100.00000 -100.00000 
 0.00053 -100.00000 
-0.00057 -100.00000 
-100.00000 -100.00000 
-100.00000 -100.00000 
-100.00000 -100.00000 
-100.00000 -100.00000 
-100.00000 -100.00000 
-100.00000 -100.00000 
-100.00000 -100.00000 
-100.00000 -100.00000 
-100.00000 -100.00000 
-100.00000 -100.00000 
-100.00000 -100.00000 
-100.00000 -100.00000 
 0.10895 -100.00000 
-0.05234  0.13753 
-100.00000 -100.00000 
-100.00000 -100.00000 
-100.00000 -100.00000 
-100.00000 -100.00000 
 0.00000  0.00000 
-100.00000 -100.00000 
-100.00000 -100.00000 
-100.00000 -100.00000 
-100.00000 -100.00000 
-100.00000 -100.00000 
-100.00000 -0.25622 
-100.00000 -100.00000 
-100.00000 -100.00000 
-100.00000 -100.00000 
 0.00003 -100.00000 
-100.00000 -100.00000 
-100.00000 -100.00000 
-100.00000 -100.00000 
-0.49156  0.59167 
-100.00000 -100.00000 
 0.13754 -0.25695 
-100.00000 -100.00000 
-100.00000 -100.00000 
-100.00000 -100.00000 
-100.00000 -100.00000 
-100.00000 -100.00000 
-100.00000 -100.00000 
-100.00000 -100.00000 
-100.00000 -100.00000 
-100.00000 -100.00000 
-100.00000 -100.00000 
-100.00000 -100.00000 
-100.00000 -100.00000 
-100.00000 -100.00000 
-100.00000 -100.00000 
-100.00000 -100.00000 
-0.00024 -100.00000 
-100.00000 -100.00000 
-100.00000 -100.00000 
 0.12730 -0.10650 
 0.00024  0.49789 
-100.00000 -100.00000 
-100.00000 -100.00000 
 0.88036 -100.00000 
-100.00000 -100.00000 
-100.00000  0.26298 
-100.00000 -100.00000 
-100.00000 -100.00000 
-0.02209 -0.04871 
 0.07987  0.43860 
-100.00000 -100.00000 
-100.00000 -100.00000 
-100.00000 -100.00000 
 0.13761 -0.04080 
-100.00000 -100.00000 
-100.00000 -100.00000 
-100.00000 -100.00000 
-100.00000 -100.00000 
-100.00000 -100.00000 
 0.26819 -0.00040 
 0.00005  0.09090 
-100.00000 -100.00000 
 0.00075 -100.00000 
 0.92631 -100.00000 
-100.00000 -100.00000 
-100.00000 -100.00000 
-100.00000 -100.00000 
-0.01658  0.08733 
 0.00072 -100.00000 
-100.00000 -100.00000 
 0.13751 -100.00000 
-0.84816 -100.00000 
-0.26275 -100.00000 
-100.00000 -100.00000 
-100.00000 -100.00000 
 0.65464  0.19184 
 0.13785 -100.00000 
-100.00000 -100.00000 
-100.00000 -100.00000 
 0.26288  0.20350 
-0.40041 -0.00001 
-100.00000 -100.00000 
 0.05123  0.18566 
-100.00000 -100.00000 
 0.26366 -100.00000 
-100.00000 -100.00000 
-0.26273 -100.00000 
 0.15352 -100.00000 
-100.00000 -100.00000 
-100.00000 -100.00000 
-0.08044 -0.06141 
-100.00000 -100.00000 
-100.00000 -100.00000 
-0.30528 -100.00000 
-0.05259  0.13753 
-0.44185 -100.00000 
-100.00000 -100.00000 
-100.00000 -100.00000 
 1.07059 -100.00000 
 0.26308 -0.38978 
-0.10472 -100.00000 
-100.00000 -100.00000 
-100.00000 -100.00000 
-100.00000 -100.00000 
-100.00000 -100.00000 
-100.00000 -100.00000 
-100.00000 -100.00000 
-100.00000 -100.00000 
-100.00000 -100.00000 
-100.00000 -100.00000 
-100.00000  0.11256 
-100.00000 -100.00000 
-0.08638 -0.75533 
-100.00000 -100.00000 
-100.00000 -100.00000 
-100.00000 -100.00000 
 0.48545  0.22872 
-100.00000 -100.00000 
-100.00000 -100.00000 
-100.00000 -100.00000 
-100.00000 -100.00000 
 0.00000  0.00000 
-0.00023 -100.00000 
-0.36182 -0.59475 
-0.00001 -0.00207 
-100.00000 -100.00000 
 0.44814  0.15155 
-0.11114 -100.00000 
-100.00000 -0.15094 
-100.00000 -0.00000 
-100.00000 -0.28765 
-100.00000 -100.00000 
-100.00000 -100.00000 
 0.00009  0.48539 
-100.00000 -100.00000 
