-100.00000 -100.00000 
 0.67848 -0.18919 
-0.00010 -0.00010 
-100.00000 -100.00000 
-0.00034 -100.00000 
-100.00000 -100.00000 
-100.00000 -100.00000 
-100.00000 -100.00000 
 0.00027 -100.00000 
 0.51786 -0.13570 
 0.45613 -0.37891 
-100.00000 -100.00000 
-100.00000 -0.05666 
-100.00000 -100.00000 
-100.00000 -100.00000 
 0.76567 -100.00000 
-100.00000 -100.00000 
 0.13754 -100.00000 
 0.34302  0.42595 
-100.00000 -100.00000 
-100.00000 -100.00000 
-100.00000 -100.00000 
-100.00000 -100.00000 
 0.21699 -0.20747 
 0.00000  0.00000 
-100.00000 -100.00000 
-100.00000  0.26306 
-100.00000 -0.00003 
-100.00000 -100.00000 
-100.00000 -100.00000 
-0.00514 -0.00007 
-0.00006 -100.00000 
-100.00000 -100.00000 
-100.00000 -0.30368 
-100.00000 -100.00000 
-100.00000 -100.00000 
 0.23482 -100.00000 
-0.00001 -100.00000 
-100.00000 -100.00000 
 0.00010 -100.00000 
-100.00000 -100.00000 
 0.37846 -100.00000 
-100.00000 -100.00000 
-100.00000 -100.00000 
 0.00000  0.00000 
-100.00000 -100.00000 
-100.00000 -100.00000 
-0.27188 -100.00000 
-100.00000 -100.00000 
-0.00431 -100.00000 
-100.00000 -100.00000 
 0.10104 -100.00000 
 0.00080 -100.00000 
 0.00000  0.00000 
-0.00620  0.26293 
-0.00003 -100.00000 
-0.25247 -100.00000 
-100.00000 -100.00000 
-100.00000 -100.00000 
 0.58506 -100.00000 
-100.00000 -100.00000 
 0.92016 -0.16549 
-100.00000 -100.00000 
 0.00036 -0.15715 
 0.23536 -100.00000 
-100.00000 -100.00000 
-100.00000 -100.00000 
 0.69629  0.26325 
-100.00000 -100.00000 
 0.67950  0.51834 
-100.00000 -0.10531 
-100.00000 -100.00000 
-100.00000 -0.00003 
-100.00000 -100.00000 
-0.00105 -0.41164 
-100.00000 -100.00000 
-100.00000 -100.00000 
-100.00000 -0.41620 
-100.00000 -100.00000 
-100.00000 -0.00007 
 0.70532 -0.46843 
-100.00000 -100.00000 
-100.00000 -100.00000 
-100.00000 -100.00000 
-100.00000 -100.00000 
 0.86900  0.06314 
-0.00001 -100.00000 
-0.14268 -0.30419 
-0.95502 -0.09612 
 0.26019  0.54489 
 0.08508 -100.00000 
 0.00021  0.37849 
-100.00000 -100.00000 
-100.00000 -100.00000 
 0.01401 -0.35776 
-100.00000 -100.00000 
-100.00000 -100.00000 
-100.00000 -100.00000 
-0.97459 -100.00000 
-0.27322 -100.00000 
 0.30891 -0.24688 
-100.00000 -100.00000 
 0.00012 -100.00000 
 1.12030 -100.00000 
-100.00000 -100.00000 
-100.00000 -100.00000 
-100.00000 -100.00000 
-0.18003 -0.00721 
-100.00000 -100.00000 
-100.00000 -100.00000 
-0.24616 -100.00000 
 0.29123  0.15435 
 1.04899 -0.03773 
-0.00065  0.17503 
 0.62821  0.03244 
-0.25642 -100.00000 
-100.00000 -100.00000 
-100.00000 -100.00000 
 0.62898 -0.72511 
-100.00000 -100.00000 
 0.01111 -0.03795 
-100.00000 -100.00000 
 0.11609 -0.14974 
-100.00000 -100.00000 
-100.00000 -100.00000 
-100.00000 -100.00000 
-100.00000 -100.00000 
-100.00000 -100.00000 
-0.42242 -100.00000 
-100.00000 -100.00000 
-100.00000 -100.00000 
-100.00000 -100.00000 
-100.00000 -100.00000 
-100.00000 -100.00000 
 0.58509 -0.03621 
-0.75092 -100.00000 
-0.00008 -100.00000 
 0.72808  0.04973 
-0.61277 -100.00000 
-100.00000 -100.00000 
-0.26319  0.35807 
 0.76567  0.43581 
 0.00000  0.00000 
-100.00000 -100.00000 
-100.00000 -100.00000 
 0.68950  0.63683 
-100.00000 -100.00000 
-100.00000 -100.00000 
-100.00000 -100.00000 
 0.48618 -100.00000 
-100.00000 -100.00000 
-100.00000 -100.00000 
-0.28339 -0.07391 
 0.00000  0.00000 
-100.00000  0.10949 
-100.00000 -100.00000 
 0.24448 -0.65139 
 0.12934 -0.07116 
-0.36967  0.13744 
-100.00000 -100.00000 
 0.14655 -0.07764 
-0.00008  0.00000 
 0.00348  0.11385 
-100.00000 -100.00000 
 0.00005 -100.00000 
-100.00000 -100.00000 
-100.00000 -100.00000 
-100.00000 -100.00000 
-0.52484  0.00009 
-0.22505 -0.51949 
-0.06131  0.31638 
-100.00000 -100.00000 
-0.42108  0.45366 
 0.62813 -0.27515 
 0.60757  0.37770 
 0.28039 -0.00722 
 0.00010  0.00028 
-0.01702 -100.00000 
-0.09615  0.17551 
-1.46705 -100.00000 
 0.01315  0.13026 
 0.07328 -100.00000 
-100.00000 -100.00000 
 0.67762  0.26306 
 0.00004 -100.00000 
 1.12938 -100.00000 
-100.00000 -100.00000 
 0.13739  0.00005 
-100.00000 -100.00000 
 0.56544  0.29684 
-100.00000 -100.00000 
-100.00000 -100.00000 
-100.00000 -100.00000 
-100.00000 -100.00000 
-100.00000 -100.00000 
 0.00000  0.00000 
 0.00000  0.00000 
-100.00000 -100.00000 
-100.00000 -100.00000 
-100.00000 -100.00000 
 0.67851 -0.13911 
-100.00000 -100.00000 
-100.00000 -100.00000 
 0.00187 -0.00149 
 0.11894 -0.82858 
-100.00000 -100.00000 
 0.00011 -0.00138 
-0.31331  0.52946 
-0.00009 -0.06800 
-0.18999 -100.00000 
 0.13758 -100.00000 
 0.15126  0.18807 
 0.00142  0.00041 
 0.49950  0.10439 
-100.00000 -100.00000 
 1.27762 -100.00000 
-100.00000 -100.00000 
-0.47117  0.80322 
-0.00008 -100.00000 
 0.24329 -100.00000 
-0.05609  0.48568 
-0.54582 -0.22423 
-0.47732  0.11163 
 0.16100 -0.11871 
-100.00000 -100.00000 
-100.00000 -0.13883 
-0.77877 -100.00000 
-100.00000 -100.00000 
 0.58420  0.45332 
 0.26328  0.76587 
-0.84868  0.55008 
-0.00746  0.07763 
-100.00000 -100.00000 
 0.51916  0.07998 
-100.00000 -100.00000 
 0.78050  0.38907 
-0.40010 -0.91089 
 0.13746 -100.00000 
-100.00000 -0.21347 
 0.00000  0.00000 
-100.00000 -100.00000 
-100.00000 -100.00000 
-100.00000 -100.00000 
 0.88362  0.13863 
 0.08019  0.54612 
 0.82418  0.29792 
-100.00000 -100.00000 
 0.84242 -0.16039 
-100.00000 -100.00000 
-100.00000 -100.00000 
-0.06209 -0.68131 
-0.34738 -100.00000 
-100.00000  0.32292 
 0.01192  0.00073 
 0.13727 -0.44859 
-100.00000 -100.00000 
 0.00097 -100.00000 
-100.00000 -100.00000 
-100.00000 -100.00000 
-100.00000 -100.00000 
-100.00000 -100.00000 
-100.00000 -100.00000 
-100.00000 -100.00000 
-100.00000 -100.00000 
-100.00000 -100.00000 
-100.00000 -100.00000 
-100.00000 -100.00000 
-0.47938 -100.00000 
-1.15769 -0.39764 
-100.00000 -100.00000 
 0.26313 -0.00002 
-100.00000 -100.00000 
-100.00000 -100.00000 
-100.00000  0.53457 
 0.54246  0.00003 
-0.43123 -100.00000 
 0.77309 -0.19044 
 0.54210  0.79095 
 0.50638 -100.00000 
-100.00000  0.12450 
-100.00000 -100.00000 
-100.00000 -100.00000 
 0.58521 -100.00000 
-100.00000 -100.00000 
 0.18702 -0.24024 
-100.00000 -0.31625 
-0.20214 -100.00000 
 0.58575 -100.00000 
 0.00000  0.00000 
-100.00000 -100.00000 
-100.00000 -100.00000 
-0.49820 -0.21179 
-100.00000 -100.00000 
-0.35982 -100.00000 
-100.00000 -100.00000 
-0.24701  0.26805 
-100.00000 -100.00000 
-0.59331 -100.00000 
 0.01924 -0.42881 
-100.00000 -100.00000 
 0.00017 -100.00000 
-100.00000 -100.00000 
-0.37010 -0.30880 
-100.00000 -100.00000 
-100.00000 -0.17868 
 0.43340 -0.55270 
-0.31803  0.34078 
-100.00000 -100.00000 
 0.58082 -0.30915 
-100.00000  0.26308 
-100.00000 -100.00000 
 0.00000  0.00000 
 0.00029  0.21146 
 0.63103 -0.27417 
 0.00045  0.00017 
-100.00000 -100.00000 
-100.00000 -100.00000 
 0.62707  0.39769 
-100.00000 -100.00000 
-100.00000 -100.00000 
-0.13962 -0.00008 
 0.14096  0.30439 
-100.00000 -100.00000 
-0.00715 -100.00000 
 0.00027 -100.00000 
-0.39800 -0.18786 
-100.00000 -100.00000 
-100.00000 -100.00000 
-100.00000 -100.00000 
 0.00002 -100.00000 
-100.00000 -100.00000 
-100.00000 -100.00000 
-100.00000 -100.00000 
-100.00000 -100.00000 
 0.13758 -100.00000 
-100.00000 -100.00000 
-0.00552 -100.00000 
-100.00000 -100.00000 
-100.00000 -100.00000 
-100.00000 -100.00000 
 0.26299 -100.00000 
 0.08834  0.71649 
-100.00000 -100.00000 
-100.00000 -100.00000 
-100.00000 -100.00000 
-100.00000 -100.00000 
-0.88633 -100.00000 
-100.00000 -100.00000 
-100.00000 -100.00000 
-100.00000 -100.00000 
-100.00000 -100.00000 
-100.00000 -100.00000 
-100.00000 -100.00000 
-100.00000 -100.00000 
-100.00000 -100.00000 
-100.00000 -100.00000 
-100.00000 -100.00000 
 1.16575  0.06186 
-100.00000 -100.00000 
-100.00000 -100.00000 
-100.00000 -100.00000 
-100.00000 -100.00000 
-100.00000 -100.00000 
-100.00000 -100.00000 
 0.29550 -0.00058 
-100.00000 -100.00000 
 0.15409 -0.48973 
 0.00000  0.00000 
 0.00000  0.00000 
-0.14471 -0.10555 
-0.13980 -100.00000 
-100.00000 -100.00000 
 0.36185 -0.04375 
-100.00000 -100.00000 
-0.68762 -100.00000 
-100.00000 -100.00000 
-0.05972  0.27986 
-100.00000 -100.00000 
-100.00000 -100.00000 
-100.00000 -100.00000 
-0.81580 -0.17740 
 0.44848 -0.08719 
-100.00000 -100.00000 
-0.00009 -100.00000 
 0.26297  0.24442 
-0.57646  0.01376 
-100.00000 -100.00000 
-100.00000 -100.00000 
-0.25849 -100.00000 
-0.47963  0.00631 
-100.00000 -100.00000 
 0.48532 -100.00000 
 0.00625  0.01412 
-100.00000 -100.00000 
-100.00000 -100.00000 
 0.00230 -100.00000 
-100.00000 -100.00000 
-100.00000 -100.00000 
-100.00000 -100.00000 
 0.00262 -100.00000 
-100.00000 -100.00000 
-100.00000 -100.00000 
 0.37845 -0.13418 
-0.26853  0.13748 
 0.00973 -0.53739 
-100.00000 -100.00000 
 2.67818 -0.26061 
-100.00000 -100.00000 
-100.00000 -100.00000 
-100.00000 -0.77725 
-0.23509 -100.00000 
 0.39937  0.24457 
-100.00000 -100.00000 
-0.37276  0.00350 
-1.35837  0.35127 
-100.00000 -100.00000 
-100.00000 -100.00000 
-100.00000 -100.00000 
-100.00000 -100.00000 
-100.00000 -100.00000 
-100.00000 -100.00000 
 0.00451  0.45117 
-100.00000 -100.00000 
 0.89207 -100.00000 
-100.00000 -100.00000 
-100.00000 -100.00000 
-100.00000 -100.00000 
-100.00000 -100.00000 
-100.00000 -100.00000 
-100.00000 -100.00000 
-100.00000 -100.00000 
-100.00000 -100.00000 
-100.00000  0.01676 
-100.00000 -100.00000 
-100.00000 -100.00000 
-100.00000 -100.00000 
 0.26426 -0.20156 
 0.59717  0.26300 
-100.00000 -100.00000 
-100.00000 -100.00000 
-100.00000 -100.00000 
-100.00000 -100.00000 
-100.00000 -100.00000 
-100.00000 -100.00000 
-100.00000 -100.00000 
-100.00000 -100.00000 
-100.00000  0.00340 
-100.00000 -100.00000 
-100.00000 -100.00000 
-100.00000 -100.00000 
-100.00000 -100.00000 
-100.00000 -100.00000 
-100.00000 -100.00000 
 0.00000  0.00000 
-100.00000 -100.00000 
 0.13742 -100.00000 
-100.00000 -100.00000 
-100.00000 -100.00000 
 0.00001 -100.00000 
-0.75509 -0.60223 
-100.00000 -100.00000 
 0.64557 -0.04697 
-100.00000 -100.00000 
-100.00000 -100.00000 
-100.00000 -100.00000 
-0.00002 -100.00000 
-100.00000 -100.00000 
 0.27153  0.01046 
 0.00238 -100.00000 
-100.00000 -100.00000 
-100.00000 -100.00000 
-0.13509 -100.00000 
-100.00000 -100.00000 
-100.00000  0.31685 
-100.00000 -100.00000 
-100.00000 -100.00000 
 0.13758 -100.00000 
-0.63733  0.07661 
-100.00000 -100.00000 
-100.00000 -100.00000 
-100.00000 -100.00000 
-0.00016 -100.00000 
-100.00000 -100.00000 
 0.04627 -0.17247 
 0.00000  0.00000 
-100.00000  0.00018 
-100.00000 -100.00000 
 0.00015 -100.00000 
 0.16411  0.09073 
 1.06408 -0.41224 
-100.00000 -100.00000 
-100.00000 -100.00000 
-100.00000 -0.15013 
 0.19281 -100.00000 
-100.00000 -100.00000 
-100.00000 -100.00000 
 0.48533 -0.36935 
-100.00000 -100.00000 
-0.48437 -100.00000 
 0.39800  0.13426 
-100.00000  0.05849 
-0.01166 -0.14425 
-100.00000 -100.00000 
-100.00000 -0.06409 
-0.14478  0.20714 
-0.78214  0.24270 
 0.37885 -0.28757 
-100.00000 -100.00000 
-100.00000 -100.00000 
 0.05269 -100.00000 
 0.00003 -100.00000 
 0.35517 -100.00000 
 0.01301  0.00005 
-100.00000 -100.00000 
-100.00000 -0.00056 
-100.00000 -100.00000 
 0.20693 -0.36995 
 0.13866 -0.64058 
-100.00000 -100.00000 
 1.00022 -100.00000 
-100.00000 -100.00000 
-100.00000 -100.00000 
-0.49994 -100.00000 
-100.00000 -100.00000 
-100.00000 -100.00000 
-100.00000  0.00010 
 0.35469 -0.22454 
-0.61248  0.31059 
-100.00000  0.00000 
-100.00000 -100.00000 
-100.00000 -100.00000 
-100.00000 -100.00000 
-0.15187  0.05321 
-100.00000 -100.00000 
-100.00000 -100.00000 
-100.00000 -100.00000 
-100.00000 -100.00000 
-100.00000 -100.00000 
-100.00000 -100.00000 
-100.00000 -100.00000 
-100.00000 -100.00000 
 0.68982 -100.00000 
-100.00000 -100.00000 
-100.00000 -100.00000 
-100.00000 -100.00000 
-100.00000 -100.00000 
-100.00000 -100.00000 
-100.00000 -100.00000 
-100.00000 -100.00000 
-100.00000 -100.00000 
-100.00000 -100.00000 
-100.00000 -100.00000 
-100.00000 -100.00000 
-100.00000 -100.00000 
-100.00000 -100.00000 
 0.06815 -0.04159 
-100.00000 -100.00000 
-100.00000 -100.00000 
-100.00000 -100.00000 
-0.42841 -0.04191 
-100.00000 -100.00000 
 0.98777 -100.00000 
-100.00000 -100.00000 
-100.00000 -100.00000 
-100.00000 -100.00000 
