-100.00000 -100.00000 
 0.45837 -1.49307 
-0.29518 -1.21873 
-100.00000  0.00018 
 0.30420 -100.00000 
-100.00000 -0.00056 
 0.55471 -1.14942 
-100.00000 -100.00000 
-100.00000 -100.00000 
-0.04503  0.18552 
 0.48821 -0.63137 
 0.01307  0.67112 
-100.00000 -100.00000 
-100.00000  0.48533 
-100.00000 -100.00000 
-100.00000 -100.00000 
-100.00000 -100.00000 
-100.00000 -100.00000 
-100.00000 -100.00000 
-100.00000 -100.00000 
 0.00000  0.00000 
-100.00000 -100.00000 
-0.21926 -0.54266 
 0.36242 -0.02134 
-100.00000 -100.00000 
-100.00000 -100.00000 
-100.00000 -100.00000 
-100.00000 -100.00000 
-100.00000 -100.00000 
-100.00000 -100.00000 
-100.00000 -100.00000 
-100.00000 -100.00000 
-100.00000 -100.00000 
-100.00000 -100.00000 
-100.00000 -100.00000 
-100.00000 -100.00000 
-100.00000 -100.00000 
-100.00000 -100.00000 
-100.00000 -100.00000 
-100.00000 -100.00000 
-100.00000 -100.00000 
-100.00000 -100.00000 
-100.00000 -100.00000 
-100.00000 -100.00000 
-100.00000 -100.00000 
-100.00000  0.00002 
-100.00000 -100.00000 
-100.00000 -100.00000 
 0.13742 -100.00000 
-100.00000 -100.00000 
 0.00020  0.00015 
-100.00000 -100.00000 
-0.38404 -0.13117 
-100.00000  0.00003 
-100.00000 -100.00000 
-100.00000 -100.00000 
-100.00000  0.00014 
-100.00000 -100.00000 
 0.00000  0.00000 
-100.00000 -100.00000 
-100.00000 -100.00000 
-100.00000 -100.00000 
-100.00000 -100.00000 
-100.00000 -100.00000 
-100.00000 -100.00000 
-100.00000 -100.00000 
-100.00000 -100.00000 
 0.00017 -0.00040 
-100.00000 -100.00000 
-100.00000 -100.00000 
-100.00000 -100.00000 
 0.00000  0.00000 
-100.00000 -100.00000 
-100.00000 -100.00000 
-100.00000 -100.00000 
-100.00000 -100.00000 
-0.17924  0.34271 
-100.00000 -100.00000 
-100.00000 -100.00000 
-100.00000 -100.00000 
-100.00000 -100.00000 
-100.00000 -100.00000 
-100.00000 -100.00000 
 0.00000  0.00000 
-100.00000 -100.00000 
-100.00000 -100.00000 
-100.00000 -100.00000 
-100.00000 -100.00000 
-100.00000 -100.00000 
-100.00000 -100.00000 
-100.00000  0.00001 
-100.00000 -100.00000 
-0.08375 -0.13500 
-0.13024 -100.00000 
 0.23507 -0.03906 
-100.00000 -100.00000 
-100.00000 -100.00000 
-100.00000 -100.00000 
-100.00000 -100.00000 
-100.00000 -100.00000 
-100.00000 -100.00000 
-100.00000 -100.00000 
-100.00000 -100.00000 
-0.30469 -100.00000 
-100.00000 -100.00000 
 0.00003 -100.00000 
 0.00000  0.00000 
-0.03075 -0.32297 
-100.00000 -100.00000 
-100.00000 -100.00000 
-100.00000  0.13713 
-100.00000 -100.00000 
 0.37845  0.02285 
-100.00000 -100.00000 
 0.39412 -0.53174 
-100.00000 -100.00000 
-100.00000 -100.00000 
-100.00000 -100.00000 
-100.00000 -100.00000 
-100.00000 -100.00000 
-100.00000 -100.00000 
-100.00000 -100.00000 
-0.02277  0.45125 
-100.00000 -100.00000 
-0.00006  0.00006 
-100.00000 -100.00000 
-100.00000 -100.00000 
-100.00000 -100.00000 
-100.00000 -100.00000 
-100.00000 -100.00000 
-100.00000  0.00004 
-100.00000 -100.00000 
-100.00000 -100.00000 
-100.00000  0.26310 
-100.00000 -100.00000 
-100.00000 -0.00221 
-100.00000 -100.00000 
 0.07328  0.26392 
-100.00000  0.26223 
 0.12161  0.35147 
-100.00000 -100.00000 
-100.00000 -100.00000 
-100.00000 -100.00000 
-100.00000 -100.00000 
-100.00000 -0.44453 
-100.00000 -100.00000 
-100.00000 -100.00000 
-100.00000 -100.00000 
-100.00000 -100.00000 
-100.00000 -100.00000 
-100.00000 -100.00000 
 0.00000  0.00000 
-0.17629  0.58557 
-0.00040  0.48833 
-100.00000 -100.00000 
-100.00000 -100.00000 
-100.00000 -100.00000 
-100.00000  0.00415 
 0.32412 -0.47449 
-0.16080 -100.00000 
 0.05108 -0.25899 
-100.00000 -100.00000 
-100.00000 -100.00000 
-100.00000 -100.00000 
-100.00000 -100.00000 
-0.29308 -0.10659 
-100.00000 -100.00000 
-100.00000 -100.00000 
-100.00000  0.60069 
-100.00000 -100.00000 
-100.00000 -100.00000 
-100.00000 -100.00000 
-100.00000 -100.00000 
-0.28304  0.10624 
-100.00000 -100.00000 
-100.00000 -100.00000 
-100.00000 -0.56459 
-100.00000 -0.00117 
 0.26306 -0.00012 
-100.00000 -100.00000 
-0.27560  0.55640 
 0.07148 -0.74931 
-100.00000 -100.00000 
-100.00000 -100.00000 
-100.00000 -100.00000 
-100.00000 -100.00000 
-0.00014 -0.43460 
-100.00000 -100.00000 
-100.00000 -100.00000 
-100.00000 -100.00000 
-100.00000 -100.00000 
-100.00000 -100.00000 
-0.01943 -0.53759 
 0.09218 -100.00000 
-100.00000 -100.00000 
-100.00000 -100.00000 
-0.14293  0.13759 
-100.00000 -100.00000 
-0.00001 -100.00000 
-0.01009 -100.00000 
-0.23890  0.00386 
-100.00000 -100.00000 
-100.00000 -100.00000 
-100.00000 -100.00000 
-100.00000 -100.00000 
-100.00000 -0.47862 
-100.00000 -100.00000 
 0.09228  0.00616 
-100.00000 -0.11064 
-100.00000 -100.00000 
-100.00000 -100.00000 
-100.00000 -100.00000 
-100.00000 -100.00000 
 0.34795  0.59110 
-100.00000 -100.00000 
 0.26219  0.00460 
-100.00000 -100.00000 
-0.61263  0.30367 
-100.00000 -0.00008 
-100.00000 -0.00033 
-100.00000 -100.00000 
-0.47099  0.01270 
 0.00043 -0.91600 
-100.00000  0.13808 
-100.00000 -100.00000 
-100.00000  0.26319 
-100.00000 -100.00000 
-100.00000 -100.00000 
 0.13786 -100.00000 
-0.01466  0.00025 
-0.76279 -0.68596 
 0.64084 -0.09352 
-100.00000 -100.00000 
-100.00000 -100.00000 
-100.00000  0.73911 
-0.70353 -1.05067 
-100.00000  0.00035 
-100.00000 -100.00000 
-100.00000 -100.00000 
-100.00000 -100.00000 
-100.00000 -100.00000 
-100.00000 -100.00000 
-100.00000 -100.00000 
-100.00000 -100.00000 
-0.31443  0.53394 
-0.12773  0.95762 
-0.14676 -0.00003 
-100.00000 -0.25954 
 0.13763 -100.00000 
-100.00000 -100.00000 
-100.00000  0.26374 
-100.00000 -100.00000 
-100.00000  0.00022 
-100.00000  0.00029 
-100.00000 -0.00024 
-100.00000 -100.00000 
-0.00563  0.12846 
-0.00024 -100.00000 
-100.00000 -100.00000 
-100.00000 -100.00000 
-100.00000 -100.00000 
-100.00000 -100.00000 
-100.00000 -100.00000 
-100.00000 -100.00000 
-100.00000 -100.00000 
-100.00000 -100.00000 
-100.00000  0.00007 
-0.12425 -0.12201 
 0.47329  0.84081 
-100.00000 -100.00000 
 0.00009  0.00010 
 0.00016 -100.00000 
-100.00000  0.00005 
-0.23873  0.37904 
-100.00000 -100.00000 
-0.79034 -0.00069 
-0.01038  0.00173 
-100.00000 -0.00031 
-0.02566 -100.00000 
 0.17530  0.55211 
-100.00000 -100.00000 
-100.00000 -100.00000 
 0.19292 -0.12178 
-100.00000 -100.00000 
-100.00000 -100.00000 
-100.00000 -100.00000 
-100.00000 -100.00000 
-100.00000  0.00079 
-0.00307 -100.00000 
-100.00000 -100.00000 
 0.00000  0.00000 
-100.00000 -100.00000 
-100.00000  0.00039 
-100.00000 -100.00000 
 0.00000  0.00000 
-100.00000 -100.00000 
-100.00000 -100.00000 
-100.00000 -100.00000 
-0.29288 -0.76775 
-100.00000 -100.00000 
-100.00000 -100.00000 
-100.00000 -100.00000 
-100.00000 -100.00000 
-100.00000 -0.13987 
-100.00000 -100.00000 
-0.14056 -100.00000 
-100.00000 -100.00000 
-100.00000 -100.00000 
-100.00000 -100.00000 
-100.00000 -100.00000 
-100.00000 -100.00000 
-100.00000  0.00040 
-100.00000 -100.00000 
-100.00000 -100.00000 
 0.26288  0.00045 
-100.00000 -100.00000 
-100.00000 -100.00000 
 0.00008  0.00026 
 0.00000  0.00000 
-100.00000 -100.00000 
-100.00000 -100.00000 
-0.28610 -0.01487 
-100.00000 -100.00000 
-100.00000 -100.00000 
 0.12247 -0.00196 
-100.00000  0.37844 
-100.00000 -100.00000 
-100.00000 -100.00000 
-100.00000 -100.00000 
-100.00000 -100.00000 
 0.37852  0.00000 
-100.00000 -100.00000 
-100.00000 -100.00000 
-100.00000 -100.00000 
-100.00000 -100.00000 
-100.00000 -100.00000 
-0.14665 -0.00127 
-100.00000 -100.00000 
-0.00004 -0.22850 
-100.00000 -100.00000 
-100.00000 -100.00000 
 0.60517  0.51867 
-100.00000 -100.00000 
 0.17973 -100.00000 
-100.00000 -100.00000 
-100.00000  0.26294 
-100.00000 -100.00000 
-100.00000 -100.00000 
-100.00000 -100.00000 
-100.00000 -100.00000 
 0.40713 -0.13119 
-100.00000 -100.00000 
-100.00000 -100.00000 
-100.00000 -100.00000 
-100.00000 -100.00000 
-100.00000 -100.00000 
 0.31688 -0.12135 
-0.26859 -0.00003 
-100.00000 -100.00000 
-100.00000 -100.00000 
-100.00000 -100.00000 
-100.00000 -100.00000 
-100.00000 -100.00000 
-0.00295 -0.00235 
 0.79603 -0.62650 
-0.21711 -0.39758 
-0.07911  0.06569 
-100.00000 -0.49300 
 0.80208  0.48594 
 0.48527  0.00079 
-100.00000 -100.00000 
-100.00000 -100.00000 
-100.00000 -100.00000 
-100.00000 -100.00000 
-100.00000  0.00002 
 0.41302  0.30710 
-0.66871  0.54418 
 0.08954  0.09227 
-100.00000 -100.00000 
-100.00000 -100.00000 
-100.00000 -0.00004 
-100.00000 -100.00000 
-100.00000 -100.00000 
-0.00006 -100.00000 
-100.00000 -100.00000 
-100.00000 -0.00024 
-100.00000 -100.00000 
-100.00000 -100.00000 
-100.00000 -100.00000 
 0.06935  0.55229 
-100.00000 -100.00000 
-100.00000 -100.00000 
 0.22099 -100.00000 
-100.00000 -100.00000 
-100.00000 -100.00000 
-100.00000 -100.00000 
-100.00000 -0.25872 
-100.00000 -100.00000 
-100.00000 -100.00000 
-100.00000 -100.00000 
-100.00000 -100.00000 
-100.00000  0.00057 
-100.00000 -0.35104 
-0.00026 -0.25795 
-0.00003  0.37831 
-0.12662 -0.13544 
-100.00000 -0.37234 
-100.00000  0.00001 
 0.32077  0.00017 
-0.12781 -100.00000 
-100.00000 -100.00000 
 0.37858 -0.23365 
-100.00000  0.00011 
-100.00000 -100.00000 
 0.33834 -100.00000 
-100.00000 -0.79458 
-100.00000 -100.00000 
-100.00000 -100.00000 
-100.00000 -100.00000 
-100.00000 -100.00000 
-100.00000 -100.00000 
-100.00000 -100.00000 
-100.00000 -100.00000 
-100.00000 -100.00000 
-100.00000 -100.00000 
-100.00000 -100.00000 
-100.00000 -100.00000 
-100.00000 -100.00000 
-100.00000 -100.00000 
-100.00000 -100.00000 
 0.00019 -0.23400 
-100.00000 -100.00000 
-100.00000 -100.00000 
-100.00000 -100.00000 
 0.26311 -100.00000 
-100.00000 -100.00000 
 0.21050  0.09761 
-100.00000 -100.00000 
-100.00000 -100.00000 
-100.00000 -100.00000 
-100.00000 -100.00000 
-100.00000 -100.00000 
-100.00000 -100.00000 
-100.00000 -100.00000 
-100.00000 -100.00000 
-100.00000 -100.00000 
-100.00000 -100.00000 
-100.00000 -100.00000 
-100.00000 -100.00000 
-100.00000 -100.00000 
-100.00000 -100.00000 
-100.00000 -100.00000 
-100.00000 -0.13527 
-100.00000 -100.00000 
-100.00000 -100.00000 
-100.00000 -100.00000 
-100.00000 -100.00000 
-100.00000 -100.00000 
-100.00000 -100.00000 
-100.00000 -100.00000 
-100.00000 -100.00000 
-0.46391  0.40736 
-100.00000 -100.00000 
-100.00000 -100.00000 
-100.00000 -0.57297 
-100.00000 -0.00002 
 0.10506 -0.13533 
-0.00005  0.13710 
-100.00000 -100.00000 
-100.00000  0.48559 
-100.00000 -100.00000 
-100.00000 -100.00000 
-100.00000 -100.00000 
 0.58457 -100.00000 
-100.00000 -100.00000 
-0.00973  0.13737 
-100.00000 -100.00000 
-100.00000 -100.00000 
-100.00000 -0.00017 
 0.00000  0.00000 
-0.01745 -0.64124 
-100.00000 -100.00000 
-100.00000 -0.31040 
-0.19506  0.06499 
-100.00000 -100.00000 
-0.00021 -100.00000 
 0.00000  0.00000 
-100.00000 -100.00000 
-100.00000 -100.00000 
-100.00000 -100.00000 
 0.00000  0.00000 
-100.00000 -100.00000 
-100.00000  0.00075 
-0.14700 -100.00000 
-100.00000 -100.00000 
-100.00000 -100.00000 
 0.09720 -100.00000 
-100.00000 -100.00000 
-100.00000  0.00072 
-0.05038 -0.21205 
 0.20497 -0.11079 
 0.32979  0.55997 
-100.00000 -100.00000 
-100.00000 -100.00000 
-0.12608  0.55153 
-0.01731  0.37100 
-100.00000  0.00034 
-100.00000 -100.00000 
-0.21507 -0.00120 
-100.00000 -100.00000 
-0.25291  0.26754 
 0.26291  0.37375 
 0.00001 -100.00000 
-100.00000 -0.00017 
-100.00000 -100.00000 
-100.00000 -100.00000 
-100.00000 -100.00000 
-100.00000 -100.00000 
-100.00000 -100.00000 
-100.00000 -100.00000 
-100.00000 -100.00000 
-100.00000 -100.00000 
-100.00000 -100.00000 
-0.00023 -100.00000 
-100.00000 -100.00000 
-100.00000 -100.00000 
 0.24983  0.03032 
-100.00000 -100.00000 
-100.00000 -100.00000 
-100.00000 -100.00000 
-100.00000 -100.00000 
-100.00000 -100.00000 
-0.03359 -0.04870 
-100.00000 -100.00000 
-100.00000  0.37590 
 0.00017 -0.00007 
-100.00000 -0.00002 
-0.04399 -0.26114 
-100.00000 -100.00000 
-100.00000 -100.00000 
-100.00000 -100.00000 
 0.13737 -0.00000 
-100.00000 -100.00000 
-100.00000 -100.00000 
-100.00000 -100.00000 
-100.00000 -100.00000 
-100.00000 -100.00000 
-100.00000 -100.00000 
-0.39002 -100.00000 
-0.05077  0.25817 
 0.00010 -100.00000 
 0.76550  0.47424 
-100.00000 -100.00000 
 0.00000  0.00000 
-100.00000 -100.00000 
-100.00000 -100.00000 
-100.00000 -100.00000 
-100.00000 -100.00000 
-100.00000 -100.00000 
-100.00000 -100.00000 
 0.00000  0.00000 
-100.00000 -100.00000 
-100.00000 -100.00000 
 0.00000  0.00000 
-100.00000 -100.00000 
