-100.00000 -100.00000 
 0.04110 -100.00000 
 0.34259  0.09998 
 0.00018 -100.00000 
 0.37817 -0.30422 
-0.50220 -0.15994 
 1.12095 -100.00000 
-100.00000 -100.00000 
 0.00027  0.13760 
 0.00000  0.00000 
-0.13521 -100.00000 
-0.36339  0.13777 
-100.00000  0.18123 
-100.00000 -100.00000 
-100.00000 -100.00000 
 0.42435 -0.50599 
-100.00000 -100.00000 
 0.10605 -0.17603 
-100.00000 -100.00000 
-100.00000 -100.00000 
 0.04206  0.28864 
-100.00000 -100.00000 
-100.00000 -100.00000 
 0.00000  0.00000 
-0.36998 -0.19855 
-100.00000 -100.00000 
-0.00001 -0.15886 
 0.00001 -0.00003 
-100.00000 -100.00000 
-100.00000 -100.00000 
 0.24430 -0.15897 
-100.00000 -100.00000 
-100.00000 -100.00000 
-0.57459 -0.04064 
-100.00000 -100.00000 
-100.00000 -100.00000 
 0.11934  0.46235 
-100.00000 -100.00000 
-100.00000 -100.00000 
-100.00000 -100.00000 
-100.00000 -100.00000 
-100.00000 -100.00000 
-100.00000 -100.00000 
-100.00000 -100.00000 
-0.00742 -0.07978 
-0.13406 -0.52029 
-0.25235  0.41620 
-100.00000 -100.00000 
-100.00000 -100.00000 
-100.00000 -100.00000 
-100.00000 -100.00000 
-0.82890 -0.01878 
 0.00080 -100.00000 
 0.00081 -100.00000 
-100.00000 -100.00000 
-0.00003 -100.00000 
 0.13764  0.13757 
-100.00000  0.13757 
 0.55372 -0.06571 
 1.45813  0.51890 
-100.00000 -100.00000 
 0.76552 -0.16549 
-100.00000 -100.00000 
-100.00000 -100.00000 
 0.13711  0.13744 
-100.00000 -100.00000 
-100.00000 -100.00000 
 0.42403 -100.00000 
-0.00002 -100.00000 
-100.00000 -100.00000 
 0.13758 -100.00000 
 0.17334  0.20225 
-100.00000 -100.00000 
-100.00000 -100.00000 
-100.00000 -0.00002 
-100.00000 -100.00000 
-100.00000 -100.00000 
-100.00000 -100.00000 
 0.37853 -100.00000 
-100.00000 -100.00000 
-100.00000 -100.00000 
-100.00000 -100.00000 
 0.40571 -0.41692 
-0.10281  0.22452 
 0.23585 -0.06946 
 0.08311  0.29004 
-100.00000 -100.00000 
 0.13752 -0.00016 
-0.14636  0.16041 
-1.91985  0.15098 
 0.00001 -100.00000 
-0.01609 -100.00000 
-100.00000 -100.00000 
-0.25419 -0.06895 
 0.00000  0.00000 
-100.00000 -100.00000 
-100.00000 -100.00000 
-100.00000 -100.00000 
 1.96391 -100.00000 
-0.11941 -0.40932 
-100.00000  0.26306 
 0.12940 -100.00000 
-100.00000 -100.00000 
 0.83499  0.32546 
-100.00000 -100.00000 
 0.13761 -100.00000 
 0.10567  0.08239 
 0.00000  0.00000 
-100.00000 -100.00000 
-100.00000 -100.00000 
-0.57242 -0.55721 
-100.00000 -100.00000 
 0.26361  0.35687 
 0.12140  0.26966 
 0.00000  0.00000 
-100.00000 -100.00000 
-100.00000 -100.00000 
-100.00000 -100.00000 
 1.67084 -0.04406 
-100.00000 -100.00000 
-100.00000 -100.00000 
-100.00000 -100.00000 
-0.23183 -100.00000 
-0.57211 -0.00004 
-100.00000 -100.00000 
-100.00000 -0.16540 
-100.00000 -0.02229 
-100.00000 -0.01202 
-100.00000 -100.00000 
-100.00000 -100.00000 
 0.00004  0.22915 
-100.00000 -100.00000 
-100.00000 -100.00000 
-100.00000 -100.00000 
-100.00000 -100.00000 
-0.08277 -0.00723 
-100.00000 -100.00000 
 0.29478 -0.27577 
-0.00080 -100.00000 
-100.00000 -100.00000 
-100.00000 -100.00000 
 0.13764  0.29863 
 0.47161  0.35843 
-100.00000 -100.00000 
-0.23953  0.26325 
 0.80367 -0.21606 
-100.00000 -100.00000 
-100.00000 -100.00000 
-100.00000 -100.00000 
-100.00000 -100.00000 
-100.00000 -100.00000 
 0.07112 -0.13493 
-0.22764  0.51234 
 0.26813 -0.12774 
-100.00000  0.21865 
-100.00000 -100.00000 
-100.00000  0.42566 
-100.00000 -100.00000 
-100.00000 -100.00000 
 0.00360 -100.00000 
 0.00000  0.00000 
-100.00000 -100.00000 
-0.13402 -100.00000 
-100.00000 -100.00000 
-100.00000 -100.00000 
-100.00000 -100.00000 
-100.00000 -100.00000 
-100.00000  0.00000 
-100.00000 -100.00000 
-0.11767  0.26398 
 0.00967 -100.00000 
-0.36934  0.33550 
-0.00472 -0.81321 
 0.00000  0.00000 
 0.86024  0.47805 
 1.66810 -0.13842 
 0.00010 -100.00000 
-100.00000 -0.04243 
 0.12887 -0.01228 
 0.39743 -0.34867 
 0.00000  0.00000 
-100.00000 -0.07111 
-100.00000  0.00009 
-100.00000  0.43530 
-100.00000 -100.00000 
-100.00000 -0.00005 
-100.00000 -100.00000 
-100.00000 -0.34893 
-100.00000 -100.00000 
-100.00000 -100.00000 
-100.00000 -100.00000 
-100.00000 -100.00000 
-0.00001  0.18812 
-100.00000 -100.00000 
-100.00000 -100.00000 
 0.09114 -0.12946 
-1.11492 -0.07332 
-100.00000 -100.00000 
 0.13250  0.50990 
-100.00000 -100.00000 
 0.67851 -100.00000 
 0.11128 -0.35253 
-100.00000 -100.00000 
-100.00000 -100.00000 
 0.26658 -100.00000 
 0.13816 -100.00000 
 0.00011 -100.00000 
 0.00000  0.00000 
-0.27139 -100.00000 
-0.19963 -0.12783 
-100.00000 -100.00000 
-0.17226 -0.07333 
 0.48685 -0.13863 
 0.00000  0.00000 
-100.00000 -100.00000 
 0.92995  0.35638 
-100.00000 -100.00000 
 0.34912  0.00012 
-100.00000 -0.56106 
 0.00162  0.00081 
 0.34981 -0.63373 
 0.00000  0.00000 
 0.48284  0.25312 
-100.00000 -100.00000 
-100.00000 -100.00000 
-0.06773 -0.59294 
 0.76549 -0.35241 
-100.00000 -100.00000 
 0.67053  0.54344 
 0.65785 -0.48834 
 0.12810 -0.05641 
 0.66019 -0.14366 
-100.00000 -100.00000 
-0.00197 -100.00000 
-0.71337 -100.00000 
 0.13819 -100.00000 
 0.42023  0.47140 
 0.51321  0.00788 
-100.00000 -100.00000 
-0.13320  0.36928 
-100.00000 -100.00000 
-100.00000 -100.00000 
-100.00000 -100.00000 
-0.17305  0.36027 
 0.00000  0.00000 
 0.00000  0.00000 
-0.00003 -100.00000 
-100.00000 -0.00026 
-100.00000 -100.00000 
-100.00000 -100.00000 
 0.40925 -0.65443 
-100.00000 -100.00000 
-0.13508 -100.00000 
-0.08984 -0.31931 
-0.82526  0.41443 
-100.00000 -100.00000 
-0.15330  0.38750 
 0.13764 -0.26506 
-100.00000 -100.00000 
-100.00000 -100.00000 
-100.00000 -100.00000 
-100.00000 -100.00000 
 0.00004  0.13757 
 0.26313 -0.12809 
-100.00000 -100.00000 
-100.00000 -100.00000 
-100.00000 -100.00000 
-100.00000 -100.00000 
 0.00000  0.00000 
-100.00000 -100.00000 
 0.45701 -0.26635 
 0.13754 -100.00000 
-100.00000 -100.00000 
 0.00053  0.48588 
 0.47422  0.00003 
-0.00069 -100.00000 
 0.40559 -0.11866 
 0.41061  0.07016 
-0.98766 -0.00083 
-100.00000 -100.00000 
 0.13734 -0.00142 
-100.00000 -100.00000 
 0.67832  0.45977 
-100.00000 -100.00000 
-0.12191 -100.00000 
-100.00000 -0.16669 
-0.00242 -100.00000 
 0.57848 -0.05475 
 0.60881  0.17826 
-100.00000 -100.00000 
 0.02138  0.39478 
 0.75348  0.37845 
-100.00000 -100.00000 
-0.63437 -100.00000 
 0.08726 -0.63543 
-100.00000 -100.00000 
-100.00000 -100.00000 
-100.00000 -100.00000 
 0.48591 -0.14960 
-100.00000 -100.00000 
-100.00000 -100.00000 
-100.00000 -100.00000 
 0.75350  0.64431 
-100.00000 -100.00000 
-0.27476 -100.00000 
-0.13968 -100.00000 
-100.00000 -100.00000 
-0.51284  0.31837 
-100.00000 -100.00000 
-0.00003 -100.00000 
-100.00000 -100.00000 
 0.12239 -0.00227 
-100.00000 -100.00000 
-0.30884 -0.02193 
 0.43368  0.03021 
-100.00000 -100.00000 
-100.00000 -100.00000 
-100.00000 -100.00000 
-0.16907 -0.01869 
-100.00000 -100.00000 
-100.00000 -100.00000 
 0.00000  0.00000 
-100.00000 -100.00000 
-100.00000 -100.00000 
-100.00000 -100.00000 
-100.00000 -100.00000 
-100.00000 -100.00000 
-100.00000 -100.00000 
-100.00000 -100.00000 
-100.00000 -100.00000 
-100.00000 -100.00000 
-100.00000 -100.00000 
-100.00000 -100.00000 
-100.00000 -100.00000 
-100.00000 -100.00000 
-100.00000 -100.00000 
-100.00000 -100.00000 
-100.00000 -100.00000 
-0.00048 -100.00000 
-100.00000 -100.00000 
-100.00000 -100.00000 
 0.00000  0.00000 
-100.00000 -100.00000 
-100.00000 -100.00000 
-100.00000 -0.16411 
-0.00150 -100.00000 
-100.00000  0.00004 
-100.00000 -100.00000 
-100.00000 -100.00000 
-100.00000 -100.00000 
-100.00000 -100.00000 
 0.13739 -0.31448 
-100.00000 -100.00000 
-100.00000 -100.00000 
-100.00000 -100.00000 
-100.00000 -100.00000 
-100.00000 -100.00000 
 0.41086 -100.00000 
-100.00000 -100.00000 
-100.00000 -100.00000 
 0.13848 -0.00035 
-100.00000 -0.07374 
-100.00000 -100.00000 
-100.00000 -100.00000 
 0.00000  0.00000 
-100.00000 -100.00000 
 0.00000  0.00000 
-0.45962  0.41887 
 0.46335 -0.31013 
-100.00000 -100.00000 
-0.12970 -100.00000 
-100.00000 -100.00000 
 0.37869 -100.00000 
-100.00000 -100.00000 
 0.00002 -100.00000 
-100.00000 -100.00000 
 0.00000  0.00000 
-100.00000 -100.00000 
-100.00000 -100.00000 
-0.26723 -0.31508 
 0.73592  0.26300 
 0.00022 -100.00000 
-100.00000 -100.00000 
-100.00000 -100.00000 
-100.00000 -100.00000 
-0.37645 -100.00000 
-100.00000 -100.00000 
 0.00228 -100.00000 
-0.89389 -100.00000 
-100.00000 -100.00000 
-100.00000 -100.00000 
-0.18297  0.52477 
 0.13757 -100.00000 
-100.00000 -100.00000 
-100.00000 -100.00000 
 0.24331 -100.00000 
 0.38271  0.24425 
-100.00000 -100.00000 
-100.00000 -100.00000 
 0.00015 -100.00000 
-100.00000 -100.00000 
-100.00000  0.00013 
 0.37845 -100.00000 
-100.00000 -100.00000 
-100.00000 -100.00000 
-1.38466  0.12893 
-100.00000 -100.00000 
 0.48543 -100.00000 
-100.00000 -100.00000 
 1.17386  0.13085 
-100.00000 -100.00000 
 1.00140  0.35148 
 0.54314  0.37391 
-100.00000 -100.00000 
 0.27232  0.26300 
-1.85239 -0.43799 
-100.00000 -100.00000 
-100.00000 -100.00000 
-100.00000 -100.00000 
-100.00000 -100.00000 
-100.00000 -100.00000 
-0.00013  0.13750 
-100.00000 -100.00000 
-100.00000  0.13761 
-100.00000 -100.00000 
-100.00000 -100.00000 
-100.00000 -100.00000 
-0.13351 -100.00000 
-0.11768  0.23279 
-100.00000 -100.00000 
-100.00000  0.13752 
-100.00000 -100.00000 
 0.01207  0.13752 
-100.00000 -100.00000 
-100.00000 -100.00000 
-100.00000 -100.00000 
 0.00000  0.00000 
 0.13790 -0.42755 
-100.00000 -100.00000 
-100.00000 -100.00000 
 0.00004 -100.00000 
-100.00000 -100.00000 
-100.00000 -100.00000 
-100.00000 -100.00000 
 0.00003 -100.00000 
-100.00000 -100.00000 
-100.00000  0.13758 
-100.00000 -100.00000 
-100.00000 -100.00000 
-100.00000 -100.00000 
-100.00000 -100.00000 
 0.00253  0.00960 
-0.31318 -0.23136 
-0.06544  0.20358 
 0.12793  0.00989 
 0.41937 -100.00000 
-100.00000 -100.00000 
-100.00000 -100.00000 
-100.00000 -100.00000 
 0.26236  0.26293 
-100.00000 -100.00000 
 0.00000  0.00000 
-100.00000 -100.00000 
-100.00000 -100.00000 
-100.00000 -100.00000 
-100.00000 -100.00000 
-100.00000 -100.00000 
-100.00000 -100.00000 
-100.00000 -100.00000 
 0.00017 -100.00000 
 0.00269  0.00009 
-100.00000 -100.00000 
-100.00000 -100.00000 
 1.08096 -0.47045 
-100.00000 -100.00000 
-0.71037 -0.00005 
 0.13758 -0.01331 
-100.00000 -100.00000 
-100.00000 -100.00000 
 0.02096 -0.27686 
 0.02660 -0.15088 
-0.00016 -100.00000 
-0.00010  0.00000 
 0.00000  0.00000 
 0.06854 -0.14477 
-100.00000 -100.00000 
-0.22122  0.32684 
 0.16453  0.22760 
-100.00000  0.00003 
-100.00000 -0.00040 
-0.38979 -0.84546 
-100.00000 -100.00000 
 0.00075 -100.00000 
-100.00000 -100.00000 
-100.00000 -100.00000 
-100.00000 -100.00000 
-0.35316 -0.00041 
-100.00000 -100.00000 
 0.21348 -0.45340 
 0.00000  0.00000 
-0.52726 -0.57066 
 0.00000  0.00000 
-0.00019 -100.00000 
 0.78629 -100.00000 
 0.00000  0.00000 
-100.00000 -100.00000 
 0.13785  0.22757 
-100.00000 -0.28752 
-100.00000 -100.00000 
-0.07642 -100.00000 
-100.00000 -100.00000 
-0.65174 -0.27438 
-0.07014 -100.00000 
 0.02643 -100.00000 
 0.26366 -0.00056 
-100.00000 -100.00000 
-1.09654  0.23881 
 0.00115 -100.00000 
-0.00065 -100.00000 
 0.00022 -100.00000 
-0.11079 -100.00000 
-100.00000 -0.41067 
 1.32218 -100.00000 
-100.00000 -100.00000 
-100.00000 -100.00000 
 0.41181 -100.00000 
 0.00000  0.00000 
-0.27717 -100.00000 
 0.03316 -100.00000 
-100.00000 -100.00000 
-100.00000 -100.00000 
 0.26278  0.00000 
 0.00000  0.00000 
-100.00000 -100.00000 
-100.00000 -100.00000 
-100.00000 -100.00000 
-100.00000 -100.00000 
-100.00000 -100.00000 
-100.00000 -100.00000 
-100.00000 -100.00000 
 0.00004 -100.00000 
-100.00000 -100.00000 
 0.00016 -100.00000 
-100.00000 -100.00000 
 0.02666  0.09136 
-100.00000 -100.00000 
-100.00000 -100.00000 
-100.00000 -100.00000 
-100.00000 -100.00000 
-100.00000 -100.00000 
-0.36099  0.09178 
 0.00015 -100.00000 
-100.00000 -100.00000 
 0.15307  0.01320 
 0.09946  0.05771 
-100.00000 -100.00000 
-100.00000 -100.00000 
 0.06811  0.15078 
-100.00000 -100.00000 
-100.00000 -100.00000 
 0.05846 -0.18869 
-100.00000 -0.00002 
-100.00000 -100.00000 
 0.46147 -0.49746 
-100.00000 -100.00000 
