 0.54795 -0.02893 
 0.00000  0.00000 
-100.00000  0.37841 
 0.00000  0.00000 
 0.00008 -100.00000 
-100.00000 -100.00000 
-100.00000 -100.00000 
-100.00000 -100.00000 
 0.13740 -100.00000 
-100.00000 -100.00000 
-100.00000 -100.00000 
-100.00000 -100.00000 
-100.00000 -100.00000 
-100.00000 -100.00000 
 0.00750 -0.43526 
-100.00000 -100.00000 
-100.00000 -100.00000 
-100.00000 -100.00000 
 0.22352 -100.00000 
-100.00000 -100.00000 
-100.00000 -100.00000 
-100.00000  0.07440 
-100.00000 -100.00000 
-100.00000 -100.00000 
-100.00000 -100.00000 
-100.00000 -100.00000 
-0.05703  0.03339 
-0.08483 -0.41613 
-100.00000 -100.00000 
-100.00000 -0.00005 
-100.00000 -100.00000 
-100.00000 -100.00000 
-100.00000 -100.00000 
-100.00000 -100.00000 
 0.01876 -0.02245 
 0.01335 -0.02230 
-100.00000 -100.00000 
 0.19942 -0.93072 
 0.00000  0.00000 
 0.20721  0.49529 
-100.00000 -100.00000 
 0.12769  0.13759 
-100.00000 -100.00000 
-0.51579 -0.29158 
-100.00000 -100.00000 
-100.00000 -100.00000 
-0.00024  0.46757 
-0.55583 -0.26296 
-100.00000 -100.00000 
-100.00000 -100.00000 
 0.07504  0.47677 
-100.00000 -0.00013 
-100.00000 -0.17898 
-0.00000 -100.00000 
-0.21101 -0.37485 
-100.00000 -100.00000 
 0.00000  0.00000 
-100.00000 -100.00000 
-100.00000 -100.00000 
 0.00000  0.00000 
-100.00000 -100.00000 
 0.00000  0.00000 
-100.00000 -100.00000 
-0.32958  0.24224 
-0.33136 -100.00000 
-100.00000 -100.00000 
-100.00000 -100.00000 
-0.11215 -0.28623 
-100.00000 -100.00000 
-100.00000  0.18391 
 0.00000  0.00000 
-100.00000 -100.00000 
 0.64319  0.33102 
-100.00000 -100.00000 
-0.00005 -100.00000 
-100.00000 -100.00000 
-100.00000 -100.00000 
-100.00000 -100.00000 
-100.00000 -100.00000 
-100.00000 -100.00000 
 0.12254 -0.09834 
-100.00000 -100.00000 
-0.05491  0.36674 
-100.00000 -100.00000 
-100.00000 -100.00000 
-0.50994 -100.00000 
-100.00000 -100.00000 
-100.00000 -100.00000 
-0.83196 -100.00000 
-0.35964 -0.15916 
-0.37545  0.34825 
 0.00026 -100.00000 
-100.00000 -100.00000 
-100.00000 -100.00000 
-100.00000 -100.00000 
-100.00000 -100.00000 
-100.00000 -100.00000 
 0.42808 -0.20227 
-100.00000 -1.47948 
-100.00000 -0.40347 
 0.21820 -0.26955 
-100.00000 -100.00000 
 0.14659  0.22456 
 0.70693  0.27253 
-100.00000 -100.00000 
-100.00000 -100.00000 
-100.00000 -100.00000 
-100.00000 -100.00000 
-100.00000 -100.00000 
-100.00000 -100.00000 
-0.07080 -100.00000 
-100.00000 -100.00000 
-100.00000 -0.36587 
-100.00000 -100.00000 
-100.00000 -100.00000 
 0.60787 -0.06167 
 0.00578  0.39371 
-100.00000 -100.00000 
 0.10782 -0.41101 
-0.36352 -0.38866 
-0.55637 -0.14486 
-100.00000 -100.00000 
-100.00000 -0.14640 
-100.00000 -100.00000 
-100.00000 -100.00000 
 0.18066  0.09339 
-100.00000 -100.00000 
-100.00000 -100.00000 
-0.00706  0.07810 
 0.60100  0.44852 
-100.00000 -100.00000 
-0.04058  0.09246 
 0.48538  0.30002 
-100.00000 -100.00000 
 0.07298 -100.00000 
 0.00000  0.00000 
-0.60137 -0.13627 
-100.00000 -100.00000 
-0.16071 -100.00000 
-100.00000 -100.00000 
-100.00000  0.13762 
-0.38203 -0.22621 
-100.00000 -100.00000 
 0.37859 -0.36008 
-100.00000 -100.00000 
-0.39004  0.43238 
-100.00000 -100.00000 
-100.00000 -100.00000 
-0.09212 -100.00000 
-100.00000 -100.00000 
-100.00000 -100.00000 
-100.00000 -100.00000 
 0.44044  0.41767 
-100.00000 -100.00000 
 0.48628 -0.21968 
-100.00000 -100.00000 
 0.00000  0.00000 
-100.00000 -100.00000 
-100.00000 -100.00000 
-100.00000 -100.00000 
-100.00000 -100.00000 
-0.26213  0.19688 
 0.68754  0.33624 
-100.00000 -100.00000 
-100.00000 -100.00000 
-100.00000 -100.00000 
-100.00000 -100.00000 
 0.41158 -0.44188 
 0.00000  0.00000 
 0.00000  0.00000 
 0.68632 -100.00000 
-100.00000 -100.00000 
-0.16087 -100.00000 
-100.00000 -100.00000 
 0.19530 -100.00000 
 0.00000  0.00000 
-100.00000 -100.00000 
 0.13760 -100.00000 
 0.24530 -0.52849 
-0.16729 -100.00000 
-100.00000 -100.00000 
-0.19148  0.98800 
-0.17744 -0.55736 
 0.49030  0.50837 
 0.00000  0.00000 
-100.00000 -100.00000 
 0.00000  0.00000 
 0.02901 -0.07611 
-100.00000 -100.00000 
-100.00000 -100.00000 
-100.00000 -100.00000 
-100.00000 -100.00000 
-100.00000 -100.00000 
-100.00000 -100.00000 
-100.00000 -100.00000 
-100.00000 -100.00000 
-0.00007 -100.00000 
-100.00000 -100.00000 
-100.00000 -100.00000 
-100.00000 -100.00000 
 0.00033 -100.00000 
-100.00000 -100.00000 
 0.11559  0.26737 
-0.12358  0.44597 
 0.12047 -100.00000 
-100.00000 -100.00000 
-100.00000 -100.00000 
-100.00000 -100.00000 
-100.00000 -100.00000 
 0.85788  0.45338 
-0.11598 -100.00000 
 0.50459  0.40783 
 0.00038  0.55182 
-100.00000  0.00001 
-100.00000 -100.00000 
-100.00000 -100.00000 
-100.00000 -100.00000 
-100.00000 -100.00000 
 0.13750 -0.36952 
-0.14496 -0.42681 
 0.29959 -0.00517 
-100.00000 -100.00000 
-0.36427 -0.41999 
 0.84339  0.45732 
 0.59121  0.04852 
-100.00000 -100.00000 
 0.37846  0.15410 
-100.00000 -100.00000 
-0.73868  0.03863 
 0.34195 -100.00000 
-100.00000 -100.00000 
 0.09772  0.48722 
 1.23327 -0.01023 
 0.72574 -0.47216 
 0.00000  0.00000 
 0.63281  0.00243 
-0.09719  0.21297 
-100.00000 -100.00000 
-0.00747 -0.32617 
-100.00000  0.00035 
-100.00000 -100.00000 
 0.29282 -0.19162 
-0.15064 -100.00000 
-0.61422 -0.06752 
-100.00000 -100.00000 
-100.00000 -100.00000 
-100.00000 -100.00000 
-0.14515 -100.00000 
-100.00000 -100.00000 
-100.00000 -100.00000 
-0.61639 -0.10067 
-0.12847 -100.00000 
-100.00000 -100.00000 
-0.00022 -100.00000 
-0.10739 -0.00037 
-100.00000 -0.12774 
-0.00563 -0.11041 
-100.00000 -100.00000 
 0.11643  0.25581 
-100.00000 -100.00000 
-100.00000 -100.00000 
-100.00000 -100.00000 
-100.00000 -0.00131 
-100.00000 -100.00000 
-0.14283  0.23959 
-100.00000 -100.00000 
-100.00000 -100.00000 
-100.00000 -100.00000 
-100.00000 -100.00000 
-100.00000 -100.00000 
-100.00000 -100.00000 
-0.00527 -100.00000 
-100.00000 -100.00000 
 0.34624  0.11301 
 0.16276  0.24287 
-100.00000  0.00028 
 0.28729  0.46769 
 0.58671  1.10578 
-0.00004 -100.00000 
-100.00000 -100.00000 
-100.00000 -100.00000 
-100.00000 -100.00000 
-0.10327  0.12478 
-100.00000 -100.00000 
 0.08077 -0.58352 
 0.30515 -0.31116 
-100.00000  0.00011 
-0.31090 -0.39034 
-100.00000 -100.00000 
-0.43049 -0.79181 
-100.00000 -100.00000 
 0.18377  0.18880 
 0.11027 -0.75734 
 0.00000  0.00000 
-100.00000 -100.00000 
 0.08300 -0.43912 
-100.00000  0.03178 
-100.00000 -100.00000 
 0.12183 -0.42686 
-100.00000 -100.00000 
-100.00000 -100.00000 
-0.10389 -100.00000 
-0.65314  0.20392 
-100.00000 -100.00000 
-1.11746 -0.07306 
 0.14805  1.34995 
-100.00000 -100.00000 
-100.00000 -100.00000 
-0.12266 -0.05383 
-100.00000  0.16845 
-0.00490  0.09584 
-100.00000 -100.00000 
 0.00003  0.84809 
-100.00000 -100.00000 
-0.00899  0.03318 
 0.23812 -0.00004 
-100.00000 -100.00000 
-0.65040 -0.06606 
-100.00000 -100.00000 
-100.00000 -100.00000 
 0.00000  0.00000 
-100.00000 -100.00000 
-100.00000 -100.00000 
 0.21587  0.03737 
-100.00000 -100.00000 
 0.76595 -0.16379 
 0.00000  0.00000 
-100.00000 -100.00000 
-0.24414 -0.13867 
 0.23764 -100.00000 
-100.00000 -100.00000 
 0.13744 -0.44560 
-100.00000 -100.00000 
-100.00000 -0.00008 
 0.11582  0.59936 
-100.00000 -100.00000 
-0.34009 -0.57175 
-100.00000 -100.00000 
-0.00004 -0.02438 
-0.26173  0.02442 
-100.00000 -100.00000 
-100.00000 -100.00000 
-0.36891  0.10075 
-100.00000 -100.00000 
-100.00000 -100.00000 
-100.00000 -100.00000 
-100.00000  0.84804 
-100.00000 -100.00000 
-100.00000 -100.00000 
-100.00000 -100.00000 
-100.00000 -100.00000 
-100.00000 -100.00000 
-100.00000 -100.00000 
-0.18154  0.69909 
-100.00000 -100.00000 
-100.00000 -100.00000 
-100.00000 -100.00000 
-100.00000 -100.00000 
-100.00000 -100.00000 
 0.26334 -0.31637 
-0.14984 -0.27081 
-100.00000 -100.00000 
-100.00000 -100.00000 
-100.00000 -100.00000 
-100.00000 -100.00000 
-100.00000 -100.00000 
-100.00000 -100.00000 
-100.00000 -100.00000 
-100.00000 -100.00000 
-0.31096 -0.94907 
-0.00282  0.16853 
 0.77079  0.25191 
-0.21710  0.06166 
-100.00000 -100.00000 
-100.00000 -100.00000 
-100.00000 -100.00000 
-100.00000 -100.00000 
-100.00000 -100.00000 
-100.00000 -100.00000 
-100.00000 -100.00000 
 0.13728  0.26326 
 0.00000  0.00000 
-100.00000 -100.00000 
-0.00006 -100.00000 
 0.07946 -0.28539 
-0.34055  0.02844 
-100.00000 -100.00000 
-100.00000 -100.00000 
-0.48912  0.01262 
 0.79264 -0.56500 
-100.00000 -100.00000 
 0.12489 -0.10730 
-0.34514  0.01412 
 0.00000  0.00000 
-100.00000 -100.00000 
-0.34321  0.24413 
-100.00000 -100.00000 
-100.00000 -100.00000 
-100.00000 -100.00000 
 0.05261 -0.03807 
 0.00000  0.00000 
-0.24245  0.00360 
-0.23745 -0.53064 
-0.63099 -100.00000 
 0.10538  0.63025 
-100.00000 -100.00000 
 0.28668 -0.23273 
-100.00000  0.26306 
-100.00000 -100.00000 
-100.00000 -100.00000 
 0.00000  0.00000 
-0.34099 -0.33008 
-100.00000 -100.00000 
 0.89099  0.01721 
 0.46166  0.01239 
-100.00000 -100.00000 
 0.15764  0.18408 
 0.00000  0.00000 
-0.06516 -0.06220 
 0.44677 -0.13407 
-0.48776  0.16444 
-100.00000 -100.00000 
-100.00000 -100.00000 
 0.00001  0.00525 
 0.00000  0.00000 
 0.00000  0.00000 
-100.00000 -0.74052 
-100.00000 -0.36621 
-100.00000 -100.00000 
-100.00000 -100.00000 
-100.00000 -100.00000 
-100.00000 -100.00000 
-100.00000 -100.00000 
-100.00000 -100.00000 
-100.00000 -100.00000 
-0.14379 -100.00000 
-100.00000 -100.00000 
-0.38223 -0.27714 
-100.00000 -100.00000 
 0.16186 -0.03766 
-100.00000 -100.00000 
-100.00000 -100.00000 
-100.00000 -100.00000 
-100.00000 -100.00000 
-100.00000 -100.00000 
-0.39652 -0.04903 
-0.00139 -0.07929 
 0.04159  0.30535 
-0.04167 -0.17168 
-100.00000 -100.00000 
-100.00000 -100.00000 
-100.00000 -100.00000 
-100.00000 -100.00000 
-100.00000 -100.00000 
-100.00000 -100.00000 
-0.00107 -100.00000 
-0.32425  0.21546 
-100.00000 -100.00000 
 0.00000  0.00000 
 0.41256 -0.58921 
-100.00000 -100.00000 
-100.00000 -100.00000 
-0.26755  0.02365 
 0.00000  0.00000 
-100.00000 -100.00000 
 0.00000  0.00000 
-0.13841  0.00347 
 0.22138  0.74913 
-100.00000 -100.00000 
 0.00000  0.00000 
 0.34726 -0.13405 
-100.00000  0.00896 
-100.00000 -100.00000 
 0.00000  0.00000 
 0.42918  0.27225 
-0.97502 -0.00005 
-100.00000 -100.00000 
-0.21920  0.19902 
-100.00000 -100.00000 
-100.00000 -100.00000 
-100.00000 -100.00000 
 0.13963 -0.20784 
-100.00000 -100.00000 
-100.00000 -100.00000 
-100.00000 -100.00000 
 0.00000  0.00000 
-100.00000 -100.00000 
-100.00000 -100.00000 
-100.00000 -100.00000 
-0.16776 -0.49417 
-100.00000 -100.00000 
 0.26285 -0.63089 
 0.30138 -0.22287 
-100.00000 -100.00000 
-100.00000 -100.00000 
-0.15137 -0.48874 
-0.12252  0.58837 
-100.00000 -100.00000 
 0.35282 -0.36740 
-100.00000 -100.00000 
-0.00948 -0.35670 
-100.00000 -100.00000 
-100.00000 -100.00000 
 0.00000  0.00000 
-100.00000 -100.00000 
-0.40247 -0.23392 
-0.18079  0.35496 
 0.00341 -0.40638 
-100.00000 -100.00000 
 0.00000  0.00000 
-100.00000 -100.00000 
-0.02982 -0.05742 
 0.08440 -0.81487 
 0.27279  0.11989 
 0.00000  0.00000 
-0.51498  0.13754 
-0.02458  0.10134 
 0.13768  0.29771 
-100.00000 -100.00000 
 0.00000  0.00000 
-100.00000 -100.00000 
 0.40295 -0.07953 
-100.00000 -0.33505 
-100.00000 -0.24930 
-100.00000 -100.00000 
-100.00000  0.13760 
-100.00000 -100.00000 
 0.52157 -0.57967 
 0.22017  0.00000 
-100.00000 -100.00000 
-0.15146 -100.00000 
-100.00000 -100.00000 
-100.00000 -100.00000 
-100.00000 -100.00000 
-100.00000 -100.00000 
-100.00000 -100.00000 
-100.00000 -100.00000 
-0.00004 -100.00000 
-100.00000 -100.00000 
-100.00000 -100.00000 
-100.00000 -100.00000 
-100.00000 -100.00000 
-100.00000 -100.00000 
-100.00000 -100.00000 
-100.00000 -100.00000 
-100.00000 -100.00000 
-100.00000 -100.00000 
-100.00000 -100.00000 
-100.00000 -100.00000 
-100.00000 -100.00000 
-100.00000 -100.00000 
-100.00000 -100.00000 
-100.00000 -100.00000 
-100.00000 -100.00000 
 0.00004 -0.14822 
 0.76905 -0.49649 
-100.00000 -100.00000 
-100.00000 -100.00000 
-100.00000 -100.00000 
-0.02926 -0.14942 
-100.00000 -100.00000 
-0.05114 -0.28293 
-0.14670 -0.02464 
-100.00000 -100.00000 
-100.00000 -100.00000 
