  1 S -0.36877 -0.27504 -0.38687 -0.44439 
  3 P -0.08567 -0.08557 -0.01270 -0.15873 
  5 M -0.69620 -0.71467 -1.09766 -0.27627 
  9 T -0.32960 -0.13019 -0.83648 -0.02212 
 10 T -0.29903 -0.78677 -0.07053 -0.03978 
 12 A -0.12681 -0.13070 -0.02944 -0.22029 
 13 T -0.47155 -0.13610 -1.01425 -0.26429 
 16 E -0.22375 -0.22294 -0.27251 -0.17580 
 17 G -0.09493 -0.05994 -0.13988 -0.08498 
 21 V -0.47681 -0.36151 -0.79185 -0.27708 
 22 V -0.22170 -0.35983 -0.12869 -0.17657 
 22 C -0.44301 -0.21926 -0.54266 -0.56712 
 22 D -0.16941 -0.07114 -0.17696 -0.26014 
 24 N -0.17306 -0.22656 -0.00943 -0.28319 
 27 K -0.17238 -0.08483 -0.01618 -0.41613 
 33 N -0.34184 -0.31208 -0.56559 -0.14786 
 35 V -0.44663 -0.43364 -0.80795 -0.09831 
 41 E -0.31263 -0.05759 -0.60957 -0.27074 
 43 K -0.35985 -0.51579 -0.27218 -0.29158 
 44 Y -0.09701 -0.20383 -0.00742 -0.07978 
 48 P -0.35840 -0.49536 -0.53839 -0.04144 
 51 S -0.32338 -0.65813 -0.11499 -0.19703 
 52 C -0.17725 -0.38404 -0.13117 -0.01653 
 55 S -0.29224 -0.35194 -0.23380 -0.29098 
 58 R -0.17073 -0.06473 -0.42909 -0.01836 
 61 S -0.41646 -0.11283 -1.13641 -0.00013 
 62 R -0.13013 -0.06805 -0.26863 -0.05370 
 64 D -0.31796 -0.58373 -0.01370 -0.35646 
 66 I -0.29323 -0.46347 -0.01292 -0.40331 
 67 S -0.19063 -0.08403 -0.00040 -0.48745 
 67 K -0.24961 -0.11215 -0.35046 -0.28623 
 69 L -0.18585 -0.13020 -0.00928 -0.41806 
 74 V -0.44917 -0.13141 -0.82972 -0.38638 
 74 P -0.31870 -0.75621 -0.13618 -0.06371 
 82 T -0.22874 -0.00010 -0.11066 -0.57545 
 87 P -0.47229 -0.85210 -0.49871 -0.06607 
 89 P -0.68690 -0.70744 -1.09186 -0.26140 
 90 I -0.24457 -0.36998 -0.01624 -0.34748 
 98 I -0.27243 -0.44682 -0.12043 -0.25004 
 98 S -0.20805 -0.33556 -0.22965 -0.05894 
 99 L -0.18195 -0.27176 -0.21543 -0.05866 
 99 S -0.77286 -0.50044 -1.03098 -0.78716 
100 T -0.18173 -0.10388 -0.05914 -0.38217 
103 Q -0.28949 -0.00002 -0.30859 -0.55987 
107 H -0.08248 -0.06021 -0.18003 -0.00721 
108 L -0.26710 -0.57826 -0.07870 -0.14433 
109 R -0.20405 -0.26739 -0.20222 -0.14253 
110 T -0.07895 -0.18178 -0.00037 -0.05471 
110 N -0.54057 -0.86052 -0.58406 -0.17713 
112 V -0.40071 -1.05617 -0.00753 -0.13842 
113 A -0.73241 -0.29903 -1.87660 -0.02160 
115 D -0.65281 -0.26329 -0.61209 -1.08304 
117 M -0.29087 -0.27890 -0.37102 -0.22268 
119 K -0.27457 -0.36352 -0.07152 -0.38866 
129 G -0.37189 -0.25932 -0.45073 -0.40561 
132 M -0.45433 -0.34385 -0.22577 -0.79337 
134 T -0.83135 -0.86071 -1.62176 -0.01158 
135 Y -0.17824 -0.44471 -0.08277 -0.00723 
135 T -0.33598 -0.29479 -0.17096 -0.54219 
135 D -0.32263 -0.74408 -0.00221 -0.22161 
138 G -0.09769 -0.28056 -0.00080 -0.01171 
144 G -0.44685 -0.60619 -0.54874 -0.18563 
145 A -0.22145 -0.30642 -0.30492 -0.05300 
147 I -0.05433 -0.05016 -0.03538 -0.07745 
149 L -0.27998 -0.18038 -0.30148 -0.35808 
152 A -0.43884 -0.63856 -0.43578 -0.24218 
152 H -0.67156 -1.65738 -0.28339 -0.07391 
153 G -0.03425 -0.00040 -0.10195 -0.00040 
154 I -0.27996 -0.17350 -0.01693 -0.64946 
154 S -0.22168 -0.11193 -0.51188 -0.04122 
156 L -0.28528 -0.66767 -0.15847 -0.02969 
156 R -0.20445 -0.46862 -0.00726 -0.13748 
158 I -0.25752 -0.51113 -0.11911 -0.14232 
159 S -0.38006 -0.02062 -0.37078 -0.74879 
166 I -0.13087 -0.08450 -0.25047 -0.05764 
166 P -0.22477 -0.06353 -0.48056 -0.13022 
169 H -0.25932 -0.03341 -0.22505 -0.51949 
170 Q -0.33440 -0.33775 -0.36884 -0.29660 
170 E -0.38994 -0.79947 -0.04365 -0.32669 
175 A -0.28705 -0.27570 -0.33481 -0.25064 
176 M -0.32973 -0.61265 -0.18050 -0.19604 
177 N -1.14869 -0.63890 -2.52197 -0.28519 
179 E -0.59578 -0.20269 -1.56273 -0.02193 
180 N -0.33411 -0.52944 -0.10656 -0.36634 
182 K -0.28046 -0.17744 -0.10659 -0.55736 
183 T -0.97108 -0.10058 -1.83904 -0.97362 
185 E -0.30564 -0.66522 -0.11827 -0.13342 
186 C -0.14493 -0.00014 -0.43460 -0.00004 
186 R -0.64396 -0.37836 -1.17414 -0.37937 
186 E -0.35068 -0.25655 -0.28398 -0.51152 
190 E -0.16361 -0.13516 -0.11074 -0.24493 
191 P -0.31147 -0.44892 -0.27479 -0.21071 
194 I -0.17412 -0.21653 -0.09881 -0.20703 
195 P -0.17268 -0.14292 -0.37364 -0.00148 
196 Y -0.48864 -0.27767 -1.11492 -0.07332 
199 R -0.27156 -0.36958 -0.44085 -0.00424 
200 R -0.38353 -0.69044 -0.05918 -0.40096 
201 G -0.55091 -0.29164 -0.84383 -0.51727 
201 N -0.42931 -0.04636 -0.27679 -0.96478 
203 L -0.04747 -0.00528 -0.13563 -0.00149 
205 I -0.21229 -0.38873 -0.18391 -0.06424 
205 T -0.47909 -0.41127 -1.01864 -0.00736 
206 V -0.08251 -0.01002 -0.23612 -0.00138 
208 T -0.69704 -0.64847 -0.65849 -0.78415 
210 E -0.07411 -0.11035 -0.10105 -0.01094 
211 Y -0.16671 -0.25453 -0.17226 -0.07333 
214 I -0.25900 -0.21339 -0.19603 -0.36758 
214 F -0.16812 -0.12386 -0.13565 -0.24486 
217 V -0.30031 -0.07498 -0.71820 -0.10776 
218 G -0.43677 -0.73702 -0.32864 -0.24464 
219 K -0.55947 -0.14496 -1.10663 -0.42681 
222 K -0.37534 -0.36427 -0.34175 -0.41999 
225 V -0.51841 -0.23359 -0.57391 -0.74773 
225 Y -0.25594 -0.10715 -0.06773 -0.59294 
226 N -0.36857 -0.73727 -0.36075 -0.00768 
229 S -0.10418 -0.00030 -0.18515 -0.12709 
230 N -0.42606 -0.44408 -0.37209 -0.46200 
230 C -0.54183 -0.76279 -0.68596 -0.17675 
231 R -0.28877 -0.05291 -0.52782 -0.28558 
233 A -0.41223 -0.41433 -0.31829 -0.50407 
233 L -0.52966 -0.74925 -0.83548 -0.00425 
233 S -1.09667 -0.26471 -2.81054 -0.21477 
236 A -0.35555 -0.28749 -0.28980 -0.48936 
236 H -0.50031 -0.18994 -0.40010 -0.91089 
237 N -0.17016 -0.03654 -0.16488 -0.30907 
243 S -0.39689 -0.53219 -0.28391 -0.37458 
243 K -0.27644 -0.61422 -0.14758 -0.06752 
248 M -0.58135 -0.43221 -0.52853 -0.78330 
250 H -0.24782 -0.00007 -0.06209 -0.68131 
256 V -0.33714 -0.59773 -0.19378 -0.21992 
258 A -0.27805 -0.34169 -0.11061 -0.38186 
259 T -0.11812 -0.25204 -0.09084 -0.01148 
260 I -0.12547 -0.16433 -0.13329 -0.07880 
267 A -0.42041 -0.36526 -0.23613 -0.65984 
267 V -0.49314 -0.00017 -0.98636 -0.49289 
271 V -0.15923 -0.00133 -0.19068 -0.28567 
271 E -0.47787 -0.03328 -0.80513 -0.59521 
275 N -0.25119 -0.04652 -0.69510 -0.01196 
277 Q -0.38946 -0.19673 -0.72894 -0.24270 
278 Y -0.37743 -0.14380 -0.98766 -0.00083 
279 D -0.19133 -0.50263 -0.05999 -0.01138 
280 T -0.24692 -0.13861 -0.42566 -0.17650 
285 E -0.14534 -0.00766 -0.19080 -0.23755 
286 V -0.06681 -0.00263 -0.00014 -0.19766 
287 K -0.27155 -0.31090 -0.11340 -0.39034 
288 A -0.23688 -0.33264 -0.36792 -0.01009 
289 G -0.27468 -0.60893 -0.10529 -0.10982 
289 P -0.36639 -0.60553 -0.48081 -0.01282 
289 K -0.56818 -0.43049 -0.48223 -0.79181 
293 G -0.25099 -0.16130 -0.42480 -0.16686 
293 L -0.27082 -0.07757 -0.22913 -0.50576 
293 Q -0.59758 -0.14037 -1.02131 -0.63105 
293 E -0.07284 -0.00303 -0.16736 -0.04813 
294 S -0.08812 -0.00507 -0.22959 -0.02971 
298 I -0.15793 -0.25125 -0.00180 -0.22074 
298 N -0.30266 -0.40877 -0.13741 -0.36181 
299 V -0.05195 -0.00501 -0.12119 -0.02964 
302 G -0.15523 -0.14024 -0.01077 -0.31468 
302 V -0.42372 -0.09260 -0.73992 -0.43865 
302 H -0.45215 -0.67756 -0.37010 -0.30880 
303 N -0.21330 -0.30649 -0.26323 -0.07019 
304 K -0.68498 -1.11746 -0.86442 -0.07306 
304 D -0.94001 -0.79834 -1.88301 -0.13869 
307 L -0.31460 -0.43522 -0.37373 -0.13484 
308 K -0.10205 -0.12266 -0.12967 -0.05383 
311 G -0.15634 -0.27661 -0.01292 -0.17948 
313 R -0.54794 -0.35708 -0.97953 -0.30721 
317 V -0.11057 -0.00525 -0.16828 -0.15818 
317 T -0.64491 -0.39071 -0.60124 -0.94278 
318 F -0.25505 -0.33279 -0.12133 -0.31103 
318 S -0.14111 -0.00932 -0.38437 -0.02963 
319 L -0.13780 -0.01780 -0.38585 -0.00975 
320 I -0.46878 -0.52763 -0.63239 -0.24631 
320 T -0.22350 -0.19866 -0.45195 -0.01989 
322 F -0.10729 -0.00550 -0.00524 -0.31112 
327 G -0.00003 -0.00003 -0.00001 -0.00006 
328 S -0.17337 -0.12611 -0.22898 -0.16503 
329 V -0.26412 -0.39527 -0.14258 -0.25452 
336 N -0.71054 -1.31191 -0.66538 -0.15434 
336 K -0.50118 -0.34009 -0.59169 -0.57175 
337 L -0.16478 -0.15034 -0.32454 -0.01947 
339 R -0.35910 -0.12887 -0.50501 -0.44343 
345 G -0.00008 -0.00001 -0.00010 -0.00012 
345 V -0.14702 -0.12576 -0.00365 -0.31165 
345 S -0.24917 -0.43721 -0.25530 -0.05501 
347 V -0.30990 -0.53251 -0.37020 -0.02698 
347 S -0.38423 -0.45855 -0.54965 -0.14448 
347 T -0.30469 -0.72368 -0.01443 -0.17595 
348 V -0.38634 -0.63567 -0.02207 -0.50129 
348 S -0.05296 -0.00025 -0.12953 -0.02911 
349 V -0.28536 -0.16940 -0.19973 -0.48695 
351 S -0.16330 -0.01383 -0.47346 -0.00261 
354 W -0.26669 -0.35860 -0.12949 -0.31197 
354 R -0.23872 -0.26386 -0.08590 -0.36641 
355 R -0.26645 -0.53280 -0.13143 -0.13513 
355 E -0.34169 -0.42327 -0.38668 -0.21511 
357 A -0.38171 -0.39234 -0.35783 -0.39497 
357 V -0.06291 -0.00007 -0.00003 -0.18864 
357 I -0.52763 -0.12143 -0.72308 -0.73838 
363 C -0.01966 -0.00295 -0.00235 -0.05367 
367 Q -0.39506 -0.59520 -0.38468 -0.20531 
369 I -0.17109 -0.02040 -0.18036 -0.31250 
369 S -0.53237 -1.37716 -0.01843 -0.20153 
369 H -0.31932 -0.70771 -0.14471 -0.10555 
371 A -0.57243 -0.77290 -0.90601 -0.03839 
374 L -0.25113 -0.11966 -0.25352 -0.38022 
377 E -0.27685 -0.11691 -0.39751 -0.31614 
378 E -0.16986 -0.00753 -0.29076 -0.21130 
380 A -0.42548 -0.66630 -0.42087 -0.18926 
380 H -0.41443 -0.25010 -0.81580 -0.17740 
383 A -0.65235 -0.39573 -1.18914 -0.37219 
384 G -0.00007 -0.00012 -0.00006 -0.00002 
384 A -0.20677 -0.28311 -0.00006 -0.33714 
391 A -0.27904 -0.06301 -0.03806 -0.73604 
391 N -0.37240 -0.66611 -0.13524 -0.31585 
392 Q -0.54414 -1.05633 -0.57595 -0.00013 
394 L -0.54351 -0.26417 -0.53511 -0.83126 
397 G -0.13204 -0.13814 -0.25798 -0.00001 
399 Q -0.34507 -0.26410 -0.20797 -0.56314 
402 K -0.28163 -0.23745 -0.07679 -0.53064 
403 I -0.09727 -0.00272 -0.18597 -0.10313 
403 C -0.11232 -0.00026 -0.25795 -0.07876 
405 G -0.22923 -0.41813 -0.13544 -0.13411 
410 G -0.33160 -0.41822 -0.12339 -0.45319 
413 G -0.50099 -0.21025 -1.24570 -0.04703 
414 I -0.12383 -0.19685 -0.03081 -0.14382 
415 I -0.27087 -0.10188 -0.34123 -0.36950 
419 I -0.29040 -0.04156 -0.32815 -0.50150 
421 D -0.20137 -0.09075 -0.42748 -0.08589 
426 S -0.30438 -0.25337 -0.43158 -0.22819 
427 N -0.45704 -0.36638 -0.34745 -0.65729 
433 L -0.14783 -0.01043 -0.30603 -0.12702 
433 S -0.17343 -0.11983 -0.00040 -0.40005 
444 Q -0.37723 -0.19862 -0.10887 -0.82421 
445 K -0.20512 -0.39652 -0.16981 -0.04903 
446 K -0.14393 -0.00139 -0.35112 -0.07929 
453 N -0.34172 -0.23822 -0.37843 -0.40851 
453 Q -0.41155 -0.58746 -0.12105 -0.52614 
454 G -0.51144 -0.32598 -0.23603 -0.97230 
455 D -0.37823 -0.13857 -0.60171 -0.39441 
458 T -0.24374 -0.10864 -0.31311 -0.30946 
467 M -0.33465 -0.88553 -0.08101 -0.03740 
469 Q -0.12625 -0.26415 -0.03722 -0.07739 
470 A -0.23042 -0.32410 -0.13481 -0.23236 
472 T -0.16687 -0.09196 -0.16681 -0.24185 
473 V -0.58581 -0.53541 -0.69200 -0.53002 
473 I -0.13654 -0.00284 -0.24972 -0.15705 
475 L -0.78145 -0.47486 -1.66168 -0.20781 
475 N -0.61348 -0.53928 -0.34789 -0.95327 
475 K -0.40108 -0.97502 -0.22818 -0.00005 
478 W -0.03343 -0.02950 -0.02209 -0.04871 
480 S -0.05060 -0.05143 -0.02816 -0.07221 
480 C -0.31539 -0.01745 -0.64124 -0.28749 
487 S -0.62739 -0.35640 -0.71356 -0.81222 
489 A -0.26916 -0.29673 -0.36153 -0.14921 
489 S -0.44406 -0.63080 -0.07924 -0.62213 
489 P -0.21058 -0.14699 -0.48434 -0.00040 
489 K -0.45101 -0.16776 -0.69110 -0.49417 
490 Y -0.55438 -0.42788 -0.38979 -0.84546 
494 I -0.23675 -0.51547 -0.05164 -0.14314 
496 A -0.42045 -0.74615 -0.41989 -0.09530 
496 I -0.34696 -0.39722 -0.21562 -0.42803 
496 M -0.45879 -0.55769 -0.70629 -0.11238 
496 Y -0.11824 -0.00116 -0.35316 -0.00041 
496 S -0.46737 -0.33053 -0.83531 -0.23627 
497 S -0.13765 -0.00003 -0.26277 -0.15015 
498 R -0.50170 -0.67524 -0.24800 -0.58186 
500 A -0.42735 -0.26511 -0.65029 -0.36664 
500 V -0.24551 -0.40261 -0.30970 -0.02421 
500 N -0.39184 -0.37168 -0.57777 -0.22608 
500 K -0.23512 -0.00948 -0.33919 -0.35670 
502 Q -0.66020 -0.45381 -1.37727 -0.14952 
506 V -0.57807 -0.87207 -0.82035 -0.04180 
506 T -0.07436 -0.00938 -0.21369 -0.00001 
507 A -0.39389 -1.11888 -0.06264 -0.00014 
508 V -0.79242 -0.84859 -0.95005 -0.57863 
508 C -0.07215 -0.21507 -0.00120 -0.00017 
509 L -0.41896 -0.42059 -0.22742 -0.60888 
510 V -0.22847 -0.25291 -0.06251 -0.37000 
511 Y -0.35516 -0.13937 -0.65174 -0.27438 
511 T -0.24441 -0.54477 -0.04034 -0.14811 
511 K -0.04498 -0.02982 -0.04770 -0.05742 
513 R -0.52671 -0.78846 -0.64109 -0.15057 
514 R -0.22795 -0.08830 -0.16382 -0.43174 
516 E -0.57828 -0.20450 -1.45549 -0.07484 
518 A -0.30191 -0.31398 -0.31709 -0.27466 
518 M -0.74722 -0.16246 -1.71530 -0.36390 
519 E -0.15224 -0.08132 -0.34267 -0.03274 
520 W -0.20654 -0.47776 -0.08044 -0.06141 
523 V -0.08278 -0.15448 -0.07111 -0.02276 
523 R -0.37324 -0.37603 -0.14691 -0.59677 
525 E -0.31116 -0.48905 -0.09856 -0.34586 
532 C -0.07248 -0.03359 -0.04870 -0.13516 
533 L -0.16862 -0.14300 -0.11719 -0.24566 
537 N -0.29680 -0.23458 -0.24029 -0.41553 
537 C -0.30555 -0.04399 -0.26114 -0.61153 
538 L -0.18507 -0.12782 -0.02175 -0.40564 
541 P -0.27195 -0.48426 -0.08773 -0.24385 
544 F -0.15941 -0.14295 -0.18650 -0.14878 
544 T -0.23192 -0.14295 -0.40316 -0.14965 
546 V -0.10483 -0.03122 -0.13525 -0.14801 
547 E -0.15792 -0.13970 -0.30995 -0.02410 
548 F -0.28834 -0.67075 -0.04682 -0.14744 
548 T -0.40516 -0.91120 -0.20260 -0.10169 
549 I -0.24394 -0.49341 -0.19718 -0.04124 
550 S -0.57633 -0.55772 -1.11329 -0.05797 
552 A -0.70372 -1.01160 -0.31056 -0.78900 
553 I -0.09160 -0.00010 -0.00013 -0.27457 
553 W -0.36439 -0.13659 -0.36182 -0.59475 
554 Q -0.37475 -0.25161 -0.84811 -0.02452 
555 T -0.10261 -0.03409 -0.21418 -0.05957 
558 M -0.19001 -0.01714 -0.50416 -0.04872 
560 G -0.13667 -0.14706 -0.26275 -0.00021 
560 V -0.48348 -0.37755 -0.29651 -0.77639 
561 A -0.07578 -0.00008 -0.07636 -0.15091 
564 L -0.89173 -0.45382 -1.94684 -0.27454 
564 T -0.10868 -0.13189 -0.04738 -0.14676 
