-0.16200 -0.46650 
 0.40561  0.82975 
-0.75028 -0.26730 
-0.02181  0.44940 
 0.00000  0.00000 
 0.00000  0.00000 
-0.23361  0.55946 
 0.00000  0.00000 
 0.00000  0.00000 
-0.58149  0.81040 
 0.77771  0.05194 
-0.50457  0.98510 
-0.09663 -0.00003 
-100.00000 -0.00009 
-100.00000 -100.00000 
-100.00000 -100.00000 
-100.00000 -100.00000 
-100.00000 -100.00000 
-0.59977  0.34302 
-0.17915  0.17621 
-100.00000 -100.00000 
-0.00011 -100.00000 
-100.00000 -100.00000 
-100.00000 -100.00000 
 0.59860  0.37860 
-100.00000 -100.00000 
-100.00000 -100.00000 
-100.00000 -100.00000 
-0.24976 -0.23864 
-100.00000 -100.00000 
-100.00000 -100.00000 
-100.00000 -100.00000 
-100.00000 -100.00000 
-100.00000 -100.00000 
-100.00000 -100.00000 
-0.24969 -0.01346 
 0.00000  0.00000 
-100.00000 -100.00000 
-100.00000 -100.00000 
-100.00000 -100.00000 
-0.09712 -0.36413 
-100.00000 -100.00000 
 0.01263  0.10607 
-100.00000 -100.00000 
-100.00000 -100.00000 
 0.54657 -100.00000 
 0.00988  0.58513 
-100.00000 -100.00000 
 0.00000  0.00000 
 0.00000  0.00000 
 0.00000 -100.00000 
-100.00000 -100.00000 
 0.09270  0.47338 
-100.00000 -100.00000 
-100.00000 -100.00000 
-100.00000 -100.00000 
 0.58503  0.37865 
 0.00000  0.00000 
-100.00000 -100.00000 
-0.18216 -0.08750 
 0.00000  0.00000 
-100.00000 -0.39139 
-100.00000 -100.00000 
-0.28972 -0.23671 
-0.10211  0.13711 
 0.22128 -0.52332 
 0.00000  0.00000 
 0.92849  0.86016 
 0.00000  0.00000 
-0.13020 -0.00928 
 0.38003 -0.01621 
-100.00000 -100.00000 
-100.00000 -100.00000 
-0.37652  0.09607 
-0.00802  0.84695 
-100.00000 -100.00000 
-0.08361 -0.22543 
 0.00000  0.00000 
 0.00000  0.00000 
-100.00000 -100.00000 
-100.00000 -100.00000 
 0.11230  0.21011 
-0.36013 -1.15009 
-100.00000 -100.00000 
-100.00000 -100.00000 
 0.30102  0.67396 
 0.00000  0.00000 
 0.00000  0.00000 
 0.37397 -0.16484 
 0.43453  0.18288 
-0.28917 -0.75620 
 0.27832  0.07432 
-0.35350 -0.01311 
-100.00000 -100.00000 
-100.00000 -100.00000 
 0.37851  0.00349 
 0.02920 -0.48666 
-100.00000 -100.00000 
 0.57879  0.45248 
-0.27176 -0.21543 
 0.42363  0.76590 
-100.00000 -100.00000 
-100.00000 -0.36943 
 0.18923  0.25085 
-100.00000 -100.00000 
 1.01723  0.37862 
-100.00000 -100.00000 
-100.00000 -100.00000 
-0.57826 -0.07870 
-100.00000 -100.00000 
-0.00018 -1.42790 
 0.00000  0.00000 
-0.25888  0.56496 
-0.02308 -100.00000 
-0.09747  0.10692 
-100.00000 -100.00000 
-100.00000 -100.00000 
 0.00000  0.00000 
-100.00000 -100.00000 
-100.00000 -100.00000 
-0.05759 -100.00000 
 0.00000  0.00000 
-100.00000 -0.48632 
 0.58044 -0.07153 
-0.52967  0.00353 
-0.05134  0.77048 
 0.20932  0.20387 
 0.00000  0.00000 
-100.00000 -100.00000 
-100.00000 -100.00000 
 0.57849  0.49124 
-100.00000 -100.00000 
-0.18244  0.63156 
-0.06048  0.43230 
-0.28044  0.09860 
 0.16815 -2.90906 
 0.43421  0.40678 
-0.14214  0.37165 
-0.03263 -0.24649 
-0.19616  0.15700 
-0.45079  0.13563 
-100.00000 -0.57169 
 0.37834  0.11168 
-100.00000 -100.00000 
-0.32794 -0.07925 
-100.00000  0.13780 
-100.00000 -100.00000 
 0.34900  0.31822 
-100.00000 -100.00000 
-0.18038 -0.30148 
 0.16086  0.33015 
-100.00000 -100.00000 
 0.26402  0.15294 
-1.22533  0.16016 
-0.82082 -0.42226 
-100.00000 -100.00000 
-0.66767 -0.15847 
 0.54725  1.21951 
-100.00000  0.00012 
 1.22777  0.14263 
-100.00000 -100.00000 
-100.00000 -100.00000 
-100.00000 -100.00000 
 0.00000  0.00000 
 0.00000  0.00000 
 0.76578  0.22879 
 0.00000  0.00000 
-100.00000 -100.00000 
-0.16084 -0.46386 
-0.22219  1.30793 
-0.54037 -0.55414 
 0.42452 -0.53115 
-0.34565  0.65148 
-100.00000 -100.00000 
 0.03774  1.67792 
-0.12886  0.61744 
 0.00000  0.00000 
 0.34729 -1.53066 
 0.21819  0.13739 
-0.29853 -0.32315 
-100.00000 -100.00000 
 0.17113  1.15646 
-100.00000  0.13750 
 0.81852  0.67762 
 0.06888  0.00897 
 0.27970  0.13785 
 0.05860  1.12905 
-0.04137  0.48532 
-100.00000  0.58500 
 0.00000  0.00000 
 0.31585 -0.34561 
 0.00000  0.00000 
 0.08291  0.21126 
-100.00000 -100.00000 
-100.00000 -0.15949 
-100.00000  0.00004 
-100.00000 -1.04780 
-0.03054  0.13719 
-100.00000 -100.00000 
-100.00000 -0.00043 
 0.34606  1.06275 
-0.00037  0.67771 
-100.00000 -100.00000 
-0.00528 -0.13563 
 0.19321 -0.04342 
 0.19283  0.22237 
 0.00000  0.00000 
-100.00000 -100.00000 
 0.24302  0.22339 
 0.23437  0.66146 
-0.55762  0.72220 
-0.28413  0.32525 
-100.00000 -100.00000 
 0.00011 -0.00175 
 0.13743 -100.00000 
-0.14364  0.45047 
 0.28530 -0.12204 
-0.43843  0.13680 
-100.00000 -100.00000 
-0.22220 -0.49005 
 0.40869  0.00580 
 0.18316  0.70838 
 0.21156  0.73456 
-100.00000  0.00409 
-100.00000 -0.56963 
-0.21027  0.46819 
-0.20540  0.87785 
 0.30458  0.32072 
-0.02407  0.21255 
 0.81844  0.71568 
-0.01577  1.31369 
-0.14421  0.95948 
-100.00000 -0.00034 
-0.74925 -0.83548 
-0.19839  0.80158 
-0.05787  0.23730 
-0.00342 -0.26331 
-100.00000 -100.00000 
-100.00000 -0.09352 
 0.39546  0.10034 
-100.00000 -100.00000 
-100.00000 -100.00000 
-0.28709  0.26315 
 0.47047 -0.05270 
-100.00000 -100.00000 
 0.11555 -0.11938 
-0.02890 -0.26080 
 0.52207  0.08716 
 0.00000  0.00000 
 0.00000  0.00000 
 0.23769  0.09239 
-0.26110  0.00569 
-0.13767  0.84822 
-100.00000 -100.00000 
-0.01545 -0.00024 
 0.07201  0.24313 
-0.43141  0.90997 
-0.20956  0.01342 
-100.00000 -100.00000 
-100.00000 -100.00000 
 0.13745 -0.00017 
-100.00000 -100.00000 
-100.00000 -100.00000 
 0.00000  0.00000 
 0.01288 -0.32806 
-100.00000 -100.00000 
 0.16065  0.34832 
-0.38757  0.36306 
-100.00000 -100.00000 
-100.00000 -100.00000 
 0.58015 -0.42347 
-0.11174  1.19612 
 0.00000  0.00000 
-0.11100  1.16117 
-100.00000 -100.00000 
-0.00060  0.26234 
-0.41688  0.09900 
 0.86866 -0.94515 
-0.00004 -100.00000 
-100.00000 -100.00000 
 0.13756  0.22562 
-0.11917  0.31368 
 0.61094 -0.05943 
 0.31107  0.00415 
 0.09177  0.67886 
 0.41622  0.28861 
 1.18179  1.13957 
 1.04437  0.51156 
 0.11002 -0.68700 
 0.23819  0.27274 
-100.00000 -100.00000 
-100.00000  0.13773 
-100.00000 -100.00000 
-0.07757 -0.22913 
-100.00000 -100.00000 
 0.23834 -100.00000 
-100.00000 -100.00000 
-0.10524 -0.53119 
-0.12386  1.07325 
-100.00000 -100.00000 
-100.00000 -100.00000 
-0.29195  0.25459 
 0.41193  1.63967 
-100.00000 -0.00004 
-100.00000 -100.00000 
 0.00000  0.00000 
-0.45496 -0.57147 
-0.43522 -0.37373 
-100.00000  0.11134 
-100.00000 -100.00000 
-0.49387  0.26321 
-0.14037 -100.00000 
 0.54240 -0.18077 
-0.33348  1.36522 
-100.00000  0.13795 
-0.71968  0.57799 
-100.00000 -100.00000 
 0.27541  0.67833 
-100.00000 -100.00000 
-0.01780 -0.38585 
-0.79676  0.84809 
-100.00000 -100.00000 
 0.25181  1.39683 
 0.58502 -0.37364 
 0.00002  1.07066 
 0.05945  0.06139 
-100.00000 -100.00000 
 0.00000  0.00000 
-100.00000 -100.00000 
 0.08898  0.61603 
-100.00000 -100.00000 
-0.00006 -100.00000 
-100.00000 -100.00000 
 0.00000  0.00000 
-100.00000 -100.00000 
-100.00000 -100.00000 
 0.75758 -0.10360 
-0.15034 -0.32454 
-0.15329  0.00462 
-100.00000  0.10181 
-100.00000 -100.00000 
-100.00000 -100.00000 
-100.00000 -100.00000 
-100.00000 -100.00000 
 0.00000  0.00000 
 0.20266 -0.48947 
 0.17084  0.00005 
-100.00000 -100.00000 
-0.45994  0.41104 
-100.00000 -100.00000 
-100.00000 -100.00000 
-0.16878 -0.54632 
-0.15294  1.75739 
-100.00000 -100.00000 
-100.00000 -100.00000 
-100.00000 -100.00000 
 0.17045 -0.08668 
 0.17223 -0.01706 
-100.00000 -100.00000 
 0.46312  0.88003 
-0.85834  0.60370 
-100.00000 -100.00000 
-100.00000 -100.00000 
-0.25062 -0.12980 
-100.00000  0.26301 
-100.00000 -100.00000 
-100.00000 -100.00000 
 0.13838 -0.29090 
 0.34505 -0.54942 
-0.06148  0.69936 
-100.00000 -100.00000 
-100.00000 -100.00000 
-0.49459  0.15035 
 0.00004 -100.00000 
-0.11966 -0.25352 
 0.00018 -100.00000 
-100.00000 -100.00000 
-100.00000 -100.00000 
-100.00000 -100.00000 
-100.00000 -100.00000 
-1.09809  0.24655 
 0.11482 -0.19658 
-100.00000 -100.00000 
-100.00000 -100.00000 
-100.00000 -100.00000 
-0.44005  1.24050 
-100.00000 -100.00000 
 0.69049 -0.80847 
-100.00000  0.00006 
 0.09328  0.21006 
-0.58735 -0.19793 
-0.12667 -0.00010 
-100.00000 -100.00000 
-100.00000 -100.00000 
-0.26417 -0.53511 
-100.00000 -100.00000 
-100.00000 -100.00000 
-100.00000 -0.61981 
-0.34984  0.11299 
-100.00000 -100.00000 
-100.00000 -0.21459 
-0.00374  0.36733 
-100.00000 -100.00000 
-0.16076 -0.44553 
-100.00000 -100.00000 
 0.11227 -0.11387 
-100.00000 -100.00000 
-0.41707  0.37331 
-1.12563  0.34959 
-100.00000 -0.00025 
-100.00000 -0.00006 
-0.70550  0.66241 
-0.28024 -0.21403 
-100.00000 -100.00000 
 0.12137  0.83987 
 0.00000  0.00000 
-100.00000 -100.00000 
 0.26318  0.00864 
-100.00000 -100.00000 
-0.00223  0.10680 
-100.00000 -100.00000 
-100.00000 -100.00000 
 0.00000  0.00000 
-100.00000 -100.00000 
-100.00000 -100.00000 
-100.00000 -100.00000 
-0.02131 -0.00447 
-100.00000 -0.13351 
-100.00000 -100.00000 
-100.00000 -100.00000 
 0.78467 -0.10313 
 0.00000  0.00000 
-100.00000 -100.00000 
-0.01043 -0.30603 
-0.55946 -0.08212 
-100.00000 -100.00000 
-100.00000 -100.00000 
-100.00000  0.37890 
-0.26629 -100.00000 
-100.00000 -100.00000 
 0.00000  0.00000 
 0.00000  0.00000 
-100.00000 -100.00000 
 0.00000  0.00000 
 0.00000  0.00000 
-100.00000 -100.00000 
-100.00000 -100.00000 
-100.00000 -100.00000 
-100.00000 -100.00000 
-100.00000 -100.00000 
 0.00000  0.00000 
-100.00000  0.13755 
-0.24553  0.30993 
 0.00003  0.26314 
-100.00000 -100.00000 
 0.00000  0.00000 
-100.00000 -100.00000 
-100.00000  0.00599 
-0.26396 -100.00000 
-100.00000 -100.00000 
 0.00000  0.00000 
-100.00000 -100.00000 
-100.00000 -100.00000 
-100.00000  0.00006 
 0.34745  0.00630 
-100.00000 -100.00000 
-100.00000 -100.00000 
 0.91011  0.28920 
 0.00000  0.00000 
-100.00000 -100.00000 
-100.00000  0.13774 
-100.00000 -100.00000 
-100.00000 -100.00000 
 0.00499  0.30495 
-100.00000  0.13788 
-0.47486 -1.66168 
 0.43810 -0.21394 
 0.00002 -100.00000 
-100.00000  0.13734 
-100.00000 -100.00000 
-0.24907  0.94373 
 0.00012 -0.13777 
 0.59198 -0.51093 
-0.62855  0.35179 
-100.00000 -100.00000 
-0.02966 -0.77533 
-100.00000 -0.21425 
-100.00000 -100.00000 
-100.00000 -100.00000 
 0.22683  0.71264 
-100.00000 -100.00000 
-0.13785  0.17632 
-100.00000  0.13826 
-100.00000  0.00031 
-0.13941  0.02651 
-100.00000 -100.00000 
-0.40794 -0.75284 
-100.00000 -100.00000 
-0.30457  0.03677 
-100.00000  0.26305 
 0.39912  0.26304 
 0.00003 -100.00000 
-0.37332  0.03704 
-0.26524  0.54033 
-100.00000 -100.00000 
 0.29833 -0.67054 
 0.42493  0.18492 
-0.51552  0.05246 
 0.45889 -0.02131 
-0.42059 -0.22742 
 0.00000  0.00000 
-0.12651  0.27079 
-0.24258  0.37609 
-0.14703 -0.45865 
-100.00000  0.67870 
 0.59759 -0.02177 
-0.41282 -0.15564 
 0.41990  0.14711 
-0.32329  0.02264 
 0.26314  0.36842 
 0.00000  0.00000 
-100.00000 -100.00000 
-0.22447  0.56419 
-0.53332  0.73348 
-100.00000  0.00004 
-0.32054  0.19547 
-100.00000 -100.00000 
 0.37858 -0.09857 
-0.16364 -100.00000 
 0.00000  0.00000 
-0.00006 -100.00000 
-0.00005  0.03093 
-100.00000 -100.00000 
-0.14300 -0.11719 
-100.00000 -100.00000 
-100.00000  0.26297 
-100.00000 -100.00000 
-100.00000 -100.00000 
-0.12782 -0.02175 
 0.00000  0.00000 
 0.85696 -0.40391 
 0.00000  0.00000 
 0.00000  0.00000 
-100.00000  0.13756 
-100.00000 -0.42751 
 0.00000  0.00000 
-100.00000 -100.00000 
-100.00000 -100.00000 
-0.00982  0.15239 
 0.17721 -0.68636 
 0.09766  0.94469 
 0.09811  0.46441 
-0.26489  0.27120 
-0.23144 -0.45002 
-1.06225 -0.40942 
 0.00010 -0.00015 
-100.00000 -100.00000 
-0.42707  0.59942 
 0.00000  0.00000 
-0.00938  0.16423 
 0.45094  0.58500 
-0.00008 -0.82074 
 0.13763  0.00004 
-100.00000 -100.00000 
-0.45382 -1.94684 
