 0.00000  0.00000 
-0.05019  0.24073 
-100.00000 -100.00000 
 0.23489 -100.00000 
-100.00000  0.00001 
-0.71467 -0.27627 
-100.00000 -0.00015 
 0.04729 -0.11358 
 0.13740 -100.00000 
-100.00000 -100.00000 
-0.19921 -100.00000 
-100.00000 -0.15957 
-100.00000 -100.00000 
-100.00000 -100.00000 
-100.00000 -0.00014 
-100.00000 -100.00000 
-100.00000 -100.00000 
-100.00000 -100.00000 
-100.00000  0.26329 
 0.01915  0.34125 
-100.00000 -100.00000 
 0.09491 -0.47313 
-100.00000 -100.00000 
-100.00000  0.00010 
-100.00000  0.48550 
-100.00000 -100.00000 
-100.00000 -100.00000 
-100.00000 -100.00000 
-100.00000 -100.00000 
-100.00000 -100.00000 
-100.00000 -100.00000 
 1.07026 -100.00000 
-100.00000 -100.00000 
-100.00000 -100.00000 
-100.00000 -100.00000 
 0.40490 -0.32143 
-100.00000 -100.00000 
-100.00000 -100.00000 
-0.21292  0.25537 
-100.00000 -100.00000 
 0.09975 -0.01283 
-100.00000 -100.00000 
 0.23157  0.00005 
-100.00000 -100.00000 
-100.00000 -100.00000 
 0.13760 -100.00000 
-100.00000 -100.00000 
-100.00000 -100.00000 
 0.11709 -0.03543 
-100.00000 -100.00000 
-100.00000 -100.00000 
 0.00006 -100.00000 
-100.00000  0.43843 
-100.00000 -100.00000 
-100.00000 -100.00000 
-100.00000 -100.00000 
-100.00000  0.05690 
-100.00000 -100.00000 
-0.22176 -0.07439 
 0.00002  0.18391 
-100.00000 -0.43837 
-0.25033 -100.00000 
-100.00000 -100.00000 
 0.48078  0.26674 
-0.25338 -100.00000 
-100.00000 -100.00000 
-100.00000 -100.00000 
-100.00000 -100.00000 
-100.00000  0.32628 
 0.00013  0.26305 
-100.00000 -100.00000 
-100.00000 -100.00000 
-100.00000 -100.00000 
 0.26300  0.18431 
-100.00000 -100.00000 
-100.00000 -100.00000 
-100.00000 -100.00000 
-100.00000 -100.00000 
-0.24983  0.37856 
-100.00000 -100.00000 
-100.00000 -100.00000 
-100.00000 -100.00000 
-100.00000 -100.00000 
-100.00000 -100.00000 
-100.00000 -100.00000 
-0.35961 -100.00000 
 0.13285  0.41310 
-0.24953 -100.00000 
 0.11455  0.98370 
-100.00000  0.41402 
-100.00000 -0.29206 
-100.00000 -100.00000 
-100.00000 -100.00000 
-100.00000 -100.00000 
-100.00000 -100.00000 
-0.16039 -100.00000 
-100.00000 -100.00000 
-100.00000 -100.00000 
-100.00000 -100.00000 
 0.28009  0.13738 
-100.00000 -100.00000 
-100.00000 -100.00000 
-100.00000 -100.00000 
-100.00000 -0.34896 
-100.00000 -100.00000 
 0.00003 -100.00000 
-100.00000 -100.00000 
-100.00000 -100.00000 
-100.00000 -100.00000 
-100.00000 -100.00000 
-100.00000 -100.00000 
-100.00000 -100.00000 
-0.00007 -100.00000 
-100.00000 -100.00000 
 0.17970 -100.00000 
-100.00000 -100.00000 
-100.00000 -100.00000 
-0.27890 -0.22268 
 0.38718 -0.25962 
-100.00000 -100.00000 
-100.00000 -100.00000 
 0.10249  0.07641 
-100.00000  0.09309 
-100.00000 -100.00000 
-100.00000 -100.00000 
-0.92199 -100.00000 
-100.00000 -100.00000 
 0.87200 -0.18097 
-100.00000 -100.00000 
-100.00000 -100.00000 
-100.00000 -100.00000 
-100.00000 -100.00000 
-0.34385 -0.79337 
-100.00000 -100.00000 
-100.00000 -100.00000 
-1.69605  0.20933 
-100.00000 -100.00000 
-0.95758 -100.00000 
-100.00000 -100.00000 
-100.00000 -100.00000 
-100.00000  0.68042 
-100.00000 -100.00000 
-0.30596 -100.00000 
-100.00000 -100.00000 
-0.00006  0.00021 
-0.18938 -100.00000 
-100.00000 -100.00000 
 0.21154 -100.00000 
-100.00000 -100.00000 
 0.13796  0.12504 
-100.00000 -100.00000 
-100.00000 -100.00000 
 0.07219 -100.00000 
-0.88594  0.69617 
 0.35198 -0.12696 
-100.00000 -100.00000 
-0.39302 -100.00000 
-0.04458 -100.00000 
-100.00000 -0.00006 
-100.00000 -100.00000 
-100.00000 -100.00000 
-100.00000 -100.00000 
-100.00000 -100.00000 
 0.58502 -0.00001 
-100.00000 -100.00000 
-100.00000 -100.00000 
 0.02681 -0.13368 
-0.15315  0.01689 
 0.56352  0.56323 
 0.18675 -0.51949 
-100.00000 -100.00000 
-100.00000 -100.00000 
-100.00000 -0.28491 
-100.00000 -100.00000 
 0.00112 -0.14647 
-0.29298  0.48033 
-0.61265 -0.19604 
-100.00000 -100.00000 
-100.00000 -100.00000 
-100.00000 -100.00000 
-100.00000 -100.00000 
 0.30595 -0.08626 
-100.00000 -100.00000 
-1.26608 -0.14370 
 0.81451 -100.00000 
-100.00000 -100.00000 
-100.00000 -100.00000 
-100.00000 -100.00000 
-100.00000 -100.00000 
-100.00000  0.13742 
-100.00000 -100.00000 
-100.00000 -100.00000 
-100.00000 -100.00000 
-100.00000 -100.00000 
-100.00000 -100.00000 
-100.00000 -100.00000 
-0.00543  0.26308 
-100.00000 -100.00000 
-100.00000 -100.00000 
-100.00000 -100.00000 
-100.00000 -100.00000 
-100.00000 -100.00000 
-100.00000 -100.00000 
-100.00000 -100.00000 
 1.17937 -100.00000 
-100.00000 -100.00000 
 0.00001 -100.00000 
-100.00000 -100.00000 
-100.00000 -0.12783 
-100.00000 -100.00000 
-0.83899 -100.00000 
-100.00000 -100.00000 
-100.00000 -100.00000 
-100.00000 -100.00000 
-100.00000 -100.00000 
 0.14738 -100.00000 
-100.00000 -100.00000 
-100.00000 -100.00000 
-100.00000 -100.00000 
 0.52883 -100.00000 
-0.28952 -100.00000 
-100.00000 -0.00360 
-100.00000  0.00078 
-1.35077 -0.32889 
-100.00000 -100.00000 
-100.00000 -100.00000 
-100.00000 -100.00000 
-100.00000 -100.00000 
-100.00000 -100.00000 
-0.43484  0.18879 
-0.14285  0.17131 
 0.21800  0.18660 
 0.16986 -0.35394 
-0.00622 -100.00000 
-100.00000 -100.00000 
-0.41503  0.00105 
 0.33981 -0.08890 
-100.00000 -100.00000 
-100.00000 -100.00000 
 0.48571 -100.00000 
-100.00000 -100.00000 
-0.15467  0.04178 
 0.00000  0.00000 
-100.00000 -100.00000 
-100.00000 -100.00000 
-100.00000 -100.00000 
-100.00000 -100.00000 
 0.08758 -0.00026 
-0.43221 -0.78330 
-100.00000 -100.00000 
-100.00000 -100.00000 
-100.00000 -100.00000 
 0.00012 -100.00000 
-100.00000 -100.00000 
-0.14355 -100.00000 
 0.11428 -0.19283 
 0.36916 -0.07495 
-100.00000 -100.00000 
-100.00000 -100.00000 
-100.00000 -100.00000 
-100.00000 -100.00000 
-100.00000 -100.00000 
-100.00000 -100.00000 
-100.00000 -100.00000 
 0.11407 -0.09938 
-100.00000 -100.00000 
-100.00000 -100.00000 
-100.00000 -100.00000 
-100.00000 -100.00000 
-100.00000 -100.00000 
-100.00000 -100.00000 
-100.00000 -100.00000 
-0.01676  0.22809 
 1.01158 -100.00000 
-100.00000 -100.00000 
-100.00000  0.00028 
-0.74430 -100.00000 
-100.00000 -100.00000 
-100.00000 -100.00000 
-100.00000 -100.00000 
 0.26309 -100.00000 
-100.00000 -0.13904 
-0.75745  0.54439 
-100.00000 -100.00000 
 0.13765  0.83134 
-100.00000 -100.00000 
-100.00000 -100.00000 
 0.00000  0.00000 
-100.00000 -0.79149 
-100.00000 -100.00000 
-100.00000 -100.00000 
-100.00000 -100.00000 
-0.09282  0.17554 
 0.34506  0.00914 
-100.00000 -100.00000 
-100.00000 -100.00000 
-100.00000 -100.00000 
-100.00000 -100.00000 
 0.23885 -100.00000 
-100.00000 -100.00000 
-100.00000 -100.00000 
 0.72739  0.23501 
 0.38249  0.20887 
-100.00000 -100.00000 
-0.12388 -100.00000 
-100.00000 -100.00000 
-100.00000 -100.00000 
-100.00000 -100.00000 
-100.00000 -100.00000 
-100.00000 -100.00000 
 0.52383  0.28004 
-100.00000 -100.00000 
-100.00000 -100.00000 
 0.18272 -100.00000 
-100.00000 -100.00000 
 0.01017  0.46520 
-100.00000 -100.00000 
 0.19915 -0.00179 
-100.00000 -100.00000 
-100.00000 -100.00000 
 0.26312  0.84792 
-100.00000 -100.00000 
 0.00026 -100.00000 
 0.15756  0.00941 
-100.00000 -100.00000 
-0.14343 -0.00005 
-100.00000 -100.00000 
-0.11251 -0.31468 
 0.46247 -0.04270 
 0.00000  0.00000 
-100.00000 -100.00000 
-100.00000 -100.00000 
-100.00000 -100.00000 
-100.00000 -100.00000 
-100.00000 -100.00000 
-100.00000 -100.00000 
-100.00000  0.22112 
-100.00000 -100.00000 
-100.00000 -100.00000 
-100.00000 -100.00000 
-100.00000  0.37865 
-100.00000 -100.00000 
-100.00000 -100.00000 
-100.00000 -100.00000 
-100.00000 -0.02660 
-100.00000 -100.00000 
 1.20163 -100.00000 
-100.00000 -100.00000 
-100.00000 -0.00007 
-100.00000 -100.00000 
-100.00000 -100.00000 
-100.00000 -100.00000 
-100.00000 -100.00000 
-100.00000 -100.00000 
-100.00000 -100.00000 
-100.00000 -100.00000 
-100.00000 -100.00000 
-100.00000 -100.00000 
-100.00000 -100.00000 
 0.00000  0.00000 
 0.18986 -0.06754 
-100.00000 -100.00000 
-100.00000 -100.00000 
 0.00000 -100.00000 
-100.00000 -100.00000 
-100.00000 -100.00000 
-100.00000 -100.00000 
-0.14031 -100.00000 
 0.35354 -100.00000 
-100.00000 -100.00000 
-100.00000 -100.00000 
-100.00000 -100.00000 
-0.00304 -100.00000 
-100.00000 -100.00000 
 0.17682 -100.00000 
-100.00000 -100.00000 
-100.00000 -100.00000 
-100.00000 -100.00000 
-100.00000 -100.00000 
-100.00000 -100.00000 
-0.13788  0.09922 
 0.13795  0.84789 
-100.00000 -0.00001 
-100.00000 -100.00000 
-100.00000 -100.00000 
-0.00041  0.74077 
-100.00000 -100.00000 
 0.58320 -100.00000 
-100.00000 -100.00000 
-100.00000 -0.85960 
-100.00000 -0.17984 
-100.00000 -100.00000 
-100.00000 -100.00000 
-0.12670 -100.00000 
 0.05263  0.07769 
-100.00000 -100.00000 
-100.00000 -100.00000 
-100.00000 -100.00000 
-100.00000 -0.13398 
-100.00000 -100.00000 
 0.13777 -100.00000 
 0.00000  0.00000 
-100.00000 -100.00000 
-100.00000 -100.00000 
-100.00000 -100.00000 
-0.00008 -100.00000 
-100.00000 -100.00000 
-100.00000 -100.00000 
 0.32668 -0.27643 
-100.00000 -100.00000 
-100.00000 -100.00000 
-100.00000  0.00016 
-100.00000 -100.00000 
-100.00000 -100.00000 
 0.37812 -100.00000 
-100.00000 -100.00000 
-100.00000 -100.00000 
-100.00000 -100.00000 
 0.15631 -0.11212 
 0.00000  0.00000 
-100.00000 -100.00000 
-100.00000 -100.00000 
-100.00000 -100.00000 
-100.00000 -100.00000 
-100.00000 -100.00000 
-100.00000 -100.00000 
-100.00000  0.18643 
 0.04409  0.13026 
 0.02960  0.11103 
-100.00000 -100.00000 
-100.00000 -100.00000 
-100.00000  0.07491 
-100.00000 -100.00000 
-100.00000 -0.44367 
-100.00000 -100.00000 
-100.00000 -100.00000 
-100.00000 -100.00000 
-100.00000 -100.00000 
-100.00000 -100.00000 
-100.00000 -100.00000 
-0.00301 -0.09524 
-0.00100 -100.00000 
-100.00000 -100.00000 
-100.00000 -100.00000 
-0.32987  0.11913 
-100.00000 -100.00000 
-100.00000 -100.00000 
-100.00000 -100.00000 
-0.32599  0.16341 
-100.00000 -100.00000 
 0.13761 -0.00004 
-100.00000 -100.00000 
-100.00000 -100.00000 
-100.00000 -100.00000 
-100.00000 -100.00000 
-100.00000 -100.00000 
-100.00000 -100.00000 
 0.37943  0.07158 
-100.00000 -100.00000 
-100.00000 -100.00000 
-0.22424  0.69051 
-100.00000 -100.00000 
-0.00014  0.13753 
-100.00000 -100.00000 
-100.00000 -100.00000 
-100.00000 -100.00000 
-100.00000 -100.00000 
-0.88553 -0.03740 
-100.00000 -100.00000 
-0.10883  0.01292 
-100.00000 -100.00000 
-100.00000 -100.00000 
-100.00000 -100.00000 
 0.04746 -100.00000 
-100.00000 -100.00000 
 0.22275 -100.00000 
-100.00000 -100.00000 
-100.00000 -100.00000 
-100.00000 -100.00000 
-100.00000 -100.00000 
-0.14712 -100.00000 
-100.00000 -100.00000 
-100.00000 -100.00000 
-0.00030 -100.00000 
-100.00000 -100.00000 
 0.20493 -100.00000 
-100.00000 -100.00000 
-100.00000 -100.00000 
-100.00000 -100.00000 
 0.36920 -0.00040 
-100.00000 -100.00000 
 0.00000  0.00000 
 0.13793  0.17265 
-100.00000  0.13744 
-100.00000 -100.00000 
-100.00000 -100.00000 
-0.55769 -0.11238 
-100.00000 -100.00000 
-0.04649 -0.67819 
-100.00000 -100.00000 
-100.00000 -100.00000 
-100.00000 -100.00000 
-100.00000  0.32166 
-100.00000 -0.00007 
-100.00000 -100.00000 
-100.00000 -100.00000 
-100.00000 -100.00000 
-100.00000 -0.38955 
 0.00003 -100.00000 
-0.03468  0.03381 
-0.26572 -0.05813 
-100.00000  0.47040 
 0.42554  0.16910 
-100.00000 -0.15057 
-0.40242  0.22707 
 0.21624 -0.08084 
-100.00000 -100.00000 
 0.63935 -100.00000 
-0.16246 -0.36390 
-100.00000 -100.00000 
 1.08358 -0.05698 
-100.00000 -100.00000 
-100.00000 -100.00000 
 0.00000  0.00000 
-100.00000 -100.00000 
-1.42071  0.23409 
-100.00000  0.00889 
-100.00000 -0.00016 
 0.10469 -100.00000 
 0.01814 -0.01126 
-100.00000 -100.00000 
-100.00000 -100.00000 
-100.00000 -100.00000 
-100.00000 -100.00000 
-100.00000 -100.00000 
-100.00000 -100.00000 
-100.00000 -100.00000 
-100.00000 -100.00000 
-100.00000 -100.00000 
 0.10464 -0.14467 
-0.55225 -0.35492 
 0.33263 -0.00001 
 0.37851 -0.03372 
-100.00000 -100.00000 
-100.00000 -100.00000 
-0.01892 -0.04245 
-100.00000 -100.00000 
-100.00000 -100.00000 
-100.00000 -100.00000 
-100.00000 -100.00000 
-100.00000 -100.00000 
-100.00000 -100.00000 
 0.00000  0.00000 
 0.11596  0.71267 
-0.63018 -100.00000 
-100.00000 -100.00000 
-100.00000 -100.00000 
-0.01701 -100.00000 
-0.01714 -0.04872 
-100.00000 -0.15097 
-100.00000 -100.00000 
-100.00000 -100.00000 
 0.03047  0.43892 
-100.00000 -100.00000 
-0.00007 -100.00000 
