-0.16200  0.09966 
 0.40561 -0.61328 
-0.75028 -100.00000 
-0.02181 -100.00000 
 0.00000  0.00000 
 0.00000  0.00000 
-0.23361  0.21096 
 0.00000  0.00000 
 0.00000  0.00000 
-0.58149  1.00008 
 0.77771 -0.43536 
-0.50457  0.50400 
-0.09663  0.69581 
-100.00000 -100.00000 
-100.00000 -100.00000 
-100.00000 -100.00000 
-100.00000 -100.00000 
-100.00000 -100.00000 
-0.59977  0.47455 
-0.17915  0.32530 
-100.00000 -100.00000 
-0.00011 -100.00000 
-100.00000 -100.00000 
-100.00000 -100.00000 
 0.59860  0.36590 
-100.00000 -100.00000 
-100.00000 -100.00000 
-100.00000 -100.00000 
-0.24976  0.21874 
-100.00000 -100.00000 
-100.00000 -0.00007 
-100.00000 -100.00000 
-100.00000  0.10312 
-100.00000 -100.00000 
-100.00000 -100.00000 
-0.24969 -100.00000 
 0.00000  0.00000 
-100.00000 -100.00000 
-100.00000 -100.00000 
-100.00000 -100.00000 
-0.09712 -100.00000 
-100.00000 -100.00000 
 0.01263  0.21932 
-100.00000 -100.00000 
-100.00000  0.58502 
 0.54657 -100.00000 
 0.00988  0.30974 
-100.00000 -100.00000 
 0.00000  0.00000 
 0.00000  0.00000 
 0.00000 -100.00000 
-100.00000 -100.00000 
 0.09270 -0.03695 
-100.00000 -100.00000 
-100.00000 -100.00000 
-100.00000 -100.00000 
 0.58503 -100.00000 
 0.00000  0.00000 
-100.00000 -100.00000 
-0.18216  0.69872 
 0.00000  0.00000 
-100.00000 -100.00000 
-100.00000 -100.00000 
-0.28972  0.41022 
-0.10211  0.02246 
 0.22128  0.57068 
 0.00000  0.00000 
 0.92849  0.64759 
 0.00000  0.00000 
-0.13020 -0.41806 
 0.38003  0.67832 
-100.00000 -100.00000 
-100.00000 -100.00000 
-0.37652 -0.86730 
-0.00802 -0.00848 
-100.00000 -100.00000 
-0.08361  0.28103 
 0.00000  0.00000 
 0.00000  0.00000 
-100.00000 -100.00000 
-100.00000 -100.00000 
 0.11230 -0.65596 
-0.36013  0.00005 
-100.00000 -100.00000 
-100.00000 -100.00000 
 0.30102 -0.12165 
 0.00000  0.00000 
 0.00000  0.00000 
 0.37397  0.17899 
 0.43453  0.09611 
-0.28917  0.24299 
 0.27832 -0.16325 
-0.35350 -100.00000 
-100.00000 -100.00000 
-100.00000 -100.00000 
 0.37851 -0.14765 
 0.02920 -0.69133 
-100.00000 -100.00000 
 0.57879 -0.25091 
-0.27176 -0.05866 
 0.42363  0.00003 
-100.00000 -100.00000 
-100.00000  0.00005 
 0.18923  0.00044 
-100.00000 -100.00000 
 1.01723  0.13760 
-100.00000 -100.00000 
-100.00000 -100.00000 
-0.57826 -0.14433 
-100.00000 -100.00000 
-0.00018  0.00005 
 0.00000  0.00000 
-0.25888 -100.00000 
-0.02308  0.22928 
-0.09747 -0.49799 
-100.00000 -100.00000 
-100.00000 -100.00000 
 0.00000  0.00000 
-100.00000 -100.00000 
-100.00000 -100.00000 
-0.05759 -0.02227 
 0.00000  0.00000 
-100.00000 -0.49194 
 0.58044 -0.44069 
-0.52967 -0.48085 
-0.05134  0.06271 
 0.20932  0.29282 
 0.00000  0.00000 
-100.00000 -100.00000 
-100.00000 -100.00000 
 0.57849 -0.50142 
-100.00000 -100.00000 
-0.18244 -0.21658 
-0.06048  0.34315 
-0.28044  0.09427 
 0.16815 -0.61139 
 0.43421 -0.60923 
-0.14214 -0.14940 
-0.03263  0.05060 
-0.19616 -0.42036 
-0.45079 -0.06505 
-100.00000 -100.00000 
 0.37834 -0.01093 
-100.00000 -100.00000 
-0.32794  0.18735 
-100.00000 -100.00000 
-100.00000 -100.00000 
 0.34900  0.00048 
-100.00000 -100.00000 
-0.18038 -0.35808 
 0.16086 -0.66071 
-100.00000 -100.00000 
 0.26402 -0.12774 
-1.22533 -0.39455 
-0.82082  0.92136 
-100.00000 -100.00000 
-0.66767 -0.02969 
 0.54725 -0.60614 
-100.00000  0.26297 
 1.22777  0.47523 
-100.00000 -100.00000 
-100.00000 -100.00000 
-100.00000 -100.00000 
 0.00000  0.00000 
 0.00000  0.00000 
 0.76578 -0.33397 
 0.00000  0.00000 
-100.00000  0.67807 
-0.16084  0.13759 
-0.22219  0.55090 
-0.54037  0.82242 
 0.42452  0.47649 
-0.34565  0.11763 
-100.00000 -100.00000 
 0.03774  0.64081 
-0.12886  0.13916 
 0.00000  0.00000 
 0.34729 -0.30962 
 0.21819 -0.02242 
-0.29853  0.17610 
-100.00000 -100.00000 
 0.17113 -0.25254 
-100.00000 -100.00000 
 0.81852  0.58499 
 0.06888  0.13764 
 0.27970 -0.14321 
 0.05860  0.26432 
-0.04137  0.13616 
-100.00000  0.13747 
 0.00000  0.00000 
 0.31585  0.24147 
 0.00000  0.00000 
 0.08291 -100.00000 
-100.00000 -100.00000 
-100.00000 -0.13883 
-100.00000 -100.00000 
-100.00000 -100.00000 
-0.03054  0.14585 
-100.00000 -100.00000 
-100.00000 -100.00000 
 0.34606  0.07065 
-0.00037  0.12390 
-100.00000 -100.00000 
-0.00528 -0.00149 
 0.19321 -0.69961 
 0.19283 -100.00000 
 0.00000  0.00000 
-100.00000 -100.00000 
 0.24302  0.24235 
 0.23437 -0.01279 
-0.55762  0.46807 
-0.28413 -0.00605 
-100.00000 -100.00000 
 0.00011  0.13751 
 0.13743 -100.00000 
-0.14364  1.05604 
 0.28530 -0.11812 
-0.43843 -0.30370 
-100.00000 -0.00004 
-0.22220  0.54362 
 0.40869  0.57979 
 0.18316 -0.00733 
 0.21156  0.37201 
-100.00000 -0.00003 
-100.00000  0.25750 
-0.21027 -0.15316 
-0.20540  0.01651 
 0.30458 -0.37672 
-0.02407  0.00041 
 0.81844 -0.31047 
-0.01577 -0.00802 
-0.14421  0.19864 
-100.00000 -100.00000 
-0.74925 -0.00425 
-0.19839 -0.03856 
-0.05787  0.81191 
-0.00342  0.45425 
-100.00000  0.01095 
-100.00000 -100.00000 
 0.39546 -0.13227 
-100.00000 -100.00000 
-100.00000 -100.00000 
-0.28709 -100.00000 
 0.47047  0.03172 
-100.00000 -100.00000 
 0.11555  0.00722 
-0.02890  0.51290 
 0.52207 -0.34893 
 0.00000  0.00000 
 0.00000  0.00000 
 0.23769  0.09830 
-0.26110 -0.21340 
-0.13767 -0.15763 
-100.00000 -100.00000 
-0.01545 -100.00000 
 0.07201  0.38266 
-0.43141  0.14381 
-0.20956 -0.15503 
-100.00000 -100.00000 
-100.00000 -100.00000 
 0.13745 -100.00000 
-100.00000 -100.00000 
-100.00000 -100.00000 
 0.00000  0.00000 
 0.01288  0.73425 
-100.00000 -100.00000 
 0.16065 -0.09352 
-0.38757 -0.04481 
-100.00000 -100.00000 
-100.00000 -100.00000 
 0.58015 -0.07117 
-0.11174 -0.63445 
 0.00000  0.00000 
-0.11100  0.38343 
-100.00000 -100.00000 
-0.00060 -100.00000 
-0.41688  0.31637 
 0.86866 -0.00429 
-0.00004 -100.00000 
-100.00000 -100.00000 
 0.13756 -100.00000 
-0.11917 -0.28466 
 0.61094  0.62581 
 0.31107  0.13752 
 0.09177  0.44791 
 0.41622  0.27977 
 1.18179  0.34143 
 1.04437  0.59227 
 0.11002 -0.16691 
 0.23819 -100.00000 
-100.00000 -100.00000 
-100.00000  0.13744 
-100.00000 -100.00000 
-0.07757 -0.50576 
-100.00000 -100.00000 
 0.23834  0.21140 
-100.00000 -100.00000 
-0.10524  0.07529 
-0.12386  0.14117 
-100.00000 -100.00000 
-100.00000 -100.00000 
-0.29195  0.59841 
 0.41193 -0.38475 
-100.00000 -100.00000 
-100.00000 -100.00000 
 0.00000  0.00000 
-0.45496  0.12928 
-0.43522 -0.13484 
-100.00000 -100.00000 
-100.00000 -100.00000 
-0.49387 -0.02970 
-0.14037 -0.02973 
 0.54240  0.06346 
-0.33348 -0.31002 
-100.00000 -100.00000 
-0.71968 -0.63444 
-100.00000 -100.00000 
 0.27541  0.58317 
-100.00000 -100.00000 
-0.01780 -0.00975 
-0.79676 -1.03986 
-100.00000 -100.00000 
 0.25181 -0.11724 
 0.58502  0.26313 
 0.00002 -100.00000 
 0.05945  0.26298 
-100.00000 -100.00000 
 0.00000  0.00000 
-100.00000 -100.00000 
 0.08898  0.03590 
-100.00000 -100.00000 
-0.00006 -100.00000 
-100.00000 -100.00000 
 0.00000  0.00000 
-100.00000  0.00000 
-100.00000 -100.00000 
 0.75758 -0.26221 
-0.15034 -0.01947 
-0.15329  0.09110 
-100.00000 -0.27409 
-100.00000  0.00014 
-100.00000 -100.00000 
-100.00000 -100.00000 
-100.00000 -100.00000 
 0.00000  0.00000 
 0.20266 -0.64943 
 0.17084  0.13754 
-100.00000 -100.00000 
-0.45994  0.41835 
-100.00000 -100.00000 
-100.00000 -100.00000 
-0.16878  0.40016 
-0.15294 -0.10574 
-100.00000 -100.00000 
-100.00000 -100.00000 
-100.00000 -100.00000 
 0.17045 -0.01851 
 0.17223  0.17532 
-100.00000 -100.00000 
 0.46312  0.38441 
-0.85834  0.10664 
-100.00000 -100.00000 
-100.00000 -100.00000 
-0.25062  0.13265 
-100.00000 -100.00000 
-100.00000 -100.00000 
-100.00000 -100.00000 
 0.13838  0.51100 
 0.34505 -100.00000 
-0.06148  0.39525 
-100.00000 -100.00000 
-100.00000 -100.00000 
-0.49459 -0.18950 
 0.00004 -100.00000 
-0.11966 -0.38022 
 0.00018 -100.00000 
-100.00000 -100.00000 
-100.00000 -100.00000 
-100.00000 -100.00000 
-100.00000 -100.00000 
-1.09809 -0.68826 
 0.11482 -0.13949 
-100.00000 -100.00000 
-100.00000 -100.00000 
-100.00000 -100.00000 
-0.44005  0.34394 
-100.00000 -100.00000 
 0.69049  0.17616 
-100.00000 -100.00000 
 0.09328 -0.11481 
-0.58735 -100.00000 
-0.12667 -100.00000 
-100.00000 -100.00000 
-100.00000 -100.00000 
-0.26417 -0.83126 
-100.00000 -100.00000 
-100.00000 -100.00000 
-100.00000 -0.16556 
-0.34984  0.50883 
-100.00000 -100.00000 
-100.00000  0.37845 
-0.00374 -0.33821 
-100.00000 -100.00000 
-0.16076  0.16851 
-100.00000 -100.00000 
 0.11227 -0.30315 
-100.00000 -100.00000 
-0.41707 -0.21110 
-1.12563 -100.00000 
-100.00000 -100.00000 
-100.00000 -100.00000 
-0.70550 -0.06005 
-0.28024  0.15736 
-100.00000 -100.00000 
 0.12137  0.33923 
 0.00000  0.00000 
-100.00000 -100.00000 
 0.26318 -0.25700 
-100.00000 -100.00000 
-0.00223 -0.15269 
-100.00000 -100.00000 
-100.00000 -100.00000 
 0.00000  0.00000 
-100.00000 -100.00000 
-100.00000 -100.00000 
-100.00000 -100.00000 
-0.02131  0.07346 
-100.00000 -100.00000 
-100.00000 -100.00000 
-100.00000 -100.00000 
 0.78467  0.02746 
 0.00000  0.00000 
-100.00000 -100.00000 
-0.01043 -0.12702 
-0.55946  0.07414 
-100.00000 -100.00000 
-100.00000 -100.00000 
-100.00000 -100.00000 
-0.26629 -100.00000 
-100.00000 -100.00000 
 0.00000  0.00000 
 0.00000  0.00000 
-100.00000 -100.00000 
 0.00000  0.00000 
 0.00000  0.00000 
-100.00000 -100.00000 
-100.00000 -100.00000 
-100.00000 -100.00000 
-100.00000 -100.00000 
-100.00000 -100.00000 
 0.00000  0.00000 
-100.00000 -100.00000 
-0.24553 -0.35257 
 0.00003 -100.00000 
-100.00000 -100.00000 
 0.00000  0.00000 
-100.00000 -100.00000 
-100.00000 -100.00000 
-0.26396 -100.00000 
-100.00000 -100.00000 
 0.00000  0.00000 
-100.00000 -100.00000 
-100.00000 -100.00000 
-100.00000 -100.00000 
 0.34745 -100.00000 
-100.00000 -100.00000 
-100.00000 -0.25667 
 0.91011 -0.15377 
 0.00000  0.00000 
-100.00000 -0.13389 
-100.00000 -100.00000 
-100.00000 -100.00000 
-100.00000 -100.00000 
 0.00499 -0.40047 
-100.00000 -100.00000 
-0.47486 -0.20781 
 0.43810 -0.15081 
 0.00002 -0.00002 
-100.00000 -100.00000 
-100.00000 -100.00000 
-0.24907  0.28533 
 0.00012  0.26545 
 0.59198 -0.07605 
-0.62855 -0.03305 
-100.00000 -0.00002 
-0.02966  0.58514 
-100.00000 -100.00000 
-100.00000 -100.00000 
-100.00000 -100.00000 
 0.22683  0.11191 
-100.00000 -100.00000 
-0.13785  0.52805 
-100.00000 -100.00000 
-100.00000 -100.00000 
-0.13941 -0.42681 
-100.00000 -100.00000 
-0.40794  0.31120 
-100.00000 -100.00000 
-0.30457 -0.18370 
-100.00000 -100.00000 
 0.39912  0.37822 
 0.00003  0.56059 
-0.37332  0.02385 
-0.26524 -0.31260 
-100.00000 -100.00000 
 0.29833  0.00280 
 0.42493 -0.43756 
-0.51552 -0.22875 
 0.45889 -0.38127 
-0.42059 -0.60888 
 0.00000  0.00000 
-0.12651 -0.58586 
-0.24258  0.23282 
-0.14703  0.48563 
-100.00000 -0.27107 
 0.59759  0.43421 
-0.41282  0.43913 
 0.41990 -0.38624 
-0.32329  0.01508 
 0.26314 -100.00000 
 0.00000  0.00000 
-100.00000 -100.00000 
-0.22447 -0.37813 
-0.53332 -0.33373 
-100.00000 -100.00000 
-0.32054  0.29024 
-100.00000 -100.00000 
 0.37858  0.00095 
-0.16364 -100.00000 
 0.00000  0.00000 
-0.00006 -0.00001 
-0.00005 -0.61169 
-100.00000  0.13749 
-0.14300 -0.24566 
-100.00000 -100.00000 
-100.00000 -100.00000 
-100.00000  0.00005 
-100.00000 -100.00000 
-0.12782 -0.40564 
 0.00000  0.00000 
 0.85696 -100.00000 
 0.00000  0.00000 
 0.00000  0.00000 
-100.00000 -100.00000 
-100.00000 -0.15070 
 0.00000  0.00000 
-100.00000 -100.00000 
-100.00000 -100.00000 
-0.00982 -0.53775 
 0.17721  0.69747 
 0.09766 -0.08376 
 0.09811 -0.37011 
-0.26489 -0.27503 
-0.23144  0.49700 
-1.06225  0.07305 
 0.00010 -0.52702 
-100.00000 -100.00000 
-0.42707  0.04438 
 0.00000  0.00000 
-0.00938 -0.15013 
 0.45094  0.04450 
-0.00008  0.09101 
 0.13763  0.13765 
-100.00000 -100.00000 
-0.45382 -0.27454 
