-100.00000 -100.00000 
 1.29975  0.62570 
 0.26294 -100.00000 
-0.01270 -0.15873 
-0.35273  0.14440 
 0.49780  0.44530 
-100.00000 -100.00000 
 0.25214 -0.10519 
 0.00027 -100.00000 
-100.00000 -100.00000 
-0.00008 -0.02240 
 0.67874 -0.29119 
-100.00000 -100.00000 
-100.00000 -100.00000 
-0.00523 -0.16021 
-100.00000 -100.00000 
-100.00000 -100.00000 
-100.00000 -100.00000 
 0.13771 -100.00000 
-100.00000 -100.00000 
-100.00000 -100.00000 
-100.00000 -100.00000 
-100.00000 -100.00000 
-100.00000 -100.00000 
 0.44235 -0.18029 
-100.00000 -100.00000 
-100.00000 -100.00000 
-100.00000 -100.00000 
 0.26482  0.27936 
 0.13753 -0.02243 
-100.00000 -100.00000 
 0.12039  0.00003 
-100.00000 -100.00000 
-100.00000 -100.00000 
 0.13748 -0.02245 
-0.00025 -100.00000 
-0.03420  0.20699 
-100.00000 -100.00000 
-100.00000 -100.00000 
-100.00000 -100.00000 
-100.00000 -100.00000 
 0.13745 -100.00000 
-100.00000 -100.00000 
-100.00000  0.00006 
 0.00006 -0.01970 
-0.25993  0.07103 
-100.00000 -100.00000 
-100.00000 -0.00003 
-0.53839 -0.04144 
 0.15238 -0.43519 
-100.00000 -100.00000 
-100.00000 -100.00000 
-100.00000 -100.00000 
 0.26306 -0.26536 
-100.00000 -100.00000 
-100.00000 -100.00000 
-100.00000 -100.00000 
 0.63060  0.03359 
-100.00000 -100.00000 
-100.00000 -100.00000 
-100.00000  0.00008 
-100.00000 -100.00000 
-100.00000 -100.00000 
-100.00000 -100.00000 
-0.04245  0.29704 
 0.00000  0.00000 
 0.11242 -0.10992 
-0.44356  0.37873 
-100.00000 -100.00000 
-100.00000 -100.00000 
-100.00000 -0.09780 
-100.00000 -100.00000 
-100.00000 -100.00000 
-100.00000 -0.00013 
-0.13618 -0.06371 
-100.00000 -100.00000 
-100.00000 -100.00000 
-0.35011  0.51555 
-100.00000 -100.00000 
-100.00000 -100.00000 
-100.00000 -100.00000 
 0.00000  0.00000 
-100.00000 -100.00000 
-100.00000 -100.00000 
-100.00000 -100.00000 
 0.98612 -0.13742 
 0.17316 -0.04917 
-0.49871 -0.06607 
 0.00000  0.00000 
-1.09186 -0.26140 
 0.00001 -100.00000 
 0.36466 -0.03772 
-100.00000 -100.00000 
-0.33116  0.41159 
-100.00000 -100.00000 
-100.00000 -100.00000 
-100.00000 -100.00000 
-100.00000 -100.00000 
 0.07480  0.34241 
 0.00000  0.00000 
-100.00000 -100.00000 
 0.45277  0.32771 
-1.27638 -100.00000 
-100.00000 -100.00000 
-100.00000 -100.00000 
-0.37106 -100.00000 
-100.00000 -100.00000 
-100.00000 -100.00000 
 0.00000  0.00000 
-100.00000 -100.00000 
-0.00037  0.35613 
 0.29892 -0.48126 
-100.00000 -100.00000 
-100.00000 -100.00000 
 0.00402 -100.00000 
 0.32854 -0.03042 
-100.00000 -100.00000 
-0.37356  0.14410 
-100.00000 -100.00000 
-100.00000 -100.00000 
 0.00008 -100.00000 
-100.00000 -100.00000 
-100.00000 -100.00000 
-0.11523 -0.37673 
-100.00000 -100.00000 
 0.59952 -0.01242 
 0.32848 -0.28308 
-100.00000 -100.00000 
-100.00000 -100.00000 
-100.00000 -100.00000 
-100.00000 -100.00000 
-100.00000  0.00003 
-100.00000 -100.00000 
-100.00000 -100.00000 
 0.00000  0.00000 
 0.43100 -0.34772 
-100.00000 -100.00000 
 0.32921  0.13760 
 0.02129 -0.13805 
-100.00000 -100.00000 
 0.00000  0.00000 
-100.00000 -100.00000 
 0.26341 -100.00000 
-100.00000  0.13742 
-100.00000 -100.00000 
 0.76237  0.12313 
-100.00000 -100.00000 
 0.26348  0.00045 
-100.00000 -100.00000 
-100.00000 -100.00000 
 0.27768 -0.12274 
-100.00000 -100.00000 
 0.03126 -0.04241 
 0.03911 -0.18387 
-100.00000 -100.00000 
-100.00000 -100.00000 
-100.00000 -100.00000 
-0.09229  0.30083 
-100.00000 -100.00000 
-0.25646 -100.00000 
-100.00000 -100.00000 
-100.00000 -100.00000 
-100.00000 -100.00000 
-100.00000 -100.00000 
 0.13814  0.16910 
-100.00000 -100.00000 
-0.48056 -0.13022 
-100.00000  0.00000 
-100.00000 -100.00000 
-100.00000 -100.00000 
-100.00000 -100.00000 
 0.80669 -0.53301 
 0.07743  0.54824 
-100.00000 -100.00000 
 0.00000  0.00000 
 0.85583  0.07493 
 0.16281 -0.01274 
-0.13519  0.26311 
-0.00012 -100.00000 
 0.62754  0.56710 
-100.00000 -100.00000 
-100.00000 -100.00000 
-100.00000 -100.00000 
-100.00000 -100.00000 
-100.00000 -100.00000 
 0.13785 -100.00000 
-100.00000 -100.00000 
 1.32182 -100.00000 
-100.00000 -100.00000 
 0.58276 -0.29894 
-100.00000 -100.00000 
-0.27479 -0.21071 
-100.00000 -100.00000 
-100.00000 -100.00000 
-100.00000 -100.00000 
-0.37364 -0.00148 
 0.00009 -0.12822 
 0.00000  0.00000 
 0.17083 -0.21099 
-100.00000 -100.00000 
-100.00000  0.73413 
-100.00000 -100.00000 
-100.00000 -100.00000 
-100.00000  0.13757 
 0.12742 -0.00417 
-100.00000 -100.00000 
-0.25372 -0.34828 
-100.00000 -100.00000 
 0.67799 -0.00230 
 0.61847  0.54723 
 0.36515 -0.00836 
 0.67574 -0.03560 
 0.06533 -0.24937 
-100.00000 -100.00000 
-100.00000 -100.00000 
-0.14263 -0.15867 
-100.00000 -100.00000 
-100.00000 -100.00000 
 0.07169 -0.19379 
-0.66113 -0.05746 
-100.00000 -100.00000 
-100.00000 -100.00000 
-100.00000 -100.00000 
-100.00000 -100.00000 
-100.00000 -100.00000 
-100.00000 -100.00000 
-100.00000 -0.26575 
 0.00000  0.00000 
-100.00000 -100.00000 
-0.20118  0.00033 
-100.00000  0.00013 
 0.51193  0.21732 
-100.00000 -100.00000 
 0.00000  0.00000 
 0.67894  0.54189 
 0.00068 -100.00000 
-100.00000  0.00006 
-100.00000 -100.00000 
 0.12981  0.01043 
 0.40130  0.06440 
-100.00000 -100.00000 
-100.00000 -100.00000 
-100.00000 -100.00000 
-100.00000 -100.00000 
-100.00000 -100.00000 
-100.00000 -100.00000 
-100.00000 -100.00000 
-100.00000  0.13724 
-100.00000 -100.00000 
-0.92950 -0.00389 
 0.84224 -0.00244 
 0.00000  0.00000 
-100.00000 -100.00000 
-100.00000 -100.00000 
 0.12725  0.13741 
-100.00000 -100.00000 
-100.00000 -100.00000 
-100.00000 -100.00000 
-100.00000 -100.00000 
-100.00000  0.00002 
-0.00017 -100.00000 
-100.00000 -100.00000 
-100.00000 -100.00000 
 0.24858  0.37318 
-100.00000 -100.00000 
-0.00000 -100.00000 
 0.00000  0.00000 
-100.00000 -100.00000 
-100.00000 -100.00000 
-100.00000 -100.00000 
-100.00000 -100.00000 
-100.00000 -100.00000 
-0.02033  0.14718 
-100.00000 -100.00000 
 0.13755 -100.00000 
 0.13681 -100.00000 
 0.33041  0.01414 
 0.26374  0.47271 
 0.25156  0.25137 
 0.00001 -100.00000 
-100.00000 -100.00000 
-100.00000 -100.00000 
-0.23591  0.34717 
-0.44666  0.16826 
 0.00079 -100.00000 
-100.00000 -0.16669 
-0.58627  0.24857 
 1.06744 -0.21151 
 0.44562 -0.16691 
-0.48081 -0.01282 
-100.00000 -100.00000 
-100.00000 -100.00000 
 0.26343  0.37856 
-0.85949 -0.02936 
-100.00000 -100.00000 
-100.00000  0.44863 
-0.00739  0.60948 
 0.00000  0.00000 
-0.77014  0.03347 
 0.00006 -100.00000 
-100.00000 -100.00000 
-100.00000 -100.00000 
 0.37874 -100.00000 
-100.00000 -100.00000 
-0.14023 -100.00000 
 0.35950 -0.30044 
 0.00000  0.00000 
-100.00000 -100.00000 
 0.11134  0.06164 
-100.00000 -100.00000 
-100.00000 -100.00000 
 0.34601 -0.98743 
 0.00000  0.00000 
-100.00000 -100.00000 
-0.00189 -100.00000 
-100.00000 -100.00000 
-100.00000 -100.00000 
-100.00000 -100.00000 
-100.00000 -100.00000 
 0.00000  0.00000 
-100.00000 -100.00000 
-100.00000 -100.00000 
-100.00000 -100.00000 
-100.00000 -100.00000 
-100.00000 -100.00000 
 0.03357  0.47826 
-100.00000 -100.00000 
-100.00000  0.13744 
-100.00000 -100.00000 
-100.00000 -100.00000 
-100.00000 -100.00000 
-100.00000 -100.00000 
-100.00000 -100.00000 
-0.21186 -0.23650 
 0.00008 -100.00000 
-100.00000 -100.00000 
-100.00000 -100.00000 
 0.00000  0.00000 
 0.08378  0.02280 
-100.00000 -100.00000 
-0.00004 -100.00000 
-100.00000 -100.00000 
-100.00000 -100.00000 
-100.00000 -100.00000 
-0.05764  0.40613 
-100.00000 -100.00000 
-100.00000 -100.00000 
 0.13738 -100.00000 
-100.00000 -100.00000 
-100.00000 -0.00005 
-100.00000 -100.00000 
-0.26741 -100.00000 
-100.00000 -100.00000 
-100.00000 -100.00000 
-100.00000 -100.00000 
-100.00000 -100.00000 
-100.00000 -100.00000 
-0.30306  0.34989 
-100.00000 -100.00000 
-100.00000 -100.00000 
-100.00000 -100.00000 
-100.00000 -100.00000 
-100.00000 -100.00000 
-100.00000 -100.00000 
-100.00000 -100.00000 
-100.00000 -100.00000 
-100.00000 -100.00000 
 0.13725  0.31836 
-0.00526 -100.00000 
-100.00000 -0.31703 
-100.00000  0.00002 
-100.00000 -100.00000 
-0.10770 -0.31351 
-100.00000 -100.00000 
 0.16038  0.52520 
-100.00000 -100.00000 
-100.00000 -100.00000 
 0.00005  0.13751 
-100.00000 -100.00000 
-100.00000 -100.00000 
-0.43852  0.13747 
-100.00000  0.13739 
-100.00000 -100.00000 
-100.00000 -100.00000 
-0.49182  0.13748 
-0.00024 -100.00000 
 0.26307 -0.00003 
-100.00000 -100.00000 
-100.00000 -100.00000 
-100.00000 -100.00000 
-100.00000 -100.00000 
-100.00000 -100.00000 
-100.00000 -100.00000 
-100.00000 -100.00000 
-100.00000 -100.00000 
-100.00000 -100.00000 
 0.68676  0.09701 
-100.00000 -100.00000 
-100.00000 -100.00000 
-100.00000 -100.00000 
-100.00000 -100.00000 
-100.00000 -100.00000 
-100.00000 -100.00000 
-0.08250 -0.11918 
-100.00000  0.13773 
-100.00000 -100.00000 
 0.37862  0.00325 
-0.13509 -100.00000 
 0.00017 -100.00000 
-100.00000 -100.00000 
-100.00000 -100.00000 
-100.00000 -100.00000 
-100.00000 -100.00000 
-100.00000 -100.00000 
 0.72424 -100.00000 
-100.00000 -100.00000 
-100.00000 -100.00000 
-100.00000 -100.00000 
-100.00000 -100.00000 
-100.00000 -100.00000 
-100.00000 -100.00000 
-100.00000 -100.00000 
-100.00000 -100.00000 
-100.00000 -100.00000 
-100.00000 -100.00000 
-100.00000 -100.00000 
-100.00000 -100.00000 
-100.00000 -100.00000 
-100.00000 -100.00000 
-100.00000 -100.00000 
-100.00000 -100.00000 
 0.36741 -0.14443 
-100.00000 -100.00000 
-100.00000 -100.00000 
-100.00000 -100.00000 
-100.00000  0.01604 
-100.00000 -100.00000 
 0.00039 -100.00000 
-100.00000 -100.00000 
-100.00000 -100.00000 
-100.00000 -100.00000 
-100.00000 -100.00000 
-100.00000 -100.00000 
 0.37359 -0.24659 
 0.10704 -0.44541 
-100.00000 -100.00000 
-100.00000 -100.00000 
-100.00000 -100.00000 
-100.00000 -100.00000 
-100.00000 -0.47475 
-100.00000 -100.00000 
-100.00000 -100.00000 
-100.00000 -100.00000 
-0.49157 -0.47449 
-100.00000 -100.00000 
-100.00000 -100.00000 
-100.00000 -100.00000 
-100.00000 -100.00000 
-100.00000 -100.00000 
-100.00000 -100.00000 
-0.19710 -0.23023 
-100.00000 -100.00000 
-100.00000 -100.00000 
-100.00000 -100.00000 
-100.00000 -100.00000 
-100.00000 -100.00000 
-100.00000 -100.00000 
 0.37811 -0.11933 
-100.00000 -100.00000 
-100.00000 -100.00000 
-100.00000 -100.00000 
-100.00000 -100.00000 
-0.00023 -100.00000 
-100.00000 -100.00000 
 0.00037 -100.00000 
-100.00000 -100.00000 
 0.00008 -100.00000 
-100.00000 -100.00000 
-100.00000 -100.00000 
-100.00000 -100.00000 
-0.13727 -100.00000 
-100.00000 -100.00000 
-100.00000 -100.00000 
-100.00000 -100.00000 
 0.13757  0.11220 
 0.76423  0.00018 
-100.00000 -100.00000 
-0.21398 -100.00000 
-100.00000 -100.00000 
-0.48434 -0.00040 
-100.00000 -100.00000 
-100.00000 -100.00000 
-100.00000 -100.00000 
-100.00000 -100.00000 
-100.00000 -100.00000 
-100.00000 -100.00000 
-0.00244 -100.00000 
-100.00000 -100.00000 
-100.00000 -100.00000 
-100.00000 -100.00000 
 0.56729 -0.21108 
-100.00000 -100.00000 
 0.00000  0.00000 
-100.00000 -100.00000 
-100.00000 -100.00000 
 0.15995 -0.00142 
 0.53812 -0.14933 
-100.00000 -0.00014 
 0.05047  0.36588 
-100.00000 -100.00000 
-100.00000 -100.00000 
-100.00000 -100.00000 
-100.00000 -100.00000 
-100.00000 -100.00000 
 0.58584 -100.00000 
-100.00000 -100.00000 
-0.11097 -100.00000 
 0.65602  0.10202 
-100.00000 -100.00000 
 0.26326  0.00019 
 0.13739 -100.00000 
-100.00000 -100.00000 
-0.23894  0.01478 
 1.00023 -100.00000 
-100.00000 -100.00000 
 0.12653 -100.00000 
-100.00000 -100.00000 
-0.43609  0.12648 
-100.00000 -100.00000 
-0.15840  0.12133 
-100.00000 -100.00000 
-100.00000 -100.00000 
-100.00000 -100.00000 
 0.14558 -0.07151 
 0.02956  0.11748 
-100.00000 -100.00000 
-100.00000 -100.00000 
-100.00000 -100.00000 
 0.63577  0.29738 
 0.03816  0.15958 
-0.34678 -0.00010 
-0.08773 -0.24385 
-100.00000 -100.00000 
-100.00000 -100.00000 
 0.58615  0.19933 
-0.10531  0.04750 
-100.00000 -100.00000 
 0.02665  0.13746 
-100.00000 -100.00000 
-100.00000 -100.00000 
-100.00000 -100.00000 
-100.00000 -100.00000 
-100.00000 -100.00000 
-100.00000 -100.00000 
 1.01153  0.22493 
-100.00000 -100.00000 
-100.00000 -100.00000 
-0.03706  0.14274 
-100.00000 -100.00000 
-0.48571 -0.63374 
-100.00000 -100.00000 
-100.00000 -100.00000 
-100.00000 -100.00000 
-100.00000 -100.00000 
-100.00000 -100.00000 
