-100.00000 -100.00000 
-100.00000 -100.00000 
-0.01649 -100.00000 
 0.13769 -100.00000 
-100.00000 -100.00000 
-100.00000 -100.00000 
-0.00458 -0.00015 
-100.00000 -100.00000 
-100.00000 -100.00000 
-0.46594 -100.00000 
-100.00000 -100.00000 
-100.00000 -100.00000 
-100.00000 -100.00000 
-0.12877  0.62196 
-100.00000 -100.00000 
 0.00000  0.00000 
-100.00000 -100.00000 
 0.00000  0.00000 
 0.13771 -100.00000 
-100.00000 -100.00000 
-100.00000 -100.00000 
-100.00000 -100.00000 
-0.17696 -0.26014 
-100.00000  0.00010 
 0.00009 -100.00000 
-100.00000 -100.00000 
-0.10435 -0.42392 
-0.09598 -0.27466 
-100.00000 -100.00000 
-100.00000 -100.00000 
 0.00000  0.00000 
-100.00000 -100.00000 
-100.00000 -0.00012 
 0.00000  0.00000 
-100.00000 -100.00000 
-100.00000 -100.00000 
-100.00000 -100.00000 
 0.37409  0.12324 
-100.00000 -100.00000 
-0.07347  0.11804 
-100.00000 -100.00000 
-100.00000 -100.00000 
-100.00000 -100.00000 
-100.00000 -100.00000 
-100.00000 -100.00000 
-100.00000 -100.00000 
 0.00017  0.22194 
 0.11931 -0.65681 
-100.00000 -100.00000 
-100.00000 -100.00000 
 0.09799 -0.13778 
 0.00000  0.00000 
-0.11158  0.13752 
-100.00000 -100.00000 
-0.08284 -0.46938 
-100.00000 -100.00000 
-100.00000 -100.00000 
-100.00000 -100.00000 
-100.00000 -100.00000 
 0.00010 -100.00000 
-100.00000 -100.00000 
-0.78843 -0.26847 
-100.00000 -100.00000 
-100.00000 -100.00000 
-0.01370 -0.35646 
-100.00000 -100.00000 
-100.00000 -100.00000 
-1.06523  0.13772 
-100.00000 -100.00000 
 0.58507  0.00002 
 0.00008 -0.29653 
-100.00000 -100.00000 
-0.20667 -0.18792 
-100.00000 -100.00000 
-100.00000 -100.00000 
-100.00000 -100.00000 
-100.00000 -100.00000 
-0.00001 -100.00000 
-100.00000 -100.00000 
-100.00000 -100.00000 
-0.33448 -0.03856 
-100.00000 -100.00000 
 0.19736 -0.03152 
-100.00000 -100.00000 
 0.00000  0.00000 
 0.59277 -100.00000 
-0.00001 -100.00000 
-100.00000 -100.00000 
-0.44830  0.58391 
 0.58293  0.80262 
-100.00000  0.13440 
 0.00021 -100.00000 
-100.00000 -100.00000 
-100.00000 -100.00000 
 0.26307  0.21854 
-100.00000 -100.00000 
-100.00000 -100.00000 
-0.11918  0.56263 
 0.48587  0.48004 
-0.52639  0.26291 
 0.95457  0.09150 
 0.00043 -100.00000 
-0.64271 -0.05383 
-0.09659  0.21910 
-100.00000 -100.00000 
-100.00000 -100.00000 
-100.00000 -100.00000 
 0.00336  0.00005 
-100.00000 -100.00000 
-100.00000 -100.00000 
 0.00000  0.00000 
-100.00000 -100.00000 
-100.00000 -100.00000 
 0.00000  0.00000 
 0.11657 -100.00000 
-0.61209 -1.08304 
 0.00644 -0.03803 
-100.00000 -100.00000 
-100.00000 -100.00000 
 0.32838 -0.46466 
-100.00000 -100.00000 
-100.00000 -100.00000 
-100.00000 -100.00000 
 0.24440 -0.13965 
-100.00000 -100.00000 
-0.13397 -100.00000 
 0.13785 -100.00000 
-100.00000 -100.00000 
-0.76987 -0.14749 
-100.00000 -100.00000 
-100.00000 -100.00000 
 0.00631  0.07579 
-100.00000 -100.00000 
-100.00000 -100.00000 
-0.53117  0.61491 
-0.00221 -0.22161 
 1.09627  0.10950 
-1.23963 -100.00000 
-100.00000 -100.00000 
-100.00000 -100.00000 
 0.48568 -100.00000 
 0.72759 -0.04240 
-100.00000 -100.00000 
-100.00000 -100.00000 
 0.72472  0.32703 
 0.12437  0.03446 
-100.00000 -100.00000 
-100.00000 -100.00000 
-100.00000 -100.00000 
-100.00000 -100.00000 
-100.00000 -100.00000 
-100.00000 -100.00000 
-100.00000 -100.00000 
 1.20474  0.03377 
 0.58406 -100.00000 
 0.01278  0.49930 
 0.00114 -0.28456 
-100.00000 -100.00000 
 1.13762 -0.42493 
-100.00000 -100.00000 
-100.00000 -100.00000 
-100.00000 -100.00000 
-0.19366  0.66225 
-100.00000 -100.00000 
-100.00000 -100.00000 
-100.00000 -100.00000 
-100.00000 -100.00000 
-100.00000 -100.00000 
-100.00000 -100.00000 
 0.00075 -100.00000 
 0.17579 -0.02652 
 0.00000  0.00000 
 1.21286  0.11328 
-0.13390 -100.00000 
 0.10518 -100.00000 
-100.00000 -100.00000 
-100.00000 -100.00000 
-100.00000 -100.00000 
-0.45110 -0.04448 
 0.37789  0.13769 
 0.12908  0.58497 
 0.00062 -100.00000 
-0.09166  0.24948 
-0.39294  0.15471 
-100.00000 -100.00000 
 0.52596 -100.00000 
-100.00000 -100.00000 
 0.26183  0.13179 
-0.11903  0.13747 
-100.00000 -100.00000 
-100.00000 -100.00000 
-100.00000 -100.00000 
-100.00000 -100.00000 
 0.19731  0.33095 
-100.00000 -100.00000 
-100.00000 -100.00000 
 0.24297 -100.00000 
-100.00000 -100.00000 
-100.00000 -100.00000 
-100.00000 -100.00000 
-100.00000 -0.07101 
 0.00000  0.00000 
-0.77863 -0.34930 
-100.00000 -100.00000 
-100.00000 -100.00000 
 0.79156 -100.00000 
-100.00000 -100.00000 
 0.13743 -100.00000 
-0.56598 -100.00000 
 0.51606 -0.32606 
-100.00000 -100.00000 
 0.21892  0.52331 
 0.21265 -0.00350 
-100.00000  0.00001 
-100.00000  0.13750 
 0.00110 -100.00000 
-100.00000 -100.00000 
-100.00000 -100.00000 
-100.00000 -100.00000 
 0.01720 -100.00000 
 0.13308 -0.27121 
-100.00000 -100.00000 
 1.08646  0.22937 
-100.00000 -100.00000 
-100.00000 -100.00000 
 0.00015 -0.00020 
 0.13746 -100.00000 
-100.00000 -100.00000 
 0.30200 -0.23575 
-100.00000 -100.00000 
-0.29012  0.09519 
 0.00845 -0.22354 
-100.00000 -100.00000 
-100.00000 -100.00000 
 0.58583 -100.00000 
 0.13819 -100.00000 
-100.00000  0.13757 
 0.00000  0.00000 
-100.00000 -100.00000 
 0.01515 -100.00000 
-100.00000 -100.00000 
-100.00000 -100.00000 
-100.00000 -100.00000 
-0.36769 -0.85859 
 0.00009 -100.00000 
-100.00000 -100.00000 
-100.00000 -100.00000 
 0.13761  0.00174 
-100.00000 -100.00000 
-100.00000 -100.00000 
 0.29524 -0.00192 
 0.00310 -100.00000 
-0.47827 -100.00000 
 0.00000  0.00000 
 0.13727 -100.00000 
-100.00000 -100.00000 
 0.00097 -100.00000 
-100.00000 -100.00000 
 0.36859  0.49154 
-100.00000 -100.00000 
-0.00017 -100.00000 
 0.01249  0.09110 
 0.21205 -0.00785 
-100.00000 -100.00000 
-100.00000 -100.00000 
-100.00000 -100.00000 
-100.00000 -100.00000 
-100.00000 -100.00000 
-100.00000  0.37853 
 0.13768  0.22165 
-100.00000 -100.00000 
-100.00000 -100.00000 
-100.00000 -100.00000 
 1.29929 -0.06548 
-100.00000 -100.00000 
 0.58427  0.11423 
 0.00173 -100.00000 
 0.34437  0.23989 
-100.00000 -100.00000 
-0.05999 -0.01138 
-100.00000 -100.00000 
-100.00000 -100.00000 
-100.00000 -100.00000 
-100.00000 -100.00000 
-0.10093 -0.38262 
-100.00000 -100.00000 
 0.13736  0.27431 
-100.00000 -100.00000 
-1.26566 -100.00000 
 0.76001 -0.61599 
-100.00000 -100.00000 
 0.13513 -0.10257 
-100.00000 -100.00000 
 0.44482 -100.00000 
-100.00000 -100.00000 
-100.00000 -100.00000 
-100.00000 -100.00000 
-100.00000 -100.00000 
 0.14029 -0.16689 
-100.00000 -100.00000 
-0.00563  0.16842 
-100.00000 -100.00000 
 0.84552 -0.35164 
-100.00000 -100.00000 
-1.88301 -0.13869 
-100.00000 -100.00000 
-100.00000 -100.00000 
-100.00000 -100.00000 
 0.00010 -100.00000 
 0.44998 -0.17539 
-100.00000 -100.00000 
-0.25948 -0.72440 
-100.00000 -100.00000 
 0.50754 -0.09028 
-100.00000 -100.00000 
-100.00000 -100.00000 
-100.00000 -100.00000 
 0.21755  0.03132 
-100.00000 -100.00000 
-100.00000 -100.00000 
-100.00000 -100.00000 
-100.00000 -100.00000 
-0.63781  0.75922 
-100.00000 -100.00000 
-100.00000 -100.00000 
 0.12304 -100.00000 
-100.00000 -100.00000 
-100.00000 -100.00000 
-100.00000 -100.00000 
-100.00000 -100.00000 
-100.00000 -100.00000 
-100.00000 -100.00000 
-100.00000 -100.00000 
 0.13748 -100.00000 
-100.00000 -100.00000 
-0.32407 -100.00000 
-0.00127 -0.28262 
-100.00000 -100.00000 
-100.00000 -100.00000 
-100.00000 -100.00000 
-100.00000 -100.00000 
-100.00000  0.00001 
-100.00000 -100.00000 
-0.47053  0.69477 
-100.00000 -100.00000 
-100.00000 -100.00000 
-100.00000 -100.00000 
-0.00230  0.48541 
-100.00000 -100.00000 
-0.95303  0.41815 
-0.49405  0.02270 
-100.00000 -100.00000 
-100.00000 -100.00000 
 0.10261  0.05995 
-100.00000 -100.00000 
-100.00000 -100.00000 
-100.00000 -100.00000 
-0.42438 -0.00006 
-100.00000 -100.00000 
-100.00000 -100.00000 
-100.00000 -100.00000 
 0.00000  0.00000 
-100.00000 -100.00000 
-100.00000 -100.00000 
 0.13748 -100.00000 
 0.14991  0.49865 
-100.00000 -100.00000 
-100.00000 -100.00000 
 0.13801 -100.00000 
 0.00079 -100.00000 
-0.45012 -0.47787 
 0.36142 -0.46799 
-100.00000 -100.00000 
-100.00000 -100.00000 
 0.26306 -0.42788 
 0.14255  0.28078 
-100.00000 -0.17936 
-100.00000 -100.00000 
-100.00000 -100.00000 
 0.00000  0.00000 
-100.00000 -100.00000 
 0.00022 -0.00011 
-100.00000 -100.00000 
-100.00000 -100.00000 
-100.00000 -100.00000 
 0.47919  0.13297 
 0.13754 -0.11809 
-100.00000 -100.00000 
-0.29144  0.45191 
-100.00000 -100.00000 
-100.00000 -100.00000 
-100.00000 -100.00000 
-0.23513 -0.48005 
-100.00000 -100.00000 
-100.00000 -100.00000 
 0.24580 -0.67916 
-100.00000 -100.00000 
-100.00000 -0.00001 
-100.00000 -100.00000 
 0.13765 -0.67739 
-100.00000 -100.00000 
-100.00000 -100.00000 
 0.01764  0.29376 
-100.00000 -100.00000 
-100.00000 -100.00000 
-100.00000 -100.00000 
-100.00000 -100.00000 
-0.09067  0.18384 
-100.00000 -100.00000 
 0.40262  0.60465 
-100.00000 -100.00000 
 0.00570 -0.52953 
-100.00000 -100.00000 
 0.30603  0.02264 
 0.08143  0.19297 
-100.00000 -100.00000 
-0.25864  0.00344 
-100.00000 -100.00000 
-100.00000 -100.00000 
-100.00000 -100.00000 
-0.22123  0.90248 
-0.42748 -0.08589 
-100.00000 -100.00000 
-0.46829  0.53092 
-100.00000 -100.00000 
-100.00000 -100.00000 
-100.00000 -0.16310 
 0.00000  0.00000 
 0.00000  0.00000 
-100.00000 -100.00000 
-100.00000 -100.00000 
-100.00000 -100.00000 
 0.00000  0.00000 
-100.00000 -100.00000 
-100.00000 -100.00000 
-100.00000 -100.00000 
-100.00000  0.01428 
 0.67430 -0.03018 
-100.00000 -100.00000 
 0.12071 -0.18854 
-100.00000 -100.00000 
-100.00000 -100.00000 
-0.12067 -0.11778 
-100.00000 -100.00000 
-100.00000 -100.00000 
 0.67805 -0.30833 
 0.71284  0.21497 
 0.50694  0.12207 
-100.00000 -100.00000 
-100.00000 -100.00000 
-100.00000 -100.00000 
 0.00000  0.00000 
-100.00000 -100.00000 
-100.00000 -100.00000 
 0.00000  0.00000 
-0.60171 -0.39441 
 0.27203 -0.32248 
-100.00000 -100.00000 
-100.00000 -100.00000 
 0.71839 -0.28400 
-100.00000 -100.00000 
-100.00000 -100.00000 
 0.62582  0.10516 
-100.00000 -100.00000 
-100.00000 -100.00000 
-100.00000 -100.00000 
 0.13726 -100.00000 
-100.00000 -100.00000 
-100.00000 -100.00000 
-0.13491 -100.00000 
-0.94304  0.12994 
 0.12928  0.47910 
 0.26280  0.22904 
-100.00000 -100.00000 
 0.37031 -0.33666 
 0.26290 -100.00000 
-100.00000 -100.00000 
-0.25641  0.02884 
-100.00000 -100.00000 
 0.00010 -100.00000 
-100.00000 -100.00000 
 0.47374 -0.25230 
-100.00000 -100.00000 
 0.00010 -0.00001 
-100.00000 -100.00000 
-100.00000 -100.00000 
-100.00000 -100.00000 
 0.00000  0.00000 
-0.01886  0.06666 
 0.27544  0.47795 
-100.00000 -100.00000 
-100.00000 -100.00000 
 0.22386  0.03316 
 0.00031 -100.00000 
-100.00000 -100.00000 
-100.00000 -100.00000 
-0.55998 -0.19134 
 0.00009 -0.00005 
 0.55229  0.43374 
-0.31053  0.13757 
 0.00000  0.00000 
-100.00000 -100.00000 
-100.00000 -100.00000 
 0.00023 -100.00000 
-0.31017 -100.00000 
-100.00000 -100.00000 
 0.05243 -0.26419 
 0.36805  0.07317 
-100.00000 -100.00000 
-100.00000 -100.00000 
-100.00000 -100.00000 
 0.58544 -0.27176 
-100.00000 -100.00000 
-0.40334  0.43625 
 1.05150 -100.00000 
-100.00000 -100.00000 
 0.00000  0.00000 
-100.00000 -100.00000 
-100.00000 -100.00000 
 0.00022  0.00019 
-100.00000 -100.00000 
 0.17734 -0.72288 
-0.10999  0.13523 
 0.00023  0.13714 
-100.00000 -0.23687 
-100.00000  0.00010 
 0.13778 -0.00006 
-100.00000 -100.00000 
-100.00000 -100.00000 
-100.00000 -100.00000 
-100.00000 -100.00000 
-100.00000  0.00000 
-0.16862 -0.51870 
-100.00000 -100.00000 
-100.00000 -100.00000 
-100.00000  0.37835 
-100.00000  0.26309 
-100.00000 -100.00000 
-100.00000 -100.00000 
-100.00000 -100.00000 
-100.00000 -100.00000 
-100.00000 -100.00000 
-100.00000 -100.00000 
 0.02713 -0.41011 
-100.00000 -100.00000 
-100.00000 -100.00000 
-100.00000 -100.00000 
-100.00000 -100.00000 
-100.00000 -100.00000 
-100.00000 -100.00000 
-100.00000 -100.00000 
 0.00015 -100.00000 
-100.00000 -100.00000 
-100.00000 -100.00000 
-0.83347 -100.00000 
 0.29464  0.55341 
-100.00000 -100.00000 
-100.00000 -100.00000 
-100.00000 -100.00000 
-100.00000 -100.00000 
-100.00000 -100.00000 
-0.34075 -100.00000 
-100.00000 -100.00000 
-100.00000 -100.00000 
-100.00000 -100.00000 
