-100.00000 -100.00000 
-0.05019  0.17002 
-0.13035 -0.00010 
-0.09043  0.24593 
-100.00000  0.51796 
-0.19940 -0.52796 
-100.00000 -100.00000 
-0.29509  0.12307 
-100.00000 -100.00000 
-100.00000 -100.00000 
-100.00000  0.13751 
-100.00000 -100.00000 
-100.00000 -100.00000 
-100.00000 -100.00000 
 0.00012 -100.00000 
-100.00000 -100.00000 
-100.00000 -100.00000 
-100.00000 -100.00000 
-0.56690 -100.00000 
-100.00000 -100.00000 
-100.00000 -100.00000 
-100.00000 -100.00000 
-100.00000 -100.00000 
-100.00000 -100.00000 
-0.40168  0.66435 
-100.00000 -100.00000 
-100.00000 -100.00000 
-100.00000 -100.00000 
-100.00000 -100.00000 
-100.00000 -100.00000 
-100.00000 -0.30208 
-100.00000 -100.00000 
-100.00000 -100.00000 
-100.00000 -100.00000 
-100.00000 -100.00000 
-100.00000 -100.00000 
-0.59579  0.07532 
-100.00000 -0.26224 
-100.00000  0.00007 
-100.00000 -100.00000 
-100.00000 -100.00000 
-100.00000 -100.00000 
-100.00000 -100.00000 
-100.00000 -100.00000 
-0.22603 -0.29060 
-100.00000 -100.00000 
-0.00024 -100.00000 
-100.00000 -100.00000 
 0.37843  0.10609 
-100.00000 -100.00000 
-0.12517 -100.00000 
-100.00000  0.23067 
-100.00000 -0.35698 
-0.35891  0.11581 
-100.00000 -100.00000 
-100.00000 -100.00000 
-100.00000  0.26310 
 0.12816 -100.00000 
-100.00000 -100.00000 
-100.00000 -0.38520 
-100.00000 -100.00000 
 0.01271 -0.16549 
-0.25035 -100.00000 
-100.00000 -100.00000 
 0.00526 -100.00000 
 0.20203  0.28508 
 0.26299 -100.00000 
 0.00000  0.00000 
-100.00000 -100.00000 
-0.12259 -0.02223 
-100.00000 -100.00000 
-100.00000 -100.00000 
 0.42220  0.48540 
-100.00000 -100.00000 
 0.34742 -100.00000 
-100.00000 -100.00000 
-100.00000 -100.00000 
-100.00000 -100.00000 
-100.00000 -100.00000 
-100.00000 -100.00000 
-100.00000 -100.00000 
 0.12549  0.07446 
-1.01852  0.28130 
-100.00000 -100.00000 
-100.00000 -100.00000 
-0.47370 -100.00000 
-0.32474  0.46157 
 0.13751 -0.44173 
-0.52856  0.22191 
 0.01887 -0.13576 
-0.57032  0.10569 
 0.99031 -100.00000 
-100.00000 -100.00000 
-100.00000 -100.00000 
-100.00000 -100.00000 
-100.00000 -100.00000 
-100.00000 -100.00000 
-100.00000 -100.00000 
 0.26229 -100.00000 
 0.48749  0.50196 
-0.02383 -100.00000 
-0.37157 -100.00000 
 0.99760  0.00005 
-0.00002 -0.55987 
-100.00000 -100.00000 
 0.00003 -100.00000 
-100.00000 -100.00000 
-0.00005 -100.00000 
 1.04126 -0.58947 
-100.00000 -100.00000 
-100.00000  0.72809 
-100.00000 -100.00000 
 0.63434 -100.00000 
 0.00009 -100.00000 
 0.26311 -100.00000 
 0.32500 -100.00000 
-100.00000 -100.00000 
-0.05762  0.09330 
-100.00000 -100.00000 
-100.00000 -100.00000 
 0.00000  0.00000 
-100.00000 -100.00000 
 0.00006 -100.00000 
-100.00000  0.75975 
-100.00000 -100.00000 
-100.00000 -0.89694 
-100.00000 -0.29967 
-100.00000 -100.00000 
-100.00000 -100.00000 
-100.00000 -100.00000 
-100.00000 -100.00000 
-100.00000 -100.00000 
-100.00000 -100.00000 
-100.00000 -100.00000 
-100.00000 -100.00000 
-0.07156  0.10795 
 0.13740 -100.00000 
-0.29385 -100.00000 
-100.00000 -0.14085 
-100.00000 -100.00000 
-100.00000  0.13762 
-100.00000 -100.00000 
-0.98730 -0.54806 
-100.00000 -100.00000 
-100.00000  0.34978 
 0.25795  1.19774 
-100.00000 -100.00000 
-100.00000 -100.00000 
-100.00000 -100.00000 
 1.19207 -0.49036 
-100.00000 -100.00000 
-100.00000 -100.00000 
 0.97553  0.03398 
 0.18461 -0.12232 
-0.08490 -0.14096 
-100.00000 -0.13612 
 0.13020  0.45374 
-100.00000 -100.00000 
 0.17732 -0.43453 
-100.00000 -100.00000 
-100.00000 -100.00000 
-100.00000 -100.00000 
-100.00000 -100.00000 
-100.00000 -100.00000 
-100.00000 -100.00000 
-100.00000 -100.00000 
 0.37850 -0.01103 
-100.00000 -100.00000 
 0.68498 -0.83557 
-0.40745  0.11122 
-0.33775 -0.29660 
-100.00000 -100.00000 
-0.53720 -0.23442 
-100.00000 -100.00000 
 0.53093 -0.41343 
 0.04362  0.61298 
-100.00000  0.13778 
-100.00000 -0.28519 
 0.54377 -100.00000 
-1.10229 -100.00000 
-100.00000 -100.00000 
 0.00283  0.17681 
-100.00000 -100.00000 
-0.81868  0.67810 
-100.00000  0.20053 
-0.98236 -0.03752 
-100.00000 -100.00000 
-0.84542 -0.14248 
-100.00000 -100.00000 
-100.00000 -100.00000 
-100.00000 -100.00000 
 0.26310 -100.00000 
-100.00000 -100.00000 
-100.00000 -100.00000 
-100.00000 -100.00000 
 0.31197 -0.45260 
 1.07032  0.37856 
 0.34505 -0.09830 
-100.00000 -100.00000 
-100.00000 -100.00000 
-0.39180 -100.00000 
-100.00000 -100.00000 
 0.00005 -100.00000 
 0.00000  0.00000 
 0.00000  0.00000 
-100.00000  0.13755 
-100.00000 -100.00000 
-100.00000 -100.00000 
 0.00075  0.25157 
 0.07452  0.53481 
-100.00000 -100.00000 
-100.00000  0.29589 
 0.00038 -100.00000 
-100.00000 -100.00000 
-100.00000 -100.00000 
-0.00084 -100.00000 
-100.00000 -100.00000 
-0.32295  0.29706 
-100.00000 -100.00000 
-0.00565  0.81145 
-0.01699 -100.00000 
-100.00000 -100.00000 
-0.44866  0.24040 
 0.28537  0.09554 
-0.36472 -0.12834 
-100.00000 -100.00000 
 0.23545 -100.00000 
 0.76569 -0.41384 
-0.00931 -0.07902 
 0.44149 -0.10299 
 0.14365  0.16836 
 0.48473  0.43365 
-100.00000 -100.00000 
-100.00000 -100.00000 
 0.31730  0.30256 
-0.24555 -0.06283 
-1.13270  0.01418 
-100.00000 -100.00000 
 0.00000  0.00000 
-0.15197 -0.45790 
-100.00000 -100.00000 
-100.00000 -100.00000 
-100.00000 -100.00000 
 0.06716 -100.00000 
-100.00000 -100.00000 
-100.00000 -100.00000 
-100.00000 -100.00000 
-100.00000 -100.00000 
-100.00000 -100.00000 
 0.13779  0.12489 
 0.07693 -0.19426 
-0.00001 -100.00000 
-100.00000 -0.31994 
-0.45549  0.20827 
-0.75391  0.37842 
-100.00000 -100.00000 
 0.35079  0.26420 
-100.00000 -100.00000 
-100.00000 -0.00001 
-100.00000 -100.00000 
-100.00000 -100.00000 
-100.00000 -100.00000 
-100.00000 -100.00000 
-100.00000  0.44612 
-100.00000 -100.00000 
-100.00000 -100.00000 
-0.73697 -0.00001 
-100.00000 -100.00000 
-100.00000 -100.00000 
-100.00000 -100.00000 
-100.00000 -100.00000 
 0.22582 -100.00000 
 0.10571  0.37862 
 0.41257 -100.00000 
-100.00000 -100.00000 
-100.00000 -0.11904 
 0.28386 -0.00085 
-0.19673 -0.24270 
 0.13746  0.12526 
-100.00000 -100.00000 
-100.00000 -100.00000 
-100.00000 -100.00000 
 1.10730  0.37128 
-100.00000 -100.00000 
 0.00015 -100.00000 
 0.00020  0.40626 
 0.13777 -100.00000 
-0.00005 -100.00000 
 0.37954  0.99940 
 1.12271 -100.00000 
-100.00000 -100.00000 
-0.00014 -100.00000 
-100.00000 -100.00000 
-0.14037 -0.63105 
-100.00000 -100.00000 
 0.00000  0.00000 
-100.00000 -100.00000 
-100.00000 -100.00000 
 0.00000  0.00000 
-100.00000 -100.00000 
-100.00000 -100.00000 
-100.00000 -0.05394 
 0.61441  0.01680 
-100.00000 -100.00000 
-100.00000 -100.00000 
-100.00000 -100.00000 
-100.00000 -100.00000 
-100.00000 -100.00000 
 0.00000  0.00000 
-100.00000 -100.00000 
-100.00000 -100.00000 
-0.00517  0.16845 
-0.39955  0.09599 
 0.20706  0.25360 
-100.00000 -100.00000 
-100.00000 -100.00000 
-100.00000 -100.00000 
-0.23901  0.01390 
-100.00000 -100.00000 
 0.37861  0.12988 
-0.24856  0.22620 
-100.00000 -100.00000 
-100.00000 -100.00000 
 0.00006 -100.00000 
-100.00000 -100.00000 
-100.00000  0.08658 
 0.34517 -0.11761 
-100.00000 -100.00000 
-100.00000 -100.00000 
-100.00000 -100.00000 
-100.00000 -100.00000 
-100.00000 -100.00000 
-100.00000 -100.00000 
 0.00005 -100.00000 
-100.00000 -100.00000 
-100.00000 -100.00000 
 0.09790 -0.55257 
-0.14744 -0.04891 
-100.00000 -100.00000 
-100.00000 -100.00000 
 0.00000  0.00000 
-100.00000 -100.00000 
-0.51188  0.48556 
-100.00000 -100.00000 
-100.00000 -0.16411 
-100.00000 -100.00000 
-0.86652  0.09711 
-100.00000 -100.00000 
-100.00000 -100.00000 
-100.00000 -100.00000 
-100.00000 -100.00000 
-100.00000 -100.00000 
-100.00000 -100.00000 
-0.27049 -100.00000 
-100.00000 -100.00000 
-100.00000 -100.00000 
-100.00000 -100.00000 
-100.00000 -100.00000 
-100.00000 -100.00000 
-100.00000 -100.00000 
-0.24850 -100.00000 
-100.00000 -100.00000 
-100.00000 -100.00000 
-100.00000 -100.00000 
-100.00000 -100.00000 
-100.00000 -100.00000 
-100.00000 -100.00000 
-0.59520 -0.20531 
-0.28141  0.31299 
 0.00000  0.00000 
-100.00000 -100.00000 
-100.00000 -100.00000 
 0.00000  0.00000 
-100.00000 -100.00000 
 0.13753 -0.00008 
-100.00000 -100.00000 
-100.00000 -100.00000 
-100.00000 -100.00000 
-100.00000 -100.00000 
-100.00000 -100.00000 
 0.00000  0.00000 
 0.41438  0.17575 
-100.00000 -100.00000 
-100.00000 -100.00000 
 0.00000  0.00000 
-0.40277  0.46741 
-100.00000 -100.00000 
-100.00000 -100.00000 
-100.00000 -100.00000 
-0.10081 -100.00000 
-100.00000 -100.00000 
-100.00000 -100.00000 
-1.05633 -0.00013 
-100.00000  0.00615 
-100.00000 -100.00000 
-100.00000 -100.00000 
-0.00096 -0.37248 
-100.00000 -100.00000 
-100.00000 -100.00000 
-0.26410 -0.56314 
-100.00000 -100.00000 
-100.00000 -100.00000 
-100.00000  0.13764 
 0.12467 -0.28476 
 0.00000  0.00000 
-100.00000 -100.00000 
-100.00000 -100.00000 
 0.00053  0.56084 
-100.00000 -100.00000 
 0.13776 -100.00000 
-100.00000  0.66911 
-100.00000 -0.63141 
-100.00000 -100.00000 
-100.00000 -100.00000 
-0.00039  0.43160 
-100.00000 -100.00000 
-100.00000 -100.00000 
-0.12634  0.35128 
-100.00000 -100.00000 
-100.00000 -100.00000 
-100.00000 -100.00000 
-100.00000 -100.00000 
-100.00000 -100.00000 
-100.00000 -100.00000 
-0.42024  0.11959 
-100.00000 -0.13261 
-100.00000 -100.00000 
-100.00000 -100.00000 
-100.00000 -100.00000 
-100.00000 -100.00000 
-100.00000 -100.00000 
 0.48493  0.13751 
-100.00000 -100.00000 
-100.00000 -100.00000 
-100.00000 -100.00000 
-100.00000 -100.00000 
-100.00000 -100.00000 
-1.57297  0.13747 
-100.00000 -100.00000 
-100.00000 -100.00000 
-100.00000 -100.00000 
-100.00000 -100.00000 
-100.00000 -100.00000 
-100.00000  0.13742 
-0.19862 -0.82421 
-100.00000 -100.00000 
-100.00000 -100.00000 
-100.00000 -100.00000 
-100.00000 -100.00000 
-100.00000 -100.00000 
-100.00000 -100.00000 
-100.00000 -100.00000 
-100.00000 -100.00000 
-0.58746 -0.52614 
-100.00000 -100.00000 
-100.00000 -100.00000 
-0.26425 -100.00000 
-100.00000 -100.00000 
-100.00000 -0.13418 
-100.00000  0.37840 
-100.00000 -100.00000 
-100.00000 -100.00000 
-100.00000 -0.25680 
-0.22384  0.00011 
-100.00000 -100.00000 
-0.00053 -100.00000 
-0.11733 -100.00000 
 0.00000  0.00000 
-100.00000 -100.00000 
-0.26415 -0.07739 
-0.32410 -100.00000 
-0.13794 -100.00000 
-100.00000 -100.00000 
-0.43228 -100.00000 
-100.00000 -0.08639 
 0.07739 -100.00000 
-0.40232 -100.00000 
-100.00000 -100.00000 
-100.00000 -100.00000 
-100.00000 -100.00000 
-100.00000 -100.00000 
 0.00012 -100.00000 
-100.00000 -100.00000 
-100.00000 -100.00000 
 0.56767 -0.14642 
-0.89376 -0.04822 
-100.00000 -100.00000 
-100.00000 -100.00000 
-100.00000 -100.00000 
 0.00000 -100.00000 
-100.00000 -100.00000 
-100.00000 -100.00000 
-100.00000 -100.00000 
-0.00016  0.07280 
-100.00000 -100.00000 
-100.00000 -0.00004 
 0.71869 -0.05897 
-0.00003 -100.00000 
-1.43669 -100.00000 
-100.00000 -100.00000 
-100.00000 -100.00000 
-100.00000 -100.00000 
-0.45381 -0.14952 
-0.02424 -0.44650 
-100.00000 -100.00000 
-100.00000 -100.00000 
-100.00000 -100.00000 
 0.22848 -100.00000 
-100.00000 -100.00000 
 0.09786  0.37887 
-100.00000 -100.00000 
-100.00000 -100.00000 
-100.00000  0.37857 
-100.00000  0.50469 
-0.00946 -0.02500 
-100.00000 -100.00000 
-0.00020  0.47152 
 0.00010 -0.14711 
-100.00000 -100.00000 
 0.08281  0.26322 
-100.00000 -100.00000 
-0.32328 -0.01292 
 0.18176  0.03732 
-100.00000  0.15670 
-100.00000 -100.00000 
-0.00069 -0.13678 
 0.40980 -100.00000 
 0.00000  0.00000 
-100.00000  0.37851 
-100.00000  0.26306 
-100.00000 -100.00000 
-100.00000 -100.00000 
-100.00000 -100.00000 
 0.00003 -100.00000 
-100.00000 -100.00000 
-100.00000 -100.00000 
-100.00000 -100.00000 
-100.00000 -100.00000 
-100.00000 -100.00000 
-100.00000  0.22833 
-100.00000 -100.00000 
-100.00000 -100.00000 
-100.00000 -100.00000 
-100.00000 -100.00000 
-100.00000 -100.00000 
 0.33756  0.13752 
-100.00000 -100.00000 
-100.00000 -100.00000 
-100.00000 -100.00000 
-100.00000 -100.00000 
-100.00000  0.00008 
-100.00000 -100.00000 
-100.00000 -100.00000 
-100.00000 -100.00000 
-0.25161 -0.02452 
-100.00000 -100.00000 
-100.00000 -100.00000 
 1.15291  0.00002 
-100.00000 -100.00000 
 0.00000  0.00000 
-100.00000 -100.00000 
 0.11603 -0.02447 
-100.00000 -100.00000 
-100.00000 -100.00000 
-100.00000 -100.00000 
