-100.00000 -100.00000 
 0.00760  0.11355 
 0.35508 -0.67588 
-0.65269  0.37313 
-100.00000 -100.00000 
-100.00000 -100.00000 
-100.00000 -100.00000 
-100.00000 -100.00000 
-100.00000 -100.00000 
-100.00000 -100.00000 
 0.11415 -0.18336 
-100.00000  0.13777 
-0.35967 -100.00000 
-100.00000 -100.00000 
-100.00000 -100.00000 
 0.36822  0.07434 
-0.22294 -0.17580 
-0.07270  0.84806 
-0.11324 -100.00000 
-100.00000 -100.00000 
-100.00000 -100.00000 
-100.00000 -100.00000 
-100.00000 -100.00000 
-100.00000 -100.00000 
-100.00000 -100.00000 
 0.13254  0.00001 
-100.00000 -100.00000 
-100.00000 -100.00000 
-100.00000 -100.00000 
-100.00000 -100.00000 
 0.18444  0.37310 
-100.00000  0.00003 
-100.00000 -100.00000 
-0.14774  0.33487 
-100.00000 -100.00000 
-100.00000 -100.00000 
-100.00000 -100.00000 
 0.00000  0.00000 
 0.02155  0.35812 
 0.45477 -100.00000 
-100.00000 -100.00000 
-0.05759 -0.27074 
-100.00000 -100.00000 
-100.00000 -100.00000 
-100.00000 -100.00000 
-100.00000 -100.00000 
-100.00000 -100.00000 
-100.00000 -100.00000 
-100.00000 -100.00000 
-100.00000 -100.00000 
 0.00000  0.00000 
 0.35943  0.13861 
-0.00399 -0.17898 
-100.00000 -100.00000 
-100.00000 -100.00000 
 0.06921 -0.15763 
-0.08022  0.22402 
-100.00000 -100.00000 
-100.00000 -100.00000 
 1.07189 -0.02388 
-100.00000 -100.00000 
 0.31722 -0.06957 
-0.00590  0.21827 
-100.00000 -100.00000 
 0.13706  0.30180 
-100.00000 -100.00000 
-100.00000 -100.00000 
 0.15934  0.07023 
-100.00000 -100.00000 
 0.31658 -0.17529 
-0.11124  0.56622 
-100.00000 -100.00000 
-100.00000 -100.00000 
-100.00000 -100.00000 
-100.00000 -0.00002 
-0.08078 -0.03141 
-100.00000 -100.00000 
-100.00000 -100.00000 
-100.00000 -100.00000 
 0.53881 -0.69051 
-100.00000 -100.00000 
-100.00000 -100.00000 
 0.00000  0.00000 
-100.00000 -100.00000 
 0.50991 -0.81646 
 1.02529  0.49084 
-100.00000 -100.00000 
-100.00000 -100.00000 
 0.26348  0.27715 
 0.11615  0.21364 
-0.96820 -0.25596 
 0.21580 -0.66535 
-100.00000 -100.00000 
-100.00000 -100.00000 
-100.00000 -100.00000 
-100.00000 -100.00000 
-0.04142 -100.00000 
 0.00000  0.00000 
 0.07936  0.47636 
 0.14889 -0.32793 
-0.00031 -100.00000 
-100.00000  0.00006 
 0.00000  0.00000 
 0.04351  0.00044 
 0.18093 -0.33014 
 0.21814  0.47673 
-100.00000 -100.00000 
-100.00000 -100.00000 
-100.00000 -100.00000 
 0.33756  0.27386 
 0.04943 -0.07206 
-100.00000 -100.00000 
 0.53431 -100.00000 
 0.56541  0.37195 
-100.00000 -100.00000 
 0.00000  0.00000 
 0.00000  0.00000 
-100.00000 -100.00000 
-100.00000 -100.00000 
 0.00000  0.00000 
-100.00000 -0.01220 
-100.00000 -100.00000 
-100.00000  0.26308 
-100.00000  0.05071 
-100.00000  0.26312 
-0.06693 -100.00000 
-100.00000 -0.08399 
-100.00000 -100.00000 
 0.00000  0.00000 
-100.00000 -100.00000 
-100.00000 -100.00000 
 0.00000  0.00000 
-100.00000 -100.00000 
-100.00000 -100.00000 
-0.29015 -0.50016 
-0.24820  0.34817 
 0.00000  0.00000 
 0.24153 -0.16102 
-100.00000 -100.00000 
-100.00000 -100.00000 
-0.28409 -100.00000 
 0.13757 -100.00000 
-100.00000 -100.00000 
-100.00000 -100.00000 
-0.75187 -0.22962 
-0.33145  0.18863 
-0.33102 -0.33513 
 0.37897 -100.00000 
-100.00000 -100.00000 
-0.07143 -100.00000 
-100.00000 -100.00000 
-100.00000 -100.00000 
-0.38866  0.17077 
-0.31890  0.31561 
 0.18044  0.60276 
 0.52527 -0.10297 
 0.43583 -0.06449 
-100.00000 -100.00000 
 0.02304 -100.00000 
-100.00000 -100.00000 
-100.00000 -100.00000 
-100.00000 -100.00000 
-100.00000 -100.00000 
-100.00000 -100.00000 
-100.00000 -100.00000 
-100.00000 -100.00000 
-100.00000 -100.00000 
-100.00000 -100.00000 
-0.69953 -0.45476 
 0.39990  0.45623 
-0.79947 -0.32669 
-0.24561 -0.50159 
-0.17678 -0.13527 
-100.00000 -100.00000 
 0.10371  0.16534 
-0.49012  0.31752 
-100.00000 -100.00000 
 0.81801 -100.00000 
-0.16032 -100.00000 
-0.20269 -0.02193 
-100.00000 -100.00000 
 0.21810 -0.26002 
-100.00000 -100.00000 
-0.26466 -0.47903 
 0.17174  0.23828 
-0.66522 -0.13342 
-0.25655 -0.51152 
 0.00000  0.00000 
-100.00000 -100.00000 
-100.00000 -100.00000 
-0.13516 -0.24493 
-100.00000 -100.00000 
-100.00000 -100.00000 
-100.00000 -100.00000 
-100.00000 -100.00000 
-100.00000 -100.00000 
-100.00000  0.00004 
-100.00000 -100.00000 
-100.00000 -100.00000 
 0.00003 -100.00000 
-100.00000 -100.00000 
-1.09456 -0.24118 
 0.00000  0.00000 
-100.00000  0.11270 
-0.22565 -0.05995 
 0.00005  0.08088 
-100.00000 -100.00000 
-100.00000 -100.00000 
 0.70617 -100.00000 
-100.00000  0.13821 
-0.11035 -0.01094 
 0.76554  0.08774 
-100.00000 -100.00000 
-100.00000 -100.00000 
-100.00000 -100.00000 
-100.00000 -100.00000 
-100.00000 -0.11812 
 0.46461 -0.21011 
-100.00000 -100.00000 
-0.52761  1.00081 
-100.00000 -100.00000 
-100.00000 -100.00000 
-0.04389  0.35172 
-100.00000 -100.00000 
-100.00000 -100.00000 
 0.67728 -100.00000 
 0.37846 -100.00000 
-100.00000 -100.00000 
 0.00000  0.00000 
-100.00000  0.00033 
-100.00000 -100.00000 
-0.43662 -0.04333 
-100.00000 -100.00000 
-100.00000 -100.00000 
 0.28798  0.18881 
-0.61522 -100.00000 
 0.25232 -0.23281 
 0.94755 -0.13781 
-100.00000 -100.00000 
-100.00000  0.13785 
 0.76570  0.40070 
-100.00000 -100.00000 
-100.00000 -100.00000 
-0.00007 -100.00000 
-100.00000 -100.00000 
-100.00000 -100.00000 
-100.00000 -100.00000 
-100.00000 -100.00000 
-100.00000 -100.00000 
-100.00000 -100.00000 
 0.00000  0.00000 
-100.00000 -100.00000 
-0.44325  0.03851 
-0.32066 -0.03997 
-100.00000 -0.18195 
-100.00000 -100.00000 
-100.00000  0.00073 
-100.00000 -100.00000 
 0.00000  0.00000 
 0.12007 -0.11901 
-0.14292  0.13763 
-100.00000 -100.00000 
-100.00000 -100.00000 
-100.00000 -100.00000 
-100.00000 -100.00000 
 0.58518 -100.00000 
-100.00000 -100.00000 
 0.23535 -0.00014 
-100.00000 -100.00000 
-100.00000 -100.00000 
-100.00000 -100.00000 
-0.03328 -0.59521 
-100.00000 -100.00000 
 0.53430  0.54134 
-100.00000 -100.00000 
 0.48711  0.41681 
 0.04571  0.41015 
 0.00000  0.00000 
-100.00000 -100.00000 
-100.00000 -100.00000 
-100.00000 -100.00000 
-100.00000 -100.00000 
-0.39204 -100.00000 
-100.00000 -100.00000 
-0.86222  0.41694 
-0.00766 -0.23755 
-0.01164  0.58507 
-100.00000 -100.00000 
-0.14057  0.48564 
 0.00000  0.00000 
-100.00000 -100.00000 
-0.48320 -100.00000 
-100.00000 -100.00000 
-0.00303 -0.04813 
-100.00000 -100.00000 
-100.00000  0.00006 
-100.00000 -100.00000 
-100.00000 -100.00000 
 0.20855 -100.00000 
-0.66820  0.31291 
-100.00000 -0.16722 
-100.00000 -100.00000 
 0.57434  0.16569 
-100.00000 -100.00000 
-100.00000 -100.00000 
-100.00000 -100.00000 
-100.00000 -100.00000 
-100.00000 -100.00000 
-100.00000 -100.00000 
-100.00000 -100.00000 
-100.00000 -100.00000 
-100.00000 -100.00000 
-100.00000 -100.00000 
-100.00000 -100.00000 
-100.00000 -100.00000 
-100.00000 -100.00000 
 0.47505 -0.00970 
 0.00000  0.00000 
-100.00000 -100.00000 
-100.00000 -100.00000 
 0.09017  0.00926 
-100.00000 -100.00000 
-100.00000 -100.00000 
-100.00000 -100.00000 
-100.00000 -100.00000 
 0.09129 -0.38703 
 0.51635  0.44754 
-100.00000 -100.00000 
-100.00000 -100.00000 
-100.00000 -100.00000 
-100.00000 -100.00000 
-100.00000 -100.00000 
 0.59832  0.29242 
-100.00000 -100.00000 
 0.13752 -0.30883 
-100.00000 -100.00000 
-100.00000 -100.00000 
-100.00000 -100.00000 
-100.00000 -100.00000 
-100.00000 -100.00000 
-0.00006 -100.00000 
-100.00000 -100.00000 
-100.00000 -0.16077 
-100.00000 -100.00000 
-100.00000 -100.00000 
-100.00000 -100.00000 
-0.26659  0.36332 
-100.00000 -100.00000 
-100.00000 -100.00000 
-100.00000 -100.00000 
-100.00000 -100.00000 
-100.00000 -100.00000 
-100.00000 -100.00000 
 0.00000  0.00000 
 0.07191  0.02009 
-0.42327 -0.21511 
-100.00000 -100.00000 
-100.00000 -100.00000 
 0.11606  0.27241 
-100.00000 -100.00000 
-100.00000 -100.00000 
-0.42707  0.59855 
-0.14411  0.04636 
-100.00000 -100.00000 
-100.00000 -100.00000 
-100.00000 -100.00000 
-100.00000 -100.00000 
-100.00000 -100.00000 
-100.00000 -100.00000 
-100.00000  0.12717 
-100.00000 -100.00000 
 0.00000  0.00000 
-0.24844  0.23069 
 0.11728  0.46192 
-0.24799 -0.00008 
-100.00000 -100.00000 
-100.00000 -100.00000 
-0.11691 -0.31614 
-0.00753 -0.21130 
 0.31685 -0.31224 
-100.00000 -0.13385 
 0.22803  0.16852 
-100.00000 -100.00000 
-100.00000 -100.00000 
-100.00000  0.13748 
-100.00000 -0.48394 
-100.00000 -100.00000 
-100.00000 -100.00000 
-0.12675 -100.00000 
-0.00376  0.13565 
-100.00000 -100.00000 
 0.26298 -0.00027 
-100.00000 -100.00000 
-0.68208 -0.05078 
-100.00000  0.00339 
-100.00000 -100.00000 
-100.00000 -100.00000 
-100.00000 -100.00000 
-100.00000 -100.00000 
 0.00000  0.00000 
 0.38825 -0.29305 
-100.00000 -100.00000 
-100.00000 -100.00000 
-100.00000 -100.00000 
 0.12491 -100.00000 
-100.00000 -100.00000 
-100.00000 -100.00000 
-100.00000 -100.00000 
-100.00000 -100.00000 
-100.00000 -100.00000 
 0.67594  0.53732 
 0.00000  0.00000 
-100.00000 -100.00000 
-100.00000 -100.00000 
-0.00102  0.00334 
-100.00000 -100.00000 
 0.00000  0.00000 
 0.94225  0.86585 
-100.00000 -100.00000 
-100.00000 -100.00000 
 0.00000  0.00000 
-100.00000 -100.00000 
-100.00000 -100.00000 
-100.00000 -100.00000 
-0.48219 -0.27407 
-0.39185  0.02820 
-100.00000 -100.00000 
-0.11271  0.00486 
-0.10428  0.31393 
 0.19519  0.11663 
-100.00000 -100.00000 
 0.00008 -100.00000 
 0.20157  0.16639 
-100.00000 -100.00000 
-100.00000 -100.00000 
-100.00000 -100.00000 
-100.00000 -100.00000 
-100.00000 -100.00000 
 0.23916 -0.09930 
 0.00000  0.00000 
-100.00000 -100.00000 
-100.00000 -100.00000 
-100.00000 -100.00000 
-100.00000 -100.00000 
-100.00000 -100.00000 
 0.00000  0.00000 
-100.00000 -100.00000 
 0.00000  0.00000 
-100.00000 -100.00000 
-100.00000 -100.00000 
-100.00000 -100.00000 
 1.13754 -0.23141 
-100.00000 -100.00000 
-100.00000 -100.00000 
 0.17097 -0.25517 
-100.00000  0.22921 
-100.00000 -100.00000 
 0.26310 -100.00000 
 0.87076 -0.40188 
-100.00000 -100.00000 
-100.00000 -100.00000 
-100.00000 -100.00000 
 0.00000  0.00000 
 0.43034 -0.14778 
-100.00000  0.00332 
 0.26092  0.29076 
-100.00000 -100.00000 
-0.00005 -100.00000 
-100.00000 -100.00000 
 0.06361  0.51344 
-100.00000 -100.00000 
-100.00000 -100.00000 
-100.00000 -100.00000 
-0.06059 -0.07101 
 0.00000  0.00000 
-100.00000 -0.15098 
 0.32967  0.02474 
-100.00000 -100.00000 
-0.41142  0.25281 
-100.00000 -100.00000 
-100.00000 -100.00000 
 0.00000  0.00000 
-100.00000 -100.00000 
-100.00000 -100.00000 
-100.00000 -100.00000 
-0.41153  0.15839 
-100.00000 -100.00000 
-0.02965  0.47800 
-100.00000 -100.00000 
 0.00000  0.00000 
-100.00000 -100.00000 
-100.00000 -100.00000 
 0.00000  0.00000 
-0.49656  0.13744 
 0.13740 -0.01344 
-100.00000 -100.00000 
-0.71521 -0.00041 
 0.00392 -0.19953 
-0.37838 -100.00000 
-100.00000 -100.00000 
 0.11605  0.43618 
 0.00003 -100.00000 
-0.00023 -100.00000 
 0.08268 -0.05948 
-100.00000 -100.00000 
 0.05859 -0.15075 
 0.00000  0.00000 
 0.00000  0.00000 
-100.00000 -100.00000 
-0.90037  0.49189 
-0.26572 -100.00000 
-0.14704 -100.00000 
-100.00000 -100.00000 
 0.00000  0.00000 
-0.39671 -0.02412 
-100.00000 -100.00000 
-0.20450 -0.07484 
 0.07882 -0.23767 
-100.00000  0.11239 
-0.08132 -0.03274 
-100.00000 -100.00000 
 0.00000  0.00000 
-0.03055 -100.00000 
-100.00000 -0.00037 
 0.05195  0.55162 
-0.48905 -0.34586 
-0.25262 -0.00006 
-100.00000 -100.00000 
 0.00016 -100.00000 
-100.00000 -100.00000 
 0.37845  0.12073 
-100.00000 -100.00000 
-100.00000 -100.00000 
-100.00000 -100.00000 
-100.00000 -100.00000 
-100.00000 -100.00000 
-100.00000 -100.00000 
-100.00000 -100.00000 
-100.00000 -100.00000 
-100.00000 -100.00000 
-0.28054 -100.00000 
-100.00000 -100.00000 
-100.00000 -100.00000 
-100.00000 -100.00000 
-100.00000 -100.00000 
-100.00000 -100.00000 
 0.16142  0.39256 
-0.13970 -0.02410 
-100.00000 -100.00000 
-100.00000 -100.00000 
 0.00010 -100.00000 
-100.00000 -0.15084 
-100.00000 -100.00000 
-100.00000 -100.00000 
-0.01710 -0.03386 
-100.00000 -100.00000 
 0.22842  0.35037 
-100.00000  0.00002 
-100.00000 -100.00000 
 0.17713  0.11765 
-100.00000 -100.00000 
 0.26295 -0.15000 
-100.00000 -100.00000 
-100.00000 -100.00000 
-100.00000 -100.00000 
