-100.00000 -100.00000 
 0.42185 -100.00000 
 0.53404  0.09998 
-100.00000 -100.00000 
-0.28026 -0.30422 
 0.12253 -0.15994 
-100.00000 -100.00000 
-100.00000 -100.00000 
-100.00000  0.13760 
 0.00000  0.00000 
-100.00000 -100.00000 
-100.00000  0.13777 
-100.00000  0.18123 
-100.00000 -100.00000 
-100.00000 -100.00000 
-0.26895 -0.50599 
-100.00000 -100.00000 
 0.24830 -0.17603 
-0.36144 -100.00000 
-100.00000 -100.00000 
 0.15453  0.28864 
-100.00000 -100.00000 
-100.00000 -100.00000 
 0.00000  0.00000 
 0.11623 -0.19855 
-100.00000 -100.00000 
 0.00009 -0.15886 
 0.13748 -0.00003 
-100.00000 -100.00000 
-100.00000 -100.00000 
 0.12035 -0.15897 
-100.00000 -100.00000 
-100.00000 -100.00000 
 0.13274 -0.04064 
-100.00000 -100.00000 
-100.00000 -100.00000 
 0.05702  0.46235 
-100.00000 -100.00000 
-100.00000 -100.00000 
-100.00000 -100.00000 
-100.00000 -100.00000 
-100.00000 -100.00000 
-100.00000 -100.00000 
-100.00000 -100.00000 
-0.20383 -0.07978 
 0.40217 -0.52029 
-0.87785  0.41620 
-100.00000 -100.00000 
-100.00000 -100.00000 
-100.00000 -100.00000 
-100.00000 -100.00000 
 0.26309 -0.01878 
 0.13751 -100.00000 
-0.01281 -100.00000 
-100.00000 -100.00000 
-100.00000 -100.00000 
 0.13121  0.13757 
 0.13753  0.13757 
 0.96949 -0.06571 
-0.56875  0.51890 
-100.00000 -100.00000 
-0.27766 -0.16549 
-100.00000 -100.00000 
-100.00000 -100.00000 
 0.00002  0.13744 
-100.00000 -100.00000 
-100.00000 -100.00000 
-0.13015 -100.00000 
-100.00000 -100.00000 
-100.00000 -100.00000 
-0.46941 -100.00000 
 0.71467  0.20225 
-100.00000 -100.00000 
-100.00000 -100.00000 
-0.00005 -0.00002 
-100.00000 -100.00000 
-100.00000 -100.00000 
-100.00000 -100.00000 
-0.00003 -100.00000 
-100.00000 -100.00000 
-100.00000 -100.00000 
-100.00000 -100.00000 
-100.00000 -0.41692 
-0.58312  0.22452 
-0.75012 -0.06946 
-0.19785  0.29004 
-100.00000 -100.00000 
 0.00735 -0.00016 
 0.89643  0.16041 
 0.48836  0.15098 
-0.12175 -100.00000 
-0.09675 -100.00000 
-100.00000 -100.00000 
 0.12876 -0.06895 
 0.00000  0.00000 
-100.00000 -100.00000 
-100.00000 -100.00000 
-100.00000 -100.00000 
-0.50787 -100.00000 
 0.13739 -0.40932 
-100.00000  0.26306 
 0.37334 -100.00000 
-100.00000 -100.00000 
 0.08048  0.32546 
-100.00000 -100.00000 
-100.00000 -100.00000 
 0.09057  0.08239 
 0.00000  0.00000 
-100.00000 -100.00000 
-100.00000 -100.00000 
 0.28013 -0.55721 
-100.00000 -100.00000 
-0.40429  0.35687 
 0.14843  0.26966 
 0.00000  0.00000 
-100.00000 -100.00000 
-100.00000 -100.00000 
-100.00000 -100.00000 
-0.18542 -0.04406 
-100.00000 -100.00000 
-100.00000 -100.00000 
-100.00000 -100.00000 
-100.00000 -100.00000 
 0.09455 -0.00004 
-100.00000 -100.00000 
-100.00000 -0.16540 
-0.04156 -0.02229 
 0.22081 -0.01202 
-100.00000 -100.00000 
-100.00000 -100.00000 
-100.00000  0.22915 
-100.00000 -100.00000 
-100.00000 -100.00000 
-100.00000 -100.00000 
-100.00000 -100.00000 
-0.44471 -0.00723 
-100.00000 -100.00000 
-0.10978 -0.27577 
 0.26319 -100.00000 
 1.43304 -100.00000 
-100.00000 -100.00000 
 0.21793  0.29863 
-0.26192  0.35843 
-100.00000 -100.00000 
-0.06050  0.26325 
 0.78866 -0.21606 
-100.00000 -100.00000 
-100.00000 -100.00000 
-100.00000 -100.00000 
-100.00000 -100.00000 
-100.00000 -100.00000 
 0.28398 -0.13493 
-0.85562  0.51234 
-0.22515 -0.12774 
-0.37462  0.21865 
-100.00000 -100.00000 
 0.07313  0.42566 
-0.05886 -100.00000 
-100.00000 -100.00000 
-100.00000 -100.00000 
 0.00000  0.00000 
-100.00000 -100.00000 
-100.00000 -100.00000 
-100.00000 -100.00000 
-100.00000 -100.00000 
-100.00000 -100.00000 
-100.00000 -100.00000 
-100.00000  0.00000 
-100.00000 -100.00000 
 0.05452  0.26398 
-0.16167 -100.00000 
-0.48825  0.33550 
 0.06951 -0.81321 
 0.00000  0.00000 
 0.63842  0.47805 
 0.12206 -0.13842 
-0.00023 -100.00000 
-100.00000 -0.04243 
 0.26306 -0.01228 
-0.14867 -0.34867 
 0.00000  0.00000 
 0.09602 -0.07111 
 0.13746  0.00009 
-100.00000  0.43530 
 0.24211 -100.00000 
-100.00000 -0.00005 
-100.00000 -100.00000 
 0.07383 -0.34893 
-100.00000 -100.00000 
-100.00000 -100.00000 
-100.00000 -100.00000 
-100.00000 -100.00000 
-100.00000  0.18812 
-100.00000 -100.00000 
-100.00000 -100.00000 
 0.23326 -0.12946 
-0.27767 -0.07332 
-100.00000 -100.00000 
-0.18867  0.50990 
-100.00000 -100.00000 
 0.67840 -100.00000 
-0.02014 -0.35253 
-100.00000 -100.00000 
-100.00000 -100.00000 
-100.00000 -100.00000 
 0.49267 -100.00000 
-100.00000 -100.00000 
 0.00000  0.00000 
-100.00000 -100.00000 
-100.00000 -0.12783 
 0.10496 -100.00000 
-0.25453 -0.07333 
-100.00000 -0.13863 
 0.00000  0.00000 
-100.00000 -100.00000 
-0.80752  0.35638 
-100.00000 -100.00000 
-100.00000  0.00012 
-0.25360 -0.56106 
 0.23536  0.00081 
-0.14275 -0.63373 
 0.00000  0.00000 
 0.21745  0.25312 
-0.00018 -100.00000 
-100.00000 -100.00000 
-0.10715 -0.59294 
-0.16519 -0.35241 
-100.00000 -100.00000 
-0.43573  0.54344 
 0.48513 -0.48834 
 0.01879 -0.05641 
-0.03207 -0.14366 
-100.00000 -100.00000 
-100.00000 -100.00000 
-0.00646 -100.00000 
 0.46285 -100.00000 
-0.76230  0.47140 
-100.00000  0.00788 
-100.00000 -100.00000 
-0.15230  0.36928 
-100.00000 -100.00000 
-100.00000 -100.00000 
-100.00000 -100.00000 
 0.02428  0.36027 
 0.00000  0.00000 
 0.00000  0.00000 
-100.00000 -100.00000 
-100.00000 -0.00026 
-100.00000 -100.00000 
-100.00000 -100.00000 
-0.22863 -0.65443 
-100.00000 -100.00000 
-100.00000 -100.00000 
-100.00000 -0.31931 
 0.75456  0.41443 
-100.00000 -100.00000 
 0.16122  0.38750 
-100.00000 -0.26506 
-100.00000 -100.00000 
-100.00000 -100.00000 
-100.00000 -100.00000 
-100.00000 -100.00000 
-100.00000  0.13757 
-0.01948 -0.12809 
-100.00000 -100.00000 
-100.00000 -100.00000 
-100.00000 -100.00000 
-100.00000 -100.00000 
 0.00000  0.00000 
-100.00000 -100.00000 
-0.22753 -0.26635 
-100.00000 -100.00000 
-100.00000 -100.00000 
-0.27498  0.48588 
-100.00000  0.00003 
-100.00000 -100.00000 
 0.28016 -0.11866 
 0.30057  0.07016 
-0.14380 -0.00083 
-100.00000 -100.00000 
-100.00000 -0.00142 
-100.00000 -100.00000 
 0.42477  0.45977 
-100.00000 -100.00000 
-0.00590 -100.00000 
-100.00000 -0.16669 
 0.00027 -100.00000 
-0.10962 -0.05475 
 0.30470  0.17826 
-100.00000 -100.00000 
-0.09591  0.39478 
 0.43169  0.37845 
-100.00000 -100.00000 
-100.00000 -100.00000 
 0.03826 -0.63543 
-100.00000 -100.00000 
-100.00000 -100.00000 
-100.00000 -100.00000 
 0.27829 -0.14960 
-100.00000 -100.00000 
-100.00000 -100.00000 
-100.00000 -100.00000 
 0.00010  0.64431 
-100.00000 -100.00000 
-100.00000 -100.00000 
-100.00000 -100.00000 
-100.00000 -100.00000 
 0.44459  0.31837 
-100.00000 -100.00000 
 0.00013 -100.00000 
-100.00000 -100.00000 
 0.04069 -0.00227 
-100.00000 -100.00000 
 0.46256 -0.02193 
-100.00000  0.03021 
-100.00000 -100.00000 
-100.00000 -100.00000 
-100.00000 -100.00000 
 0.00294 -0.01869 
-100.00000 -100.00000 
-100.00000 -100.00000 
 0.00000  0.00000 
-100.00000 -100.00000 
-100.00000 -100.00000 
-100.00000 -100.00000 
-100.00000 -100.00000 
-100.00000 -100.00000 
-100.00000 -100.00000 
-100.00000 -100.00000 
-100.00000 -100.00000 
-100.00000 -100.00000 
-100.00000 -100.00000 
-100.00000 -100.00000 
-100.00000 -100.00000 
-100.00000 -100.00000 
 0.13758 -100.00000 
-100.00000 -100.00000 
-100.00000 -100.00000 
-100.00000 -100.00000 
-100.00000 -100.00000 
-100.00000 -100.00000 
 0.00000  0.00000 
-100.00000 -100.00000 
-100.00000 -100.00000 
-100.00000 -0.16411 
 0.26303 -100.00000 
-100.00000  0.00004 
-100.00000 -100.00000 
-100.00000 -100.00000 
-100.00000 -100.00000 
-100.00000 -100.00000 
 0.23793 -0.31448 
-100.00000 -100.00000 
-100.00000 -100.00000 
-100.00000 -100.00000 
-100.00000 -100.00000 
-100.00000 -100.00000 
-0.12314 -100.00000 
-100.00000 -100.00000 
-100.00000 -100.00000 
-100.00000 -0.00035 
-0.33263 -0.07374 
-100.00000 -100.00000 
-100.00000 -100.00000 
 0.00000  0.00000 
-100.00000 -100.00000 
 0.00000  0.00000 
-0.47134  0.41887 
 0.14747 -0.31013 
-100.00000 -100.00000 
-0.26814 -100.00000 
-100.00000 -100.00000 
-0.00017 -100.00000 
-100.00000 -100.00000 
-100.00000 -100.00000 
-100.00000 -100.00000 
 0.00000  0.00000 
-100.00000 -100.00000 
-100.00000 -100.00000 
-100.00000 -0.31508 
 0.32096  0.26300 
-100.00000 -100.00000 
-100.00000 -100.00000 
-100.00000 -100.00000 
-100.00000 -100.00000 
 0.26263 -100.00000 
-100.00000 -100.00000 
 0.13769 -100.00000 
-100.00000 -100.00000 
-100.00000 -100.00000 
-100.00000 -100.00000 
-0.00005  0.52477 
-100.00000 -100.00000 
-100.00000 -100.00000 
-100.00000 -100.00000 
-100.00000 -100.00000 
 0.12505  0.24425 
-100.00000 -100.00000 
-100.00000 -100.00000 
-100.00000 -100.00000 
-100.00000 -100.00000 
-100.00000  0.00013 
-100.00000 -100.00000 
-100.00000 -100.00000 
-100.00000 -100.00000 
-0.00324  0.12893 
-100.00000 -100.00000 
 0.48255 -100.00000 
-100.00000 -100.00000 
-100.00000  0.13085 
-100.00000 -100.00000 
-100.00000  0.35148 
-0.22477  0.37391 
 0.13748 -100.00000 
-1.00579  0.26300 
-100.00000 -0.43799 
-100.00000 -100.00000 
-100.00000 -100.00000 
-100.00000 -100.00000 
-100.00000 -100.00000 
-100.00000 -100.00000 
-100.00000  0.13750 
-100.00000 -100.00000 
 0.13752  0.13761 
-100.00000 -100.00000 
-100.00000 -100.00000 
-100.00000 -100.00000 
 0.12376 -100.00000 
-100.00000  0.23279 
-100.00000 -100.00000 
-100.00000  0.13752 
-100.00000 -100.00000 
-100.00000  0.13752 
-100.00000 -100.00000 
-100.00000 -100.00000 
-100.00000 -100.00000 
 0.00000  0.00000 
-100.00000 -0.42755 
-0.00016 -100.00000 
-100.00000 -100.00000 
-100.00000 -100.00000 
-100.00000 -100.00000 
-100.00000 -100.00000 
-100.00000 -100.00000 
-100.00000 -100.00000 
-100.00000 -100.00000 
-0.26406  0.13758 
-100.00000 -100.00000 
-100.00000 -100.00000 
-100.00000 -100.00000 
-100.00000 -100.00000 
-0.13815  0.00960 
-100.00000 -0.23136 
-0.44413  0.20358 
-100.00000  0.00989 
-100.00000 -100.00000 
-0.13821 -100.00000 
-100.00000 -100.00000 
-100.00000 -100.00000 
 0.13756  0.26293 
-100.00000 -100.00000 
 0.00000  0.00000 
-100.00000 -100.00000 
-100.00000 -100.00000 
-100.00000 -100.00000 
-100.00000 -100.00000 
-100.00000 -100.00000 
-100.00000 -100.00000 
-100.00000 -100.00000 
-100.00000 -100.00000 
-0.13817  0.00009 
 0.00016 -100.00000 
-100.00000 -100.00000 
-0.31126 -0.47045 
-100.00000 -100.00000 
-100.00000 -0.00005 
 0.23165 -0.01331 
-100.00000 -100.00000 
-100.00000 -100.00000 
 0.07745 -0.27686 
-0.03454 -0.15088 
-0.01715 -100.00000 
-100.00000  0.00000 
 0.00000  0.00000 
-0.25198 -0.14477 
-100.00000 -100.00000 
 0.50905  0.32684 
-0.14304  0.22760 
 0.11633  0.00003 
-0.51506 -0.00040 
-0.42788 -0.84546 
-100.00000 -100.00000 
-100.00000 -100.00000 
-100.00000 -100.00000 
-100.00000 -100.00000 
-100.00000 -100.00000 
-0.00116 -0.00041 
-100.00000 -100.00000 
-100.00000 -0.45340 
 0.00000  0.00000 
 0.56754 -0.57066 
 0.00000  0.00000 
-100.00000 -100.00000 
 0.11578 -100.00000 
 0.00000  0.00000 
 0.11611 -100.00000 
-0.14689  0.22757 
-100.00000 -0.28752 
-100.00000 -100.00000 
 0.17260 -100.00000 
-100.00000 -100.00000 
-0.13937 -0.27438 
-100.00000 -100.00000 
-100.00000 -100.00000 
 0.00000 -0.00056 
-100.00000 -100.00000 
-0.26558  0.23881 
 0.04793 -100.00000 
-100.00000 -100.00000 
 0.00010 -100.00000 
-100.00000 -100.00000 
-100.00000 -0.41067 
-100.00000 -100.00000 
-0.00023 -100.00000 
-100.00000 -100.00000 
-0.15632 -100.00000 
 0.00000  0.00000 
-100.00000 -100.00000 
-100.00000 -100.00000 
-100.00000 -100.00000 
-100.00000 -100.00000 
-100.00000  0.00000 
 0.00000  0.00000 
-100.00000 -100.00000 
-100.00000 -100.00000 
-100.00000 -100.00000 
-100.00000 -100.00000 
-100.00000 -100.00000 
-100.00000 -100.00000 
-100.00000 -100.00000 
-100.00000 -100.00000 
-100.00000 -100.00000 
-0.26693 -100.00000 
-100.00000 -100.00000 
-100.00000  0.09136 
-100.00000 -100.00000 
-100.00000 -100.00000 
-100.00000 -100.00000 
-100.00000 -100.00000 
-100.00000 -100.00000 
 0.39764  0.09178 
-0.12994 -100.00000 
-100.00000 -100.00000 
 0.00337  0.01320 
-0.02921  0.05771 
-100.00000 -100.00000 
-100.00000 -100.00000 
-0.03809  0.15078 
-100.00000 -100.00000 
-100.00000 -100.00000 
-0.15442 -0.18869 
-0.00008 -0.00002 
-100.00000 -100.00000 
 0.32120 -0.49746 
-100.00000 -100.00000 
