-0.72171  0.02992 
 0.96678  0.01355 
-0.51066  0.27689 
-0.52523  0.48844 
-100.00000 -100.00000 
-100.00000 -0.00005 
-0.43560  0.13735 
-100.00000 -0.00000 
-0.00494 -100.00000 
-0.83648 -0.02212 
-0.07053 -0.03978 
 0.00067 -100.00000 
 0.48539 -0.30419 
-1.01425 -0.26429 
 0.00000  0.00000 
-100.00000 -100.00000 
 0.02770  0.30504 
-100.00000 -100.00000 
 0.00000  0.00000 
-0.36815 -0.52511 
-100.00000 -100.00000 
 0.30048  0.13522 
-100.00000 -100.00000 
 0.53531 -100.00000 
-100.00000 -100.00000 
-0.12508  0.05482 
-0.21355  0.28299 
-100.00000 -100.00000 
 0.12039  0.32566 
 0.00000  0.00000 
 0.13750 -100.00000 
 0.00000  0.00000 
-100.00000 -100.00000 
-0.00015 -100.00000 
 0.00000  0.00000 
-0.84809 -0.00331 
-0.01197  0.18224 
-100.00000 -100.00000 
-0.23709  0.19036 
 0.58507 -100.00000 
-100.00000 -100.00000 
 0.25866 -0.02011 
-100.00000 -100.00000 
 0.00000  0.00000 
-100.00000 -100.00000 
-100.00000  0.26300 
-0.25235 -100.00000 
 0.21355  0.84223 
-0.00006 -100.00000 
-100.00000 -100.00000 
 0.00015  0.30194 
 0.11757  0.26290 
 0.71924 -100.00000 
-0.27294 -0.00013 
-0.75537 -100.00000 
-0.00003  0.13759 
 0.00014 -100.00000 
 0.11300 -100.00000 
-100.00000 -100.00000 
-0.90424  0.15330 
-100.00000 -100.00000 
-0.13485 -0.00013 
-100.00000 -100.00000 
 0.90541 -0.33068 
-1.44285  0.00635 
 0.13744 -0.16958 
-100.00000 -100.00000 
 1.04906 -100.00000 
-100.00000 -100.00000 
 0.00011 -100.00000 
 0.21295 -0.17540 
 0.00004 -100.00000 
 0.26532  0.33102 
 1.05975 -0.04072 
 0.00000  0.00000 
-100.00000 -100.00000 
-100.00000 -100.00000 
-100.00000 -100.00000 
-100.00000 -100.00000 
-100.00000 -0.00007 
 0.26304  0.28131 
-0.01371 -0.08083 
-0.11066 -0.57545 
-100.00000 -100.00000 
-100.00000 -100.00000 
 0.19067 -0.28687 
-100.00000 -100.00000 
-0.00517 -100.00000 
-0.07167  0.07600 
 0.67839  0.12193 
-0.19428  0.51788 
 0.53557  0.07979 
-100.00000 -100.00000 
-100.00000 -100.00000 
-100.00000 -100.00000 
-0.41409  0.25071 
-100.00000 -100.00000 
-100.00000 -100.00000 
 0.00000  0.00000 
 0.00321  0.33563 
-0.05914 -0.38217 
 1.05793 -100.00000 
 0.32851  0.79895 
 0.88312  0.01956 
-100.00000 -100.00000 
 0.02861  0.04028 
-100.00000 -100.00000 
-100.00000 -100.00000 
 0.22874 -0.01203 
-100.00000 -100.00000 
-0.00037 -0.05471 
 0.00361 -100.00000 
 1.05296  0.61109 
-100.00000 -100.00000 
-100.00000 -100.00000 
 0.00012 -100.00000 
-100.00000 -100.00000 
-0.00007 -100.00000 
 0.37896 -100.00000 
-100.00000 -100.00000 
-100.00000 -100.00000 
-100.00000 -100.00000 
 0.55666 -100.00000 
-0.24582 -100.00000 
 0.26309  0.59816 
-0.28396  0.40283 
 0.37886 -0.64356 
 0.01300 -100.00000 
 0.11565 -100.00000 
-100.00000 -0.00002 
-100.00000 -100.00000 
-100.00000 -100.00000 
 0.88092  0.21438 
-100.00000 -100.00000 
-1.62176 -0.01158 
-0.17096 -0.54219 
-0.15275 -0.84081 
 1.02017  0.33950 
-1.00166  0.19090 
-100.00000 -100.00000 
 0.11133 -0.38447 
 0.00371  0.58502 
-0.13339  0.53989 
 0.00000  0.00000 
-100.00000 -100.00000 
-100.00000 -0.55141 
-100.00000 -100.00000 
 0.98551  0.25152 
 0.00000  0.00000 
 0.00076  0.34744 
-100.00000  0.24140 
-100.00000 -100.00000 
 0.96000 -0.13527 
 0.31485  0.17225 
-0.11970  0.44063 
 0.00007 -100.00000 
-0.39295  0.50388 
 0.11997 -100.00000 
-0.25662  0.37845 
-100.00000 -100.00000 
-100.00000 -100.00000 
-0.00008 -100.00000 
 0.12901 -100.00000 
-100.00000 -100.00000 
-100.00000 -100.00000 
-100.00000 -100.00000 
-100.00000 -100.00000 
 0.00000  0.00000 
-0.17169 -0.06442 
 0.88233  0.42566 
 0.01559 -0.05536 
 0.13150 -0.58037 
 0.69363  0.03747 
-100.00000 -100.00000 
 0.66713  0.03176 
 0.73695  0.47664 
 0.40043  0.11970 
 0.00000  0.00000 
 0.35126  0.26533 
 0.40731  0.44365 
 0.00008 -100.00000 
 0.14947 -0.07593 
-0.25662  0.11331 
-1.83904 -0.97362 
 0.00897 -0.01191 
 0.39628 -0.00005 
 0.76557  0.16443 
 0.24441  0.00005 
 0.00004 -0.00003 
-100.00000 -100.00000 
-100.00000 -100.00000 
-100.00000  0.13754 
-100.00000 -100.00000 
-100.00000 -100.00000 
 0.13738 -100.00000 
-100.00000 -100.00000 
-100.00000 -100.00000 
 0.16926 -100.00000 
 0.00204 -100.00000 
-100.00000  0.26322 
 0.74818  0.23940 
-100.00000 -100.00000 
-100.00000 -100.00000 
-100.00000 -100.00000 
 0.00480 -0.38268 
-1.01864 -0.00736 
-100.00000 -100.00000 
-100.00000 -100.00000 
-0.65849 -0.78415 
 1.17306  0.32526 
-0.27337  0.60071 
-0.91642  0.37868 
 0.95454  0.72606 
-100.00000 -100.00000 
-100.00000 -100.00000 
 0.34914 -0.00495 
-100.00000 -100.00000 
-0.01060  0.36274 
-0.28010  0.26299 
 0.60125  0.15495 
 0.01212  0.13780 
 0.32547 -100.00000 
 0.00037 -0.11823 
 0.37909  0.12424 
-100.00000 -100.00000 
 0.16941 -0.13883 
 0.00000  0.00000 
 0.21219  0.62232 
 0.96461  0.08738 
 1.01270  0.32833 
 0.00356 -0.31164 
-0.09987  0.21976 
-100.00000 -100.00000 
-0.72513  0.20866 
-0.97957  0.35470 
 0.92252  0.00105 
 0.58531 -0.33880 
 0.09958  0.56842 
 0.00782 -0.10829 
 1.36730  0.39401 
-100.00000 -100.00000 
 0.00010 -100.00000 
-0.47983  0.43710 
 0.26316 -100.00000 
 0.00009 -100.00000 
-100.00000 -100.00000 
-100.00000 -100.00000 
 0.00000  0.00000 
-0.25754 -100.00000 
-100.00000 -100.00000 
-0.84433  0.73471 
 0.12116  0.92610 
 0.19980 -100.00000 
-100.00000 -100.00000 
 0.00000  0.00000 
 0.81780  0.37153 
 0.01587  0.53517 
-100.00000 -100.00000 
 0.00352  0.13750 
-0.09084 -0.01148 
 0.00000  0.00000 
-100.00000 -100.00000 
 0.00004 -100.00000 
-100.00000 -100.00000 
-0.19957  0.47986 
-0.34966 -0.68636 
 0.13757 -0.00001 
-0.27138 -100.00000 
-3.75813 -100.00000 
 0.41507  0.27594 
-100.00000 -100.00000 
-0.28679 -0.26345 
-100.00000 -100.00000 
 0.04628  0.28495 
 0.00004 -0.24482 
 0.50564  0.23492 
-1.60850 -0.04297 
 0.62376  0.16780 
 0.10607 -0.16228 
-0.10119 -100.00000 
-0.42566 -0.17650 
 0.01470 -0.01111 
 0.00000  0.00000 
 0.50038 -0.14055 
 1.51463  0.22838 
 0.47909 -0.15891 
 0.15113 -0.05358 
-0.45515 -0.01258 
 0.38875 -0.03079 
-1.42051  0.48519 
-100.00000 -100.00000 
 0.38439 -0.42790 
 0.00000  0.00000 
 0.01191 -0.21601 
-100.00000 -100.00000 
-100.00000 -100.00000 
 0.00000  0.00000 
 0.48540 -0.02945 
 0.36649 -0.42352 
-100.00000 -100.00000 
 0.34664  0.37304 
-0.54606  0.29977 
-0.85673  0.51149 
 0.23864 -0.31496 
-1.01314 -0.68933 
 0.00016 -100.00000 
-0.00586 -0.31366 
-100.00000 -100.00000 
-100.00000 -100.00000 
-0.26726  0.22538 
 0.78533  0.14116 
 0.50769 -0.00011 
-0.24651 -0.05378 
 0.30586 -100.00000 
 0.00000  0.00000 
 0.43360 -0.22139 
-100.00000 -0.00004 
-0.60124 -0.94278 
-100.00000 -100.00000 
-0.00850 -0.21115 
-0.45195 -0.01989 
-100.00000 -100.00000 
 0.00057  0.00004 
 0.26296  0.06226 
 0.92627 -100.00000 
 0.00000  0.00000 
 0.26315 -0.18899 
-100.00000 -100.00000 
 0.12351  0.13746 
-0.63777  0.51209 
-100.00000 -100.00000 
 0.00000  0.00000 
-0.00070  0.13759 
-100.00000 -100.00000 
-100.00000 -100.00000 
 0.13749 -0.17034 
-1.30999  0.36023 
 0.23591 -0.16103 
 0.11942  0.36425 
 0.61933  0.24631 
-100.00000 -100.00000 
 0.00007 -100.00000 
-0.26077  0.00013 
-100.00000 -100.00000 
-100.00000 -100.00000 
-100.00000 -100.00000 
-100.00000 -100.00000 
-0.01443 -0.17595 
 0.99443 -0.23322 
-0.13681 -0.03334 
-100.00000 -100.00000 
-100.00000 -100.00000 
 0.27318  0.08307 
-100.00000 -100.00000 
-100.00000 -100.00000 
-100.00000 -100.00000 
-100.00000 -100.00000 
 0.00000  0.00000 
-100.00000 -100.00000 
-0.32966  0.00895 
 0.38383 -0.15640 
-100.00000 -100.00000 
-100.00000 -100.00000 
-100.00000 -100.00000 
-0.00002 -100.00000 
-100.00000 -100.00000 
-100.00000 -100.00000 
-0.00026 -100.00000 
 0.27348 -100.00000 
 0.71028 -100.00000 
 0.44517  0.37853 
-0.14000 -100.00000 
-100.00000 -100.00000 
-100.00000 -100.00000 
-0.33041  0.10469 
-100.00000 -0.00005 
-100.00000 -100.00000 
-0.45784 -0.15255 
 0.25012 -0.05847 
-100.00000 -100.00000 
-100.00000 -100.00000 
 0.96028 -0.16528 
 0.92267 -100.00000 
 0.00000  0.00000 
-0.00006 -100.00000 
 0.71263  0.31995 
-0.48117  0.08084 
-0.50163  0.21525 
-0.09049  0.01262 
-0.99983  0.54102 
-0.35122 -0.63105 
 0.00000  0.00000 
 0.08633 -0.29518 
 0.00235 -0.13419 
-100.00000 -100.00000 
-0.62849  0.45058 
 0.00431  0.00324 
-100.00000 -100.00000 
-0.20859  1.06137 
 0.26318 -0.00017 
 0.12799  0.37845 
 0.59002  0.12198 
 0.69958 -100.00000 
 0.00000  0.00000 
-100.00000 -100.00000 
-100.00000 -100.00000 
 0.00000  0.00000 
 1.01598  0.24618 
 0.41955  0.11547 
-100.00000 -100.00000 
-0.13521  0.01834 
 1.46419  0.26515 
-100.00000 -100.00000 
-0.17832 -100.00000 
 0.26356 -0.53654 
-0.00057 -100.00000 
-100.00000 -100.00000 
 0.37848 -0.25700 
-100.00000 -100.00000 
-0.09102  0.01102 
-100.00000 -100.00000 
-100.00000 -0.11872 
-100.00000 -100.00000 
-100.00000 -0.10227 
 0.00251 -100.00000 
-100.00000 -100.00000 
-100.00000 -100.00000 
-100.00000 -100.00000 
-100.00000 -100.00000 
-100.00000 -100.00000 
-100.00000 -100.00000 
-100.00000 -100.00000 
 0.00007 -100.00000 
 0.11321 -0.37267 
-100.00000 -100.00000 
 0.00000  0.00000 
-100.00000 -100.00000 
 0.37890 -100.00000 
 0.21420 -0.12332 
-100.00000 -100.00000 
-100.00000 -100.00000 
-100.00000 -100.00000 
-100.00000 -100.00000 
 0.00003 -100.00000 
-100.00000 -100.00000 
-100.00000 -100.00000 
-0.57638  0.00008 
-100.00000 -100.00000 
-100.00000 -100.00000 
 0.00000  0.00000 
-100.00000 -100.00000 
-100.00000 -100.00000 
-0.13527 -100.00000 
-100.00000 -100.00000 
-100.00000 -100.00000 
 0.12786  0.01174 
 0.48552 -0.33676 
-100.00000 -100.00000 
-0.31311 -0.30946 
 0.81117 -0.31453 
-100.00000 -100.00000 
-100.00000 -100.00000 
-100.00000  0.12894 
-0.13512 -100.00000 
-100.00000 -100.00000 
 0.00760 -100.00000 
 0.92324  0.00001 
 0.30532  0.88229 
-100.00000 -100.00000 
-0.31284  0.63164 
 0.20061  0.09786 
-0.13509 -100.00000 
-0.16681 -0.24185 
-0.13364 -0.00414 
 0.26341  0.00002 
 0.14647  1.03194 
-100.00000 -100.00000 
 0.58493 -0.14202 
-100.00000 -100.00000 
-100.00000 -100.00000 
 0.13758 -100.00000 
 0.02628  0.26281 
-100.00000 -100.00000 
-100.00000 -100.00000 
-100.00000 -100.00000 
-0.12350  0.11747 
-100.00000 -100.00000 
-100.00000 -100.00000 
-0.35270  0.22747 
 0.36855 -0.14847 
-100.00000 -100.00000 
-0.05979  0.07946 
 0.58571 -0.61564 
 0.26334  0.11196 
-100.00000 -100.00000 
-100.00000 -0.15100 
-0.47840  0.35375 
-100.00000 -100.00000 
 0.00000  0.00000 
-100.00000 -100.00000 
-0.21367 -100.00000 
 0.26299 -100.00000 
 0.37092  0.23920 
 0.08545 -0.56066 
-100.00000 -100.00000 
 0.56718  0.53080 
-0.21369 -0.00001 
 0.13753 -100.00000 
-0.13881  0.47763 
-0.72954 -0.14522 
 0.48546 -0.35352 
-0.04034 -0.14811 
 0.13791  0.10045 
-0.00017 -100.00000 
-0.94365 -0.45763 
-0.05620  0.04499 
 0.27486  0.65850 
 0.87637 -0.14389 
-0.00065  0.32179 
 0.58667 -0.14953 
 0.13739 -100.00000 
 0.26329 -0.61427 
 0.59850 -0.03116 
 0.15429 -0.33373 
-0.32977 -100.00000 
-0.22139  0.00010 
-100.00000 -0.00006 
-100.00000 -0.13655 
 0.29183  0.00011 
-100.00000 -100.00000 
 0.29100 -0.25314 
-0.65582  0.22312 
-100.00000 -100.00000 
-100.00000 -0.55077 
 0.00000  0.00000 
-0.00007  0.34185 
-0.20789  0.17740 
-0.11046  0.11534 
 0.05080  0.58523 
 0.76584 -0.01268 
 0.55198 -100.00000 
-0.22216  0.26303 
 0.13379 -100.00000 
-100.00000 -100.00000 
-0.40316 -0.14965 
-100.00000 -100.00000 
-100.00000 -100.00000 
 0.26979 -0.09982 
-0.20260 -0.10169 
 0.02656 -0.03334 
-100.00000  0.37859 
-100.00000 -100.00000 
-0.05648 -0.34005 
-0.00013  0.00007 
-0.00001 -100.00000 
-0.21418 -0.05957 
-100.00000 -100.00000 
-1.12087  0.39048 
-100.00000 -100.00000 
 0.42850 -100.00000 
-100.00000 -100.00000 
 0.35537 -0.24709 
 0.81271 -0.01529 
-100.00000 -100.00000 
-0.04738 -0.14676 
