-100.00000 -100.00000 
-100.00000 -0.46608 
-100.00000 -100.00000 
 0.00022  0.00018 
-100.00000 -0.85557 
-100.00000 -100.00000 
 0.42937  0.48600 
-100.00000  0.00008 
-100.00000 -100.00000 
 0.00014 -100.00000 
-0.35979 -0.83738 
-100.00000 -100.00000 
-100.00000 -100.00000 
-100.00000 -100.00000 
-100.00000 -100.00000 
-100.00000 -100.00000 
-100.00000 -100.00000 
-100.00000 -100.00000 
-100.00000 -100.00000 
-100.00000 -100.00000 
 0.37857 -0.00000 
-100.00000 -100.00000 
-100.00000 -100.00000 
-100.00000 -0.00007 
-100.00000 -100.00000 
-100.00000 -100.00000 
-100.00000 -100.00000 
-100.00000 -100.00000 
-100.00000 -100.00000 
-100.00000 -100.00000 
-100.00000 -100.00000 
-100.00000 -100.00000 
-100.00000 -100.00000 
-100.00000 -100.00000 
-100.00000 -100.00000 
-100.00000 -100.00000 
-100.00000 -100.00000 
-100.00000 -100.00000 
-100.00000 -100.00000 
-100.00000 -100.00000 
-100.00000 -100.00000 
-100.00000 -100.00000 
-100.00000 -100.00000 
-100.00000 -100.00000 
-100.00000 -100.00000 
-100.00000  0.00002 
-100.00000 -100.00000 
-100.00000 -100.00000 
-100.00000 -100.00000 
-100.00000 -100.00000 
-100.00000 -100.00000 
-100.00000 -100.00000 
-100.00000 -100.00000 
-100.00000 -100.00000 
-100.00000 -100.00000 
 0.21193 -0.20758 
-100.00000 -100.00000 
-100.00000 -100.00000 
 0.13762  0.13761 
-0.81552 -100.00000 
-100.00000 -100.00000 
-100.00000 -100.00000 
-0.13061 -100.00000 
-100.00000 -100.00000 
-100.00000 -100.00000 
-100.00000 -100.00000 
-100.00000 -100.00000 
-100.00000 -0.00040 
-0.25071 -0.00002 
 0.35523 -0.27232 
-100.00000 -100.00000 
-100.00000 -100.00000 
-100.00000 -100.00000 
-100.00000 -100.00000 
-100.00000 -100.00000 
-100.00000 -100.00000 
 0.00000  0.00000 
-100.00000 -100.00000 
-0.13033  0.26305 
-100.00000 -100.00000 
-100.00000 -100.00000 
-100.00000 -100.00000 
 0.13740 -100.00000 
-0.42353 -100.00000 
-100.00000 -100.00000 
-100.00000  0.00120 
-100.00000 -100.00000 
-100.00000 -100.00000 
 0.00045 -0.21139 
-100.00000 -100.00000 
-0.62425 -100.00000 
-0.22228 -100.00000 
 0.00000  0.00000 
-100.00000 -100.00000 
-100.00000 -100.00000 
-100.00000 -100.00000 
-100.00000 -100.00000 
-100.00000 -100.00000 
-100.00000 -0.13356 
 0.29166  0.12874 
-100.00000 -100.00000 
-100.00000 -100.00000 
-100.00000 -100.00000 
-1.05992  0.32883 
-100.00000 -100.00000 
-100.00000 -100.00000 
-0.02312  0.13754 
-100.00000 -100.00000 
-100.00000 -100.00000 
-100.00000 -100.00000 
-100.00000 -100.00000 
 0.37807 -100.00000 
-100.00000 -0.07070 
-100.00000 -100.00000 
-100.00000 -100.00000 
-100.00000 -100.00000 
-100.00000 -100.00000 
-100.00000 -100.00000 
-100.00000  0.12240 
-100.00000 -100.00000 
-100.00000 -100.00000 
-100.00000 -100.00000 
-100.00000 -100.00000 
-100.00000 -100.00000 
-100.00000 -100.00000 
-100.00000 -100.00000 
-100.00000 -100.00000 
 0.00007 -100.00000 
-100.00000 -100.00000 
-100.00000 -0.25657 
-100.00000 -100.00000 
-100.00000 -100.00000 
-100.00000 -100.00000 
-100.00000 -100.00000 
-100.00000 -100.00000 
-100.00000  0.13529 
-100.00000 -0.00008 
-0.16076  0.50978 
 0.49109 -0.01790 
 0.00000  0.00000 
-100.00000 -100.00000 
-100.00000 -100.00000 
-100.00000 -100.00000 
-100.00000 -100.00000 
 0.48537 -0.00051 
-100.00000 -100.00000 
-100.00000 -100.00000 
-100.00000  0.00045 
-100.00000 -100.00000 
-100.00000 -100.00000 
-100.00000  0.00039 
-0.16873 -100.00000 
-0.30702  0.00437 
-0.77739 -100.00000 
 0.76510  0.11019 
-100.00000 -100.00000 
-100.00000 -100.00000 
-100.00000 -100.00000 
-100.00000 -100.00000 
-100.00000 -100.00000 
-100.00000 -100.00000 
-100.00000 -100.00000 
-100.00000 -100.00000 
 0.00005 -100.00000 
-100.00000 -100.00000 
 0.00000  0.00000 
-100.00000 -100.00000 
-100.00000 -100.00000 
-100.00000 -100.00000 
-100.00000  0.00075 
 0.45905  0.00967 
-100.00000 -100.00000 
-100.00000 -100.00000 
-0.00001 -100.00000 
-100.00000 -100.00000 
-100.00000  0.48753 
-100.00000 -100.00000 
-100.00000 -0.00117 
-100.00000 -100.00000 
 0.82700 -100.00000 
-100.00000 -100.00000 
 0.50907  1.30698 
-100.00000 -100.00000 
-100.00000 -100.00000 
-0.41878 -100.00000 
-0.15268  0.35669 
-100.00000 -100.00000 
-100.00000 -0.00011 
-100.00000 -100.00000 
-100.00000 -100.00000 
-100.00000 -100.00000 
-100.00000 -100.00000 
 0.00000  0.00000 
-100.00000 -100.00000 
-100.00000 -100.00000 
-100.00000 -100.00000 
 0.13743  0.37860 
-100.00000 -100.00000 
-100.00000 -100.00000 
-100.00000 -100.00000 
-100.00000 -0.25346 
-100.00000 -100.00000 
-100.00000 -100.00000 
-100.00000 -100.00000 
-100.00000 -100.00000 
-100.00000 -100.00000 
-100.00000 -100.00000 
-100.00000 -100.00000 
-100.00000 -100.00000 
-100.00000 -100.00000 
-100.00000 -100.00000 
-100.00000 -100.00000 
-100.00000 -100.00000 
-100.00000 -100.00000 
-100.00000 -100.00000 
-100.00000  0.84361 
-100.00000 -100.00000 
 0.63421  0.58426 
-100.00000 -100.00000 
 0.13726 -100.00000 
-100.00000 -100.00000 
-100.00000  1.00003 
-100.00000 -100.00000 
-100.00000  0.95413 
-100.00000 -100.00000 
-100.00000  0.13766 
-100.00000  0.13746 
-100.00000 -100.00000 
-0.14682 -100.00000 
-100.00000 -100.00000 
 0.18360  0.42593 
 0.37778 -0.02610 
-0.38904  0.00321 
-100.00000 -100.00000 
-100.00000 -100.00000 
-100.00000 -100.00000 
-100.00000 -0.75318 
-100.00000 -100.00000 
-100.00000 -100.00000 
-100.00000 -100.00000 
 0.37868 -0.05874 
 0.67821 -0.24020 
-100.00000 -100.00000 
-100.00000 -100.00000 
 0.00004 -100.00000 
-100.00000 -100.00000 
 0.00000  0.00000 
-100.00000  0.13761 
-100.00000 -100.00000 
-100.00000 -100.00000 
-100.00000 -100.00000 
-100.00000 -100.00000 
 0.25426 -100.00000 
-100.00000 -100.00000 
-100.00000  1.00334 
-100.00000 -100.00000 
-0.03387  0.42321 
-100.00000 -100.00000 
-100.00000 -100.00000 
-100.00000 -100.00000 
-100.00000 -100.00000 
-100.00000 -100.00000 
-100.00000 -100.00000 
-0.14279  0.00009 
-100.00000 -100.00000 
-100.00000 -100.00000 
-100.00000 -100.00000 
 0.00000  0.00000 
-100.00000  0.16361 
-100.00000 -100.00000 
-0.00572 -100.00000 
-100.00000 -100.00000 
-100.00000 -100.00000 
-0.12866  0.00053 
-100.00000 -100.00000 
 0.10310 -0.53484 
-0.16995  0.54342 
-0.28792 -100.00000 
-100.00000 -100.00000 
-100.00000 -100.00000 
-100.00000 -100.00000 
-100.00000 -100.00000 
 0.23572  0.00025 
-100.00000 -100.00000 
-100.00000 -100.00000 
-100.00000 -100.00000 
-100.00000 -100.00000 
-100.00000  0.13829 
-100.00000 -100.00000 
-100.00000 -100.00000 
-100.00000  0.13747 
-100.00000  0.13773 
-100.00000 -100.00000 
-100.00000 -100.00000 
 0.00005  0.37852 
-100.00000 -100.00000 
-100.00000 -100.00000 
-100.00000 -100.00000 
-0.13966 -0.21432 
-100.00000 -100.00000 
-100.00000 -100.00000 
-100.00000 -100.00000 
 0.12280 -100.00000 
-100.00000 -100.00000 
-100.00000 -100.00000 
-100.00000 -100.00000 
-100.00000 -100.00000 
-100.00000 -100.00000 
-100.00000 -100.00000 
-100.00000 -100.00000 
-100.00000 -100.00000 
-100.00000  0.00040 
-0.14025 -0.11380 
-100.00000 -100.00000 
-0.00015 -100.00000 
-100.00000 -100.00000 
-100.00000 -100.00000 
-100.00000 -100.00000 
-100.00000 -100.00000 
-100.00000 -100.00000 
-100.00000 -100.00000 
-100.00000 -100.00000 
-100.00000 -100.00000 
-100.00000  0.34559 
-100.00000 -100.00000 
-100.00000 -100.00000 
-100.00000 -100.00000 
-0.12448 -100.00000 
-100.00000 -0.12078 
-100.00000 -100.00000 
-100.00000 -100.00000 
-100.00000 -100.00000 
-100.00000 -100.00000 
-100.00000 -100.00000 
-100.00000 -100.00000 
-100.00000 -100.00000 
-100.00000 -100.00000 
-100.00000 -100.00000 
-100.00000 -100.00000 
-100.00000 -100.00000 
-100.00000 -100.00000 
-100.00000 -100.00000 
-100.00000 -100.00000 
-100.00000 -100.00000 
-100.00000 -100.00000 
-100.00000 -100.00000 
-100.00000 -100.00000 
-100.00000 -100.00000 
-100.00000 -100.00000 
-100.00000 -100.00000 
-100.00000 -100.00000 
-100.00000 -100.00000 
-100.00000 -100.00000 
-100.00000 -100.00000 
-0.35860 -0.12949 
-100.00000 -100.00000 
 0.00000  0.00000 
-100.00000 -100.00000 
-100.00000 -100.00000 
-100.00000 -100.00000 
-0.14073 -100.00000 
-100.00000 -100.00000 
-0.00005 -100.00000 
 0.00000  0.00000 
-100.00000 -100.00000 
-100.00000 -100.00000 
-100.00000 -100.00000 
-100.00000 -0.42489 
-100.00000 -100.00000 
-1.01761 -100.00000 
-100.00000 -100.00000 
-100.00000 -100.00000 
-100.00000  0.00018 
-100.00000 -100.00000 
-100.00000 -100.00000 
-100.00000 -100.00000 
-100.00000 -100.00000 
-100.00000 -100.00000 
-100.00000 -100.00000 
-100.00000 -100.00000 
 0.26336 -0.00004 
-100.00000  0.13773 
-100.00000 -100.00000 
-100.00000 -100.00000 
-100.00000 -100.00000 
-100.00000 -0.00024 
-100.00000 -100.00000 
-100.00000 -100.00000 
-100.00000  0.00006 
-0.80313 -0.15596 
-100.00000 -100.00000 
-100.00000 -100.00000 
-100.00000 -100.00000 
-100.00000 -100.00000 
-100.00000 -100.00000 
-100.00000 -100.00000 
-100.00000 -100.00000 
-100.00000  0.00067 
-100.00000 -100.00000 
-100.00000 -100.00000 
-100.00000 -100.00000 
-100.00000  0.22745 
-100.00000 -100.00000 
-100.00000 -100.00000 
-100.00000 -100.00000 
-0.00256 -0.31341 
-100.00000 -100.00000 
-100.00000  0.00001 
-100.00000 -100.00000 
-100.00000 -100.00000 
-100.00000 -100.00000 
 0.12497 -100.00000 
-0.00082  0.47587 
-100.00000 -100.00000 
-0.35029  0.00053 
-100.00000 -0.00057 
-100.00000 -100.00000 
-100.00000 -100.00000 
-0.00210 -100.00000 
-100.00000 -100.00000 
-100.00000 -100.00000 
-100.00000 -100.00000 
-100.00000 -100.00000 
-100.00000 -100.00000 
-100.00000 -100.00000 
-100.00000 -100.00000 
-100.00000 -100.00000 
-100.00000 -100.00000 
-0.48948  0.10895 
 0.30591 -0.05234 
-100.00000 -100.00000 
-0.14310 -100.00000 
-100.00000 -100.00000 
-100.00000 -100.00000 
 0.00000  0.00000 
-100.00000 -100.00000 
-100.00000 -100.00000 
-100.00000 -100.00000 
-100.00000 -100.00000 
-100.00000 -100.00000 
-100.00000 -100.00000 
-100.00000 -100.00000 
-100.00000 -100.00000 
-100.00000 -100.00000 
-100.00000  0.00003 
-100.00000 -100.00000 
-100.00000 -100.00000 
-100.00000 -100.00000 
-0.19574 -0.49156 
-100.00000 -100.00000 
-0.12657  0.13754 
-100.00000 -100.00000 
 0.00007 -100.00000 
-100.00000 -100.00000 
-100.00000 -100.00000 
-100.00000 -100.00000 
-100.00000 -100.00000 
-100.00000 -100.00000 
-100.00000 -100.00000 
-100.00000 -100.00000 
-100.00000 -100.00000 
-100.00000 -100.00000 
-100.00000 -100.00000 
-100.00000 -100.00000 
-100.00000 -100.00000 
-100.00000 -100.00000 
-100.00000 -0.00024 
-100.00000 -100.00000 
-100.00000 -100.00000 
-100.00000  0.12730 
 0.13741  0.00024 
-100.00000 -100.00000 
-100.00000 -100.00000 
 1.10483  0.88036 
-100.00000 -100.00000 
-100.00000 -100.00000 
-100.00000 -100.00000 
-100.00000 -100.00000 
-0.02950 -0.02209 
 0.75873  0.07987 
-100.00000 -100.00000 
-100.00000 -100.00000 
-100.00000 -100.00000 
 0.09761  0.13761 
-100.00000 -100.00000 
-100.00000 -100.00000 
-100.00000 -100.00000 
-0.00035 -100.00000 
-100.00000 -100.00000 
-0.01736  0.26819 
-0.00016  0.00005 
-100.00000 -100.00000 
 0.37894  0.00075 
-100.00000  0.92631 
-100.00000 -100.00000 
-100.00000 -100.00000 
-0.00116 -100.00000 
 0.04906 -0.01658 
-100.00000  0.00072 
-100.00000 -100.00000 
-100.00000  0.13751 
-0.13926 -0.84816 
-100.00000 -0.26275 
 0.11578 -100.00000 
-100.00000 -100.00000 
-100.00000  0.65464 
-1.12335  0.13785 
-100.00000 -100.00000 
-100.00000 -100.00000 
-0.14315  0.26288 
-100.00000 -0.40041 
-100.00000 -100.00000 
-0.26352  0.05123 
-100.00000 -100.00000 
-100.00000  0.26366 
-100.00000 -100.00000 
-0.13271 -0.26273 
-0.51562  0.15352 
-100.00000 -100.00000 
-100.00000 -100.00000 
-0.47776 -0.08044 
-0.51548 -100.00000 
-100.00000 -100.00000 
-100.00000 -0.30528 
 0.06118 -0.05259 
 0.16020 -0.44185 
-100.00000 -100.00000 
-100.00000 -100.00000 
-0.02084  1.07059 
-0.15206  0.26308 
-100.00000 -0.10472 
-0.00005 -100.00000 
-100.00000 -100.00000 
-100.00000 -100.00000 
-100.00000 -100.00000 
-100.00000 -100.00000 
-100.00000 -100.00000 
-100.00000 -100.00000 
-100.00000 -100.00000 
-100.00000 -100.00000 
 0.26319 -100.00000 
-100.00000 -100.00000 
 0.22521 -0.08638 
-100.00000 -100.00000 
-100.00000 -100.00000 
-100.00000 -100.00000 
-0.28135  0.48545 
-100.00000 -100.00000 
-100.00000 -100.00000 
-100.00000 -100.00000 
-100.00000 -100.00000 
 0.00000  0.00000 
-100.00000 -0.00023 
-0.13659 -0.36182 
-100.00000 -0.00001 
-100.00000 -100.00000 
 0.08291  0.44814 
-100.00000 -0.11114 
-0.51463 -100.00000 
-100.00000 -100.00000 
-0.14706 -100.00000 
-100.00000 -100.00000 
-100.00000 -100.00000 
-100.00000  0.00009 
-100.00000 -100.00000 
