-100.00000  0.00009 
 0.31279  0.21845 
-0.46666 -0.40252 
 0.00018  0.00023 
 0.23546 -0.17683 
-0.00056 -100.00000 
 0.13808 -0.30383 
 0.00008 -100.00000 
 0.00027  0.00009 
 0.00034  0.00008 
-0.41070  0.58497 
 0.00067  0.00027 
-100.00000 -100.00000 
-0.00009  0.10303 
-100.00000 -100.00000 
-0.58347  0.23098 
-0.13500  0.54440 
-0.13988 -0.08498 
-100.00000 -100.00000 
-0.00005 -100.00000 
 0.37851  0.37858 
-0.00018 -100.00000 
 0.00000  0.00000 
-0.00007  0.00010 
 0.00009 -100.00000 
 0.26300  0.48544 
-100.00000  0.00003 
 0.00001 -100.00000 
 0.37859  0.00010 
 0.00003 -0.00005 
-1.03262  0.46345 
-100.00000 -100.00000 
 0.00002 -0.00012 
-0.33867 -0.05127 
-100.00000 -100.00000 
-0.00025 -100.00000 
-0.00096 -100.00000 
-0.10726  0.33716 
-100.00000 -100.00000 
-0.00934 -100.00000 
-0.11842  1.19799 
-0.00511 -0.02113 
-0.14271 -100.00000 
 0.00004  0.00006 
-100.00000 -100.00000 
 0.00002 -0.00003 
-0.23646  0.52150 
-100.00000 -100.00000 
-100.00000 -100.00000 
-100.00000 -100.00000 
-0.40779  0.30194 
 0.79704 -0.54011 
 1.03162 -0.03880 
-100.00000 -100.00000 
-100.00000 -100.00000 
 0.00000  0.00000 
 0.21415  0.00007 
 0.00015 -100.00000 
 0.48553  0.67811 
 0.00010  0.00040 
-0.00015  0.00008 
 0.28668 -0.00013 
 0.00000  0.00000 
 0.00036 -100.00000 
 0.76514  0.02246 
-0.00007 -100.00000 
-100.00000 -100.00000 
 0.05886  0.00022 
-0.00002  0.00004 
 0.00000  0.00000 
-0.13497 -0.15948 
 0.58500  0.51807 
 0.63019 -0.40058 
 0.00003 -0.00013 
-4.42665 -100.00000 
 0.00000  0.00000 
 0.34271 -0.09046 
-100.00000 -100.00000 
 0.00002  0.00004 
 0.00000  0.00000 
 0.00001 -100.00000 
-0.00003 -100.00000 
-0.00648 -0.19612 
 0.13753  0.00004 
 0.15640 -0.25871 
-0.01191  0.26334 
-100.00000  0.00005 
 0.00001 -0.00016 
 0.42746  0.47617 
 0.29169 -0.02165 
-0.26268 -0.48261 
-0.00500 -0.30380 
-0.39162  0.00002 
-0.76606 -0.17968 
 0.00004 -0.00001 
-0.00003  0.00007 
-0.13411 -0.52366 
-0.22848 -0.06909 
 0.22926  0.91614 
 0.37822  0.20004 
 0.75032  0.49174 
 0.88284  0.00006 
 0.09134 -0.15211 
 0.00049  0.00044 
 0.00000  0.00000 
-100.00000 -0.02216 
 0.00003  0.76557 
-0.00010  0.00005 
-100.00000 -100.00000 
 0.00000  0.00000 
 0.80114  0.23127 
-100.00000 -100.00000 
 0.50696 -0.44115 
-0.99722  0.09520 
 0.00036 -0.00005 
 0.11474  0.10400 
 0.29578  0.29351 
-100.00000 -100.00000 
 0.23856  0.00770 
-0.17491  0.12732 
 0.00008 -0.00002 
 0.00010 -0.00005 
 0.17901 -0.09474 
-0.62191  0.11381 
 0.00006  0.26312 
 0.00002  0.61599 
 0.86630  0.26298 
-100.00000  0.00005 
 0.01432 -0.13506 
-0.45073 -0.40561 
 0.00004  0.00002 
 0.08502  0.29425 
-100.00000 -100.00000 
 0.00007  0.00001 
 0.00013 -100.00000 
 0.92379  0.31941 
-0.48541  0.14903 
 0.48701 -0.00081 
-0.00080 -0.01171 
 0.00002  0.00001 
-100.00000  0.10911 
-100.00000 -100.00000 
-100.00000  0.00017 
 0.60493 -0.15595 
-0.54874 -0.18563 
 0.21444  0.04189 
 0.00000  0.00000 
 0.13795  0.76598 
-100.00000 -100.00000 
 0.00076  0.00016 
 0.00039 -0.00005 
 0.13755  0.13749 
 0.72970  0.44913 
-0.10195 -0.00040 
-0.31607 -0.23785 
 0.00000  0.00000 
 1.15499 -0.05249 
-0.03288  0.18577 
 0.46653 -0.35270 
 0.00004 -0.00000 
 0.00001 -0.00000 
 0.35300 -0.07730 
-100.00000 -100.00000 
 0.00006 -0.00001 
-100.00000  0.26308 
-0.25663 -0.00003 
-100.00000 -100.00000 
 0.00001  0.00000 
-0.30783 -0.04324 
 0.13826 -100.00000 
 0.00000  0.00000 
 0.33424 -0.32781 
 0.02638  0.11368 
 0.00009 -0.00003 
 1.58813  0.37232 
 0.00210 -0.38586 
 0.00010 -100.00000 
-0.91391 -100.00000 
-0.78195  0.10572 
 0.58434  0.00019 
 0.00008  0.00001 
 0.26365 -0.28506 
-100.00000 -100.00000 
 0.58452  0.35631 
-1.13199  0.00013 
 0.00000  0.00000 
 0.37854 -0.00004 
 0.08330 -0.18241 
 0.00356 -100.00000 
 0.00004 -0.00009 
-100.00000 -100.00000 
-100.00000  0.00004 
 0.13749  0.11284 
 0.00000  0.00000 
 0.24303 -0.00230 
-100.00000 -100.00000 
 0.00009 -100.00000 
-100.00000 -100.00000 
 0.00010  0.00014 
-1.36045  0.63906 
 0.33560 -0.41199 
-0.84383 -0.51727 
 0.04986  0.05922 
-0.00004  0.00006 
-0.16067  0.57253 
 1.79306 -0.53403 
-100.00000 -100.00000 
-0.00008  0.00014 
 0.26690  0.73148 
-2.59539  0.90582 
 0.00000  0.00000 
 0.26187  0.29819 
 0.26445 -0.12795 
-0.00175  0.00001 
-100.00000 -100.00000 
 0.00110  0.00009 
-100.00000 -0.13849 
 0.13680 -0.35105 
-0.32864 -0.24464 
 0.84580  0.13051 
 0.22430  0.11332 
 0.00003 -0.00005 
 0.11923  0.83308 
 0.16784 -0.28992 
 0.24346 -0.22944 
 0.00015 -0.00020 
 0.37846 -0.00022 
-100.00000  0.00027 
 0.61897 -0.07626 
 0.00025 -100.00000 
 0.24452 -0.12801 
-1.28488  0.48379 
-0.32593  0.01713 
-0.00197 -100.00000 
-0.13376  0.00023 
 0.00068  0.13791 
 0.50189  0.02092 
-0.37316 -0.39810 
 0.00004 -0.00006 
-0.12236 -100.00000 
 0.00000  0.00000 
 0.00015 -0.28648 
-100.00000 -100.00000 
 0.13642 -0.00011 
 0.00009  0.00009 
 0.00065 -0.00009 
 0.12975  0.00001 
-100.00000 -0.00026 
 0.00018 -0.00001 
-100.00000 -100.00000 
 0.29927  0.26598 
-100.00000 -100.00000 
 0.00000  0.00000 
 1.13227  0.00581 
-0.53753 -0.00009 
-100.00000 -100.00000 
-0.27024  0.53995 
 0.00013 -0.00001 
 0.21923 -0.28425 
 0.48545 -0.21156 
-100.00000 -100.00000 
 0.00000  0.00000 
-100.00000 -100.00000 
 0.00009  0.00013 
-100.00000 -100.00000 
 0.00185 -100.00000 
-100.00000 -100.00000 
 0.24293  0.07656 
-0.00173  0.00002 
 0.21237  0.23750 
 0.00010 -0.00002 
-1.01748  0.19389 
-100.00000 -100.00000 
-0.18325  0.69876 
 0.18845 -0.00827 
 0.00000  0.00000 
 0.21649  0.38306 
 0.33559 -0.08503 
 0.00017 -100.00000 
 0.00000  0.00000 
-0.00017  0.00002 
 0.00010 -100.00000 
 0.00025  0.13819 
 0.00002  0.00002 
-0.12191 -0.07261 
-0.24658  0.58514 
-0.00014 -100.00000 
 0.13829  0.00022 
 0.32166 -0.51776 
-0.10529 -0.10982 
-0.13983  0.48560 
 0.00023 -100.00000 
 0.00039 -100.00000 
-0.42480 -0.16686 
-0.00229  0.37847 
-0.00018  0.00006 
-100.00000 -100.00000 
-100.00000  0.00005 
 0.00048 -0.00000 
 0.00000  0.00000 
-0.00402  0.13746 
-100.00000 -100.00000 
-0.01077 -0.31468 
 0.50637  0.04237 
 1.25413 -100.00000 
-100.00000  0.00033 
-100.00000 -100.00000 
 0.00000  0.00003 
 0.00010 -0.00006 
-100.00000 -100.00000 
 0.00018 -100.00000 
-0.01292 -0.17948 
-100.00000 -100.00000 
 0.11147  0.48544 
 0.76748  0.05391 
-100.00000 -100.00000 
 0.00000  0.00000 
 0.72274  0.25968 
-0.00010  0.13747 
 0.26303 -100.00000 
-100.00000 -100.00000 
-0.00003  0.00019 
 0.00057 -100.00000 
-0.35922  0.23178 
 0.16333 -0.61018 
-0.94681  0.13745 
 0.00011 -0.00003 
-0.00001 -0.00006 
 0.29745  0.08874 
-100.00000 -100.00000 
 0.26304 -0.16541 
-0.00026 -100.00000 
 0.00000  0.00000 
-100.00000 -100.00000 
 0.50145 -0.68964 
-100.00000 -100.00000 
-0.64623  0.13683 
-0.00018 -100.00000 
-100.00000  0.01370 
-100.00000 -100.00000 
 0.13746  0.00014 
 0.00007  0.00001 
 0.36381  0.07933 
 0.00000  0.00000 
-100.00000 -100.00000 
-0.00010 -0.00012 
 0.00000  0.00000 
 0.26291 -0.16639 
 0.00010 -100.00000 
-100.00000 -0.16681 
 0.00000  0.00000 
-0.00011  0.00004 
-100.00000 -100.00000 
-0.01706  0.25531 
 0.00000  0.00000 
 0.00000  0.00000 
-0.13983 -0.00001 
-100.00000 -100.00000 
 0.00000  0.00000 
 0.00072  0.00048 
-100.00000 -100.00000 
 0.05385 -0.40187 
 0.00000  0.00000 
 0.26300 -0.02952 
-0.00002 -0.00004 
 0.00000  0.00000 
-0.00100  0.00001 
-0.00026  0.00008 
 0.00051 -100.00000 
-0.26646 -0.00000 
-100.00000 -100.00000 
-0.56243 -0.04062 
 0.00018 -0.02957 
 0.00000  0.00000 
 0.00002 -0.00008 
 0.00000  0.00000 
 0.00005  0.00006 
-0.35519 -100.00000 
 0.35515  0.05174 
 0.65705  0.00185 
-0.00004 -0.00004 
 0.13773 -0.37173 
 0.04023  0.28820 
-100.00000 -100.00000 
-0.00006 -0.00002 
 0.55329  0.24451 
-100.00000 -100.00000 
-0.00008  0.00006 
-100.00000 -100.00000 
 0.00000  0.00000 
-100.00000  0.00005 
-0.00010 -100.00000 
 0.00007 -100.00000 
-100.00000 -100.00000 
-100.00000  0.13748 
-100.00000 -100.00000 
-1.44116  0.00005 
-0.25798 -0.00001 
-100.00000 -100.00000 
 0.65806 -0.10678 
-100.00000 -100.00000 
 0.00057 -100.00000 
 0.24331 -100.00000 
 0.73109  0.09514 
-0.58825  0.52417 
-0.13544 -0.13411 
 0.00011 -100.00000 
 0.93530 -0.69400 
-0.28959  0.09452 
 0.00000  0.00000 
-0.12339 -0.45319 
 0.83049  0.39746 
 0.00011  0.00008 
-1.24570 -0.04703 
-0.13831  0.54848 
-0.00057 -100.00000 
-0.07653  0.23918 
-100.00000 -100.00000 
-0.08767  0.02296 
-0.00019 -0.00010 
-0.04829  0.07927 
-100.00000 -100.00000 
-0.00005 -0.00007 
-100.00000 -100.00000 
 0.00018 -100.00000 
 0.00002 -100.00000 
 0.00787  0.13751 
 0.60478  0.18128 
-0.08330 -0.26796 
 0.00000  0.00000 
-0.00017  0.00001 
 0.00017 -100.00000 
 0.40075  0.02888 
-0.00040 -0.00012 
 0.00002 -0.11773 
-100.00000 -100.00000 
 0.00008 -0.00002 
-100.00000 -100.00000 
-100.00000 -100.00000 
-0.31358  0.02394 
 0.00004  0.00003 
 0.00016 -0.00001 
 0.26302 -100.00000 
-100.00000 -100.00000 
-100.00000 -100.00000 
-0.35147  0.98084 
-100.00000 -100.00000 
 0.06175  0.31240 
 0.16402  0.20180 
-100.00000 -100.00000 
 0.00003 -0.00004 
 0.33801 -0.01363 
-0.00020 -0.00004 
-100.00000 -100.00000 
-0.23603 -0.97230 
 0.11981  0.37848 
-100.00000 -100.00000 
-100.00000  0.26300 
 0.00001 -0.00009 
-0.00067 -100.00000 
-100.00000 -100.00000 
 0.00014  0.00001 
 0.77725  0.07477 
-0.18297  0.00591 
-0.10918 -100.00000 
-0.12111  0.16857 
 0.01305 -0.21624 
-0.00040  0.00027 
 0.00003  0.13754 
 0.36571 -0.11902 
 1.79789  0.00009 
-100.00000 -100.00000 
 0.37015  0.13755 
 0.00145 -0.00414 
 0.21492  0.20391 
 0.13737 -100.00000 
 0.00000  0.00000 
-0.00003 -100.00000 
 0.00000  0.00000 
 0.37861 -0.14715 
 0.00008  0.00003 
 0.27514 -0.48897 
-0.00010  0.00000 
 0.00010 -0.00001 
 0.00006 -100.00000 
 0.26173 -100.00000 
-0.11110  0.33449 
 0.13518  0.23006 
-100.00000 -100.00000 
 0.33804 -0.32032 
 0.00005  0.13744 
-100.00000 -100.00000 
 0.12077  0.09855 
 0.15972 -0.19234 
 0.04898 -0.00009 
-0.26277  0.51241 
 0.01659 -0.52905 
 0.00000  0.00000 
-0.22134 -100.00000 
 0.00001  0.00006 
 0.43752 -0.03980 
-0.31042  0.36662 
-0.30211 -0.14952 
-0.35984  0.13744 
-0.00001  0.00003 
-0.17265 -0.01324 
 0.58081  0.04180 
 0.19311 -0.08361 
 0.06689 -0.00017 
 0.48528  0.65876 
 0.48546  0.13749 
 0.16387 -0.28723 
 0.47484  0.02876 
 0.23334  0.33636 
 0.42978  0.03050 
-100.00000 -100.00000 
 0.02880 -0.17386 
 0.00000  0.00000 
-100.00000  0.13745 
 0.00022  0.13769 
-0.00011 -0.01281 
 0.27172 -0.44071 
-0.07489  0.26278 
 0.02855 -0.49560 
 0.00000  0.00000 
-0.17315  0.00072 
 0.00028  0.13744 
-0.35882 -0.57599 
-100.00000 -100.00000 
-0.10399 -100.00000 
-100.00000  0.13749 
-100.00000 -100.00000 
-0.00007 -0.00002 
 0.00002 -0.00009 
-0.00006 -100.00000 
-0.00007 -0.00016 
-100.00000 -100.00000 
 0.03297 -0.21097 
 0.00007  0.00027 
 0.00031 -0.52488 
 0.00004 -0.00010 
-0.00000 -0.15075 
 0.13766 -0.15097 
 0.00005 -0.00002 
-100.00000 -100.00000 
-100.00000  0.00002 
 0.00000  0.00000 
-0.22753  0.07366 
-100.00000 -100.00000 
 0.69224  0.34798 
 0.26303  0.11259 
 0.10033  0.00304 
-0.90650 -0.26433 
 0.13737 -0.15078 
-0.00001  0.26309 
-0.13750 -100.00000 
 0.00000  0.00000 
-0.00013 -0.15094 
-0.00014  0.00003 
-0.00004 -0.00000 
-0.26275 -0.00021 
 0.04921  0.05473 
-100.00000 -100.00000 
 0.00009 -0.02465 
-0.00032 -100.00000 
