 0.00000  0.00000 
-0.05019  0.09915 
-100.00000 -100.00000 
 0.23489 -100.00000 
-100.00000 -100.00000 
-0.71467 -1.09766 
-100.00000  0.42726 
 0.04729 -0.03284 
 0.13740 -100.00000 
-100.00000 -0.00482 
-0.19921 -0.50192 
-100.00000  0.00067 
-100.00000 -100.00000 
-100.00000 -100.00000 
-100.00000 -100.00000 
-100.00000 -100.00000 
-100.00000 -100.00000 
-100.00000 -100.00000 
-100.00000 -100.00000 
 0.01915 -0.29392 
-100.00000 -100.00000 
 0.09491 -0.30903 
-100.00000 -100.00000 
-100.00000 -100.00000 
-100.00000 -100.00000 
-100.00000 -100.00000 
-100.00000 -100.00000 
-100.00000 -100.00000 
-100.00000 -100.00000 
-100.00000 -100.00000 
-100.00000 -100.00000 
 1.07026 -100.00000 
-100.00000 -100.00000 
-100.00000 -100.00000 
-100.00000 -100.00000 
 0.40490 -0.49920 
-100.00000  0.37755 
-100.00000 -100.00000 
-0.21292 -0.61202 
-100.00000 -100.00000 
 0.09975 -0.43538 
-100.00000 -100.00000 
 0.23157 -0.56166 
-100.00000 -100.00000 
-100.00000 -100.00000 
 0.13760 -100.00000 
-100.00000  0.76570 
-100.00000 -100.00000 
 0.11709 -0.01164 
-100.00000 -100.00000 
-100.00000  0.00015 
 0.00006 -100.00000 
-100.00000  0.37931 
-100.00000 -100.00000 
-100.00000 -100.00000 
-100.00000 -100.00000 
-100.00000 -0.12112 
-100.00000 -100.00000 
-0.22176  0.63195 
 0.00002 -0.43554 
-100.00000 -100.00000 
-0.25033 -100.00000 
-100.00000 -100.00000 
 0.48078 -0.12444 
-0.25338 -0.27305 
-100.00000 -100.00000 
-100.00000 -100.00000 
-100.00000  0.26264 
-100.00000 -0.13479 
 0.00013  0.00011 
-100.00000 -100.00000 
-100.00000 -100.00000 
-100.00000 -100.00000 
 0.26300 -0.17954 
-100.00000 -100.00000 
-100.00000 -100.00000 
-100.00000 -100.00000 
-100.00000 -100.00000 
-0.24983 -100.00000 
-100.00000 -100.00000 
-100.00000 -100.00000 
-100.00000 -100.00000 
-100.00000  0.13768 
-100.00000 -100.00000 
-100.00000 -100.00000 
-0.35961 -100.00000 
 0.13285 -0.92805 
-0.24953  0.00001 
 0.11455  0.63257 
-100.00000 -0.53350 
-100.00000  0.87684 
-100.00000 -0.27464 
-100.00000 -100.00000 
-100.00000 -100.00000 
-100.00000 -100.00000 
-0.16039  0.26301 
-100.00000 -100.00000 
-100.00000 -100.00000 
-100.00000 -100.00000 
 0.28009 -0.00029 
-100.00000 -100.00000 
-100.00000 -100.00000 
-100.00000 -100.00000 
-100.00000 -100.00000 
-100.00000 -100.00000 
 0.00003 -100.00000 
-100.00000 -100.00000 
-100.00000 -100.00000 
-100.00000 -100.00000 
-100.00000 -100.00000 
-100.00000 -100.00000 
-100.00000 -100.00000 
-0.00007 -0.13337 
-100.00000 -0.00065 
 0.17970 -100.00000 
-100.00000 -100.00000 
-100.00000 -100.00000 
-0.27890 -0.37102 
 0.38718 -0.25821 
-100.00000 -100.00000 
-100.00000 -100.00000 
 0.10249 -0.21147 
-100.00000 -100.00000 
-100.00000 -0.00015 
-100.00000 -100.00000 
-0.92199 -100.00000 
-100.00000 -100.00000 
 0.87200 -100.00000 
-100.00000 -100.00000 
-100.00000 -100.00000 
-100.00000 -100.00000 
-100.00000 -100.00000 
-0.34385 -0.22577 
-100.00000 -100.00000 
-100.00000 -100.00000 
-1.69605  0.26082 
-100.00000 -100.00000 
-0.95758 -100.00000 
-100.00000  0.48462 
-100.00000 -100.00000 
-100.00000 -100.00000 
-100.00000 -100.00000 
-0.30596 -100.00000 
-100.00000 -100.00000 
-0.00006 -0.23953 
-0.18938 -100.00000 
-100.00000 -100.00000 
 0.21154 -100.00000 
-100.00000 -100.00000 
 0.13796 -100.00000 
-100.00000 -100.00000 
-100.00000 -100.00000 
 0.07219 -0.36835 
-0.88594  0.59628 
 0.35198 -0.86107 
-100.00000 -100.00000 
-0.39302 -0.30783 
-0.04458 -0.56793 
-100.00000  0.00355 
-100.00000 -0.57182 
-100.00000 -100.00000 
-100.00000 -100.00000 
-100.00000 -100.00000 
 0.58502 -0.11903 
-100.00000 -100.00000 
-100.00000 -100.00000 
 0.02681  0.18559 
-0.15315  0.23612 
 0.56352  0.26329 
 0.18675  0.27803 
-100.00000 -100.00000 
-100.00000  0.00028 
-100.00000  0.48641 
-100.00000 -100.00000 
 0.00112 -100.00000 
-0.29298  1.02236 
-0.61265 -0.18050 
-100.00000 -100.00000 
-100.00000 -100.00000 
-100.00000  0.67745 
-100.00000 -100.00000 
 0.30595  0.95752 
-100.00000 -100.00000 
-1.26608 -100.00000 
 0.81451  0.26307 
-100.00000 -100.00000 
-100.00000  0.00003 
-100.00000 -100.00000 
-100.00000 -100.00000 
-100.00000  0.50895 
-100.00000 -100.00000 
-100.00000  0.00002 
-100.00000 -100.00000 
-100.00000 -100.00000 
-100.00000 -100.00000 
-100.00000 -100.00000 
-0.00543  0.00009 
-100.00000 -100.00000 
-100.00000 -100.00000 
-100.00000 -100.00000 
-100.00000  0.00729 
-100.00000 -100.00000 
-100.00000 -100.00000 
-100.00000 -100.00000 
 1.17937  0.00001 
-100.00000 -100.00000 
 0.00001  0.31140 
-100.00000 -100.00000 
-100.00000  0.21129 
-100.00000 -100.00000 
-0.83899 -100.00000 
-100.00000 -2.81006 
-100.00000 -100.00000 
-100.00000 -100.00000 
-100.00000 -100.00000 
 0.14738 -100.00000 
-100.00000 -100.00000 
-100.00000  0.24237 
-100.00000 -100.00000 
 0.52883 -0.27486 
-0.28952  0.00006 
-100.00000 -0.90259 
-100.00000 -100.00000 
-1.35077  0.30500 
-100.00000 -0.19937 
-100.00000  0.26319 
-100.00000  0.82783 
-100.00000 -100.00000 
-100.00000 -100.00000 
-0.43484  0.15391 
-0.14285 -0.06194 
 0.21800 -1.46146 
 0.16986 -1.27834 
-0.00622  0.25457 
-100.00000 -0.42905 
-0.41503  0.29224 
 0.33981  0.48781 
-100.00000 -100.00000 
-100.00000  0.08978 
 0.48571  0.48668 
-100.00000 -100.00000 
-0.15467  0.01246 
 0.00000  0.00000 
-100.00000  0.35881 
-100.00000 -100.00000 
-100.00000 -100.00000 
-100.00000 -100.00000 
 0.08758  0.00849 
-0.43221 -0.52853 
-100.00000 -100.00000 
-100.00000 -0.68550 
-100.00000 -100.00000 
 0.00012  0.12795 
-100.00000 -100.00000 
-0.14355 -0.00024 
 0.11428  0.21927 
 0.36916  0.41993 
-100.00000 -100.00000 
-100.00000 -100.00000 
-100.00000 -100.00000 
-100.00000 -100.00000 
-100.00000 -100.00000 
-100.00000 -100.00000 
-100.00000 -100.00000 
 0.11407 -0.36164 
-100.00000 -100.00000 
-100.00000 -100.00000 
-100.00000 -100.00000 
-100.00000  0.37678 
-100.00000 -100.00000 
-100.00000 -100.00000 
-100.00000 -100.00000 
-0.01676  0.08389 
 1.01158  0.12795 
-100.00000 -100.00000 
-100.00000 -0.13627 
-0.74430 -0.53783 
-100.00000 -100.00000 
-100.00000 -100.00000 
-100.00000 -100.00000 
 0.26309 -0.29207 
-100.00000 -100.00000 
-0.75745 -0.70753 
-100.00000 -100.00000 
 0.13765  0.00079 
-100.00000 -0.53836 
-100.00000 -100.00000 
 0.00000  0.00000 
-100.00000 -100.00000 
-100.00000 -100.00000 
-100.00000 -100.00000 
-100.00000 -100.00000 
-0.09282  0.23867 
 0.34506  0.10077 
-100.00000 -100.00000 
-100.00000 -100.00000 
-100.00000 -100.00000 
-100.00000 -100.00000 
 0.23885  0.83926 
-100.00000 -100.00000 
-100.00000 -100.00000 
 0.72739  0.07796 
 0.38249 -100.00000 
-100.00000 -100.00000 
-0.12388 -100.00000 
-100.00000  0.13767 
-100.00000 -100.00000 
-100.00000 -100.00000 
-100.00000 -100.00000 
-100.00000 -100.00000 
 0.52383  0.35986 
-100.00000 -100.00000 
-100.00000 -100.00000 
 0.18272 -100.00000 
-100.00000 -100.00000 
 0.01017  0.13425 
-100.00000 -100.00000 
 0.19915 -100.00000 
-100.00000 -100.00000 
-100.00000 -100.00000 
 0.26312 -100.00000 
-100.00000 -100.00000 
 0.00026 -100.00000 
 0.15756  0.06693 
-100.00000 -100.00000 
-0.14343 -100.00000 
-100.00000 -100.00000 
-0.11251  0.41110 
 0.46247 -0.22933 
 0.00000  0.00000 
-100.00000 -100.00000 
-100.00000 -100.00000 
-100.00000 -100.00000 
-100.00000  0.26301 
-100.00000 -100.00000 
-100.00000 -100.00000 
-100.00000 -0.42384 
-100.00000 -100.00000 
-100.00000 -100.00000 
-100.00000 -0.00007 
-100.00000 -100.00000 
-100.00000 -100.00000 
-100.00000 -100.00000 
-100.00000 -100.00000 
-100.00000 -100.00000 
-100.00000 -100.00000 
 1.20163 -100.00000 
-100.00000 -100.00000 
-100.00000  0.26314 
-100.00000 -100.00000 
-100.00000 -100.00000 
-100.00000 -0.00244 
-100.00000 -100.00000 
-100.00000 -100.00000 
-100.00000 -100.00000 
-100.00000 -100.00000 
-100.00000 -100.00000 
-100.00000 -100.00000 
-100.00000 -100.00000 
 0.00000  0.00000 
 0.18986  0.29726 
-100.00000 -100.00000 
-100.00000 -100.00000 
 0.00000 -100.00000 
-100.00000 -100.00000 
-100.00000 -100.00000 
-100.00000 -100.00000 
-0.14031 -100.00000 
 0.35354  0.41138 
-100.00000  0.00079 
-100.00000 -100.00000 
-100.00000 -100.00000 
-0.00304 -100.00000 
-100.00000 -100.00000 
 0.17682  0.26306 
-100.00000 -100.00000 
-100.00000 -100.00000 
-100.00000 -100.00000 
-100.00000 -100.00000 
-100.00000 -100.00000 
-0.13788 -1.06297 
 0.13795  0.13773 
-100.00000 -100.00000 
-100.00000 -100.00000 
-100.00000 -100.00000 
-0.00041  1.00725 
-100.00000 -100.00000 
 0.58320 -0.30860 
-100.00000 -100.00000 
-100.00000  0.02638 
-100.00000 -0.25875 
-100.00000 -100.00000 
-100.00000  0.00007 
-0.12670 -0.10944 
 0.05263 -0.16068 
-100.00000 -100.00000 
-100.00000 -100.00000 
-100.00000 -100.00000 
-100.00000  0.00002 
-100.00000 -100.00000 
 0.13777  0.13748 
 0.00000  0.00000 
-100.00000 -100.00000 
-100.00000 -100.00000 
-100.00000 -100.00000 
-0.00008  0.26268 
-100.00000 -100.00000 
-100.00000 -0.40507 
 0.32668 -0.50286 
-100.00000 -100.00000 
-100.00000 -100.00000 
-100.00000 -100.00000 
-100.00000 -100.00000 
-100.00000 -100.00000 
 0.37812  0.13803 
-100.00000 -100.00000 
-100.00000 -100.00000 
-100.00000 -100.00000 
 0.15631  0.33935 
 0.00000  0.00000 
-100.00000 -100.00000 
-100.00000 -100.00000 
-100.00000 -100.00000 
-100.00000 -100.00000 
-100.00000 -100.00000 
-100.00000 -100.00000 
-100.00000 -100.00000 
 0.04409  0.00773 
 0.02960 -0.04773 
-100.00000 -100.00000 
-100.00000 -100.00000 
-100.00000  0.19899 
-100.00000 -100.00000 
-100.00000  0.58456 
-100.00000 -100.00000 
-100.00000 -100.00000 
-100.00000 -100.00000 
-100.00000 -100.00000 
-100.00000  0.00012 
-100.00000 -100.00000 
-0.00301  0.00450 
-0.00100  0.00016 
-100.00000 -100.00000 
-100.00000 -100.00000 
-0.32987  0.10772 
-100.00000 -100.00000 
-100.00000 -100.00000 
-100.00000 -100.00000 
-0.32599  0.28822 
-100.00000 -100.00000 
 0.13761 -100.00000 
-100.00000 -100.00000 
-100.00000 -100.00000 
-100.00000 -100.00000 
-100.00000 -100.00000 
-100.00000 -100.00000 
-100.00000 -100.00000 
 0.37943 -0.25270 
-100.00000 -100.00000 
-100.00000 -100.00000 
-0.22424  0.00754 
-100.00000 -100.00000 
-0.00014 -100.00000 
-100.00000 -100.00000 
-100.00000 -100.00000 
-100.00000 -100.00000 
-100.00000 -100.00000 
-0.88553 -0.08101 
-100.00000 -100.00000 
-0.10883 -100.00000 
-100.00000 -100.00000 
-100.00000 -100.00000 
-100.00000 -100.00000 
 0.04746  0.50839 
-100.00000 -100.00000 
 0.22275  0.34234 
-100.00000 -100.00000 
-100.00000 -100.00000 
-100.00000 -100.00000 
-100.00000 -100.00000 
-0.14712 -100.00000 
-100.00000 -100.00000 
-100.00000 -100.00000 
-0.00030 -100.00000 
-100.00000 -100.00000 
 0.20493 -0.00131 
-100.00000  0.00001 
-100.00000 -100.00000 
-100.00000 -100.00000 
 0.36920 -0.26217 
-100.00000 -100.00000 
 0.00000  0.00000 
 0.13793  0.92675 
-100.00000 -0.05646 
-100.00000 -100.00000 
-100.00000 -100.00000 
-0.55769 -0.70629 
-100.00000 -100.00000 
-0.04649  1.05401 
-100.00000 -100.00000 
-100.00000 -0.07617 
-100.00000 -100.00000 
-100.00000 -0.07654 
-100.00000  0.00023 
-100.00000 -100.00000 
-100.00000  0.26314 
-100.00000 -100.00000 
-100.00000 -100.00000 
 0.00003 -100.00000 
-0.03468  0.20062 
-0.26572  0.22700 
-100.00000 -100.00000 
 0.42554  0.43813 
-100.00000  0.26287 
-0.40242 -0.07587 
 0.21624 -0.05010 
-100.00000 -100.00000 
 0.63935 -100.00000 
-0.16246 -1.71530 
-100.00000 -100.00000 
 1.08358 -0.12697 
-100.00000 -100.00000 
-100.00000 -100.00000 
 0.00000  0.00000 
-100.00000 -100.00000 
-1.42071  0.19199 
-100.00000  0.16001 
-100.00000 -0.00022 
 0.10469  0.15869 
 0.01814  0.56450 
-100.00000 -100.00000 
-100.00000  0.13725 
-100.00000 -100.00000 
-100.00000 -100.00000 
-100.00000 -100.00000 
-100.00000 -100.00000 
-100.00000 -100.00000 
-100.00000 -100.00000 
-100.00000 -100.00000 
 0.10464 -100.00000 
-0.55225  0.22501 
 0.33263 -0.05629 
 0.37851  0.37867 
-100.00000 -100.00000 
-100.00000 -100.00000 
-0.01892  0.36863 
-100.00000 -100.00000 
-100.00000 -100.00000 
-100.00000 -100.00000 
-100.00000 -0.11094 
-100.00000 -100.00000 
-100.00000 -100.00000 
 0.00000  0.00000 
 0.11596 -100.00000 
-0.63018 -100.00000 
-100.00000 -0.00015 
-100.00000 -100.00000 
-0.01701 -100.00000 
-0.01714 -0.50416 
-100.00000 -100.00000 
-100.00000 -100.00000 
-100.00000 -100.00000 
 0.03047 -0.69563 
-100.00000 -100.00000 
-0.00007 -0.21427 
