 0.13617  0.44151 
-0.63648  0.58537 
-0.13411  0.37841 
-0.42898 -0.28757 
 0.03654  0.74800 
 0.40510 -0.25468 
 0.00612  0.49578 
-0.32495  0.00008 
 0.35519 -0.52566 
 0.00197  0.26534 
-0.05400 -0.00008 
 0.45441 -0.02252 
 0.67389 -0.28834 
-100.00000 -100.00000 
 0.34043 -0.58361 
-100.00000 -100.00000 
-100.00000 -100.00000 
-100.00000 -100.00000 
-0.03669  0.32257 
 0.00000  0.00000 
-100.00000 -100.00000 
 0.00000  0.00000 
-100.00000 -100.00000 
-100.00000 -100.00000 
-100.00000 -100.00000 
-100.00000 -100.00000 
-100.00000 -100.00000 
-100.00000 -0.14267 
-100.00000 -100.00000 
-0.02977  0.03025 
-100.00000 -100.00000 
-1.01334 -0.71048 
-0.10093  0.11513 
-100.00000 -100.00000 
 0.11435 -0.64987 
 0.00000  0.00000 
-0.29079  0.16053 
-100.00000 -100.00000 
-100.00000 -100.00000 
-100.00000 -100.00000 
-100.00000  0.26299 
-100.00000 -100.00000 
-100.00000 -100.00000 
 0.29618  0.44960 
-100.00000 -100.00000 
-100.00000 -100.00000 
-0.13136  0.31920 
-100.00000 -100.00000 
-0.65496 -100.00000 
 0.21925 -0.36132 
 0.20696 -0.27411 
-100.00000 -100.00000 
-0.51235  0.61338 
-100.00000 -100.00000 
 0.00005 -0.00006 
-100.00000 -100.00000 
-100.00000  0.13764 
 0.00480  0.16418 
-100.00000 -100.00000 
 0.00002  0.00010 
-0.97470  1.05942 
-0.13063  0.12043 
-100.00000 -100.00000 
 0.00000  0.00000 
-100.00000 -100.00000 
-100.00000 -100.00000 
-0.46347 -0.01292 
 0.13767  0.11222 
-100.00000 -100.00000 
-100.00000  0.00011 
-0.73244 -0.14263 
-100.00000 -100.00000 
-100.00000 -0.14248 
 0.00000  0.00000 
-0.25849  1.05781 
-100.00000 -100.00000 
-100.00000 -100.00000 
-0.38569  0.44228 
 0.24818  0.12038 
-100.00000 -100.00000 
-100.00000 -0.14268 
-100.00000 -100.00000 
-100.00000  0.00017 
-100.00000 -100.00000 
-100.00000 -100.00000 
 0.71811  1.09500 
-0.11206  0.70527 
 0.47386  0.62246 
-0.05346  1.59836 
 0.25030 -0.59557 
-0.36998 -0.01624 
 0.26329  0.21307 
-100.00000 -100.00000 
-100.00000 -100.00000 
-100.00000 -100.00000 
 0.00000  0.00000 
-0.21169 -0.54073 
-100.00000 -100.00000 
-0.44682 -0.12043 
-100.00000 -0.00029 
-0.00031  0.58532 
-100.00000 -100.00000 
 0.00034  0.12206 
-0.26491  0.84800 
-100.00000 -100.00000 
-100.00000 -100.00000 
-100.00000 -100.00000 
-100.00000 -100.00000 
-100.00000 -100.00000 
-100.00000 -100.00000 
-100.00000 -100.00000 
-0.97984  0.06142 
 0.00000  0.00000 
-100.00000 -100.00000 
-0.26044  0.54883 
-100.00000 -100.00000 
-100.00000 -100.00000 
-0.00002 -0.00007 
-100.00000  0.13796 
-100.00000 -100.00000 
-100.00000 -100.00000 
-100.00000 -100.00000 
-0.65810  0.52587 
-100.00000 -0.00015 
 0.00818  0.05953 
-0.07093  0.24454 
-100.00000 -100.00000 
-0.29358  0.53819 
-100.00000 -0.00015 
-0.07064  0.32839 
 0.13757  0.00004 
-100.00000 -100.00000 
 0.00000  0.00000 
-100.00000 -100.00000 
-100.00000 -100.00000 
-100.00000  0.00458 
 0.51750 -100.00000 
 0.00106  1.11667 
 0.37867 -0.00080 
-100.00000 -100.00000 
-100.00000 -100.00000 
-100.00000 -100.00000 
-100.00000  0.13788 
-0.29181 -0.34781 
 0.26297  0.48492 
-100.00000  0.00029 
-100.00000 -100.00000 
-0.05016 -0.03538 
-0.02009  0.43557 
 0.01148 -0.54536 
-100.00000 -100.00000 
-100.00000 -100.00000 
 0.05460  1.06640 
 0.46856  0.18818 
-0.17350 -0.01693 
-100.00000 -100.00000 
 0.19851  1.11136 
 0.13776  0.45511 
-0.51113 -0.11911 
 0.37865 -100.00000 
-100.00000 -100.00000 
 0.10248 -100.00000 
-0.04202  0.01096 
 0.01565  0.13756 
-0.43590 -0.58906 
-100.00000 -100.00000 
-0.08450 -0.25047 
-100.00000 -100.00000 
-100.00000 -100.00000 
-100.00000  0.13016 
-0.18015 -0.79969 
-100.00000 -0.52581 
-0.04200 -0.38737 
-100.00000 -100.00000 
 0.21918  0.14067 
-0.27570  0.51076 
 0.01612 -1.37305 
-0.29867  0.16838 
-0.77816 -0.09615 
 0.00006 -0.00062 
-100.00000 -100.00000 
-100.00000 -100.00000 
-100.00000 -100.00000 
 0.18109  0.00304 
 0.27082 -0.25655 
-100.00000  0.00034 
-0.00014  0.26306 
-100.00000 -100.00000 
 0.33425 -0.04727 
-0.27639 -1.19467 
-0.07080  0.36508 
 0.50465  0.65177 
-100.00000 -100.00000 
-100.00000 -100.00000 
-0.21653 -0.09881 
-100.00000 -100.00000 
-0.25464  0.00009 
-100.00000 -100.00000 
-100.00000  0.00010 
 0.37854 -0.21679 
 0.82870 -0.35629 
-0.00037 -100.00000 
-100.00000 -100.00000 
-100.00000 -100.00000 
-100.00000 -0.23621 
-0.38873 -0.18391 
-0.01387  0.26315 
-100.00000 -100.00000 
-0.36826  0.14236 
 0.40604  0.96080 
-100.00000  0.37859 
 0.34258  0.34775 
-100.00000 -100.00000 
 0.00011  0.26128 
-0.21339 -0.19603 
-100.00000 -0.05453 
-0.33068 -0.21248 
-100.00000  0.28537 
-100.00000 -100.00000 
-0.57568 -100.00000 
 0.88800 -0.12213 
-100.00000 -100.00000 
-0.42838 -0.66373 
-100.00000 -100.00000 
-0.01680  1.25867 
-0.34116  0.75343 
-0.30303  0.16937 
-0.69542  0.44607 
-100.00000 -0.00077 
 0.00000  0.00000 
-100.00000  0.26465 
-1.16603  0.27903 
-100.00000 -100.00000 
-0.13675  0.41689 
 0.11395  0.01143 
 0.56381  0.08330 
 0.11481  0.71348 
 0.65078 -0.61663 
-100.00000 -100.00000 
-0.15190  0.87162 
-100.00000 -100.00000 
 0.00014 -100.00000 
 0.44067  0.84210 
-0.50730  0.20152 
-100.00000 -100.00000 
-100.00000 -100.00000 
-100.00000 -100.00000 
-0.29468  0.11275 
 0.50241  1.01746 
 1.02191 -1.42365 
-100.00000  0.26374 
-100.00000 -100.00000 
-100.00000 -100.00000 
-100.00000 -100.00000 
 0.41262 -0.87202 
 0.00000  0.00000 
 0.00000  0.00000 
-0.69255  0.96886 
-100.00000 -100.00000 
-100.00000 -100.00000 
-0.16433 -0.13329 
-100.00000 -100.00000 
-100.00000 -100.00000 
 0.10574  0.58856 
 0.00000  0.00000 
 0.00021 -100.00000 
-100.00000 -100.00000 
-100.00000 -100.00000 
-100.00000 -0.00173 
-100.00000 -100.00000 
 0.00009 -100.00000 
 0.34573  0.47444 
-0.21763  0.45613 
 0.57869  0.01809 
-0.00979  0.00189 
-100.00000 -0.00069 
-0.53916  0.62630 
 0.40801  0.81466 
-100.00000  0.00017 
-100.00000 -100.00000 
 0.00000  0.00000 
 0.00000  0.00000 
 0.07095  0.08319 
-100.00000 -100.00000 
-0.01877  0.41866 
 0.54492 -0.72330 
-100.00000 -0.22523 
-0.44261  0.24148 
-100.00000  0.13794 
-100.00000 -0.00249 
-100.00000 -100.00000 
-100.00000  0.00023 
-100.00000 -100.00000 
 0.14717  0.98712 
-100.00000 -100.00000 
-100.00000 -0.00018 
-0.14987 -0.24760 
-100.00000 -100.00000 
-0.25125 -0.00180 
-100.00000 -100.00000 
-100.00000  0.00017 
 0.00000  0.00000 
-0.45517  0.46399 
 0.11001  0.09219 
-100.00000  0.44473 
-100.00000  0.23883 
-100.00000 -100.00000 
-100.00000 -0.00229 
-100.00000 -100.00000 
-0.14011 -100.00000 
 0.00000  0.00000 
-100.00000 -100.00000 
 0.00003 -100.00000 
-0.30092  0.22938 
-0.01046 -0.16438 
 0.00000  0.00000 
-100.00000 -100.00000 
-100.00000  0.13776 
-100.00000 -100.00000 
-100.00000 -100.00000 
-0.52763 -0.63239 
-100.00000 -100.00000 
 0.03948  0.51599 
-100.00000 -100.00000 
-0.35757  0.21857 
-0.31419  0.30961 
 0.26324 -100.00000 
-100.00000 -0.00001 
-100.00000 -100.00000 
 0.08895  0.07420 
-0.36049 -0.50255 
 0.03503 -0.35108 
-100.00000  0.26298 
-0.50166  0.21922 
 0.17535  0.09624 
-100.00000 -100.00000 
 0.00000  0.00000 
-100.00000 -100.00000 
-0.21562 -0.25415 
 0.00000  0.00000 
-100.00000 -100.00000 
-100.00000 -100.00000 
-0.33412  0.00132 
-100.00000 -100.00000 
 0.89376  0.84785 
-0.20931  0.76544 
-100.00000 -100.00000 
-100.00000 -100.00000 
 0.00000  0.00000 
-100.00000 -100.00000 
-100.00000 -100.00000 
 0.12245 -100.00000 
 0.00000  0.00000 
-100.00000 -100.00000 
-100.00000 -100.00000 
-100.00000 -100.00000 
-100.00000 -100.00000 
-0.12143 -0.72308 
-100.00000 -100.00000 
 0.08333 -0.58841 
 0.00000  0.00000 
-100.00000 -100.00000 
-100.00000 -100.00000 
-100.00000 -100.00000 
-100.00000 -100.00000 
-100.00000 -100.00000 
-100.00000 -100.00000 
-100.00000 -100.00000 
-0.65359  0.09290 
-0.02040 -0.18036 
-100.00000 -100.00000 
-100.00000 -100.00000 
-100.00000 -100.00000 
 0.21734 -100.00000 
-100.00000 -100.00000 
-100.00000 -100.00000 
-100.00000 -100.00000 
-100.00000  0.00005 
-100.00000 -100.00000 
-100.00000 -100.00000 
-0.06320  1.10719 
-0.86536  0.35059 
 0.32067  0.12011 
-0.00290  0.21236 
-100.00000 -100.00000 
-0.18602 -0.18499 
-100.00000 -100.00000 
 0.00000  0.00000 
-0.00006 -0.10920 
 0.49125  0.17352 
 0.00000  0.00000 
-0.16187  0.01702 
-100.00000  0.00007 
-100.00000 -100.00000 
-1.00423 -0.59250 
-0.26369 -100.00000 
-100.00000 -100.00000 
-0.45552  1.34502 
 0.00000  0.00000 
-100.00000 -100.00000 
 0.39617  0.00629 
 0.07126  1.98412 
 0.26304 -100.00000 
-0.00272 -0.18597 
-100.00000 -100.00000 
-100.00000  0.13715 
-0.32673 -0.25640 
-0.22381  0.44988 
 0.14121 -0.23482 
-100.00000 -100.00000 
-0.00108 -0.00006 
-0.12662 -100.00000 
-0.11742  0.26314 
-0.26427 -100.00000 
-0.19685 -0.03081 
-0.10188 -0.34123 
-100.00000 -100.00000 
-100.00000 -100.00000 
-100.00000 -100.00000 
-0.04156 -0.32815 
-100.00000 -100.00000 
-0.32460 -0.31277 
 0.12503 -100.00000 
-100.00000 -100.00000 
-100.00000 -100.00000 
-100.00000 -0.13505 
-0.32039  0.84572 
-100.00000 -100.00000 
-100.00000 -100.00000 
-100.00000 -100.00000 
-100.00000 -0.43725 
-100.00000 -100.00000 
-100.00000 -100.00000 
 0.00000  0.00000 
-100.00000 -100.00000 
-0.01951 -0.33533 
-100.00000 -100.00000 
-100.00000  0.00039 
 0.49925  0.27587 
-100.00000 -100.00000 
 0.58496  0.23437 
 0.41325  0.93558 
 0.38518 -0.30093 
 0.34695 -0.31225 
-100.00000 -100.00000 
-100.00000 -100.00000 
 0.26293 -100.00000 
-100.00000 -100.00000 
-100.00000 -100.00000 
-0.41751  0.11281 
-100.00000 -100.00000 
-100.00000 -100.00000 
-100.00000  0.26283 
-100.00000 -100.00000 
-100.00000 -100.00000 
-0.76926  0.32626 
-100.00000 -100.00000 
-100.00000  0.58497 
-100.00000 -100.00000 
-100.00000 -100.00000 
-100.00000 -100.00000 
-100.00000  0.00252 
-0.00014  0.00020 
-0.26384 -100.00000 
 0.62973  0.17534 
-100.00000 -100.00000 
-0.08576 -0.32869 
-0.24914 -0.94061 
-0.58702 -0.41654 
-100.00000  0.00017 
-100.00000 -100.00000 
 0.13766 -0.13509 
-100.00000 -100.00000 
-0.00284 -0.24972 
-0.76863 -100.00000 
 0.00000  0.00000 
-100.00000 -100.00000 
 0.09681  0.13747 
-100.00000 -100.00000 
-100.00000 -100.00000 
-100.00000  0.00008 
-0.14268 -0.00016 
-0.14683 -0.03564 
-100.00000 -100.00000 
-100.00000 -100.00000 
-0.71681  0.17404 
-100.00000 -100.00000 
-100.00000 -100.00000 
-100.00000 -0.00011 
 0.00000 -0.48453 
-100.00000 -100.00000 
-0.41963  0.26496 
-100.00000  0.34868 
-0.26474  0.13781 
-0.51547 -0.05164 
-0.14288 -0.40037 
-0.39722 -0.21562 
-100.00000 -100.00000 
-0.73239  0.08453 
-100.00000 -100.00000 
 0.11605 -0.11079 
-100.00000 -0.00004 
 0.20491  0.17528 
-0.25228 -0.11070 
-100.00000 -100.00000 
-100.00000 -100.00000 
 0.26297 -0.01299 
-0.44412  0.15295 
 0.36989 -1.36223 
 0.09786 -100.00000 
 0.13746 -100.00000 
 0.11599 -1.42467 
 0.25011 -0.20765 
-100.00000 -0.00017 
 0.00000 -0.26219 
 0.00000  0.00000 
 0.16136 -0.26273 
-0.24723  0.33945 
 0.13737  0.27474 
-0.14699 -0.70920 
 0.04221  0.53848 
 0.13762  0.00025 
-0.28086  0.52831 
-0.25270  0.63261 
 0.00008 -100.00000 
-100.00000 -0.72729 
-0.29907  0.00028 
-100.00000 -100.00000 
 0.00000  0.00000 
-100.00000 -100.00000 
-100.00000 -100.00000 
 0.00000  0.00000 
-100.00000 -100.00000 
-100.00000 -100.00000 
 0.29336 -1.04575 
 0.45410 -0.23353 
-100.00000 -100.00000 
-0.40999  0.58719 
-100.00000 -100.00000 
 0.13769 -0.22073 
 0.02665  0.71245 
 0.45775 -0.19710 
-0.13621  0.23872 
-0.58654 -0.32187 
-100.00000 -100.00000 
-100.00000 -100.00000 
-100.00000 -100.00000 
-100.00000 -100.00000 
 0.00000  0.00000 
-0.49341 -0.19718 
 0.53110 -0.21364 
-100.00000 -100.00000 
 0.35378 -0.61959 
-0.00010 -0.00013 
 0.61870  0.18436 
-0.17205 -0.40580 
-100.00000 -100.00000 
 0.37859  0.04883 
-0.14691 -100.00000 
-100.00000 -100.00000 
-0.23138  0.01973 
 0.11603  0.26774 
 0.00000  0.00000 
-100.00000 -100.00000 
 0.00000  0.00000 
