 0.21593  0.59763 
-0.22186  0.00041 
-0.27629  1.20032 
 0.14773 -0.13099 
-0.11188  0.40515 
-100.00000  0.19278 
 0.00000  0.00000 
-100.00000  0.86507 
-0.25239  1.32220 
-100.00000  0.37885 
 0.08965  0.36863 
-0.83603  0.35226 
 0.00000  0.00000 
 0.53783  0.37374 
-100.00000  0.26303 
-100.00000 -100.00000 
-0.53053  0.01300 
 0.13754  0.00003 
-0.11324  0.93341 
 0.28594  0.07396 
-100.00000 -100.00000 
-0.36151 -0.79185 
-0.35983 -0.12869 
-100.00000 -100.00000 
-100.00000  0.00009 
-0.40926 -0.27663 
-100.00000 -100.00000 
-100.00000 -100.00000 
-100.00000  0.00008 
-100.00000 -100.00000 
-0.13084 -0.00940 
-100.00000 -0.23838 
 0.00000  0.00000 
-100.00000 -100.00000 
-100.00000 -100.00000 
-0.43364 -0.80795 
 0.13669 -0.13607 
 0.37863 -100.00000 
-100.00000 -100.00000 
-100.00000 -100.00000 
 0.00000  0.00000 
 0.21865 -0.20195 
 0.00000  0.00000 
-100.00000 -100.00000 
-100.00000 -100.00000 
-100.00000 -100.00000 
 0.00000  0.00000 
-100.00000 -100.00000 
-100.00000 -100.00000 
 0.26312  0.26299 
-0.32120  0.26791 
-100.00000 -0.00015 
 0.68635  0.37931 
-100.00000 -100.00000 
-100.00000 -100.00000 
 0.13745  0.26300 
-0.36414  0.13764 
-100.00000 -100.00000 
 0.13762  0.00011 
 0.00002 -100.00000 
-0.01835 -0.80000 
-100.00000 -100.00000 
 0.26302 -0.13499 
-0.19197  0.94733 
 0.58699 -0.00210 
-100.00000 -100.00000 
-0.36081 -100.00000 
-0.16258 -1.17339 
-100.00000 -0.39130 
 0.02278  0.19357 
-0.24970 -0.39160 
-100.00000 -100.00000 
-100.00000 -100.00000 
 0.22831 -0.50165 
-0.13141 -0.82972 
-0.32496  0.23593 
-100.00000 -100.00000 
 0.03487  0.23583 
 0.01834  0.21295 
-100.00000  0.00003 
-100.00000 -100.00000 
-100.00000 -100.00000 
-100.00000  0.00017 
-100.00000 -100.00000 
-100.00000 -0.14266 
-100.00000  0.60521 
-100.00000 -0.14273 
 0.35528  0.05913 
-0.17478 -0.08977 
-0.17428 -0.11008 
 0.01866  0.55977 
 0.11584  0.34293 
-100.00000 -100.00000 
-100.00000 -100.00000 
-100.00000 -100.00000 
-0.19345 -0.65535 
 0.00000  0.00000 
-100.00000  0.26301 
 0.10192  0.76597 
 0.32946 -0.28538 
-0.00031  0.48579 
-100.00000 -0.28486 
 0.36504  1.13836 
-0.52167 -1.96412 
-0.16037 -100.00000 
-0.30567  0.36400 
-100.00000 -100.00000 
-100.00000 -100.00000 
-100.00000 -100.00000 
-0.43567 -0.25668 
-0.69355  0.19311 
-0.51760 -100.00000 
-1.05617 -0.00753 
-100.00000 -100.00000 
-0.29488  0.22946 
-0.28192  0.39614 
 0.13753 -0.00004 
-100.00000 -100.00000 
-100.00000  0.00045 
-100.00000 -100.00000 
-100.00000 -100.00000 
 0.10249 -100.00000 
-0.76996  0.18468 
 0.00009 -0.00015 
 0.00000  0.00000 
-0.31734 -0.28449 
-0.39179 -100.00000 
-0.69446 -0.37097 
-100.00000 -0.71779 
-100.00000 -100.00000 
 0.07345 -0.10649 
-100.00000  0.13745 
-0.35060  0.23961 
-0.02298 -0.13394 
-100.00000 -100.00000 
-0.46108  0.24408 
-0.13729 -1.11138 
 0.05195  0.13839 
 0.31348  0.26223 
-100.00000 -100.00000 
 0.55177  0.00026 
-100.00000 -100.00000 
-100.00000  0.76591 
-100.00000 -100.00000 
-0.51850  0.58446 
-0.07390  0.31719 
 0.09151  0.02041 
 0.00000  0.00000 
-100.00000 -100.00000 
 0.00000  0.00000 
-100.00000 -100.00000 
-100.00000 -100.00000 
 0.75397  0.29493 
-1.43344  1.23255 
-0.05802 -0.56460 
 0.14830 -0.13398 
 0.29080  0.03116 
-100.00000  0.00415 
-100.00000 -100.00000 
-0.04254 -100.00000 
-100.00000 -100.00000 
-100.00000 -100.00000 
-100.00000 -100.00000 
-0.10157  0.70792 
 0.53445  0.00355 
-100.00000 -100.00000 
-0.10319  0.75089 
-100.00000 -100.00000 
-0.05797 -0.18908 
-0.16134 -0.13288 
 0.25606  0.29720 
-0.16044 -0.14187 
 0.37163 -0.19012 
-100.00000 -100.00000 
-0.15160  0.39869 
-0.58726  0.69018 
-0.54264  0.33580 
-0.65902 -0.24175 
-0.29296  0.75687 
 1.50256 -1.09400 
-100.00000 -100.00000 
 0.00000  0.00000 
-100.00000 -100.00000 
 0.23005 -0.25708 
 0.84826  0.00004 
 0.48513  0.00385 
-0.61378  0.46544 
 0.41963  0.26292 
 0.00000  0.00000 
-100.00000 -100.00000 
 0.00000  0.00000 
 0.60803  0.24294 
-100.00000 -100.00000 
-0.01474  0.24321 
 0.00000  0.00000 
-100.00000 -100.00000 
-0.00007 -100.00000 
-100.00000 -100.00000 
-0.12369  0.00010 
-100.00000 -100.00000 
 0.00033 -100.00000 
 0.19237  0.37815 
-0.00527  0.26303 
-100.00000 -100.00000 
 0.00028  0.10548 
-100.00000 -100.00000 
-0.01002 -0.23612 
-100.00000 -100.00000 
-0.14216 -0.85189 
 0.03764 -0.01808 
-0.36551 -100.00000 
-0.32147  0.38862 
 0.41599  0.74529 
-100.00000  0.07313 
 0.00000  0.00000 
-1.45824  0.14337 
 0.00000  0.00000 
-0.07498 -0.71820 
-100.00000 -100.00000 
 0.24744  0.36284 
-0.79149  0.00006 
-0.22647  0.76556 
-100.00000 -0.71877 
-0.00018  0.12802 
-100.00000  0.00005 
-0.23359 -0.57391 
-0.61173  0.37846 
 0.97428  0.55723 
 0.70217 -1.16970 
-0.56650  0.20977 
 0.21311  0.19940 
 0.04523 -0.93230 
-100.00000 -100.00000 
-0.81192 -0.31622 
 0.21016  0.29910 
 0.00000  0.00000 
-100.00000 -0.25784 
-0.27633 -0.00004 
 0.00013 -0.10466 
 0.19602  0.51233 
 0.10994 -100.00000 
-100.00000 -100.00000 
-0.14430 -0.24629 
-0.63226  0.58508 
-100.00000 -100.00000 
-100.00000 -100.00000 
-100.00000 -100.00000 
 0.04813  0.18746 
 0.19727  0.54476 
-0.03584  0.77996 
 0.05513  1.10663 
-100.00000  0.00001 
-0.01214 -0.10966 
-100.00000  0.13780 
-100.00000  0.32303 
-0.09486  0.06909 
-0.59773 -0.19378 
-0.24013 -0.08508 
-0.10872 -0.48520 
-0.09420 -0.22803 
-100.00000 -0.00017 
-100.00000  0.13757 
-100.00000 -100.00000 
 0.00007 -0.37357 
 0.10384  0.70862 
 0.54970  0.06888 
-100.00000 -100.00000 
-0.00017 -0.98636 
-100.00000 -100.00000 
 0.78321  0.16156 
-100.00000  0.00378 
-0.00133 -0.19068 
 0.55424 -0.08329 
-0.04066 -0.04323 
-0.00979 -0.13561 
-0.13598 -0.43123 
-0.41750 -0.36219 
 0.55473 -0.28296 
-100.00000  0.00017 
-100.00000 -0.37389 
 0.36651  0.44301 
-0.35703  0.01284 
 0.51021 -0.86295 
-100.00000  0.13753 
-0.50420  1.17354 
 0.35325  0.70006 
-0.00263 -0.00014 
-0.22651 -0.79689 
-0.23160  0.13794 
-100.00000 -0.12147 
-100.00000 -0.00003 
-0.00014 -100.00000 
 0.00004 -100.00000 
-0.31166  0.79759 
-100.00000 -100.00000 
-100.00000 -100.00000 
-100.00000 -100.00000 
-100.00000 -100.00000 
 0.64347  0.36234 
-0.00501 -0.12119 
-0.06024  0.10450 
 0.47585 -0.08364 
-0.09260 -0.73992 
-100.00000 -100.00000 
-0.00028  0.09184 
 0.31644  0.13767 
-100.00000 -100.00000 
-0.14037 -100.00000 
-100.00000 -100.00000 
-100.00000 -100.00000 
 0.15201  0.01916 
-100.00000 -100.00000 
-100.00000 -100.00000 
 0.00000  0.00000 
-0.09635  0.26975 
 0.24738 -0.12905 
-0.00279  0.23871 
-0.00525 -0.16828 
-100.00000 -100.00000 
-100.00000 -100.00000 
-0.00937  0.38611 
-100.00000 -100.00000 
 0.00000  0.00000 
-100.00000 -100.00000 
-100.00000 -100.00000 
 0.48584 -100.00000 
-0.14025 -100.00000 
-0.13205 -100.00000 
-100.00000  0.13761 
-0.39527 -0.14258 
 0.00000  0.00000 
-100.00000 -100.00000 
-0.01054 -0.48750 
 0.00005 -0.32824 
-100.00000 -100.00000 
-100.00000 -100.00000 
 0.36234  0.21961 
-100.00000 -100.00000 
-0.45313  0.54519 
 0.27180  0.36100 
-100.00000 -100.00000 
-100.00000 -100.00000 
-100.00000 -100.00000 
 0.10795 -0.00263 
-0.03247 -0.19356 
-0.12576 -0.00365 
-100.00000  0.13755 
-0.53251 -0.37020 
-0.63567 -0.02207 
-0.16940 -0.19973 
 0.67806  0.21673 
-100.00000 -0.00011 
-0.54382  0.35701 
 0.15323 -0.08844 
-0.00344  0.12338 
-0.00766 -100.00000 
-100.00000 -100.00000 
-0.00007 -0.00003 
-0.45819 -0.00429 
 0.54547 -0.11894 
-0.50485  0.09834 
-100.00000 -0.00002 
-0.00005  0.13759 
-100.00000 -100.00000 
-100.00000 -100.00000 
-100.00000 -100.00000 
-100.00000 -100.00000 
-100.00000 -0.00026 
-100.00000 -0.72108 
 0.74899  1.43449 
-100.00000 -100.00000 
 0.12281 -0.14000 
-100.00000 -100.00000 
-100.00000 -100.00000 
 0.26306  0.26306 
-100.00000  0.23867 
-100.00000 -100.00000 
-0.09964  0.27611 
 0.04594 -0.25509 
 0.00007 -0.00228 
 1.06673  0.44823 
 0.66231 -0.37953 
-100.00000 -100.00000 
-100.00000 -100.00000 
-100.00000 -0.12125 
-0.26449  0.31542 
-0.03317  0.04474 
 0.17807  0.67809 
-0.00069 -0.37586 
 0.35704 -0.19965 
 0.29422  0.56408 
-100.00000 -100.00000 
-100.00000 -100.00000 
-100.00000 -100.00000 
 0.00000  0.00000 
-100.00000 -100.00000 
-100.00000  0.00233 
 0.00000  0.00000 
 0.20232  0.12908 
-100.00000 -100.00000 
-0.66817  0.12799 
-0.91695  0.08735 
-0.26403 -100.00000 
-0.58814  0.00508 
-100.00000  0.26283 
-0.12662 -0.40206 
-0.13805 -100.00000 
 0.06094 -1.00851 
 0.00000  0.00000 
 0.25822 -0.21546 
-0.00213 -0.00006 
-0.18850  0.85802 
-100.00000  0.13761 
-100.00000 -100.00000 
-0.18583  0.45915 
 0.12492  0.48486 
 0.13751 -100.00000 
-100.00000 -100.00000 
-100.00000 -100.00000 
-0.16268 -0.72869 
 0.26276 -100.00000 
-100.00000 -100.00000 
-100.00000 -0.25873 
-100.00000 -100.00000 
-100.00000 -100.00000 
-100.00000 -100.00000 
 0.00000  0.00000 
-100.00000 -0.00004 
-100.00000  0.01092 
-0.00876 -0.19141 
 0.37309 -0.08933 
-100.00000 -100.00000 
-100.00000 -100.00000 
-0.19828  0.03672 
-100.00000 -100.00000 
-100.00000 -100.00000 
-100.00000 -100.00000 
-100.00000 -100.00000 
-0.88302  0.09270 
-0.24415  0.13745 
-100.00000 -0.12103 
-0.69736 -0.42837 
 0.00000  0.00000 
-100.00000  0.00003 
-100.00000 -100.00000 
 0.00014 -100.00000 
-100.00000 -100.00000 
-100.00000 -0.75453 
-100.00000 -100.00000 
-100.00000 -100.00000 
-100.00000  0.13754 
-100.00000  0.00004 
-100.00000 -100.00000 
-100.00000 -100.00000 
-100.00000  0.13758 
-0.14359 -1.53082 
-100.00000 -100.00000 
 0.00000  0.00000 
-100.00000 -100.00000 
-100.00000  0.26236 
-100.00000 -100.00000 
-100.00000 -100.00000 
 0.26289 -0.57581 
-100.00000  0.26309 
 0.00000  0.00000 
-100.00000 -100.00000 
-0.94776  0.49404 
-0.36519 -1.90309 
-0.12659  0.11982 
 0.13750  0.44838 
 0.13741 -100.00000 
-100.00000 -100.00000 
-0.52074 -1.45218 
-0.53541 -0.69200 
 0.12490  1.01498 
 0.10201  0.63185 
-100.00000 -0.11089 
-100.00000 -100.00000 
-0.02950 -0.34796 
-100.00000 -100.00000 
-100.00000  0.00008 
 0.04901 -0.21191 
-0.00932 -0.31040 
-100.00000 -100.00000 
-100.00000 -100.00000 
 0.11022  0.52448 
-100.00000 -100.00000 
-100.00000 -100.00000 
-100.00000 -100.00000 
-0.05605  0.65521 
-100.00000 -100.00000 
-0.12646 -0.30916 
 0.00043 -0.17177 
-100.00000 -100.00000 
 0.00000  0.00000 
-100.00000 -100.00000 
-0.58463  0.10125 
-0.13372  0.19288 
-0.75046  0.11409 
-100.00000 -100.00000 
-0.40261 -0.30970 
-0.02939  0.02641 
-0.45734  0.49648 
-100.00000  0.26326 
-100.00000 -100.00000 
 0.04868  0.01556 
-0.87207 -0.82035 
 0.44542 -0.37794 
-0.84859 -0.95005 
-0.00035 -0.02155 
-0.25291 -0.06251 
-0.96587 -0.40569 
-100.00000  0.00041 
-0.13658 -0.21405 
 0.65462 -0.21535 
 0.30873  0.16306 
 0.09324  0.10020 
-0.05356  0.90273 
 0.00000  0.00000 
 0.39761  0.26326 
-0.39217  0.80215 
-100.00000 -0.37543 
 0.48559 -0.75981 
-0.15448 -0.07111 
 0.52242 -100.00000 
 0.00000  0.00000 
-100.00000 -0.10303 
-100.00000 -100.00000 
 0.63931 -0.22348 
-100.00000 -100.00000 
-0.50487  0.26189 
-0.39486 -0.59166 
-100.00000 -100.00000 
-100.00000 -100.00000 
-100.00000 -100.00000 
 0.00000  0.00000 
-0.43121  0.36344 
 0.58493 -0.11046 
-100.00000 -100.00000 
-0.03562  0.59840 
 0.00000  0.00000 
-0.37786 -0.26266 
-0.12489 -100.00000 
 0.00000  0.00000 
-100.00000  0.00007 
-100.00000 -100.00000 
-0.03122 -0.13525 
 0.14294 -0.15077 
-0.34572  1.18531 
 0.58529 -100.00000 
 0.04849  0.02052 
-100.00000 -100.00000 
-0.58231  0.59427 
-0.00010 -1.08315 
-100.00000  0.26302 
-0.41105  0.86742 
-0.02401 -100.00000 
 0.00007  0.84786 
-100.00000 -0.22251 
 0.48541 -0.00028 
-0.37755 -0.29651 
-0.40239  0.84416 
 0.05935  0.44040 
-100.00000 -100.00000 
 0.05858  0.77764 
