 0.44151  0.24504 
 0.58537  0.59123 
 0.37841 -100.00000 
-0.28757  0.24593 
 0.74800 -0.19609 
-0.25468 -100.00000 
 0.49578 -0.81481 
 0.00008 -0.00000 
-0.52566  0.07460 
 0.26534 -0.55401 
-0.00008 -100.00000 
-0.02252 -0.37836 
-0.28834 -0.09956 
-100.00000 -100.00000 
-0.58361  0.11590 
-100.00000 -100.00000 
-100.00000 -100.00000 
-100.00000 -100.00000 
 0.32257  0.87310 
 0.00000  0.00000 
-100.00000 -100.00000 
 0.00000  0.00000 
-100.00000 -100.00000 
-100.00000 -100.00000 
-100.00000 -100.00000 
-100.00000 -100.00000 
-100.00000  0.13753 
-0.14267 -0.02207 
-100.00000 -100.00000 
 0.03025 -0.41280 
-100.00000 -100.00000 
-0.71048  0.29565 
 0.11513 -0.44016 
-100.00000 -100.00000 
-0.64987  0.01806 
 0.00000  0.00000 
 0.16053 -0.17918 
-100.00000 -100.00000 
-100.00000 -100.00000 
-100.00000 -100.00000 
 0.26299 -100.00000 
-100.00000 -100.00000 
-100.00000 -100.00000 
 0.44960  0.13913 
-100.00000 -100.00000 
-100.00000 -100.00000 
 0.31920  0.34563 
-100.00000 -100.00000 
-100.00000 -100.00000 
-0.36132  0.58492 
-0.27411 -100.00000 
-100.00000 -100.00000 
 0.61338  0.21594 
-100.00000 -100.00000 
-0.00006 -100.00000 
-100.00000 -100.00000 
 0.13764 -100.00000 
 0.16418  0.35103 
-100.00000 -100.00000 
 0.00010 -100.00000 
 1.05942  0.57956 
 0.12043 -100.00000 
-100.00000 -100.00000 
 0.00000  0.00000 
-100.00000 -100.00000 
-100.00000 -100.00000 
-0.01292 -0.40331 
 0.11222  0.60599 
-100.00000 -100.00000 
 0.00011 -100.00000 
-0.14263  0.00025 
-100.00000 -100.00000 
-0.14248 -0.00003 
 0.00000  0.00000 
 1.05781  0.73540 
-100.00000 -100.00000 
-100.00000 -100.00000 
 0.44228  0.26310 
 0.12038 -100.00000 
-100.00000 -100.00000 
-0.14268 -100.00000 
-100.00000 -100.00000 
 0.00017 -100.00000 
-100.00000 -100.00000 
-100.00000 -100.00000 
 1.09500  0.18262 
 0.70527  0.00005 
 0.62246  0.14323 
 1.59836  0.27038 
-0.59557  0.63134 
-0.01624 -0.34748 
 0.21307 -0.05614 
-100.00000 -100.00000 
-100.00000 -100.00000 
-100.00000 -100.00000 
 0.00000  0.00000 
-0.54073  0.37921 
-100.00000 -100.00000 
-0.12043 -0.25004 
-0.00029 -0.00012 
 0.58532 -100.00000 
-100.00000 -100.00000 
 0.12206  0.20039 
 0.84800 -0.48409 
-100.00000 -100.00000 
-100.00000 -100.00000 
-100.00000 -100.00000 
-100.00000 -100.00000 
-100.00000 -100.00000 
-100.00000 -100.00000 
-100.00000 -100.00000 
 0.06142  0.14911 
 0.00000  0.00000 
-100.00000 -100.00000 
 0.54883 -0.31549 
-100.00000 -100.00000 
-100.00000 -100.00000 
-0.00007  0.48546 
 0.13796 -100.00000 
-100.00000 -100.00000 
-100.00000 -100.00000 
-100.00000 -100.00000 
 0.52587  0.36673 
-0.00015 -100.00000 
 0.05953 -0.25146 
 0.24454  0.00010 
-100.00000 -100.00000 
 0.53819 -0.14753 
-0.00015 -100.00000 
 0.32839 -0.14608 
 0.00004 -0.01186 
-100.00000 -100.00000 
 0.00000  0.00000 
-100.00000 -0.01207 
-100.00000 -100.00000 
 0.00458 -0.01797 
-100.00000 -0.00008 
 1.11667 -0.27279 
-0.00080 -100.00000 
-100.00000 -100.00000 
-100.00000  0.00012 
-100.00000  0.26309 
 0.13788 -100.00000 
-0.34781  0.23771 
 0.48492  0.12739 
 0.00029  0.00031 
-100.00000 -100.00000 
-0.03538 -0.07745 
 0.43557 -0.16930 
-0.54536 -0.08982 
-100.00000 -100.00000 
-100.00000 -100.00000 
 1.06640 -0.08323 
 0.18818 -0.17521 
-0.01693 -0.64946 
-100.00000 -100.00000 
 1.11136  0.08418 
 0.45511  0.20149 
-0.11911 -0.14232 
-100.00000 -100.00000 
-100.00000 -100.00000 
-100.00000 -0.02204 
 0.01096  0.05046 
 0.13756 -100.00000 
-0.58906  0.35618 
-100.00000 -100.00000 
-0.25047 -0.05764 
-100.00000 -100.00000 
-100.00000 -100.00000 
 0.13016  0.00095 
-0.79969 -100.00000 
-0.52581 -0.14799 
-0.38737  0.45314 
-100.00000 -100.00000 
 0.14067  0.09527 
 0.51076  0.33588 
-1.37305 -0.00170 
 0.16838 -0.23842 
-0.09615 -100.00000 
-0.00062 -0.14222 
-100.00000 -100.00000 
-100.00000 -0.01200 
-100.00000 -100.00000 
 0.00304  0.37854 
-0.25655  0.52866 
 0.00034 -100.00000 
 0.26306 -0.03041 
-100.00000 -100.00000 
-0.04727 -0.24394 
-1.19467 -100.00000 
 0.36508  0.32424 
 0.65177  0.36505 
-100.00000 -100.00000 
-100.00000 -100.00000 
-0.09881 -0.20703 
-100.00000 -100.00000 
 0.00009  0.00004 
-100.00000 -100.00000 
 0.00010  0.48557 
-0.21679  0.58293 
-0.35629 -100.00000 
-100.00000 -100.00000 
-100.00000 -100.00000 
-100.00000 -100.00000 
-0.23621 -100.00000 
-0.18391 -0.06424 
 0.26315 -0.36936 
-100.00000 -100.00000 
 0.14236 -0.59381 
 0.96080  0.17903 
 0.37859  0.26320 
 0.34775  0.45715 
-100.00000  0.12440 
 0.26128  0.12398 
-0.19603 -0.36758 
-0.05453 -100.00000 
-0.21248  0.42786 
 0.28537 -100.00000 
-100.00000 -100.00000 
-100.00000 -100.00000 
-0.12213  0.34686 
-100.00000 -100.00000 
-0.66373  0.51298 
-100.00000 -100.00000 
 1.25867 -0.30578 
 0.75343  0.29594 
 0.16937 -0.87016 
 0.44607  0.84826 
-0.00077  0.13791 
 0.00000  0.00000 
 0.26465 -0.13880 
 0.27903  0.48531 
-100.00000 -100.00000 
 0.41689 -100.00000 
 0.01143  0.34924 
 0.08330  0.35625 
 0.71348 -0.64732 
-0.61663 -0.24855 
-100.00000  0.11411 
 0.87162 -0.31163 
-100.00000 -100.00000 
-100.00000 -100.00000 
 0.84210  0.65618 
 0.20152  0.13828 
-100.00000 -100.00000 
-100.00000 -100.00000 
-100.00000 -100.00000 
 0.11275 -0.21769 
 1.01746  0.47201 
-1.42365  0.26337 
 0.26374  0.23269 
-100.00000 -100.00000 
-100.00000 -100.00000 
-100.00000 -100.00000 
-0.87202  0.14282 
 0.00000  0.00000 
 0.00000  0.00000 
 0.96886  0.23990 
-100.00000 -100.00000 
-100.00000 -100.00000 
-0.13329 -0.07880 
-100.00000 -100.00000 
-100.00000  0.13757 
 0.58856 -0.55498 
 0.00000  0.00000 
-100.00000  0.26295 
-100.00000 -100.00000 
-100.00000 -100.00000 
-0.00173 -100.00000 
-100.00000 -100.00000 
-100.00000 -0.12679 
 0.47444  0.27982 
 0.45613 -0.01298 
 0.01809 -100.00000 
 0.00189  0.00003 
-0.00069 -100.00000 
 0.62630  0.50652 
 0.81466  0.26339 
 0.00017 -100.00000 
-100.00000 -100.00000 
 0.00000  0.00000 
 0.00000  0.00000 
 0.08319  0.28315 
-100.00000 -100.00000 
 0.41866  0.24146 
-0.72330  0.04133 
-0.22523 -0.09075 
 0.24148  0.11668 
 0.13794 -100.00000 
-0.00249 -0.00024 
-100.00000 -100.00000 
 0.00023 -0.45272 
-100.00000 -100.00000 
 0.98712  0.82838 
-100.00000 -100.00000 
-0.00018 -100.00000 
-0.24760  0.16057 
-100.00000 -100.00000 
-0.00180 -0.22074 
-100.00000 -100.00000 
 0.00017 -100.00000 
 0.00000  0.00000 
 0.46399  0.30494 
 0.09219  0.03296 
 0.44473  0.22650 
 0.23883  0.34995 
-100.00000 -100.00000 
-0.00229  0.00003 
-100.00000 -100.00000 
-100.00000 -100.00000 
 0.00000  0.00000 
-100.00000 -100.00000 
-100.00000 -100.00000 
 0.22938  0.22671 
-0.16438  1.26320 
 0.00000  0.00000 
-100.00000 -100.00000 
 0.13776 -0.16882 
-100.00000 -100.00000 
-100.00000 -100.00000 
-0.63239 -0.24631 
-100.00000 -100.00000 
 0.51599  0.00990 
-100.00000 -100.00000 
 0.21857 -0.42647 
 0.30961 -0.22986 
-100.00000 -100.00000 
-0.00001 -100.00000 
-100.00000 -100.00000 
 0.07420 -0.79621 
-0.50255  0.11527 
-0.35108  0.00960 
 0.26298 -100.00000 
 0.21922 -0.74165 
 0.09624  0.60287 
-100.00000 -100.00000 
 0.00000  0.00000 
-100.00000 -100.00000 
-0.25415  0.05791 
 0.00000  0.00000 
-100.00000 -100.00000 
-100.00000 -100.00000 
 0.00132  0.60477 
-100.00000 -100.00000 
 0.84785 -0.05985 
 0.76544  0.27563 
-100.00000 -100.00000 
-100.00000 -100.00000 
 0.00000  0.00000 
-100.00000 -100.00000 
-100.00000 -100.00000 
-100.00000 -100.00000 
 0.00000  0.00000 
-100.00000 -100.00000 
-100.00000 -100.00000 
-100.00000 -100.00000 
-100.00000 -100.00000 
-0.72308 -0.73838 
-100.00000 -100.00000 
-0.58841  0.43128 
 0.00000  0.00000 
-100.00000 -100.00000 
-100.00000 -100.00000 
-100.00000 -100.00000 
-100.00000 -100.00000 
-100.00000 -100.00000 
-100.00000 -100.00000 
-100.00000 -100.00000 
 0.09290  0.10153 
-0.18036 -0.31250 
-100.00000  0.13753 
-100.00000 -100.00000 
-100.00000 -100.00000 
-100.00000 -100.00000 
-100.00000 -100.00000 
-100.00000 -100.00000 
-100.00000 -100.00000 
 0.00005 -100.00000 
-100.00000 -100.00000 
-100.00000 -100.00000 
 1.10719 -0.61936 
 0.35059 -0.20782 
 0.12011  0.11066 
 0.21236  0.20292 
-100.00000 -100.00000 
-0.18499  0.74504 
-100.00000 -100.00000 
 0.00000  0.00000 
-0.10920 -100.00000 
 0.17352  0.22321 
 0.00000  0.00000 
 0.01702 -0.19900 
 0.00007 -100.00000 
-100.00000 -100.00000 
-0.59250  0.13369 
-100.00000 -100.00000 
-100.00000 -100.00000 
 1.34502  0.18682 
 0.00000  0.00000 
-100.00000 -100.00000 
 0.00629  0.48536 
 1.98412  0.38724 
-100.00000 -100.00000 
-0.18597 -0.10313 
-100.00000  0.00023 
 0.13715  0.22863 
-0.25640  0.23426 
 0.44988 -100.00000 
-0.23482 -100.00000 
-100.00000 -100.00000 
-0.00006 -100.00000 
-100.00000  0.26216 
 0.26314 -0.10631 
-100.00000 -100.00000 
-0.03081 -0.14382 
-0.34123 -0.36950 
-100.00000 -100.00000 
-100.00000  0.13766 
-100.00000 -100.00000 
-0.32815 -0.50150 
-100.00000 -100.00000 
-0.31277  0.39646 
-100.00000 -100.00000 
-100.00000 -100.00000 
-100.00000 -100.00000 
-0.13505 -100.00000 
 0.84572  0.30865 
-100.00000 -100.00000 
-100.00000 -100.00000 
-100.00000 -100.00000 
-0.43725  0.00001 
-100.00000 -100.00000 
-100.00000 -100.00000 
 0.00000  0.00000 
-100.00000 -100.00000 
-0.33533  0.14807 
-100.00000 -100.00000 
 0.00039 -100.00000 
 0.27587 -100.00000 
-100.00000 -100.00000 
 0.23437  0.35165 
 0.93558  0.13749 
-0.30093 -0.21198 
-0.31225 -0.68951 
-100.00000 -100.00000 
-100.00000 -100.00000 
-100.00000 -100.00000 
-100.00000 -100.00000 
-100.00000 -100.00000 
 0.11281  0.10151 
-100.00000 -100.00000 
-100.00000 -100.00000 
 0.26283 -0.09495 
-100.00000 -100.00000 
-100.00000 -100.00000 
 0.32626  0.26300 
-100.00000 -100.00000 
 0.58497 -0.61183 
-100.00000 -100.00000 
-100.00000 -100.00000 
-100.00000 -0.25681 
 0.00252 -100.00000 
 0.00020 -100.00000 
-100.00000 -100.00000 
 0.17534 -0.16722 
-100.00000 -100.00000 
-0.32869  0.00881 
-0.94061  0.01046 
-0.41654  0.24434 
 0.00017 -100.00000 
-100.00000 -100.00000 
-0.13509 -100.00000 
-100.00000 -100.00000 
-0.24972 -0.15705 
-100.00000  0.01127 
 0.00000  0.00000 
-100.00000 -100.00000 
 0.13747  0.20044 
-100.00000 -100.00000 
-100.00000 -100.00000 
 0.00008  0.09102 
-0.00016 -100.00000 
-0.03564 -100.00000 
-100.00000 -100.00000 
-100.00000 -100.00000 
 0.17404 -100.00000 
-100.00000 -100.00000 
-100.00000 -100.00000 
-0.00011 -100.00000 
-0.48453  0.26775 
-100.00000 -100.00000 
 0.26496  0.54442 
 0.34868 -0.00039 
 0.13781  0.22744 
-0.05164 -0.14314 
-0.40037  0.17249 
-0.21562 -0.42803 
-100.00000 -100.00000 
 0.08453 -0.69411 
-100.00000 -100.00000 
-0.11079 -100.00000 
-0.00004 -100.00000 
 0.17528  0.19841 
-0.11070 -100.00000 
-100.00000 -100.00000 
-100.00000 -100.00000 
-0.01299  0.56802 
 0.15295 -0.68759 
-1.36223 -0.16739 
-100.00000  0.47860 
-100.00000 -100.00000 
-1.42467 -100.00000 
-0.20765  0.00005 
-0.00017 -100.00000 
-0.26219 -100.00000 
 0.00000  0.00000 
-0.26273  0.04508 
 0.33945 -0.25348 
 0.27474 -0.03304 
-0.70920  0.26322 
 0.53848 -0.41074 
 0.00025 -100.00000 
 0.52831 -0.14817 
 0.63261 -0.09833 
-100.00000 -100.00000 
-0.72729 -100.00000 
 0.00028 -100.00000 
-100.00000 -100.00000 
 0.00000  0.00000 
-100.00000  0.00003 
-100.00000 -100.00000 
 0.00000  0.00000 
-100.00000 -100.00000 
-100.00000 -100.00000 
-1.04575 -0.05089 
-0.23353 -0.64055 
-100.00000  0.00005 
 0.58719 -0.68389 
-100.00000 -100.00000 
-0.22073 -0.35265 
 0.71245 -0.00010 
-0.19710  0.17543 
 0.23872 -100.00000 
-0.32187  0.11733 
-100.00000 -100.00000 
-100.00000 -100.00000 
-100.00000 -100.00000 
-100.00000 -100.00000 
 0.00000  0.00000 
-0.19718 -0.04124 
-0.21364  0.37859 
-100.00000 -100.00000 
-0.61959 -0.30821 
-0.00013 -0.27457 
 0.18436 -0.77507 
-0.40580  0.58780 
-100.00000 -100.00000 
 0.04883 -100.00000 
-100.00000 -100.00000 
-100.00000 -100.00000 
 0.01973 -100.00000 
 0.26774  0.26580 
 0.00000  0.00000 
-100.00000 -100.00000 
 0.00000  0.00000 
