 0.00000  0.00000 
 0.09915  0.24073 
-100.00000 -100.00000 
-100.00000 -100.00000 
-100.00000  0.00001 
-1.09766 -0.27627 
 0.42726 -0.00015 
-0.03284 -0.11358 
-100.00000 -100.00000 
-0.00482 -100.00000 
-0.50192 -100.00000 
 0.00067 -0.15957 
-100.00000 -100.00000 
-100.00000 -100.00000 
-100.00000 -0.00014 
-100.00000 -100.00000 
-100.00000 -100.00000 
-100.00000 -100.00000 
-100.00000  0.26329 
-0.29392  0.34125 
-100.00000 -100.00000 
-0.30903 -0.47313 
-100.00000 -100.00000 
-100.00000  0.00010 
-100.00000  0.48550 
-100.00000 -100.00000 
-100.00000 -100.00000 
-100.00000 -100.00000 
-100.00000 -100.00000 
-100.00000 -100.00000 
-100.00000 -100.00000 
-100.00000 -100.00000 
-100.00000 -100.00000 
-100.00000 -100.00000 
-100.00000 -100.00000 
-0.49920 -0.32143 
 0.37755 -100.00000 
-100.00000 -100.00000 
-0.61202  0.25537 
-100.00000 -100.00000 
-0.43538 -0.01283 
-100.00000 -100.00000 
-0.56166  0.00005 
-100.00000 -100.00000 
-100.00000 -100.00000 
-100.00000 -100.00000 
 0.76570 -100.00000 
-100.00000 -100.00000 
-0.01164 -0.03543 
-100.00000 -100.00000 
 0.00015 -100.00000 
-100.00000 -100.00000 
 0.37931  0.43843 
-100.00000 -100.00000 
-100.00000 -100.00000 
-100.00000 -100.00000 
-0.12112  0.05690 
-100.00000 -100.00000 
 0.63195 -0.07439 
-0.43554  0.18391 
-100.00000 -0.43837 
-100.00000 -100.00000 
-100.00000 -100.00000 
-0.12444  0.26674 
-0.27305 -100.00000 
-100.00000 -100.00000 
-100.00000 -100.00000 
 0.26264 -100.00000 
-0.13479  0.32628 
 0.00011  0.26305 
-100.00000 -100.00000 
-100.00000 -100.00000 
-100.00000 -100.00000 
-0.17954  0.18431 
-100.00000 -100.00000 
-100.00000 -100.00000 
-100.00000 -100.00000 
-100.00000 -100.00000 
-100.00000  0.37856 
-100.00000 -100.00000 
-100.00000 -100.00000 
-100.00000 -100.00000 
 0.13768 -100.00000 
-100.00000 -100.00000 
-100.00000 -100.00000 
-100.00000 -100.00000 
-0.92805  0.41310 
 0.00001 -100.00000 
 0.63257  0.98370 
-0.53350  0.41402 
 0.87684 -0.29206 
-0.27464 -100.00000 
-100.00000 -100.00000 
-100.00000 -100.00000 
-100.00000 -100.00000 
 0.26301 -100.00000 
-100.00000 -100.00000 
-100.00000 -100.00000 
-100.00000 -100.00000 
-0.00029  0.13738 
-100.00000 -100.00000 
-100.00000 -100.00000 
-100.00000 -100.00000 
-100.00000 -0.34896 
-100.00000 -100.00000 
-100.00000 -100.00000 
-100.00000 -100.00000 
-100.00000 -100.00000 
-100.00000 -100.00000 
-100.00000 -100.00000 
-100.00000 -100.00000 
-100.00000 -100.00000 
-0.13337 -100.00000 
-0.00065 -100.00000 
-100.00000 -100.00000 
-100.00000 -100.00000 
-100.00000 -100.00000 
-0.37102 -0.22268 
-0.25821 -0.25962 
-100.00000 -100.00000 
-100.00000 -100.00000 
-0.21147  0.07641 
-100.00000  0.09309 
-0.00015 -100.00000 
-100.00000 -100.00000 
-100.00000 -100.00000 
-100.00000 -100.00000 
-100.00000 -0.18097 
-100.00000 -100.00000 
-100.00000 -100.00000 
-100.00000 -100.00000 
-100.00000 -100.00000 
-0.22577 -0.79337 
-100.00000 -100.00000 
-100.00000 -100.00000 
 0.26082  0.20933 
-100.00000 -100.00000 
-100.00000 -100.00000 
 0.48462 -100.00000 
-100.00000 -100.00000 
-100.00000  0.68042 
-100.00000 -100.00000 
-100.00000 -100.00000 
-100.00000 -100.00000 
-0.23953  0.00021 
-100.00000 -100.00000 
-100.00000 -100.00000 
-100.00000 -100.00000 
-100.00000 -100.00000 
-100.00000  0.12504 
-100.00000 -100.00000 
-100.00000 -100.00000 
-0.36835 -100.00000 
 0.59628  0.69617 
-0.86107 -0.12696 
-100.00000 -100.00000 
-0.30783 -100.00000 
-0.56793 -100.00000 
 0.00355 -0.00006 
-0.57182 -100.00000 
-100.00000 -100.00000 
-100.00000 -100.00000 
-100.00000 -100.00000 
-0.11903 -0.00001 
-100.00000 -100.00000 
-100.00000 -100.00000 
 0.18559 -0.13368 
 0.23612  0.01689 
 0.26329  0.56323 
 0.27803 -0.51949 
-100.00000 -100.00000 
 0.00028 -100.00000 
 0.48641 -0.28491 
-100.00000 -100.00000 
-100.00000 -0.14647 
 1.02236  0.48033 
-0.18050 -0.19604 
-100.00000 -100.00000 
-100.00000 -100.00000 
 0.67745 -100.00000 
-100.00000 -100.00000 
 0.95752 -0.08626 
-100.00000 -100.00000 
-100.00000 -0.14370 
 0.26307 -100.00000 
-100.00000 -100.00000 
 0.00003 -100.00000 
-100.00000 -100.00000 
-100.00000 -100.00000 
 0.50895  0.13742 
-100.00000 -100.00000 
 0.00002 -100.00000 
-100.00000 -100.00000 
-100.00000 -100.00000 
-100.00000 -100.00000 
-100.00000 -100.00000 
 0.00009  0.26308 
-100.00000 -100.00000 
-100.00000 -100.00000 
-100.00000 -100.00000 
 0.00729 -100.00000 
-100.00000 -100.00000 
-100.00000 -100.00000 
-100.00000 -100.00000 
 0.00001 -100.00000 
-100.00000 -100.00000 
 0.31140 -100.00000 
-100.00000 -100.00000 
 0.21129 -0.12783 
-100.00000 -100.00000 
-100.00000 -100.00000 
-2.81006 -100.00000 
-100.00000 -100.00000 
-100.00000 -100.00000 
-100.00000 -100.00000 
-100.00000 -100.00000 
-100.00000 -100.00000 
 0.24237 -100.00000 
-100.00000 -100.00000 
-0.27486 -100.00000 
 0.00006 -100.00000 
-0.90259 -0.00360 
-100.00000  0.00078 
 0.30500 -0.32889 
-0.19937 -100.00000 
 0.26319 -100.00000 
 0.82783 -100.00000 
-100.00000 -100.00000 
-100.00000 -100.00000 
 0.15391  0.18879 
-0.06194  0.17131 
-1.46146  0.18660 
-1.27834 -0.35394 
 0.25457 -100.00000 
-0.42905 -100.00000 
 0.29224  0.00105 
 0.48781 -0.08890 
-100.00000 -100.00000 
 0.08978 -100.00000 
 0.48668 -100.00000 
-100.00000 -100.00000 
 0.01246  0.04178 
 0.00000  0.00000 
 0.35881 -100.00000 
-100.00000 -100.00000 
-100.00000 -100.00000 
-100.00000 -100.00000 
 0.00849 -0.00026 
-0.52853 -0.78330 
-100.00000 -100.00000 
-0.68550 -100.00000 
-100.00000 -100.00000 
 0.12795 -100.00000 
-100.00000 -100.00000 
-0.00024 -100.00000 
 0.21927 -0.19283 
 0.41993 -0.07495 
-100.00000 -100.00000 
-100.00000 -100.00000 
-100.00000 -100.00000 
-100.00000 -100.00000 
-100.00000 -100.00000 
-100.00000 -100.00000 
-100.00000 -100.00000 
-0.36164 -0.09938 
-100.00000 -100.00000 
-100.00000 -100.00000 
-100.00000 -100.00000 
 0.37678 -100.00000 
-100.00000 -100.00000 
-100.00000 -100.00000 
-100.00000 -100.00000 
 0.08389  0.22809 
 0.12795 -100.00000 
-100.00000 -100.00000 
-0.13627  0.00028 
-0.53783 -100.00000 
-100.00000 -100.00000 
-100.00000 -100.00000 
-100.00000 -100.00000 
-0.29207 -100.00000 
-100.00000 -0.13904 
-0.70753  0.54439 
-100.00000 -100.00000 
 0.00079  0.83134 
-0.53836 -100.00000 
-100.00000 -100.00000 
 0.00000  0.00000 
-100.00000 -0.79149 
-100.00000 -100.00000 
-100.00000 -100.00000 
-100.00000 -100.00000 
 0.23867  0.17554 
 0.10077  0.00914 
-100.00000 -100.00000 
-100.00000 -100.00000 
-100.00000 -100.00000 
-100.00000 -100.00000 
 0.83926 -100.00000 
-100.00000 -100.00000 
-100.00000 -100.00000 
 0.07796  0.23501 
-100.00000  0.20887 
-100.00000 -100.00000 
-100.00000 -100.00000 
 0.13767 -100.00000 
-100.00000 -100.00000 
-100.00000 -100.00000 
-100.00000 -100.00000 
-100.00000 -100.00000 
 0.35986  0.28004 
-100.00000 -100.00000 
-100.00000 -100.00000 
-100.00000 -100.00000 
-100.00000 -100.00000 
 0.13425  0.46520 
-100.00000 -100.00000 
-100.00000 -0.00179 
-100.00000 -100.00000 
-100.00000 -100.00000 
-100.00000  0.84792 
-100.00000 -100.00000 
-100.00000 -100.00000 
 0.06693  0.00941 
-100.00000 -100.00000 
-100.00000 -0.00005 
-100.00000 -100.00000 
 0.41110 -0.31468 
-0.22933 -0.04270 
 0.00000  0.00000 
-100.00000 -100.00000 
-100.00000 -100.00000 
-100.00000 -100.00000 
 0.26301 -100.00000 
-100.00000 -100.00000 
-100.00000 -100.00000 
-0.42384  0.22112 
-100.00000 -100.00000 
-100.00000 -100.00000 
-0.00007 -100.00000 
-100.00000  0.37865 
-100.00000 -100.00000 
-100.00000 -100.00000 
-100.00000 -100.00000 
-100.00000 -0.02660 
-100.00000 -100.00000 
-100.00000 -100.00000 
-100.00000 -100.00000 
 0.26314 -0.00007 
-100.00000 -100.00000 
-100.00000 -100.00000 
-0.00244 -100.00000 
-100.00000 -100.00000 
-100.00000 -100.00000 
-100.00000 -100.00000 
-100.00000 -100.00000 
-100.00000 -100.00000 
-100.00000 -100.00000 
-100.00000 -100.00000 
 0.00000  0.00000 
 0.29726 -0.06754 
-100.00000 -100.00000 
-100.00000 -100.00000 
-100.00000 -100.00000 
-100.00000 -100.00000 
-100.00000 -100.00000 
-100.00000 -100.00000 
-100.00000 -100.00000 
 0.41138 -100.00000 
 0.00079 -100.00000 
-100.00000 -100.00000 
-100.00000 -100.00000 
-100.00000 -100.00000 
-100.00000 -100.00000 
 0.26306 -100.00000 
-100.00000 -100.00000 
-100.00000 -100.00000 
-100.00000 -100.00000 
-100.00000 -100.00000 
-100.00000 -100.00000 
-1.06297  0.09922 
 0.13773  0.84789 
-100.00000 -0.00001 
-100.00000 -100.00000 
-100.00000 -100.00000 
 1.00725  0.74077 
-100.00000 -100.00000 
-0.30860 -100.00000 
-100.00000 -100.00000 
 0.02638 -0.85960 
-0.25875 -0.17984 
-100.00000 -100.00000 
 0.00007 -100.00000 
-0.10944 -100.00000 
-0.16068  0.07769 
-100.00000 -100.00000 
-100.00000 -100.00000 
-100.00000 -100.00000 
 0.00002 -0.13398 
-100.00000 -100.00000 
 0.13748 -100.00000 
 0.00000  0.00000 
-100.00000 -100.00000 
-100.00000 -100.00000 
-100.00000 -100.00000 
 0.26268 -100.00000 
-100.00000 -100.00000 
-0.40507 -100.00000 
-0.50286 -0.27643 
-100.00000 -100.00000 
-100.00000 -100.00000 
-100.00000  0.00016 
-100.00000 -100.00000 
-100.00000 -100.00000 
 0.13803 -100.00000 
-100.00000 -100.00000 
-100.00000 -100.00000 
-100.00000 -100.00000 
 0.33935 -0.11212 
 0.00000  0.00000 
-100.00000 -100.00000 
-100.00000 -100.00000 
-100.00000 -100.00000 
-100.00000 -100.00000 
-100.00000 -100.00000 
-100.00000 -100.00000 
-100.00000  0.18643 
 0.00773  0.13026 
-0.04773  0.11103 
-100.00000 -100.00000 
-100.00000 -100.00000 
 0.19899  0.07491 
-100.00000 -100.00000 
 0.58456 -0.44367 
-100.00000 -100.00000 
-100.00000 -100.00000 
-100.00000 -100.00000 
-100.00000 -100.00000 
 0.00012 -100.00000 
-100.00000 -100.00000 
 0.00450 -0.09524 
 0.00016 -100.00000 
-100.00000 -100.00000 
-100.00000 -100.00000 
 0.10772  0.11913 
-100.00000 -100.00000 
-100.00000 -100.00000 
-100.00000 -100.00000 
 0.28822  0.16341 
-100.00000 -100.00000 
-100.00000 -0.00004 
-100.00000 -100.00000 
-100.00000 -100.00000 
-100.00000 -100.00000 
-100.00000 -100.00000 
-100.00000 -100.00000 
-100.00000 -100.00000 
-0.25270  0.07158 
-100.00000 -100.00000 
-100.00000 -100.00000 
 0.00754  0.69051 
-100.00000 -100.00000 
-100.00000  0.13753 
-100.00000 -100.00000 
-100.00000 -100.00000 
-100.00000 -100.00000 
-100.00000 -100.00000 
-0.08101 -0.03740 
-100.00000 -100.00000 
-100.00000  0.01292 
-100.00000 -100.00000 
-100.00000 -100.00000 
-100.00000 -100.00000 
 0.50839 -100.00000 
-100.00000 -100.00000 
 0.34234 -100.00000 
-100.00000 -100.00000 
-100.00000 -100.00000 
-100.00000 -100.00000 
-100.00000 -100.00000 
-100.00000 -100.00000 
-100.00000 -100.00000 
-100.00000 -100.00000 
-100.00000 -100.00000 
-100.00000 -100.00000 
-0.00131 -100.00000 
 0.00001 -100.00000 
-100.00000 -100.00000 
-100.00000 -100.00000 
-0.26217 -0.00040 
-100.00000 -100.00000 
 0.00000  0.00000 
 0.92675  0.17265 
-0.05646  0.13744 
-100.00000 -100.00000 
-100.00000 -100.00000 
-0.70629 -0.11238 
-100.00000 -100.00000 
 1.05401 -0.67819 
-100.00000 -100.00000 
-0.07617 -100.00000 
-100.00000 -100.00000 
-0.07654  0.32166 
 0.00023 -0.00007 
-100.00000 -100.00000 
 0.26314 -100.00000 
-100.00000 -100.00000 
-100.00000 -0.38955 
-100.00000 -100.00000 
 0.20062  0.03381 
 0.22700 -0.05813 
-100.00000  0.47040 
 0.43813  0.16910 
 0.26287 -0.15057 
-0.07587  0.22707 
-0.05010 -0.08084 
-100.00000 -100.00000 
-100.00000 -100.00000 
-1.71530 -0.36390 
-100.00000 -100.00000 
-0.12697 -0.05698 
-100.00000 -100.00000 
-100.00000 -100.00000 
 0.00000  0.00000 
-100.00000 -100.00000 
 0.19199  0.23409 
 0.16001  0.00889 
-0.00022 -0.00016 
 0.15869 -100.00000 
 0.56450 -0.01126 
-100.00000 -100.00000 
 0.13725 -100.00000 
-100.00000 -100.00000 
-100.00000 -100.00000 
-100.00000 -100.00000 
-100.00000 -100.00000 
-100.00000 -100.00000 
-100.00000 -100.00000 
-100.00000 -100.00000 
-100.00000 -0.14467 
 0.22501 -0.35492 
-0.05629 -0.00001 
 0.37867 -0.03372 
-100.00000 -100.00000 
-100.00000 -100.00000 
 0.36863 -0.04245 
-100.00000 -100.00000 
-100.00000 -100.00000 
-100.00000 -100.00000 
-0.11094 -100.00000 
-100.00000 -100.00000 
-100.00000 -100.00000 
 0.00000  0.00000 
-100.00000  0.71267 
-100.00000 -100.00000 
-0.00015 -100.00000 
-100.00000 -100.00000 
-100.00000 -100.00000 
-0.50416 -0.04872 
-100.00000 -0.15097 
-100.00000 -100.00000 
-100.00000 -100.00000 
-0.69563  0.43892 
-100.00000 -100.00000 
-0.21427 -100.00000 
