0  1.54169 -0.73174  0.80995  2.27343 
1  3.44092 -0.74125  2.69967  4.18217 
2  1.95948 -2.31300 -0.35352  4.27248 
3  3.44985 -2.91332  0.53653  6.36317 
4  1.63152 -1.84918 -0.21766  3.48070 
5  0.67296 -1.89020 -1.21724  2.56316 
6  2.93494 -0.81286  2.12208  3.74780 
7  0.31754 -0.87853 -0.56099  1.19607 
8  0.04505 -1.50043 -1.45538  1.54548 
9  1.47074 -0.53164  0.93910  2.00238 
10  2.70931 -0.61753  2.09178  3.32684 
11  0.68281 -0.12662  0.55619  0.80943 
12  0.42151 -1.41171 -0.99020  1.83322 
13  1.20915 -0.35440  0.85475  1.56355 
14  0.23194 -1.22423 -0.99229  1.45617 
15  1.17528 -0.00888  1.16640  1.18416 
16  1.18800 -1.04722  0.14078  2.23522 
17  0.29823 -0.17951  0.11872  0.47774 
18  1.80445 -1.15565  0.64880  2.96010 
19  0.84792 -0.73279  0.11513  1.58071 
20  0.30537 -0.73623 -0.43086  1.04160 
21  0.27868 -0.27178  0.00690  0.55046 
22  0.23195 -0.65825 -0.42630  0.89020 
23  0.84793 -1.08808 -0.24015  1.93601 
24  0.62285 -1.20312 -0.58027  1.82597 
25  0.81296 -0.44459  0.36837  1.25755 
26  0.54493 -0.71977 -0.17484  1.26470 
27  0.00000 -1.40861 -1.40861  1.40861 
28  0.72674 -0.67568  0.05106  1.40242 
29  0.64346 -1.34522 -0.70176  1.98868 
30  1.59747 -0.56451  1.03296  2.16198 
31  1.24579 -0.97163  0.27416  2.21742 
32  0.70910 -0.21789  0.49121  0.92699 
33  0.23282 -0.40325 -0.17043  0.63607 
34  0.49716 -0.37615  0.12101  0.87331 
35  1.42239 -0.74393  0.67846  2.16632 
36  1.89810 -1.75948  0.13862  3.65758 
37  0.89623 -1.51938 -0.62315  2.41561 
38  0.10702 -0.98114 -0.87412  1.08816 
39  1.15990 -0.87757  0.28233  2.03747 
40  0.37856 -0.08826  0.29030  0.46682 
41  0.53515 -0.63911 -0.10396  1.17426 
42  0.64735  0.00000  0.64735  0.64735 
43  0.28541 -0.48397 -0.19856  0.76938 
44  0.30143 -1.07166 -0.77023  1.37309 
45  0.37506 -0.65369 -0.27863  1.02875 
46  0.72999 -1.76758 -1.03759  2.49757 
47  0.82137 -1.09534 -0.27397  1.91671 
48  0.57543 -0.50824  0.06719  1.08367 
49  0.60314 -1.13186 -0.52872  1.73500 
50  0.00000 -1.66487 -1.66487  1.66487 
51  1.21968 -1.54320 -0.32352  2.76288 
52  0.83187 -1.73245 -0.90058  2.56432 
53  0.05111 -0.33232 -0.28121  0.38343 
54  0.00000 -1.98920 -1.98920  1.98920 
55  0.84344 -0.44107  0.40237  1.28451 
56  0.32624 -1.56867 -1.24243  1.89491 
57  0.36472 -0.38193 -0.01721  0.74665 
58  0.40045 -0.72243 -0.32198  1.12288 
59  1.75546 -1.75924 -0.00378  3.51470 
60  0.16199 -0.83455 -0.67256  0.99654 
61  1.68306 -0.33924  1.34382  2.02230 
62  0.43941 -0.18685  0.25256  0.62626 
63  0.96934 -1.85754 -0.88820  2.82688 
64  0.74225 -2.97974 -2.23749  3.72199 
65  0.36750 -0.80091 -0.43341  1.16841 
66  0.27096 -0.14295  0.12801  0.41391 
67  2.58767 -3.25689 -0.66922  5.84456 
68  0.23119 -0.65425 -0.42306  0.88544 
69  1.13071 -1.42524 -0.29453  2.55595 
70  0.79383 -2.21971 -1.42588  3.01354 
71  0.14643 -0.26437 -0.11794  0.41080 
72  0.54417 -0.18372  0.36045  0.72789 
73  1.39236 -0.01015  1.38221  1.40251 
74  1.42083 -0.89523  0.52560  2.31606 
75  1.48717 -0.88810  0.59907  2.37527 
76  0.95805 -0.14195  0.81610  1.10000 
77  0.35893 -0.74823 -0.38930  1.10716 
78  0.53644 -1.65470 -1.11826  2.19114 
79  0.00000 -0.86484 -0.86484  0.86484 
80  1.10551 -1.23512 -0.12961  2.34063 
81  0.26299 -0.65853 -0.39554  0.92152 
82  1.20141 -1.41193 -0.21052  2.61334 
83  0.25855 -0.27271 -0.01416  0.53126 
84  2.08372  0.00000  2.08372  2.08372 
85  3.80330 -1.53517  2.26813  5.33847 
86  0.81907 -1.11911 -0.30004  1.93818 
87  0.80080 -1.47201 -0.67121  2.27281 
88  3.57620 -1.96191  1.61429  5.53811 
89  2.41067 -3.00787 -0.59720  5.41854 
90  1.11205 -3.76616 -2.65411  4.87821 
91  2.47592 -2.93691 -0.46099  5.41283 
92  0.52224 -0.13234  0.38990  0.65458 
93  0.33014 -0.16783  0.16231  0.49797 
94  0.14790 -0.98237 -0.83447  1.13027 
95  0.92230  0.00000  0.92230  0.92230 
96  0.28477 -0.39396 -0.10919  0.67873 
97  0.17782 -0.51253 -0.33471  0.69035 
98  2.31864 -2.38876 -0.07012  4.70740 
99  1.26923 -3.73950 -2.47027  5.00873 
100  0.52768 -2.45368 -1.92600  2.98136 
101  0.84004 -0.52693  0.31311  1.36697 
102  2.73854 -1.03670  1.70184  3.77524 
103  1.20112 -3.52067 -2.31955  4.72179 
104  0.00000 -0.87211 -0.87211  0.87211 
105  0.24005 -2.30732 -2.06727  2.54737 
106  0.71653 -0.60271  0.11382  1.31924 
107  0.12639 -0.59497 -0.46858  0.72136 
108  0.17748 -1.17250 -0.99502  1.34998 
109  1.33290  0.00000  1.33290  1.33290 
110  1.24050 -2.38410 -1.14360  3.62460 
111  1.99228 -0.96385  1.02843  2.95613 
112  2.17541 -3.35534 -1.17993  5.53075 
113  0.25470 -2.36979 -2.11509  2.62449 
114  1.47286 -2.85021 -1.37735  4.32307 
115  1.21930 -0.39845  0.82085  1.61775 
116  0.68275 -0.15798  0.52477  0.84073 
117  0.20341 -0.19212  0.01129  0.39553 
118  0.99313 -0.68641  0.30672  1.67954 
119  0.00000 -1.05752 -1.05752  1.05752 
120  0.41044 -0.18247  0.22797  0.59291 
121  0.41280 -1.06321 -0.65041  1.47601 
122  1.01177 -0.94747  0.06430  1.95924 
123  1.07440 -0.98911  0.08529  2.06351 
124  0.18222 -1.74638 -1.56416  1.92860 
125  3.12694 -1.79646  1.33048  4.92340 
126  1.04168 -0.77350  0.26818  1.81518 
127  0.15745 -1.51374 -1.35629  1.67119 
128  0.34508 -0.67436 -0.32928  1.01944 
129  0.00000 -1.52058 -1.52058  1.52058 
130  0.07031 -0.49701 -0.42670  0.56732 
131  0.32350 -0.68333 -0.35983  1.00683 
132  0.34962 -0.85059 -0.50097  1.20021 
133  0.17758 -0.20189 -0.02431  0.37947 
134  0.67513 -1.74368 -1.06855  2.41881 
135  0.54632 -4.83395 -4.28763  5.38027 
136  2.13284 -1.42826  0.70458  3.56110 
137  2.20531 -4.86462 -2.65931  7.06993 
138  1.73749 -2.24441 -0.50692  3.98190 
139  1.12147 -0.88921  0.23226  2.01068 
140  1.07894 -1.67230 -0.59336  2.75124 
141  0.26534 -1.43497 -1.16963  1.70031 
142  0.53919 -2.18347 -1.64428  2.72266 
143  0.74352 -0.50383  0.23969  1.24735 
144  0.78530 -3.33842 -2.55312  4.12372 
145  2.01669 -2.22911 -0.21242  4.24580 
146  0.13739 -0.87886 -0.74147  1.01625 
147  0.00000 -1.15202 -1.15202  1.15202 
148  1.07508 -0.02290  1.05218  1.09798 
149  0.44206 -2.61448 -2.17242  3.05654 
150  0.40294 -0.80587 -0.40293  1.20881 
151  0.42925 -0.10178  0.32747  0.53103 
152  2.70809 -2.33400  0.37409  5.04209 
153  2.30298 -3.10186 -0.79888  5.40484 
154  0.28109 -3.29506 -3.01397  3.57615 
155  1.36138 -1.54522 -0.18384  2.90660 
156  2.73635 -2.16908  0.56727  4.90543 
157  0.89294 -3.62469 -2.73175  4.51763 
158  0.74172 -1.63861 -0.89689  2.38033 
159  0.29091 -0.69897 -0.40806  0.98988 
160  0.51567 -0.20136  0.31431  0.71703 
161  1.17322 -0.90865  0.26457  2.08187 
162  0.00000 -1.37232 -1.37232  1.37232 
163  0.96158 -0.64903  0.31255  1.61061 
164  0.59281 -1.44303 -0.85022  2.03584 
165  0.14465 -0.94914 -0.80449  1.09379 
166  0.82132 -0.98620 -0.16488  1.80752 
167  0.90047 -1.17688 -0.27641  2.07735 
168  0.39724 -3.91049 -3.51325  4.30773 
169  0.86880 -4.54092 -3.67212  5.40972 
170  2.56047 -1.22467  1.33580  3.78514 
171  1.50370 -0.54047  0.96323  2.04417 
172  1.60700 -2.93494 -1.32794  4.54194 
173  0.50827 -0.57565 -0.06738  1.08392 
174  0.55143 -5.66595 -5.11452  6.21738 
175  0.14814 -7.05600 -6.90786  7.20414 
176  0.83690 -2.14072 -1.30382  2.97762 
177  0.94370 -2.23262 -1.28892  3.17632 
178  3.05552 -1.57237  1.48315  4.62789 
179  1.85494 -1.69300  0.16194  3.54794 
180  0.32335 -0.69955 -0.37620  1.02290 
181  3.65181 -1.21003  2.44178  4.86184 
182  0.30159 -0.59169 -0.29010  0.89328 
183  1.67350 -2.88912 -1.21562  4.56262 
184  1.03451 -1.97044 -0.93593  3.00495 
185  2.18753 -0.92341  1.26412  3.11094 
186  0.60546 -1.96933 -1.36387  2.57479 
187  2.03983 -1.24405  0.79578  3.28388 
188  0.29337 -0.17386  0.11951  0.46723 
189  1.04526 -0.77180  0.27346  1.81706 
190  1.66930  0.00000  1.66930  1.66930 
191  0.63017 -0.80461 -0.17444  1.43478 
192  0.45432 -0.35816  0.09616  0.81248 
193  0.37845 -0.96661 -0.58816  1.34506 
194  0.50729 -1.14782 -0.64053  1.65511 
195  0.59553 -0.78994 -0.19441  1.38547 
196  1.07589 -2.83446 -1.75857  3.91035 
197  1.17578 -0.34333  0.83245  1.51911 
198  0.27558 -1.43387 -1.15829  1.70945 
199  0.63266 -0.74124 -0.10858  1.37390 
200  2.42793 -2.28385  0.14408  4.71178 
201  1.73482 -0.61050  1.12432  2.34532 
202  0.28585 -0.18897  0.09688  0.47482 
203  0.33030 -0.67328 -0.34298  1.00358 
204  1.08422 -1.63792 -0.55370  2.72214 
205  0.41839 -2.33810 -1.91971  2.75649 
206  0.53402 -0.32118  0.21284  0.85520 
207  0.39460 -0.10339  0.29121  0.49799 
208  1.28661 -2.46949 -1.18288  3.75610 
209  0.65246 -4.74692 -4.09446  5.39938 
210  1.93182 -2.79590 -0.86408  4.72772 
211  2.83608 -3.08273 -0.24665  5.91881 
212  0.27177 -2.53367 -2.26190  2.80544 
213  0.09826 -1.62028 -1.52202  1.71854 
214  0.13735 -0.73278 -0.59543  0.87013 
215  1.46696 -2.98874 -1.52178  4.45570 
216  0.22860 -0.05027  0.17833  0.27887 
217  0.66463 -4.66217 -3.99754  5.32680 
218  0.55941 -1.49164 -0.93223  2.05105 
219  1.16599 -3.61496 -2.44897  4.78095 
220  1.19504 -1.68201 -0.48697  2.87705 
221  0.45775 -2.00332 -1.54557  2.46107 
222  0.30768 -4.53974 -4.23206  4.84742 
223  1.76948 -2.82862 -1.05914  4.59810 
224  0.94975 -1.02351 -0.07376  1.97326 
225  0.85683 -1.52025 -0.66342  2.37708 
226  1.40935 -1.16449  0.24486  2.57384 
227  0.83155 -2.31118 -1.47963  3.14273 
228  2.10025 -3.10108 -1.00083  5.20133 
229  1.80111 -2.03019 -0.22908  3.83130 
230  1.90206 -2.00055 -0.09849  3.90261 
231  2.00987 -6.27780 -4.26793  8.28767 
232  0.64588 -0.11236  0.53352  0.75824 
233  1.10510 -2.68789 -1.58279  3.79299 
234  0.19265 -2.86415 -2.67150  3.05680 
235  1.66893 -2.64194 -0.97301  4.31087 
236  0.45683 -4.51530 -4.05847  4.97213 
237  0.63931 -0.66649 -0.02718  1.30580 
238  0.11947 -0.84614 -0.72667  0.96561 
239  0.78692 -2.72167 -1.93475  3.50859 
240  0.93777 -0.35725  0.58052  1.29502 
241  0.50790 -0.35942  0.14848  0.86732 
242  0.34668 -0.74900 -0.40232  1.09568 
243  2.56053 -1.00485  1.55568  3.56538 
244  0.00000 -0.45591 -0.45591  0.45591 
245  0.36875 -0.30586  0.06289  0.67461 
246  0.93135 -0.18343  0.74792  1.11478 
247  1.62257 -1.79463 -0.17206  3.41720 
248  1.44493 -0.28500  1.15993  1.72993 
249  0.34187 -0.39632 -0.05445  0.73819 
250  1.73122 -2.09714 -0.36592  3.82836 
251  0.09280 -2.04671 -1.95391  2.13951 
252  1.25479 -1.03580  0.21899  2.29059 
253  0.71931 -1.66889 -0.94958  2.38820 
254  2.16698 -0.87633  1.29065  3.04331 
255  0.38910 -0.94289 -0.55379  1.33199 
256  0.95042 -4.38771 -3.43729  5.33813 
257  0.38136 -0.18692  0.19444  0.56828 
258  1.00771 -0.14586  0.86185  1.15357 
259  0.36689 -1.42364 -1.05675  1.79053 
260  0.80000 -1.30406 -0.50406  2.10406 
261  0.47057 -0.28145  0.18912  0.75202 
262  0.00000 -0.81101 -0.81101  0.81101 
263  0.13426 -0.24853 -0.11427  0.38279 
264  0.80569 -1.29710 -0.49141  2.10279 
265  0.43374 -0.69814 -0.26440  1.13188 
266  0.98576 -0.02606  0.95970  1.01182 
267  1.61608 -0.13317  1.48291  1.74925 
268  0.22656  0.00000  0.22656  0.22656 
269  1.58237  0.00000  1.58237  1.58237 
270  0.00000 -2.39276 -2.39276  2.39276 
271  0.88495 -2.05498 -1.17003  2.93993 
272  0.47014 -1.55702 -1.08688  2.02716 
273  1.93393 -4.28321 -2.34928  6.21714 
274  1.28076 -0.37828  0.90248  1.65904 
275  1.84068 -2.54329 -0.70261  4.38397 
276  3.79875 -2.84483  0.95392  6.64358 
277  0.96873 -4.07865 -3.10992  5.04738 
278  1.70378 -0.82811  0.87567  2.53189 
279  1.10818 -0.27737  0.83081  1.38555 
280  0.89096 -1.15935 -0.26839  2.05031 
281  0.35074 -2.16706 -1.81632  2.51780 
282  2.05480 -2.41429 -0.35949  4.46909 
283  0.07685 -1.77320 -1.69635  1.85005 
284  3.30127 -0.39279  2.90848  3.69406 
285  2.68942 -0.98726  1.70216  3.67668 
286  1.54822 -1.18939  0.35883  2.73761 
287  2.09468 -2.11492 -0.02024  4.20960 
288  1.46285 -3.99184 -2.52899  5.45469 
289  0.72036 -1.77872 -1.05836  2.49908 
290  1.19723 -0.39290  0.80433  1.59013 
291  1.16867 -0.99518  0.17349  2.16385 
292  0.79455 -0.28212  0.51243  1.07667 
293  1.52446 -2.60369 -1.07923  4.12815 
294  0.59680 -0.63952 -0.04272  1.23632 
295  0.81812 -0.02798  0.79014  0.84610 
296  0.60264 -0.90396 -0.30132  1.50660 
297  0.10065 -0.37920 -0.27855  0.47985 
298  2.64610 -2.61278  0.03332  5.25888 
299  0.24698 -0.16458  0.08240  0.41156 
300  1.87564 -0.07201  1.80363  1.94765 
301  0.43028 -0.92073 -0.49045  1.35101 
302  1.28633 -3.29049 -2.00416  4.57682 
303  0.84203 -0.80825  0.03378  1.65028 
304  1.55119 -1.19649  0.35470  2.74768 
305  1.33769 -2.82904 -1.49135  4.16673 
306  0.87955 -0.14990  0.72965  1.02945 
307  0.66997 -0.21096  0.45901  0.88093 
308  0.42611 -0.56444 -0.13833  0.99055 
309  0.48548 -0.16785  0.31763  0.65333 
310  1.32317 -0.10690  1.21627  1.43007 
311  1.32196 -1.26825  0.05371  2.59021 
312  1.05820 -2.13060 -1.07240  3.18880 
313  1.94285 -3.31806 -1.37521  5.26091 
314  0.41350 -3.45165 -3.03815  3.86515 
315  2.09666 -0.15132  1.94534  2.24798 
316  0.30902 -0.16467  0.14435  0.47369 
317  1.66431 -2.99083 -1.32652  4.65514 
318  0.11112 -0.85017 -0.73905  0.96129 
319  1.00920  0.00000  1.00920  1.00920 
320  2.16128 -0.48466  1.67662  2.64594 
321  0.00000 -1.14440 -1.14440  1.14440 
322  1.54034 -0.68292  0.85742  2.22326 
323  0.91889 -1.59307 -0.67418  2.51196 
324  1.71724 -0.27704  1.44020  1.99428 
325  2.31229 -1.42050  0.89179  3.73279 
326  1.02815 -1.52926 -0.50111  2.55741 
327  0.35104 -0.73732 -0.38628  1.08836 
328  0.79879 -0.58044  0.21835  1.37923 
329  0.90670 -0.15296  0.75374  1.05966 
330  0.67959 -0.37441  0.30518  1.05400 
331  0.81285 -0.32095  0.49190  1.13380 
332  1.75244 -0.28743  1.46501  2.03987 
333  0.42971 -0.10653  0.32318  0.53624 
334  0.69097  0.00000  0.69097  0.69097 
335  0.20757 -0.17796  0.02961  0.38553 
336  2.50606 -0.13324  2.37282  2.63930 
337  0.42609 -0.55570 -0.12961  0.98179 
338  0.88892 -0.87117  0.01775  1.76009 
339  0.45945 -0.69443 -0.23498  1.15388 
340  0.13740 -0.65060 -0.51320  0.78800 
341  0.72719 -0.46109  0.26610  1.18828 
342  0.37198 -0.97795 -0.60597  1.34993 
343  0.39617 -1.32607 -0.92990  1.72224 
344  1.81153 -0.53136  1.28017  2.34289 
345  1.11039 -1.05793  0.05246  2.16832 
346  0.75515 -0.74105  0.01410  1.49620 
347  1.29088 -0.27801  1.01287  1.56889 
348  0.94796 -0.41511  0.53285  1.36307 
349  0.35371 -0.36406 -0.01035  0.71777 
350  0.49151 -0.84046 -0.34895  1.33197 
351  0.00164 -0.79432 -0.79268  0.79596 
352  1.09909  0.00000  1.09909  1.09909 
353  1.45073 -0.06712  1.38361  1.51785 
354  0.16732 -0.57116 -0.40384  0.73848 
355  0.00000 -0.89663 -0.89663  0.89663 
356  1.17718 -0.41388  0.76330  1.59106 
357  1.89931 -0.08960  1.80971  1.98891 
358  1.27150  0.00000  1.27150  1.27150 
359  0.34782 -0.10230  0.24552  0.45012 
360  1.38185 -1.61099 -0.22914  2.99284 
361  1.12491 -0.49892  0.62599  1.62383 
362  0.24890 -0.08195  0.16695  0.33085 
363  0.51662 -0.45009  0.06653  0.96671 
364  0.86443  0.00000  0.86443  0.86443 
365  1.17525 -0.06810  1.10715  1.24335 
366  0.49388 -0.59046 -0.09658  1.08434 
367  0.43319 -1.72583 -1.29264  2.15902 
368  2.96079 -1.03479  1.92600  3.99558 
369  0.52319 -1.08272 -0.55953  1.60591 
370  1.27736 -0.15149  1.12587  1.42885 
371  0.62129 -1.28920 -0.66791  1.91049 
372  1.59569 -1.04717  0.54852  2.64286 
373  0.00000 -0.39369 -0.39369  0.39369 
374  0.67189 -1.44688 -0.77499  2.11877 
375  1.27706 -0.15113  1.12593  1.42819 
376  1.03253 -0.68849  0.34404  1.72102 
377  2.02381 -0.48348  1.54033  2.50729 
378  0.43315 -1.19337 -0.76022  1.62652 
379  0.97159 -0.73483  0.23676  1.70642 
380  1.82857 -1.59358  0.23499  3.42215 
381  0.73554 -3.64752 -2.91198  4.38306 
382  0.35438 -0.96518 -0.61080  1.31956 
383  0.77306 -0.21443  0.55863  0.98749 
384  2.09472 -0.04615  2.04857  2.14087 
385  1.10143 -3.22671 -2.12528  4.32814 
386  0.33070 -0.55740 -0.22670  0.88810 
387  0.75384 -0.21442  0.53942  0.96826 
388  0.99721 -2.65369 -1.65648  3.65090 
389  2.61123 -1.21626  1.39497  3.82749 
390  0.53523 -0.21466  0.32057  0.74989 
391  2.64558 -1.03861  1.60697  3.68419 
392  1.10326 -0.41547  0.68779  1.51873 
393  0.00000 -0.68407 -0.68407  0.68407 
394  0.42953 -0.07701  0.35252  0.50654 
395  0.85142 -0.81597  0.03545  1.66739 
396  0.71475 -1.63761 -0.92286  2.35236 
397  0.12180 -0.72708 -0.60528  0.84888 
398  0.46191 -0.76844 -0.30653  1.23035 
399  0.87236 -2.09192 -1.21956  2.96428 
400  2.78250 -2.00118  0.78132  4.78368 
401  1.73645 -0.36192  1.37453  2.09837 
402  1.06954 -0.90174  0.16780  1.97128 
403  0.84249 -2.07699 -1.23450  2.91948 
404  0.08496 -1.35439 -1.26943  1.43935 
405  2.26125 -0.72614  1.53511  2.98739 
406  0.66571 -0.76259 -0.09688  1.42830 
407  0.61833 -2.72949 -2.11116  3.34782 
408  1.34306 -1.27981  0.06325  2.62287 
409  0.75865 -1.96928 -1.21063  2.72793 
410  0.39468 -1.12672 -0.73204  1.52140 
411  2.00998 -3.42589 -1.41591  5.43587 
412  0.32857 -0.74104 -0.41247  1.06961 
413  2.10116 -1.85884  0.24232  3.96000 
414  2.97228 -1.95824  1.01404  4.93052 
415  0.91909 -0.07703  0.84206  0.99612 
416  0.00000 -1.41115 -1.41115  1.41115 
417  0.54849 -0.35715  0.19134  0.90564 
418  0.53604 -0.54523 -0.00919  1.08127 
419  0.50768 -1.05034 -0.54266  1.55802 
420  0.47050 -1.79324 -1.32274  2.26374 
421  0.00000 -0.63447 -0.63447  0.63447 
422  0.55129  0.00000  0.55129  0.55129 
423  0.67023 -1.44770 -0.77747  2.11793 
424  1.01342 -0.94257  0.07085  1.95599 
425  1.21329 -0.51655  0.69674  1.72984 
426  1.29412 -0.14998  1.14414  1.44410 
427  0.37816 -2.07390 -1.69574  2.45206 
428  2.08265 -0.31447  1.76818  2.39712 
429  0.00000 -1.07852 -1.07852  1.07852 
430  0.54511 -1.15257 -0.60746  1.69768 
431  0.04862 -0.84103 -0.79241  0.88965 
432  2.38905 -0.28914  2.09991  2.67819 
433  0.45810 -0.21886  0.23924  0.67696 
434  0.46559  0.00000  0.46559  0.46559 
435  1.30576  0.00000  1.30576  1.30576 
436  1.47356  0.00000  1.47356  1.47356 
437  1.55302 -0.49273  1.06029  2.04575 
438  1.43906 -0.92240  0.51666  2.36146 
439  0.26305 -0.18507  0.07798  0.44812 
440  0.52627 -0.23760  0.28867  0.76387 
441  0.18245 -0.63205 -0.44960  0.81450 
442  0.10910 -1.03813 -0.92903  1.14723 
443  0.08743 -0.02375  0.06368  0.11118 
444  0.70776  0.00000  0.70776  0.70776 
445  0.52082 -0.26401  0.25681  0.78483 
446  0.39717 -0.60806 -0.21089  1.00523 
447  1.24076 -0.33655  0.90421  1.57731 
448  1.96940 -0.31459  1.65481  2.28399 
449  0.83326 -0.78356  0.04970  1.61682 
450  0.27086 -0.44260 -0.17174  0.71346 
451  1.51797 -0.59258  0.92539  2.11055 
452  1.47768  0.00000  1.47768  1.47768 
453  0.66227 -0.48222  0.18005  1.14449 
454  0.15562 -1.27677 -1.12115  1.43239 
455  2.32794 -1.25462  1.07332  3.58256 
456  1.20692 -0.69308  0.51384  1.90000 
457  0.53145 -0.00175  0.52970  0.53320 
458  0.29992 -0.72109 -0.42117  1.02101 
459  0.73596 -0.22873  0.50723  0.96469 
460  0.00000 -1.42103 -1.42103  1.42103 
461  0.47256 -0.26478  0.20778  0.73734 
462  1.41460 -0.20609  1.20851  1.62069 
463  1.01338 -1.36698 -0.35360  2.38036 
464  0.16386 -0.46406 -0.30020  0.62792 
465  0.19878 -1.25660 -1.05782  1.45538 
466  0.77273 -1.23457 -0.46184  2.00730 
467  1.52444 -1.46599  0.05845  2.99043 
468  0.28528 -0.93490 -0.64962  1.22018 
469  0.59908 -2.30624 -1.70716  2.90532 
470  1.00782 -1.38723 -0.37941  2.39505 
471  0.23803 -0.65484 -0.41681  0.89287 
472  1.08691  0.00000  1.08691  1.08691 
473  1.87057 -2.65747 -0.78690  4.52804 
474  0.43418 -1.63645 -1.20227  2.07063 
475  0.81222 -2.72332 -1.91110  3.53554 
476  0.08221 -1.22183 -1.13962  1.30404 
477  1.03885 -0.96405  0.07480  2.00290 
478  0.81281 -0.38843  0.42438  1.20124 
479  1.18219  0.00000  1.18219  1.18219 
480  0.28153 -0.63552 -0.35399  0.91705 
481  0.40748 -1.76574 -1.35826  2.17322 
482  1.06489 -0.11889  0.94600  1.18378 
483  0.31879 -0.83641 -0.51762  1.15520 
484  0.69080 -1.07723 -0.38643  1.76803 
485  1.70368 -2.23039 -0.52671  3.93407 
486  0.16056 -0.38786 -0.22730  0.54842 
487  0.58250 -0.90294 -0.32044  1.48544 
488  0.11091 -1.18529 -1.07438  1.29620 
489  1.09069 -5.18411 -4.09342  6.27480 
490  0.31444 -0.93942 -0.62498  1.25386 
491  0.76817 -0.34842  0.41975  1.11659 
492  1.25538 -0.41389  0.84149  1.66927 
493  1.24968 -0.96391  0.28577  2.21359 
494  0.74317 -0.60977  0.13340  1.35294 
495  0.36953 -0.18123  0.18830  0.55076 
496  1.16115 -4.09285 -2.93170  5.25400 
497  0.55689 -1.16877 -0.61188  1.72566 
498  0.56550 -2.02618 -1.46068  2.59168 
499  0.27988 -0.11885  0.16103  0.39873 
500  0.29826 -2.54973 -2.25147  2.84799 
501  0.99559 -1.30640 -0.31081  2.30199 
502  1.41545 -1.75605 -0.34060  3.17150 
503  0.80327 -2.25274 -1.44947  3.05601 
504  0.40045 -0.98361 -0.58316  1.38406 
505  1.90526 -1.11109  0.79417  3.01635 
506  1.27403 -1.47843 -0.20440  2.75246 
507  1.44817 -1.47638 -0.02821  2.92455 
508  0.30401 -2.12141 -1.81740  2.42542 
509  1.15796 -2.85414 -1.69618  4.01210 
510  1.49527 -1.41489  0.08038  2.91016 
511  1.65214 -2.49099 -0.83885  4.14313 
512  1.23590 -0.82261  0.41329  2.05851 
513  1.46878 -0.68556  0.78322  2.15434 
514  3.65634 -1.38192  2.27442  5.03826 
515  0.73954 -0.70976  0.02978  1.44930 
516  2.30262 -1.76429  0.53833  4.06691 
517  1.65465 -1.21744  0.43721  2.87209 
518  1.26701 -0.11894  1.14807  1.38595 
519  1.39623 -2.98248 -1.58625  4.37871 
520  0.48317 -1.46611 -0.98294  1.94928 
521  0.54504 -1.08165 -0.53661  1.62669 
522  1.75879 -2.01816 -0.25937  3.77695 
523  1.48030 -0.39505  1.08525  1.87535 
524  1.99413 -2.09339 -0.09926  4.08752 
525  1.49112 -0.50132  0.98980  1.99244 
526  1.43068 -1.31126  0.11942  2.74194 
527  0.24948 -1.01261 -0.76313  1.26209 
528  1.13910 -0.83062  0.30848  1.96972 
529  0.96493 -0.73539  0.22954  1.70032 
530  1.34048 -0.58568  0.75480  1.92616 
531  0.11102 -0.91341 -0.80239  1.02443 
532  0.80921 -0.36024  0.44897  1.16945 
533  0.51950  0.00000  0.51950  0.51950 
534  0.14317 -0.84322 -0.70005  0.98639 
535  0.27132 -0.47393 -0.20261  0.74525 
536  0.38877 -0.28591  0.10286  0.67468 
537  1.15460 -1.98773 -0.83313  3.14233 
538  0.57081 -0.52745  0.04336  1.09826 
539  0.80793 -1.30310 -0.49517  2.11103 
540  2.59250 -1.31010  1.28240  3.90260 
541  1.23773 -1.47495 -0.23722  2.71268 
542  0.64781 -1.16744 -0.51963  1.81525 
543  0.00000 -0.52984 -0.52984  0.52984 
544  0.06879 -1.66191 -1.59312  1.73070 
545  0.33759 -0.29602  0.04157  0.63361 
546  0.68055 -0.37044  0.31011  1.05099 
547  0.48284 -0.05012  0.43272  0.53296 
548  0.89474 -1.24490 -0.35016  2.13964 
549  1.80466 -0.38377  1.42089  2.18843 
550  1.60730 -0.70527  0.90203  2.31257 
551  0.30339 -0.48678 -0.18339  0.79017 
552  0.05467 -0.59602 -0.54135  0.65069 
553  0.90449 -1.74155 -0.83706  2.64604 
554  1.22995 -2.42743 -1.19748  3.65738 
555  1.13607 -2.01415 -0.87808  3.15022 
556  0.72155 -2.47803 -1.75648  3.19958 
557  0.89814 -2.52438 -1.62624  3.42252 
558  0.14961 -0.67384 -0.52423  0.82345 
559  1.32627 -1.65531 -0.32904  2.98158 
560  1.95749 -0.35599  1.60150  2.31348 
561  1.58925 -1.53536  0.05389  3.12461 
562  0.53562 -0.67129 -0.13567  1.20691 
563  0.98862 -1.20151 -0.21289  2.19013 
564  0.65810 -0.18696  0.47114  0.84506 
