0  0.27276 -1.46019 -1.18743  1.73295 
1  1.70426 -1.92103 -0.21677  3.62529 
2  1.66971 -2.10200 -0.43229  3.77171 
3  0.73878 -1.53902 -0.80024  2.27780 
4  1.97108 -1.32837  0.64271  3.29945 
5  1.20479 -0.16104  1.04375  1.36583 
6  1.52747 -0.53939  0.98808  2.06686 
7  0.25831 -0.15064  0.10767  0.40895 
8  0.35397 -1.04017 -0.68620  1.39414 
9  0.28036 -1.63952 -1.35916  1.91988 
10  1.22813 -1.31852 -0.09039  2.54665 
11  1.45967 -2.02122 -0.56155  3.48089 
12  1.13354 -0.72942  0.40412  1.86296 
13  0.13744 -0.50252 -0.36508  0.63996 
14  0.94379 -0.03069  0.91310  0.97448 
15  1.15098 -0.05620  1.09478  1.20718 
16  0.76478 -0.44015  0.32463  1.20493 
17  0.56930 -0.99607 -0.42677  1.56537 
18  0.16890 -2.83471 -2.66581  3.00361 
19  0.45180 -1.11086 -0.65906  1.56266 
20  0.17316 -0.70963 -0.53647  0.88279 
21  0.34387 -0.40385 -0.05998  0.74772 
22  1.67058  0.00000  1.67058  1.67058 
23  0.13745 -0.92103 -0.78358  1.05848 
24  1.92883 -0.82259  1.10624  2.75142 
25  0.06863 -0.87000 -0.80137  0.93863 
26  0.89888 -0.64089  0.25799  1.53977 
27  0.24899 -1.02582 -0.77683  1.27481 
28  0.10860 -0.75276 -0.64416  0.86136 
29  0.46192 -0.41479  0.04713  0.87671 
30  0.75616 -1.26697 -0.51081  2.02313 
31  0.62710 -0.61636  0.01074  1.24346 
32  0.86240 -0.18590  0.67650  1.04830 
33  0.65776  0.00000  0.65776  0.65776 
34  0.55753 -0.30022  0.25731  0.85775 
35  0.29311 -0.22103  0.07208  0.51414 
36  0.23709 -3.14901 -2.91192  3.38610 
37  0.79085 -0.92471 -0.13386  1.71556 
38  0.56771 -1.00521 -0.43750  1.57292 
39  0.64187 -0.46916  0.17271  1.11103 
40  0.29978 -0.25606  0.04372  0.55584 
41  0.59622 -0.84678 -0.25056  1.44300 
42  0.79635 -0.27942  0.51693  1.07577 
43  0.49375 -0.20211  0.29164  0.69586 
44  0.20338 -0.58286 -0.37948  0.78624 
45  0.85757 -0.15722  0.70035  1.01479 
46  0.36327 -1.23105 -0.86778  1.59432 
47  0.60206 -0.28836  0.31370  0.89042 
48  0.54233  0.00000  0.54233  0.54233 
49  0.79032  0.00000  0.79032  0.79032 
50  0.62757 -1.15599 -0.52842  1.78356 
51  0.63836 -0.71034 -0.07198  1.34870 
52  1.65573 -1.43298  0.22275  3.08871 
53  0.30234 -0.56570 -0.26336  0.86804 
54  0.39829 -0.33288  0.06541  0.73117 
55  0.38815 -0.82245 -0.43430  1.21060 
56  0.04163 -0.90983 -0.86820  0.95146 
57  0.26843 -0.51993 -0.25150  0.78836 
58  0.92221 -1.00226 -0.08005  1.92447 
59  2.29843 -2.57969 -0.28126  4.87812 
60  0.75167 -0.92486 -0.17319  1.67653 
61  1.14742 -1.39764 -0.25022  2.54506 
62  0.77554  0.00000  0.77554  0.77554 
63  0.73316 -0.70784  0.02532  1.44100 
64  1.79797 -1.57277  0.22520  3.37074 
65  0.18712 -1.05160 -0.86448  1.23872 
66  0.58355 -0.15186  0.43169  0.73541 
67  0.61461 -2.91592 -2.30131  3.53053 
68  0.42506 -0.05401  0.37105  0.47907 
69  1.67795 -2.35381 -0.67586  4.03176 
70  0.86121 -0.89471 -0.03350  1.75592 
71  1.05408 -0.55810  0.49598  1.61218 
72  1.19752 -1.47728 -0.27976  2.67480 
73  0.73412 -1.69243 -0.95831  2.42655 
74  1.51578 -1.36662  0.14916  2.88240 
75  1.08461 -0.04715  1.03746  1.13176 
76  0.75175 -0.36983  0.38192  1.12158 
77  0.50477 -0.67997 -0.17520  1.18474 
78  0.22739 -0.73863 -0.51124  0.96602 
79  1.55543  0.00000  1.55543  1.55543 
80  0.99997 -0.06943  0.93054  1.06940 
81  1.39417 -0.14853  1.24564  1.54270 
82  0.64634 -2.44984 -1.80350  3.09618 
83  0.80977 -0.99681 -0.18704  1.80658 
84  0.77865 -0.45972  0.31893  1.23837 
85  1.52279 -2.45025 -0.92746  3.97304 
86  0.26287 -1.99800 -1.73513  2.26087 
87  1.56380 -0.18573  1.37807  1.74953 
88  1.50598 -1.71741 -0.21143  3.22339 
89  1.06021 -4.71399 -3.65378  5.77420 
90  2.06945 -3.22696 -1.15751  5.29641 
91  0.91690 -0.63789  0.27901  1.55479 
92  0.37745 -0.01315  0.36430  0.39060 
93  0.62745 -0.91326 -0.28581  1.54071 
94  0.00000 -1.05015 -1.05015  1.05015 
95  0.47885 -0.78359 -0.30474  1.26244 
96  1.94624 -0.18896  1.75728  2.13520 
97  0.17284 -0.88659 -0.71375  1.05943 
98  3.51262 -2.74407  0.76855  6.25669 
99  1.57684 -2.30811 -0.73127  3.88495 
100  1.13265 -2.48689 -1.35424  3.61954 
101  0.00000 -0.51223 -0.51223  0.51223 
102  0.58244 -1.51969 -0.93725  2.10213 
103  1.43961 -5.14399 -3.70438  6.58360 
104  0.92595 -0.19062  0.73533  1.11657 
105  0.73968 -0.37608  0.36360  1.11576 
106  0.97861 -0.38664  0.59197  1.36525 
107  0.00000 -1.14010 -1.14010  1.14010 
108  0.97246 -0.47007  0.50239  1.44253 
109  0.07280 -0.16719 -0.09439  0.23999 
110  0.99054 -2.99491 -2.00437  3.98545 
111  0.91894  0.00000  0.91894  0.91894 
112  1.91225 -2.16691 -0.25466  4.07916 
113  0.28007 -2.71038 -2.43031  2.99045 
114  0.79115 -1.77276 -0.98161  2.56391 
115  0.83963 -1.19619 -0.35656  2.03582 
116  0.71980 -0.01761  0.70219  0.73741 
117  0.51624 -0.25777  0.25847  0.77401 
118  2.20196 -0.19067  2.01129  2.39263 
119  0.55577 -0.32367  0.23210  0.87944 
120  0.58994 -0.62135 -0.03141  1.21129 
121  0.46679 -0.86258 -0.39579  1.32937 
122  1.55523 -1.50485  0.05038  3.06008 
123  1.39058 -1.08390  0.30668  2.47448 
124  1.24647 -0.69739  0.54908  1.94386 
125  2.41957 -2.63609 -0.21652  5.05566 
126  1.52976 -1.20681  0.32295  2.73657 
127  0.30463 -1.09531 -0.79068  1.39994 
128  0.51452 -0.30284  0.21168  0.81736 
129  1.04416 -0.26813  0.77603  1.31229 
130  0.13746 -0.66171 -0.52425  0.79917 
131  0.63866 -0.73450 -0.09584  1.37316 
132  2.11931 -0.82982  1.28949  2.94913 
133  0.13746 -1.25306 -1.11560  1.39052 
134  0.49616 -2.19749 -1.70133  2.69365 
135  3.72843 -4.42167 -0.69324  8.15010 
136  0.87717 -2.12639 -1.24922  3.00356 
137  1.61353 -3.14479 -1.53126  4.75832 
138  0.66702 -1.35583 -0.68881  2.02285 
139  0.71328 -0.28253  0.43075  0.99581 
140  0.34765 -2.99105 -2.64340  3.33870 
141  0.76707 -0.36713  0.39994  1.13420 
142  0.31005 -1.80867 -1.49862  2.11872 
143  0.19055 -0.46259 -0.27204  0.65314 
144  2.41654 -1.16941  1.24713  3.58595 
145  2.47550 -2.38556  0.08994  4.86106 
146  0.51751 -0.72701 -0.20950  1.24452 
147  0.24823 -0.87524 -0.62701  1.12347 
148  0.46016 -1.03582 -0.57566  1.49598 
149  2.44231 -1.57497  0.86734  4.01728 
150  0.77020  0.00000  0.77020  0.77020 
151  1.13694 -0.09888  1.03806  1.23582 
152  2.15520 -3.87028 -1.71508  6.02548 
153  2.94927 -3.23013 -0.28086  6.17940 
154  1.62284 -2.14346 -0.52062  3.76630 
155  1.03777 -1.19796 -0.16019  2.23573 
156  1.53605 -3.37252 -1.83647  4.90857 
157  1.59945 -0.80023  0.79922  2.39968 
158  0.68385 -3.09577 -2.41192  3.77962 
159  1.16130 -0.45281  0.70849  1.61411 
160  0.04883 -0.70705 -0.65822  0.75588 
161  0.15262 -1.22811 -1.07549  1.38073 
162  0.39298 -1.18910 -0.79612  1.58208 
163  0.33468 -0.36030 -0.02562  0.69498 
164  0.85648 -0.35872  0.49776  1.21520 
165  0.63187 -0.63095  0.00092  1.26282 
166  0.90415 -1.98110 -1.07695  2.88525 
167  1.08635 -1.11328 -0.02693  2.19963 
168  0.34046 -3.13171 -2.79125  3.47217 
169  0.84386 -4.72219 -3.87833  5.56605 
170  1.88751 -1.93331 -0.04580  3.82082 
171  1.64098 -0.64972  0.99126  2.29070 
172  3.52964 -1.97585  1.55379  5.50549 
173  0.54858 -0.33855  0.21003  0.88713 
174  0.35708 -4.97635 -4.61927  5.33343 
175  0.75105 -6.60332 -5.85227  7.35437 
176  1.85571 -0.42008  1.43563  2.27579 
177  0.52325 -1.75200 -1.22875  2.27525 
178  1.27212 -1.30097 -0.02885  2.57309 
179  2.23022 -1.33579  0.89443  3.56601 
180  0.40978 -0.22692  0.18286  0.63670 
181  1.69818 -1.52092  0.17726  3.21910 
182  0.55776 -0.62805 -0.07029  1.18581 
183  2.55618 -1.36614  1.19004  3.92232 
184  0.30740 -2.37578 -2.06838  2.68318 
185  1.95725 -0.70147  1.25578  2.65872 
186  1.03324 -0.81217  0.22107  1.84541 
187  2.20844 -1.58460  0.62384  3.79304 
188  0.51905  0.00000  0.51905  0.51905 
189  0.83133 -0.80085  0.03048  1.63218 
190  0.88795 -0.48693  0.40102  1.37488 
191  0.71280 -0.00003  0.71277  0.71283 
192  0.03678 -0.33494 -0.29816  0.37172 
193  0.35378 -1.67637 -1.32259  2.03015 
194  1.93912 -0.33017  1.60895  2.26929 
195  1.53604  0.00000  1.53604  1.53604 
196  0.01077 -3.64556 -3.63479  3.65633 
197  0.02812 -0.46715 -0.43903  0.49527 
198  0.01916 -1.51034 -1.49118  1.52950 
199  0.00000 -2.31782 -2.31782  2.31782 
200  1.58778 -0.48537  1.10241  2.07315 
201  0.48754 -1.20115 -0.71361  1.68869 
202  0.73873 -0.49735  0.24138  1.23608 
203  0.88595 -0.94494 -0.05899  1.83089 
204  1.34972 -2.57301 -1.22329  3.92273 
205  0.97491 -1.43545 -0.46054  2.41036 
206  0.59698 -1.09778 -0.50080  1.69476 
207  0.00000 -1.37098 -1.37098  1.37098 
208  2.12817 -1.28261  0.84556  3.41078 
209  1.17882 -5.45177 -4.27295  6.63059 
210  1.44067 -2.60812 -1.16745  4.04879 
211  3.23075 -2.37629  0.85446  5.60704 
212  0.14781 -2.56127 -2.41346  2.70908 
213  1.23862 -1.77253 -0.53391  3.01115 
214  0.37850 -0.27296  0.10554  0.65146 
215  1.11727 -2.38271 -1.26544  3.49998 
216  1.09862 -0.45042  0.64820  1.54904 
217  0.20812 -3.63103 -3.42291  3.83915 
218  0.78033 -0.87149 -0.09116  1.65182 
219  0.22030 -4.32629 -4.10599  4.54659 
220  2.31552 -2.76365 -0.44813  5.07917 
221  1.28421 -0.67488  0.60933  1.95909 
222  1.18695 -2.05958 -0.87263  3.24653 
223  2.06185 -1.62328  0.43857  3.68513 
224  1.37136 -0.06721  1.30415  1.43857 
225  0.79388 -1.30402 -0.51014  2.09790 
226  2.55634 -0.93105  1.62529  3.48739 
227  1.63895 -2.68308 -1.04413  4.32203 
228  1.01534 -2.36691 -1.35157  3.38225 
229  1.93321 -2.51289 -0.57968  4.44610 
230  0.74313 -2.53493 -1.79180  3.27806 
231  1.65929 -4.61892 -2.95963  6.27821 
232  1.02707 -0.28026  0.74681  1.30733 
233  0.49076 -1.60301 -1.11225  2.09377 
234  1.35818 -2.31462 -0.95644  3.67280 
235  1.28012 -2.90293 -1.62281  4.18305 
236  2.17170 -4.41320 -2.24150  6.58490 
237  1.70275 -1.20460  0.49815  2.90735 
238  1.44367 -0.96572  0.47795  2.40939 
239  2.63718 -1.11996  1.51722  3.75714 
240  0.00000 -1.71123 -1.71123  1.71123 
241  1.52397  0.00000  1.52397  1.52397 
242  0.34826 -0.46404 -0.11578  0.81230 
243  1.49504 -1.83066 -0.33562  3.32570 
244  0.24459 -0.29663 -0.05204  0.54122 
245  1.59688 -0.15358  1.44330  1.75046 
246  0.61224 -0.28206  0.33018  0.89430 
247  3.20814 -0.72871  2.47943  3.93685 
248  1.02907 -0.37028  0.65879  1.39935 
249  0.97822 -0.23341  0.74481  1.21163 
250  1.62097 -2.22264 -0.60167  3.84361 
251  0.62874 -2.20985 -1.58111  2.83859 
252  2.08022 -2.42004 -0.33982  4.50026 
253  0.85771 -1.36456 -0.50685  2.22227 
254  1.84464 -3.01412 -1.16948  4.85876 
255  0.53968 -1.55483 -1.01515  2.09451 
256  0.84426 -4.24656 -3.40230  5.09082 
257  0.08747 -1.94641 -1.85894  2.03388 
258  0.66402 -1.04976 -0.38574  1.71378 
259  1.19703 -0.46412  0.73291  1.66115 
260  0.01118 -1.34382 -1.33264  1.35500 
261  1.65437 -0.55770  1.09667  2.21207 
262  0.56507  0.00000  0.56507  0.56507 
263  1.11183 -1.14799 -0.03616  2.25982 
264  1.49678 -2.63498 -1.13820  4.13176 
265  0.03613 -0.71208 -0.67595  0.74821 
266  0.29859 -0.33649 -0.03790  0.63508 
267  2.28704 -0.44501  1.84203  2.73205 
268  0.73665 -0.61186  0.12479  1.34851 
269  0.55691 -0.70648 -0.14957  1.26339 
270  0.47700 -0.65136 -0.17436  1.12836 
271  2.54530 -0.31903  2.22627  2.86433 
272  1.26678 -0.56783  0.69895  1.83461 
273  1.26424 -4.57633 -3.31209  5.84057 
274  0.72601 -0.26610  0.45991  0.99211 
275  1.33733 -1.77597 -0.43864  3.11330 
276  2.56323 -3.95971 -1.39648  6.52294 
277  2.30726 -5.41821 -3.11095  7.72547 
278  1.65159 -0.84277  0.80882  2.49436 
279  0.89181 -0.25246  0.63935  1.14427 
280  1.23352 -0.95908  0.27444  2.19260 
281  2.51801 -0.11444  2.40357  2.63245 
282  0.93571 -3.51256 -2.57685  4.44827 
283  0.92937 -1.15306 -0.22369  2.08243 
284  1.45115 -2.35950 -0.90835  3.81065 
285  1.17149 -2.54346 -1.37197  3.71495 
286  1.09157 -0.87355  0.21802  1.96512 
287  2.03250 -1.28467  0.74783  3.31717 
288  0.79012 -3.09087 -2.30075  3.88099 
289  1.57722 -0.95728  0.61994  2.53450 
290  0.04898  0.00000  0.04898  0.04898 
291  0.61998 -0.91622 -0.29624  1.53620 
292  0.81047 -0.73514  0.07533  1.54561 
293  1.47726 -2.13663 -0.65937  3.61389 
294  0.57068 -0.42607  0.14461  0.99675 
295  0.33118 -0.20252  0.12866  0.53370 
296  1.30851 -0.31679  0.99172  1.62530 
297  0.21068 -1.37476 -1.16408  1.58544 
298  0.90093 -2.80183 -1.90090  3.70276 
299  0.50694 -0.22166  0.28528  0.72860 
300  0.49827 -0.66658 -0.16831  1.16485 
301  0.35202 -1.87189 -1.51987  2.22391 
302  2.57893 -1.04367  1.53526  3.62260 
303  0.88280 -0.55045  0.33235  1.43325 
304  0.65382 -1.66512 -1.01130  2.31894 
305  1.05224 -2.02900 -0.97676  3.08124 
306  0.11246 -0.40148 -0.28902  0.51394 
307  0.31828 -0.89198 -0.57370  1.21026 
308  0.82352  0.00000  0.82352  0.82352 
309  0.29253 -0.52375 -0.23122  0.81628 
310  0.01808 -0.26029 -0.24221  0.27837 
311  1.55942 -0.33950  1.21992  1.89892 
312  0.35632 -1.98672 -1.63040  2.34304 
313  0.91636 -1.87972 -0.96336  2.79608 
314  0.25550 -3.08198 -2.82648  3.33748 
315  0.59363 -1.06365 -0.47002  1.65728 
316  0.93409  0.00000  0.93409  0.93409 
317  3.41500 -2.40556  1.00944  5.82056 
318  0.98015  0.00000  0.98015  0.98015 
319  0.64801  0.00000  0.64801  0.64801 
320  2.53314 -2.05160  0.48154  4.58474 
321  0.17233 -0.62551 -0.45318  0.79784 
322  0.33953 -0.78729 -0.44776  1.12682 
323  0.47683 -1.05108 -0.57425  1.52791 
324  0.43371 -0.26065  0.17306  0.69436 
325  1.92070 -2.55192 -0.63122  4.47262 
326  1.08575 -0.36215  0.72360  1.44790 
327  0.52592 -0.35074  0.17518  0.87666 
328  0.54397 -0.27392  0.27005  0.81789 
329  0.98631 -0.35343  0.63288  1.33974 
330  0.91669  0.00000  0.91669  0.91669 
331  0.09183 -0.29651 -0.20468  0.38834 
332  1.10808 -0.43320  0.67488  1.54128 
333  0.97120  0.00000  0.97120  0.97120 
334  1.13357 -1.16104 -0.02747  2.29461 
335  0.15515  0.00000  0.15515  0.15515 
336  2.32745 -0.63169  1.69576  2.95914 
337  0.57358 -0.13073  0.44285  0.70431 
338  0.76363 -1.64125 -0.87762  2.40488 
339  1.27407 -0.35391  0.92016  1.62798 
340  0.00000 -0.00002 -0.00002  0.00002 
341  0.67427 -0.25526  0.41901  0.92953 
342  0.88001 -0.15630  0.72371  1.03631 
343  0.09532 -0.62645 -0.53113  0.72177 
344  0.41220 -0.94749 -0.53529  1.35969 
345  0.71519 -0.11515  0.60004  0.83034 
346  0.35259 -1.81982 -1.46723  2.17241 
347  0.66814 -0.13829  0.52985  0.80643 
348  0.83423 -0.64019  0.19404  1.47442 
349  0.36938 -0.56114 -0.19176  0.93052 
350  0.71805 -0.00271  0.71534  0.72076 
351  0.64865  0.00000  0.64865  0.64865 
352  0.30132 -0.33826 -0.03694  0.63958 
353  0.29843 -0.44724 -0.14881  0.74567 
354  0.90752  0.00000  0.90752  0.90752 
355  0.63725  0.00000  0.63725  0.63725 
356  0.00363 -0.93574 -0.93211  0.93937 
357  2.15319 -0.85436  1.29883  3.00755 
358  0.69192 -0.14489  0.54703  0.83681 
359  0.35696 -0.65415 -0.29719  1.01111 
360  0.10722 -0.57391 -0.46669  0.68113 
361  0.00000 -1.20897 -1.20897  1.20897 
362  0.20923 -0.13579  0.07344  0.34502 
363  0.37157 -0.20036  0.17121  0.57193 
364  1.28190 -0.49499  0.78691  1.77689 
365  0.85630  0.00000  0.85630  0.85630 
366  0.89329 -0.40586  0.48743  1.29915 
367  1.05372 -1.10414 -0.05042  2.15786 
368  1.12244 -1.25761 -0.13517  2.38005 
369  2.22759 -1.43387  0.79372  3.66146 
370  0.53458 -0.58934 -0.05476  1.12392 
371  0.94092 -0.81278  0.12814  1.75370 
372  0.65226 -0.51947  0.13279  1.17173 
373  0.37839 -1.06203 -0.68364  1.44042 
374  1.35724 -0.42955  0.92769  1.78679 
375  1.30773 -0.72258  0.58515  2.03031 
376  0.74912 -0.31120  0.43792  1.06032 
377  0.46470 -0.86912 -0.40442  1.33382 
378  1.38913 -0.16466  1.22447  1.55379 
379  1.01513 -0.24899  0.76614  1.26412 
380  2.28424 -1.44757  0.83667  3.73181 
381  2.98307 -3.99264 -1.00957  6.97571 
382  1.30515 -0.59404  0.71111  1.89919 
383  0.71922  0.00000  0.71922  0.71922 
384  0.90651 -0.15468  0.75183  1.06119 
385  1.80723 -3.01621 -1.20898  4.82344 
386  0.90911 -0.31880  0.59031  1.22791 
387  0.58480 -1.54387 -0.95907  2.12867 
388  0.80543 -1.96115 -1.15572  2.76658 
389  3.63077 -1.61904  2.01173  5.24981 
390  0.75962 -1.11442 -0.35480  1.87404 
391  2.82108 -0.41510  2.40598  3.23618 
392  2.95914 -0.33968  2.61946  3.29882 
393  0.55198 -0.64855 -0.09657  1.20053 
394  1.15479 -1.06386  0.09093  2.21865 
395  1.66780 -0.78132  0.88648  2.44912 
396  1.23835 -1.15342  0.08493  2.39177 
397  1.61332 -1.04154  0.57178  2.65486 
398  0.20030 -1.93736 -1.73706  2.13766 
399  1.59390 -0.57238  1.02152  2.16628 
400  1.32630 -1.35274 -0.02644  2.67904 
401  0.99996 -1.13406 -0.13410  2.13402 
402  0.13734 -2.14965 -2.01231  2.28699 
403  4.30093 -2.84526  1.45567  7.14619 
404  2.35437 -0.66551  1.68886  3.01988 
405  0.53343 -1.28675 -0.75332  1.82018 
406  1.02140 -1.04966 -0.02826  2.07106 
407  1.69159 -1.22170  0.46989  2.91329 
408  0.76204 -2.10201 -1.33997  2.86405 
409  1.82543 -0.40585  1.41958  2.23128 
410  1.80308 -0.87092  0.93216  2.67400 
411  4.55255 -1.67060  2.88195  6.22315 
412  1.14391 -0.89660  0.24731  2.04051 
413  1.69766 -1.26745  0.43021  2.96511 
414  3.56133 -2.01597  1.54536  5.57730 
415  1.43119 -0.68198  0.74921  2.11317 
416  1.52628 -0.78366  0.74262  2.30994 
417  1.20254 -0.54735  0.65519  1.74989 
418  1.34410 -0.29744  1.04666  1.64154 
419  1.75518 -0.79478  0.96040  2.54996 
420  0.28848 -1.92222 -1.63374  2.21070 
421  1.87048 -0.54457  1.32591  2.41505 
422  0.40020 -0.27020  0.13000  0.67040 
423  0.51552 -2.17984 -1.66432  2.69536 
424  0.14511 -2.20326 -2.05815  2.34837 
425  0.27433 -0.81291 -0.53858  1.08724 
426  1.62435 -0.68875  0.93560  2.31310 
427  1.15192 -0.63083  0.52109  1.78275 
428  0.69572 -1.49706 -0.80134  2.19278 
429  0.64733 -0.20655  0.44078  0.85388 
430  0.00000 -1.81320 -1.81320  1.81320 
431  0.68705  0.00000  0.68705  0.68705 
432  1.20817 -0.35920  0.84897  1.56737 
433  2.19052 -0.47290  1.71762  2.66342 
434  0.92608 -0.16176  0.76432  1.08784 
435  1.00836 -0.24349  0.76487  1.25185 
436  0.24151 -0.71735 -0.47584  0.95886 
437  0.51412 -0.94708 -0.43296  1.46120 
438  0.64139 -0.25821  0.38318  0.89960 
439  0.58487 -1.22620 -0.64133  1.81107 
440  0.26291 -1.27569 -1.01278  1.53860 
441  0.81324  0.00000  0.81324  0.81324 
442  0.73718  0.00000  0.73718  0.73718 
443  1.37735  0.00000  1.37735  1.37735 
444  1.74687  0.00000  1.74687  1.74687 
445  0.97638 -1.16114 -0.18476  2.13752 
446  1.07873 -0.68481  0.39392  1.76354 
447  0.25695 -1.48338 -1.22643  1.74033 
448  0.13727 -1.89947 -1.76220  2.03674 
449  0.63015 -0.76535 -0.13520  1.39550 
450  1.31537 -0.26974  1.04563  1.58511 
451  1.01334  0.00000  1.01334  1.01334 
452  1.15747 -0.53556  0.62191  1.69303 
453  2.63434 -0.43546  2.19888  3.06980 
454  2.80570  0.00000  2.80570  2.80570 
455  2.26813 -0.27189  1.99624  2.54002 
456  0.48945 -0.97997 -0.49052  1.46942 
457  0.50961 -0.37069  0.13892  0.88030 
458  1.18295 -0.33641  0.84654  1.51936 
459  4.17966 -1.02984  3.14982  5.20950 
460  0.44572 -0.26960  0.17612  0.71532 
461  1.28379 -0.33938  0.94441  1.62317 
462  2.12132  0.00000  2.12132  2.12132 
463  0.90149 -1.92926 -1.02777  2.83075 
464  0.13746 -0.57158 -0.43412  0.70904 
465  0.20656 -2.44568 -2.23912  2.65224 
466  1.22915 -1.42773 -0.19858  2.65688 
467  2.43287 -2.48160 -0.04873  4.91447 
468  0.26300 -0.73718 -0.47418  1.00018 
469  0.60656 -2.53779 -1.93123  3.14435 
470  1.82808 -0.86835  0.95973  2.69643 
471  0.86194 -0.26181  0.60013  1.12375 
472  1.75685  0.00000  1.75685  1.75685 
473  2.02209 -0.93322  1.08887  2.95531 
474  1.69978 -2.58630 -0.88652  4.28608 
475  1.60951 -1.52383  0.08568  3.13334 
476  0.61594 -0.94722 -0.33128  1.56316 
477  1.00003 -1.00202 -0.00199  2.00205 
478  1.93638  0.00000  1.93638  1.93638 
479  0.76513 -0.14509  0.62004  0.91022 
480  1.08445  0.00000  1.08445  1.08445 
481  0.75894 -0.58957  0.16937  1.34851 
482  0.30662 -0.93399 -0.62737  1.24061 
483  0.49452 -0.73205 -0.23753  1.22657 
484  1.52134 -0.06316  1.45818  1.58450 
485  1.00706 -0.79147  0.21559  1.79853 
486  0.13739 -0.93805 -0.80066  1.07544 
487  0.23730 -1.20526 -0.96796  1.44256 
488  0.20021 -0.61774 -0.41753  0.81795 
489  1.99468 -0.99029  1.00439  2.98497 
490  0.29838 -1.48329 -1.18491  1.78167 
491  0.82971 -0.21658  0.61313  1.04629 
492  1.84554 -1.27242  0.57312  3.11796 
493  1.47054 -0.46686  1.00368  1.93740 
494  0.78465 -0.54528  0.23937  1.32993 
495  0.20589 -0.90478 -0.69889  1.11067 
496  0.98957 -4.77911 -3.78954  5.76868 
497  0.69112 -1.40185 -0.71073  2.09297 
498  0.43155 -3.90269 -3.47114  4.33424 
499  0.50720 -0.17662  0.33058  0.68382 
500  3.35040 -0.19222  3.15818  3.54262 
501  0.91436 -2.22471 -1.31035  3.13907 
502  1.17891 -0.72658  0.45233  1.90549 
503  0.65337 -3.89822 -3.24485  4.55159 
504  0.74836 -0.56834  0.18002  1.31670 
505  2.85556 -1.89052  0.96504  4.74608 
506  0.59870 -2.43568 -1.83698  3.03438 
507  2.03160 -1.43566  0.59594  3.46726 
508  1.24869 -0.90330  0.34539  2.15199 
509  1.42540 -3.01852 -1.59312  4.44392 
510  1.22070 -0.98326  0.23744  2.20396 
511  2.41374 -1.09433  1.31941  3.50807 
512  1.32269 -2.67803 -1.35534  4.00072 
513  0.27464 -1.83845 -1.56381  2.11309 
514  2.12830 -1.37217  0.75613  3.50047 
515  0.23784 -0.34806 -0.11022  0.58590 
516  1.08953 -3.00527 -1.91574  4.09480 
517  3.09584 -0.91808  2.17776  4.01392 
518  0.96955 -0.70689  0.26266  1.67644 
519  0.88036 -1.71823 -0.83787  2.59859 
520  0.86110 -1.09956 -0.23846  1.96066 
521  3.97589 -0.78210  3.19379  4.75799 
522  4.28775 -0.58490  3.70285  4.87265 
523  2.69654 -1.15455  1.54199  3.85109 
524  0.46387 -0.57278 -0.10891  1.03665 
525  1.70790 -0.99036  0.71754  2.69826 
526  0.31814 -1.84444 -1.52630  2.16258 
527  2.89034 -0.60709  2.28325  3.49743 
528  0.71137 -1.39684 -0.68547  2.10821 
529  0.37843 -1.34252 -0.96409  1.72095 
530  0.41635 -0.60927 -0.19292  1.02562 
531  0.51475 -0.31935  0.19540  0.83410 
532  0.81243 -0.25420  0.55823  1.06663 
533  0.90677  0.00000  0.90677  0.90677 
534  2.95049 -0.20132  2.74917  3.15181 
535  1.59117 -0.08897  1.50220  1.68014 
536  0.24672 -0.46657 -0.21985  0.71329 
537  1.81494 -0.39190  1.42304  2.20684 
538  0.33300 -2.10551 -1.77251  2.43851 
539  1.32878 -1.47174 -0.14296  2.80052 
540  0.68555 -1.05224 -0.36669  1.73779 
541  1.17083 -1.04515  0.12568  2.21598 
542  1.62280 -1.45387  0.16893  3.07667 
543  0.37851 -0.27516  0.10335  0.65367 
544  0.57771 -1.24785 -0.67014  1.82556 
545  0.10121 -1.11630 -1.01509  1.21751 
546  0.37089 -1.24029 -0.86940  1.61118 
547  0.35165 -0.29835  0.05330  0.65000 
548  0.47705 -0.04882  0.42823  0.52587 
549  0.54371 -3.29668 -2.75297  3.84039 
550  0.08850 -2.74529 -2.65679  2.83379 
551  0.63110 -0.74630 -0.11520  1.37740 
552  2.39083  0.00000  2.39083  2.39083 
553  0.74234 -1.98767 -1.24533  2.73001 
554  1.32748 -1.44520 -0.11772  2.77268 
555  0.70387 -1.45099 -0.74712  2.15486 
556  1.23186 -0.19120  1.04066  1.42306 
557  0.85466 -0.87838 -0.02372  1.73304 
558  0.73329 -0.26340  0.46989  0.99669 
559  1.60018 -0.81860  0.78158  2.41878 
560  2.47960 -0.11349  2.36611  2.59309 
561  0.85802 -0.94048 -0.08246  1.79850 
562  0.17062 -0.80193 -0.63131  0.97255 
563  0.60166 -0.57604  0.02562  1.17770 
564  0.70227 -0.20107  0.50120  0.90334 
