0  0.64936 -0.85658 -0.20722  1.50594 
1  4.24586 -5.58242 -1.33656  9.82828 
2  2.90043 -4.01817 -1.11774  6.91860 
3  1.76984 -3.49472 -1.72488  5.26456 
4  4.21226 -2.12637  2.08589  6.33863 
5  3.49622 -0.30944  3.18678  3.80566 
6  0.96691 -3.57195 -2.60504  4.53886 
7  2.03226 -1.59862  0.43364  3.63088 
8  0.34438 -2.41130 -2.06692  2.75568 
9  0.30234 -3.42428 -3.12194  3.72662 
10  1.34800 -3.89412 -2.54612  5.24212 
11  0.99359 -2.67365 -1.68006  3.66724 
12  0.10095 -1.92063 -1.81968  2.02158 
13  0.99637 -2.65536 -1.65899  3.65173 
14  0.80019 -0.31075  0.48944  1.11094 
15  0.04627 -3.30741 -3.26114  3.35368 
16  0.41589 -1.31767 -0.90178  1.73356 
17  0.70941 -1.15578 -0.44637  1.86519 
18  1.06684 -4.90136 -3.83452  5.96820 
19  0.59942 -1.12299 -0.52357  1.72241 
20  0.33246 -1.27688 -0.94442  1.60934 
21  0.64471 -0.22261  0.42210  0.86732 
22  0.24058 -0.31022 -0.06964  0.55080 
23  1.64239 -3.13476 -1.49237  4.77715 
24  0.16361 -3.03853 -2.87492  3.20214 
25  0.70341 -1.58311 -0.87970  2.28652 
26  0.42575 -0.65432 -0.22857  1.08007 
27  0.65968 -0.31590  0.34378  0.97558 
28  0.42059 -1.73303 -1.31244  2.15362 
29  0.36312 -0.95644 -0.59332  1.31956 
30  0.61451 -0.71232 -0.09781  1.32683 
31  0.72023 -0.32935  0.39088  1.04958 
32  0.32450 -0.72268 -0.39818  1.04718 
33  1.11132  0.00000  1.11132  1.11132 
34  0.52113 -0.45628  0.06485  0.97741 
35  2.48526 -0.70355  1.78171  3.18881 
36  3.22918 -1.73487  1.49431  4.96405 
37  0.22551 -0.54875 -0.32324  0.77426 
38  1.72929  0.00000  1.72929  1.72929 
39  0.78766 -0.15620  0.63146  0.94386 
40  1.07563 -0.83059  0.24504  1.90622 
41  1.31291 -0.81616  0.49675  2.12907 
42  1.16126 -0.48088  0.68038  1.64214 
43  0.60640 -0.23375  0.37265  0.84015 
44  0.13745 -1.00684 -0.86939  1.14429 
45  0.26065 -0.75544 -0.49479  1.01609 
46  0.38179 -3.04941 -2.66762  3.43120 
47  0.18103 -1.18103 -1.00000  1.36206 
48  0.60139 -1.02158 -0.42019  1.62297 
49  1.19085 -0.41464  0.77621  1.60549 
50  0.78917 -2.46571 -1.67654  3.25488 
51  1.15385 -2.50552 -1.35167  3.65937 
52  1.01378 -6.65025 -5.63647  7.66403 
53  0.49184 -1.09063 -0.59879  1.58247 
54  1.11640 -1.15053 -0.03413  2.26693 
55  0.06883 -1.20038 -1.13155  1.26921 
56  0.86627 -3.36164 -2.49537  4.22791 
57  0.67592 -0.37849  0.29743  1.05441 
58  0.89234 -0.87670  0.01564  1.76904 
59  1.83711 -7.32711 -5.49000  9.16422 
60  1.84567 -1.18619  0.65948  3.03186 
61  3.36753 -3.32710  0.04043  6.69463 
62  1.06262 -0.34071  0.72191  1.40333 
63  0.28339 -3.55977 -3.27638  3.84316 
64  1.78277 -3.21057 -1.42780  4.99334 
65  0.43870 -0.15274  0.28596  0.59144 
66  0.26297 -0.39095 -0.12798  0.65392 
67  1.60380 -8.95071 -7.34691 10.55451 
68  0.71243 -0.45212  0.26031  1.16455 
69  0.60962 -4.27265 -3.66303  4.88227 
70  1.09910 -3.43436 -2.33526  4.53346 
71  0.60904 -0.75716 -0.14812  1.36620 
72  0.45438 -2.76847 -2.31409  3.22285 
73  0.19986 -1.45555 -1.25569  1.65541 
74  4.94363 -3.30252  1.64111  8.24615 
75  0.58790 -0.28385  0.30405  0.87175 
76  0.20892 -0.96946 -0.76054  1.17838 
77  0.00000 -1.91287 -1.91287  1.91287 
78  0.68543 -0.74909 -0.06366  1.43452 
79  0.00000 -0.56322 -0.56322  0.56322 
80  2.08101 -0.70986  1.37115  2.79087 
81  0.83353 -0.46924  0.36429  1.30277 
82  2.16862 -3.70838 -1.53976  5.87700 
83  0.00000 -0.72372 -0.72372  0.72372 
84  0.34819 -0.94073 -0.59254  1.28892 
85  0.83541 -6.76857 -5.93316  7.60398 
86  1.31148 -1.31751 -0.00603  2.62899 
87  1.61052 -3.96622 -2.35570  5.57674 
88  3.53628 -8.08612 -4.54984 11.62240 
89  6.24948 -2.25051  3.99897  8.49999 
90  1.46669 -4.87300 -3.40631  6.33969 
91  1.57802 -4.30974 -2.73172  5.88776 
92  0.28013 -0.28099 -0.00086  0.56112 
93  1.50286 -1.14137  0.36149  2.64423 
94  0.58931 -0.51607  0.07324  1.10538 
95  0.21547 -0.77047 -0.55500  0.98594 
96  0.61515  0.00000  0.61515  0.61515 
97  0.38319 -0.83409 -0.45090  1.21728 
98  2.01861 -7.90160 -5.88299  9.92021 
99  1.42310 -3.47808 -2.05498  4.90118 
100  0.72583 -3.32800 -2.60217  4.05383 
101  0.90702 -3.81807 -2.91105  4.72509 
102  2.19851 -3.43761 -1.23910  5.63612 
103  2.75718 -5.70804 -2.95086  8.46522 
104  0.50877  0.00000  0.50877  0.50877 
105  0.27613 -0.73350 -0.45737  1.00963 
106  0.72154 -0.89927 -0.17773  1.62081 
107  1.09724 -0.86889  0.22835  1.96613 
108  0.91440  0.00000  0.91440  0.91440 
109  0.95848  0.00000  0.95848  0.95848 
110  4.94722 -3.13964  1.80758  8.08686 
111  1.27041  0.00000  1.27041  1.27041 
112  3.54546 -4.24785 -0.70239  7.79331 
113  2.80401 -2.31759  0.48642  5.12160 
114  0.80515 -5.34343 -4.53828  6.14858 
115  0.58074 -2.23807 -1.65733  2.81881 
116  1.17459 -0.32274  0.85185  1.49733 
117  0.18771 -0.60335 -0.41564  0.79106 
118  0.83107 -5.12943 -4.29836  5.96050 
119  0.29711 -0.02985  0.26726  0.32696 
120  0.12166 -0.88740 -0.76574  1.00906 
121  0.48535 -0.73423 -0.24888  1.21958 
122  1.90403 -2.70456 -0.80053  4.60859 
123  2.79516 -3.74807 -0.95291  6.54323 
124  0.50333 -0.74701 -0.24368  1.25034 
125  2.43159 -2.19804  0.23355  4.62963 
126  0.23237 -4.97452 -4.74215  5.20689 
127  0.30538 -3.38329 -3.07791  3.68867 
128  2.93469 -0.82541  2.10928  3.76010 
129  0.21838 -1.11208 -0.89370  1.33046 
130  0.00000 -1.13520 -1.13520  1.13520 
131  2.08843 -0.31038  1.77805  2.39881 
132  0.82406 -1.93385 -1.10979  2.75791 
133  0.31402  0.00000  0.31402  0.31402 
134  2.42215 -3.07514 -0.65299  5.49729 
135  3.25270 -5.08983 -1.83713  8.34253 
136  2.85645 -4.05206 -1.19561  6.90851 
137  0.93900 -8.45872 -7.51972  9.39772 
138  1.75645 -4.23680 -2.48035  5.99325 
139  1.26662 -0.28139  0.98523  1.54801 
140  0.29813 -2.19913 -1.90100  2.49726 
141  0.43157 -1.73806 -1.30649  2.16963 
142  0.19305 -4.19377 -4.00072  4.38682 
143  0.10345 -2.06948 -1.96603  2.17293 
144  1.50950 -3.54082 -2.03132  5.05032 
145  0.00000 -7.37908 -7.37908  7.37908 
146  0.47087 -0.20559  0.26528  0.67646 
147  0.70047 -2.52756 -1.82709  3.22803 
148  0.45205 -0.57265 -0.12060  1.02470 
149  1.68222 -5.23694 -3.55472  6.91916 
150  0.31299 -1.79600 -1.48301  2.10899 
151  0.26311 -0.42105 -0.15794  0.68416 
152  0.41969 -10.66582 -10.24613 11.08551 
153  0.86860 -9.80958 -8.94098 10.67818 
154  0.51715 -4.69728 -4.18013  5.21443 
155  0.43107 -3.65758 -3.22651  4.08865 
156  1.06974 -4.17060 -3.10086  5.24034 
157  0.80997 -5.84078 -5.03081  6.65075 
158  0.33229 -5.71831 -5.38602  6.05060 
159  1.33334 -0.28001  1.05333  1.61335 
160  0.79893 -0.89960 -0.10067  1.69853 
161  0.44579 -0.77442 -0.32863  1.22021 
162  0.34180 -0.56973 -0.22793  0.91153 
163  0.67863 -1.87450 -1.19587  2.55313 
164  0.82009 -1.43429 -0.61420  2.25438 
165  0.00000 -0.98581 -0.98581  0.98581 
166  0.27482 -2.08195 -1.80713  2.35677 
167  0.96158 -1.41493 -0.45335  2.37651 
168  1.75672 -5.24929 -3.49257  7.00601 
169  0.09105 -9.24503 -9.15398  9.33608 
170  1.95891 -2.98305 -1.02414  4.94196 
171  0.82553 -3.01056 -2.18503  3.83609 
172  0.38222 -5.65077 -5.26855  6.03299 
173  0.35570 -1.34534 -0.98964  1.70104 
174  0.37117 -10.91839 -10.54722 11.28956 
175  0.05732 -17.45022 -17.39290 17.50754 
176  4.13053 -2.02495  2.10558  6.15548 
177  5.70981 -4.48383  1.22598 10.19364 
178  2.32847 -3.34554 -1.01707  5.67401 
179  2.97597 -3.79336 -0.81739  6.76933 
180  0.14449 -1.72636 -1.58187  1.87085 
181  2.10996 -3.96011 -1.85015  6.07007 
182  0.41120 -0.50657 -0.09537  0.91777 
183  1.77057 -2.64836 -0.87779  4.41893 
184  1.54611 -2.22714 -0.68103  3.77325 
185  0.50086 -4.57489 -4.07403  5.07575 
186  1.49327 -3.59417 -2.10090  5.08744 
187  1.82480 -4.57147 -2.74667  6.39627 
188  0.33595 -0.78122 -0.44527  1.11717 
189  0.27060 -1.61827 -1.34767  1.88887 
190  0.62293 -0.44106  0.18187  1.06399 
191  0.41862 -2.35283 -1.93421  2.77145 
192  1.43151  0.00000  1.43151  1.43151 
193  0.51848 -0.13606  0.38242  0.65454 
194  0.80411 -0.90495 -0.10084  1.70906 
195  0.36703 -0.54692 -0.17989  0.91395 
196  1.40244 -5.45103 -4.04859  6.85347 
197  1.37518 -0.14351  1.23167  1.51869 
198  0.00000 -3.00701 -3.00701  3.00701 
199  1.48950 -1.19407  0.29543  2.68357 
200  0.30963 -7.18422 -6.87459  7.49385 
201  1.21835 -2.00195 -0.78360  3.22030 
202  0.70975 -1.19423 -0.48448  1.90398 
203  0.66177 -1.02651 -0.36474  1.68828 
204  0.83453 -4.80209 -3.96756  5.63662 
205  1.66431 -4.02067 -2.35636  5.68498 
206  0.23453 -1.54107 -1.30654  1.77560 
207  0.90027 -0.16131  0.73896  1.06158 
208  1.37819 -5.39145 -4.01326  6.76964 
209  3.23707 -8.03712 -4.80005 11.27419 
210  0.91045 -3.57897 -2.66852  4.48942 
211  5.42241 -6.02679 -0.60438 11.44920 
212  0.00000 -3.78114 -3.78114  3.78114 
213  4.14127 -3.17493  0.96634  7.31620 
214  0.58084 -0.08317  0.49767  0.66401 
215  0.19644 -11.35025 -11.15381 11.54669 
216  0.58042 -0.00593  0.57449  0.58635 
217  1.13529 -6.76742 -5.63213  7.90271 
218  0.70876 -1.43652 -0.72776  2.14528 
219  1.33019 -8.55514 -7.22495  9.88533 
220  1.91034 -2.54658 -0.63624  4.45692 
221  0.78076 -4.18249 -3.40173  4.96325 
222  2.29359 -5.26517 -2.97158  7.55876 
223  0.06289 -5.60059 -5.53770  5.66348 
224  1.18660 -1.16101  0.02559  2.34761 
225  0.19673 -4.23426 -4.03753  4.43099 
226  1.06170 -3.96139 -2.89969  5.02309 
227  0.82590 -4.13787 -3.31197  4.96377 
228  1.98469 -5.71606 -3.73137  7.70075 
229  1.51244 -4.52890 -3.01646  6.04134 
230  3.95364 -6.45410 -2.50046 10.40774 
231  4.46232 -8.60979 -4.14747 13.07211 
232  1.51490 -0.95082  0.56408  2.46572 
233  7.10318 -6.11342  0.98976 13.21660 
234  1.17825 -6.76511 -5.58686  7.94336 
235  1.56172 -7.77877 -6.21705  9.34049 
236  0.82966 -7.55218 -6.72252  8.38184 
237  1.35990 -0.61053  0.74937  1.97043 
238  0.23991 -0.71598 -0.47607  0.95589 
239  0.66146 -7.96154 -7.30008  8.62300 
240  0.49226 -0.28064  0.21162  0.77290 
241  0.75669 -0.34974  0.40695  1.10643 
242  0.36595 -0.69423 -0.32828  1.06018 
243  1.32651 -4.56765 -3.24114  5.89416 
244  0.34576 -0.27452  0.07124  0.62028 
245  0.26256 -1.64852 -1.38596  1.91108 
246  1.06075 -0.14020  0.92055  1.20095 
247  1.04885 -3.04637 -1.99752  4.09522 
248  1.34706 -2.21082 -0.86376  3.55788 
249  0.98193 -0.02501  0.95692  1.00694 
250  4.16242 -3.66583  0.49659  7.82825 
251  0.61032 -1.43845 -0.82813  2.04877 
252  1.32905 -2.52687 -1.19782  3.85592 
253  0.19324 -4.11453 -3.92129  4.30777 
254  3.79285 -6.11129 -2.31844  9.90414 
255  0.21094 -1.43463 -1.22369  1.64557 
256  1.00649 -10.13917 -9.13268 11.14566 
257  0.53448 -0.58885 -0.05437  1.12333 
258  0.18065 -1.38220 -1.20155  1.56285 
259  0.54509 -0.34018  0.20491  0.88527 
260  0.14459 -1.12231 -0.97772  1.26690 
261  0.65572 -0.54458  0.11114  1.20030 
262  0.70441 -0.10595  0.59846  0.81036 
263  0.28591 -1.66246 -1.37655  1.94837 
264  0.68067 -2.48408 -1.80341  3.16475 
265  0.28095 -0.52202 -0.24107  0.80297 
266  0.29082 -0.29741 -0.00659  0.58823 
267  2.23345 -2.67893 -0.44548  4.91238 
268  5.06739 -2.06731  3.00008  7.13470 
269  0.00000 -1.53849 -1.53849  1.53849 
270  0.11968 -1.16118 -1.04150  1.28086 
271  1.54707 -4.77330 -3.22623  6.32037 
272  1.36994 -1.52602 -0.15608  2.89596 
273  2.02830 -5.31681 -3.28851  7.34511 
274  0.13736 -1.66838 -1.53102  1.80574 
275  1.62534 -4.53497 -2.90963  6.16031 
276  4.31314 -5.75462 -1.44148 10.06776 
277  3.09272 -4.75169 -1.65897  7.84441 
278  1.32836 -1.02439  0.30397  2.35275 
279  1.24291 -0.45007  0.79284  1.69298 
280  0.57532 -1.46362 -0.88830  2.03894 
281  0.48686 -0.49700 -0.01014  0.98386 
282  2.87139 -5.25690 -2.38551  8.12829 
283  0.97702 -1.47614 -0.49912  2.45316 
284  1.66251 -7.53568 -5.87317  9.19819 
285  1.61752 -4.22520 -2.60768  5.84272 
286  1.58209 -3.29903 -1.71694  4.88112 
287  1.62055 -4.35096 -2.73041  5.97151 
288  3.63034 -5.56719 -1.93685  9.19753 
289  3.45839 -3.80985 -0.35146  7.26824 
290  0.51865 -0.43120  0.08745  0.94985 
291  0.82555 -2.68548 -1.85993  3.51103 
292  0.00000 -2.12715 -2.12715  2.12715 
293  4.95195 -3.26215  1.68980  8.21410 
294  0.35933 -0.21387  0.14546  0.57320 
295  1.03019 -0.14997  0.88022  1.18016 
296  0.48354 -1.36327 -0.87973  1.84681 
297  1.28478 -0.84970  0.43508  2.13448 
298  5.98449 -6.95301 -0.96852 12.93750 
299  0.00000 -0.66494 -0.66494  0.66494 
300  1.06421 -1.64870 -0.58449  2.71291 
301  0.55045 -1.62968 -1.07923  2.18013 
302  1.52300 -6.06764 -4.54464  7.59064 
303  0.60265 -0.29850  0.30415  0.90115 
304  4.01751 -2.67483  1.34268  6.69234 
305  0.11483 -3.89766 -3.78283  4.01249 
306  1.37787 -1.03321  0.34466  2.41108 
307  0.13744 -0.72588 -0.58844  0.86332 
308  0.48000 -0.17535  0.30465  0.65535 
309  0.41287 -1.16447 -0.75160  1.57734 
310  0.14478 -1.26596 -1.12118  1.41074 
311  1.21001 -3.77907 -2.56906  4.98908 
312  0.71185 -2.94409 -2.23224  3.65594 
313  2.11984 -5.95017 -3.83033  8.07001 
314  0.47078 -4.99107 -4.52029  5.46185 
315  0.42498 -1.10517 -0.68019  1.53015 
316  0.07380 -0.24489 -0.17109  0.31869 
317  2.59786 -4.67739 -2.07953  7.27525 
318  0.46217 -0.29046  0.17171  0.75263 
319  0.24355 -1.06053 -0.81698  1.30408 
320  0.95800 -1.38913 -0.43113  2.34713 
321  0.21228 -0.78199 -0.56971  0.99427 
322  1.21955 -1.17586  0.04369  2.39541 
323  1.12143 -1.52244 -0.40101  2.64387 
324  0.19266 -1.35985 -1.16719  1.55251 
325  2.59111 -2.45826  0.13285  5.04937 
326  0.49539 -1.91453 -1.41914  2.40992 
327  1.03283 -0.14701  0.88582  1.17984 
328  0.67771 -1.54631 -0.86860  2.22402 
329  0.76833 -0.15029  0.61804  0.91862 
330  0.54377  0.00000  0.54377  0.54377 
331  1.95351 -0.02238  1.93113  1.97589 
332  1.79176  0.00000  1.79176  1.79176 
333  1.14268 -0.29042  0.85226  1.43310 
334  0.68273 -0.31393  0.36880  0.99666 
335  0.00000 -0.47287 -0.47287  0.47287 
336  2.71285 -2.70790  0.00495  5.42075 
337  1.02081 -0.59572  0.42509  1.61653 
338  0.54597 -3.00435 -2.45838  3.55032 
339  0.50993 -1.55093 -1.04100  2.06086 
340  0.45222 -0.44567  0.00655  0.89789 
341  0.47438 -0.51950 -0.04512  0.99388 
342  0.60130 -0.15414  0.44716  0.75544 
343  1.11732 -0.81294  0.30438  1.93026 
344  0.19295 -0.97958 -0.78663  1.17253 
345  0.86238 -1.40732 -0.54494  2.26970 
346  1.47673 -1.69775 -0.22102  3.17448 
347  0.56320 -0.41212  0.15108  0.97532 
348  0.53814 -0.84414 -0.30600  1.38228 
349  0.68037 -1.43649 -0.75612  2.11686 
350  0.18143 -0.79978 -0.61835  0.98121 
351  1.29858 -0.15107  1.14751  1.44965 
352  0.33376 -2.58941 -2.25565  2.92317 
353  0.88827 -0.28850  0.59977  1.17677 
354  0.11795 -0.62292 -0.50497  0.74087 
355  0.04667 -0.14571 -0.09904  0.19238 
356  0.71168 -0.18412  0.52756  0.89580 
357  0.98207 -4.88996 -3.90789  5.87203 
358  0.36600 -0.43783 -0.07183  0.80383 
359  1.52862 -1.16445  0.36417  2.69307 
360  0.14819 -3.50652 -3.35833  3.65471 
361  0.77914 -0.00365  0.77549  0.78279 
362  0.39504 -0.15121  0.24383  0.54625 
363  0.11395 -0.67381 -0.55986  0.78776 
364  1.12248 -1.83964 -0.71716  2.96212 
365  0.27537 -0.38220 -0.10683  0.65757 
366  3.03967 -0.93201  2.10766  3.97168 
367  2.67505 -0.19936  2.47569  2.87441 
368  1.12087 -3.78507 -2.66420  4.90594 
369  0.28564 -5.96041 -5.67477  6.24605 
370  0.95114 -0.31474  0.63640  1.26588 
371  1.84926 -1.68500  0.16426  3.53426 
372  0.57412 -3.36242 -2.78830  3.93654 
373  0.18807 -0.68537 -0.49730  0.87344 
374  0.41878 -3.23680 -2.81802  3.65558 
375  0.93415 -0.65550  0.27865  1.58965 
376  0.71565 -0.14949  0.56616  0.86514 
377  0.99874 -1.19431 -0.19557  2.19305 
378  0.96146 -0.63857  0.32289  1.60003 
379  1.27295 -0.53338  0.73957  1.80633 
380  3.24312 -4.77205 -1.52893  8.01517 
381  1.57767 -3.77666 -2.19899  5.35433 
382  0.53029 -1.42753 -0.89724  1.95782 
383  1.16824 -0.60774  0.56050  1.77598 
384  1.31025 -0.57587  0.73438  1.88612 
385  1.32586 -7.34653 -6.02067  8.67239 
386  0.48870 -0.84575 -0.35705  1.33445 
387  1.09011 -1.51897 -0.42886  2.60908 
388  1.26227 -2.20901 -0.94674  3.47128 
389  3.68516 -4.22187 -0.53671  7.90703 
390  0.37148 -0.89882 -0.52734  1.27030 
391  0.75811 -0.77118 -0.01307  1.52929 
392  1.18838 -1.83494 -0.64656  3.02332 
393  1.48718 -0.15535  1.33183  1.64253 
394  1.73456  0.00000  1.73456  1.73456 
395  1.75449 -0.76151  0.99298  2.51600 
396  1.56115 -1.22161  0.33954  2.78276 
397  1.13775 -1.31764 -0.17989  2.45539 
398  0.46825 -0.55530 -0.08705  1.02355 
399  0.71772 -1.97752 -1.25980  2.69524 
400  0.90186 -0.94084 -0.03898  1.84270 
401  1.38096 -2.52807 -1.14711  3.90903 
402  2.81341 -2.42725  0.38616  5.24066 
403  2.40837 -2.63887 -0.23050  5.04724 
404  1.17410 -2.30941 -1.13531  3.48351 
405  3.31253 -2.33921  0.97332  5.65174 
406  3.87339 -3.43132  0.44207  7.30471 
407  2.24663 -3.79097 -1.54434  6.03760 
408  1.75547 -2.00373 -0.24826  3.75920 
409  1.19081 -3.51907 -2.32826  4.70988 
410  1.51000 -1.77113 -0.26113  3.28113 
411  0.22399 -10.78313 -10.55914 11.00712 
412  1.18444 -1.27801 -0.09357  2.46245 
413  2.13460 -1.54610  0.58850  3.68070 
414  1.34972 -6.28948 -4.93976  7.63920 
415  3.17952 -1.40656  1.77296  4.58608 
416  0.43132 -0.26543  0.16589  0.69675 
417  0.31516 -0.40166 -0.08650  0.71682 
418  0.30958 -0.53247 -0.22289  0.84205 
419  0.71191 -0.43468  0.27723  1.14659 
420  1.31263 -0.82587  0.48676  2.13850 
421  1.59132 -0.90049  0.69083  2.49181 
422  1.04281 -0.08524  0.95757  1.12805 
423  0.00000 -1.05394 -1.05394  1.05394 
424  0.51134 -1.29155 -0.78021  1.80289 
425  1.14818 -0.38741  0.76077  1.53559 
426  1.20198 -0.50223  0.69975  1.70421 
427  2.05042 -0.60653  1.44389  2.65695 
428  1.65737 -0.52309  1.13428  2.18046 
429  1.03093 -0.65889  0.37204  1.68982 
430  1.55680 -0.03095  1.52585  1.58775 
431  0.91372 -2.21803 -1.30431  3.13175 
432  1.42828 -2.30792 -0.87964  3.73620 
433  0.37324 -0.59220 -0.21896  0.96544 
434  0.00000 -0.42722 -0.42722  0.42722 
435  0.56937 -0.97291 -0.40354  1.54228 
436  0.84615 -0.41592  0.43023  1.26207 
437  0.22695 -1.60814 -1.38119  1.83509 
438  0.25831 -0.50162 -0.24331  0.75993 
439  0.89927 -0.78209  0.11718  1.68136 
440  0.33660 -0.94292 -0.60632  1.27952 
441  0.54624 -0.76334 -0.21710  1.30958 
442  0.51583 -0.15212  0.36371  0.66795 
443  0.05395 -0.42626 -0.37231  0.48021 
444  0.67697 -0.15087  0.52610  0.82784 
445  0.16433 -0.10772  0.05661  0.27205 
446  0.60923 -0.75771 -0.14848  1.36694 
447  2.25093 -1.08542  1.16551  3.33635 
448  0.70675 -0.79145 -0.08470  1.49820 
449  0.70675  0.00000  0.70675  0.70675 
450  0.31881 -0.54757 -0.22876  0.86638 
451  0.50628 -1.99117 -1.48489  2.49745 
452  1.46341 -0.84750  0.61591  2.31091 
453  0.81038 -0.47276  0.33762  1.28314 
454  0.40088 -1.15529 -0.75441  1.55617 
455  2.80663 -2.96699 -0.16036  5.77362 
456  0.05272 -0.63156 -0.57884  0.68428 
457  0.02631 -1.33497 -1.30866  1.36128 
458  0.76216 -1.86966 -1.10750  2.63182 
459  5.47456 -2.66887  2.80569  8.14343 
460  0.49778 -0.33780  0.15998  0.83558 
461  0.25394 -1.17517 -0.92123  1.42911 
462  0.80117 -1.93389 -1.13272  2.73506 
463  0.72800 -1.82233 -1.09433  2.55033 
464  0.39635 -1.31483 -0.91848  1.71118 
465  0.54900 -2.34597 -1.79697  2.89497 
466  3.91394 -1.74303  2.17091  5.65697 
467  2.25051 -4.68700 -2.43649  6.93751 
468  1.01610 -2.49187 -1.47577  3.50797 
469  1.53592 -2.74991 -1.21399  4.28583 
470  0.29362 -4.57804 -4.28442  4.87166 
471  0.78587 -0.27038  0.51549  1.05625 
472  1.46888 -0.49954  0.96934  1.96842 
473  0.60995 -6.28684 -5.67689  6.89679 
474  0.00000 -2.87629 -2.87629  2.87629 
475  1.40943 -4.27595 -2.86652  5.68538 
476  1.15625 -1.42669 -0.27044  2.58294 
477  1.10453 -0.93570  0.16883  2.04023 
478  0.79732 -0.16403  0.63329  0.96135 
479  0.28206 -0.89354 -0.61148  1.17560 
480  1.77111 -4.67041 -2.89930  6.44152 
481  2.29376 -4.06613 -1.77237  6.35989 
482  0.44128 -7.31375 -6.87247  7.75503 
483  0.49845 -2.69233 -2.19388  3.19078 
484  0.36173 -2.05225 -1.69052  2.41398 
485  4.06229 -2.28138  1.78091  6.34367 
486  0.68326 -0.64990  0.03336  1.33316 
487  0.20564 -1.69751 -1.49187  1.90315 
488  1.03860 -3.93679 -2.89819  4.97539 
489  1.68706 -9.24180 -7.55474 10.92886 
490  0.00766 -0.77576 -0.76810  0.78342 
491  1.18165 -0.77299  0.40866  1.95464 
492  0.59055 -5.33074 -4.74019  5.92129 
493  0.13911 -5.47309 -5.33398  5.61220 
494  0.37817 -0.35567  0.02250  0.73384 
495  0.04000 -1.25331 -1.21331  1.29331 
496  1.67475 -9.75813 -8.08338 11.43288 
497  0.72733 -2.12182 -1.39449  2.84915 
498  0.40253 -12.12307 -11.72054 12.52560 
499  0.69874 -5.03065 -4.33191  5.72939 
500  1.72318 -3.43857 -1.71539  5.16175 
501  1.99423 -2.67889 -0.68466  4.67312 
502  4.47553 -1.09754  3.37799  5.57307 
503  0.34652 -7.47443 -7.12791  7.82095 
504  1.04229 -0.87181  0.17048  1.91410 
505  1.86244 -5.17056 -3.30812  7.03300 
506  0.38404 -4.81164 -4.42760  5.19568 
507  1.58752 -2.38166 -0.79414  3.96918 
508  1.18531 -2.35574 -1.17043  3.54105 
509  2.76289 -6.65791 -3.89502  9.42080 
510  0.17388 -3.83704 -3.66316  4.01092 
511  2.06238 -7.14706 -5.08468  9.20944 
512  1.04399 -4.72472 -3.68073  5.76871 
513  2.94505 -5.77615 -2.83110  8.72120 
514  2.70025 -5.07456 -2.37431  7.77481 
515  0.72735 -0.86860 -0.14125  1.59595 
516  4.66820 -8.16866 -3.50046 12.83686 
517  0.07396 -7.26982 -7.19586  7.34378 
518  2.52332 -1.35023  1.17309  3.87355 
519  1.71516 -3.97903 -2.26387  5.69419 
520  2.52546 -4.37372 -1.84826  6.89918 
521  1.41873 -1.60486 -0.18613  3.02359 
522  2.87360 -2.66229  0.21131  5.53589 
523  1.50318 -3.12890 -1.62572  4.63208 
524  0.72404 -0.57210  0.15194  1.29614 
525  1.82538 -2.27404 -0.44866  4.09942 
526  1.42155 -1.48409 -0.06254  2.90564 
527  2.44776 -0.33282  2.11494  2.78058 
528  0.56997 -2.22352 -1.65355  2.79349 
529  0.43483 -0.84685 -0.41202  1.28168 
530  0.13744 -0.36571 -0.22827  0.50315 
531  0.89490 -0.29966  0.59524  1.19456 
532  0.29307 -0.29887 -0.00580  0.59194 
533  0.53879 -0.03893  0.49986  0.57772 
534  0.87253 -2.83067 -1.95814  3.70320 
535  0.71168 -0.62409  0.08759  1.33577 
536  0.23624 -0.92873 -0.69249  1.16497 
537  0.79472 -3.23317 -2.43845  4.02789 
538  0.24684 -1.21998 -0.97314  1.46682 
539  1.28699 -5.20534 -3.91835  6.49233 
540  0.73898 -1.80000 -1.06102  2.53898 
541  1.48467 -1.70908 -0.22441  3.19375 
542  1.01029 -1.72928 -0.71899  2.73957 
543  0.00000 -1.09721 -1.09721  1.09721 
544  0.98486 -1.13443 -0.14957  2.11929 
545  0.78295 -0.77630  0.00665  1.55925 
546  0.61090 -1.25025 -0.63935  1.86115 
547  1.07288 -0.36822  0.70466  1.44110 
548  0.06692 -2.17440 -2.10748  2.24132 
549  1.38497 -1.24654  0.13843  2.63151 
550  1.29183 -2.00948 -0.71765  3.30131 
551  0.04435 -1.68258 -1.63823  1.72693 
552  3.85502 -1.01916  2.83586  4.87418 
553  2.86529 -1.06410  1.80119  3.92939 
554  0.92353 -2.97637 -2.05284  3.89990 
555  1.50105 -2.50104 -0.99999  4.00209 
556  0.43697 -0.45878 -0.02181  0.89575 
557  2.53656 -1.01024  1.52632  3.54680 
558  1.29225 -0.04826  1.24399  1.34051 
559  1.85255 -1.26455  0.58800  3.11710 
560  0.75322 -1.77034 -1.01712  2.52356 
561  2.47206 -3.14043 -0.66837  5.61249 
562  0.74322 -0.20019  0.54303  0.94341 
563  0.33944 -0.17397  0.16547  0.51341 
564  2.17429 -0.06585  2.10844  2.24014 
