# POSITION WT AAA AAC AAG AAT ACA ACC ACG ACT AGA AGC AGG AGT ATA ATC ATG ATT CAA CAC CAG CAT CCA CCC CCG CCT CGA CGC CGG CGT CTA CTC CTG CTT GAA GAC GAG GAT GCA GCC GCG GCT GGA GGC GGG GGT GTA GTC GTG GTT TAA TAC TAG TAT TCA TCC TCG TCT TGA TGC TGG TGT TTA TTC TTG TTT
1 ATG 0 0 6 0 0 0 4 0 0 0 2 0 24 0 204661 5 0 0 0 0 0 0 0 0 0 0 0 0 0 0 2 0 0 0 0 0 0 0 0 0 0 0 0 0 0 0 6 0 0 0 0 2 0 0 0 0 0 0 0 0 0 0 2 0
2 AAG 32 0 203933 39 4 1 14 19 2 0 56 0 27 1 27 0 0 21 27 0 0 0 1 34 0 28 1 2 1 40 2 18 0 0 75 0 2 0 0 0 16 0 0 0 0 1 0 0 0 7 0 28 3 2 17 2 0 0 0 18 3 0 8 0
3 GCA 0 0 0 0 20 2 0 0 9 0 5 0 5 0 1 1 0 1 0 0 1 0 0 0 1 2 0 0 0 0 0 0 3 2 1 0 204196 11 13 28 3 0 0 0 21 3 0 0 0 25 0 0 0 2 0 8 0 2 0 0 0 0 1 0
4 AAA 201771 26 13 0 2 5 1 2 16 0 0 0 0 7 4 1 7 41 12 0 0 0 0 3 0 10 4 3 0 0 1 0 3 0 0 0 0 5 5 0 0 0 0 0 0 2 18 0 0 2 0 0 0 0 25 0 0 0 0 2 0 0 11 0
5 CTA 0 0 0 0 0 0 0 0 0 0 0 0 8 0 1 0 3 0 0 0 40 0 0 0 0 0 0 0 204651 0 30 0 0 0 0 0 5 0 2 0 0 8 0 0 1 0 0 0 0 13 0 0 0 0 0 0 0 0 0 14 23 2 0 0
6 CTG 0 0 0 0 0 0 0 0 1 0 0 0 3 14 3 0 0 0 2 0 0 0 8 0 0 0 0 0 44 14 204238 8 0 0 0 0 0 0 0 2 0 0 0 0 0 0 2 0 0 0 0 5 0 0 0 0 0 0 0 0 0 4 21 0
7 GTC 0 0 0 0 0 1 0 0 0 0 0 0 0 18 0 1 0 0 0 0 0 0 0 0 0 0 0 0 0 3 0 1 0 1 0 0 6 206 2 0 0 0 0 0 16 203852 5 14 0 0 0 0 0 0 0 0 0 0 6 13 0 8 21 0
8 CTG 0 0 0 0 0 0 0 0 0 0 0 0 0 0 14 1 0 0 2 0 0 0 61 0 0 0 7 0 34 0 204421 36 0 0 0 0 0 0 0 0 0 0 0 0 0 0 0 0 0 0 0 0 0 0 0 0 0 0 0 0 0 0 5 0
9 TTA 0 0 1 0 0 0 0 0 0 0 0 0 2 0 1 2 0 0 0 0 1 0 0 0 0 0 0 0 19 0 0 1 0 0 0 0 0 0 0 0 0 0 0 0 6 13 0 0 0 0 0 0 8 0 0 0 0 0 0 0 204504 1 42 1
10 TAT 0 0 0 0 0 0 0 0 0 0 0 0 17 0 0 1 0 0 0 67 0 0 0 0 0 0 0 0 0 0 0 0 0 0 0 3 0 0 0 0 0 0 0 0 0 0 0 0 5 24 2 203637 0 0 0 0 0 0 0 73 1 0 2 2
11 GCA 0 0 0 0 27 0 0 0 0 11 0 0 4 1 2 1 0 0 0 0 1 0 0 0 0 0 1 0 0 0 0 0 9 0 0 0 203991 11 42 66 2 0 0 0 69 3 1 0 0 2 0 0 23 0 0 1 0 0 0 8 10 62 2 47
12 TTT 0 0 0 0 0 3 0 0 0 0 0 0 0 0 0 5 0 0 0 0 0 0 0 0 0 0 0 0 0 0 0 32 0 3 0 0 0 0 0 0 0 0 0 0 7 14 0 9 0 0 0 0 0 2 0 6 0 0 0 2 3 38 4 204007
13 GTA 0 0 0 0 0 14 0 0 0 0 0 0 18 0 0 0 0 1 0 0 0 0 0 0 0 0 0 0 0 0 0 0 0 0 0 0 50 0 0 0 1 0 0 0 204594 1 63 1 0 0 0 0 0 0 0 0 0 0 0 0 2 0 0 0
14 GCT 0 0 0 0 0 0 0 18 0 2 2 0 0 0 0 0 0 0 0 0 0 0 0 0 0 0 0 1 0 0 0 0 0 0 0 5 5 39 0 204576 0 0 0 4 0 0 0 10 0 0 0 0 0 0 0 4 0 0 0 0 0 0 0 0
15 ACA 1 0 0 0 204610 8 78 21 6 0 0 0 13 4 0 0 0 0 0 0 0 0 0 0 0 0 0 0 0 0 0 0 0 0 0 0 21 0 0 0 0 0 0 0 0 0 0 0 0 0 0 0 3 0 0 0 0 0 0 0 0 0 0 0
16 GAT 0 0 0 7 0 0 0 0 0 0 0 1 0 0 0 0 0 0 0 0 0 0 0 0 0 0 0 0 0 0 0 0 7 16 2 204684 0 0 1 1 0 0 0 12 0 0 0 1 0 0 0 3 0 0 0 0 0 0 0 0 0 0 0 0
17 GCA 0 0 0 0 39 1 0 0 0 0 0 0 0 0 0 0 0 0 0 0 2 0 0 0 0 0 0 0 0 0 0 0 1 0 0 0 203900 6 85 18 5 2 0 0 29 0 0 0 0 0 0 0 4 0 0 0 0 0 0 0 0 0 0 0
18 GAC 0 10 0 0 0 0 0 0 0 0 0 0 0 0 0 0 0 0 0 0 0 0 0 0 0 0 0 0 0 0 0 0 1 204211 3 13 0 0 0 0 0 15 0 0 0 1 0 0 0 3 0 0 0 0 0 0 0 0 0 0 0 0 0 0
19 ACA 5 0 0 0 202438 3 63 6 1 0 46 23 9 0 0 0 6 0 1 8 3 0 0 0 0 0 0 6 0 0 0 0 0 0 1 0 8 0 0 0 0 0 0 0 0 0 0 1 0 0 0 0 2 4 2 0 0 0 0 0 0 0 11 0
20 ATA 1 0 0 0 13 0 0 0 0 0 0 0 204736 0 25 34 0 0 0 0 0 0 0 0 0 0 0 0 2 0 0 0 0 0 0 0 0 0 0 0 0 0 0 0 12 0 4 0 0 0 0 0 0 0 0 0 0 0 0 0 1 0 0 0
21 TGT 0 0 0 0 0 0 0 0 0 0 0 2 0 0 0 0 0 0 0 0 0 0 0 0 0 0 0 7 0 0 0 0 0 0 0 0 0 0 0 0 0 0 0 0 0 0 0 0 0 0 0 19 0 0 0 1 0 102 3 204436 0 0 0 3
22 ATA 2 0 0 0 10 0 0 0 1 0 0 0 204477 8 36 2 0 0 0 0 0 0 0 0 0 0 0 0 0 0 0 0 0 0 0 0 0 0 0 0 0 0 0 0 49 0 1 0 1 0 0 0 0 0 0 0 0 0 0 0 0 0 0 0
23 GGC 0 0 0 0 0 0 0 0 0 10 0 0 0 0 0 0 0 0 0 0 0 0 0 0 0 0 0 0 0 0 0 0 0 13 0 0 0 0 0 0 24 204524 27 20 0 0 0 0 0 0 0 0 0 0 0 0 0 14 0 0 0 0 0 0
24 TAC 0 1 0 0 0 0 0 0 0 0 0 0 0 0 0 0 0 17 0 0 0 0 0 0 0 0 0 0 0 0 0 0 0 1 0 0 0 0 0 0 0 0 0 0 0 0 0 0 3 204467 0 34 0 0 0 0 0 15 0 0 0 0 0 0
25 CAT 0 0 0 5 0 0 0 0 0 0 0 0 0 1 0 0 1 20 3 204513 0 0 0 2 0 0 0 21 0 0 6 1 0 0 0 0 10 0 2 0 0 0 0 0 0 0 0 0 0 0 0 8 0 0 0 0 0 0 0 0 1 0 0 0
26 GCG 0 0 0 0 0 0 14 0 0 8 0 0 0 0 0 0 0 0 0 0 0 0 0 0 0 0 0 0 0 0 0 0 0 0 2 0 58 13 203782 15 0 0 0 0 0 0 31 0 0 0 0 0 0 3 6 0 0 0 0 0 0 0 0 0
27 AAC 3 201723 3 17 0 1 0 0 0 17 0 0 0 0 0 0 0 0 0 0 0 0 0 0 0 0 0 0 0 0 0 0 0 15 0 0 0 0 0 0 0 0 0 0 0 0 0 0 0 0 0 0 0 0 0 0 1 0 0 0 0 0 0 0
28 AAC 3 203266 0 10 0 1 0 0 0 4 0 0 0 0 0 0 0 0 0 0 0 0 0 0 0 0 0 0 0 0 0 0 0 5 0 0 0 0 0 0 0 0 0 0 0 0 0 0 0 1 0 0 0 0 0 0 0 0 0 0 0 0 0 0
29 TCA 0 0 0 0 5 0 0 0 0 0 0 1 0 0 0 0 0 0 0 0 21 0 0 0 0 0 0 0 0 0 0 0 0 0 0 1 0 0 5 2 2 0 0 3 0 0 0 0 2 0 0 0 204202 2 11 1 0 0 0 0 0 0 0 0
30 ACC 0 15 0 0 29 204194 6 53 0 2 0 0 0 22 0 0 0 0 0 0 0 0 0 0 0 0 0 0 0 0 0 0 0 0 0 0 0 19 0 0 0 0 0 0 0 0 0 0 0 0 0 0 0 1 0 0 0 0 0 0 0 0 0 0
31 GAC 0 51 0 0 0 0 0 0 0 0 0 0 0 0 0 0 0 3 0 0 0 0 0 0 0 0 0 0 0 0 0 0 6 201225 4 17 0 2 0 0 0 28 0 0 0 0 0 0 0 5 0 0 0 0 0 0 0 0 0 0 0 0 0 0
32 ACT 0 0 0 3 15 16 5 202365 0 0 0 0 0 0 11 2 0 0 0 0 0 0 0 0 0 0 2 0 0 0 0 0 0 0 0 0 0 0 0 5 0 0 0 0 0 0 0 0 0 0 0 0 0 0 0 0 0 0 0 0 0 0 0 0
33 GTT 0 0 0 0 0 0 0 0 0 0 0 0 0 0 0 24 0 0 0 0 0 0 0 0 0 0 0 0 0 0 0 1 0 0 0 0 0 2 0 11 0 0 0 0 1 22 5 204035 0 0 0 0 0 0 0 0 0 0 0 0 0 0 0 1
34 GAC 0 11 0 0 0 0 0 0 0 0 0 0 0 0 0 0 0 0 0 0 0 0 0 0 0 0 0 0 0 0 0 0 3 203993 2 10 0 3 0 0 0 15 0 0 0 2 0 0 0 2 0 0 0 0 0 0 0 0 0 0 0 0 0 0
35 ACA 3 0 0 1 204580 0 11 10 0 0 0 0 9 0 0 0 0 0 0 0 0 0 0 0 0 0 0 0 0 0 0 0 0 0 0 0 8 0 0 0 0 0 0 0 0 0 0 0 0 0 0 0 0 0 0 0 0 0 0 0 0 0 0 0
36 ATA 2 0 0 0 17 0 0 1 0 0 0 0 204064 3 17 14 0 0 0 0 0 1 0 0 0 0 0 0 0 0 0 0 0 0 0 0 4 0 0 1 0 0 0 0 3 0 0 0 0 0 0 0 0 0 0 0 0 0 0 0 0 0 0 0
37 CTC 0 0 0 1 32 22 3 0 6 64 90 0 1 8 0 0 1 2 0 0 0 10 0 0 13 0 6 1 3 203761 7 17 0 0 0 0 0 0 0 0 0 0 0 0 0 1 0 0 0 23 0 2 3 2 0 0 0 0 0 0 0 3 2 0
38 GAG 0 0 21 0 1 0 0 0 0 0 0 0 0 0 0 0 0 0 2 0 0 0 0 0 0 0 0 0 0 0 0 0 25 0 204232 5 2 0 3 0 0 0 21 0 0 0 3 0 0 0 12 0 8 0 0 2 0 0 0 0 0 0 0 0
39 AAG 42 0 178704 7 0 0 8 0 0 0 8 0 0 0 7 0 0 0 0 0 0 0 0 0 0 0 0 0 0 0 0 0 0 0 10 0 0 0 0 0 0 0 0 0 0 0 0 0 0 0 2 0 0 0 0 0 0 0 0 0 0 0 0 0
40 AAT 4 2 3 203960 0 0 0 1 0 0 0 26 0 0 0 0 0 0 0 2 0 0 0 0 0 0 0 0 0 0 0 0 0 0 5 23 0 0 0 0 4 0 0 0 0 0 0 0 0 0 0 1 0 0 0 0 0 0 0 0 0 0 0 0
41 GTG 0 0 0 0 0 0 0 0 0 0 0 0 0 0 23 0 0 0 0 0 0 0 0 0 0 0 0 0 0 0 0 0 0 0 2 0 0 0 6 0 0 0 2 0 30 21 203719 8 0 0 0 0 0 0 0 0 0 0 0 0 0 0 2 0
42 GCA 0 0 3 0 40 0 0 0 0 0 0 0 0 0 0 0 0 0 0 0 51 4 0 0 0 1 0 0 0 0 0 0 3 0 3 0 200777 9 40 3 1 0 0 0 68 0 0 0 0 0 0 0 3 0 0 0 0 0 0 0 0 0 0 0
43 GTG 0 0 0 0 0 0 0 0 0 0 0 0 0 0 24 0 0 0 0 0 0 0 0 0 0 0 0 0 0 0 1 0 0 0 0 0 0 0 11 0 0 0 1 0 18 0 202142 1 0 0 0 0 0 0 0 0 0 0 0 0 0 0 1 0
44 ACA 1 0 0 0 197445 3 8 10 1 0 0 0 14 0 0 0 0 0 0 0 0 0 0 0 0 0 0 0 0 0 0 0 0 0 0 0 24 0 0 0 0 0 0 0 0 0 0 0 0 0 0 0 0 0 0 0 0 0 0 0 0 0 0 0
45 CAT 0 0 0 4 0 0 0 0 0 5 0 0 0 0 0 0 1 70 0 196344 0 0 0 1 0 0 0 7 0 0 0 3 0 0 0 3 0 0 0 0 0 0 0 0 0 0 0 0 0 0 0 2 0 0 0 0 0 0 0 0 0 0 0 0
46 TCT 0 0 0 0 0 0 0 2 0 0 0 0 0 0 1 0 0 0 0 0 0 0 0 11 0 0 0 0 0 0 0 0 0 0 0 0 0 0 0 0 0 0 0 0 0 0 0 0 0 0 0 7 2 102 2 197525 0 0 0 0 0 0 6 6
47 GTT 0 0 0 1 0 0 0 0 0 0 0 0 0 0 0 28 0 0 0 0 0 0 0 0 1 0 0 0 0 0 0 2 0 0 0 0 0 1 0 6 0 0 0 0 10 66 13 194312 0 5 0 4 0 0 0 0 0 0 0 0 0 0 0 5
48 AAC 2 197719 0 23 1 8 0 0 0 17 0 0 0 0 0 0 0 3 0 0 0 0 0 0 0 0 0 0 0 0 0 0 0 17 0 1 0 0 0 0 0 2 0 0 0 0 0 0 0 0 0 0 0 4 0 0 0 0 0 0 0 0 0 0
49 CTG 0 0 0 0 0 0 0 0 0 0 0 0 0 0 5 0 0 0 3 0 0 0 10 0 0 0 0 0 66 4 194876 2 0 0 0 0 0 0 0 0 0 0 0 0 0 0 0 0 0 0 0 0 0 0 0 0 0 1 0 0 0 0 5 0
50 CTC 0 0 0 0 0 0 0 0 0 0 0 0 0 5 0 0 0 2 0 0 0 11 0 0 0 0 0 0 13 191786 0 14 0 0 0 0 0 0 0 0 0 0 0 0 0 2 0 0 0 0 0 0 0 0 1 0 0 0 0 0 0 4 0 0
51 GAA 10 0 0 0 0 7 0 3 0 0 0 0 1 4 0 0 1 0 0 0 0 0 0 0 0 0 0 0 0 0 0 0 151439 1 6 1 0 0 0 0 3 0 0 0 0 0 2 0 5 0 0 0 0 0 0 0 0 1 0 0 0 0 0 0
52 GAC 0 7 0 0 3 0 0 0 0 0 0 0 0 1 0 0 0 1 0 0 0 0 0 0 0 0 0 0 0 0 0 0 7 111803 1 13 0 0 2 2 0 15 0 0 1 4 0 0 0 2 0 0 0 2 0 2 0 0 0 0 0 0 0 0
53 AGC 0 34 0 0 7 0 0 0 5 133154 3 57 0 2 0 0 0 1 0 0 0 0 0 0 0 6 0 0 0 1 4 0 2 0 0 0 0 2 0 0 10 22 0 0 0 0 0 11 0 0 0 1 3 0 1 0 0 0 1 0 0 0 0 0
54 CAC 0 0 0 0 0 0 0 0 0 0 0 1 0 0 0 0 0 114005 1 5 0 0 0 0 0 6 0 0 0 0 0 0 0 0 0 0 0 0 0 1 0 0 0 0 0 0 0 0 0 5 0 0 0 0 0 0 0 0 0 0 0 0 0 0
55 AAC 2 149270 1 20 0 1 0 0 0 9 0 0 0 0 0 0 0 2 0 0 0 0 0 0 0 0 0 0 0 0 0 0 0 12 0 0 0 0 0 0 0 0 0 0 0 0 0 0 0 0 0 0 0 0 0 0 0 0 0 0 0 0 0 0
56 GGG 0 0 0 0 0 0 2 0 0 1 13 0 0 0 0 0 0 6 0 0 0 0 0 0 0 0 10 0 0 0 0 0 0 0 17 0 0 0 4 0 34 7 177062 6 0 0 1 0 0 0 2 0 0 3 0 0 0 0 5 0 0 0 0 0
57 AAA 196927 4 20 0 0 0 0 0 14 0 3 0 0 0 0 0 0 8 0 1 0 0 0 0 0 0 0 2 0 4 1 0 23 0 0 0 0 0 4 0 3 0 0 0 0 0 0 0 0 2 0 0 0 0 0 0 0 0 0 0 0 0 0 0
58 CTA 1 4 0 0 0 0 0 2 0 0 0 0 2 0 0 0 2 0 0 0 16 0 0 0 0 0 0 0 167823 11 17 4 0 0 0 0 0 0 0 2 0 0 0 0 0 0 0 0 0 0 0 1 0 0 0 0 0 0 0 0 26 0 0 0
59 TGT 0 0 0 0 0 0 0 0 0 0 0 1 0 0 6 0 0 0 0 0 0 0 0 0 0 0 0 6 0 0 0 0 0 0 0 0 0 0 0 0 0 0 2 0 1 0 0 0 0 0 0 19 0 0 0 0 1 50 1 180905 0 0 0 2
60 AAA 201385 13 49 7 15 0 0 1 21 14 0 14 0 0 0 0 5 13 4 3 0 0 0 0 0 3 0 23 0 1 0 0 25 0 0 0 0 2 0 3 0 0 0 0 0 0 0 0 8 17 0 6 8 10 1 12 0 0 0 0 2 0 0 0
61 TTA 0 0 0 0 0 0 0 0 0 0 0 0 3 0 0 9 0 0 0 0 0 0 0 0 0 0 0 0 23 0 0 68 0 0 0 0 0 0 0 0 0 0 0 0 7 0 0 6 2 0 0 0 14 0 0 0 2 0 0 0 201307 0 52 2
62 AAA 202489 12 387 88 2 0 0 0 37 0 0 0 0 0 0 0 2 0 0 0 0 0 0 0 3 0 0 0 0 0 0 0 6 0 0 0 0 4 2 0 1 2 0 2 0 0 0 0 1 17 0 0 0 1 0 0 0 0 0 0 0 0 0 13
63 GGA 0 0 0 0 0 0 0 0 14 0 0 0 0 0 0 0 0 0 0 0 0 0 0 0 0 0 0 0 0 0 0 0 16 0 0 0 0 0 0 0 202556 6 29 1 2 0 0 0 0 0 0 0 0 0 0 0 1 0 0 0 0 0 0 0
64 ATA 1 0 0 0 4 0 0 0 2 0 0 0 193935 6 104 40 0 0 2 3 0 0 0 0 1 1 2 0 6 0 0 0 0 0 0 0 4 0 0 0 0 0 0 0 9 9 0 0 0 0 0 0 0 0 0 0 0 0 0 0 0 0 0 0
65 GCC 0 0 1 0 14 9 3 0 0 0 0 0 0 0 0 0 0 0 1 0 16 4 0 6 0 0 0 3 0 0 0 0 20 5 0 0 9 194255 3 7 0 1 0 0 0 17 1 0 0 0 0 0 0 11 0 0 0 0 1 0 0 0 2 0
66 CCA 0 0 0 0 3 0 0 0 0 0 0 0 0 0 0 0 7 0 0 0 196613 3 10 5 0 0 0 0 5 0 0 0 0 0 0 0 0 0 0 0 0 0 0 0 0 0 0 0 0 0 0 0 4 0 0 0 0 0 0 0 0 0 0 0
67 CTA 0 0 0 0 0 0 0 0 0 0 0 0 0 0 0 0 2 0 0 0 29 0 0 0 2 0 0 0 203026 1 34 1 0 0 0 0 0 0 0 0 0 0 0 0 0 0 0 0 0 0 0 0 0 0 0 0 0 0 0 0 15 0 0 0
68 CAA 1 0 0 0 1 4 2 0 0 0 0 0 0 0 0 1 203847 0 13 1 2 0 0 1 5 2 0 0 26 10 11 1 17 0 0 3 7 1 1 0 0 0 0 0 0 1 0 3 9 0 0 0 3 0 0 0 0 0 0 0 15 0 0 1
69 TTG 0 0 0 0 0 0 0 0 0 0 0 0 0 0 2 0 0 0 0 0 0 0 0 0 0 0 0 0 0 0 17 1 0 0 0 0 0 0 0 0 0 0 0 0 0 0 1 0 0 0 2 0 0 0 2 0 0 0 0 0 7 0 202041 1
70 GGG 0 2 0 0 0 0 4 0 0 0 10 0 0 0 0 0 3 0 4 0 0 0 0 0 0 0 14 9 0 0 0 0 0 0 26 5 0 0 0 0 24 6 203810 41 0 0 4 0 0 1 0 0 0 0 1 0 0 0 4 0 0 2 0 0
71 AAA 203795 5 15 17 7 1 0 0 18 0 0 0 0 0 0 0 1 9 0 0 25 0 0 4 0 0 0 0 11 0 0 7 43 0 0 0 1 0 0 0 0 0 30 1 0 0 0 0 0 0 0 2 0 2 0 0 0 0 0 0 0 0 1 0
72 TGT 0 0 0 0 0 0 0 0 0 0 0 3 0 0 0 0 0 0 0 0 0 0 0 0 0 0 0 14 0 0 0 0 0 0 0 0 0 0 0 0 0 0 0 3 0 0 0 0 0 0 0 25 0 0 0 0 5 59 0 204540 0 0 0 5
73 AAC 13 203869 0 28 0 2 0 0 0 39 0 4 0 1 0 0 11 0 0 0 0 0 0 0 0 0 0 0 0 0 0 0 0 53 0 0 4 0 0 0 0 0 0 0 0 0 0 0 0 0 0 0 8 1 17 13 0 0 0 0 0 0 0 0
74 ATC 0 0 0 0 0 12 0 0 0 1 0 0 4 199243 2 11 0 0 0 0 0 0 0 0 0 0 0 0 9 1 0 0 0 0 0 0 0 0 0 0 0 0 0 0 1 11 0 2 0 0 0 0 0 0 0 0 0 0 0 0 5 5 4 0
75 ACC 0 3 0 0 6 198042 6 66 0 0 0 0 1 38 0 0 0 1 10 0 0 0 0 1 0 0 0 0 0 1 87 1 0 0 0 0 0 13 0 2 1 0 0 0 0 0 0 0 0 0 0 0 0 3 0 7 0 0 0 0 1 0 0 0
76 GGA 0 0 0 0 0 0 0 0 28 0 0 0 0 0 0 0 0 0 0 0 0 0 0 0 1 0 0 0 0 0 0 0 20 0 0 0 4 0 0 0 204048 0 28 1 1 0 0 0 0 0 0 0 0 0 0 0 1 0 0 0 0 0 0 0
77 TGG 0 0 0 0 0 0 0 0 0 0 3 0 0 0 0 0 0 0 0 0 0 0 0 0 0 0 11 0 0 0 0 0 0 0 0 0 0 0 0 0 0 0 7 0 0 0 0 0 0 0 16 0 0 0 0 0 50 0 204267 3 0 0 3 0
78 CTC 0 0 0 0 0 0 0 0 0 0 0 0 0 2 0 0 0 4 0 0 0 11 0 0 0 0 0 0 42 203406 11 6 0 0 0 0 0 0 0 0 0 0 0 0 4 4 0 0 0 0 0 0 0 0 0 0 0 0 0 0 0 7 2 0
79 TTG 0 0 0 0 0 0 0 0 0 0 0 0 0 3 0 0 0 0 0 0 0 0 0 0 0 0 0 0 22 14 73 1 0 0 0 0 0 0 0 0 0 0 0 0 0 0 3 0 0 0 1 0 0 0 21 0 0 0 0 0 26 0 204026 4
80 GGA 0 0 0 0 0 0 0 0 11 0 0 1 0 0 0 0 0 0 0 0 0 0 0 0 0 0 0 0 0 0 0 0 21 0 0 0 0 0 0 0 204252 4 19 13 2 0 0 0 0 0 0 0 0 0 0 0 7 0 0 0 0 0 0 0
81 AAT 5 33 0 204014 0 0 0 3 0 0 0 9 0 0 0 0 0 0 0 25 0 0 0 0 0 0 0 0 0 0 0 0 0 0 0 16 1 0 0 0 0 0 0 0 0 0 0 0 0 0 0 0 0 1 0 0 0 0 0 0 0 0 0 0
82 CCA 0 0 0 0 5 0 0 0 0 0 0 0 0 0 0 0 4 0 0 0 204343 23 140 11 0 0 0 0 10 0 0 0 0 0 0 0 0 0 0 0 0 0 0 0 0 0 0 0 0 0 0 0 12 0 0 0 0 0 0 0 0 0 0 0
83 GAA 16 0 0 7 0 0 0 0 0 0 0 0 0 0 0 0 1 0 0 0 0 0 0 0 0 0 0 0 0 0 0 0 204231 11 23 0 3 2 0 0 12 0 0 1 0 0 0 0 5 0 0 0 0 0 0 0 0 0 1 0 0 3 0 0
84 TGC 0 0 0 0 0 0 0 0 0 0 0 0 0 0 0 0 0 0 0 0 0 0 0 0 0 2 0 0 0 0 0 0 0 0 0 0 0 0 0 0 0 0 0 0 0 0 0 0 0 10 0 0 0 0 0 0 5 200754 1 136 0 2 0 0
85 GAC 0 9 0 0 0 0 0 0 0 0 0 0 0 0 0 0 0 1 0 0 0 0 0 0 0 0 0 0 0 0 0 0 14 204329 1 22 0 1 0 0 0 27 0 0 0 1 0 0 0 1 0 0 0 0 0 0 0 0 0 0 0 0 0 0
86 TCA 1 2 0 2 26 0 0 0 1 0 0 9 0 8 0 0 2 2 2 18 19 0 0 2 0 0 0 0 9 0 21 9 83 2 10 2 0 0 0 0 0 0 0 15 0 0 0 0 6 1 0 43 204175 22 11 8 0 0 0 0 4 0 14 1
87 CTG 0 0 0 0 0 2 0 0 0 0 0 0 0 0 2 1 0 0 1 0 0 0 10 0 0 0 0 0 61 25 204409 4 0 0 0 0 0 0 0 0 0 0 0 0 0 0 0 0 0 0 0 0 0 0 0 0 0 0 0 0 0 0 34 0
88 CTT 0 0 0 0 0 0 0 0 0 0 0 0 0 10 0 7 1 0 0 0 0 0 0 6 0 0 0 4 5 110 3 204221 2 0 0 0 0 0 7 2 0 0 0 0 1 0 0 3 0 0 0 1 0 0 2 0 0 0 0 0 0 0 2 19
89 CCA 2 1 0 18 15 7 6 4 0 23 5 1 29 18 8 1 13 1 1 24 202027 52 43 9 0 0 0 0 22 0 62 8 2 15 0 17 7 0 0 59 12 16 0 0 8 36 0 1 0 5 0 23 10 1 63 18 0 0 0 0 21 8 9 0
90 GCG 0 0 0 6 1 28 46 22 0 9 0 21 0 7 0 5 3 2 0 2 1 8 0 1 0 20 10 0 0 15 25 6 0 4 8 19 24 16 203791 4 0 0 1 0 0 2 114 0 0 0 0 8 0 0 13 0 0 0 0 0 0 96 6 8
91 AGA 19 11 10 29 0 8 7 7 204330 13 13 4 12 3 0 1 5 8 0 0 0 0 0 0 5 0 0 0 8 0 0 0 8 0 4 2 13 0 0 9 24 0 2 0 1 0 2 0 0 7 0 0 0 1 0 0 2 0 2 0 0 0 1 0
92 TCA 0 0 0 0 12 0 0 0 0 0 0 0 0 0 0 2 22 0 1 0 22 0 4 0 0 0 0 0 0 0 2 0 4 13 2 2 1 0 0 0 0 0 1 5 2 6 0 0 4 1 0 1 204097 2 41 1 0 0 1 0 7 0 0 3
93 TGG 0 0 0 0 0 0 0 0 0 0 3 0 0 0 0 0 0 0 0 0 0 0 0 0 0 0 9 0 0 0 0 0 0 0 0 0 0 0 0 0 0 0 0 0 0 0 0 0 0 0 10 0 0 0 0 0 33 2 204424 1 0 0 3 0
94 TCC 0 0 0 0 0 0 0 0 0 13 0 41 0 0 0 0 0 0 0 0 0 15 0 0 0 0 0 0 0 0 0 0 0 0 0 0 0 3 0 4 3 1 2 5 0 0 0 0 0 3 0 0 23 204054 1 15 0 0 0 0 0 4 0 0
95 TAC 0 1 0 0 0 0 0 0 0 0 0 0 0 0 0 0 0 25 0 0 0 0 0 0 0 0 0 0 0 0 0 0 0 0 0 0 0 0 0 0 1 0 0 0 0 0 0 0 1 204427 3 43 0 1 0 0 0 24 0 0 0 0 0 0
96 ATT 0 0 0 0 0 0 0 14 0 0 0 5 5 16 0 258297 0 0 0 0 0 0 0 0 0 0 0 0 0 0 0 3 0 0 0 0 0 0 0 0 0 0 0 0 0 0 0 8 0 0 0 0 0 0 0 0 0 0 0 0 0 0 0 2
97 GTA 0 0 0 0 0 0 0 0 0 0 0 0 20 0 0 4 0 0 0 0 0 0 0 0 0 0 0 0 0 0 0 0 2 0 0 0 28 0 0 0 1 0 0 0 258447 25 45 53 0 0 0 0 0 0 0 0 0 0 0 0 5 0 0 0
98 GAA 24 0 0 0 0 0 0 0 0 0 0 0 0 0 0 0 0 0 0 0 0 0 0 0 0 0 0 0 0 0 0 0 258638 3 21 5 0 0 0 0 20 0 0 0 1 0 0 0 5 0 0 0 0 0 0 0 0 0 0 0 0 0 0 0
99 ACA 2 5 0 0 258293 4 15 6 5 1 0 0 31 0 0 0 2 0 0 0 3 0 0 0 5 1 1 0 8 0 0 0 8 27 5 0 16 0 4 3 0 0 1 31 0 0 1 1 0 2 0 0 12 0 39 0 0 0 0 0 11 0 0 0
100 CCA 0 0 0 5 8 15 5 0 0 0 0 0 0 0 5 0 2 0 35 0 258067 2 38 2 2 0 0 0 9 0 0 0 0 0 5 0 1 1 0 0 0 0 0 0 1 0 6 0 0 1 0 0 25 2 0 0 0 0 8 0 0 0 0 1
101 AAC 6 254600 8 51 0 6 0 1 0 14 20 9 0 0 0 0 0 1 1 0 0 0 0 0 2 0 0 1 5 0 0 0 0 43 0 0 0 0 1 0 0 0 0 49 0 0 0 0 0 0 0 0 0 0 15 0 0 0 0 0 0 0 0 0
102 TCT 0 0 0 9 9 12 4 8 0 0 0 0 0 0 1 0 2 0 3 0 3 0 0 14 0 0 0 0 0 0 0 0 0 0 0 0 0 0 0 6 1 0 0 0 0 0 0 0 0 0 2 6 4 60 3 258253 0 0 1 0 0 0 0 12
103 GAG 0 0 18 0 0 0 0 0 0 1 0 0 0 0 0 0 2 0 62 0 0 0 0 0 0 2 0 0 0 0 0 1 63 0 257700 9 15 2 5 0 0 0 57 0 0 0 13 2 0 0 4 0 0 0 1 0 0 0 0 0 0 18 0 0
104 AAT 12 17 2 258197 0 2 5 11 0 0 0 30 0 4 0 9 0 17 0 46 0 0 0 0 0 0 0 0 4 4 18 0 6 0 4 28 0 0 0 2 0 0 0 0 1 29 3 0 0 7 0 98 0 0 0 0 0 0 1 0 21 16 4 0
105 GGA 0 0 0 0 0 0 0 0 22 0 0 0 0 0 0 0 0 0 0 0 0 0 0 0 0 0 0 0 0 0 0 0 12 0 0 0 0 0 0 0 258336 0 44 4 0 0 0 0 0 0 0 0 0 0 0 0 8 0 0 0 0 0 0 0
106 GCA 0 0 0 0 46 0 0 0 0 0 0 0 0 0 0 0 0 0 0 0 10 3 0 0 0 0 0 0 0 0 8 7 3 0 0 0 258373 1 10 4 2 0 0 0 39 0 0 0 0 0 0 0 8 0 0 0 0 0 0 0 0 1 0 0
107 TGT 0 0 0 0 0 0 0 0 0 0 0 1 0 0 0 0 0 0 0 0 0 0 0 0 0 0 0 6 0 0 0 0 0 0 0 0 0 0 0 0 0 0 0 1 0 0 0 0 0 0 0 32 0 0 0 2 2 36 1 257386 0 0 0 7
108 TAT 0 0 0 0 0 0 0 0 0 0 0 0 0 0 0 0 0 0 0 12 0 0 0 0 0 0 0 0 0 0 0 0 0 0 0 2 0 0 0 0 0 0 0 0 0 0 0 0 1 50 6 258174 0 0 0 0 0 0 0 9 0 0 0 1
109 CCA 0 0 0 0 2 0 0 0 0 0 0 0 0 0 0 0 13 0 0 0 257688 10 67 18 2 0 0 0 3 0 0 0 0 0 0 0 0 0 0 0 0 0 0 0 0 0 0 0 0 0 0 0 10 0 0 0 0 0 0 0 0 0 0 0
110 GGA 0 0 0 0 0 0 0 0 10 0 0 0 0 0 0 0 0 0 0 0 0 0 0 0 1 0 0 0 0 0 0 0 16 0 0 0 0 0 0 0 258882 4 45 23 0 0 0 0 0 0 0 0 0 0 0 0 4 0 0 0 0 0 0 0
111 GAT 4 0 0 24 2 0 0 2 0 0 0 8 0 0 0 0 0 0 0 0 0 0 0 1 0 0 0 0 0 0 0 0 4 36 0 258571 0 0 1 1 0 0 0 18 0 0 1 1 0 0 0 5 0 0 0 0 0 0 0 0 0 0 0 0
112 CTC 0 0 0 0 0 0 2 0 0 0 0 0 3 3 0 1 0 7 0 0 0 35 0 0 0 1 0 0 9 258513 0 10 0 0 0 0 0 0 0 0 0 0 0 0 0 0 43 0 0 0 0 0 0 0 0 0 0 0 3 0 0 7 1 17
113 ATC 0 3 0 0 0 76 11 0 0 3 0 0 31 257705 0 93 6 7 5 6 0 0 0 0 0 0 0 0 0 1 0 7 0 1 13 0 5 43 0 2 39 15 17 0 0 14 0 4 0 2 0 0 4 2 9 1 0 0 0 3 11 17 0 7
114 GAC 0 66 0 1 0 0 0 0 0 0 0 0 0 0 0 0 0 4 0 0 0 0 0 0 0 0 0 0 0 1 0 0 13 257229 4 15 0 0 1 0 0 19 0 0 0 1 0 0 0 5 0 0 0 0 0 0 0 0 0 0 0 0 0 0
115 TAT 0 0 0 4 0 0 2 0 0 10 0 0 21 1 4 0 2 3 0 23 0 0 0 0 0 1 0 0 1 0 0 0 0 0 0 3 0 0 0 0 0 1 0 0 0 1 0 1 2 30 3 254614 11 4 0 12 0 0 0 14 2 0 14 3
116 GAG 0 0 16 0 0 0 0 0 0 0 0 0 0 0 0 0 0 0 4 0 3 0 2 0 0 0 0 0 0 0 0 0 18 0 257792 15 0 0 4 0 0 0 79 0 0 0 5 0 0 0 8 0 0 0 0 0 0 0 0 0 0 0 0 0
117 GAA 26 0 0 0 0 0 0 0 0 0 0 0 0 0 0 0 0 0 0 0 0 0 0 0 0 0 0 0 0 0 0 0 258594 1 67 0 2 0 0 0 17 0 0 0 1 0 0 0 3 0 0 0 0 0 0 0 0 0 0 0 0 0 0 0
118 CTG 0 0 0 0 0 0 0 0 0 0 0 0 0 0 6 0 0 0 3 0 0 0 27 0 0 0 0 0 41 3 257868 5 0 0 0 0 0 0 0 0 0 0 0 0 0 0 2 0 0 0 0 0 0 0 0 0 0 0 0 0 0 0 156 0
119 AGG 0 0 35 0 0 0 0 0 51 0 257910 9 0 0 20 0 0 0 0 0 0 0 0 0 2 0 1 1 0 0 0 0 0 0 0 0 0 0 0 0 0 0 54 0 0 0 0 1 0 0 0 5 0 0 0 0 0 0 5 0 0 0 0 3
120 GAG 0 0 6 0 0 0 0 0 0 0 0 0 0 0 0 0 0 0 1 0 0 0 0 0 0 0 0 0 0 0 0 0 46 0 258497 5 0 0 4 0 0 0 24 0 0 0 5 0 0 0 4 0 0 0 0 0 0 0 0 0 0 0 0 0
121 CAA 0 0 0 0 0 0 0 0 0 0 0 0 0 0 0 0 258230 0 15 3 2 0 0 0 4 0 0 0 3 0 0 0 0 0 0 0 0 0 0 0 0 0 0 0 0 0 0 0 147 0 0 0 0 0 0 0 0 0 0 0 0 0 0 0
122 TTG 0 1 0 0 0 0 0 0 0 0 0 0 0 0 2 0 0 0 0 0 0 0 2 0 0 0 0 0 0 38 34 0 0 0 0 0 0 0 0 0 0 0 0 0 0 0 2 0 0 0 4 0 0 0 2 0 0 0 2 0 30 0 258058 3
123 AGC 0 37 0 0 0 2 2 0 9 258674 1 38 0 7 0 2 0 0 0 0 0 0 0 0 0 1 0 0 3 0 0 0 0 0 0 0 0 0 0 0 0 49 0 2 0 0 0 0 0 0 0 0 0 0 0 0 0 1 0 0 0 3 0 0
124 TCA 0 0 0 0 3 4 0 7 0 0 0 1 0 0 0 0 0 0 0 0 20 0 0 0 0 0 0 0 0 0 1 0 0 0 0 0 1 0 0 1 1 0 3 0 0 0 0 0 2 0 0 12 256525 3 49 17 1 0 0 0 11 0 0 3
125 GTA 0 0 0 0 1 0 0 3 0 0 0 0 30 28 0 0 0 0 0 0 0 0 0 0 0 0 0 0 0 0 0 0 2 0 0 0 32 0 0 37 0 0 0 0 258431 2 24 12 0 0 0 0 0 0 0 0 0 0 0 0 1 0 0 4
126 TCA 8 0 0 7 4 0 11 0 0 3 0 1 0 4 17 0 0 0 0 0 10 0 0 0 9 0 0 0 7 0 0 0 19 2 3 0 5 0 0 0 0 2 3 3 0 0 32 0 3 4 0 0 257749 74 29 0 0 0 0 0 4 0 0 0
127 TCA 2 0 3 0 1 1 0 0 0 7 0 0 0 0 0 0 0 0 0 0 11 0 0 0 5 0 0 0 0 0 0 0 0 0 0 3 5 0 0 0 1 0 0 0 0 0 3 0 3 0 0 10 258281 5 6 0 0 0 0 0 7 0 0 0
128 TTA 0 0 0 0 0 0 0 0 0 0 0 0 2 0 32 0 0 0 0 0 0 0 0 0 0 0 0 0 21 0 0 0 0 0 0 0 0 2 0 0 0 0 0 0 7 3 0 0 0 5 0 9 18 0 0 0 1 0 0 0 257810 4 34 0
129 GAA 14 0 0 0 0 0 0 0 0 0 0 0 0 0 0 0 0 11 0 0 0 0 0 0 0 0 0 0 0 0 0 0 257754 9 12 0 2 0 0 0 13 0 0 0 0 0 0 0 1 0 0 0 0 0 0 4 0 0 0 0 0 0 0 0
130 AGA 23 0 0 0 0 0 0 0 258049 1 27 1 4 0 0 0 0 0 0 0 0 0 0 0 2 0 0 0 0 0 0 0 0 0 0 0 0 0 0 0 18 0 0 0 0 0 0 0 0 0 0 0 0 0 0 0 3 0 0 0 0 0 0 0
131 TTC 0 0 0 0 0 0 0 0 0 0 0 0 0 1 0 0 0 0 0 0 0 0 0 0 0 0 0 0 0 11 0 0 0 0 0 0 0 0 0 0 0 0 0 0 0 3 0 0 0 4 0 0 0 5 0 0 0 1 0 0 8 257262 0 31
132 GAA 10 0 0 0 0 0 0 0 0 0 0 0 0 0 0 0 1 0 0 0 0 0 0 4 0 0 0 0 0 0 0 0 258817 1 27 4 1 0 0 0 8 0 0 0 1 0 0 0 6 0 0 0 0 0 0 0 0 0 0 0 0 0 0 0
133 ATA 4 0 0 0 7 0 0 0 0 0 0 0 257585 1 22 12 0 0 0 0 0 0 0 0 0 0 0 0 3 0 0 0 0 0 0 0 0 0 0 0 0 0 0 0 8 0 0 0 0 0 0 0 0 0 0 0 0 0 0 0 1 0 0 0
134 TTT 0 0 0 0 0 0 0 0 0 0 0 0 0 0 0 3 0 0 0 0 0 0 0 0 0 0 0 0 0 0 0 10 0 0 0 0 0 0 0 0 0 0 0 0 0 0 0 1 0 0 0 2 0 0 0 4 0 0 0 1 1 33 1 257950
135 CCC 1 17 2 4 0 2 0 0 0 1 0 49 0 0 0 0 1 6 0 3 13 256520 0 22 1 1 0 0 0 6 0 0 3 7 0 0 0 1 6 0 0 0 0 0 0 0 0 0 0 0 0 0 2 23 0 1 0 0 0 0 0 0 0 0
136 AAG 39 0 223358 19 1 4 1 0 0 0 16 3 0 0 2 0 0 5 27 6 1 0 0 5 2 0 1 1 0 2 81 19 1 0 42 1 0 10 0 0 0 0 1 0 2 0 4 7 0 0 4 0 99 0 0 0 0 0 0 0 2 4 0 20
137 GAA 9 1 0 23 0 6 0 2 0 0 0 0 5 0 0 1 1 5 0 4 0 0 2 0 0 0 0 0 12 6 0 3 257597 7 16 4 3 0 0 0 37 0 0 0 13 0 0 0 0 0 0 0 2 0 0 14 0 0 0 0 0 1 0 0
138 AGT 1 0 0 31 10 31 6 0 6 18 8 257331 0 7 0 26 2 0 0 1 5 0 0 0 0 0 0 2 0 10 0 4 6 0 0 0 39 0 6 0 0 0 9 49 23 2 1 0 0 17 0 3 12 0 4 2 0 0 0 3 0 0 0 7
139 TCA 0 0 0 0 37 18 0 0 0 13 0 22 0 3 0 0 0 3 0 0 13 0 0 0 0 0 0 0 0 0 0 0 0 0 0 0 5 70 18 0 4 2 0 0 0 26 16 0 8 0 0 2 256468 15 45 64 0 0 14 0 9 1 0 0
140 TGG 0 0 0 0 0 0 0 0 0 0 4 0 0 0 0 0 0 0 0 0 0 0 0 0 0 0 16 0 0 0 0 0 0 0 0 0 0 0 0 0 0 0 1 0 0 0 0 0 0 1 22 16 0 0 0 0 24 1 257709 5 0 5 9 0
141 CCC 0 0 0 0 3 4 0 1 0 0 0 0 0 0 0 0 1 5 0 0 18 255509 5 53 0 0 0 0 0 10 0 0 3 0 2 0 0 8 0 0 0 0 0 0 23 18 0 0 0 0 0 0 0 38 0 0 0 0 0 0 0 0 2 0
142 AAC 4 256448 0 40 0 4 0 0 0 21 0 0 0 1 0 0 0 4 0 0 1 0 0 0 0 0 0 0 0 0 0 0 0 6 1 0 0 0 0 0 0 0 0 0 0 0 0 0 0 3 0 0 1 0 0 0 0 0 0 0 0 0 0 0
143 CAC 0 4 0 0 1 0 0 0 0 0 0 0 0 0 0 0 1 253985 0 30 0 2 0 0 0 10 0 0 0 3 0 0 0 0 0 0 0 0 0 0 0 0 0 0 0 0 3 0 0 45 0 39 0 0 0 0 0 1 0 0 0 4 0 0
144 ACA 3 0 0 0 200251 4 4 5 0 0 0 0 11 0 0 0 0 0 0 0 4 0 0 0 0 0 0 0 0 0 0 0 0 0 0 0 24 0 0 0 0 6 0 54 0 0 0 0 0 0 0 0 1 1 0 1 0 0 0 0 0 0 0 0
145 TTC 0 0 0 0 0 1 0 0 0 4 0 3 0 2 0 0 0 0 1 0 0 0 0 0 0 0 0 0 0 9 7 0 23 37 11 23 0 11 1 3 3 0 1 0 0 3 0 1 0 2 0 0 0 9 0 5 0 2 4 0 7 140556 2 7
146 AAC 6 208512 1 118 0 0 0 0 1 25 0 0 0 3 2 0 3 5 43 17 2 1 5 0 0 16 0 0 0 0 0 0 10 25 26 107 1 2 7 0 2 0 1 10 3 0 0 0 2 19 0 1 0 2 1 0 0 0 0 0 0 0 0 0
147 GGA 0 0 0 0 0 0 0 0 15 0 0 0 0 0 0 0 0 0 0 0 0 0 0 0 0 0 0 0 0 0 0 0 13 1 0 0 0 0 0 0 147995 4 13 2 2 0 0 0 0 0 0 0 0 3 0 0 8 0 0 0 0 0 0 0
148 GTA 0 0 0 3 24 34 18 55 0 5 0 22 180 5 3 0 0 0 0 0 0 0 0 0 0 0 0 0 0 0 0 4 3 0 0 0 37 0 0 0 3 0 0 0 192737 3 42 6 0 0 0 0 0 6 0 0 0 0 0 0 5 0 0 0
149 ACA 4 0 0 0 194116 6 28 6 1 5 0 0 12 0 0 0 0 0 0 0 3 0 0 0 0 0 0 0 0 0 0 0 0 0 0 0 17 0 0 0 0 0 0 0 0 0 0 0 0 0 0 0 20 0 12 5 0 0 0 0 0 0 0 0
150 GTA 0 0 0 0 3 0 3 0 0 3 0 40 37 0 1 0 11 0 13 0 0 0 0 0 0 0 0 0 0 35 3 0 3 0 0 0 144 7 0 0 0 0 0 0 200866 5 15 1 0 0 0 0 52 6 0 4 0 0 0 0 2 17 3 4
151 TCA 0 0 0 0 0 0 0 0 0 0 0 0 0 0 0 0 0 0 0 0 16 0 0 0 0 0 0 0 0 0 0 0 0 0 0 0 11 0 0 0 0 0 0 0 0 0 0 0 7 0 0 0 199168 7 29 1 0 0 0 0 15 0 0 0
152 TGC 0 0 0 0 0 0 0 0 0 1 0 0 0 0 0 0 0 0 0 0 0 0 0 0 0 6 0 0 0 0 0 0 0 0 0 0 0 0 0 0 0 0 0 0 0 0 0 0 0 46 0 0 0 0 0 0 2 198035 0 43 0 2 0 0
153 TCC 60 0 0 5 45 22 14 5 7 14 0 0 39 49 13 0 19 21 0 46 13 515 41 17 1 2 0 0 0 361 0 0 51 0 2 0 0 1 0 0 8 92 18 0 8 0 0 73 0 8 0 0 10 245541 3 11 0 2 0 0 0 60 2 7
154 CAT 0 13 0 73 81 4 3 0 20 0 0 0 231 0 7 0 1 26 22 244955 364 0 0 3 0 0 0 10 2 8 6 49 19 53 0 128 5 33 2 52 0 0 0 0 3 7 0 0 0 0 0 24 1 0 24 17 0 0 0 0 0 0 0 1
155 AGG 0 0 80 0 0 0 0 0 39 4 254488 11 1 0 72 1 24 0 1 0 0 0 0 0 41 0 17 0 0 0 0 0 4 19 0 3 0 0 0 34 8 0 328 2 0 0 0 3 0 17 369 8 2 4 21 14 0 0 13 0 0 0 1 0
156 GGA 0 2 0 0 0 0 0 0 16 0 0 1 0 0 0 0 0 21 0 0 0 0 0 0 0 0 0 0 0 0 0 0 208 0 0 0 0 4 0 0 255792 1 215 1 5 0 0 0 0 0 0 2 7 112 1 3 3 0 0 0 0 0 0 4
157 AAA 256391 7 40 1 18 8 0 0 9 0 0 0 18 0 3 93 19 5 0 0 0 0 0 0 0 0 1 0 0 2 0 6 37 0 0 1 0 5 0 2 0 20 0 8 5 1 2 0 2 2 0 1 37 0 0 0 0 0 0 0 15 3 0 0
158 AGC 0 57 0 0 0 0 0 0 4 254843 2 87 0 1 10 0 1 1 0 0 14 1 2 10 0 2 0 0 71 13 0 0 0 0 0 0 103 3 0 11 0 118 0 0 0 0 0 0 0 0 0 3 0 19 5 0 0 1 0 0 0 0 0 0
159 AGT 0 0 0 21 0 0 0 0 1 17 24 251548 0 0 0 2 8 0 0 2 0 0 0 0 0 0 0 2 0 0 0 0 0 0 17 0 2 10 0 0 4 59 1 21 0 0 0 0 0 0 0 0 0 0 1 0 0 0 0 4 0 0 0 0
160 TTT 0 0 0 0 0 0 0 0 0 0 0 0 0 0 0 3 0 0 0 0 0 1 0 0 0 0 0 0 0 3 0 22 0 0 0 0 0 0 0 0 0 0 0 0 0 0 0 2 0 0 0 2 0 1 0 7 0 0 0 0 3 22 2 254498
161 TAC 0 2 0 0 0 0 0 0 0 0 0 0 0 0 0 0 0 19 0 0 0 0 0 0 0 0 0 0 0 0 0 0 0 0 0 0 0 0 0 0 0 0 0 0 0 0 0 0 2 257578 0 56 0 0 0 0 0 15 0 0 0 4 0 0
162 AGA 16 1 0 0 0 0 0 0 257764 0 29 0 2 0 0 0 0 0 0 0 0 0 0 0 5 15 0 0 0 0 0 0 0 0 0 0 0 0 0 0 49 0 0 0 0 0 0 0 0 0 0 0 0 0 0 0 4 0 0 0 0 0 0 0
163 AAT 5 37 3 256828 0 0 0 3 0 0 0 20 0 0 0 2 0 0 0 35 0 0 0 0 0 0 0 0 0 0 0 0 0 0 0 13 0 0 0 0 0 0 0 0 0 0 0 0 0 0 0 0 0 0 0 0 0 0 0 0 0 0 0 0
164 TTG 0 0 0 0 0 0 0 0 0 0 0 0 0 10 5 27 0 0 0 0 0 0 0 0 0 0 0 0 2 0 7 1 0 0 0 0 0 0 0 0 0 0 0 0 0 1 6 0 0 0 1 0 0 0 6 0 0 0 0 0 36 0 257343 10
165 CTA 0 0 0 0 0 0 0 0 0 0 0 0 0 0 0 0 2 0 0 3 26 0 0 0 0 0 0 0 258348 6 32 14 0 0 0 0 0 0 0 0 0 0 0 0 4 0 9 0 0 0 0 0 0 0 0 0 0 0 0 0 55 0 0 0
166 TGG 0 0 0 0 0 0 0 0 0 0 4 0 0 0 0 0 0 0 0 0 0 0 0 0 0 0 5 0 0 0 0 0 0 0 0 0 0 0 0 0 0 0 4 0 0 0 0 0 0 0 198 0 0 0 1 0 44 0 257893 2 0 0 13 0
167 CTG 0 0 0 0 0 0 0 0 0 0 0 0 5 0 5 0 0 0 3 0 0 0 11 1 0 0 0 0 45 3 254012 54 0 0 0 0 0 0 0 0 0 0 0 0 0 3 15 0 0 0 0 0 0 0 0 0 0 0 0 0 9 0 49 0
168 ACG 0 0 8 0 41 3 257221 12 0 0 1 0 0 0 53 0 0 0 0 0 0 0 0 0 0 0 0 0 0 0 0 0 0 0 0 0 0 0 35 0 0 0 0 0 0 0 0 0 0 0 0 0 0 0 3 7 0 0 0 0 0 0 0 0
169 AAG 43 0 257580 3 3 1 1 15 0 0 28 0 0 0 10 0 5 1 20 0 0 0 0 0 0 0 0 0 0 0 0 0 0 0 15 0 10 3 102 0 0 3 8 0 0 3 0 0 0 0 0 0 0 0 9 31 0 0 0 0 0 0 0 0
170 AAG 30 11 255055 14 0 9 2 0 2 4 34 0 0 0 39 0 0 0 10 9 0 0 0 0 0 0 0 5 0 8 8 0 0 1 25 0 0 32 21 5 0 0 0 0 0 0 0 0 0 20 0 0 1 8 1 1 0 0 0 0 0 0 19 0
171 GGG 8 42 0 2 0 13 1 1 0 1 14 0 0 0 0 3 10 3 1 0 0 0 0 0 0 0 24 0 1 3 1 0 0 4 105 9 0 25 3 9 65 1 255450 5 0 1 6 2 0 0 0 0 0 0 0 0 0 0 7 0 0 25 0 3
172 GAT 0 0 0 45 0 1 0 0 0 0 0 0 0 0 4 0 0 0 0 0 10 0 0 0 0 0 0 0 0 0 2 0 4 17 51 257948 0 4 0 1 0 0 2 58 0 0 0 0 0 0 0 3 0 0 0 3 0 0 0 0 0 0 3 0
173 TCA 0 27 0 19 5 81 36 30 0 15 0 6 4 6 0 0 1 29 4 0 22 0 0 0 1 2 0 0 22 14 45 0 151 54 5 138 1 0 4 0 0 8 0 0 10 14 31 21 2 34 0 6 257186 68 48 20 1 0 0 0 40 0 0 10
174 TAC 0 0 0 0 0 0 0 0 0 0 0 0 0 0 0 0 0 17 0 0 0 0 0 0 0 0 0 0 0 0 0 0 0 0 0 0 0 0 0 0 0 0 0 0 0 0 0 0 2 257909 1 60 0 0 0 0 0 34 0 0 0 10 0 0
175 CCA 218 1 23 96 78 32 0 6 52 5 0 69 3 0 0 0 48 22 201 32 256604 11 47 10 2 104 0 0 5 21 0 35 2 2 0 4 15 2 4 1 5 64 59 2 49 3 24 14 0 29 0 4 38 0 0 3 0 0 0 4 2 0 0 0
176 AAG 56 0 258131 4 9 12 50 2 0 0 77 0 5 0 2 2 1 10 9 10 39 0 6 3 0 0 3 8 0 27 1 10 0 0 8 0 3 0 1 3 0 0 0 0 1 9 6 1 0 2 1 4 0 0 0 6 0 0 1 0 2 5 0 2
177 CTG 0 1 0 0 11 3 3 7 0 2 0 0 0 5 5 51 0 6 0 0 0 0 10 0 0 0 2 0 44 30 258055 30 0 0 0 0 0 4 6 0 0 0 0 0 0 3 19 79 0 0 0 0 1 0 0 1 0 0 0 0 0 2 17 14
178 ACC 0 7 1 0 5 257940 6 28 0 0 0 0 0 16 0 7 0 1 0 0 0 2 0 0 0 0 0 0 4 30 5 4 0 0 18 0 8 45 0 23 12 0 1 0 0 8 0 1 0 1 0 1 1 13 0 1 0 0 0 0 63 0 0 0
179 AAT 7 22 6 258483 17 0 0 15 0 0 0 21 0 0 0 2 20 0 0 9 0 0 0 0 0 0 0 0 0 0 3 0 0 0 0 8 0 18 0 2 0 0 0 0 0 0 2 0 0 0 0 2 0 0 0 2 0 0 0 2 0 0 0 0
180 TCC 0 7 1 0 6 5 10 0 13 10 2 0 0 0 0 0 9 0 1 0 0 16 0 0 8 21 0 0 0 0 0 0 30 0 29 0 0 12 5 0 0 0 0 0 2 0 22 1 0 10 0 6 22 257881 3 9 0 0 14 0 1 34 0 0
181 TAT 0 0 0 1 0 0 0 0 0 0 0 0 0 0 0 0 0 0 0 61 0 0 0 0 0 0 0 0 0 0 0 0 0 0 0 1 0 0 0 0 0 0 0 0 0 0 0 0 7 18 3 258482 0 0 0 0 0 0 1 7 0 0 0 4
182 GTG 7 0 0 0 1 52 30 1 0 0 1 0 0 0 30 0 46 2 0 7 0 0 0 0 6 0 3 0 0 76 0 3 0 0 3 0 0 0 10 0 0 0 1 0 20 4 257445 9 0 3 0 131 3 0 5 0 0 3 26 21 12 4 3 50
183 AAC 2 258584 1 13 0 7 0 0 0 11 0 0 0 0 0 0 0 0 0 0 0 0 0 0 0 0 0 0 0 0 0 0 0 16 0 0 0 0 0 0 0 0 0 0 0 0 0 0 0 1 0 0 0 0 0 0 0 0 0 0 0 0 0 0
184 AAT 6 46 3 258280 6 0 0 1 0 3 0 27 7 0 1 1 0 0 3 9 0 0 0 0 0 0 1 0 5 0 0 0 13 0 0 16 0 0 0 11 0 0 0 0 0 0 9 1 0 0 0 0 0 1 0 21 0 0 0 0 1 0 12 0
185 AAA 257576 12 82 8 1 0 0 0 29 0 0 0 7 0 20 5 0 0 0 0 0 0 0 0 0 9 0 2 1 7 0 0 45 0 0 0 0 0 0 0 0 0 0 4 6 2 0 0 0 0 0 6 0 0 0 0 0 0 1 0 10 0 1 0
186 GGG 0 0 0 0 0 1 0 0 0 0 51 0 0 0 0 0 4 0 0 0 0 0 0 0 0 0 0 0 0 0 1 0 0 2 26 0 0 6 5 0 50 0 257659 2 0 0 4 0 0 0 0 0 0 0 32 11 0 0 17 0 4 0 0 0
187 AAA 257769 4 56 2 1 0 2 0 9 0 5 0 0 0 0 0 3 0 0 0 0 0 0 0 0 0 0 0 0 0 0 9 24 0 0 0 0 0 0 0 0 0 0 0 0 1 0 4 5 0 0 0 3 0 0 0 0 0 0 0 0 0 0 0
188 GAA 17 0 0 0 0 0 0 0 0 0 0 2 0 0 0 0 1 0 7 0 7 2 0 4 0 0 0 1 2 2 0 0 257859 6 37 5 3 0 0 0 19 0 0 0 60 0 0 0 7 0 0 3 2 0 0 0 0 0 0 0 14 0 0 0
189 GTC 0 0 0 0 0 0 0 0 0 0 0 0 0 53 0 6 0 0 0 0 0 0 0 0 0 0 0 0 0 1 1 0 0 0 0 0 0 25 0 0 0 0 0 0 7 257479 3 9 0 0 0 0 0 0 0 0 0 0 0 0 0 1 0 0
190 CTT 0 0 0 0 0 0 0 0 0 0 0 0 0 0 0 7 0 0 0 12 0 0 0 44 0 0 0 6 9 8 8 258076 0 0 0 0 0 0 0 0 0 0 0 0 0 0 0 0 0 0 0 0 0 0 0 0 0 0 0 0 0 0 1 7
191 GTA 0 0 0 0 0 0 0 0 0 0 0 0 17 8 0 133 0 0 0 0 0 0 0 0 0 0 0 0 4 0 6 0 1 0 0 0 17 0 0 0 0 0 0 0 202112 13 43 0 0 0 0 0 0 0 0 0 0 0 0 0 29 0 1 0
192 CTA 0 0 0 0 0 0 0 0 0 0 0 0 16 0 0 0 2 0 0 0 8 0 0 0 1 0 0 0 202232 3 20 2 0 0 0 0 0 0 0 0 0 0 0 0 4 0 6 0 0 0 0 0 0 0 0 0 0 0 0 0 24 0 2 0
193 TGG 0 0 0 0 0 0 0 0 0 0 4 0 0 0 0 0 0 0 0 0 0 0 0 0 0 0 5 0 0 0 0 0 0 0 0 0 0 0 0 0 0 0 2 0 0 0 0 0 0 0 16 0 0 0 0 0 5 0 201977 5 0 0 5 56
194 GGT 0 0 0 0 0 0 0 0 0 0 0 5 0 0 0 0 0 0 0 0 0 0 0 0 0 0 0 0 0 0 0 0 0 0 0 14 0 0 0 2 1 17 9 199474 0 0 0 3 0 0 0 0 0 0 0 0 0 0 0 4 0 0 0 0
195 GTT 0 0 0 0 0 0 0 0 0 0 0 0 6 0 0 59 0 0 0 0 0 0 0 0 0 0 0 0 0 0 0 2 0 0 0 2 0 0 0 42 0 0 0 2 2 46 13 200980 0 0 0 0 0 0 0 0 0 0 0 0 0 0 1 3
196 CAT 0 0 0 2 0 0 0 0 0 0 0 0 0 0 0 0 5 45 0 201638 0 0 0 0 0 0 0 12 0 0 0 1 0 0 0 0 0 0 0 0 0 0 0 0 0 0 0 0 0 0 0 14 0 0 0 0 0 0 0 0 0 0 0 0
197 CAC 0 17 0 0 0 0 0 0 0 0 0 0 0 0 1 1 9 202072 2 23 0 0 0 0 0 13 0 0 0 0 0 0 0 0 0 0 0 0 2 0 0 0 0 0 0 0 0 0 0 18 0 0 0 0 0 1 0 0 1 0 0 0 0 3
198 CCG 0 0 0 0 0 0 0 0 0 0 0 0 0 0 0 0 0 0 8 0 74 1 201332 7 0 0 0 0 0 0 10 0 0 0 0 0 0 0 0 0 0 0 0 0 0 0 0 0 0 0 0 0 0 0 18 0 0 0 0 0 0 0 0 0
199 TCT 0 0 0 0 0 0 0 1 0 0 0 0 0 0 0 0 0 0 0 0 0 5 0 21 0 0 0 0 0 0 0 0 0 0 0 0 0 0 0 3 0 0 1 0 0 3 0 0 0 0 0 28 3 35 3 202087 0 0 0 0 0 0 0 4
200 AGC 0 29 0 0 0 2 0 0 3 201266 0 43 0 3 0 0 0 0 0 0 0 0 0 0 0 2 0 0 0 0 0 0 0 0 0 0 0 0 0 0 0 22 0 0 0 0 0 0 0 0 0 0 0 0 0 0 0 2 0 0 0 0 0 0
201 AGT 0 0 0 23 2 0 1 2 0 10 0 201874 3 1 0 13 0 18 0 0 2 0 0 0 0 0 0 2 0 0 0 2 0 0 0 0 5 0 0 0 0 0 0 26 0 0 0 0 0 6 0 0 14 0 0 0 0 0 0 2 6 4 0 8
202 GAT 0 9 0 27 0 0 0 0 0 0 0 2 0 0 0 0 0 0 0 0 0 0 0 0 0 0 0 0 0 0 0 0 19 19 3 201871 0 0 0 0 0 0 0 22 0 0 4 1 0 0 0 5 0 0 0 0 0 0 0 0 0 1 0 0
203 GAG 0 0 20 0 0 0 0 0 0 0 0 0 0 0 0 0 0 0 0 0 0 0 0 0 0 0 0 0 0 0 0 0 45 4 202416 4 0 0 3 0 0 0 29 0 0 0 1 0 0 0 7 0 0 0 0 0 0 0 0 0 0 0 0 0
204 CAA 3 0 0 0 0 0 0 0 0 0 0 0 0 0 0 0 202275 1 21 2 0 0 0 0 5 0 0 0 1 0 0 0 3 0 0 0 0 0 0 0 0 0 0 0 0 0 0 0 20 0 0 0 2 0 0 0 0 0 0 0 0 0 0 0
205 CAG 0 0 2 94 0 0 0 1 0 0 2 6 0 0 15 0 27 0 202145 4 0 0 0 0 0 0 45 1 0 0 5 0 0 49 3 0 0 0 0 0 0 0 0 1 0 0 0 0 0 0 13 0 0 6 0 0 0 0 0 0 0 0 0 0
206 AGT 0 1 0 19 0 0 3 0 0 12 0 201814 3 0 0 1 0 0 0 3 0 0 0 0 0 0 0 1 0 0 3 0 0 39 0 0 0 0 0 0 0 12 22 32 0 0 3 0 0 7 0 0 0 0 0 33 0 0 0 1 2 1 0 1
207 CTC 0 0 0 0 0 0 0 0 0 0 0 0 0 3 0 0 0 2 0 0 0 8 0 0 0 0 0 0 9 201762 2 6 0 0 0 0 0 0 0 0 0 0 0 0 0 2 0 0 0 0 0 0 0 0 0 0 0 0 0 0 1 11 0 0
208 TAT 0 0 0 0 0 0 0 0 0 0 0 0 0 0 0 0 0 0 0 26 0 0 0 0 0 0 0 0 0 0 0 0 0 0 0 0 0 0 0 0 0 0 0 0 0 0 0 0 1 27 2 199811 0 0 0 0 0 0 0 4 0 0 0 0
209 AGT 0 3 0 147 4 3 0 0 0 38 2 201442 0 0 3 5 0 18 0 0 0 5 0 3 0 0 0 1 8 4 2 0 0 0 98 4 11 0 16 0 0 0 3 102 0 0 0 0 0 0 0 0 6 0 0 0 0 0 0 1 10 0 0 0
210 AAT 8 11 2 202341 1 13 0 3 0 1 0 10 4 1 1 1 6 0 0 7 10 1 0 1 0 1 3 0 0 20 0 0 0 6 0 19 3 0 0 0 8 23 63 34 0 12 0 0 0 0 0 0 0 17 0 0 0 0 0 0 5 0 0 0
211 GGA 5 10 0 3 5 2 0 0 15 26 0 1 2 0 2 0 3 0 0 3 0 42 0 0 0 0 0 0 0 0 2 1 90 1 0 3 8 0 0 2 201423 1 32 0 1 0 0 0 0 0 0 3 41 5 0 4 4 0 2 0 3 4 0 10
212 AAT 11 6 5 201941 0 0 0 2 0 0 0 11 0 0 0 4 0 2 0 2 0 33 0 0 1 0 0 0 10 0 1 11 0 0 7 11 0 0 0 6 0 0 12 0 0 0 2 1 0 1 0 0 0 0 0 0 0 0 0 0 0 0 1 10
213 GCT 0 0 0 0 21 0 16 102 0 5 0 1 0 0 0 1 0 0 0 0 36 96 5 55 0 0 0 0 0 0 0 0 0 0 0 1 0 22 5 201957 11 1 0 1 0 0 2 18 0 0 0 0 0 4 1 2 0 0 0 0 0 0 0 0
214 TAT 0 0 0 2 1 0 0 0 0 0 0 0 0 0 0 0 0 0 0 43 0 0 0 0 0 0 0 0 0 0 0 0 0 0 0 2 0 0 1 0 0 0 0 0 0 0 0 0 2 7 4 202226 0 0 0 6 0 2 0 10 0 2 0 4
215 GTC 0 0 0 0 0 0 0 0 0 0 0 0 1 51 0 5 0 0 0 0 0 0 0 0 0 0 0 0 0 1 0 0 0 1 0 0 0 10 0 0 0 0 0 0 6 202027 2 41 0 0 0 0 0 0 0 0 0 0 0 0 0 3 0 0
216 TCT 0 0 0 1 1 0 0 2 0 2 4 0 0 0 8 0 0 0 0 0 0 0 0 22 0 0 1 0 0 0 0 0 0 0 0 0 0 4 0 2 0 0 0 0 0 36 0 5 0 16 0 16 6 64 7 202289 0 0 0 2 0 0 0 27
217 GTA 0 0 0 0 0 0 0 0 0 0 0 0 22 0 0 0 0 0 0 0 0 0 0 0 0 0 0 0 0 0 0 0 0 0 0 0 5 0 0 0 0 0 0 0 200776 14 25 3 0 0 0 0 0 0 0 0 0 0 0 0 6 0 0 0
218 GCG 0 0 0 0 0 0 33 0 0 4 0 15 0 0 0 1 0 9 3 16 0 0 0 0 0 0 0 0 0 2 0 0 0 0 11 0 40 7 200417 4 0 0 2 0 3 1 48 0 0 0 0 0 0 68 40 0 0 2 12 0 0 4 0 0
219 TCT 1 0 0 0 0 0 0 6 0 5 0 0 0 0 0 0 0 0 0 0 0 0 0 17 0 0 0 0 0 0 0 0 0 0 0 0 0 7 32 1 0 1 0 0 0 0 0 0 0 0 0 8 22 127 21 201585 0 0 0 2 0 0 0 8
220 TCA 0 0 16 0 3 16 1 11 48 11 1 2 0 0 45 3 0 8 1 2 75 17 17 1 8 0 0 0 1 0 2 5 15 9 0 0 7 3 0 0 2 3 4 7 0 3 9 1 2 0 0 3 201547 19 16 0 0 0 1 0 35 0 2 0
221 AAT 4 17 6 201352 0 0 0 13 0 0 0 29 3 18 5 1 4 0 0 43 0 0 0 0 0 1 0 0 2 23 3 5 0 0 0 11 0 12 0 6 46 0 0 9 0 0 3 0 0 0 0 0 0 0 15 2 0 0 0 0 0 0 9 0
222 TAT 0 0 0 1 0 0 0 0 0 0 0 8 1 0 0 0 0 0 0 20 0 0 0 0 0 0 0 0 2 0 0 3 0 0 0 0 0 0 0 0 0 0 0 0 2 0 0 1 2 50 0 201919 0 0 0 2 0 0 0 13 7 0 0 3
223 AAC 0 201197 1 22 0 0 0 0 0 22 0 0 20 7 0 6 1 8 7 5 0 0 0 0 1 0 0 0 2 3 0 0 32 36 0 0 20 5 4 0 0 18 3 5 1 0 0 0 0 193 0 1 0 0 0 0 0 0 3 0 99 99 0 36
224 AGG 0 1 36 0 1 0 0 0 14 8 201208 22 0 0 7 0 6 11 0 7 0 0 0 0 0 99 12 0 0 0 4 0 0 0 0 0 4 0 4 2 0 0 14 0 0 0 0 0 0 0 0 0 2 1 0 0 0 0 8 0 0 0 0 0
225 AGA 38 0 0 0 0 0 0 0 202016 0 33 0 4 0 0 0 0 0 1 0 0 0 0 0 4 0 0 45 0 3 0 0 0 0 0 0 0 0 0 0 27 0 0 0 0 0 0 0 0 0 0 0 0 0 0 0 4 0 0 0 0 0 0 0
226 TTC 0 0 0 0 1 3 2 1 0 0 0 0 0 30 0 14 0 0 0 2 0 0 0 0 0 0 0 0 0 27 0 0 16 0 0 0 0 1 0 0 0 0 0 0 27 14 1 39 0 8 0 0 0 12 0 0 0 2 1 0 5 200918 0 25
227 ACC 0 1 3 0 6 201478 9 13 0 1 1 5 0 102 0 0 3 0 0 0 0 0 0 0 0 6 0 15 2 0 0 0 0 2 3 0 0 59 4 0 0 0 0 0 1 0 1 0 0 11 0 0 2 4 0 0 0 0 0 1 1 0 2 0
228 CCG 0 0 0 0 0 0 16 0 0 0 0 0 0 0 0 2 0 0 7 0 94 1 196332 39 0 0 21 0 0 0 14 0 0 0 0 0 5 0 5 14 0 0 0 0 0 0 16 6 0 0 0 0 0 0 12 0 0 0 0 0 0 0 0 0
229 GAA 5 0 0 0 69 11 3 6 0 0 2 3 0 0 0 0 1 0 0 14 0 0 0 0 1 0 0 0 0 0 0 2 154470 16 14 1 0 0 0 0 29 9 4 4 5 1 2 7 4 2 0 20 5 10 22 73 0 1 0 0 1 95 0 61
230 ATA 3 0 1 1 22 1 0 0 0 0 0 0 200209 7 36 14 0 0 5 0 0 0 5 0 0 0 0 1 9 1 0 4 0 0 0 0 0 0 0 0 0 0 0 0 40 24 27 3 0 4 0 0 0 0 0 0 0 0 0 3 1 8 0 1
231 GCT 0 3 0 2 0 13 4 103 0 2 0 15 1 0 0 0 78 32 61 0 2 0 0 0 0 0 0 0 22 3 58 11 0 0 0 4 11 23 26 200871 0 0 0 1 88 0 0 68 0 4 0 13 62 4 55 53 0 0 103 10 4 4 46 8
232 GCA 29 41 3 5 101 20 0 0 1 12 6 3 7 24 15 37 20 7 3 36 13 1 4 0 2 0 0 43 2 89 99 36 18 0 1 1 198891 12 103 1 0 1 2 40 121 48 10 11 0 7 0 3 5 0 5 3 0 12 3 5 76 19 25 43
233 AGG 0 0 38 0 0 0 0 0 36 2 201148 2 0 0 20 0 0 0 0 0 0 0 0 0 1 0 13 0 0 0 0 0 0 0 0 0 0 0 0 0 0 0 39 0 0 0 1 0 0 0 0 0 0 0 0 0 0 0 4 0 0 0 0 0
234 CCC 10 1 0 0 0 11 7 0 0 0 0 0 1 0 1 0 0 5 0 0 10 198573 11 5 0 5 0 2 0 10 0 0 0 0 0 0 0 3 0 0 0 0 0 0 10 0 0 0 0 0 0 0 0 14 0 0 0 0 0 0 2 4 2 0
235 AAA 190500 1 61 0 8 3 0 5 48 17 0 0 8 11 0 0 9 0 0 0 0 0 0 0 29 61 5 0 1 0 21 37 23 0 1 0 0 1 0 13 0 0 0 0 9 2 7 3 1 0 0 1 0 23 15 0 0 0 0 0 0 1 12 1
236 GTA 0 9 12 1 0 17 0 3 3 0 17 1 208 79 3 6 16 0 1 3 0 0 0 0 6 0 0 0 0 4 5 5 0 3 2 2 20 1 0 0 0 0 0 0 194492 3 16 29 11 1 0 10 0 0 1 3 0 0 0 0 40 0 2 0
237 AGA 30 17 2 0 0 0 0 3 186493 1 22 8 8 2 4 0 0 4 38 56 0 0 0 0 3 2 4 0 3 0 38 23 0 0 12 1 0 2 0 4 18 0 0 0 0 0 0 0 0 2 0 7 0 5 2 0 2 0 0 0 10 3 21 0
238 GAT 0 0 0 8 0 0 0 0 2 0 0 0 0 13 0 1 0 0 0 0 0 0 0 0 0 0 0 0 0 0 3 0 141 21 3 176443 0 0 0 2 2 0 0 26 0 0 0 0 0 0 0 2 2 0 0 0 0 0 0 0 0 0 0 0
239 CAA 1 26 0 0 2 0 0 0 0 0 0 0 0 0 0 0 187790 2 39 2 0 0 0 0 27 0 0 0 2 0 0 0 0 0 0 0 0 1 0 0 0 0 0 0 0 0 0 0 11 0 0 0 2 0 0 0 0 0 0 0 0 0 0 0
240 CAT 1 0 0 14 0 108 0 1 0 0 0 0 0 0 4 1 1 2 1 86550 4 0 2 3 0 0 0 8 0 0 0 5 0 0 0 2 7 0 0 5 0 0 0 0 0 0 4 0 0 0 0 12 0 0 0 0 0 0 0 0 0 0 4 0
241 GGG 0 0 0 0 0 0 0 0 0 0 11 0 0 0 0 0 0 0 0 0 0 0 0 0 0 0 0 0 0 0 0 0 0 0 7 0 0 0 0 0 66 0 133380 29 0 0 2 0 0 0 0 0 0 0 0 0 0 0 3 0 0 0 0 0
242 AGG 0 0 30 0 0 0 0 0 13 0 111848 0 0 0 0 0 0 0 0 0 0 0 0 0 12 0 20 0 0 0 0 0 0 0 0 0 0 0 0 0 0 0 17 0 0 0 0 0 0 0 0 0 0 0 0 0 0 0 6 0 0 0 0 0
243 ATG 0 0 0 0 0 0 6 0 0 0 0 0 12 1 136036 10 0 0 0 0 0 0 0 0 0 0 0 0 0 0 0 0 0 0 0 0 0 0 0 0 0 0 0 0 0 0 12 0 0 0 0 0 0 0 0 0 0 0 0 0 0 0 0 1
244 AAC 3 140134 0 9 0 1 0 0 0 3 4 0 1 3 1 0 3 1 9 0 0 0 0 0 0 0 0 0 0 0 0 9 0 19 0 0 3 2 0 0 0 0 0 2 0 0 0 0 0 6 0 2 0 0 0 0 0 0 0 0 0 0 4 0
245 TAT 0 0 0 0 0 0 0 0 0 0 0 0 0 0 0 0 0 0 0 13 0 0 0 0 0 0 0 0 0 0 0 0 0 0 0 1 0 0 0 0 0 0 0 0 0 0 0 0 4 18 2 136148 0 0 0 0 0 0 0 4 0 0 0 1
246 TAC 0 1 0 0 0 0 0 1 0 0 0 0 0 0 0 0 0 115 0 0 0 0 0 0 0 0 0 0 1 0 0 0 0 1 0 0 0 0 0 0 0 0 0 0 0 0 0 0 1 159997 0 16 0 0 0 0 0 11 0 0 1 3 0 0
247 TGG 0 0 0 0 0 0 0 0 0 0 1 0 0 0 0 0 0 0 0 0 0 0 0 0 0 0 22 0 0 0 1 0 0 0 0 0 0 0 0 0 0 0 3 0 0 0 0 0 0 0 17 0 0 0 0 0 9 0 170551 0 1 0 2 0
248 ACC 0 2 0 0 8 186955 7 28 0 0 0 0 0 18 4 0 1 0 0 1 0 0 0 1 0 0 0 0 0 0 1 14 0 1 0 0 2 25 0 2 0 0 0 0 1 5 2 0 0 0 0 0 0 4 1 1 0 0 0 0 0 0 0 0
249 TTG 0 0 0 0 0 0 0 0 3 0 0 0 10 27 6 0 0 0 0 0 0 0 0 0 0 0 0 0 9 0 24 12 0 1 0 0 0 0 0 0 0 0 0 0 8 4 4 6 0 0 0 0 1 0 10 0 0 1 0 0 26 0 191657 1
250 CTA 0 0 0 0 0 0 0 0 1 0 0 0 13 18 1 9 1 0 0 0 15 0 0 0 2 0 0 0 199261 5 29 2 0 0 0 0 0 0 0 0 0 0 0 0 6 0 6 1 0 0 1 0 0 0 0 0 0 0 0 0 63 0 6 0
251 GAA 17 0 0 1 2 4 0 0 0 0 0 1 0 0 0 0 6 0 10 0 7 2 0 0 6 0 0 0 1 2 0 18 198355 5 24 0 0 0 0 0 25 0 0 0 5 0 2 1 3 0 2 3 1 4 0 2 0 0 0 0 3 0 0 5
252 CCC 0 0 4 0 0 2 0 0 0 0 0 0 0 0 0 0 0 6 0 4 11 187584 5 14 0 1 0 0 0 1 0 0 0 0 0 1 3 3 0 1 0 0 0 0 0 0 0 0 0 0 0 0 0 11 0 4 0 0 0 0 0 0 0 0
253 GGA 0 0 0 6 0 0 0 0 49 0 0 0 0 0 0 0 0 0 0 0 0 0 0 0 3 3 0 0 1 0 0 0 19 4 0 1 0 0 0 0 195730 14 40 16 2 0 0 0 0 0 0 0 1 0 1 3 1 0 27 0 0 0 0 1
254 GAC 0 21 0 0 0 0 0 0 0 0 0 0 0 0 0 0 41 10 0 8 0 0 0 0 0 0 0 0 0 0 0 0 23 193905 7 23 5 5 18 0 0 14 8 0 0 1 0 0 0 1 0 0 0 16 0 0 0 0 0 0 0 0 0 0
255 ACA 9 5 0 0 196814 72 12 20 3 0 0 0 26 0 0 1 4 0 0 0 0 0 0 0 0 0 0 0 2 0 0 0 0 0 0 0 10 5 0 0 0 0 0 1 0 0 0 1 0 1 0 20 3 25 0 0 0 0 0 0 1 0 0 0
256 ATA 3 0 0 0 8 0 0 0 1 0 0 0 201181 47 20 21 0 0 0 0 0 0 0 0 0 0 0 0 4 0 4 1 0 0 0 0 0 0 0 0 0 0 0 0 6 1 0 7 0 0 0 0 0 0 0 0 0 0 0 0 59 0 7 0
257 ATA 1 0 0 0 40 0 0 0 0 2 0 1 201342 6 120 21 4 0 24 0 0 0 0 0 0 0 0 0 3 21 18 0 0 1 0 7 3 5 1 13 0 0 1 0 55 38 0 0 0 6 0 8 0 0 6 7 0 1 13 0 18 18 0 0
258 TTT 0 0 0 0 0 0 0 0 0 0 0 0 0 0 0 22 0 0 0 0 0 0 0 2 0 0 0 0 5 0 0 8 0 0 0 0 0 0 0 0 0 0 0 0 0 0 0 2 0 0 0 0 0 0 0 2 0 0 0 0 9 25 1 200861
259 GAG 0 0 11 0 0 0 0 0 0 0 0 0 0 0 0 0 0 2 0 0 0 0 0 0 0 0 0 0 0 0 0 0 38 0 201343 8 0 0 2 0 0 0 50 0 0 0 7 0 0 0 4 0 0 0 0 0 0 0 0 0 0 0 0 0
260 GCA 0 0 0 0 29 0 0 0 0 0 0 0 0 0 0 0 0 0 0 0 0 0 0 0 0 0 0 0 0 0 0 0 2 0 0 0 201835 0 4 2 3 0 1 6 14 0 0 0 0 0 0 0 0 5 4 3 0 0 0 0 0 0 0 0
261 ACT 0 0 0 2 10 64 2 201911 0 24 0 0 0 0 0 11 0 0 0 0 0 0 0 1 0 0 0 0 0 0 0 0 0 0 0 0 0 0 0 15 0 0 0 0 0 0 0 0 0 0 0 0 0 1 0 0 0 0 0 0 0 0 1 0
262 GGT 0 0 0 0 0 0 0 0 0 0 0 15 0 0 0 0 0 0 0 0 0 0 0 0 0 0 0 0 0 0 0 0 0 0 0 15 0 0 0 3 2 68 2 201052 0 0 0 0 0 0 0 0 0 0 0 0 0 0 0 1 0 0 0 0
263 AAT 0 33 0 201736 0 0 0 4 0 0 0 9 0 0 0 0 0 0 0 3 0 0 0 0 0 0 0 0 0 0 0 0 0 0 0 5 0 0 0 0 0 0 0 0 0 0 0 0 0 0 0 0 0 0 0 0 0 0 0 0 0 0 0 0
264 CTA 0 0 0 0 0 0 0 0 0 0 0 0 3 0 0 0 3 0 0 0 39 0 0 0 0 0 0 0 201774 0 27 0 0 0 0 0 0 0 0 0 0 0 0 0 0 0 0 0 0 0 0 5 0 0 0 0 0 0 0 0 4 1 0 0
265 ATA 0 0 0 0 8 0 0 0 1 0 0 0 202071 15 38 2 0 0 0 0 0 0 0 0 0 0 0 0 5 0 1 0 0 0 2 0 0 0 3 0 0 0 0 0 20 0 1 1 0 0 0 0 0 0 0 0 0 0 0 0 34 0 0 0
266 GCA 0 0 0 0 24 0 0 0 0 0 0 0 0 0 0 0 0 0 0 0 0 0 0 0 0 0 0 0 0 0 0 0 5 0 0 0 200833 2 6 10 2 0 0 1 20 0 0 6 0 0 0 0 1 0 0 0 0 0 0 0 0 0 0 0
267 CCA 0 0 0 0 0 0 0 0 0 0 0 0 0 0 0 0 1 0 0 0 201644 25 20 5 0 0 0 0 7 0 0 0 0 0 0 0 1 0 0 0 0 0 0 0 0 0 0 0 0 0 0 0 8 0 0 0 0 0 0 0 0 0 0 0
268 TGG 0 0 0 0 11 5 0 1 0 0 0 0 0 0 0 0 0 0 0 0 0 0 0 0 0 0 13 0 0 0 0 0 0 0 3 0 1 0 0 0 0 0 1 0 0 0 0 0 0 1 15 0 0 0 0 0 12 0 201454 3 0 0 8 0
269 TAT 0 0 0 0 0 0 0 0 0 0 1 0 0 0 0 0 1 2 0 37 0 0 0 0 0 0 0 0 0 0 0 0 0 0 0 1 0 0 0 0 0 0 0 0 0 0 0 0 0 15 2 202045 0 0 0 1 0 0 0 14 0 2 0 3
270 GCT 0 0 0 0 0 0 0 42 0 0 0 0 0 0 0 0 0 0 0 0 0 0 0 1 0 0 0 0 0 0 0 0 0 0 0 3 18 17 13 199333 0 19 0 5 0 0 0 18 0 0 0 0 0 0 3 3 0 0 0 0 0 0 0 0
271 TTC 0 0 0 0 0 0 0 0 0 0 0 0 0 0 0 0 0 1 0 0 0 0 0 0 0 0 0 0 0 16 0 0 0 0 0 0 0 0 0 0 0 0 0 0 0 1 0 0 0 2 0 1 0 11 0 0 0 0 1 0 3 199381 0 88
272 GCA 0 0 1 0 63 0 6 0 0 0 0 3 1 0 0 7 7 0 2 0 0 0 0 0 0 0 0 0 2 0 1 0 3 0 10 0 201582 1 20 4 0 2 2 19 26 0 0 0 0 0 0 0 21 1 0 0 0 0 0 0 3 0 0 0
273 CTG 0 0 0 0 0 0 0 0 0 0 0 0 50 0 4 5 0 0 3 0 0 0 58 0 0 0 3 0 26 0 201640 10 0 0 0 0 0 0 0 0 0 0 0 0 21 0 19 35 0 0 0 0 0 0 0 0 0 0 0 0 8 0 30 0
274 AGT 2 39 6 47 10 6 9 9 4 23 1 201913 18 6 50 12 13 1 0 6 0 0 0 0 1 0 4 5 0 0 0 0 0 0 9 0 2 22 0 0 19 13 0 28 0 21 3 1 0 6 0 0 30 0 18 2 0 2 2 0 4 0 2 0
275 AGA 28 0 0 0 0 0 0 0 201923 0 74 1 2 0 0 0 0 1 0 0 2 0 0 0 69 0 1 0 0 0 0 0 0 0 0 0 0 0 0 0 17 0 0 0 2 0 0 0 0 0 0 0 0 0 0 0 1 0 0 0 0 0 0 0
276 GGG 0 0 0 37 0 12 0 11 0 0 40 1 0 0 0 0 3 2 3 22 0 0 0 0 0 0 0 0 0 0 0 0 11 0 12 10 0 8 1 2 48 9 201826 17 0 0 1 0 0 0 0 0 12 4 12 5 0 0 22 0 0 0 0 0
277 TTT 19 2 1 20 15 4 8 10 13 13 32 4 10 20 14 2 22 3 3 12 0 2 4 0 0 0 3 0 73 0 7 37 7 15 3 0 0 2 98 2 0 0 0 0 3 1 10 10 0 2 0 9 2 51 3 11 0 0 10 2 6 75 11 201488
278 GAG 1 9 51 0 3 2 0 11 0 0 0 3 1 0 1 59 4 1 2 3 25 3 0 3 3 2 1 1 46 1 2 1 61 6 199184 38 9 5 1 0 2 0 59 5 11 0 9 0 0 16 3 12 0 10 2 3 0 0 11 0 23 0 0 0
279 TCC 0 0 0 0 0 2 0 0 0 0 0 0 0 0 0 0 1 0 0 0 0 21 0 0 0 0 0 0 0 0 0 0 0 0 0 0 0 1 0 0 0 2 0 0 0 0 0 0 0 0 0 0 20 198404 5 47 0 6 0 0 0 6 0 0
280 GGC 0 0 0 0 0 0 0 0 0 71 0 0 0 0 0 0 0 0 0 0 0 0 0 0 0 2 1 0 0 0 0 0 0 39 0 0 0 0 2 1 8 201381 18 19 0 1 0 0 0 0 0 0 0 0 5 0 0 6 0 0 0 0 0 0
281 ATC 0 0 0 0 0 18 0 0 0 2 0 0 5 201950 2 21 0 0 0 0 0 0 0 0 0 0 0 1 0 1 0 0 0 0 0 0 0 0 0 0 0 0 0 0 5 14 0 0 0 0 0 0 0 0 0 0 0 0 0 0 0 9 0 0
282 ATC 0 1 0 0 0 23 0 0 0 1 0 0 2 201777 0 17 0 0 0 0 0 0 0 0 0 0 0 0 1 3 0 0 0 0 0 0 0 0 0 0 0 0 0 0 0 10 0 0 0 0 0 0 0 0 0 0 0 0 0 0 0 2 0 0
283 ACC 6 5 3 1 33 201573 1 22 2 0 3 3 2 16 7 0 4 0 21 0 0 2 0 0 0 0 1 3 12 0 2 20 0 0 0 0 0 19 1 0 0 0 0 0 13 0 1 11 0 0 0 16 0 4 1 1 0 2 3 3 9 1 37 3
284 TCA 0 0 0 0 13 6 4 4 0 0 0 14 0 0 0 0 0 0 0 0 46 0 0 0 0 0 0 0 0 0 0 0 0 0 0 0 3 0 0 0 0 0 0 0 0 0 0 0 1 0 0 0 199177 8 23 33 0 0 0 0 5 0 0 0
285 AAC 5 194742 0 95 0 36 34 2 0 24 0 44 1 1 1 2 0 4 0 0 0 4 0 0 0 0 0 0 0 0 0 0 25 13 1 0 0 0 0 0 2 3 13 3 0 0 0 0 0 1 0 0 1 5 0 7 0 0 0 0 3 2 1 1
286 GCG 13 0 2 1 2 13 37 4 3 0 0 0 19 0 1 5 0 0 0 3 0 0 0 0 0 6 2 0 0 49 0 0 0 0 3 0 99 61 198747 4 0 5 0 0 0 0 25 0 0 0 0 0 0 0 16 0 0 0 0 0 24 0 0 0
287 TCA 0 0 0 0 11 1 0 0 0 0 1 0 0 0 0 0 0 4 1 0 26 13 0 5 0 0 0 0 0 0 0 0 0 0 6 2 9 0 0 0 0 0 0 0 0 0 0 1 0 0 0 0 199544 3 14 2 1 0 0 0 15 0 0 0
288 ATG 0 0 3 0 4 24 20 11 0 1 2 0 67 5 200133 11 0 0 0 0 0 4 0 0 0 0 1 1 0 0 5 18 0 0 0 0 0 0 0 0 0 0 0 0 2 0 14 0 0 0 0 4 0 0 0 0 0 0 0 0 0 4 15 0
289 CAT 0 0 0 4 7 12 0 0 0 0 0 1 0 0 0 0 4 12 3 200001 0 0 0 0 0 0 0 10 0 0 1 2 0 0 0 9 2 0 0 0 1 4 55 0 0 0 0 2 0 0 0 68 1 3 1 0 0 1 0 0 0 2 0 0
290 GAG 0 30 5 0 1 0 0 0 0 2 0 0 0 0 0 0 0 0 14 0 3 7 0 0 0 0 0 0 2 0 0 0 46 5 200115 15 0 0 0 0 0 2 18 0 0 0 2 0 0 0 1 0 0 6 0 0 0 0 0 0 1 0 0 0
291 TGT 0 0 0 0 0 0 0 0 0 0 0 2 0 0 0 0 0 0 0 0 0 0 0 0 0 0 0 3 0 0 0 0 0 0 0 0 0 0 0 0 0 0 0 2 0 0 0 0 0 0 0 31 0 0 0 1 3 52 1 198348 0 0 0 4
292 AAC 5 200054 1 31 0 33 1 0 0 42 0 1 0 1 0 0 0 17 0 0 0 0 0 0 0 0 0 0 0 0 0 0 3 49 0 0 3 2 0 0 0 0 0 0 0 0 0 0 0 9 0 0 1 52 0 16 0 0 0 0 0 0 0 0
293 ACG 0 0 3 0 51 6 199832 20 0 0 3 1 0 0 8 0 0 0 0 0 0 0 1 0 0 0 0 0 0 0 0 0 0 0 0 0 0 0 32 0 0 0 0 0 0 0 0 0 0 0 0 0 0 2 0 1 0 0 0 0 0 0 0 0
294 AAG 61 8 198884 7 2 15 12 1 0 0 36 0 0 0 4 9 0 0 0 8 0 0 0 0 3 1 2 8 0 44 12 8 0 0 51 12 0 0 7 0 0 0 0 9 0 2 1 0 0 0 0 0 3 51 12 0 0 0 2 0 2 8 11 1
295 TGT 0 0 0 0 0 0 0 0 0 0 0 2 0 0 0 0 0 0 0 0 0 0 0 0 0 0 0 5 0 0 0 0 0 0 0 0 0 0 0 0 0 0 0 0 0 0 0 0 0 0 0 16 0 0 0 0 1 64 0 200134 0 0 0 9
296 CAA 6 0 0 0 0 0 0 0 0 0 0 0 0 0 0 0 200207 4 17 1 1 0 0 0 59 0 0 0 3 0 0 0 0 0 0 0 0 0 0 0 0 0 0 0 0 0 0 0 10 0 0 0 0 0 0 0 0 0 0 0 0 0 0 0
297 ACA 0 0 0 0 199275 5 16 0 0 0 0 0 11 0 0 0 0 0 0 0 6 0 0 0 0 0 0 0 0 0 0 0 0 0 0 0 26 0 0 0 0 0 0 0 0 0 0 0 0 0 0 0 10 0 0 1 0 0 0 0 0 0 0 0
298 CCC 0 0 0 0 0 2 0 0 0 0 0 0 0 0 0 0 0 3 0 0 1 199829 4 22 0 0 0 0 0 5 0 0 0 0 0 0 0 3 0 0 0 0 0 0 0 0 0 0 0 0 0 0 0 14 0 0 0 0 0 0 0 0 0 0
299 CAG 0 0 12 6 0 0 0 3 0 8 0 21 8 5 3 0 30 2 198836 61 0 6 28 2 0 6 107 0 3 0 10 3 5 29 6 98 0 2 0 1 0 0 0 0 1 0 4 7 0 0 9 17 0 0 0 3 0 0 0 4 1 0 0 9
300 GGA 0 0 0 0 0 0 0 0 5 0 0 0 0 0 0 0 0 0 0 0 0 0 0 0 0 0 0 0 0 0 0 0 4 0 0 0 0 0 0 0 200394 6 38 4 2 0 0 0 0 0 0 0 0 0 0 0 4 0 0 0 0 0 0 0
301 GCT 0 0 0 0 0 0 0 32 0 1 0 0 0 0 0 0 0 0 0 0 0 0 0 2 0 0 0 0 0 0 0 0 0 0 0 3 9 53 7 200227 0 0 0 0 0 0 0 27 0 0 0 0 0 1 0 5 0 0 0 0 0 0 0 0
302 ATA 5 0 0 0 22 0 0 0 0 0 0 0 200546 0 15 1 0 0 0 0 0 0 0 0 0 0 0 0 1 0 0 0 0 0 0 0 0 0 0 0 0 0 0 0 11 0 0 0 0 0 0 0 0 0 0 0 0 0 0 0 3 0 0 0
303 AAC 7 199839 3 16 2 7 3 0 0 7 0 0 0 2 31 2 10 2 0 0 0 0 0 0 0 0 0 0 0 0 18 0 49 13 0 31 7 1 0 0 0 0 0 0 7 0 0 1 0 0 0 0 0 0 1 6 0 0 2 0 2 0 20 3
304 AGC 0 70 0 0 0 0 0 0 2 199943 0 65 0 3 0 0 0 0 0 0 0 0 0 0 0 3 0 0 0 0 0 0 0 0 0 0 0 0 0 0 3 13 2 0 0 0 0 0 0 0 0 0 1 0 0 0 0 2 0 0 0 0 0 0
305 AAT 1 63 4 198307 0 0 0 4 0 0 0 31 0 0 2 3 0 0 0 1 0 0 0 0 0 7 0 8 0 0 0 0 0 0 0 4 3 0 2 0 4 0 0 2 0 0 0 0 0 0 0 1 0 0 0 0 0 0 0 0 0 0 0 0
306 CTC 42 0 1 0 0 1 0 0 2 0 3 0 0 4 0 0 0 15 0 0 0 36 0 0 0 1 8 1 65 199597 1 11 0 0 0 0 5 6 0 0 0 0 0 0 0 3 2 0 0 0 0 0 0 0 8 0 0 0 0 0 0 22 0 9
307 CCT 0 0 0 0 0 0 0 5 0 0 0 0 0 0 0 0 0 0 0 9 6 57 25 200404 0 0 0 0 0 0 1 3 0 0 0 0 0 0 0 0 0 0 0 0 0 0 0 0 0 0 0 0 0 0 0 5 0 0 0 0 0 0 0 0
308 TTC 0 0 0 0 0 0 0 0 0 0 0 0 0 0 0 0 0 0 0 0 0 0 0 0 0 0 0 0 1 9 0 0 0 0 0 0 0 0 0 0 0 0 0 0 0 0 0 0 0 3 0 2 0 28 0 0 0 0 0 0 0 199936 1 16
309 CAG 0 0 2 0 0 0 0 0 0 0 0 0 0 0 0 0 48 0 199903 3 0 0 9 0 0 0 54 0 0 0 5 0 0 0 0 0 0 0 0 0 0 0 0 0 0 0 0 0 0 0 12 0 0 0 0 0 0 0 0 0 0 0 0 0
310 AAT 1 43 5 200417 0 0 0 3 0 0 0 13 0 0 0 0 0 0 0 0 0 0 0 0 0 0 0 0 0 0 0 0 0 0 0 19 0 0 0 0 0 0 0 0 0 0 0 0 0 0 0 0 0 0 0 0 0 0 0 0 0 0 0 0
311 ATA 2 0 0 0 13 0 0 0 0 0 0 0 200318 4 44 7 0 0 0 0 0 0 0 0 0 0 0 0 0 0 0 0 0 0 0 0 0 0 0 0 0 0 0 0 34 0 0 0 0 0 0 0 0 0 0 0 0 0 0 0 0 0 0 0
312 CAC 0 4 0 0 24 0 0 0 0 9 0 0 0 0 0 0 0 200031 2 23 0 5 0 0 0 12 0 0 0 0 0 0 0 18 0 0 7 0 0 15 3 0 0 2 0 0 0 0 0 36 0 0 5 4 12 6 0 0 0 0 0 0 0 0
313 CCA 0 0 0 0 3 0 0 0 0 0 0 0 0 0 0 0 2 0 1 1 200232 16 30 8 1 1 0 2 12 0 0 0 0 0 0 0 3 0 0 0 0 0 0 0 0 0 0 0 0 0 0 0 14 0 0 0 0 0 0 0 0 0 0 0
314 GTC 0 4 0 0 0 0 0 0 7 0 0 3 25 15 6 3 11 0 0 5 0 0 0 0 0 0 0 2 2 0 0 0 0 4 0 0 1 20 0 0 0 1 0 0 14 198718 2 20 0 7 0 25 2 4 4 0 0 0 0 0 0 7 0 0
315 ACA 4 0 0 0 199969 19 38 10 0 0 0 4 5 0 0 0 0 0 0 0 3 0 0 0 0 0 0 0 0 0 0 0 0 0 0 0 10 0 13 3 5 0 1 0 2 0 5 0 0 0 0 0 8 0 0 0 0 0 0 2 0 0 0 2
316 ATA 3 0 0 0 8 0 0 0 0 0 0 0 199812 12 33 10 0 0 0 0 0 0 0 0 0 0 0 0 1 0 0 0 0 0 0 0 0 0 0 0 0 0 0 0 13 0 1 0 0 0 0 0 0 0 0 0 0 0 0 0 5 0 0 0
317 GGA 0 0 0 0 0 0 0 0 9 0 0 0 0 0 0 0 0 0 0 0 0 0 0 0 2 0 0 0 0 0 0 0 11 0 0 0 1 0 0 0 199830 2 52 34 1 0 0 0 0 0 0 0 0 0 0 0 8 0 0 0 0 0 0 0
318 GAG 2 0 10 0 3 7 2 2 1 2 1 0 0 0 5 0 8 6 0 0 0 0 0 0 0 0 0 3 0 0 0 5 54 0 199611 3 24 0 0 4 0 0 18 0 0 0 2 0 0 0 3 0 19 11 0 5 0 0 0 0 0 0 7 0
319 TGC 0 0 0 0 0 0 0 0 0 4 0 0 0 0 0 0 0 0 0 0 0 0 0 0 0 6 0 0 0 0 0 0 0 0 0 0 0 0 0 0 0 1 0 0 0 0 0 0 0 82 0 0 0 0 0 0 0 199468 2 79 0 1 0 1
320 CCA 0 0 0 0 9 0 0 0 0 0 0 0 0 0 0 0 3 0 0 0 199740 27 10 43 0 0 0 0 13 0 0 0 0 0 0 0 0 0 0 0 0 0 0 0 0 0 0 0 0 0 0 0 18 0 0 0 0 0 0 0 0 0 0 0
321 AAA 199086 0 14 4 3 58 0 1 45 0 1 0 7 0 2 2 1 0 0 6 0 0 0 0 56 0 4 1 0 2 0 1 5 0 0 0 0 0 0 0 0 0 0 0 1 0 3 0 0 0 0 0 12 4 0 0 2 0 0 0 1 0 0 0
322 TAT 0 0 0 2 0 0 0 0 0 0 0 0 0 0 0 0 0 0 0 7 0 0 0 0 0 0 0 0 0 0 0 0 0 0 0 0 0 0 0 0 0 0 0 0 0 0 0 0 12 21 0 200441 0 0 0 0 0 0 0 25 0 5 0 24
323 GTC 0 0 0 0 0 1 0 0 0 0 0 0 8 148 0 0 0 0 0 0 0 0 0 0 0 0 0 0 0 0 2 2 0 3 0 0 0 28 0 0 0 0 0 0 6 198601 2 54 0 0 0 0 0 0 0 0 0 0 0 0 4 2 0 0
324 AGG 4 0 19 0 1 0 0 0 62 1 198360 10 0 0 8 0 0 0 0 2 0 0 0 0 4 37 50 2 0 5 0 0 0 0 0 0 0 0 0 0 0 0 50 0 0 0 0 0 0 0 1 0 0 0 0 0 0 0 0 0 0 0 0 0
325 AGT 0 0 0 33 0 0 1 2 3 21 0 198852 0 0 0 1 0 0 0 0 0 0 0 0 0 0 0 0 0 0 0 0 0 0 0 0 0 0 0 0 0 0 0 12 0 0 0 0 0 0 1 0 17 0 17 0 0 0 0 2 0 0 0 0
326 ACC 7 5 0 0 3 173790 7 12 0 12 0 2 0 9 0 0 0 0 0 0 1 12 4 0 0 6 3 0 0 31 0 0 1 0 3 0 2 140 0 0 1 3 0 0 4 0 0 0 0 0 0 0 0 5 0 2 0 0 0 0 0 2 0 0
327 AAA 199138 23 9 3 2 4 0 0 11 0 6 0 2 0 0 0 4 0 0 0 0 0 0 0 0 1 0 7 0 0 0 0 16 0 0 0 0 0 0 0 0 0 3 0 0 0 0 0 0 0 0 0 0 0 0 0 0 0 0 0 0 0 0 0
328 TTG 0 0 0 0 0 0 0 0 0 0 0 0 0 0 4 0 0 0 0 0 0 0 0 0 0 0 0 0 3 0 26 2 0 0 0 0 0 0 0 0 0 0 0 0 0 0 1 0 0 0 0 0 0 0 4 0 0 0 2 0 32 0 196005 1
329 AGG 0 0 15 0 0 1 0 0 82 0 190022 1 0 0 18 0 0 0 0 0 0 0 0 0 1 0 3 0 0 0 0 0 0 0 0 0 0 0 0 2 0 0 24 0 0 0 0 0 0 0 0 0 1 0 0 0 0 0 5 0 0 0 0 0
330 ATG 0 0 3 0 0 0 4 0 0 0 2 0 23 3 195333 3 0 0 0 0 0 0 0 0 0 0 0 0 0 0 4 0 0 0 0 0 0 0 0 0 0 0 0 0 0 0 21 0 0 0 0 0 0 0 0 0 0 0 0 0 0 0 1 0
331 GTT 0 0 0 0 0 0 0 0 1 0 0 0 0 0 0 13 0 0 0 0 0 0 0 0 0 0 0 0 0 0 0 0 0 0 0 0 0 0 3 10 0 0 0 1 1 24 14 190377 0 0 0 0 0 0 0 0 0 3 0 0 0 0 0 0
332 ACA 1 1 0 0 186107 56 80 8 0 0 1 0 31 0 0 0 0 0 1 0 0 0 0 0 0 0 0 0 0 0 0 0 0 0 0 0 10 0 0 0 0 0 0 0 0 0 0 0 0 0 0 0 1 0 0 0 0 0 0 0 0 0 0 0
333 GGA 0 0 0 0 0 0 0 1 4 0 0 0 0 1 0 0 0 0 0 0 0 0 0 0 0 0 0 0 0 0 0 0 51 1 0 0 0 0 0 0 174704 2 42 25 2 0 0 0 0 0 0 0 0 0 0 0 12 0 0 0 0 0 0 0
334 CTA 0 1 1 0 0 0 0 0 0 0 0 0 0 0 0 0 0 0 0 0 31 1 6 0 0 0 0 0 181949 5 15 25 0 0 0 0 0 0 0 0 0 0 0 0 0 0 0 0 4 0 0 0 0 0 0 0 0 0 0 0 14 0 0 0
335 AGA 11 0 0 0 0 0 0 0 181805 0 29 1 5 1 0 0 0 0 0 0 0 0 0 0 0 0 0 10 0 0 0 0 1 0 0 0 0 0 0 0 14 0 0 0 0 0 0 0 0 0 0 0 0 1 0 0 0 0 0 0 0 0 0 0
336 AAC 0 86996 1 13 0 3 0 0 0 5 0 0 0 0 0 0 0 0 0 0 0 0 0 0 0 0 0 0 0 0 0 0 0 2 0 0 0 0 0 0 0 0 0 0 0 0 0 0 0 1 0 0 0 0 0 0 0 0 0 0 0 0 0 0
337 ATC 3 24 0 3 0 42 0 0 5 3 4 3 3 85274 1 10 2 0 1 2 0 0 0 0 0 529 13 5 0 6 4 0 0 0 0 0 0 2 2 0 0 0 0 0 1 4 1 1 0 0 0 0 0 0 0 0 0 0 0 0 0 3 6 0
338 CCA 0 0 0 0 1 0 0 0 0 0 0 0 0 0 0 0 7 0 0 1 91221 5 3 2 0 0 0 0 1 0 0 0 1 0 0 0 1 0 0 5 0 0 0 0 0 0 0 0 0 0 0 0 2 0 0 0 0 0 0 0 0 0 0 0
339 TCC 0 0 0 0 1 9 1 12 0 0 0 3 5 8 0 0 0 0 1 0 0 16 0 0 0 0 0 0 0 0 0 0 0 0 0 0 11 7 0 1 0 0 3 3 0 0 3 0 0 1 0 0 11 88185 0 8 0 0 0 0 0 5 4 0
340 ATT 7 0 4 0 0 0 0 9 2 0 8 1 2 19 1 105887 0 0 0 0 0 0 0 0 5 0 1 0 0 0 0 0 0 0 0 0 0 1 0 0 0 0 0 0 0 0 0 6 0 0 0 0 0 0 0 0 0 0 0 0 0 0 0 1
341 CAA 2 0 0 0 0 0 0 0 0 0 1 0 0 0 2 0 92097 2 1 0 1 0 0 0 3 0 0 0 2 0 0 0 0 0 0 0 0 0 0 0 0 0 0 0 0 0 0 0 2 0 0 0 0 0 0 0 0 0 0 0 0 0 0 0
342 TAC 0 0 0 0 0 0 0 0 0 0 0 0 0 0 0 0 0 4 0 0 0 0 0 0 0 0 0 0 0 0 0 0 0 0 0 0 0 0 0 0 0 0 0 0 0 0 0 0 2 108233 1 6 0 1 0 0 0 20 0 0 0 2 0 0
343 AGA 20 0 0 0 0 0 0 0 143843 1 53 1 3 0 0 0 0 0 0 1 2 0 0 0 8 9 0 0 0 0 0 0 0 0 0 0 0 0 0 0 8 0 0 0 0 0 0 0 0 0 0 0 0 1 0 0 7 0 0 0 0 0 0 0
344 GGT 0 0 0 0 0 0 0 0 0 0 0 21 0 0 0 1 0 0 0 0 0 0 0 0 0 0 0 1 0 0 0 0 0 0 1 12 0 1 0 0 6 16 6 193323 0 0 0 3 0 0 0 0 1 0 0 0 0 0 0 6 0 2 0 0
345 CTA 0 0 0 2 0 0 0 0 0 0 0 0 12 3 0 11 2 0 0 0 21 0 0 0 2 0 0 0 182350 1 23 7 0 0 0 0 0 0 0 0 0 0 0 0 10 1 1 0 0 0 0 0 0 0 0 0 0 0 0 0 19 0 9 0
346 TTT 0 0 0 0 2 0 0 0 0 0 0 0 3 0 0 1 0 0 0 0 0 0 0 1 0 0 0 0 0 0 0 7 0 0 0 0 0 0 0 0 0 0 0 0 0 0 0 2 0 1 0 1 0 1 0 4 0 0 0 0 4 35 0 193324
347 GGA 0 0 0 0 0 0 0 0 10 0 0 0 0 0 13 0 0 0 0 0 0 0 0 0 4 0 0 0 4 0 0 2 12 0 0 0 1 0 3 0 195283 0 40 24 0 0 0 0 0 0 0 0 0 0 1 1 2 0 0 0 7 0 1 0
348 GCC 0 0 0 0 0 6 0 0 0 0 0 0 0 0 0 0 0 0 0 0 0 0 0 0 0 0 0 0 0 0 0 0 0 10 0 0 7 197051 25 6 0 0 0 0 0 48 0 0 0 0 0 0 0 4 0 0 0 0 0 0 0 0 0 0
349 ATT 0 0 0 3 0 1 0 16 0 0 0 0 9 15 0 197628 0 0 0 0 0 0 0 0 0 0 0 0 0 0 0 1 0 0 0 0 0 0 0 0 0 0 0 0 3 1 14 57 0 0 0 0 0 0 0 0 0 0 0 0 0 0 0 4
350 GCT 0 0 0 0 0 0 0 78 0 0 0 4 0 0 0 0 0 0 0 0 0 0 0 0 0 0 0 0 0 0 0 0 0 0 0 0 18 54 10 198505 0 0 0 0 0 0 0 8 0 0 0 0 0 0 2 2 0 0 0 0 0 0 0 0
351 GGT 0 0 0 0 0 0 0 0 0 0 0 10 0 0 0 0 0 0 0 0 0 0 0 0 0 0 0 0 0 0 0 0 0 0 0 6 0 0 0 2 3 39 26 192792 0 0 0 6 0 0 0 0 0 0 0 0 0 0 0 6 0 0 0 0
352 TTT 0 0 0 0 0 0 0 0 0 0 0 0 0 0 0 2 0 0 0 0 0 0 0 0 0 0 0 0 0 0 0 7 0 0 0 0 0 0 0 0 0 0 0 0 0 0 0 0 0 0 0 3 0 0 0 7 0 0 0 0 1 31 0 199355
353 ATT 0 0 0 2 0 0 0 2 0 0 0 1 3 22 0 199818 0 0 0 0 0 0 0 0 0 0 0 0 2 0 21 4 0 0 0 0 0 0 0 0 0 0 0 0 0 15 2 10 0 0 0 0 0 0 0 0 0 0 0 0 4 0 2 2
354 GAG 0 0 17 0 0 0 0 0 0 0 0 0 0 0 0 0 0 0 0 0 0 0 0 0 0 0 0 0 0 0 0 0 50 1 194061 20 0 0 1 0 0 0 40 0 0 0 8 0 0 0 1 0 0 0 0 0 0 0 0 0 0 0 0 0
355 GGG 0 0 0 0 0 0 0 0 0 0 12 0 0 0 0 0 0 0 0 0 0 0 0 0 0 0 0 0 0 0 0 0 0 0 21 0 0 0 0 0 39 28 198091 54 0 0 1 0 0 0 0 0 0 0 0 0 0 0 1 0 0 0 0 0
356 GGA 0 0 0 0 0 0 0 0 16 0 0 0 0 0 0 0 0 0 0 0 0 0 0 0 0 0 0 0 0 0 0 0 15 0 0 0 0 0 0 0 199346 6 451 18 3 0 0 0 0 0 0 0 0 0 0 0 0 0 0 0 0 0 0 0
357 TGG 0 0 0 0 0 0 0 0 0 0 1 0 0 0 0 0 0 0 0 0 0 0 0 0 0 0 13 0 0 0 0 0 0 0 0 0 0 0 0 0 0 0 0 0 0 0 0 0 0 0 26 0 0 0 0 0 26 0 200202 5 0 0 7 0
358 ACT 0 0 0 2 27 59 0 199467 0 0 0 0 0 7 0 11 0 9 0 0 0 6 0 6 0 0 0 0 31 0 1 0 0 0 0 1 0 0 0 21 0 0 0 0 0 0 0 0 0 0 0 2 0 0 0 1 0 0 0 0 5 0 0 0
359 GGA 0 0 0 0 0 0 0 0 28 0 0 0 0 0 0 0 0 0 0 0 0 0 0 0 0 0 0 0 0 0 0 0 23 0 0 0 0 2 3 0 199510 7 17 5 1 0 0 0 0 0 0 0 0 0 0 0 8 0 0 0 0 0 0 0
360 ATG 0 0 2 0 0 0 9 0 0 0 1 0 17 0 199978 2 0 0 0 0 0 0 0 0 0 0 0 0 16 13 15 20 0 0 0 0 0 0 0 0 0 0 0 0 0 0 21 0 0 0 0 0 0 0 0 0 0 0 0 0 6 0 0 0
361 ATA 71 0 56 0 12 0 0 0 2 0 0 0 200146 3 62 17 0 0 1 0 0 0 0 0 0 0 0 0 2 0 1 6 0 0 0 0 0 0 0 0 0 0 0 0 16 33 0 15 0 0 0 0 0 0 0 1 0 0 0 0 10 0 3 0
362 GAT 0 0 0 10 0 0 0 0 0 0 0 0 0 0 0 0 0 0 0 0 0 0 0 0 0 0 0 0 0 0 0 0 1 13 1 199856 0 0 0 0 0 0 0 19 0 0 0 0 0 0 0 2 0 0 0 0 0 0 0 0 0 0 0 0
363 GGA 0 0 0 0 0 0 0 0 20 0 0 0 0 0 0 0 0 0 0 0 0 0 0 0 2 0 0 0 0 0 0 0 12 0 0 0 0 0 0 0 199649 9 22 10 0 0 0 0 0 0 0 0 0 0 0 0 4 0 0 0 0 0 0 0
364 TGG 0 0 0 0 0 0 0 0 0 0 1 0 0 0 0 0 0 0 0 0 0 0 0 0 0 0 10 0 0 0 0 0 0 0 0 0 0 0 0 0 0 0 0 0 0 0 0 0 0 0 22 0 0 0 0 0 21 0 199786 1 0 0 7 0
365 TAT 0 0 0 1 0 0 0 0 0 0 0 0 0 0 0 0 0 0 0 30 0 0 0 0 0 0 0 0 0 0 0 0 0 0 0 0 0 0 0 0 0 0 0 0 0 0 0 0 0 14 4 200182 0 0 0 0 0 0 0 18 0 0 0 1
366 GGT 0 0 0 0 0 0 0 0 0 0 0 9 0 0 0 0 0 0 0 0 0 0 0 0 0 0 0 0 0 0 0 0 0 0 0 11 0 0 0 2 1 16 14 199668 0 0 0 2 0 0 0 0 0 0 0 0 0 0 0 3 0 0 0 0
367 TAT 0 0 0 4 0 0 0 0 0 0 0 0 0 0 0 0 0 0 0 15 0 0 0 0 0 0 0 0 0 0 0 0 0 0 0 1 0 0 0 0 0 0 0 0 0 0 0 0 1 17 0 200428 0 0 0 0 0 0 0 13 0 2 0 0
368 CAT 0 0 0 1 0 0 0 0 0 0 0 0 0 0 0 0 0 33 0 200220 0 0 0 3 7 0 6 5 0 0 0 7 0 0 0 1 0 6 0 0 0 0 0 0 0 0 0 0 0 0 0 9 0 0 0 0 0 0 0 0 3 0 0 11
369 CAT 0 0 0 4 0 0 0 4 0 0 0 0 4 4 8 2 4 23 6 200122 0 0 0 2 0 0 0 3 0 0 0 4 0 0 0 3 0 0 0 0 0 0 0 0 1 0 3 0 0 0 0 9 0 0 0 0 0 0 0 11 0 0 0 7
370 CAG 0 0 3 1 6 0 5 0 0 0 0 1 21 0 1 0 43 0 200250 3 0 0 0 0 2 0 28 2 20 3 3 0 0 0 5 0 0 0 0 0 0 0 0 0 49 6 5 0 0 0 17 1 4 2 1 0 0 0 2 4 0 0 0 1
371 AAT 0 10 1 200260 0 0 0 0 0 0 0 7 0 0 0 0 0 0 0 2 0 0 0 0 0 0 0 0 0 0 0 0 0 0 0 14 0 0 0 0 0 0 0 0 0 0 0 0 0 0 0 0 0 0 0 0 0 0 0 0 0 0 0 0
372 GAA 21 0 0 0 0 0 0 0 0 1 0 0 0 0 0 0 0 0 0 0 0 0 0 0 0 0 0 0 0 0 0 0 200244 3 15 8 3 2 0 4 17 0 0 8 2 0 0 0 6 0 0 0 0 4 1 26 0 0 0 0 0 0 0 3
373 CAG 0 0 3 0 0 0 0 0 0 0 0 0 0 0 1 0 22 0 200041 10 0 0 10 0 0 0 34 0 0 0 0 0 0 0 1 0 0 0 0 7 0 0 4 0 0 0 0 0 0 0 46 0 0 0 0 0 0 0 0 0 0 0 0 0
374 GGA 0 0 0 0 0 0 0 0 20 0 0 0 0 4 0 0 0 0 0 0 0 0 0 0 0 0 0 0 0 0 0 0 23 0 0 0 0 0 0 0 200118 11 41 24 2 0 0 0 0 0 0 0 0 0 0 0 7 0 0 0 0 0 0 0
375 TCA 0 0 0 0 11 1 0 0 1 0 0 0 0 0 14 0 1 0 0 1 14 0 0 0 0 0 0 0 0 0 0 0 1 0 0 2 4 0 1 1 0 0 0 0 0 2 0 0 0 0 0 0 200038 13 154 7 1 0 0 1 18 0 0 0
376 GGC 0 0 0 0 0 0 0 0 0 28 0 0 0 0 0 0 0 0 0 0 0 0 0 0 0 0 0 0 0 0 0 0 0 31 0 0 0 1 0 0 10 199934 2 11 0 6 0 0 0 0 0 1 0 0 0 0 0 21 0 0 0 0 0 0
377 TAT 0 0 0 1 0 0 0 0 0 0 0 0 0 0 0 0 0 0 0 29 0 0 0 0 0 0 0 0 0 0 0 0 0 0 0 2 0 0 0 0 0 0 0 0 0 0 0 0 2 9 2 200208 1 0 0 3 0 0 0 4 0 0 0 12
378 GCA 0 0 0 0 45 0 0 0 0 1 0 5 0 0 0 0 0 0 0 0 0 0 0 0 0 0 0 0 0 0 0 0 3 0 0 0 198525 3 32 42 0 0 0 0 114 0 1 0 0 0 0 0 3 4 6 0 0 5 0 0 0 1 0 0
379 GCG 0 0 0 0 0 0 12 0 0 0 0 0 0 0 0 0 0 0 0 0 0 0 1 0 0 0 0 0 0 0 0 0 0 0 3 0 60 1 199738 40 0 0 2 0 0 0 70 0 0 0 0 0 0 0 1 0 0 0 0 0 0 0 0 0
380 GAT 0 0 0 14 0 0 0 0 0 0 0 0 0 0 0 0 0 0 0 0 0 0 0 0 0 0 0 0 0 0 0 0 4 33 1 200079 0 0 0 0 0 0 0 12 0 0 0 0 0 0 0 2 0 0 0 0 0 0 0 0 0 0 0 0
381 CAA 17 0 5 0 0 0 0 1 2 0 0 0 0 0 0 14 181978 1 18 16 1 0 0 0 25 0 12 31 1 2 1 0 0 0 0 0 1 0 0 1 0 0 0 0 57 0 9 6 4 2 0 3 3 0 0 0 0 0 2 0 1 0 0 0
382 AAA 182831 3 32 0 14 0 0 5 10 0 11 0 1 0 1 0 6 1 0 0 0 0 0 1 6 0 1 9 2 0 0 0 17 0 0 1 0 36 5 5 0 0 0 0 0 0 3 6 0 0 0 0 0 0 2 13 0 0 1 0 1 1 0 0
383 AGC 0 62 0 0 0 9 0 0 2 182648 0 63 0 5 0 0 0 0 0 0 0 0 0 0 0 4 0 0 0 0 0 0 0 0 0 0 0 0 0 0 0 45 0 0 0 0 0 0 0 0 0 0 0 11 0 11 0 0 0 0 0 0 0 0
384 ACA 0 0 0 0 183203 14 13 3 2 0 0 0 8 0 0 0 0 0 0 0 1 0 0 0 0 0 0 0 0 0 0 0 0 0 0 0 6 0 0 0 0 0 0 0 0 0 0 0 0 0 0 0 1 0 0 0 0 0 0 0 0 0 0 0
385 CAA 8 0 0 0 0 0 0 0 0 0 0 0 0 0 0 0 182948 1 12 0 1 0 0 0 9 0 0 0 2 0 0 0 2 0 0 0 0 0 0 4 0 0 0 0 0 0 0 0 2 0 0 0 0 0 0 0 0 0 0 0 0 0 0 0
386 AAT 65 17 17 182831 10 1 3 6 9 2 36 12 6 0 0 29 7 2 43 2 0 0 0 0 34 0 9 3 1 0 1 0 0 0 0 18 0 0 0 0 0 0 0 0 0 0 0 0 0 0 0 2 0 0 4 29 0 0 0 0 5 5 0 0
387 GCC 0 0 0 0 0 19 0 0 0 0 0 0 0 0 0 0 0 0 0 0 0 2 0 0 0 0 0 0 0 0 0 0 0 0 0 0 3 181256 67 8 0 0 0 0 0 48 0 0 0 0 0 0 0 5 0 0 0 0 0 0 0 0 0 0
388 ATT 0 0 0 3 0 0 0 8 0 0 0 0 0 24 11 182792 0 0 0 0 0 0 0 0 0 0 0 0 0 0 0 11 0 0 0 0 0 0 0 0 0 0 0 0 0 5 0 27 0 0 0 1 0 0 0 0 0 0 0 0 0 0 0 1
389 AAC 4 182711 1 56 0 1 3 1 0 14 0 0 0 0 0 0 0 2 0 2 0 0 0 0 0 9 4 5 0 0 0 0 1 22 0 2 2 0 0 1 1 0 0 0 1 0 0 0 0 1 0 0 0 0 0 1 0 0 0 0 0 0 0 0
390 GGG 23 0 40 0 8 31 11 0 220 167 113 2 12 31 4 2 0 1 4 5 0 0 0 0 1 6 141 118 7 4 344 61 0 0 17 0 4 0 2 0 34 3 180199 1 7 32 20 12 0 0 0 0 30 47 280 17 0 17 13 13 15 5 52 9
391 ATT 0 0 0 2 0 3 0 7 0 0 0 1 65 12 1 182747 0 0 0 0 0 0 0 0 0 0 0 0 0 0 0 0 0 0 0 0 0 0 0 0 0 0 0 0 0 0 3 35 0 0 0 0 0 0 0 0 0 0 0 0 0 0 0 0
392 ACA 2 0 0 2 183053 21 13 2 3 0 13 0 16 0 0 0 0 2 0 3 3 0 0 0 0 1 0 0 0 0 0 0 2 0 0 0 37 2 0 0 0 0 0 0 0 0 0 0 0 0 0 0 3 0 0 5 0 0 0 0 0 0 1 0
393 AAC 1 181808 4 30 0 25 1 9 0 14 0 0 0 0 0 0 4 8 0 0 0 0 0 0 0 0 0 0 0 0 0 0 0 10 0 0 0 0 0 0 0 0 0 0 0 0 0 0 0 0 0 0 0 0 0 0 1 0 0 4 0 0 0 0
394 AAG 31 0 182893 14 0 0 3 0 0 0 16 0 0 0 1 0 0 0 4 0 0 0 0 0 0 0 0 2 0 0 0 0 0 0 5 0 0 0 0 0 0 0 0 0 0 0 0 0 0 0 0 0 0 0 0 0 0 0 0 0 0 0 0 0
395 GTG 0 0 0 0 0 0 0 0 1 0 0 0 0 0 16 4 0 0 0 0 0 0 0 0 0 0 0 0 0 0 0 0 0 0 1 0 0 0 7 0 0 0 3 0 39 16 182916 23 0 0 0 0 0 0 0 0 0 0 0 0 0 0 0 0
396 AAC 4 183441 1 24 0 5 0 0 0 14 0 0 0 0 0 0 0 0 0 0 0 0 0 0 2 0 0 0 0 0 0 0 0 22 0 0 0 0 0 0 0 0 0 0 0 0 0 0 0 1 0 0 0 0 0 0 0 0 0 0 0 0 0 0
397 TCT 0 2 0 3 0 0 0 2 0 0 0 0 0 0 0 0 0 0 2 0 0 0 0 16 0 0 0 0 0 0 0 0 0 0 0 0 0 18 0 1 0 0 0 0 0 0 0 0 0 0 0 2 5 26 1 183267 0 0 0 3 0 0 0 5
398 GTT 0 0 0 0 0 0 0 0 0 0 0 0 1 0 0 19 0 0 0 0 0 0 0 0 0 0 0 0 0 0 4 1 0 0 0 3 0 0 0 6 0 0 0 0 4 19 17 183131 0 0 0 0 0 0 0 0 0 1 0 0 0 0 0 2
399 ATC 0 0 0 0 0 5 0 0 0 1 0 0 12 182967 1 45 0 0 0 0 0 0 0 0 0 0 0 0 0 1 0 0 0 0 0 0 0 0 0 0 0 0 0 0 0 19 1 0 0 0 0 0 0 0 0 0 0 0 0 0 0 0 0 0
400 GAG 0 0 41 0 14 0 0 0 0 0 0 0 0 0 0 0 0 0 0 0 0 0 0 0 0 0 0 0 0 0 0 0 19 1 182870 2 0 0 2 0 0 0 13 0 0 0 2 0 0 0 1 0 0 0 1 0 0 0 0 0 0 0 0 0
401 AAA 180645 1 49 1 3 0 0 0 19 0 11 0 1 0 1 95 0 0 0 0 0 0 0 0 0 0 0 2 0 0 0 0 11 0 0 0 0 0 1 2 0 0 0 0 1 0 1 0 2 0 0 0 0 0 0 0 0 0 0 0 0 0 0 0
402 ATG 0 0 1 0 0 0 8 0 0 0 1 0 12 7 182880 10 0 0 0 0 0 0 0 0 0 0 0 0 0 0 8 1 0 0 0 0 0 0 0 0 0 0 0 0 0 0 6 1 0 0 0 0 0 0 0 0 0 0 0 0 2 0 3 22
403 AAC 4 183262 3 23 0 1 0 0 0 17 0 1 0 2 0 0 0 1 0 0 0 0 0 0 0 0 0 0 0 0 0 0 0 26 0 0 0 0 0 0 0 0 0 2 0 0 0 0 0 2 0 1 0 0 0 0 0 0 0 0 0 0 0 0
404 ACT 1 9 0 3 2 48 7 182614 2 3 0 11 0 0 0 6 1 0 1 0 0 0 4 3 2 0 0 3 1 12 0 18 0 0 0 0 1 4 0 8 8 0 0 12 0 0 1 1 0 0 0 0 1 0 27 1 0 0 0 0 3 0 0 5
405 CAA 4 0 0 0 0 0 0 0 0 0 1 0 0 0 0 0 182910 21 35 0 1 0 0 0 48 0 2 2 0 0 0 0 2 0 0 0 11 0 0 4 8 3 6 0 0 0 0 0 3 0 0 0 0 0 0 0 0 0 0 0 0 0 0 0
406 TTC 0 0 0 0 0 0 0 0 0 0 0 0 0 2 0 0 0 0 0 0 0 0 0 0 0 0 0 0 8 16 0 9 0 0 0 0 0 0 0 0 0 0 5 0 0 1 0 0 0 11 0 0 0 4 0 0 0 1 7 0 20 182863 1 9
407 ACA 12 0 0 1 183114 8 63 39 6 7 3 7 22 0 0 0 0 0 0 0 2 0 0 0 1 3 0 18 0 0 0 0 0 0 0 0 13 0 8 0 0 0 0 0 0 0 0 0 0 0 0 0 2 0 0 0 0 0 0 0 0 0 0 0
408 GCT 0 0 0 5 0 0 0 30 0 0 0 5 2 0 0 0 0 0 0 0 0 0 0 0 0 2 11 0 0 0 0 2 0 0 0 3 3 40 27 182781 0 0 0 4 0 0 0 13 0 2 0 16 15 0 5 78 0 0 0 0 0 0 0 0
409 GTG 0 0 0 0 1 0 10 0 0 0 0 0 8 1 29 2 0 0 0 0 0 0 0 0 0 0 0 0 0 0 8 0 0 0 2 0 0 0 14 0 0 0 2 0 28 40 182843 37 0 0 0 0 0 0 1 3 0 5 0 0 0 2 5 0
410 GGT 0 0 0 0 0 0 0 0 10 0 0 84 0 0 0 0 0 0 1 0 3 0 0 0 0 0 0 0 0 0 0 0 0 4 0 83 0 0 0 0 2 43 18 178734 1 0 0 7 0 0 0 0 0 13 0 0 0 0 0 1 0 0 0 0
411 AAA 183148 6 28 3 1 0 0 0 7 0 0 0 2 0 0 0 3 0 0 0 0 0 0 0 0 0 0 0 0 0 0 0 14 0 0 0 0 0 3 0 5 0 0 0 5 0 0 0 0 0 0 0 0 0 0 0 0 0 0 0 0 0 0 0
412 GAA 9 0 0 0 1 19 0 10 0 4 2 1 1 0 1 0 0 0 0 0 0 0 0 0 2 7 0 0 8 0 0 1 182797 0 14 0 7 4 4 1 9 0 1 0 1 0 4 7 2 2 0 0 0 8 0 0 0 0 2 3 4 0 1 5
413 TTC 0 0 0 0 0 0 0 0 0 0 0 0 0 2 0 0 0 0 0 0 0 0 0 0 0 0 0 0 0 2 0 0 0 0 0 0 0 0 0 0 0 0 0 0 0 1 0 0 0 2 0 0 0 8 0 0 0 0 1 0 5 182380 2 17
414 AAC 12 182523 4 6 1 4 1 0 0 20 0 2 0 0 0 0 0 0 0 0 0 0 0 0 0 0 0 0 0 0 0 0 0 19 0 0 0 1 0 1 15 5 7 9 0 0 0 0 0 1 0 0 1 3 0 0 0 0 0 0 0 0 0 0
415 AAC 19 182765 0 22 1 2 0 15 0 19 1 3 8 60 3 0 0 0 0 0 0 4 0 0 10 0 0 0 0 6 0 0 1 4 0 0 3 0 0 19 0 2 7 0 6 1 13 0 0 11 0 2 5 0 5 0 0 2 1 7 0 15 8 0
416 TTA 0 0 0 0 0 0 0 0 0 0 0 0 4 0 2 0 0 0 0 0 0 0 0 0 0 1 0 0 3 9 0 0 0 0 0 0 0 0 0 0 0 0 0 0 2 0 0 0 3 0 0 0 12 0 0 0 0 0 0 0 182384 5 29 4
417 GAA 9 0 0 0 0 0 0 0 0 0 0 0 0 0 0 0 0 0 0 0 0 0 0 0 0 0 0 0 0 0 0 0 182900 1 17 0 0 0 0 0 9 0 0 0 1 0 0 0 2 0 0 0 0 0 0 0 0 0 0 0 0 0 0 0
418 AAA 183243 2 31 1 1 0 0 0 20 0 0 0 0 0 0 0 1 0 0 0 0 0 0 0 0 0 0 0 1 0 1 0 15 0 0 0 0 0 0 0 0 0 0 0 0 0 0 0 0 0 0 0 0 0 0 0 0 0 0 0 0 0 0 0
419 AGG 0 0 41 0 0 0 0 0 30 0 179805 3 0 0 18 0 0 0 0 0 0 0 0 0 0 0 56 0 0 0 0 0 0 0 0 0 0 0 0 0 0 0 160 0 0 0 0 0 0 0 0 0 0 0 0 0 0 0 2 0 0 0 0 0
420 ATG 0 0 5 0 0 0 7 0 0 0 0 0 30 0 182397 0 0 0 0 0 0 0 0 0 0 0 0 0 0 0 2 0 0 0 0 0 0 0 0 0 0 0 0 0 0 0 16 0 0 0 0 0 0 0 0 0 0 0 0 0 0 0 2 0
421 GAA 14 0 0 0 0 0 0 0 0 0 0 0 0 0 0 0 0 0 1 0 0 0 0 0 0 0 0 0 0 0 0 0 156229 16 69 5 1 0 0 0 23 0 0 0 2 0 0 0 0 0 0 0 0 0 12 0 0 0 0 0 0 0 0 0
422 AAT 0 17 2 182234 0 0 0 0 0 0 0 10 0 0 0 2 0 0 0 3 0 0 0 0 0 0 0 0 0 0 0 0 0 0 0 6 0 0 0 0 0 0 0 0 0 0 0 0 0 0 0 0 0 0 0 2 0 0 0 0 0 0 0 0
423 TTA 0 0 0 0 0 0 0 0 0 0 0 0 2 0 0 0 0 0 0 0 0 0 0 0 0 0 0 0 4 1 0 0 0 0 0 0 0 0 0 0 0 0 0 0 6 0 0 0 1 0 0 0 12 0 0 0 0 0 0 0 182825 1 23 0
424 AAT 0 20 0 178757 0 0 0 0 0 0 0 7 0 0 0 1 0 0 0 5 0 0 0 0 0 0 0 0 0 0 0 0 0 0 0 6 0 0 0 0 0 0 0 0 0 0 0 0 0 0 0 1 0 0 0 0 0 0 0 0 0 0 0 0
425 AAA 179508 1 41 2 1 0 0 0 18 0 0 0 0 0 0 0 2 0 0 0 0 0 0 0 0 0 0 13 0 0 0 0 8 0 0 0 0 0 0 0 0 0 0 0 0 0 0 0 0 0 0 0 0 0 0 0 0 0 0 0 0 0 0 0
426 AAA 179197 3 321 4 1 0 0 0 29 0 0 0 0 0 0 0 0 0 0 0 0 0 0 0 0 0 0 0 0 0 0 0 3 0 0 0 0 0 0 0 0 0 0 0 0 0 0 0 1 0 0 0 0 0 0 0 0 0 0 0 0 0 0 0
427 GTT 1 0 0 0 0 0 0 0 0 0 0 64 0 0 0 46 0 0 0 0 0 0 0 0 0 0 0 0 0 1 0 0 0 0 0 1 0 0 0 8 0 0 0 2 2 10 0 170346 0 0 0 0 0 0 0 0 0 0 0 0 0 0 188 5
428 GAT 1 0 0 19 0 0 0 2 0 0 0 0 0 0 199 0 0 0 0 0 0 0 0 0 0 0 0 0 0 0 0 0 0 15 3 173012 0 0 0 2 0 0 0 23 0 0 0 0 0 0 0 2 0 0 0 0 68 0 0 0 0 0 0 0
429 GAT 0 0 0 20 0 0 0 0 0 0 0 0 0 0 193 0 2 0 0 0 0 0 0 0 0 0 0 0 0 0 0 0 2 5 2 175983 0 0 0 0 0 0 1 32 0 0 0 3 0 0 0 2 0 0 0 0 69 0 0 0 0 0 0 0
430 GGG 0 0 0 0 0 0 0 0 0 0 8 0 0 0 0 0 1 0 0 0 0 0 0 0 0 0 0 0 0 0 0 0 0 0 10 0 0 0 0 0 20 0 119097 5 0 0 1 0 0 0 0 0 0 0 0 0 0 0 5 0 0 0 0 0
431 TTT 0 0 0 0 0 0 0 0 0 0 0 0 0 0 0 1 0 0 0 0 0 0 0 0 0 0 0 0 0 0 0 14 0 0 0 0 0 0 0 0 0 0 0 0 0 0 0 7 0 0 0 1 0 0 0 4 0 0 0 0 3 8 1 146095
432 CTG 0 0 0 0 0 0 0 0 0 0 0 0 0 0 4 0 3 0 4 0 0 0 17 0 0 0 3 0 22 4 90815 3 0 0 0 0 0 0 0 0 0 0 0 0 0 0 0 2 0 0 0 0 0 0 0 0 0 0 1 0 0 0 8 0
433 GAC 0 17 0 0 0 0 0 0 0 0 0 0 0 0 0 0 0 0 0 0 0 0 0 0 0 0 0 0 0 0 0 0 4 130833 6 12 0 0 0 0 0 16 0 0 0 1 0 0 0 2 0 0 0 0 0 0 0 0 0 0 0 0 0 0
434 ATT 0 0 0 5 0 0 0 11 0 0 0 3 0 11 0 155859 0 0 0 0 0 0 0 0 0 0 0 0 1 0 0 1 0 0 0 0 0 0 0 0 0 0 0 0 0 1 2 11 0 0 0 0 0 0 0 0 0 0 0 0 0 0 1 0
435 TGG 0 0 0 0 0 0 0 0 0 0 2 0 0 0 0 0 0 0 0 0 0 0 0 0 0 0 17 0 0 0 0 0 0 0 0 0 0 0 0 0 0 0 1 0 0 0 0 0 0 0 8 0 0 0 0 0 9 1 133745 1 0 0 4 0
436 ACA 0 0 0 0 144669 11 11 3 1 0 0 0 4 0 0 0 0 0 0 0 1 0 0 0 0 0 0 0 0 0 0 0 0 0 0 0 18 0 0 0 0 0 0 0 0 0 0 0 0 0 0 0 0 0 0 0 0 0 0 0 0 0 0 0
437 TAT 0 0 0 1 0 0 0 0 0 0 0 0 0 0 0 0 0 0 0 21 0 0 0 0 0 0 0 0 0 0 0 0 0 0 0 0 0 0 0 0 0 0 0 0 0 0 0 0 2 9 1 152580 0 0 0 2 0 0 0 16 0 0 0 3
438 AAT 0 16 0 178167 0 0 0 1 0 0 0 2 0 0 0 0 4 0 6 0 0 0 0 0 0 0 0 0 0 0 0 0 0 0 0 12 0 0 0 0 0 0 0 0 0 0 0 0 0 0 0 2 3 0 0 0 0 0 0 0 0 0 0 0
439 GCA 0 0 0 0 42 0 0 0 0 0 0 0 7 0 0 0 0 0 0 0 0 0 0 0 0 0 0 0 0 0 0 0 3 0 0 0 175059 1 23 3 2 0 0 0 13 0 0 0 0 0 0 0 0 0 0 0 0 0 0 0 0 0 0 0
440 GAA 17 0 0 0 0 0 0 0 0 0 0 0 0 0 0 0 0 0 0 0 0 0 0 0 0 0 0 0 0 0 0 0 179594 1 8 8 0 0 0 0 11 0 0 0 1 0 0 0 2 0 0 0 0 0 0 0 0 0 0 0 0 0 0 0
441 TTG 0 0 0 0 0 0 0 0 0 0 0 0 0 0 5 5 0 0 0 0 0 0 0 0 0 0 0 0 0 0 8 0 0 0 0 0 0 0 0 0 0 0 0 0 0 0 3 0 0 0 2 0 0 0 1 0 0 0 3 0 36 1 181982 2
442 TTA 0 0 0 0 0 0 0 0 0 0 0 0 1 5 1 0 0 0 0 0 0 0 0 0 0 0 0 0 8 0 0 3 0 0 0 0 0 0 0 0 0 0 0 0 3 0 0 0 0 0 0 0 9 0 0 0 0 0 0 0 181255 2 33 2
443 GTT 0 0 0 0 0 0 0 0 0 0 0 0 0 0 0 32 0 0 0 0 0 0 0 0 0 0 0 0 0 0 0 1 0 0 0 0 0 0 0 5 0 0 0 6 1 16 8 180930 0 0 0 0 0 0 0 0 0 0 0 0 0 0 0 4
444 CTA 0 0 0 0 0 0 0 0 0 0 0 0 4 0 0 0 1 0 0 0 17 1 0 0 1 0 0 0 180881 0 18 0 0 0 0 0 0 0 0 0 0 0 0 0 0 0 0 0 0 0 0 0 0 0 0 0 0 0 0 0 10 0 14 0
445 CTG 0 0 0 0 0 0 0 0 0 0 0 0 0 0 6 0 0 0 4 0 0 0 35 0 0 0 7 0 25 0 179175 4 0 0 0 0 0 0 0 0 0 0 0 0 0 0 0 0 0 0 0 0 0 0 0 0 0 0 0 0 11 0 20 0
446 GAA 6 0 0 0 0 0 0 0 0 0 0 0 0 0 0 0 0 0 0 0 0 0 0 0 0 0 0 0 0 0 0 0 182305 2 47 0 0 0 0 0 39 0 0 0 0 0 0 0 1 0 0 0 0 0 0 0 0 0 0 0 0 0 0 0
447 AAT 2 25 1 183207 0 0 0 2 0 0 0 8 0 0 0 2 0 0 0 0 0 0 0 0 0 0 0 0 0 0 0 0 0 0 0 5 0 0 0 0 0 0 0 0 0 0 0 0 0 0 0 0 0 0 0 0 0 0 0 0 0 0 0 0
448 GAA 22 0 0 0 0 0 0 0 0 0 0 0 0 0 0 0 0 0 0 0 0 0 0 0 0 0 0 0 0 0 0 0 182568 3 21 2 0 0 0 0 24 0 1 0 2 0 0 0 1 0 0 0 0 0 0 0 0 0 0 0 0 0 0 0
449 AGG 0 0 30 0 0 0 0 0 34 0 182061 4 0 0 6 0 0 0 0 0 0 0 0 0 35 0 11 5 0 0 0 0 0 0 0 0 0 0 0 0 1 0 40 0 0 0 0 0 0 0 0 0 0 0 0 0 0 0 4 0 0 0 0 0
450 ACT 0 0 0 3 1 28 4 182886 0 0 0 1 0 0 0 2 0 0 0 0 0 0 0 0 0 0 0 0 0 0 0 0 0 0 0 0 0 0 0 16 0 0 0 0 0 0 0 0 0 0 0 0 0 0 0 3 0 0 0 0 0 0 0 0
451 TTG 0 0 0 0 0 0 0 0 0 0 0 0 0 0 1 0 0 0 0 0 0 0 0 0 0 0 0 0 0 0 13 12 0 0 0 0 0 0 0 0 0 0 0 0 0 0 0 0 0 0 0 0 0 0 22 0 0 0 1 0 12 0 182994 4
452 GAT 0 0 0 10 0 0 0 0 0 0 0 0 0 0 0 0 0 0 0 0 0 0 0 0 0 0 0 0 0 0 0 0 4 16 8 182042 0 0 0 1 0 0 0 26 0 0 0 0 0 0 0 0 0 0 1 0 0 0 0 0 0 0 0 0
453 TTC 0 0 0 0 0 0 0 0 0 0 0 0 0 0 0 0 0 0 0 0 0 0 0 0 0 0 0 0 0 11 0 0 0 0 0 0 0 0 0 0 0 0 0 0 0 1 0 0 0 0 0 0 0 26 0 0 0 0 0 0 1 181942 0 16
454 CAT 0 0 0 7 0 0 0 0 0 0 0 0 0 0 0 0 0 13 0 182737 0 0 0 10 0 0 0 31 0 0 0 0 0 0 0 1 0 0 0 0 0 0 0 0 0 0 0 0 0 0 0 4 0 0 0 0 0 0 0 0 0 0 0 0
455 GAC 0 13 0 0 0 0 0 0 0 0 0 0 0 0 0 0 0 0 0 0 0 0 0 0 0 0 0 0 0 0 0 0 20 183093 5 24 0 0 0 0 0 14 0 0 0 3 0 0 0 1 0 0 0 0 0 0 0 0 0 0 0 0 0 0
456 TTA 1 0 0 1 5 0 7 0 0 0 20 0 0 0 0 0 0 0 0 0 0 0 0 0 0 0 4 10 30 3 0 0 0 0 0 0 0 0 0 0 0 2 0 0 8 0 4 8 0 0 0 0 24 0 0 0 0 0 0 0 181856 0 39 3
457 AAT 1 10 1 182637 0 0 0 3 0 0 0 10 0 0 0 0 0 0 0 2 0 0 0 0 0 0 0 0 0 0 0 0 0 0 0 3 0 0 0 0 0 0 0 0 0 0 0 0 0 0 0 0 0 0 0 0 0 0 0 0 0 0 0 0
458 GTG 0 0 0 0 0 0 0 0 0 0 0 0 0 0 20 0 0 0 0 0 0 0 0 0 0 0 0 0 0 0 1 0 0 0 2 0 0 0 6 0 0 0 1 0 37 1 182414 8 0 0 0 0 0 0 0 0 0 0 0 0 0 0 2 0
459 AAG 34 0 182757 5 0 0 3 0 0 0 23 0 0 0 5 0 0 0 0 0 0 0 0 0 0 0 0 5 0 0 0 0 0 0 34 0 0 0 0 0 0 0 0 0 0 0 0 0 0 0 2 0 0 0 0 0 0 0 0 0 0 0 0 0
460 AAT 8 96 2 182601 0 0 0 1 3 0 0 20 0 0 0 5 0 0 0 2 0 0 0 0 0 0 0 0 0 0 0 0 0 0 0 16 1 8 0 0 0 1 0 0 0 0 0 0 0 0 0 1 0 0 0 0 0 0 0 0 0 0 0 0
461 CTG 0 0 0 0 0 0 0 0 0 0 0 0 0 0 2 0 0 0 2 0 0 0 8 0 0 0 0 0 38 0 182948 1 0 0 0 0 0 0 0 0 0 0 0 0 0 0 0 0 0 0 0 0 0 0 0 0 0 0 0 0 0 0 18 0
462 TAC 0 0 0 0 0 0 0 0 0 0 0 0 0 0 0 0 0 8 0 0 0 0 0 0 0 0 0 0 0 0 0 0 0 2 0 0 0 0 0 0 0 0 0 0 0 0 0 0 0 183064 0 31 0 0 0 0 0 14 0 0 0 1 0 0
463 GAG 0 0 15 0 0 0 0 0 0 0 0 0 0 0 0 0 0 0 0 0 0 0 0 0 0 0 0 0 0 0 0 0 17 6 182777 6 0 0 0 0 0 0 21 0 0 0 2 0 0 0 1 0 0 0 0 0 0 0 0 0 0 1 0 0
464 AAA 183384 3 37 0 1 0 0 0 13 0 0 0 0 0 0 0 2 0 0 0 0 0 0 0 0 0 1 0 0 0 0 0 17 0 0 0 4 0 0 0 0 0 0 0 0 0 0 0 1 0 0 0 0 0 0 0 0 0 0 0 0 0 0 0
465 GTA 0 0 0 0 0 0 0 0 0 0 0 0 35 0 0 0 0 0 0 0 0 0 0 0 0 0 0 0 0 0 0 2 0 0 0 0 11 0 0 0 0 0 0 0 182982 9 24 8 0 0 0 0 0 0 0 0 0 0 0 0 2 0 0 0
466 AAA 182974 4 19 1 2 0 0 0 20 0 0 0 0 0 0 0 1 0 0 1 0 0 0 0 0 0 0 10 0 0 0 0 8 0 0 0 0 0 0 0 0 0 0 0 0 0 0 0 0 0 0 0 0 0 0 0 0 0 0 0 0 0 0 0
467 AGC 0 40 0 1 6 0 0 0 2 182491 2 106 0 7 0 0 1 0 1 0 0 0 0 0 1 4 0 0 0 0 0 0 0 0 0 0 4 0 2 0 2 49 2 0 0 3 0 0 0 0 0 1 0 0 0 0 0 4 0 0 0 0 1 0
468 CAA 4 0 0 0 24 0 0 0 1 1 0 1 17 0 9 0 183143 2 8 0 0 0 0 0 10 0 1 1 21 1 0 0 0 0 0 0 0 2 1 0 0 0 0 0 2 0 1 1 3 0 0 0 9 0 0 7 0 0 0 0 0 0 0 0
469 TTA 0 0 0 0 0 0 0 0 0 0 0 0 0 0 0 0 0 0 0 0 0 0 0 0 0 0 0 0 17 0 0 1 0 0 0 0 0 0 0 0 0 0 0 0 1 0 0 0 1 0 0 0 7 0 0 0 0 0 0 0 183180 0 33 0
470 AAG 16 0 182669 28 0 0 4 0 0 0 23 0 0 0 3 0 0 0 0 0 0 0 0 0 0 0 0 0 0 0 2 0 0 0 12 0 0 0 0 0 1 0 0 0 0 0 1 0 0 0 0 0 0 1 0 0 0 0 0 0 1 0 0 0
471 AAT 3 11 1 182922 0 2 1 11 0 9 0 11 0 0 4 0 0 0 2 0 0 0 0 0 0 0 0 0 0 0 0 0 0 2 0 12 1 1 0 0 0 1 0 0 0 1 0 0 0 0 0 0 0 0 0 0 0 0 1 0 0 0 0 0
472 AAT 0 9 0 182652 0 0 0 1 0 0 0 37 0 0 0 1 0 1 0 1 0 0 0 0 0 0 0 0 0 0 0 0 0 0 0 32 0 0 0 0 0 0 0 0 0 0 0 0 0 0 0 0 0 0 0 0 0 0 0 0 0 0 0 0
473 GCC 0 0 0 0 0 39 0 0 0 0 0 0 0 0 0 0 0 0 0 0 0 0 0 0 0 0 0 0 0 0 0 0 0 0 0 0 7 182542 4 15 0 0 0 4 0 8 17 0 0 0 0 0 0 3 0 0 0 0 0 0 0 0 0 0
474 AAA 181783 3 36 3 1 0 0 0 24 0 0 0 2 3 18 0 19 0 3 0 0 0 0 0 0 0 7 0 1 12 5 0 69 0 0 0 14 12 0 1 0 0 0 0 2 0 1 5 0 87 0 1 0 0 0 0 0 4 18 1 119 123 87 33
475 GAA 17 0 0 0 0 0 0 0 0 0 0 0 0 0 0 0 0 0 0 0 0 0 0 0 0 0 0 0 0 0 0 0 182254 0 26 0 1 0 0 1 13 0 0 0 2 0 0 0 1 0 0 0 0 0 0 0 0 0 0 0 0 0 0 0
476 ATC 0 4 6 1 2 11 0 20 0 2 0 7 5 160505 68 39 12 0 1 0 0 0 0 0 0 0 3 0 5 2 0 0 0 0 0 0 0 0 0 0 0 0 0 0 6 11 0 1 0 0 0 0 4 0 1 0 0 0 0 1 1 2 0 0
477 GGA 0 0 0 0 0 0 0 0 17 0 0 0 0 0 0 0 0 0 0 0 0 0 0 0 1 0 0 0 5 0 0 0 12 0 0 0 0 0 0 0 160512 2 46 44 2 0 0 0 0 0 0 3 0 0 0 0 2 0 0 0 0 0 0 5
478 AAT 4 6 2 156583 0 0 0 9 0 0 0 8 0 0 0 3 0 0 0 3 0 0 0 0 0 0 0 0 0 0 0 0 0 0 0 0 0 0 0 0 0 0 0 0 0 0 0 0 0 0 0 0 0 0 0 0 0 0 0 0 0 0 0 0
479 GGG 0 0 0 0 0 0 0 0 0 0 14 0 0 0 0 0 0 0 0 0 0 0 0 0 0 0 0 4 0 0 0 0 0 0 8 0 0 0 0 0 22 3 160618 14 0 0 4 0 0 0 0 0 0 0 0 0 0 0 4 0 0 0 0 0
480 TGT 0 0 0 0 0 0 0 0 0 0 0 4 0 0 0 0 0 0 0 0 0 0 0 0 0 0 0 6 0 0 0 0 0 0 0 0 0 0 0 0 0 0 0 0 0 0 0 0 0 0 0 30 0 0 0 0 1 17 16 159383 0 0 0 1
481 TTT 0 0 0 0 0 0 0 0 0 0 0 0 0 0 0 1 0 0 0 0 0 0 0 0 0 0 0 0 0 19 0 10 0 0 0 0 0 0 0 0 0 0 0 0 0 0 0 1 0 0 0 5 0 0 0 10 0 0 0 2 1 24 0 160558
482 GAG 1 0 26 0 0 0 3 0 0 0 0 0 0 1 0 0 0 0 0 0 0 0 0 0 0 1 0 0 0 0 0 0 32 2 160730 5 0 0 3 2 0 1 41 0 7 0 0 0 0 2 2 0 4 0 0 0 0 0 0 0 0 0 0 0
483 TTC 0 0 0 0 0 0 0 0 0 0 0 0 0 0 0 0 0 0 0 0 0 0 0 0 0 0 0 0 0 13 0 0 0 0 0 0 0 0 0 0 0 0 0 0 0 1 0 0 0 1 0 0 0 10 0 0 0 0 0 0 1 160759 4 24
484 TAC 0 1 0 0 0 0 0 0 0 0 0 0 0 0 0 0 0 37 0 0 0 0 0 0 0 0 0 0 0 0 8 0 0 0 0 0 0 0 0 0 0 0 0 0 0 0 0 0 0 159986 2 17 0 0 0 0 0 25 3 0 1 0 9 0
485 CAC 0 5 0 0 0 0 0 0 0 0 0 0 0 0 0 0 3 160446 5 5 0 1 0 0 0 5 0 0 0 1 0 0 0 0 0 0 0 0 0 0 0 0 0 0 0 0 0 0 0 2 0 0 0 0 0 0 0 0 0 0 0 0 0 0
486 AAG 15 0 160339 9 0 0 9 0 0 2 19 0 0 0 4 0 0 0 0 0 0 0 0 0 0 0 3 2 0 3 0 0 0 0 8 0 5 0 1 0 0 1 0 0 13 4 0 0 0 0 0 1 0 0 0 0 0 0 0 0 0 0 1 0
487 TGT 0 0 0 0 0 0 0 0 0 0 0 1 0 0 0 0 0 0 0 0 0 0 0 0 0 0 0 7 0 0 0 0 0 0 0 0 0 0 0 0 0 0 0 0 0 0 0 0 0 0 0 21 0 0 0 0 1 11 2 160986 0 0 0 0
488 GAC 0 12 0 0 0 0 0 0 0 1 0 0 0 0 0 2 0 0 0 0 3 0 0 0 0 0 0 0 0 0 0 0 3 160737 1 4 0 1 0 0 0 39 0 0 0 3 0 0 0 1 0 0 1 0 0 0 0 0 0 0 0 0 0 0
489 AAT 3 11 0 160989 0 0 0 2 0 0 0 11 0 0 0 1 0 0 0 5 0 0 0 0 0 0 0 0 0 0 0 0 0 2 0 24 0 0 0 0 0 0 0 0 0 0 0 0 0 0 0 2 0 0 0 0 0 0 0 0 0 0 0 0
490 GAA 17 1 1 0 5 0 1 0 0 0 0 0 0 0 14 0 0 2 0 0 0 0 0 0 1 0 0 0 3 0 0 0 160006 6 15 4 5 0 1 0 16 1 1 3 2 0 0 10 1 0 0 0 0 0 2 0 0 0 2 0 10 0 0 4
491 TGC 0 0 0 0 0 0 0 0 0 1 0 0 0 0 0 0 0 0 0 0 0 0 0 0 0 0 0 0 0 0 0 0 0 0 0 0 0 0 0 0 0 0 0 0 0 0 0 0 0 7 0 0 0 0 0 0 0 160439 0 46 0 0 0 0
492 ATG 0 0 2 0 0 0 7 0 0 0 5 0 50 1 158805 10 0 0 0 0 0 0 0 0 0 0 0 0 0 0 3 0 0 0 0 0 0 0 0 0 0 0 0 0 0 0 9 1 0 0 0 0 0 0 0 0 0 0 0 0 0 0 0 0
493 GAA 38 8 0 0 0 0 0 0 0 0 0 0 0 0 1 0 0 3 0 0 0 0 0 0 0 0 0 0 0 0 0 0 159883 7 10 0 2 7 0 0 112 16 0 81 0 0 0 0 1 0 0 0 4 3 3 3 0 0 3 0 0 0 0 0
494 AGT 0 0 0 21 0 0 0 0 1 6 3 160855 0 0 0 1 0 0 0 0 0 0 0 0 0 0 0 2 0 0 0 0 5 0 5 0 0 0 1 0 0 1 0 12 0 0 0 0 0 0 0 0 0 0 1 0 0 0 0 0 0 0 0 0
495 GTA 0 0 0 0 0 0 0 0 0 0 0 0 24 0 0 0 0 0 0 0 0 0 0 0 0 0 0 0 0 0 0 0 1 0 0 0 21 0 0 0 0 0 0 0 160347 2 41 18 0 0 0 0 0 0 0 0 0 0 0 0 2 0 0 0
496 AGA 26 0 1 0 1 0 0 0 160620 1 44 0 1 0 0 0 0 0 0 0 0 0 0 0 5 0 0 0 0 0 0 0 0 0 0 0 0 0 0 0 16 0 0 0 0 0 0 0 0 0 0 0 0 0 0 0 2 0 0 0 0 0 0 0
497 AAT 5 7 7 160597 2 6 3 15 1 3 0 50 6 0 7 3 10 5 0 3 0 0 0 0 0 1 0 0 7 8 13 5 14 0 3 31 0 0 2 1 0 0 6 5 2 2 21 6 0 0 0 0 8 102 2 24 0 3 0 0 4 1 5 0
498 GGG 0 0 0 0 0 0 0 0 0 0 6 0 0 0 0 0 0 0 0 0 0 0 0 0 0 0 1 0 0 0 0 0 4 0 10 0 1 0 0 8 28 4 160600 3 0 0 4 0 0 0 0 1 0 0 0 0 0 0 7 0 0 0 0 0
499 ACT 11 0 0 7 1 13 7 160370 0 0 0 2 0 0 8 7 4 0 0 0 0 0 0 1 5 0 0 0 9 0 0 1 0 0 1 0 0 0 0 28 0 0 0 0 67 0 1 0 0 0 0 0 0 0 7 29 0 0 0 0 0 1 2 2
500 TAT 0 0 0 0 0 0 0 0 0 0 0 0 0 0 0 0 0 1 0 28 0 0 0 0 0 0 0 0 0 0 0 0 0 0 0 0 0 0 0 0 0 0 0 0 0 0 0 0 0 0 0 161074 0 0 0 0 0 0 0 10 0 0 0 0
501 GAT 1 0 0 11 0 0 0 0 5 0 0 0 0 2 0 0 0 0 0 0 0 0 0 0 0 0 0 0 6 0 13 4 2 8 0 159663 0 0 0 1 0 0 0 9 0 0 0 0 0 0 0 8 2 0 4 0 0 4 0 0 0 0 0 0
502 TAT 0 0 0 0 0 0 0 1 0 0 0 0 0 0 0 0 0 0 0 14 0 0 0 0 0 0 0 0 0 0 0 0 0 0 0 0 0 1 2 0 0 0 0 0 0 0 4 0 1 15 3 160630 3 0 0 0 0 0 2 12 0 1 0 1
503 CCA 0 0 0 0 1 2 0 1 0 0 0 0 4 0 0 0 2 0 0 0 159823 48 52 4 2 0 0 0 6 0 0 0 0 0 0 0 4 0 0 0 0 6 0 0 0 0 9 0 0 0 0 0 9 0 0 1 0 0 0 0 0 2 0 0
504 AAA 160361 4 32 3 2 2 0 0 7 0 2 0 1 0 0 1 1 7 2 8 0 0 0 0 0 0 0 0 0 1 0 0 4 0 0 0 0 2 0 0 1 1 1 4 0 0 0 0 2 2 0 0 0 0 0 7 0 0 2 0 0 0 0 0
505 TAT 0 0 0 1 0 0 0 0 0 0 0 0 0 0 0 0 0 0 0 29 0 0 0 0 0 0 0 0 0 0 0 0 0 0 0 2 0 0 0 0 0 0 0 0 0 0 0 0 2 15 0 160545 0 0 0 0 0 0 2 8 0 2 0 4
506 TCA 0 0 0 0 3 0 0 2 0 4 0 0 0 0 0 0 0 0 0 1 11 0 0 0 0 8 2 0 0 0 1 0 5 0 1 0 1 0 0 0 0 0 1 0 1 6 0 0 3 0 0 2 160250 1 85 2 0 0 1 2 26 0 3 7
507 GAA 13 0 0 2 1 0 0 0 0 0 0 0 1 1 0 0 0 0 0 0 0 0 0 0 13 0 2 0 0 4 14 0 160437 78 21 1 1 0 11 0 25 1 0 4 5 0 1 0 5 0 0 0 0 0 0 0 0 0 0 0 0 0 7 0
508 GAA 14 0 0 0 0 0 0 0 0 0 0 0 0 4 0 17 0 0 8 0 0 1 0 0 0 0 0 0 0 1 0 0 160304 7 18 1 0 1 1 1 10 0 0 0 5 0 0 3 1 0 0 0 1 0 0 0 0 1 0 0 0 0 8 0
509 TCA 0 0 0 0 2 0 2 0 0 0 0 23 4 0 0 10 0 0 0 0 9 0 0 0 0 0 0 0 0 0 0 0 0 0 0 0 5 0 12 3 0 0 0 0 1 1 8 4 2 0 0 0 160831 3 20 24 3 0 0 6 17 0 0 0
510 AAG 33 0 160071 2 0 0 22 0 0 0 29 3 0 2 5 1 0 4 3 1 0 0 0 0 6 0 0 5 2 7 8 6 0 0 8 0 0 1 0 0 0 5 2 0 0 0 0 0 0 36 1 10 0 0 0 0 0 0 1 0 48 0 5 0
511 TTG 0 0 0 0 0 0 0 0 0 0 4 10 1 0 1 0 0 1 0 0 0 0 0 0 0 0 0 0 0 2 15 1 1 0 0 0 0 7 0 2 0 1 4 0 0 0 2 0 0 0 1 0 1 0 8 0 0 2 1 0 46 5 160245 3
512 AAC 21 159811 4 23 0 2 0 0 0 121 0 3 0 2 0 0 0 0 4 0 0 0 0 0 0 0 2 3 0 5 0 3 0 11 0 0 0 0 0 0 0 0 0 7 0 5 0 0 0 2 0 0 0 6 0 2 0 1 0 1 0 0 0 0
513 AGG 2 0 16 0 0 2 0 0 27 0 137443 2 0 0 24 11 0 0 0 0 0 0 0 0 0 0 20 8 4 0 0 0 0 0 0 1 0 0 0 0 0 0 47 0 0 0 0 0 0 1 0 0 0 4 0 0 0 0 12 0 0 0 0 0
514 GAA 28 0 0 0 0 0 0 0 0 0 0 0 0 0 0 0 1 0 0 0 0 0 0 0 0 1 1 0 0 0 0 0 160128 5 9 2 1 0 0 0 31 0 0 0 3 0 0 0 0 0 0 1 0 4 0 0 0 0 0 0 0 3 0 1
515 AAG 52 0 160195 11 15 0 5 19 1 0 67 21 0 0 0 0 0 0 1 4 0 0 33 10 0 0 0 0 0 0 0 0 0 0 9 2 5 0 8 0 0 4 0 0 4 0 19 3 0 0 1 0 0 1 0 0 0 0 0 0 0 3 0 33
516 ATA 0 0 0 0 7 0 0 0 0 0 0 0 160041 0 39 14 0 0 0 0 0 0 0 0 0 0 0 0 1 9 0 0 0 0 0 0 0 0 0 0 0 0 0 0 15 2 0 0 0 0 0 0 0 0 0 0 0 0 0 0 0 0 0 0
517 GAT 2 0 1 29 0 0 0 0 8 2 0 2 17 0 1 1 0 0 0 0 0 0 1 0 0 0 0 0 1 3 0 0 2 13 6 160153 21 0 0 1 0 0 0 25 1 5 0 13 0 0 0 1 4 0 3 0 0 0 5 0 0 0 4 1
518 GGA 13 0 1 0 14 4 24 6 36 5 0 1 11 1 29 0 0 0 0 0 1 1 0 0 0 1 0 19 0 2 4 5 37 0 1 1 23 12 1 8 159074 6 23 3 0 90 9 0 0 0 0 7 12 0 0 8 3 0 0 0 1 5 0 23
519 GTG 0 0 0 0 0 0 0 0 0 0 0 0 0 0 21 1 0 0 0 0 0 0 0 0 0 0 0 0 0 0 2 0 0 0 1 0 0 0 9 2 0 0 0 0 17 0 159541 18 0 0 0 0 0 0 0 0 0 0 0 0 2 0 0 0
520 AAA 160017 18 20 7 2 6 0 0 9 5 0 0 0 0 0 0 4 6 0 7 0 0 5 0 3 1 0 1 1 0 0 0 37 1 1 0 0 1 0 0 3 6 0 0 4 1 1 0 0 0 0 0 0 0 0 4 0 0 0 0 1 0 0 0
521 TTG 0 0 0 0 0 0 0 0 0 0 0 0 28 0 34 0 0 0 0 0 0 0 0 0 0 0 0 0 1 0 15 0 0 0 0 0 0 0 0 0 0 0 0 0 0 2 3 0 0 0 0 0 0 0 9 0 0 0 8 0 25 0 158650 9
522 GAA 16 0 0 5 0 0 0 0 0 0 0 0 0 0 0 1 4 0 0 0 0 0 0 0 0 0 0 0 0 0 0 0 158468 12 18 0 0 0 0 0 71 0 0 0 1 0 1 0 1 0 0 0 2 11 0 0 0 0 0 1 0 0 0 0
523 TCA 0 0 0 1 0 0 0 0 0 0 1 0 0 0 0 0 5 0 0 0 41 3 0 0 0 0 4 0 0 0 0 0 2 1 2 0 2 0 0 0 0 0 3 0 0 0 0 4 3 0 0 0 157254 1 14 0 0 0 0 0 5 0 0 0
524 ATG 0 0 1 0 0 0 8 0 0 0 2 0 22 2 88132 9 0 0 0 0 0 0 0 0 0 0 0 0 0 0 1 8 0 0 1 2 0 0 0 0 2 0 0 0 1 1 6 3 0 0 0 0 4 0 0 0 0 0 0 0 0 0 1 1
525 GGG 0 0 0 3 0 0 0 0 0 0 6 0 0 0 0 0 0 0 0 1 0 0 0 0 0 0 0 0 0 0 0 0 0 3 11 3 1 0 0 0 27 0 94128 1 4 0 2 0 0 0 0 0 0 0 0 0 0 0 4 0 0 0 0 0
526 GTG 0 0 0 0 0 1 0 0 0 2 0 0 2 0 18 0 0 0 0 1 0 2 0 0 0 0 0 0 7 0 0 4 1 0 1 0 0 0 3 0 0 3 5 0 63 0 104292 13 0 0 0 0 0 0 0 1 0 0 5 0 5 0 3 1
527 TAT 0 0 0 2 1 0 1 0 0 0 0 3 0 0 0 0 0 0 14 35 0 0 0 0 0 0 0 0 0 0 0 0 10 0 0 0 0 0 0 0 0 0 0 0 0 0 0 0 1 30 0 83657 0 0 0 1 0 0 0 6 0 0 0 2
528 CAG 2 0 4 0 0 0 0 0 0 0 0 0 0 0 0 0 9 8 105729 1 0 0 1 0 0 0 36 0 0 0 0 3 0 1 0 2 0 0 0 0 0 0 0 0 0 0 0 0 0 0 3 0 0 0 0 0 0 0 0 0 0 0 0 0
529 ATT 0 0 3 3 0 0 0 5 0 0 0 2 0 3 2 111914 0 0 0 0 0 0 0 0 0 0 0 0 0 0 0 1 0 0 0 0 0 0 0 0 0 0 0 0 0 0 0 11 0 1 0 1 0 0 0 0 0 0 1 0 0 0 0 0
530 CTG 0 0 0 0 0 0 0 0 0 0 0 0 0 0 8 0 0 0 0 0 0 0 7 0 0 0 2 0 0 0 130991 0 0 0 0 0 0 0 0 0 0 0 0 0 0 0 0 0 0 0 0 0 0 0 0 0 0 0 0 0 0 0 5 0
531 GCG 0 0 0 0 0 0 6 0 0 0 0 0 0 0 0 0 0 0 0 0 0 0 0 0 0 0 0 0 0 0 0 0 0 0 3 0 6 0 133828 1 0 0 2 0 0 0 22 0 0 0 0 0 0 0 0 1 0 0 0 0 0 0 0 0
532 ATC 0 0 0 0 0 13 0 0 0 0 0 0 2 140205 1 7 0 0 0 0 0 0 0 0 0 0 0 0 0 0 0 0 0 0 0 0 0 0 0 0 0 1 0 0 0 16 0 0 0 0 0 0 0 0 0 0 0 0 0 0 0 4 0 0
533 TAC 0 3 0 0 0 0 0 0 0 0 0 0 0 0 0 0 0 47 0 0 0 0 0 0 0 0 0 0 0 0 0 0 0 0 0 1 0 0 0 0 0 0 0 0 0 0 0 0 6 153040 1 25 0 0 0 0 0 4 0 0 0 1 0 0
534 TCA 0 0 0 0 2 0 0 0 0 0 0 2 0 0 0 0 0 0 0 0 26 0 0 0 0 0 0 0 0 0 0 0 0 0 0 0 0 0 0 0 0 0 0 0 0 0 0 0 2 0 0 0 153556 0 14 0 0 0 0 0 2 0 0 0
535 ACT 0 0 0 5 15 15 2 140408 0 0 0 0 0 0 0 13 0 0 0 0 0 0 0 4 0 0 0 0 0 0 0 0 0 0 0 0 0 0 0 6 0 0 0 2 0 0 0 0 0 0 0 0 0 0 0 1 0 0 0 0 0 0 0 0
536 GTC 0 0 0 0 0 0 0 0 0 0 0 0 0 52 0 0 0 0 0 0 0 0 0 0 0 0 0 0 0 0 0 0 0 0 0 0 0 7 0 0 0 2 0 0 0 138702 0 5 0 0 0 0 0 0 0 0 0 0 0 0 0 2 0 0
537 GCC 0 0 0 0 0 42 0 0 0 0 0 0 0 0 0 0 0 0 0 0 0 0 0 0 0 0 0 0 0 0 0 0 0 1 0 0 3 157982 1 9 0 0 0 0 0 3 0 0 0 0 0 0 0 2 0 0 0 0 0 0 0 0 0 0
538 AGT 0 0 0 25 0 0 0 0 1 15 0 157993 0 0 0 4 0 0 0 0 0 0 0 0 0 0 0 0 0 0 0 0 0 0 0 0 0 0 2 25 0 0 0 11 0 0 1 4 0 0 0 0 0 1 2 0 0 4 0 3 0 0 0 0
539 TCA 0 0 0 0 6 0 0 0 0 2 0 0 0 0 0 0 0 0 0 0 10 0 0 0 0 0 0 0 0 0 0 0 0 0 0 0 0 0 0 0 0 0 0 0 0 0 0 0 0 0 0 0 156040 6 6 13 3 0 0 0 10 0 0 0
540 CTG 0 0 0 0 0 0 0 0 0 0 0 0 1 0 10 0 0 0 1 0 0 0 17 0 0 0 2 0 38 2 158516 9 0 0 0 0 3 1 1 0 0 2 0 0 2 1 2 0 0 0 0 0 0 1 1 0 0 0 0 0 4 0 13 43
541 GTG 0 0 0 0 0 0 4 2 0 0 0 0 0 2 10 31 0 0 0 0 2 0 0 0 0 0 0 0 0 0 1 10 0 0 0 0 0 0 1 0 0 0 0 0 39 14 159175 7 0 0 0 0 0 0 7 0 0 0 2 0 1 0 0 0
542 CTT 0 0 0 0 2 0 0 0 0 0 0 0 6 1 8 10 0 0 0 3 0 0 0 24 0 0 0 2 13 9 37 159973 0 0 0 0 0 0 8 1 0 0 0 0 0 0 1 0 0 0 0 0 0 0 0 0 0 0 0 1 7 0 0 41
543 TTG 0 0 0 0 0 0 0 0 0 0 0 0 3 0 3 0 0 0 0 0 0 0 0 0 0 0 0 0 1 0 15 0 0 0 0 0 2 0 3 1 0 0 0 0 9 0 0 0 0 9 0 0 5 0 22 0 0 0 28 0 13 4 160179 2
544 GTC 0 0 0 0 0 0 0 0 0 0 0 0 0 11 0 0 0 0 0 0 0 0 0 0 0 0 0 0 0 0 0 0 0 0 0 0 0 11 0 0 0 0 0 0 1 158434 1 9 0 0 0 0 0 0 0 0 0 0 0 0 0 1 0 0
545 TCC 0 0 0 0 0 1 0 0 0 0 0 0 0 0 0 0 0 0 0 0 0 18 0 0 0 0 0 0 0 0 0 1 0 0 0 0 0 3 0 1 0 0 0 0 0 0 0 0 0 1 0 0 5 160328 6 5 0 1 0 0 0 1 0 0
546 CTG 0 0 0 0 0 0 0 0 0 0 0 0 0 0 2 0 0 0 4 0 0 0 26 0 0 0 2 0 19 1 156184 1 0 0 0 0 0 0 0 0 0 0 0 0 0 0 1 0 0 0 0 0 0 0 0 0 0 0 0 0 0 0 7 0
547 GGG 0 0 0 0 0 0 0 0 0 0 5 0 0 0 0 0 0 0 0 0 0 0 0 0 0 0 0 0 0 0 0 0 0 0 6 0 0 0 0 0 3 0 157843 1 0 0 4 0 0 0 0 0 0 0 0 0 0 0 0 0 0 0 0 0
548 GCA 0 0 0 0 44 0 0 0 0 0 0 0 0 0 0 0 0 0 0 0 0 0 0 0 0 0 0 0 0 0 0 0 2 0 0 0 160055 1 3 2 3 0 0 0 20 0 0 0 0 0 0 0 1 0 0 0 0 0 0 0 0 0 0 0
549 ATC 0 0 0 0 0 13 0 0 0 2 0 0 2 160458 1 9 0 0 0 0 0 0 0 0 0 0 0 0 0 1 0 0 0 0 0 0 0 0 0 0 0 0 0 0 0 8 0 0 0 0 0 0 0 0 0 0 0 0 0 5 0 1 0 0
550 AGT 0 4 0 10 0 0 0 0 2 20 1 160371 0 0 0 7 0 0 0 0 0 0 0 0 0 0 0 5 0 0 11 0 0 0 0 0 0 0 0 0 0 0 0 40 5 0 0 0 0 0 0 0 0 5 0 0 0 6 0 4 0 7 0 10
551 TTC 0 0 0 0 0 0 9 0 0 0 0 0 0 6 0 0 0 0 0 0 0 0 0 0 0 0 0 0 0 9 0 11 0 0 0 0 0 0 0 0 1 0 0 0 5 2 0 0 0 6 0 0 0 7 0 0 0 0 0 0 8 159681 6 13
552 TGG 0 0 0 0 0 0 0 0 0 0 4 0 0 0 0 0 0 0 0 0 0 0 0 0 0 0 10 0 0 0 0 0 0 0 0 0 0 0 0 0 0 0 5 0 0 0 0 0 0 6 8 0 0 0 0 0 15 0 160263 7 0 1 3 0
553 ATG 0 0 0 0 0 0 6 0 0 0 0 0 10 0 160468 1 0 0 0 0 0 0 0 0 0 0 0 0 0 0 1 0 0 0 0 0 0 4 0 0 0 0 0 43 0 0 11 0 0 0 0 0 2 0 0 0 0 0 0 0 0 0 0 0
554 TGT 0 0 0 0 0 0 0 0 0 0 0 0 0 0 2 0 0 0 0 0 0 0 0 0 0 0 0 2 0 0 3 0 0 0 0 0 4 0 0 0 0 0 1 0 0 0 0 0 0 0 0 14 0 0 0 0 0 30 3 160383 0 0 1 1
555 TCT 0 0 0 4 0 0 0 7 0 0 0 9 7 0 2 0 2 0 0 0 0 0 0 10 1 0 0 1 1 0 0 0 2 0 0 0 2 0 18 0 0 0 0 0 0 0 2 0 0 0 0 4 3 14 5 160722 0 0 0 0 2 1 0 5
556 AAT 2 9 16 160495 1 2 0 2 0 0 0 7 12 1 0 3 0 0 0 2 0 0 0 0 0 0 0 0 0 0 0 0 0 0 0 21 0 0 0 0 0 0 0 1 0 7 1 0 0 0 0 0 0 0 0 0 0 0 0 0 0 0 0 0
557 GGG 0 0 0 0 0 0 0 0 0 1 16 0 0 0 0 0 3 0 0 0 0 0 0 0 0 0 0 0 0 0 0 0 0 0 8 0 0 0 6 0 33 1 160197 3 0 0 3 0 0 0 0 0 0 0 0 0 0 0 4 0 0 0 0 0
558 TCT 0 0 0 0 0 0 0 2 0 0 0 0 3 0 2 0 17 0 0 0 0 0 0 1 0 0 0 0 3 0 0 4 0 0 0 0 3 1 0 32 0 0 0 0 0 0 0 0 0 4 0 2 15 10 5 160773 0 0 0 2 0 0 0 4
559 TTG 0 0 0 0 0 0 0 0 0 0 0 0 0 0 2 0 0 0 0 0 0 0 0 0 0 0 0 0 0 0 13 0 0 0 0 0 0 0 0 0 0 0 0 0 0 0 1 0 0 0 0 0 0 0 8 0 0 0 0 1 23 0 160631 3
560 CAG 0 0 4 0 0 0 0 1 0 0 0 0 0 0 0 0 20 0 160643 0 0 0 1 0 0 0 11 0 0 0 1 0 0 0 11 0 0 0 0 0 0 0 0 0 4 0 0 0 0 0 88 0 1 0 0 0 0 0 0 0 0 0 0 0
561 TGC 0 0 0 0 0 0 0 0 0 0 0 0 0 0 0 4 0 0 0 0 0 0 0 0 0 0 0 0 4 0 0 0 0 0 0 0 0 0 0 0 0 0 0 0 0 1 0 0 0 78 0 0 0 0 0 0 4 160433 0 27 0 6 7 0
562 AGA 8 0 2 0 0 0 9 0 160647 0 11 0 2 0 0 0 2 0 0 0 0 0 0 0 12 0 0 3 0 0 0 0 0 0 2 0 0 0 0 0 16 0 0 0 0 0 0 0 0 0 0 0 0 0 0 0 1 0 0 0 0 0 0 0
563 ATA 0 0 0 0 20 0 0 0 1 0 0 0 160977 0 21 0 0 0 0 0 0 0 0 0 0 0 0 0 0 0 0 0 0 0 0 0 0 0 0 0 0 0 0 0 5 0 0 1 0 0 0 0 0 0 0 0 0 0 0 0 1 0 0 2
564 TGC 0 0 0 0 0 0 0 0 0 2 0 0 0 0 0 0 0 0 0 0 0 0 0 0 0 3 0 0 0 0 0 0 0 2 0 0 0 0 0 0 0 1 0 0 0 0 0 0 0 44 0 0 0 1 0 0 3 160545 0 55 0 2 0 0
565 ATC 0 0 0 0 0 5 0 0 0 1 0 0 4 160345 0 5 0 0 0 0 0 0 0 0 0 0 0 0 1 1 0 0 0 0 0 0 0 0 0 0 0 0 0 0 0 6 0 0 0 0 0 0 0 0 0 0 0 0 0 0 0 0 0 0
566 TGA 0 0 0 0 0 0 0 0 3 0 0 0 0 0 0 0 0 0 0 0 0 0 0 0 45 0 0 0 0 0 0 0 0 0 0 0 0 0 0 0 1 0 0 0 0 0 0 0 21 0 0 0 1 0 0 0 160645 0 14 0 2 0 0 0
