# POSITION WT AAA AAC AAG AAT ACA ACC ACG ACT AGA AGC AGG AGT ATA ATC ATG ATT CAA CAC CAG CAT CCA CCC CCG CCT CGA CGC CGG CGT CTA CTC CTG CTT GAA GAC GAG GAT GCA GCC GCG GCT GGA GGC GGG GGT GTA GTC GTG GTT TAA TAC TAG TAT TCA TCC TCG TCT TGA TGC TGG TGT TTA TTC TTG TTT
1 ATG 0 0 4 0 0 0 16 0 0 0 2 0 13 0 221582 1 0 0 0 0 0 0 0 0 0 0 0 0 0 0 1 0 0 0 0 0 0 0 0 0 0 0 0 0 0 0 4 0 0 0 0 0 0 0 0 0 0 0 0 0 0 0 2 0
2 AAG 68 1 220745 18 23 4 28 33 0 0 25 0 0 0 26 20 1 0 9 3 0 0 50 27 4 0 1 0 44 0 38 0 7 0 32 0 6 10 0 0 0 4 0 11 0 0 1 0 0 79 0 0 27 64 1 15 0 3 1 22 2 10 1 0
3 GCA 1 0 0 15 34 0 0 0 7 0 3 12 0 0 0 0 0 0 0 0 0 0 0 0 0 0 0 0 0 0 0 0 21 0 0 0 220920 5 3 14 0 0 0 0 58 0 0 3 0 0 0 31 4 0 0 1 0 3 0 0 35 0 0 5
4 AAA 218393 15 19 3 1 3 0 3 7 106 0 0 3 11 0 0 2 2 0 0 0 0 0 1 0 0 0 0 0 4 1 0 5 0 0 0 0 6 0 8 0 0 0 0 9 27 9 1 3 0 0 0 1 0 19 14 0 2 6 0 1 0 4 0
5 CTA 0 0 0 0 0 0 0 0 0 0 0 0 11 9 0 12 0 0 0 0 54 0 0 0 0 0 0 0 221520 2 89 19 0 0 0 0 0 0 0 14 0 0 0 0 7 0 0 0 0 0 0 0 0 0 0 0 0 0 8 0 25 0 0 20
6 CTG 0 0 0 0 0 0 0 0 0 0 0 0 0 2 9 0 0 0 0 0 0 0 16 0 0 0 1 0 81 0 221140 3 0 0 0 0 0 0 0 0 0 0 0 0 0 0 3 1 0 0 0 0 0 0 0 0 0 0 0 0 8 24 9 0
7 GTC 0 0 0 0 13 0 0 0 0 0 0 0 7 20 8 0 0 0 0 0 0 0 0 0 0 0 0 0 0 102 0 0 0 3 3 0 4 26 9 0 0 0 0 2 5 220804 5 9 3 19 0 0 0 0 0 0 0 0 0 5 0 11 0 0
8 CTG 0 0 0 0 0 0 0 0 0 0 0 0 2 0 19 0 0 0 11 0 0 0 56 0 0 0 4 0 27 1 221331 4 0 0 0 0 3 0 0 0 0 0 0 0 8 4 0 0 0 0 0 0 0 0 1 0 0 0 0 0 0 0 6 1
9 TTA 0 0 0 0 0 0 0 0 0 0 0 0 0 0 0 1 0 0 0 0 0 0 0 0 0 0 0 0 26 0 0 0 0 0 0 0 0 0 0 0 0 0 0 0 3 0 3 2 0 2 0 0 11 0 0 0 1 0 0 0 221455 2 26 13
10 TAT 0 0 0 0 1 0 0 0 0 0 0 0 0 18 0 0 0 0 0 35 0 0 0 0 0 0 0 1 16 0 0 0 0 0 0 2 0 0 0 0 0 0 0 0 0 2 0 0 3 18 3 220512 0 0 11 0 5 12 0 91 0 0 0 1
11 GCA 0 0 0 0 57 0 0 54 0 0 0 2 0 0 11 0 0 6 0 0 0 0 0 0 0 0 0 11 18 13 0 4 13 0 0 0 220890 1 11 0 16 0 0 0 27 10 1 0 0 7 0 10 33 1 15 0 0 0 1 33 4 0 14 32
12 TTT 0 0 0 0 0 0 0 0 0 3 0 0 6 17 0 1 0 0 0 0 0 38 1 0 0 0 0 0 6 1 1 44 0 0 0 0 0 0 0 31 0 0 0 0 7 21 2 10 0 0 0 1 0 0 0 3 0 10 0 0 18 13 7 220819
13 GTA 0 0 0 0 22 0 0 3 0 0 0 0 15 0 0 5 0 0 0 0 0 0 0 0 0 0 0 0 0 0 0 0 0 0 0 0 55 0 0 0 0 0 0 0 221605 2 36 4 0 0 0 0 4 0 0 0 0 0 0 0 1 0 0 0
14 GCT 0 0 0 0 0 0 0 21 0 0 0 0 0 0 0 0 28 0 0 0 0 0 0 2 0 0 0 0 2 0 0 0 0 0 0 7 1 217 0 221323 0 0 0 0 0 0 0 9 0 0 0 0 0 0 0 6 0 0 0 1 0 6 0 0
15 ACA 0 0 0 0 221514 23 134 41 3 0 0 0 11 0 0 0 0 0 0 0 0 0 0 0 0 0 0 0 0 0 0 0 0 0 0 0 17 0 7 0 0 0 0 0 2 0 0 0 0 0 0 0 0 0 0 1 0 0 0 0 0 0 0 0
16 GAT 0 0 0 17 0 0 0 0 0 0 0 0 0 0 0 0 0 2 0 0 0 0 0 0 5 0 0 0 0 0 0 0 4 6 1 221649 0 0 4 13 0 0 0 6 0 0 0 0 0 2 0 2 0 0 0 0 0 0 0 0 0 0 0 0
17 GCA 0 0 0 0 51 0 0 0 0 0 0 0 0 0 0 0 0 0 0 0 0 0 0 0 0 0 0 0 0 0 0 0 2 0 0 0 220765 2 73 6 9 0 0 0 40 0 0 0 0 0 0 0 6 0 0 0 0 0 0 0 0 0 0 0
18 GAC 0 3 0 0 0 0 0 0 0 0 0 0 0 0 0 0 0 1 0 0 0 0 0 0 0 0 0 0 0 0 0 0 1 221151 6 5 0 1 0 0 0 25 0 0 0 1 0 0 0 1 0 0 0 0 0 0 0 0 0 0 0 0 0 0
19 ACA 7 1 0 0 219188 0 34 36 3 0 0 3 13 0 0 0 0 3 0 9 1 0 0 0 0 1 2 12 0 1 0 0 0 0 0 0 4 0 0 0 0 0 0 0 3 2 0 0 0 0 0 0 0 0 0 6 0 0 0 0 0 0 0 0
20 ATA 0 0 0 0 9 0 0 0 0 0 0 0 221710 0 29 9 0 0 0 0 0 0 0 0 0 0 0 0 7 0 0 2 0 0 0 0 0 0 0 0 0 0 0 0 4 0 0 1 0 0 0 0 0 0 0 0 0 0 0 0 0 0 0 0
21 TGT 0 0 0 0 0 0 0 0 0 0 0 2 0 0 0 0 0 0 0 0 0 0 0 0 0 0 0 5 0 0 0 0 0 0 0 0 0 0 0 0 0 6 0 0 0 0 0 0 0 0 0 14 0 0 0 1 0 44 0 221420 0 0 0 0
22 ATA 2 0 0 0 22 0 0 0 0 0 0 0 221370 2 54 3 0 0 0 0 0 0 0 0 0 0 0 0 0 0 0 0 0 0 0 0 0 0 0 0 0 0 0 0 43 0 0 0 0 0 0 0 0 0 0 0 0 0 0 0 0 0 0 0
23 GGC 0 0 0 0 0 0 0 0 0 2 0 0 0 0 0 0 0 0 0 0 0 0 0 0 0 0 0 0 0 0 0 0 0 17 0 0 0 3 0 0 29 221513 13 11 0 2 0 0 0 0 0 0 0 0 0 0 0 21 0 0 0 0 0 0
24 TAC 0 0 0 0 14 0 0 0 0 0 0 0 0 0 0 0 0 20 0 0 0 0 0 0 0 0 0 1 0 0 0 0 0 0 0 0 0 0 0 0 0 0 0 0 0 0 0 0 1 221366 3 35 0 2 0 0 0 4 0 0 0 5 0 0
25 CAT 0 0 0 3 0 0 0 0 0 0 0 0 0 10 0 0 1 26 0 221468 0 0 0 1 0 0 0 21 0 0 0 4 0 0 0 0 0 6 0 2 0 0 0 0 0 0 0 0 0 0 0 7 0 0 0 0 0 0 0 0 0 0 1 0
26 GCG 0 0 0 3 0 0 23 0 0 0 0 0 0 0 0 0 0 0 0 0 0 0 0 0 0 0 0 0 0 0 0 0 0 0 2 0 99 7 220624 20 0 0 0 0 0 0 35 0 0 0 0 0 0 0 3 0 0 0 0 0 0 0 0 0
27 AAC 0 218343 1 20 0 2 0 0 0 15 0 0 0 0 0 0 0 0 0 0 0 0 0 0 0 0 0 0 0 0 0 0 0 5 0 0 0 0 0 0 0 0 0 0 0 0 0 0 0 5 0 0 0 0 0 0 0 0 0 0 0 0 0 0
28 AAC 3 219996 0 27 0 0 0 0 0 6 0 0 0 0 0 0 0 0 0 0 0 0 0 0 0 0 0 0 0 0 0 0 0 4 0 0 0 0 0 0 0 0 0 0 0 0 0 0 0 0 4 0 0 0 0 0 0 0 0 0 0 0 0 0
29 TCA 0 1 0 0 7 0 0 0 0 0 0 0 0 0 0 0 0 0 0 0 27 0 0 0 0 0 0 0 0 0 0 0 0 0 0 0 4 0 1 0 0 0 3 0 0 0 0 0 4 0 3 0 221053 2 28 0 3 0 0 0 8 0 0 0
30 ACC 0 18 0 0 7 221071 21 45 0 1 0 0 0 34 0 0 0 0 0 0 0 2 0 0 0 0 0 0 0 0 0 0 0 0 0 0 0 29 0 0 0 0 0 0 0 0 0 0 0 0 0 0 0 2 0 0 0 0 0 0 0 0 0 0
31 GAC 0 69 0 0 2 0 1 0 0 0 0 0 0 0 0 0 1 3 0 0 0 0 0 0 0 0 0 0 0 0 0 0 2 217844 9 51 0 0 0 0 0 11 0 0 0 0 0 0 0 4 0 0 0 0 0 0 0 0 0 0 0 0 0 0
32 ACT 0 0 0 0 3 28 6 219067 0 0 0 1 0 0 0 9 0 0 0 0 0 0 0 3 0 6 0 0 0 0 0 0 0 0 0 0 0 2 0 12 0 0 0 0 0 2 0 0 5 0 0 0 0 0 0 0 0 0 0 0 0 0 0 0
33 GTT 0 0 0 0 0 0 0 0 0 0 0 0 0 0 0 40 0 0 0 0 0 0 0 0 0 0 0 0 0 0 0 0 0 0 0 1 0 0 0 11 0 0 0 2 10 34 17 220851 0 0 0 0 0 0 0 0 0 0 0 0 0 0 0 0
34 GAC 0 19 0 0 0 0 0 0 0 0 0 0 0 0 0 0 0 0 0 0 0 0 0 0 0 0 0 0 0 0 0 0 2 220893 2 16 0 0 0 0 0 13 0 0 0 0 0 0 0 2 0 0 0 0 0 0 0 0 0 0 0 0 0 0
35 ACA 1 0 0 0 221483 1 20 0 0 0 0 0 5 0 0 0 0 0 0 0 3 0 0 0 0 0 0 0 0 0 0 0 0 0 0 0 9 0 0 0 0 0 0 0 0 0 0 0 0 0 0 0 1 0 0 0 0 0 0 0 0 0 0 0
36 ATA 4 0 0 0 15 0 0 0 0 0 0 0 220939 0 15 0 0 0 0 0 0 0 0 1 0 0 0 0 1 0 0 0 0 0 0 0 0 0 0 0 0 0 0 0 7 0 0 0 0 0 0 0 0 0 0 0 0 0 0 0 1 0 0 0
37 CTC 0 0 2 0 1 5 24 0 36 21 27 0 0 12 0 0 7 8 0 0 0 10 0 0 4 0 0 0 11 220646 0 43 0 0 0 0 0 0 0 0 0 0 0 0 0 0 0 0 0 2 0 1 13 21 22 4 0 0 0 1 0 2 0 0
38 GAG 0 0 22 0 0 0 0 0 0 0 0 0 0 0 0 0 6 0 0 0 0 0 0 0 0 0 0 0 0 0 0 0 41 0 221206 9 0 0 0 0 0 0 16 0 0 0 1 0 0 0 4 0 0 0 0 0 0 0 0 0 0 0 0 0
39 AAG 30 0 193220 9 0 0 0 0 0 0 25 0 0 0 9 0 0 0 0 0 0 0 0 0 0 0 0 0 0 0 0 0 0 0 9 0 0 0 0 0 0 0 0 0 0 0 0 0 0 0 0 0 0 0 0 0 0 0 0 0 0 0 0 0
40 AAT 1 3 0 220844 0 0 0 11 0 0 0 12 0 0 0 1 0 0 0 0 0 0 0 0 0 0 0 0 0 0 0 0 0 1 0 20 0 0 0 0 0 0 0 0 0 0 0 0 0 0 0 0 0 0 0 0 0 0 0 0 0 0 0 0
41 GTG 0 0 0 0 0 0 0 0 0 0 0 0 3 0 11 0 0 0 0 0 0 0 0 0 0 0 0 0 0 0 0 0 0 0 1 0 0 0 8 0 0 0 1 0 34 0 220530 5 0 0 0 0 0 0 0 0 0 0 0 0 0 0 1 0
42 GCA 0 0 0 0 33 0 0 0 0 0 0 0 5 0 0 0 0 0 0 0 0 0 0 0 0 0 0 0 0 0 0 0 3 0 0 0 217642 4 14 3 2 0 0 0 89 0 0 0 0 0 0 0 2 0 0 0 0 0 0 0 0 0 0 0
43 GTG 0 0 0 0 0 0 0 0 0 0 0 0 0 0 25 0 0 0 0 0 0 0 0 0 0 0 0 0 0 0 0 0 0 0 3 0 0 0 12 0 0 0 0 0 23 0 218881 10 0 0 0 0 0 0 0 0 0 0 0 0 0 0 3 0
44 ACA 1 0 0 0 214241 4 11 0 0 0 0 0 14 0 0 0 0 0 0 0 2 0 0 0 0 0 0 0 0 0 0 0 0 0 0 0 20 0 0 0 0 0 0 0 0 0 0 0 0 0 0 0 1 0 0 0 0 0 0 0 0 0 0 0
45 CAT 0 0 0 1 0 0 0 0 0 0 0 0 0 0 0 0 2 60 5 211794 0 0 0 0 0 0 0 10 0 0 0 0 0 0 0 0 0 0 0 0 0 0 0 0 0 0 0 0 0 0 0 6 0 0 0 1 0 1 0 0 0 0 0 0
46 TCT 0 0 0 0 0 0 0 5 0 4 0 2 0 0 0 0 0 0 0 0 0 0 0 8 0 0 0 0 0 0 0 0 0 0 0 0 0 0 0 0 0 0 0 0 0 0 0 0 0 0 0 6 3 35 22 213405 0 0 0 0 0 0 0 8
47 GTT 1 0 0 0 0 0 0 0 0 0 0 0 0 5 5 48 0 0 0 0 0 0 0 0 0 0 0 0 0 0 0 2 0 0 0 0 0 1 2 10 0 0 0 0 2 77 4 210529 0 0 0 1 0 0 0 0 0 0 0 0 0 5 0 5
48 AAC 2 213846 2 16 3 4 0 0 0 21 0 0 0 0 0 0 0 0 0 0 0 0 0 0 1 0 0 0 0 0 0 0 0 32 0 0 0 0 0 0 0 0 0 0 0 0 0 0 0 0 0 0 0 0 0 0 0 0 0 0 0 0 0 0
49 CTG 0 0 0 0 0 0 0 0 1 0 0 0 0 0 12 0 0 0 0 0 0 0 13 0 0 0 2 0 68 15 210843 6 0 0 0 0 0 0 0 0 0 0 0 0 0 0 0 1 0 0 0 0 0 0 1 0 0 0 0 0 8 0 16 0
50 CTC 3 0 1 0 0 0 0 0 0 0 0 0 0 5 2 0 0 0 1 0 7 8 0 0 1 0 0 0 8 207286 0 42 0 0 0 0 0 0 0 0 0 0 0 0 0 0 0 0 0 0 0 0 0 0 0 0 0 0 0 0 4 4 0 0
51 GAA 15 0 0 0 0 4 0 0 0 0 0 0 1 11 0 0 8 0 1 0 0 0 0 0 0 0 0 0 0 0 0 0 165620 1 16 2 0 0 21 2 6 0 0 0 0 6 0 0 0 0 0 0 0 0 0 0 0 0 0 2 0 0 0 0
52 GAC 4 12 0 0 1 0 0 0 0 0 0 5 0 0 0 0 5 1 0 1 0 0 0 0 8 0 0 0 0 0 0 0 10 122962 2 12 0 5 4 0 0 20 0 3 0 0 1 0 0 2 0 0 0 0 0 19 1 0 0 0 0 0 0 0
53 AGC 2 73 0 1 0 0 63 0 1 143908 6 68 0 2 2 0 0 0 7 0 0 0 0 0 23 11 3 0 2 0 0 0 5 0 15 3 0 12 3 2 1 40 0 2 0 3 0 0 0 0 0 0 2 9 0 0 0 0 0 0 0 5 2 0
54 CAC 0 1 0 1 0 0 2 13 0 0 0 0 0 0 0 0 0 124066 0 33 0 2 0 0 0 2 0 0 0 0 0 0 0 1 0 0 0 0 0 1 0 0 0 0 0 0 0 0 0 3 0 0 0 0 0 0 0 0 0 0 0 0 0 0
55 AAC 3 158627 1 49 0 0 0 0 0 19 0 0 0 0 0 0 0 0 0 0 0 0 0 0 0 0 0 0 0 0 0 0 0 11 0 0 0 0 0 0 0 0 0 0 0 0 0 0 0 0 0 0 0 0 0 0 0 0 0 0 0 0 0 0
56 GGG 0 0 3 0 0 0 2 0 0 1 8 0 0 0 0 0 0 0 0 0 0 0 0 0 0 0 17 0 0 0 2 0 0 0 18 0 0 0 0 0 59 0 190515 4 0 0 1 0 0 0 0 0 0 0 0 0 0 0 4 0 0 0 0 0
57 AAA 212893 0 20 0 0 0 1 0 30 0 18 0 0 0 0 0 0 0 2 0 0 0 0 0 0 0 0 0 1 0 0 0 37 0 0 0 11 0 0 0 3 0 0 0 1 0 0 0 2 5 0 0 0 0 0 0 0 0 0 0 2 0 0 0
58 CTA 0 2 0 0 0 0 0 2 0 0 0 0 4 1 0 0 0 0 0 0 14 0 0 0 2 0 0 0 182784 0 16 0 0 0 0 0 0 0 0 0 0 0 0 0 0 0 0 0 0 0 0 0 0 0 0 0 0 0 0 0 9 0 1 0
59 TGT 0 1 0 0 0 0 0 0 0 0 0 0 0 0 6 0 0 0 0 0 0 0 0 0 0 0 0 15 0 0 0 0 0 0 0 0 0 0 0 0 0 0 2 0 0 0 0 0 0 0 0 13 0 0 0 1 0 25 0 197297 0 0 0 4
60 AAA 217890 15 74 27 1 1 0 4 8 11 1 0 0 0 2 0 1 0 0 1 0 0 0 0 0 10 3 7 17 5 4 0 27 0 0 2 6 17 0 18 0 0 0 0 0 0 0 0 9 2 0 30 8 9 2 3 0 0 0 0 5 37 0 3
61 TTA 0 0 0 0 0 0 0 0 0 0 0 0 0 0 0 3 0 0 0 0 0 0 0 0 0 0 0 0 29 8 5 6 0 0 0 0 0 0 0 0 0 0 0 0 5 15 0 0 0 0 0 0 10 0 0 0 6 0 0 0 218114 4 64 4
62 AAA 219338 6 365 17 2 0 0 0 18 4 0 0 0 0 0 0 1 0 0 28 0 0 0 0 15 0 0 0 0 0 0 0 5 0 0 3 4 1 0 0 0 0 0 0 0 0 0 0 0 0 9 2 0 0 2 0 0 0 0 0 0 13 0 1
63 GGA 0 1 0 1 0 0 0 0 16 0 0 0 0 0 0 0 0 0 0 0 0 0 0 0 1 0 0 0 0 0 0 0 16 0 0 0 0 0 0 0 219349 2 35 26 1 0 0 0 0 0 0 0 0 0 0 0 5 0 0 0 0 0 0 0
64 ATA 4 0 1 2 13 0 0 0 1 0 2 0 214027 0 60 9 3 0 0 0 0 0 0 0 0 1 0 7 6 5 0 2 3 0 0 0 0 0 0 0 0 0 0 0 26 5 0 10 0 0 0 0 0 0 0 0 0 0 0 0 2 0 0 0
65 GCC 1 0 1 3 0 16 0 0 0 0 1 0 0 0 1 0 7 1 0 0 11 16 1 1 3 0 0 0 0 0 0 0 26 2 0 0 9 210578 75 21 0 0 0 0 0 16 0 0 0 0 0 2 0 8 0 0 0 0 1 0 0 0 1 0
66 CCA 0 0 0 0 3 0 0 0 0 0 0 0 0 0 0 0 4 0 0 0 213101 9 6 4 0 0 0 0 6 0 0 0 0 0 0 0 0 0 0 0 0 0 0 0 0 0 0 0 0 0 0 0 1 0 0 0 0 0 0 0 0 0 0 0
67 CTA 0 0 0 0 0 0 0 0 0 0 0 0 0 0 0 0 2 0 0 0 39 0 0 0 0 0 0 0 219876 3 63 9 0 0 0 0 0 0 0 0 0 0 0 0 0 0 0 0 0 2 0 0 0 0 0 0 0 0 0 0 8 0 0 0
68 CAA 9 0 0 1 20 0 0 8 0 0 0 0 23 6 2 3 220510 5 13 1 3 3 0 6 4 0 6 0 3 11 0 6 25 43 0 0 6 12 0 0 0 0 11 0 11 1 1 14 23 0 0 3 0 4 0 0 0 0 0 1 48 0 0 13
69 TTG 0 0 0 0 0 0 0 0 0 0 0 0 0 0 1 0 0 0 0 0 0 0 0 0 0 0 0 0 6 0 19 3 0 0 0 0 0 0 0 0 0 0 0 0 0 0 1 0 0 0 1 0 0 0 6 0 0 0 0 0 15 0 218974 7
70 GGG 0 0 2 2 0 0 0 0 0 0 3 0 0 0 1 0 0 3 0 0 0 0 0 0 7 0 0 0 0 1 0 1 1 0 73 0 0 0 0 0 34 95 220566 29 0 0 1 0 0 0 0 0 0 0 3 0 0 0 2 0 0 0 0 0
71 AAA 220617 1 31 27 7 0 0 0 33 0 0 2 0 0 0 0 5 0 5 0 0 0 0 0 8 16 0 1 0 16 0 0 72 0 0 0 0 0 23 0 5 0 0 0 0 0 0 0 1 0 0 0 1 0 0 1 0 0 0 0 0 0 0 0
72 TGT 0 0 0 0 0 0 0 0 0 0 0 3 0 0 0 0 0 0 0 0 0 0 0 0 0 0 0 8 0 0 0 0 0 0 0 0 0 0 0 0 0 0 0 5 0 0 0 0 0 0 0 18 0 0 0 0 4 112 0 221481 0 0 0 0
73 AAC 4 220675 0 88 23 1 1 0 0 17 0 6 0 0 0 0 0 0 0 0 0 0 0 0 0 0 0 0 0 0 0 0 0 48 0 0 1 0 4 0 0 16 0 2 0 0 0 0 0 0 0 0 1 12 1 5 0 0 0 0 0 0 0 0
74 ATC 0 3 0 0 0 18 0 0 0 1 0 0 80 215583 2 9 0 0 0 0 0 0 0 0 0 0 0 0 4 10 26 6 0 0 0 0 0 0 0 0 0 0 0 0 2 2 0 5 0 0 0 0 0 0 0 0 0 0 0 0 4 3 2 2
75 ACC 0 2 0 0 35 214914 5 56 0 0 0 0 0 22 0 4 0 0 0 0 0 2 0 0 0 0 0 0 2 0 0 0 0 0 0 0 0 14 126 0 0 0 0 0 0 3 0 5 1 0 0 0 0 3 0 0 6 0 0 0 0 0 0 0
76 GGA 0 0 0 0 0 0 0 0 28 0 0 0 0 0 0 0 0 0 0 0 0 0 0 0 0 0 0 0 0 0 0 0 19 0 0 0 0 0 0 0 221015 1 29 2 3 0 0 0 0 0 0 0 0 0 0 0 4 0 0 0 0 0 0 0
77 TGG 0 0 0 0 0 0 0 0 0 0 2 0 0 0 0 0 0 0 0 0 0 0 0 0 0 0 5 0 0 0 0 0 0 0 0 0 0 0 0 0 0 0 12 0 0 0 0 0 0 0 11 0 0 0 0 0 41 0 221266 1 0 0 8 0
78 CTC 0 0 0 0 0 0 0 0 0 0 0 0 0 2 0 0 1 0 0 0 0 9 0 0 0 0 0 0 68 220276 13 10 0 0 0 0 0 0 0 0 0 0 0 0 0 0 0 0 0 0 0 0 0 0 0 0 0 0 0 0 0 11 3 0
79 TTG 0 0 0 0 0 0 0 0 0 0 0 0 3 5 3 0 0 0 0 0 0 0 0 0 0 0 0 0 0 0 41 32 0 0 0 0 0 0 0 0 0 0 0 0 0 0 3 0 15 0 2 0 0 0 26 0 0 0 0 0 36 0 220939 3
80 GGA 0 0 0 0 0 0 0 0 21 0 0 0 0 0 0 0 0 0 0 0 0 0 0 0 0 0 0 0 0 0 0 0 9 0 0 0 0 0 0 0 221150 30 25 16 4 0 0 0 0 0 0 0 0 0 0 0 1 0 0 0 0 0 0 0
81 AAT 1 53 0 220849 0 0 0 1 0 0 0 11 0 0 0 2 0 3 0 1 0 0 0 0 0 0 0 0 0 0 0 0 0 0 0 10 0 2 0 0 0 0 0 0 0 0 0 0 0 0 0 0 0 0 0 0 0 0 0 0 0 0 0 0
82 CCA 0 0 0 0 3 0 0 0 0 1 0 0 0 0 0 0 2 0 0 0 221263 31 99 18 0 0 0 0 19 0 0 0 0 0 0 0 0 0 0 0 0 0 0 0 0 0 0 0 0 0 0 0 9 0 0 0 0 0 0 0 0 0 0 0
83 GAA 19 8 0 0 0 0 0 0 0 0 0 0 5 0 3 0 0 0 0 0 0 0 0 0 0 0 0 0 0 3 0 3 221058 6 16 0 5 0 44 0 18 0 0 0 1 0 0 0 6 1 0 2 0 0 0 0 0 0 0 0 0 0 0 3
84 TGC 0 0 0 0 0 0 0 0 0 1 0 0 0 0 0 0 0 0 0 0 0 0 0 0 0 2 0 0 0 0 0 0 0 0 0 0 0 0 0 0 0 0 0 0 0 0 0 0 0 8 0 0 0 2 0 0 1 217276 0 230 0 4 0 0
85 GAC 0 19 0 0 0 0 0 0 0 0 0 0 0 0 0 0 0 2 0 0 0 0 0 0 0 0 0 0 0 0 0 0 3 221250 5 26 0 0 0 0 0 27 0 0 0 3 0 0 0 8 0 0 0 0 0 0 0 0 0 0 0 0 0 0
86 TCA 0 4 0 0 5 1 0 14 0 9 0 9 9 0 0 0 13 22 2 28 16 3 0 0 0 0 0 0 13 0 0 0 22 44 6 1 2 12 4 0 10 0 0 2 15 0 0 0 6 42 0 89 221043 1 12 11 0 0 0 0 31 2 0 5
87 CTG 0 0 0 0 0 0 0 0 0 0 0 0 2 1 4 0 0 0 4 0 0 0 16 0 0 0 0 0 70 0 221347 1 0 0 0 0 0 0 0 0 0 0 0 0 0 0 1 0 0 0 0 0 0 0 0 0 0 0 0 0 11 0 39 0
88 CTT 0 3 0 0 2 0 0 0 0 0 0 0 19 1 0 37 0 0 3 3 0 1 0 4 0 0 0 2 1 56 8 221204 0 0 0 0 0 0 0 0 1 0 0 0 24 0 3 0 0 0 0 0 0 0 0 0 0 0 0 0 2 0 13 27
89 CCA 5 27 0 72 2 24 2 0 4 69 0 1 1 3 15 8 21 4 0 2 218674 30 41 21 0 0 2 0 39 27 6 2 57 55 17 36 15 0 0 0 3 9 36 1 5 0 12 0 0 31 0 0 21 41 0 3 0 0 12 0 3 0 20 39
90 GCG 2 4 14 0 9 3 14 4 0 0 0 3 20 266 17 4 0 42 0 19 2 3 16 1 0 4 3 0 3 6 0 0 8 1 61 0 53 15 220469 2 0 0 2 0 0 24 127 0 0 0 0 0 19 1 11 2 0 0 0 0 6 10 4 3
91 AGA 77 1 0 4 0 38 0 0 221219 0 35 6 6 0 3 0 0 2 0 64 0 0 0 0 0 3 0 0 1 0 2 0 0 0 0 5 1 0 0 0 28 0 1 1 23 15 0 0 0 0 0 0 7 0 0 0 1 0 0 0 0 0 3 0
92 TCA 0 15 0 0 33 0 0 0 0 0 0 4 3 0 6 0 0 0 3 0 29 0 0 3 0 7 0 2 0 0 0 0 0 0 0 2 4 0 7 0 5 0 0 0 0 0 2 0 5 0 0 3 220930 12 62 0 2 0 0 0 2 2 0 0
93 TGG 0 0 0 0 0 0 0 0 0 0 0 0 0 0 0 0 0 0 0 0 0 0 0 0 0 0 19 0 0 0 0 0 0 0 0 0 0 0 0 0 0 0 1 0 0 0 0 0 0 0 16 0 0 0 1 0 13 0 221343 1 0 0 2 5
94 TCC 0 0 0 0 0 0 0 0 0 6 0 31 0 0 0 0 0 0 0 0 0 15 0 0 0 0 0 0 0 0 0 0 0 0 0 0 10 0 17 0 4 11 0 0 0 0 0 0 0 4 0 0 43 220900 21 12 0 1 0 0 0 5 0 0
95 TAC 0 5 0 0 0 0 0 0 0 0 0 0 0 0 0 0 0 39 0 0 0 0 0 0 0 0 0 0 0 0 0 0 0 0 0 0 0 0 0 0 0 0 0 0 0 0 0 0 5 221353 1 65 0 0 0 0 0 28 0 0 0 0 0 0
96 ATT 0 0 0 4 0 0 0 19 0 0 0 4 20 26 0 237605 0 0 0 0 0 0 0 0 0 0 0 0 0 0 0 0 0 0 0 0 0 0 0 0 0 0 0 0 0 1 0 14 0 0 0 0 0 0 0 0 0 0 0 0 0 0 0 0
97 GTA 0 0 0 0 0 0 0 0 0 0 0 0 66 0 0 14 0 0 0 0 0 0 0 0 0 0 0 0 0 0 0 0 3 0 0 0 16 0 0 0 3 0 0 0 237587 82 141 2 0 0 0 0 0 0 0 0 0 0 0 0 3 0 0 0
98 GAA 9 0 0 0 0 0 0 0 0 0 0 0 0 0 0 0 0 0 0 0 0 0 0 0 0 0 0 0 0 0 0 0 237992 0 14 0 0 0 0 0 10 0 0 0 7 0 0 0 13 0 0 0 0 0 0 0 0 0 0 0 0 0 0 0
99 ACA 6 0 0 20 237540 7 18 9 4 21 33 7 45 1 0 0 0 6 4 0 3 0 0 13 3 1 0 23 0 6 0 2 22 1 0 0 8 0 0 0 0 1 0 0 0 1 3 0 0 10 0 0 11 35 1 0 0 0 8 0 2 0 6 0
100 CCA 0 0 0 0 1 0 0 0 0 13 0 0 0 0 0 0 11 26 6 7 237215 151 25 25 0 0 0 0 18 0 0 1 0 0 0 1 3 4 3 2 0 1 0 0 5 0 0 0 0 2 0 0 20 0 0 0 0 0 5 0 0 0 0 0
101 AAC 8 234074 1 21 0 16 0 0 0 13 0 5 2 15 0 0 0 0 2 0 0 0 0 0 0 0 0 0 0 0 0 0 0 29 0 1 0 0 2 0 0 4 19 0 2 0 0 0 0 2 0 0 0 0 0 0 0 0 0 0 0 0 0 0
102 TCT 0 4 0 12 0 0 0 0 0 4 0 8 0 0 0 0 19 0 0 0 0 1 23 17 0 0 0 0 0 0 0 0 0 0 0 0 0 0 0 0 0 0 6 0 12 1 0 0 0 0 0 3 47 70 12 237514 0 0 0 0 0 0 0 14
103 GAG 0 0 7 0 12 5 0 0 2 0 0 1 0 2 0 0 4 0 0 0 7 0 0 1 0 0 0 0 0 0 0 0 28 0 237202 23 1 0 1 0 1 0 69 0 1 0 1 14 0 0 4 0 0 0 0 0 0 0 0 0 0 0 0 0
104 AAT 6 12 0 237496 0 15 0 17 2 0 0 35 10 1 0 13 2 0 0 82 0 0 0 0 0 0 0 0 0 0 2 12 0 0 0 28 0 0 0 3 0 0 0 0 36 0 0 0 0 26 0 11 0 0 0 0 0 0 5 0 7 25 0 0
105 GGA 0 0 0 0 0 0 0 0 19 0 0 0 0 0 0 0 0 0 0 0 0 0 0 0 0 0 0 0 0 0 0 0 5 0 0 0 0 0 0 0 237550 83 58 0 2 0 0 0 0 0 0 0 0 0 0 0 3 0 0 0 0 0 0 0
106 GCA 0 4 0 0 33 0 0 0 0 0 0 0 0 0 0 0 0 0 0 0 0 5 3 0 0 0 0 0 2 0 0 0 0 0 0 0 237625 9 38 6 4 0 0 0 47 0 0 0 0 0 0 0 1 0 0 0 0 0 0 0 0 0 0 0
107 TGT 0 0 0 0 0 0 0 0 0 0 0 0 0 0 0 0 0 0 0 0 0 0 0 0 0 0 0 4 0 0 0 0 0 0 0 0 0 0 0 0 0 0 0 1 0 0 0 0 0 0 0 43 0 0 0 0 2 41 1 236757 0 0 0 0
108 TAT 0 0 0 0 0 0 0 0 0 0 0 0 0 0 0 0 0 0 0 27 0 0 0 0 0 0 0 0 0 0 0 0 0 0 0 1 0 0 0 0 0 0 0 0 0 0 0 0 1 55 2 237539 0 0 0 0 0 0 0 23 0 0 0 2
109 CCA 0 0 0 0 0 0 0 0 0 0 0 0 0 0 0 0 3 0 0 0 237009 47 126 17 0 0 0 0 10 0 0 0 0 0 0 0 0 0 0 0 0 0 0 0 0 0 0 0 0 0 0 0 7 0 1 0 0 0 0 0 0 0 0 0
110 GGA 0 0 0 0 0 0 0 0 11 0 0 0 0 0 0 0 0 0 0 0 0 0 0 0 0 0 0 0 0 0 0 0 18 0 0 0 0 0 0 0 238192 3 17 18 0 0 0 0 0 0 0 0 0 0 0 0 5 0 0 0 0 0 0 0
111 GAT 0 0 0 20 0 0 0 0 0 7 0 0 1 0 15 0 0 6 1 1 0 0 0 0 0 0 0 0 0 0 0 0 1 23 43 237806 0 0 2 1 0 0 0 38 7 0 0 1 0 0 0 9 0 2 0 0 0 0 0 0 0 0 2 0
112 CTC 0 0 0 0 0 0 0 0 0 0 0 0 20 32 0 80 0 3 0 0 0 66 0 0 0 4 0 0 31 237628 0 32 0 0 0 0 0 0 0 0 0 0 0 0 0 1 0 0 0 0 0 0 0 0 0 0 0 0 0 0 0 4 0 0
113 ATC 0 1 6 0 0 18 1 0 1 2 0 0 26 236890 7 114 0 136 0 0 0 0 0 0 0 1 0 0 8 0 0 19 0 0 17 0 8 5 34 11 4 134 30 0 1 64 16 0 0 0 0 0 2 0 12 8 0 13 0 0 3 4 0 0
114 GAC 0 56 0 0 0 0 0 0 0 0 0 0 0 0 0 0 2 0 0 0 0 0 0 0 0 0 0 0 0 1 0 0 61 236579 5 12 0 3 7 0 0 28 0 0 0 0 0 0 0 3 0 0 0 0 0 0 0 0 0 0 0 0 0 0
115 TAT 0 0 0 4 0 1 0 0 0 0 0 8 0 3 5 3 0 0 0 42 0 0 0 0 0 0 0 0 0 1 0 0 0 0 0 1 0 7 0 0 0 1 4 0 0 0 1 0 3 36 2 233984 8 0 4 4 0 0 0 10 0 0 7 77
116 GAG 0 0 6 0 0 0 0 0 0 0 0 0 0 0 0 0 0 0 17 0 0 0 0 0 0 0 0 0 0 0 0 0 82 2 237126 12 0 0 9 1 0 0 81 2 0 0 7 0 0 0 0 0 0 0 0 0 0 0 0 0 0 0 0 0
117 GAA 19 0 0 0 0 0 0 0 0 0 0 0 0 0 0 0 0 0 0 0 0 0 0 0 0 0 0 0 0 0 0 0 237962 3 22 0 0 0 0 0 9 0 0 0 0 0 0 0 2 0 0 0 0 0 0 0 0 0 0 0 0 0 0 0
118 CTG 0 0 0 0 0 0 0 0 0 0 0 0 0 0 6 0 0 0 1 0 0 0 15 0 0 0 1 0 36 18 237348 10 0 0 0 0 0 0 0 0 0 0 0 0 0 0 5 0 0 0 0 0 0 0 0 0 0 0 0 0 3 0 17 0
119 AGG 0 0 17 0 0 0 0 0 17 0 237245 3 0 0 16 0 0 30 0 0 0 0 0 0 21 1 2 0 0 0 0 0 0 0 0 0 0 0 0 0 0 0 56 0 0 0 0 0 0 38 0 0 0 0 0 0 0 0 16 0 0 0 0 0
120 GAG 0 0 11 0 0 0 0 0 0 0 0 0 0 0 0 0 0 0 0 0 0 0 0 0 0 0 0 0 0 0 0 0 60 0 237842 2 2 0 1 0 0 0 14 0 0 0 7 0 0 0 2 0 0 0 0 0 0 0 1 0 0 0 0 0
121 CAA 3 0 0 0 0 0 0 0 5 0 0 0 0 9 0 0 237561 14 16 5 0 0 0 0 4 0 0 0 0 0 0 0 3 0 0 0 0 0 0 0 0 0 0 0 0 0 0 0 115 0 0 0 0 0 0 0 0 0 0 0 0 0 0 0
122 TTG 0 0 0 0 0 0 0 0 0 0 0 0 0 0 7 0 0 0 0 0 0 0 0 0 0 0 0 0 0 0 12 0 0 0 0 0 0 0 0 0 0 0 0 0 3 0 0 0 0 0 0 0 0 0 4 0 0 0 1 0 44 0 237440 10
123 AGC 0 25 0 4 0 0 0 0 28 237890 0 30 4 11 0 0 3 0 0 0 0 0 0 0 0 0 0 0 0 0 3 0 2 0 0 0 0 0 16 3 4 20 0 0 8 0 1 0 0 0 0 0 0 0 0 0 0 9 0 0 1 0 0 1
124 TCA 0 0 0 0 8 1 0 2 0 0 0 0 0 0 0 1 0 0 1 0 21 1 0 0 0 0 0 0 0 0 0 0 7 2 0 1 9 0 3 2 2 0 27 2 0 0 0 0 2 0 0 0 235898 28 35 29 0 0 0 0 7 0 0 2
125 GTA 0 0 0 0 6 2 0 0 0 0 0 0 33 0 0 4 0 0 0 0 0 0 0 0 0 0 0 0 0 0 0 0 0 0 0 0 66 0 3 0 0 0 0 0 237623 4 52 12 0 0 0 0 0 0 0 0 0 0 0 0 4 0 0 0
126 TCA 10 0 0 0 11 0 9 0 0 0 0 44 0 0 0 11 3 0 3 0 8 0 0 0 9 2 0 7 0 0 0 0 4 0 3 0 2 0 0 0 0 0 0 3 0 1 2 0 1 0 0 0 237309 17 20 1 0 0 0 0 6 0 2 0
127 TCA 0 7 0 25 4 0 2 4 0 8 0 0 0 0 0 0 0 0 0 0 9 0 0 0 0 0 0 0 0 0 0 0 15 0 0 4 1 0 0 0 0 0 0 0 0 0 0 0 3 0 0 0 237501 1 36 2 0 0 0 0 4 0 0 0
128 TTA 0 0 0 0 0 0 0 0 0 0 0 0 13 5 0 0 0 0 0 0 0 0 0 0 0 0 0 0 25 0 0 0 0 0 0 0 0 0 1 3 0 0 0 0 0 1 0 0 0 0 0 0 13 0 0 8 0 0 0 0 237133 8 12 2
129 GAA 17 0 0 0 0 3 0 0 0 0 0 0 0 0 0 0 0 0 0 0 0 0 0 0 0 0 0 0 0 0 0 0 237082 9 7 1 0 0 0 0 16 0 0 0 0 0 0 0 5 0 0 0 0 0 1 0 0 0 0 0 0 0 0 0
130 AGA 15 0 0 0 0 0 0 0 237283 0 60 0 4 0 0 0 0 0 0 0 0 0 0 0 5 30 0 69 0 0 0 0 0 0 0 0 0 0 0 0 22 0 0 0 0 0 0 0 0 0 0 0 0 0 0 0 0 0 0 0 0 0 0 0
131 TTC 0 0 0 0 0 0 0 0 0 0 0 0 0 0 0 0 0 0 0 0 0 0 0 0 0 0 0 0 0 8 0 0 0 0 0 0 0 0 0 0 0 0 0 0 0 1 0 0 0 5 0 0 0 17 0 0 0 0 0 0 0 236660 0 16
132 GAA 12 0 0 0 0 0 0 0 0 0 0 0 0 0 0 0 0 0 0 0 0 0 0 0 0 0 0 0 0 0 0 0 238179 1 15 1 0 0 0 0 10 0 0 0 0 0 0 0 1 0 0 0 0 0 0 0 0 0 0 0 0 0 0 0
133 ATA 1 0 0 0 14 0 0 0 0 0 0 0 236888 0 12 9 0 0 0 0 0 0 0 0 0 0 0 0 12 0 0 0 0 0 0 0 0 0 0 0 0 0 0 0 11 0 16 0 0 0 0 0 0 0 0 0 0 0 0 0 3 0 0 0
134 TTT 0 0 0 0 0 0 0 0 0 0 0 0 0 0 0 0 0 0 0 0 0 0 0 0 0 0 0 0 0 0 0 2 0 0 0 0 0 0 0 0 0 0 0 0 0 0 0 3 0 0 0 0 0 0 0 13 0 0 0 2 1 88 1 237122
135 CCC 0 23 0 31 0 1 0 0 0 5 0 14 0 0 0 0 29 3 0 0 24 236052 3 34 0 0 0 0 0 6 0 0 0 3 0 8 1 4 0 0 0 0 1 4 0 0 0 0 0 0 0 0 1 21 0 0 0 0 0 0 0 0 0 0
136 AAG 33 0 205021 12 24 8 4 0 0 12 15 5 0 7 6 0 4 1 30 0 0 10 2 2 5 0 0 0 12 0 3 0 0 1 24 0 1 0 5 0 0 1 0 0 23 4 3 0 0 8 5 3 0 4 6 0 0 1 11 0 50 7 40 6
137 GAA 18 3 0 0 0 5 0 5 0 2 0 3 0 2 0 0 1 0 0 0 0 0 0 0 0 0 0 0 0 0 0 9 237038 17 36 40 1 0 0 3 45 0 0 0 9 1 0 0 1 0 0 0 1 0 3 0 0 0 0 0 6 0 0 0
138 AGT 13 0 0 54 3 4 5 8 7 22 9 236663 0 0 0 19 3 0 8 2 1 4 1 1 3 0 8 4 1 3 0 0 19 2 4 3 8 0 1 0 0 0 8 21 0 0 0 0 0 5 0 0 4 47 0 21 0 0 0 0 0 2 0 0
139 TCA 0 4 0 0 26 0 13 1 0 0 0 0 0 0 0 0 0 7 1 0 8 0 0 0 0 0 0 0 0 0 0 1 0 0 0 0 210 28 2 0 0 0 0 0 0 0 7 0 3 0 0 0 235687 10 44 2 1 3 23 0 10 0 0 0
140 TGG 0 0 0 0 0 0 0 0 0 0 7 0 0 0 0 0 0 0 0 0 0 0 0 0 0 0 19 0 0 0 0 0 0 0 0 0 0 0 0 0 0 0 2 0 0 0 0 0 0 0 15 0 1 0 0 0 16 0 237034 6 0 0 7 0
141 CCC 0 0 3 0 0 2 0 0 4 13 0 0 0 0 1 0 0 6 0 0 29 235024 4 32 0 0 0 0 8 11 0 0 0 0 4 0 0 2 0 1 0 0 0 0 3 0 0 0 0 0 0 0 0 39 0 1 0 0 0 0 0 0 0 0
142 AAC 4 235833 0 25 2 1 0 0 0 10 0 0 0 0 0 1 0 4 0 0 0 0 0 0 0 0 0 0 0 0 0 0 0 13 0 0 0 0 0 0 0 0 0 0 0 0 0 0 0 0 0 0 0 0 0 0 0 0 0 0 4 0 0 0
143 CAC 0 4 0 1 1 0 2 0 0 0 0 0 0 1 0 0 8 233128 1 24 0 4 0 0 0 6 0 0 0 2 0 0 0 0 0 0 0 0 0 0 0 0 0 0 0 0 0 0 2 164 0 37 0 0 1 1 0 0 0 0 0 2 0 0
144 ACA 2 0 0 0 185453 6 24 56 0 2 0 6 12 0 0 0 0 0 0 0 9 0 0 0 0 0 0 0 0 0 0 0 0 0 0 0 12 0 0 0 2 0 2 1 0 0 0 0 0 0 0 0 0 0 0 1 0 0 0 0 0 0 0 0
145 TTC 0 0 0 4 0 1 0 0 0 1 0 0 3 0 1 0 3 0 0 0 0 0 0 0 0 0 0 0 0 1 0 0 64 1 31 1 0 33 1 7 1 0 0 0 0 4 5 0 0 5 0 0 0 24 0 3 0 1 0 1 4 133008 2 4
146 AAC 8 191769 1 94 0 0 0 0 0 16 11 0 0 0 0 0 5 0 1 51 1 8 0 3 1 0 0 0 0 0 5 0 27 32 17 0 0 0 5 0 0 0 3 0 7 0 1 0 0 10 0 5 0 0 0 0 0 0 1 0 0 0 0 2
147 GGA 0 0 0 0 0 0 0 0 18 0 0 0 0 0 0 0 0 0 0 0 0 0 0 0 0 0 0 0 0 0 0 0 7 0 0 0 0 0 0 0 138325 6 21 19 1 0 0 0 0 0 0 0 0 0 0 3 2 0 0 0 0 0 0 0
148 GTA 0 0 1 0 34 45 27 10 0 4 0 0 62 5 0 1 1 0 0 0 0 0 0 0 0 0 0 0 0 0 0 0 3 0 1 0 15 2 0 0 1 0 0 0 178503 19 60 4 0 0 0 0 0 1 2 0 0 0 0 0 0 0 0 0
149 ACA 1 0 0 0 179646 7 60 6 0 36 0 1 8 0 0 0 0 0 0 0 2 0 0 0 0 0 0 0 0 0 0 0 0 0 0 0 7 0 0 0 0 0 0 0 0 0 0 0 0 0 0 0 5 1 46 22 0 0 0 0 0 0 0 0
150 GTA 0 0 3 0 0 0 0 0 0 4 0 0 19 0 0 0 1 0 7 0 0 0 0 0 0 0 0 0 20 11 17 12 0 0 0 0 46 4 0 35 0 0 0 0 185776 5 8 3 0 5 0 0 39 137 0 0 0 0 0 0 9 14 0 0
151 TCA 0 0 0 0 1 0 0 0 0 0 0 0 0 0 0 0 0 0 0 0 9 0 0 0 0 0 0 0 0 0 0 0 0 0 0 0 17 2 0 0 0 0 0 0 0 0 0 0 5 0 0 0 183384 18 51 3 0 0 0 0 6 0 20 0
152 TGC 0 0 0 0 0 0 0 0 0 0 0 0 0 0 0 0 0 0 0 0 0 0 0 0 0 9 0 0 0 0 0 0 0 0 0 0 0 0 0 0 0 0 0 0 0 0 0 0 0 47 0 0 0 0 0 0 11 182321 0 27 0 1 0 0
153 TCC 0 9 1 59 13 17 14 0 2 4 6 2 7 1 11 0 9 0 0 5 68 340 1 1 0 4 0 0 22 350 38 13 0 0 1 0 51 1 0 1 5 17 0 26 0 0 34 0 0 1 0 0 7 226517 6 7 0 2 1 0 0 9 0 0
154 CAT 32 13 6 110 60 19 11 41 9 0 30 32 252 6 12 29 11 23 11 225231 354 0 0 4 2 0 0 17 14 49 39 27 0 0 0 82 65 20 0 0 0 0 5 0 307 11 0 0 0 0 4 11 0 0 0 42 0 2 0 0 11 34 3 6
155 AGG 0 0 43 0 0 0 0 0 16 1 233827 24 3 0 66 9 0 0 4 0 0 0 0 0 24 0 1 0 0 3 0 0 1 80 3 0 53 3 0 2 22 4 427 37 0 0 0 6 0 0 350 0 5 0 4 30 0 0 8 0 0 0 0 8
156 GGA 15 0 0 0 0 0 0 0 39 0 0 0 0 0 0 0 6 0 0 0 0 0 0 0 0 0 0 0 0 0 0 0 218 0 0 0 7 35 0 0 235249 0 253 6 0 0 0 0 0 0 0 0 1 0 0 1 4 0 0 0 0 0 0 0
157 AAA 235740 2 79 0 17 73 0 33 15 0 0 2 29 0 7 0 8 154 0 0 0 0 0 0 0 0 1 22 0 10 0 0 45 0 1 5 0 0 0 0 0 5 4 67 8 0 25 0 3 0 0 0 15 1 0 5 0 0 0 0 4 0 15 8
158 AGC 0 75 0 0 0 1 0 0 1 232609 0 117 0 14 0 0 26 18 61 39 0 220 1 9 0 1 0 0 3 7 0 0 0 0 0 0 39 1533 0 64 0 119 0 0 0 0 0 0 0 0 0 0 0 2 0 0 0 0 0 0 0 2 0 0
159 AGT 0 1 0 29 5 0 0 0 3 53 15 231720 0 0 0 3 0 0 0 0 0 0 0 0 0 0 0 1 0 0 0 0 0 24 0 0 2 0 0 0 0 0 9 8 0 0 0 0 0 0 0 0 8 1 0 3 0 0 0 1 0 0 0 0
160 TTT 0 0 0 0 0 0 0 0 0 0 0 0 0 0 0 0 0 0 0 0 0 2 0 4 0 0 0 0 0 0 0 25 0 0 0 0 0 0 0 0 0 0 0 0 0 0 0 1 0 0 0 0 0 0 0 6 0 0 0 0 3 22 0 234296
161 TAC 0 0 0 0 0 0 0 0 0 0 0 0 0 0 0 0 0 10 0 0 0 0 0 0 0 0 0 0 0 0 0 0 0 2 0 0 0 0 0 0 0 0 0 0 0 0 0 0 5 237079 3 36 0 0 0 0 0 9 0 0 0 2 0 0
162 AGA 27 6 9 6 0 0 0 0 237208 0 9 0 2 0 0 0 0 0 0 0 0 0 0 0 14 0 4 0 0 0 0 0 0 0 0 0 0 0 0 0 40 0 0 0 0 0 0 0 0 0 0 0 0 0 2 0 2 0 0 0 0 0 0 0
163 AAT 1 8 0 236416 0 0 0 0 0 0 0 15 0 0 0 0 0 0 0 2 0 0 0 0 0 0 0 0 0 0 0 0 0 0 0 10 0 0 0 0 0 0 0 0 0 0 0 0 0 0 0 1 0 0 0 0 0 0 0 0 0 0 0 0
164 TTG 0 0 0 0 0 0 0 0 0 0 0 0 1 0 0 0 0 0 0 0 0 0 0 0 0 0 0 0 0 60 22 0 0 0 0 0 0 0 0 0 0 0 0 0 0 0 13 10 0 0 2 0 0 0 9 0 0 0 0 0 27 0 236815 0
165 CTA 0 6 0 0 0 0 0 0 0 0 0 0 6 0 2 0 1 0 0 0 11 0 0 0 0 0 0 0 237669 44 13 6 0 0 0 0 0 0 0 0 0 0 0 0 1 0 0 0 0 0 0 0 0 2 0 0 0 0 0 0 66 0 0 0
166 TGG 0 0 0 0 0 0 0 0 0 0 0 0 0 0 0 0 0 0 0 0 0 0 0 0 0 0 7 0 0 0 0 0 0 0 0 0 0 0 0 0 0 0 4 0 0 0 0 0 0 0 123 0 0 0 0 0 41 0 237390 4 0 0 2 0
167 CTG 0 0 0 0 0 0 0 0 0 0 0 0 0 28 8 24 0 0 1 0 0 0 15 0 0 0 1 0 87 3 233853 6 0 0 0 0 0 0 0 0 0 0 0 0 0 0 10 10 0 0 0 0 0 0 0 0 0 0 0 0 4 0 50 0
168 ACG 0 0 10 0 31 21 236581 20 0 0 1 0 0 0 62 0 0 0 0 0 0 0 0 0 0 0 0 0 0 0 0 0 0 0 0 0 0 0 49 0 0 0 0 0 0 0 0 0 0 0 0 0 0 0 6 0 0 0 0 0 0 0 0 0
169 AAG 41 0 236284 18 7 2 11 1 0 124 30 73 0 0 23 0 0 1 7 0 0 0 0 0 0 7 0 0 5 3 0 5 0 0 19 0 5 66 16 200 4 1 0 0 25 7 3 0 0 0 0 0 70 40 61 114 0 8 0 3 0 0 0 0
170 AAG 23 3 234722 11 0 0 3 0 0 20 35 0 0 0 5 0 3 12 1 0 0 0 0 0 2 62 14 14 58 12 10 0 0 0 16 0 4 12 17 0 0 0 0 0 0 0 0 0 0 0 0 0 5 31 0 0 0 0 2 0 0 11 4 0
171 GGG 0 32 0 30 0 1 4 0 0 0 9 0 2 0 0 0 0 14 5 0 0 0 0 0 0 0 0 0 2 22 1 4 0 29 134 73 3 23 7 6 40 9 234759 4 0 0 24 0 0 2 0 0 5 0 2 0 0 0 1 0 0 0 3 22
172 GAT 0 9 0 35 25 0 2 0 0 0 0 2 0 0 0 0 5 0 0 0 5 0 0 3 0 0 0 0 0 0 0 3 3 16 98 237239 0 0 0 2 0 0 0 40 0 0 0 10 0 0 0 2 0 2 0 0 0 0 0 0 0 0 0 0
173 TCA 0 29 0 31 116 38 0 0 0 0 0 0 25 32 0 6 0 4 42 15 31 1 0 4 0 0 0 0 15 16 2 15 89 22 8 1 0 2 0 5 0 14 28 1 5 17 75 15 3 6 0 30 236702 27 101 13 0 0 0 0 48 1 33 0
174 TAC 0 1 0 0 0 0 0 0 0 0 0 0 0 0 0 0 0 12 0 0 0 0 0 0 0 0 0 0 0 0 0 0 0 0 0 0 0 0 0 0 0 0 0 0 0 0 0 0 3 237269 0 42 0 7 0 0 0 36 0 0 0 9 0 0
175 CCA 58 0 107 6 43 55 0 66 1 0 3 2 0 0 0 1 68 40 310 0 236173 7 27 19 15 9 0 12 29 18 0 3 0 5 0 72 91 0 13 1 0 3 5 3 12 27 3 5 0 44 0 0 24 6 10 10 0 0 0 0 0 21 18 1
176 AAG 27 0 237137 5 5 8 40 60 1 22 87 0 5 2 64 0 6 9 67 34 14 33 19 74 51 0 0 24 9 33 0 0 0 0 14 0 5 0 0 1 0 0 0 0 12 0 30 0 0 0 0 16 0 0 0 0 0 0 0 0 2 11 0 11
177 CTG 0 0 0 1 14 27 26 3 0 0 0 0 1 9 10 1 0 0 0 0 0 0 16 1 0 0 1 0 54 7 237244 9 0 0 0 0 81 0 12 0 0 0 0 0 38 30 0 69 0 0 0 0 3 0 8 0 0 0 3 0 0 5 18 0
178 ACC 0 0 0 1 19 237210 18 13 0 1 0 2 0 27 0 3 8 9 14 77 0 0 0 0 0 0 0 1 2 3 0 5 0 0 0 0 0 64 11 0 3 0 0 0 0 0 5 22 0 0 0 0 0 25 0 0 0 0 0 0 0 0 0 0
179 AAT 4 29 6 237847 0 0 2 6 0 5 0 8 0 0 0 5 0 0 0 2 0 0 0 0 0 0 3 0 0 0 0 0 0 0 0 4 0 0 0 0 7 7 6 0 15 0 3 0 0 0 0 1 0 0 0 0 0 0 0 2 0 0 0 0
180 TCC 2 0 0 0 0 32 12 8 0 0 4 2 1 1 0 3 0 1 6 0 0 18 0 0 0 0 0 0 0 0 13 0 35 0 0 0 0 15 21 7 0 0 0 0 0 0 0 20 0 41 0 0 11 237263 12 8 0 0 0 0 0 24 0 3
181 TAT 0 0 0 3 0 0 0 0 0 0 0 0 0 0 0 0 0 0 0 57 0 0 0 0 0 0 0 0 0 0 0 0 0 0 0 1 0 0 0 0 0 0 0 0 0 0 0 0 7 7 5 237857 0 0 0 1 0 0 0 9 0 0 0 0
182 GTG 0 0 0 1 0 3 0 13 7 7 0 0 6 1 49 0 0 21 90 0 0 0 0 0 3 1 9 8 12 5 0 0 5 0 3 0 2 4 10 0 0 0 1 0 44 3 237015 1 0 0 0 0 10 0 2 0 0 0 18 0 4 0 18 0
183 AAC 5 237945 0 22 0 1 0 0 0 19 0 0 0 2 0 0 0 1 0 0 0 0 0 0 0 0 0 0 0 0 0 0 0 17 0 0 0 0 0 0 0 0 0 0 0 0 0 0 0 2 0 0 0 0 0 0 0 0 0 0 0 0 0 0
184 AAT 1 23 0 237636 1 0 0 17 1 0 0 32 0 0 0 0 0 0 0 23 0 0 0 0 0 0 1 0 0 0 0 0 0 0 0 14 0 0 1 0 0 0 0 11 0 1 0 0 0 0 0 0 1 0 0 7 0 0 0 0 1 0 0 5
185 AAA 237037 19 71 2 2 0 0 0 39 0 0 0 0 0 1 0 1 0 0 0 0 0 0 0 0 0 15 0 0 10 0 0 35 0 0 0 0 0 0 0 0 1 0 1 0 0 0 1 0 0 0 0 0 0 0 0 0 0 0 0 0 0 0 2
186 GGG 0 2 0 0 0 3 4 4 0 0 50 0 0 0 0 0 0 0 0 12 0 3 0 4 0 0 0 0 0 0 2 0 0 0 71 28 11 0 0 0 38 3 236912 15 0 0 3 0 0 0 0 0 0 4 0 57 0 0 18 0 0 0 0 0
187 AAA 236943 14 37 3 0 0 0 0 16 0 0 0 0 0 0 0 23 0 0 0 0 0 0 0 0 0 0 0 3 0 0 0 24 0 0 0 2 0 0 0 6 0 0 0 0 5 0 18 2 0 0 0 0 0 0 0 0 12 0 2 2 0 0 0
188 GAA 3 0 0 0 9 0 4 0 0 24 0 0 0 0 0 0 1 8 0 0 17 17 0 0 0 0 0 0 0 3 2 0 237286 35 11 13 9 0 0 0 15 0 0 0 2 0 0 0 0 0 0 0 0 8 0 0 0 0 0 0 6 0 0 0
189 GTC 0 0 0 0 0 0 0 0 0 0 0 0 7 29 0 0 0 0 0 0 0 0 0 0 0 0 0 0 3 0 0 0 0 0 0 0 0 12 0 0 0 0 0 0 26 236796 11 104 0 0 0 0 0 0 0 0 0 0 0 0 0 0 0 0
190 CTT 0 0 0 0 0 0 0 0 0 0 0 0 0 0 1 22 0 0 0 9 0 2 0 55 0 0 0 10 4 15 6 237391 0 0 0 0 0 0 0 0 0 0 0 0 0 0 0 0 0 0 0 0 0 0 0 0 0 0 0 0 3 0 5 10
191 GTA 0 0 0 0 0 0 0 0 0 0 0 0 19 0 0 0 0 0 0 0 0 0 0 0 0 0 0 0 11 0 2 2 0 0 0 0 5 0 0 0 1 0 0 0 201840 3 36 3 0 0 0 0 0 0 0 0 0 0 0 0 2 0 0 0
192 CTA 0 0 0 0 0 0 0 0 0 0 0 0 3 4 0 0 1 0 0 0 21 0 0 0 1 0 0 0 201729 1 17 3 0 0 0 0 0 0 0 0 0 0 0 0 2 0 0 5 0 0 0 0 0 0 0 0 0 0 0 0 23 0 16 0
193 TGG 0 0 0 0 0 0 0 0 0 0 1 0 0 0 0 0 0 0 0 0 0 0 0 0 0 0 11 0 0 0 0 0 0 0 0 0 0 0 0 0 0 0 2 0 0 0 0 0 0 0 14 0 0 0 1 0 12 0 201557 3 0 0 3 5
194 GGT 0 0 0 0 0 0 0 0 0 0 0 15 0 0 0 0 0 0 0 0 0 0 0 0 0 0 0 0 0 0 0 0 0 0 0 15 0 0 0 9 8 17 11 198883 0 0 0 0 0 0 0 0 0 0 0 0 0 0 0 3 0 0 0 0
195 GTT 0 0 0 0 0 0 0 0 0 0 0 0 0 0 0 35 0 0 0 0 0 0 0 0 0 0 0 0 4 0 0 2 0 0 0 2 0 2 0 29 0 0 0 3 0 51 1 200527 0 0 0 0 0 0 0 0 0 0 0 0 0 0 0 3
196 CAT 0 0 0 2 0 0 0 0 0 0 0 0 0 0 0 0 1 105 0 201036 0 0 0 0 0 0 0 19 0 0 0 1 0 0 0 1 0 0 0 0 0 0 0 0 0 0 0 0 0 0 0 19 0 0 0 0 0 0 0 0 0 0 0 0
197 CAC 0 106 0 24 0 0 0 0 0 0 0 0 0 0 0 0 5 201457 0 20 0 0 0 0 0 15 0 0 0 0 0 0 0 2 0 0 0 0 0 0 0 0 0 0 0 0 0 0 0 13 0 0 0 1 0 2 0 0 0 0 6 0 0 0
198 CCG 0 0 0 0 0 0 4 0 0 0 0 0 0 0 0 0 0 0 11 0 82 3 200729 14 0 0 0 0 0 0 14 0 0 0 0 0 0 0 0 4 0 0 0 0 0 0 0 0 0 0 0 0 0 0 10 0 0 0 0 0 0 0 0 0
199 TCT 0 0 0 0 0 0 0 0 0 0 0 1 0 0 0 0 0 0 0 0 0 0 0 16 0 0 0 0 0 0 0 0 0 0 0 0 0 0 0 0 0 0 0 0 0 0 0 0 0 2 0 21 5 67 18 201581 0 0 0 0 0 0 0 11
200 AGC 0 20 0 0 0 3 0 0 2 200686 1 31 0 4 0 0 0 0 0 0 0 0 0 0 0 0 0 0 0 0 0 0 0 0 0 0 0 0 0 0 3 16 0 0 0 0 0 0 0 0 0 0 0 0 0 0 0 0 0 0 0 0 0 0
201 AGT 0 6 5 22 0 34 0 0 0 13 4 201294 0 33 6 15 2 12 0 1 0 0 0 0 0 0 0 3 0 0 0 3 1 0 8 0 0 0 0 0 0 4 0 32 0 0 0 0 0 0 0 2 0 37 0 0 0 0 0 1 0 0 0 0
202 GAT 0 2 0 11 0 0 0 0 0 42 0 0 1 0 0 0 0 0 0 0 0 0 0 0 0 0 0 0 0 0 0 0 47 9 13 201269 3 0 0 0 0 2 0 31 0 1 0 0 0 0 0 2 2 0 2 0 0 0 0 0 0 0 0 0
203 GAG 0 0 19 0 0 0 0 0 0 0 0 0 0 0 0 0 0 0 2 0 0 0 0 0 0 0 0 0 0 0 0 0 58 0 201890 2 0 0 0 0 0 0 30 0 0 0 4 0 0 0 4 0 0 0 0 0 0 0 0 0 0 0 0 0
204 CAA 1 0 0 0 0 0 0 0 0 0 0 0 0 0 0 0 201714 2 9 3 4 0 0 0 7 0 0 0 0 0 0 0 3 0 0 0 0 0 0 0 0 0 0 0 0 0 0 0 17 0 0 0 0 0 0 0 0 0 0 0 0 0 0 0
205 CAG 0 0 0 28 0 3 0 1 3 3 0 6 0 0 1 0 18 5 201580 4 0 0 2 0 0 0 31 0 69 0 7 0 0 0 51 0 0 7 15 0 0 0 0 0 0 0 8 0 0 2 7 33 0 1 7 0 0 0 0 0 0 0 0 0
206 AGT 1 0 0 19 0 9 0 0 0 14 2 201335 7 0 2 0 4 0 2 0 0 0 0 0 0 0 0 0 19 0 0 0 7 13 0 20 1 2 0 0 0 15 2 18 0 0 0 0 0 3 0 0 0 1 8 0 0 0 0 3 0 1 1 0
207 CTC 0 0 0 0 0 0 0 0 0 0 0 0 0 1 48 0 0 0 0 0 0 11 0 0 0 3 0 0 10 201185 49 7 0 0 0 0 0 0 0 0 0 0 0 0 0 0 0 0 0 0 0 0 0 0 0 0 0 0 0 0 0 8 0 0
208 TAT 0 0 0 0 0 0 0 0 0 0 0 0 0 0 0 0 0 3 0 29 0 0 0 0 0 0 0 0 0 0 0 0 0 0 0 2 0 0 0 0 0 0 0 0 0 0 0 0 0 29 0 199292 0 0 0 0 0 0 0 7 0 0 0 1
209 AGT 0 25 24 31 22 6 24 34 3 40 0 200697 7 0 10 14 1 0 0 0 0 14 8 0 0 0 4 0 67 0 3 21 4 43 0 2 0 0 0 0 12 24 4 242 5 0 0 0 0 0 0 4 0 0 0 8 0 0 0 5 4 2 29 0
210 AAT 3 30 51 201571 1 0 0 27 0 3 0 13 30 8 0 7 15 0 9 3 2 5 24 0 0 18 0 0 0 0 20 0 7 0 32 32 7 1 16 18 0 16 0 0 9 0 6 30 0 0 0 1 82 25 0 0 0 0 0 0 16 2 1 1
211 GGA 0 0 0 14 5 22 0 0 26 15 0 0 2 8 0 0 4 0 1 0 14 20 0 0 0 0 0 6 0 2 0 0 9 1 0 1 2 1 0 0 201019 3 35 64 2 0 0 0 0 0 0 0 0 3 7 2 5 0 0 0 1 0 5 5
212 AAT 6 21 20 201314 0 0 0 2 0 0 0 11 1 0 8 0 5 44 6 6 7 16 0 0 0 0 0 0 0 0 0 0 12 0 0 30 23 0 0 19 0 13 0 1 1 6 0 3 0 0 0 8 0 0 0 0 0 0 0 0 0 0 1 2
213 GCT 0 0 0 0 41 14 2 59 0 0 0 9 0 0 0 0 0 0 0 4 0 6 41 124 0 0 0 0 0 0 0 0 0 0 0 5 2 17 10 201350 0 0 0 0 0 6 0 3 0 0 0 3 0 2 0 85 0 0 0 0 0 0 0 5
214 TAT 0 0 0 3 0 0 0 0 0 0 0 0 0 7 0 0 0 0 1 38 0 0 0 0 0 0 0 0 0 0 0 0 0 0 0 0 0 0 0 0 0 0 0 0 42 0 0 0 5 5 4 201687 1 0 0 0 0 0 0 13 0 8 0 6
215 GTC 0 0 0 0 0 0 0 0 0 0 0 0 6 42 0 0 0 0 0 0 0 0 0 0 0 0 0 0 0 1 0 0 0 0 0 0 0 15 0 0 0 0 0 0 3 201590 0 9 0 0 0 0 0 0 0 0 0 0 0 0 0 2 0 0
216 TCT 0 0 0 3 9 0 0 2 43 0 10 0 2 0 0 0 0 11 10 0 0 0 0 28 0 0 0 1 2 0 0 0 0 0 0 0 2 0 0 2 0 0 0 0 0 0 3 17 0 275 0 11 2 48 9 201427 0 0 7 3 0 34 38 9
217 GTA 0 0 0 0 0 0 0 0 0 0 0 0 43 0 0 0 0 0 0 0 0 0 0 0 0 0 0 0 0 0 0 0 0 0 0 0 7 0 0 0 1 0 0 0 200242 10 101 9 0 0 0 0 0 0 0 0 0 0 0 0 0 0 0 0
218 GCG 0 0 0 0 0 15 20 0 0 54 0 0 0 1 4 5 6 16 0 0 0 0 0 0 0 0 0 0 0 0 0 0 0 0 2 0 43 11 199902 18 0 0 1 0 0 6 75 0 0 0 0 0 2 3 12 19 0 4 0 3 0 0 3 7
219 TCT 13 0 0 0 1 2 0 7 0 5 0 1 0 0 0 0 0 0 2 0 0 0 0 18 0 0 0 0 0 0 0 0 0 0 0 0 0 0 9 0 26 8 0 2 0 0 0 0 0 0 0 5 15 56 20 201128 0 1 0 0 0 0 0 12
220 TCA 25 0 0 18 7 0 41 0 1 0 0 0 0 0 6 0 1 3 3 13 99 28 0 4 0 0 0 21 2 6 0 0 2 21 0 8 10 0 2 34 16 13 1 1 0 10 5 0 1 1 0 0 200977 1 10 7 0 1 0 0 39 0 6 0
221 AAT 4 26 2 200957 0 0 0 10 0 0 1 2 0 0 0 0 0 35 6 2 0 0 0 0 0 0 0 0 0 0 0 1 0 0 0 39 0 5 0 0 14 2 0 19 0 0 0 3 0 0 0 1 3 4 0 6 0 0 1 0 0 0 0 6
222 TAT 0 0 0 0 0 0 0 1 0 0 0 0 0 0 17 1 0 0 0 25 0 0 0 0 0 0 0 0 8 0 5 9 0 0 0 3 0 0 0 0 0 0 0 0 0 0 3 0 2 34 4 201324 3 0 0 0 0 0 12 8 6 5 3 1
223 AAC 1 200346 1 45 0 0 0 0 0 17 0 0 7 67 0 7 5 74 7 259 0 0 0 0 14 0 3 0 0 0 35 0 177 45 15 0 26 43 5 3 1 0 0 0 4 2 1 4 0 37 0 29 0 0 0 0 0 0 0 0 26 28 12 30
224 AGG 18 9 22 1 0 1 1 3 27 0 200647 1 0 0 17 0 4 22 22 8 0 0 0 0 8 11 5 31 0 0 4 0 0 0 0 0 5 0 0 4 0 0 21 6 0 1 0 0 0 0 0 0 14 1 2 1 0 0 3 0 0 0 0 0
225 AGA 25 0 9 0 0 0 0 0 201499 0 31 2 19 3 0 0 0 0 2 0 0 0 0 0 5 0 0 8 0 8 4 0 0 0 0 0 0 0 0 0 21 0 0 0 0 0 0 0 0 0 0 0 0 0 0 0 2 0 0 0 0 0 0 0
226 TTC 0 0 0 0 0 20 0 4 0 5 0 0 25 11 3 9 0 0 0 0 0 0 0 0 0 0 0 0 8 22 5 0 0 0 0 0 0 0 0 0 0 0 0 0 3 9 7 31 0 2 0 6 0 12 0 0 0 1 1 0 11 200454 1 23
227 ACC 11 7 0 9 12 200795 14 12 12 7 0 0 110 38 2 3 0 10 0 0 0 1 0 0 16 15 0 0 0 0 0 4 2 2 0 0 0 57 6 0 0 0 0 0 0 0 0 10 0 5 0 0 0 8 1 5 0 0 1 0 0 24 0 0
228 CCG 0 0 0 0 0 0 0 0 0 0 0 0 0 0 0 15 0 0 8 0 44 11 195687 46 0 0 35 0 0 0 17 0 0 0 0 0 8 4 1 2 0 0 0 0 15 0 8 15 0 0 0 0 0 0 6 2 0 0 0 0 0 0 0 0
229 GAA 11 0 0 0 4 0 0 27 0 7 0 2 0 0 0 0 2 3 0 0 0 0 0 0 0 0 0 0 0 2 0 0 154047 11 22 7 5 0 2 0 17 3 0 7 10 3 0 0 9 9 0 24 66 17 7 21 0 0 1 0 0 63 7 40
230 ATA 1 0 0 1 11 7 3 0 0 0 0 0 199766 7 44 12 6 1 0 2 1 3 0 0 1 0 0 0 1 0 0 7 0 0 0 0 0 0 0 0 0 0 0 0 36 37 1 1 0 3 0 0 5 0 0 0 0 1 0 0 0 0 0 20
231 GCT 0 7 0 0 81 13 61 54 3 17 1 4 0 0 0 0 57 3 78 7 0 0 0 0 0 0 0 0 23 9 28 0 0 0 0 4 9 26 5 199987 0 0 0 0 0 69 192 491 0 72 0 0 4 0 0 8 0 0 7 17 23 3 19 0
232 GCA 1 10 7 54 107 0 0 5 15 36 0 5 49 104 37 148 23 101 10 132 39 0 106 8 13 5 39 28 30 20 5 19 8 5 6 4 197339 62 64 7 1 0 5 23 11 30 39 145 0 72 0 173 24 0 8 0 0 9 32 35 72 100 80 47
233 AGG 0 0 15 0 0 0 2 0 60 0 200602 1 0 0 14 0 0 0 0 0 0 0 0 0 0 2 6 2 0 0 0 0 0 0 0 0 0 0 0 0 0 0 53 0 0 0 0 0 0 0 0 0 0 0 0 0 0 0 10 0 0 0 0 0
234 CCC 7 0 1 0 0 10 0 5 7 0 0 0 0 0 1 25 2 15 0 0 35 197836 0 31 0 11 0 8 0 7 1 0 0 0 0 0 5 25 0 0 0 0 0 0 0 0 151 0 0 6 0 0 0 15 1 0 0 0 0 0 0 0 0 0
235 AAA 189896 0 29 8 3 0 20 0 4 2 2 1 0 0 24 1 14 0 10 0 3 0 0 0 4 121 0 0 16 81 106 3 15 1 0 0 14 8 27 6 0 0 0 0 21 3 0 3 1 25 0 0 12 6 3 7 0 45 0 0 50 0 10 6
236 GTA 0 3 2 2 2 7 0 0 8 5 0 0 55 1 38 4 3 34 4 0 0 0 0 0 2 1 0 0 4 28 24 21 0 0 0 0 24 0 1 11 2 0 0 0 194154 16 25 7 13 0 0 0 0 5 0 0 0 1 0 1 86 0 0 0
237 AGA 21 64 35 16 0 0 0 3 186039 6 44 6 2 0 21 0 48 9 12 0 0 0 0 0 7 0 0 0 5 4 0 7 0 0 12 1 0 2 19 1 62 0 7 0 0 2 0 2 0 2 0 0 15 0 10 0 0 5 3 1 3 2 15 6
238 GAT 0 0 0 12 3 0 17 2 1 0 2 0 0 14 5 0 0 0 0 0 0 0 0 0 0 0 0 0 0 0 4 0 5 21 0 176167 0 0 0 0 4 0 0 11 0 0 0 0 0 0 0 5 6 0 0 0 0 0 2 0 1 0 0 0
239 CAA 5 0 2 0 6 0 0 0 0 0 0 4 0 0 2 0 187542 0 53 2 1 1 0 2 22 0 0 0 0 0 3 0 1 0 0 0 0 0 0 1 5 0 0 0 0 0 0 4 3 0 0 0 1 0 0 0 0 0 0 0 0 0 0 0
240 CAT 0 1 0 9 2 0 0 7 0 0 0 3 23 7 3 0 7 8 11 88019 12 1 0 8 0 0 1 13 4 2 0 1 6 0 0 0 0 0 0 0 0 0 0 0 13 9 0 0 0 0 0 3 2 0 0 0 0 0 0 0 0 0 12 0
241 GGG 0 0 0 0 0 0 0 0 0 0 7 0 0 0 0 0 0 0 0 0 0 0 0 0 0 0 0 0 0 0 0 0 0 0 6 0 0 0 0 0 24 0 132773 2 0 0 1 0 0 0 0 0 0 0 0 0 0 0 3 0 0 0 0 0
242 AGG 0 0 14 0 0 0 0 0 31 0 112181 2 0 0 2 0 0 0 0 0 0 0 0 0 0 0 4 0 0 0 0 0 0 0 0 0 0 0 0 0 0 0 20 0 0 0 0 0 0 0 0 0 0 0 0 0 0 0 3 0 0 0 0 0
243 ATG 0 0 0 0 0 0 5 0 0 0 0 0 16 0 135864 3 0 0 0 0 0 1 0 0 0 0 0 0 0 0 0 0 0 0 0 0 0 0 0 0 0 0 0 0 0 0 10 0 0 0 0 0 0 0 0 0 0 0 0 0 0 0 0 0
244 AAC 6 140681 1 13 0 1 0 0 0 1 2 0 1 12 1 0 3 11 0 0 0 0 0 0 0 0 0 0 0 0 1 0 0 17 0 0 1 3 0 0 0 1 0 0 0 0 0 4 0 20 0 8 4 0 0 0 0 0 0 0 25 0 2 0
245 TAT 0 0 0 2 0 0 0 0 0 0 0 0 0 0 0 0 0 0 0 14 0 0 0 0 0 0 0 0 0 0 0 0 0 0 0 0 0 0 0 0 0 0 0 0 0 0 0 0 4 9 4 137701 0 0 0 0 0 0 1 8 0 0 0 0
246 TAC 0 1 0 0 0 0 0 0 0 0 0 0 0 0 6 0 0 103 0 22 0 0 0 0 0 0 0 0 0 0 0 0 0 0 0 2 0 0 0 0 0 0 0 0 0 0 0 0 2 161970 0 6 2 0 0 0 0 13 0 0 2 1 0 2
247 TGG 0 0 0 0 1 0 0 0 0 0 2 0 0 0 0 0 0 0 0 0 0 0 0 0 0 0 33 0 0 0 2 0 2 0 0 1 0 0 0 0 2 0 2 0 0 0 0 0 0 0 14 1 0 0 0 0 18 0 171129 1 0 0 2 0
248 ACC 0 2 0 0 18 186675 3 47 3 1 0 0 0 24 3 3 2 0 0 2 0 0 0 0 0 0 0 0 4 3 2 2 1 2 0 0 2 17 0 0 2 0 0 0 0 0 8 0 0 1 0 0 11 2 0 10 0 0 1 0 1 0 15 0
249 TTG 0 0 0 0 0 0 7 0 0 0 0 0 23 5 5 33 0 0 0 0 0 0 0 0 0 0 0 0 0 11 23 2 0 0 4 0 0 0 0 0 0 0 0 0 1 3 12 1 0 0 0 0 0 0 8 0 0 0 3 0 146 0 191060 2
250 CTA 0 0 0 0 0 0 0 0 0 0 0 0 21 7 0 3 0 0 0 0 10 0 0 0 0 0 0 0 198641 17 20 22 0 0 0 4 0 0 0 1 0 0 0 0 4 17 6 4 0 0 0 0 0 0 0 0 0 0 0 0 189 0 0 0
251 GAA 19 26 8 16 11 24 0 0 15 13 0 2 6 0 12 0 28 0 0 2 21 1 65 16 8 0 27 0 12 0 0 0 197305 11 13 1 13 7 2 0 19 5 3 0 5 10 1 0 6 3 0 26 2 5 0 1 0 0 0 0 4 6 2 0
252 CCC 0 0 0 0 0 2 0 0 0 0 0 0 0 0 0 0 0 5 0 0 18 187345 6 31 0 1 0 0 0 4 0 0 7 0 0 4 0 2 0 0 0 0 0 0 0 0 0 0 0 0 0 0 0 22 0 0 0 0 0 0 0 0 0 0
253 GGA 0 0 0 0 3 12 0 0 50 0 0 3 0 0 0 0 0 0 0 0 0 0 0 0 3 0 1 0 1 3 0 0 15 1 0 0 0 1 1 4 195010 0 106 6 0 0 0 0 0 1 0 0 0 0 0 0 5 0 0 0 0 0 0 0
254 GAC 0 17 0 0 0 0 0 0 0 4 0 0 0 0 0 0 43 14 1 0 0 0 0 0 0 0 0 0 0 0 0 0 19 193346 8 11 0 2 13 0 0 17 3 0 0 2 0 0 0 1 0 0 0 0 0 0 0 0 0 0 0 0 0 0
255 ACA 1 26 0 1 196469 46 24 14 0 1 4 14 9 3 0 1 10 0 1 1 2 0 0 0 0 0 0 0 0 0 0 3 0 0 4 0 13 2 14 0 0 7 0 3 3 2 0 11 0 1 0 0 9 0 0 0 0 0 7 0 0 0 0 0
256 ATA 4 0 0 0 25 0 0 0 2 0 0 2 200892 9 18 19 0 0 0 0 0 0 0 0 0 0 0 0 2 4 0 0 0 0 0 0 2 0 0 0 0 0 0 0 21 0 3 0 0 0 0 0 0 0 0 0 0 0 0 0 11 0 3 0
257 ATA 4 0 0 5 23 10 0 1 1 1 0 3 200536 8 89 53 23 0 65 0 0 0 0 0 0 0 0 0 25 16 16 9 0 0 0 0 0 8 6 17 0 11 0 0 24 0 7 0 0 0 0 28 0 128 0 0 0 1 11 1 51 47 20 2
258 TTT 0 0 0 0 0 0 0 0 0 0 0 0 0 0 0 11 0 0 0 0 0 0 0 0 0 0 0 0 0 0 0 12 0 0 0 0 0 0 0 0 0 0 0 0 0 0 0 7 0 0 0 0 0 0 0 2 0 0 0 0 7 9 3 200505
259 GAG 0 0 14 0 0 0 0 0 0 0 0 0 0 0 0 0 0 0 0 0 0 0 0 0 0 0 0 0 0 0 0 0 16 0 200911 13 0 0 3 0 0 0 52 0 0 0 2 0 0 0 3 0 0 0 0 0 0 0 0 0 0 0 0 0
260 GCA 0 0 0 0 45 0 0 0 0 0 0 0 0 0 0 0 0 0 0 0 0 0 0 0 0 0 0 0 0 0 0 0 11 0 0 0 201319 3 13 24 1 0 0 0 18 0 0 0 0 0 0 0 1 0 0 4 0 0 0 0 0 0 0 0
261 ACT 0 0 0 4 41 35 7 201400 0 2 0 13 1 0 0 11 0 0 0 0 0 0 0 0 0 0 0 0 0 0 0 0 0 0 0 0 0 0 0 25 0 0 0 0 0 0 0 0 0 0 0 0 3 2 2 0 0 0 0 0 0 0 0 0
262 GGT 0 0 0 0 0 0 0 0 0 0 0 18 0 0 0 0 0 0 0 0 0 0 0 0 0 0 0 0 0 0 0 0 0 0 0 13 0 0 0 2 10 57 5 200590 0 0 0 2 0 0 0 0 0 0 0 0 0 0 0 1 0 0 0 0
263 AAT 0 20 0 201257 0 0 0 3 0 0 0 6 0 0 0 1 0 0 0 0 0 0 0 0 0 0 0 0 0 0 0 0 0 0 0 4 0 0 0 0 0 0 0 0 0 0 0 0 0 0 0 0 0 0 0 0 0 0 0 0 0 0 0 0
264 CTA 0 0 0 0 0 0 0 0 0 0 0 0 1 0 0 0 0 0 0 0 50 0 0 0 0 0 0 0 201339 4 8 1 0 0 0 0 0 0 0 0 0 0 0 0 0 0 0 0 0 0 0 0 0 0 0 0 0 0 0 0 14 7 0 0
265 ATA 0 0 0 0 7 0 0 0 2 0 0 0 201530 19 42 10 0 0 0 0 0 0 0 0 0 0 0 0 3 31 0 2 0 0 0 0 0 0 3 0 0 0 0 0 18 0 4 18 0 0 0 0 0 0 0 0 0 0 0 0 6 0 11 0
266 GCA 0 0 0 0 24 0 0 0 0 0 0 0 0 0 0 0 0 0 0 0 1 0 0 0 0 0 0 0 0 0 0 0 2 0 0 0 200289 31 13 7 2 0 0 0 17 0 0 0 0 0 0 0 4 0 0 0 0 0 0 0 0 0 0 0
267 CCA 0 0 0 0 1 0 0 0 0 0 0 0 0 0 0 0 3 0 0 0 201162 11 12 24 0 0 0 0 14 0 0 0 0 0 0 0 1 0 0 0 0 0 0 0 0 0 0 0 0 0 0 0 3 0 0 0 0 0 0 0 0 0 0 0
268 TGG 0 0 0 0 0 0 0 0 0 0 0 1 2 0 0 0 0 4 4 0 0 0 0 0 0 0 16 0 0 0 0 0 0 0 0 0 0 1 2 0 1 0 1 0 0 0 0 0 0 0 11 0 8 0 0 0 12 1 200890 4 0 0 2 1
269 TAT 0 0 0 0 0 0 0 0 0 0 0 0 0 0 0 0 0 0 0 43 0 0 0 0 0 0 0 0 0 0 0 0 0 0 0 0 0 0 0 0 0 0 0 0 0 0 0 0 0 11 1 201484 0 0 0 0 0 0 10 24 0 0 0 29
270 GCT 0 0 0 0 0 0 0 49 0 0 0 0 0 0 0 0 0 0 0 0 0 0 0 0 0 0 0 0 0 0 0 0 0 0 0 2 4 37 13 198846 0 0 7 9 0 0 0 10 0 0 0 0 0 0 0 7 0 0 0 0 0 0 0 0
271 TTC 0 0 0 0 0 0 0 0 0 0 0 0 0 0 0 0 0 0 0 0 0 0 0 0 0 0 0 0 0 21 0 0 0 0 0 0 0 0 0 0 0 0 0 0 0 3 0 0 0 7 0 3 0 18 0 0 0 0 0 0 3 199079 0 69
272 GCA 1 0 1 0 60 0 1 0 0 9 0 0 0 17 0 2 0 0 7 0 0 0 0 0 0 0 4 0 0 0 0 7 0 0 9 0 200944 13 34 16 2 0 1 1 11 18 26 5 0 0 0 0 1 1 1 7 0 0 0 0 0 0 25 0
273 CTG 0 0 0 0 0 0 0 0 0 0 0 0 1 0 7 29 0 0 0 0 0 0 73 0 0 0 3 0 158 3 201056 7 0 0 0 0 0 0 1 0 0 0 0 0 10 2 12 18 0 0 0 0 0 0 0 0 0 0 0 0 2 0 21 0
274 AGT 18 10 0 49 10 16 10 21 2 32 7 201417 0 14 7 6 1 0 7 0 0 0 0 0 0 2 3 1 0 1 8 0 40 12 1 0 0 0 0 4 8 0 1 79 0 0 0 18 0 0 0 0 4 28 32 9 0 0 3 0 7 0 6 0
275 AGA 26 0 0 0 0 0 0 0 201401 1 59 0 1 0 0 0 0 2 0 0 0 0 0 0 1 28 0 0 0 0 0 0 0 0 0 0 0 0 0 0 16 0 0 0 0 0 0 0 0 0 0 1 0 0 0 3 1 0 0 0 0 0 0 0
276 GGG 1 155 0 128 6 0 3 0 5 11 24 0 0 0 2 0 4 27 9 4 0 0 0 0 1 1 0 2 4 0 1 0 5 4 14 0 14 8 9 0 70 22 200856 3 0 0 1 1 0 0 0 0 67 17 24 32 0 0 21 0 0 0 0 0
277 TTT 10 3 1 3 2 8 0 15 10 50 5 23 42 1 12 39 32 37 5 10 49 6 0 2 4 0 1 0 13 10 0 28 6 1 3 0 1 3 0 132 7 12 14 24 0 7 14 61 0 17 0 2 5 10 6 34 0 0 40 1 3 58 0 200805
278 GAG 1 76 8 10 0 0 0 6 11 8 8 4 1 13 0 0 3 1 27 0 34 2 5 0 0 2 0 6 0 74 0 5 52 0 198735 32 6 3 15 9 3 0 89 0 0 0 2 7 0 37 3 0 0 18 0 0 0 0 0 0 1 0 6 2
279 TCC 0 0 0 29 0 2 0 0 2 3 0 0 0 0 0 0 0 2 0 11 0 17 0 0 0 0 0 0 0 0 0 0 0 0 0 0 0 4 0 0 0 0 0 0 0 0 0 0 0 3 0 0 17 197702 11 61 0 0 0 0 0 5 0 0
280 GGC 0 0 0 0 0 0 0 0 0 60 0 0 0 0 0 0 0 0 0 0 0 0 0 0 0 1 0 0 0 0 0 0 0 46 0 0 0 0 0 0 12 200915 2 23 0 0 0 0 0 0 0 0 0 0 0 0 0 3 0 0 0 0 0 0
281 ATC 0 1 0 0 0 27 0 0 0 4 0 0 7 201355 0 44 0 0 0 0 0 0 0 0 0 0 0 0 0 3 0 0 0 0 0 0 0 0 0 0 0 0 0 0 0 15 0 0 0 0 0 0 0 0 0 0 0 0 0 0 0 17 0 48
282 ATC 0 0 0 0 0 30 0 0 0 0 0 0 5 201250 0 37 0 0 0 0 0 0 0 0 0 0 0 0 4 2 0 0 0 0 0 0 0 0 0 0 0 0 0 0 0 16 0 0 0 0 0 0 0 0 0 0 0 0 0 0 0 27 3 0
283 ACC 0 0 0 0 31 201010 5 29 9 4 12 1 1 19 34 17 27 0 14 12 0 0 0 0 0 7 0 0 42 6 0 12 6 0 0 0 22 9 0 0 0 0 0 0 4 0 0 22 0 0 0 0 11 5 0 20 0 0 0 0 0 0 10 7
284 TCA 0 0 0 0 13 0 7 1 0 4 0 10 0 0 0 0 0 0 0 0 33 0 0 0 0 0 0 0 0 0 0 0 0 0 0 0 3 2 0 0 0 0 0 0 0 0 0 0 6 0 0 0 198609 6 141 17 0 0 0 0 2 0 0 0
285 AAC 0 194590 3 414 3 60 0 0 0 16 0 7 0 2 0 0 0 19 4 4 0 0 0 1 17 0 2 0 4 0 6 0 8 11 0 7 4 41 0 3 0 0 0 0 9 0 0 0 0 0 0 1 10 11 0 1 0 0 0 0 15 0 0 0
286 GCG 0 0 0 0 0 0 23 12 0 0 0 0 12 0 2 0 0 0 0 0 0 0 0 0 0 5 2 0 11 0 0 30 0 0 10 0 78 2 206286 2 0 0 0 0 4 0 7 7 0 0 0 0 2 1 9 3 0 0 0 0 11 3 92 0
287 TCA 0 0 9 3 14 0 0 4 0 19 0 6 0 10 0 0 0 0 0 4 52 3 0 10 0 2 0 0 0 1 0 0 10 13 2 4 1 0 0 0 0 0 0 0 0 0 0 0 6 0 0 3 206886 29 27 14 0 0 0 0 20 0 0 0
288 ATG 0 0 7 0 22 6 8 7 0 0 7 0 96 0 207597 5 0 0 43 2 0 90 0 0 0 0 0 0 1 3 36 38 0 0 1 0 3 0 0 7 0 0 0 0 0 16 17 0 0 0 0 1 2 4 0 0 0 0 8 0 17 0 1 0
289 CAT 0 1 1 1 53 20 0 56 0 1 0 0 0 0 0 5 14 23 3 207359 0 0 0 2 0 0 0 7 0 0 0 1 3 15 0 0 26 8 0 0 0 30 6 7 0 0 0 0 0 0 0 45 18 36 1 0 0 2 0 0 0 0 0 0
290 GAG 0 0 10 0 6 0 1 0 0 0 0 0 0 0 0 0 0 0 0 0 0 1 0 0 0 0 0 0 0 0 12 0 35 2 207704 21 0 0 7 0 2 0 25 0 0 0 0 0 0 0 4 0 0 0 0 0 0 0 0 0 0 0 0 0
291 TGT 0 0 0 0 0 0 0 0 0 0 0 3 0 0 0 0 0 0 0 0 0 0 0 0 0 1 0 3 0 0 0 0 0 0 0 0 0 0 0 0 0 0 0 1 0 0 0 0 0 0 0 30 0 0 0 1 0 126 0 205718 0 0 0 5
292 AAC 1 207715 0 66 3 5 0 2 0 35 0 0 0 3 0 0 0 12 0 0 0 0 0 0 0 0 0 0 0 0 0 0 11 50 0 9 0 0 0 0 0 0 0 0 0 0 0 0 0 9 0 0 6 0 0 1 0 0 0 0 0 1 0 0
293 ACG 0 0 0 0 75 2 207391 6 0 6 1 2 0 0 11 0 0 0 0 0 0 0 2 0 0 0 0 0 0 0 0 0 0 0 0 0 4 0 45 4 0 0 0 0 0 0 0 0 0 0 0 0 0 3 0 2 0 0 0 0 0 0 0 0
294 AAG 27 132 206362 16 1 0 4 0 0 0 26 5 0 23 6 3 4 4 21 4 0 0 0 1 12 0 0 0 0 8 18 13 1 0 17 1 22 0 0 2 0 6 0 0 0 0 3 1 0 0 0 10 8 1 0 26 0 0 0 0 2 27 0 5
295 TGT 0 0 0 0 0 0 0 0 0 0 0 0 0 0 0 0 0 0 0 0 0 0 0 0 0 0 0 4 0 0 0 0 0 0 0 0 0 0 0 0 0 0 0 0 0 0 0 0 0 0 0 17 0 0 0 0 0 69 0 207743 0 0 0 4
296 CAA 4 0 0 0 0 0 0 0 0 0 0 0 0 0 0 0 207745 0 77 3 3 0 0 0 71 0 0 0 0 0 0 0 0 0 0 0 0 0 0 0 0 0 0 0 0 0 0 0 10 0 0 0 0 0 0 0 0 0 0 0 0 0 0 0
297 ACA 2 0 0 0 206870 8 19 7 0 0 0 0 16 0 0 0 0 0 0 0 5 0 0 0 0 0 0 0 0 0 0 0 0 0 0 0 23 0 0 0 0 0 0 0 0 0 0 0 0 0 0 0 4 0 8 2 0 0 0 0 0 0 0 0
298 CCC 0 0 0 0 5 3 0 0 0 0 0 0 0 0 0 0 0 1 0 0 10 207380 0 10 0 2 0 0 0 8 0 0 0 0 0 0 0 0 0 0 0 0 0 0 0 0 0 0 0 0 0 0 0 12 0 0 0 0 0 0 0 0 0 0
299 CAG 0 40 6 6 0 0 4 7 9 0 0 12 0 2 53 0 32 74 206005 133 0 3 14 0 0 5 42 0 10 0 65 1 5 77 23 0 10 0 4 0 0 0 0 0 16 0 0 0 0 1 8 0 0 0 0 15 0 0 0 10 5 0 90 0
300 GGA 0 0 0 0 0 0 1 0 7 0 0 0 0 0 0 0 0 0 0 0 0 0 0 0 0 0 0 0 0 0 0 0 9 0 0 0 0 0 0 0 208023 4 24 29 9 0 0 0 0 0 0 0 0 0 0 0 5 0 0 0 0 0 0 0
301 GCT 0 0 0 0 0 0 0 30 0 0 0 12 0 0 0 0 0 0 0 0 0 0 0 0 0 0 0 0 0 0 0 0 0 0 0 1 6 49 0 207870 0 0 0 0 0 0 0 32 0 0 0 0 3 3 4 26 0 0 0 0 0 0 0 0
302 ATA 3 0 0 0 12 0 0 0 4 0 0 0 208208 6 15 27 0 0 0 0 0 0 0 0 0 0 0 0 7 0 3 2 0 0 0 0 0 0 0 0 0 0 0 0 13 0 0 9 0 0 0 0 0 0 0 0 0 0 0 0 3 0 0 0
303 AAC 4 207337 0 18 0 4 0 2 2 28 1 0 0 11 0 5 1 17 0 0 0 0 0 0 0 0 1 0 0 3 0 0 5 20 49 15 0 7 0 0 0 0 1 3 7 0 15 12 0 1 0 5 0 0 1 0 0 0 0 0 4 3 23 0
304 AGC 0 86 0 1 0 3 0 0 2 207003 4 523 0 0 0 0 0 0 0 0 0 0 0 0 0 6 0 1 0 0 0 0 0 0 0 0 0 0 0 0 12 14 1 0 0 0 0 0 0 0 0 0 0 0 0 2 0 0 0 0 0 0 0 0
305 AAT 3 19 2 205747 0 0 1 6 0 0 0 23 0 0 0 0 0 0 0 2 0 0 0 0 2 9 0 0 0 0 0 0 0 0 0 14 0 0 0 0 1 5 7 10 0 0 0 2 0 0 0 1 0 0 0 0 0 0 0 0 0 0 0 5
306 CTC 0 0 4 0 0 0 0 0 0 0 0 0 0 7 0 0 0 3 0 1 1 37 0 0 0 10 0 4 96 207113 12 29 0 0 0 0 0 7 0 0 0 0 0 0 0 0 0 0 0 0 0 0 0 0 0 0 0 0 0 0 5 27 0 0
307 CCT 0 0 0 0 0 0 0 1 0 0 0 0 0 0 0 0 0 0 0 4 5 58 22 207996 0 0 0 0 0 0 0 18 0 0 0 0 0 0 0 0 0 0 0 0 0 0 0 0 0 0 0 2 0 0 0 16 0 0 0 0 0 0 0 0
308 TTC 0 0 0 0 0 0 0 0 0 0 0 0 0 0 0 0 0 0 0 0 0 0 0 0 0 0 0 0 0 22 0 0 0 0 0 0 0 0 0 0 0 0 0 0 0 5 0 0 0 0 0 1 0 23 0 0 0 2 0 0 1 207452 0 23
309 CAG 0 0 2 0 0 0 0 0 0 0 0 0 0 0 0 0 14 0 207492 7 0 0 6 0 0 0 39 0 0 0 0 0 0 0 0 0 0 0 0 0 0 0 0 0 0 0 0 0 0 0 18 0 0 0 0 0 0 0 0 0 0 0 0 0
310 AAT 1 32 2 208102 0 0 0 3 0 0 0 19 0 0 0 0 0 0 0 0 0 0 0 0 0 0 0 0 0 0 0 0 0 0 0 9 0 0 0 0 0 0 0 0 0 0 0 0 0 0 0 1 0 0 0 0 0 0 0 0 0 0 0 0
311 ATA 0 0 0 0 22 0 0 0 2 0 0 0 207898 5 40 7 0 0 0 0 0 0 0 0 0 0 0 0 1 0 0 0 0 0 0 0 0 0 0 0 0 0 0 0 23 1 1 4 0 0 0 0 0 0 0 0 0 0 0 0 0 0 0 0
312 CAC 0 13 0 7 5 0 7 0 0 4 0 6 0 0 0 0 2 207663 1 19 0 8 0 0 0 9 0 0 0 0 0 0 0 19 0 3 0 5 6 0 0 0 6 1 0 0 0 0 0 32 0 0 0 17 3 37 0 0 0 0 0 0 0 0
313 CCA 11 0 1 0 0 0 0 0 90 0 0 0 0 0 0 0 2 0 0 0 207728 7 21 6 0 2 0 0 17 0 0 0 0 0 0 0 1 0 1 0 0 0 0 0 0 0 0 0 0 0 0 1 7 0 0 0 0 0 1 0 0 0 0 0
314 GTC 0 2 0 7 3 6 16 5 0 4 1 0 5 30 0 0 3 17 5 10 0 0 0 0 0 0 0 0 0 12 0 0 0 0 0 0 0 34 2 0 0 5 1 0 16 206050 0 59 0 22 0 0 0 4 0 2 0 0 0 0 2 28 3 1
315 ACA 6 0 0 0 207342 24 28 8 0 6 0 35 8 0 0 3 0 0 0 0 0 0 0 0 0 0 0 0 0 0 0 0 0 0 0 0 19 5 3 0 25 0 7 2 0 11 5 82 0 4 0 8 5 0 0 0 0 0 0 0 0 0 0 0
316 ATA 5 0 1 0 10 0 0 0 3 0 0 0 207296 1 46 0 0 0 0 0 0 0 0 0 0 0 0 0 0 0 5 0 0 0 0 0 0 0 0 0 0 0 0 0 11 11 0 0 0 0 0 0 0 0 0 0 0 0 0 0 1 0 1 0
317 GGA 0 0 0 0 0 0 0 0 11 0 0 0 0 0 0 0 0 0 0 0 0 0 0 0 2 0 0 0 0 0 0 0 15 0 0 0 0 0 0 0 207313 5 137 9 1 0 0 0 0 0 0 0 0 0 0 0 9 0 0 0 0 0 0 0
318 GAG 2 0 16 37 2 2 0 1 0 0 0 29 2 0 0 1 12 1 0 10 0 0 0 0 0 0 0 6 6 0 0 0 49 0 207077 19 0 4 0 2 1 4 20 0 0 0 4 0 1 0 6 0 28 3 6 12 0 0 0 0 0 0 5 0
319 TGC 0 0 0 0 0 0 0 0 0 2 0 0 0 0 0 0 0 0 0 0 0 0 0 0 0 6 0 0 0 0 0 0 0 0 0 0 0 0 0 0 0 0 0 0 0 0 0 0 0 89 0 0 0 3 0 0 0 207038 3 124 0 2 0 0
320 CCA 0 0 0 0 2 0 0 0 0 0 0 0 0 0 0 0 4 0 0 0 207315 45 1 33 0 0 0 0 5 0 0 0 0 0 0 0 1 0 0 0 0 0 2 0 0 0 0 0 0 0 0 0 19 0 0 0 0 0 0 0 0 0 0 0
321 AAA 206732 0 18 5 5 0 0 2 58 0 0 2 18 0 0 0 2 1 5 0 0 0 0 0 3 0 1 11 3 0 0 2 7 0 0 0 0 0 0 0 1 0 0 0 11 2 0 0 0 0 0 0 0 0 2 0 0 0 0 0 0 0 0 0
322 TAT 0 0 0 0 0 0 0 0 0 0 0 0 0 0 0 0 0 0 0 24 0 0 0 0 0 0 0 0 0 0 0 0 0 0 0 1 0 0 0 0 0 0 0 0 0 0 0 0 3 4 7 208083 0 0 0 0 0 0 0 17 0 11 0 12
323 GTC 0 0 0 0 0 0 0 0 0 1 0 0 3 203 0 8 0 0 0 0 0 0 0 0 0 0 0 0 0 1 0 0 0 4 0 0 0 5 0 0 0 0 0 0 19 206048 8 38 0 0 0 0 0 0 0 0 0 0 0 0 1 5 0 0
324 AGG 1 0 31 0 0 2 0 0 35 1 205975 2 0 0 1 0 0 0 0 0 0 0 0 0 6 5 11 3 0 0 0 0 0 0 0 0 1 0 0 8 0 0 47 0 0 0 0 0 0 0 0 0 0 0 0 0 0 0 0 0 0 0 1 0
325 AGT 0 4 0 27 0 2 0 1 0 43 0 206218 0 0 0 6 0 0 0 0 0 0 0 0 0 0 0 0 0 0 0 0 0 0 0 0 0 4 0 0 0 0 0 29 0 0 0 0 0 0 0 0 30 1 14 0 0 0 0 0 0 0 0 0
326 ACC 0 6 0 0 19 179359 0 11 0 2 0 0 0 34 0 36 14 0 0 0 0 29 1 0 0 2 0 0 0 1 0 17 0 2 0 0 0 55 0 1 2 0 0 2 0 0 0 0 0 0 0 0 25 8 0 0 0 0 0 0 0 0 0 0
327 AAA 206653 2 20 0 3 0 0 0 13 0 0 0 0 0 0 0 5 0 0 0 0 0 0 0 0 3 0 4 0 0 0 0 9 0 0 0 0 0 0 0 0 0 0 0 0 0 0 0 0 0 0 0 0 4 0 0 0 0 0 0 0 0 0 0
328 TTG 0 0 0 0 0 0 0 0 0 0 0 0 0 0 1 0 0 0 0 0 0 0 0 0 0 0 0 0 29 0 61 61 0 0 0 0 0 0 0 0 0 0 0 0 0 0 1 0 0 0 0 0 0 0 3 0 0 0 0 0 64 0 202986 2
329 AGG 0 0 27 0 0 0 0 0 37 0 197130 3 0 0 19 0 0 0 0 0 0 0 0 0 1 13 0 0 0 0 0 0 0 0 0 0 0 0 0 0 0 0 41 0 0 0 2 0 0 0 0 0 0 0 0 0 0 0 1 0 0 0 0 0
330 ATG 0 0 0 0 0 0 9 0 0 0 0 0 10 0 202219 7 0 0 0 0 0 0 0 0 0 0 0 0 0 0 1 0 0 0 0 0 0 0 0 0 0 0 0 0 0 0 35 0 0 0 0 0 0 0 0 0 0 0 0 0 0 0 4 0
331 GTT 0 0 0 0 0 0 0 0 0 0 0 0 0 0 0 16 0 0 0 0 0 0 0 0 0 0 0 0 0 0 0 1 0 0 0 0 0 1 0 16 0 0 0 0 20 39 51 199580 0 0 0 0 0 0 0 0 0 1 0 0 1 0 0 2
332 ACA 2 0 0 0 192486 11 134 11 0 0 0 0 22 0 0 0 0 0 0 0 2 0 0 0 2 0 0 0 0 0 0 0 0 0 0 0 11 0 0 0 0 0 0 0 0 0 0 0 1 0 0 0 0 0 0 0 0 0 0 0 0 0 0 0
333 GGA 1 0 0 0 0 0 0 0 16 0 0 0 0 0 0 0 0 0 0 0 0 0 0 0 1 0 0 0 0 0 0 0 25 1 0 0 0 0 0 0 180210 8 71 1 3 0 0 0 0 0 0 0 0 1 0 0 7 0 0 0 0 0 0 0
334 CTA 0 0 0 0 0 0 0 0 0 0 0 0 6 0 0 0 6 0 0 2 23 1 0 0 0 0 0 0 189527 10 30 5 0 0 0 2 0 0 0 0 0 0 0 0 0 0 0 0 0 0 0 0 0 0 0 0 0 0 0 0 9 0 0 0
335 AGA 4 0 0 0 0 0 0 0 187628 0 44 1 6 1 0 0 0 0 0 0 1 1 0 0 20 0 0 1 0 0 0 0 7 0 0 0 0 0 0 0 9 0 0 0 0 0 0 0 0 0 0 0 0 0 0 0 1 0 0 0 0 0 0 0
336 AAC 0 91436 0 15 0 3 0 0 0 3 0 0 0 0 0 0 0 0 0 0 0 0 0 0 0 0 0 0 0 0 0 0 0 4 0 0 0 1 0 0 0 0 0 0 0 0 0 0 0 0 0 0 0 0 0 0 0 0 0 0 0 0 0 0
337 ATC 139 264 0 14 13 45 0 0 0 7 19 22 0 90226 2 11 17 3 11 1 0 0 0 0 42 9 0 46 0 3 0 3 0 0 0 0 2 0 0 0 0 3 0 1 1 7 4 1 0 1 0 0 1 1 0 0 0 0 0 0 5 0 0 0
338 CCA 0 0 0 0 2 0 0 0 0 0 0 0 0 0 0 0 5 6 0 0 95693 9 30 1 0 0 2 0 6 0 0 0 0 0 0 0 2 0 2 0 1 0 0 0 0 0 0 0 0 0 0 0 4 0 0 0 0 0 0 0 0 0 0 0
339 TCC 7 0 0 0 0 0 0 0 15 7 0 0 1 1 0 0 23 0 8 0 0 13 2 13 13 0 0 0 0 0 0 0 0 0 0 0 5 43 9 11 0 0 0 0 0 0 0 3 0 0 0 0 5 92272 4 7 0 0 0 0 1 2 0 0
340 ATT 6 0 0 0 0 0 0 4 13 0 7 0 3 15 2 114513 0 0 3 0 0 0 0 0 1 0 43 10 0 0 0 2 0 0 0 0 0 0 0 0 0 0 0 0 0 0 0 29 0 0 0 0 0 0 0 0 0 0 0 0 2 0 0 1
341 CAA 1 0 0 0 0 0 0 0 0 0 0 0 0 0 0 0 98173 0 8 0 1 0 0 0 7 0 0 0 3 0 0 0 0 0 0 0 0 0 0 0 0 0 0 0 0 0 0 0 3 0 0 0 0 0 0 0 0 0 0 0 0 0 0 0
342 TAC 0 2 0 0 0 0 0 0 0 0 0 0 0 0 0 0 0 12 0 0 0 0 0 0 0 0 0 0 0 0 0 0 0 2 0 0 0 0 0 0 0 0 0 0 0 0 0 0 2 112923 1 14 0 0 0 0 0 4 0 0 0 0 0 0
343 AGA 64 0 5 0 2 0 0 0 150620 0 62 1 4 0 0 0 0 0 5 2 1 0 0 0 29 16 0 0 0 0 0 0 0 0 2 0 0 0 0 0 19 0 0 0 0 0 0 0 0 0 0 0 0 0 0 0 14 0 0 0 0 1 0 0
344 GGT 0 0 0 3 0 0 0 0 0 0 7 6 1 0 0 0 0 0 0 0 0 0 0 0 0 0 0 0 0 0 0 0 0 0 1 12 0 0 0 0 2 45 3 200219 0 3 0 0 0 0 0 0 1 0 0 0 0 0 0 2 0 2 0 0
345 CTA 0 0 0 2 3 0 0 0 0 0 0 0 4 3 0 0 2 0 0 0 35 0 0 0 0 0 0 0 189007 1 12 11 0 0 2 0 0 0 0 0 0 0 0 0 10 5 0 0 0 0 0 3 0 0 0 5 0 0 0 0 30 0 0 0
346 TTT 0 0 0 0 0 0 0 1 0 0 0 0 0 0 0 9 0 0 0 1 0 0 0 0 0 0 0 0 4 0 0 12 0 0 0 0 0 0 0 0 0 0 0 0 0 0 3 3 0 0 0 1 0 0 0 13 0 0 0 0 10 46 43 200751
347 GGA 0 0 0 2 0 0 0 0 7 6 1 0 0 0 0 0 0 0 0 0 0 0 0 0 0 0 0 0 0 0 0 0 11 0 1 0 11 2 3 0 202415 2 45 11 1 0 0 0 0 0 0 0 0 1 0 0 2 0 0 0 1 0 0 0
348 GCC 0 0 0 0 0 10 0 0 0 0 0 0 0 0 0 0 0 0 0 0 0 0 0 0 0 0 0 0 0 0 0 0 0 1 0 0 13 204532 6 22 0 3 0 0 0 66 0 0 0 0 0 0 0 1 0 1 0 0 0 0 0 0 0 0
349 ATT 0 0 0 1 0 0 0 11 0 0 0 1 6 22 0 205158 0 0 0 0 0 0 0 0 0 0 0 0 0 0 0 3 0 0 0 0 0 0 0 0 0 0 0 0 21 0 12 31 0 0 0 1 0 0 0 0 0 0 0 0 0 0 0 4
350 GCT 0 0 0 0 3 0 0 67 0 0 0 4 0 0 0 0 0 0 0 0 0 0 0 0 0 0 0 0 0 0 0 0 0 0 0 1 18 33 26 206004 0 0 0 0 0 0 0 19 0 0 0 0 6 0 1 5 0 0 0 0 0 0 0 0
351 GGT 0 0 0 0 0 0 0 0 0 0 0 5 0 0 0 0 0 0 0 0 0 0 0 0 0 0 0 0 0 0 0 0 0 0 0 10 0 0 0 0 1 37 57 199824 0 0 0 9 0 0 0 0 0 0 0 0 0 0 0 1 0 0 0 0
352 TTT 0 0 0 0 0 0 0 0 0 0 0 0 0 0 0 2 0 0 0 0 0 0 0 0 0 0 0 0 0 0 0 10 0 0 0 0 0 0 0 0 0 0 0 0 0 0 0 0 0 0 0 0 0 1 0 12 0 0 0 0 0 15 0 206924
353 ATT 0 0 0 1 0 0 0 12 0 0 0 3 13 13 0 207390 0 0 0 0 0 0 0 0 0 0 0 0 0 7 6 1 0 0 0 0 0 0 0 0 0 0 0 0 16 0 60 34 0 0 0 0 0 0 0 0 0 0 0 0 0 0 1 4
354 GAG 0 0 6 0 0 0 0 0 0 0 0 0 0 0 0 0 0 0 0 0 0 0 0 0 0 0 0 0 0 0 0 0 38 0 201264 14 0 0 1 0 0 0 28 0 0 0 7 0 0 0 1 0 0 0 0 0 0 0 0 0 0 0 0 0
355 GGG 0 0 0 0 0 0 0 0 0 0 16 0 0 0 0 0 0 0 0 0 0 0 0 0 0 0 0 0 0 0 0 0 0 0 19 0 0 0 0 0 48 30 205453 21 0 0 0 0 0 0 0 0 0 0 0 0 0 0 7 0 0 0 0 0
356 GGA 0 0 0 0 0 0 0 0 16 0 0 0 0 0 0 0 0 0 0 0 0 0 0 0 0 0 0 0 0 0 0 0 26 0 0 0 0 0 0 0 206903 0 358 22 6 0 0 0 0 0 0 0 0 0 0 0 1 0 0 0 0 0 0 0
357 TGG 0 0 0 0 0 0 0 0 0 0 3 0 0 0 0 0 0 0 0 0 0 0 0 0 0 0 11 0 0 0 0 0 0 0 0 0 0 0 0 0 0 0 0 0 0 0 0 0 0 0 23 0 0 0 0 0 12 0 207781 3 0 0 8 0
358 ACT 0 4 0 8 16 146 4 206848 0 3 0 0 0 5 0 10 0 11 0 0 1 0 0 29 0 0 0 0 11 3 0 3 0 0 0 0 0 0 0 45 0 0 0 0 0 0 0 0 0 1 0 9 0 0 0 6 0 0 0 2 10 0 0 0
359 GGA 0 0 0 0 0 0 0 0 38 0 0 0 0 0 0 0 0 0 0 0 0 0 0 0 1 0 0 0 0 0 0 0 20 0 0 0 1 0 0 0 207045 17 21 12 4 0 0 0 0 0 0 0 0 0 0 0 2 0 0 0 0 0 0 0
360 ATG 0 0 1 0 0 0 5 0 0 0 0 0 13 0 207407 4 0 0 0 0 0 0 0 0 0 0 0 0 4 11 11 8 0 0 0 0 0 0 0 0 0 0 0 0 0 0 19 0 0 0 0 0 0 0 0 0 0 0 0 0 128 0 13 0
361 ATA 48 0 43 0 15 4 0 0 0 0 0 0 207523 80 79 54 0 0 0 0 0 0 0 0 0 0 0 0 5 0 5 9 0 0 0 0 0 0 0 0 0 0 0 0 78 10 18 25 0 2 0 0 0 0 0 0 0 0 0 0 1 0 6 0
362 GAT 0 0 0 20 0 0 0 0 0 0 0 0 0 0 0 0 0 0 0 2 0 0 0 0 0 0 0 0 0 0 0 0 2 6 0 207468 0 0 0 0 0 0 0 11 0 0 0 0 0 0 0 0 0 0 0 0 0 0 0 0 0 0 0 0
363 GGA 0 0 0 0 0 0 0 0 16 0 0 0 0 0 0 0 0 0 0 0 0 0 0 0 0 0 0 0 0 0 0 0 11 0 0 0 0 0 0 0 207172 6 45 14 0 0 0 0 0 0 0 0 0 0 0 0 2 0 0 0 0 0 0 0
364 TGG 0 0 0 0 0 0 0 0 0 0 2 0 0 0 0 0 0 0 0 0 0 0 0 0 0 0 5 0 0 0 0 0 0 0 0 0 0 0 0 0 0 0 1 0 0 0 0 0 0 0 27 0 0 0 1 0 10 0 207337 1 0 0 5 0
365 TAT 0 0 0 0 0 0 0 0 0 0 0 0 0 0 0 0 0 0 0 29 0 0 0 0 0 0 0 0 0 0 0 0 0 0 0 0 0 0 0 0 0 0 0 0 0 0 0 0 0 16 0 207784 0 0 0 0 0 0 0 15 0 0 0 1
366 GGT 0 0 0 0 0 0 0 0 0 0 0 11 0 0 0 0 0 0 0 0 0 0 0 0 0 0 0 0 0 0 0 0 0 0 0 15 0 0 0 0 2 293 20 206957 0 0 0 0 0 0 0 0 0 0 0 0 0 0 0 4 0 0 0 0
367 TAT 0 0 0 0 0 0 0 0 0 0 0 0 0 0 0 0 0 0 0 23 0 0 0 0 0 0 0 0 0 0 0 0 0 0 0 1 0 0 0 0 0 0 0 0 0 0 0 0 0 19 0 208042 0 0 0 0 0 0 0 19 0 0 0 7
368 CAT 0 0 0 0 0 0 0 0 0 0 0 0 0 0 0 0 0 37 9 207863 0 0 0 2 0 0 6 6 0 0 0 3 0 0 0 0 0 0 0 0 0 0 0 0 0 0 0 0 0 0 0 27 0 0 0 0 0 0 2 0 0 0 0 1
369 CAT 0 0 0 9 1 0 9 1 0 0 0 0 3 1 7 0 125 27 3 207542 0 0 0 0 0 0 0 3 0 0 0 2 0 0 0 0 0 0 0 0 0 0 0 0 4 0 0 0 0 0 0 13 0 0 0 0 0 0 0 29 0 0 0 3
370 CAG 1 0 7 0 0 0 8 4 0 7 0 279 6 0 0 5 23 4 207607 16 0 0 1 0 4 1 30 0 0 0 5 20 0 0 1 3 4 2 1 0 0 0 0 0 9 3 3 22 0 1 15 0 2 10 13 10 0 0 0 0 1 1 0 0
371 AAT 0 14 0 207877 0 0 0 1 0 0 0 12 0 0 0 0 0 0 0 4 0 0 0 0 0 0 0 0 0 0 0 0 0 0 0 11 0 0 0 0 0 0 0 0 0 0 0 0 0 0 0 0 0 0 0 0 0 0 0 0 0 0 0 0
372 GAA 13 0 0 0 0 5 0 0 0 0 0 0 0 0 0 0 3 0 0 0 0 0 0 0 0 0 0 0 0 0 0 0 207830 14 42 0 1 0 0 32 11 0 0 0 0 0 0 0 0 0 0 0 0 10 0 4 0 0 0 0 0 0 0 0
373 CAG 0 0 4 0 0 0 0 0 0 0 0 0 0 0 0 0 15 0 207572 15 0 0 4 0 0 0 66 0 0 0 3 0 0 0 9 0 5 8 2 0 0 0 0 0 0 0 0 0 0 0 32 0 0 0 0 0 0 0 11 0 0 0 0 0
374 GGA 0 0 0 0 0 0 0 0 16 0 0 0 0 0 0 0 0 0 0 0 0 0 0 0 0 0 0 0 0 0 0 0 22 0 0 0 0 0 0 0 207772 22 28 3 0 0 0 0 0 0 0 0 0 0 0 0 8 0 0 0 0 0 0 0
375 TCA 0 0 0 0 3 6 0 0 0 7 7 3 0 0 0 0 0 0 0 0 9 0 0 0 1 0 0 0 0 0 0 0 0 4 2 0 7 0 0 0 0 0 0 0 0 0 0 0 1 0 0 0 207648 4 186 7 0 0 0 0 24 0 0 0
376 GGC 0 0 0 0 0 0 0 0 0 30 0 0 0 0 0 0 3 0 0 0 0 0 0 0 0 1 0 0 0 0 0 0 0 25 0 0 17 0 0 0 11 207443 24 55 0 1 0 0 0 0 0 0 0 0 0 0 0 12 0 0 0 0 0 0
377 TAT 0 0 0 1 0 0 0 0 0 0 0 0 0 0 0 0 0 0 0 18 0 0 0 0 0 0 0 0 0 0 0 0 0 0 0 1 0 0 0 0 0 0 0 0 0 0 0 0 0 8 0 207837 0 0 0 1 0 0 0 9 0 0 0 0
378 GCA 0 0 0 0 47 0 0 0 0 0 0 4 0 0 6 0 0 0 0 0 0 0 0 0 0 0 0 0 0 0 0 0 6 0 0 0 206007 3 33 15 2 0 0 0 138 9 2 24 0 0 0 0 8 2 0 1 0 0 0 6 0 0 0 0
379 GCG 0 0 0 0 0 0 14 0 0 0 0 0 0 0 0 0 0 0 0 0 0 0 0 0 0 0 0 0 0 0 0 0 0 0 1 0 172 5 207305 7 0 0 2 0 0 0 62 0 0 0 0 0 0 0 2 0 0 0 0 0 0 0 0 0
380 GAT 0 0 0 18 0 0 0 0 0 0 0 0 0 0 0 0 0 0 0 0 0 0 0 0 0 0 0 0 0 0 0 0 2 36 2 207669 0 0 0 0 0 0 0 11 0 0 0 0 0 0 0 2 0 0 0 0 0 0 0 0 0 0 0 0
381 CAA 17 0 3 0 0 0 0 0 3 0 3 0 15 12 16 12 194904 17 35 6 0 0 0 0 29 0 7 0 6 8 3 1 1 0 9 0 0 1 3 12 0 0 0 0 0 0 0 0 4 32 0 0 6 0 0 0 0 0 0 0 1 0 4 4
382 AAA 195864 4 28 0 7 4 0 0 15 0 4 0 1 6 2 0 9 0 16 0 0 0 0 0 0 3 0 14 0 0 6 0 6 0 0 0 0 9 0 0 0 0 0 0 0 0 3 2 0 0 0 0 2 0 0 0 0 0 2 0 0 1 4 2
383 AGC 0 49 0 1 4 11 0 0 0 195528 2 89 0 4 0 0 0 0 0 0 0 0 0 0 0 1 0 0 0 0 0 0 0 0 0 0 0 6 1 6 0 74 0 0 0 0 0 0 0 0 0 0 8 1 1 0 0 0 0 0 0 0 0 0
384 ACA 0 0 0 0 196205 15 14 3 0 0 0 0 7 0 0 0 0 0 0 0 0 0 0 0 0 0 0 0 0 0 0 0 0 0 0 0 9 0 0 0 0 0 0 0 0 0 0 0 0 0 0 0 0 0 0 2 0 0 0 0 0 0 0 0
385 CAA 1 0 0 0 0 0 0 0 0 0 0 0 0 0 0 0 195913 2 11 0 1 0 0 0 6 0 0 0 0 0 0 0 1 4 0 0 0 0 0 0 0 0 0 0 0 0 0 0 18 0 0 0 0 0 0 0 0 0 0 0 0 0 0 0
386 AAT 86 3 55 195654 0 0 1 3 9 9 52 36 28 2 29 51 12 2 0 0 0 0 0 0 77 0 21 0 0 3 0 9 5 2 0 30 3 0 6 0 0 0 0 0 0 0 6 0 1 1 0 3 21 13 0 12 0 0 0 1 1 0 0 1
387 GCC 0 0 0 0 0 14 0 0 0 0 0 0 0 0 0 0 0 0 0 0 0 1 0 0 0 0 0 0 0 0 0 0 0 4 0 0 10 194157 0 5 0 0 0 0 0 61 0 0 0 0 0 0 0 2 0 0 0 0 0 0 0 0 0 0
388 ATT 0 0 0 3 0 1 0 5 0 0 0 11 2 15 30 195731 0 0 0 0 0 0 0 0 0 0 0 0 0 0 0 4 0 0 0 0 0 0 0 0 0 0 0 0 0 3 0 55 0 0 0 2 0 0 0 0 0 0 0 0 3 0 0 2
389 AAC 6 195639 0 55 0 11 0 0 3 39 0 0 0 15 0 0 0 0 0 0 0 0 0 0 2 0 0 5 0 0 0 11 0 18 0 0 0 1 0 0 0 0 0 0 8 0 0 0 0 6 0 0 5 0 0 0 0 0 0 0 0 0 0 0
390 GGG 20 0 22 1 5 90 7 3 90 1 125 83 2 2 98 7 13 0 242 21 0 0 0 0 148 14 40 33 8 59 5 110 0 0 17 0 0 3 11 4 24 0 193043 10 0 23 43 2 0 0 1 0 64 47 339 179 0 31 11 7 1 0 35 1
391 ATT 0 2 0 0 0 0 0 11 0 0 0 6 5 16 4 195824 0 0 0 0 0 0 0 0 0 0 0 0 0 1 0 0 0 0 0 0 0 0 0 0 0 0 0 0 6 0 4 41 0 0 0 0 0 0 0 0 0 0 0 0 0 0 0 2
392 ACA 4 1 0 0 196027 36 9 1 0 1 0 0 16 0 0 0 9 0 0 0 0 0 0 0 18 2 0 0 0 0 0 0 0 0 0 0 49 0 0 0 0 0 0 0 0 0 0 0 0 1 0 4 4 3 0 2 0 0 0 0 0 0 0 0
393 AAC 0 194653 1 8 2 17 0 0 0 7 0 0 0 0 0 0 0 4 0 0 0 0 0 0 1 0 0 0 3 0 0 0 0 7 0 0 0 0 0 0 0 0 0 0 0 1 0 0 0 0 0 0 0 0 0 0 0 0 0 0 0 0 0 0
394 AAG 48 0 195861 10 0 0 2 0 0 0 17 0 0 0 3 0 0 0 0 0 0 0 0 0 0 0 0 2 0 0 0 0 0 0 11 0 0 0 0 0 0 0 0 0 0 0 0 0 0 0 1 0 0 0 0 0 0 0 0 0 0 0 0 0
395 GTG 0 0 0 0 0 0 0 0 0 0 0 0 4 43 27 0 0 0 0 0 0 0 0 0 0 0 0 0 0 0 0 0 0 0 0 0 0 0 8 0 1 0 0 0 45 35 195849 5 0 0 0 0 0 0 0 0 0 0 0 0 1 0 2 0
396 AAC 2 196551 0 24 0 6 0 0 0 7 0 0 0 2 0 0 0 0 0 0 0 0 0 0 0 0 2 0 0 0 0 0 0 9 0 0 0 0 0 0 0 0 0 0 0 0 0 0 0 0 0 0 0 0 0 0 0 0 1 0 0 0 0 0
397 TCT 0 0 0 0 0 0 0 6 0 0 0 0 0 0 0 0 0 0 1 0 0 0 0 8 2 0 0 0 0 0 0 0 0 0 0 0 0 0 2 5 3 0 0 0 0 0 0 0 0 0 0 4 0 61 46 196264 0 0 0 0 0 0 0 0
398 GTT 0 0 0 0 0 0 0 0 0 0 0 0 2 0 0 179 0 0 0 0 0 0 0 0 0 0 0 0 3 5 0 3 0 0 0 1 0 0 0 14 0 0 0 1 6 21 6 195920 0 0 0 0 0 0 0 0 0 0 0 0 0 0 0 5
399 ATC 0 1 0 0 0 12 0 0 0 0 0 0 32 195951 1 26 0 0 0 0 0 0 0 0 0 0 0 0 0 0 0 0 0 0 0 0 0 0 0 0 0 0 0 0 2 24 5 0 0 0 0 0 0 0 0 0 0 0 0 0 0 10 0 0
400 GAG 1 0 34 0 2 0 0 0 0 0 0 0 0 0 0 0 0 0 0 0 0 0 0 0 0 0 0 0 0 0 0 0 42 0 195778 5 0 0 0 0 0 0 9 0 0 0 0 0 0 0 7 0 17 0 0 0 0 0 0 0 0 0 0 0
401 AAA 193505 0 38 0 2 0 0 0 7 0 0 0 4 0 3 0 0 0 0 0 0 0 0 0 0 2 6 0 0 0 0 0 13 0 0 0 0 0 0 0 0 0 0 0 2 0 0 0 1 0 0 0 0 0 0 0 0 0 0 0 0 0 0 0
402 ATG 0 0 3 0 0 0 8 0 0 0 1 0 12 5 195887 20 0 0 0 0 0 0 0 0 0 0 0 0 0 0 19 0 0 0 0 0 0 0 0 1 0 0 0 0 0 0 13 0 0 0 0 0 0 0 0 0 0 0 0 0 6 0 18 2
403 AAC 5 196200 0 36 0 7 0 0 0 24 0 0 0 0 0 0 7 3 0 0 0 0 0 0 3 0 0 0 0 0 0 0 0 19 0 0 1 0 0 0 0 0 0 8 0 0 0 0 0 6 0 4 0 1 0 2 0 0 0 3 0 0 0 0
404 ACT 1 6 0 19 12 50 9 195349 4 0 34 27 0 0 0 17 0 0 0 0 0 2 0 1 0 0 0 1 6 0 0 2 2 0 0 0 15 14 19 7 13 7 25 1 0 0 1 2 0 0 0 0 113 12 4 9 0 0 0 0 6 2 4 0
405 CAA 3 0 0 0 0 0 0 0 0 0 1 0 0 0 0 0 195942 1 60 1 2 0 0 0 22 0 0 11 0 0 0 0 5 0 0 0 0 12 0 0 0 3 32 0 0 3 1 0 26 0 0 0 0 0 0 0 0 0 0 2 0 0 0 0
406 TTC 0 0 0 0 0 0 0 0 0 1 0 0 0 0 2 0 0 0 0 0 0 0 0 0 0 0 0 0 0 25 0 0 0 0 0 2 0 0 0 0 0 0 0 0 0 0 0 0 0 3 0 8 0 25 8 0 0 0 0 0 18 195864 3 16
407 ACA 2 1 0 0 196019 12 57 3 0 0 7 0 36 0 0 0 77 7 3 10 1 0 2 0 16 0 0 4 0 0 0 0 0 0 0 0 12 0 0 0 0 0 0 0 0 0 0 0 0 0 0 0 5 0 0 0 0 0 0 0 0 0 0 0
408 GCT 0 0 4 0 0 0 0 25 0 16 4 0 0 0 3 1 7 0 5 0 0 3 0 0 1 0 27 0 0 12 4 0 0 0 0 10 16 34 19 195773 0 0 9 1 0 0 0 37 0 0 0 5 0 1 0 3 0 0 0 0 0 0 0 35
409 GTG 0 0 0 0 0 3 0 0 1 0 1 0 2 0 16 0 0 0 2 0 0 0 0 0 0 9 0 8 0 0 0 0 0 0 0 0 0 7 17 0 0 7 5 0 17 0 195922 26 0 0 0 0 0 4 0 0 0 0 0 0 0 0 7 0
410 GGT 0 1 0 0 0 0 0 0 0 0 0 21 0 0 0 0 0 0 3 0 0 0 0 0 0 0 1 4 0 0 0 0 0 16 0 23 0 4 1 2 3 48 15 191943 0 4 0 3 0 1 0 8 4 0 0 27 0 0 0 1 0 0 0 0
411 AAA 196119 2 31 2 4 0 0 4 12 0 0 0 1 0 0 0 1 3 0 1 0 0 0 0 0 0 0 0 0 0 0 0 6 0 0 0 0 1 1 0 19 3 0 0 0 0 0 0 2 0 0 0 0 0 0 0 0 0 0 0 0 0 0 0
412 GAA 12 8 0 4 67 0 24 0 0 0 2 0 2 1 0 0 138 36 90 2 0 0 0 0 1 8 0 4 6 2 0 0 195366 1 23 6 9 8 1 0 15 0 0 0 22 1 0 0 2 0 0 0 2 5 10 0 0 0 0 0 27 0 0 20
413 TTC 0 0 0 0 0 0 0 0 0 0 0 0 0 3 0 0 0 0 0 0 0 0 0 0 0 0 0 0 0 6 0 0 0 0 0 0 0 0 0 0 0 0 0 0 0 0 0 0 0 0 0 3 0 11 0 0 0 0 2 0 0 195272 0 22
414 AAC 3 195351 0 116 0 23 26 6 0 51 0 11 0 0 0 0 0 4 0 0 0 0 0 0 0 0 0 0 0 0 0 0 0 22 0 0 10 0 0 0 15 3 3 16 0 0 0 0 0 4 0 0 0 4 17 0 0 0 0 0 0 0 0 0
415 AAC 3 195759 0 42 2 1 0 0 3 19 2 3 6 37 0 0 1 1 0 0 0 4 0 0 1 0 5 0 5 0 7 5 0 17 0 0 3 0 10 0 3 5 5 1 0 50 6 0 0 2 0 6 5 15 2 0 0 0 0 0 6 2 0 22
416 TTA 0 0 0 0 0 0 0 0 0 0 0 0 13 0 0 0 0 0 0 0 1 0 0 0 0 0 0 0 10 0 4 0 0 0 0 0 0 0 0 0 0 0 0 0 4 0 0 0 1 0 0 8 14 0 0 0 2 0 0 1 195327 2 77 2
417 GAA 12 0 0 0 0 0 0 0 0 0 0 0 0 0 0 0 0 0 0 0 0 0 0 0 0 0 0 0 0 0 0 0 195885 0 6 1 0 0 0 0 4 0 0 0 0 0 0 0 3 0 0 0 0 0 0 0 0 0 0 0 0 0 0 0
418 AAA 196315 6 6 3 0 0 0 0 12 0 0 0 2 0 0 0 0 0 0 0 0 0 0 0 20 0 0 0 0 2 0 0 13 0 0 0 0 0 0 0 0 0 0 0 0 0 0 0 1 0 0 0 0 0 0 0 0 0 0 0 0 0 0 0
419 AGG 0 0 31 0 0 0 0 0 36 0 192648 7 0 0 23 0 0 0 0 0 0 0 0 0 7 0 2 1 0 0 0 0 0 0 0 0 0 0 0 0 0 0 181 0 0 0 0 0 0 0 0 0 0 0 0 0 0 0 4 0 0 0 0 0
420 ATG 0 0 1 0 0 0 2 0 0 0 0 0 26 0 195336 3 0 0 0 0 0 0 0 0 0 0 0 0 0 0 7 0 0 0 0 0 0 0 0 0 0 0 0 0 0 0 27 0 0 0 0 0 0 0 0 0 0 0 0 0 0 0 0 0
421 GAA 7 0 0 0 0 0 0 0 0 0 0 0 0 0 0 0 1 0 0 0 0 0 0 0 0 0 0 0 0 0 0 0 167109 16 25 7 2 0 0 0 49 0 0 0 1 0 0 0 1 0 0 0 0 0 0 0 0 0 0 0 0 0 0 0
422 AAT 1 20 1 195076 0 0 0 0 0 1 0 11 0 0 0 4 0 0 0 5 0 0 0 0 0 0 0 0 0 0 0 0 0 0 0 1 0 0 0 0 0 0 0 0 0 0 0 0 0 0 0 2 0 0 0 1 0 0 0 0 0 0 0 0
423 TTA 0 0 0 0 0 0 0 0 0 0 0 0 1 0 0 0 0 0 0 0 1 0 0 0 0 0 0 0 10 0 0 0 0 0 0 0 0 0 0 0 0 0 0 0 3 0 0 0 3 0 0 0 21 0 0 0 0 0 0 0 195844 0 44 1
424 AAT 3 46 0 191589 0 0 0 1 0 0 0 12 0 0 0 0 0 0 0 19 0 0 0 0 0 0 0 0 0 0 0 0 0 0 0 17 0 0 0 0 0 0 0 0 0 0 0 0 0 0 0 0 0 0 0 0 0 0 0 0 0 0 0 0
425 AAA 192267 7 6 6 1 0 0 0 11 0 0 0 5 0 0 0 0 0 0 0 0 0 0 0 0 0 0 36 0 0 0 0 12 0 0 0 0 0 0 0 0 0 0 0 0 0 0 0 1 0 0 0 0 0 0 0 0 0 0 0 0 0 0 0
426 AAA 192067 4 422 1 2 0 0 0 16 0 0 17 1 0 0 0 0 0 0 0 0 0 0 0 0 0 1 0 0 0 0 0 17 0 0 0 0 0 0 0 0 0 0 0 0 0 0 0 0 0 0 0 0 0 0 0 0 0 0 0 0 0 0 0
427 GTT 0 0 4 0 0 0 0 0 0 0 0 98 0 0 0 30 0 0 0 0 0 0 0 0 0 0 0 0 0 0 0 0 0 0 0 0 0 0 0 8 0 0 0 1 6 13 1 182817 0 0 0 0 0 0 0 0 17 0 0 0 0 0 278 1
428 GAT 0 0 0 6 0 0 0 0 0 0 0 0 0 0 285 0 0 0 0 0 0 0 0 0 0 0 0 0 0 0 0 0 5 4 5 185223 0 0 0 1 0 0 0 11 0 0 0 3 0 0 0 1 0 0 0 0 119 0 0 0 0 0 4 0
429 GAT 0 0 0 18 0 0 1 0 0 0 0 1 0 0 280 0 0 0 0 0 0 0 0 0 0 0 0 0 0 0 0 0 7 30 7 186680 3 0 0 1 1 0 0 13 0 0 0 0 0 0 0 3 0 0 0 0 101 0 16 0 0 0 0 0
430 GGG 0 0 0 0 0 0 0 0 0 0 6 0 0 0 0 0 0 0 0 0 0 0 0 0 0 0 0 0 0 0 0 0 0 0 9 0 0 0 0 0 39 0 128606 2 0 0 0 0 0 0 0 0 0 0 0 0 0 0 4 0 0 0 0 0
431 TTT 0 0 0 0 0 0 0 0 0 0 0 0 0 0 0 3 0 0 0 0 0 0 0 0 0 0 0 0 0 0 1 13 0 0 0 0 0 0 0 0 0 0 0 0 0 0 0 9 0 0 0 0 0 0 0 5 0 0 0 1 0 20 3 155833
432 CTG 0 0 0 0 1 0 0 1 0 0 2 0 0 0 1 0 0 0 1 0 0 0 16 0 0 0 2 0 24 0 98282 4 0 0 0 0 0 0 0 0 0 0 0 0 0 0 0 8 0 0 0 0 0 0 0 0 0 0 0 0 0 0 12 2
433 GAC 0 12 0 0 0 0 0 0 0 0 0 0 0 0 0 0 0 0 0 0 0 0 0 0 0 0 0 0 0 0 0 0 5 140326 3 10 0 3 0 0 0 13 0 0 0 0 0 0 0 3 0 0 0 0 0 0 0 0 0 0 0 0 0 0
434 ATT 0 0 0 1 0 1 0 6 0 0 0 3 5 13 2 165503 0 0 0 0 0 0 0 0 0 0 0 0 13 0 4 191 0 0 0 0 0 0 0 0 0 0 0 0 1 0 0 22 0 0 0 0 0 0 0 0 0 0 0 0 2 0 0 12
435 TGG 0 0 0 0 0 0 0 0 0 0 2 0 0 0 0 0 0 0 0 0 0 0 0 0 0 0 18 0 0 0 0 0 0 0 0 0 0 0 0 0 0 0 0 0 0 0 0 0 0 0 6 0 0 0 0 0 5 0 142399 0 0 0 8 0
436 ACA 3 0 0 0 155646 7 21 0 1 0 0 0 4 0 0 0 0 0 0 0 0 0 0 0 0 0 0 0 0 0 0 0 0 0 0 0 20 0 0 0 0 0 0 0 0 0 0 0 0 0 0 0 1 0 0 0 0 0 0 0 0 0 0 0
437 TAT 0 0 0 1 0 0 0 0 0 0 0 0 0 0 0 0 0 0 0 14 0 0 0 0 0 0 0 0 0 0 0 0 0 0 0 6 0 0 0 0 0 0 0 0 0 0 0 0 2 43 0 164523 0 0 0 1 0 0 0 8 0 0 0 2
438 AAT 5 10 3 190916 0 0 0 3 0 0 0 8 0 0 2 0 0 4 22 5 0 0 0 0 0 0 0 0 1 0 0 0 0 0 0 12 0 0 0 0 0 0 0 0 0 0 0 0 0 0 0 0 0 0 0 2 0 0 0 3 0 0 0 0
439 GCA 1 0 0 0 57 0 0 0 0 0 0 0 1 0 0 1 0 0 2 0 3 0 0 0 0 0 0 0 0 0 0 0 1 0 0 0 187682 19 8 33 2 0 0 0 32 0 0 0 0 0 0 0 1 0 0 0 1 0 0 0 0 0 0 0
440 GAA 13 0 2 2 0 0 0 0 0 0 0 0 0 0 0 0 0 0 0 2 0 0 0 0 0 0 0 0 0 0 0 0 192375 3 12 0 0 0 0 0 8 0 0 0 0 0 0 0 0 0 0 0 0 0 0 0 0 0 1 0 0 0 0 0
441 TTG 0 0 0 0 0 0 0 0 0 0 0 0 0 0 2 0 0 0 0 0 0 0 0 0 0 0 0 0 3 0 14 0 0 0 0 0 0 0 0 0 0 0 0 0 0 0 4 0 0 0 1 0 0 0 8 0 0 0 0 0 16 2 194987 11
442 TTA 0 0 0 0 0 0 0 0 0 0 0 0 0 10 0 23 0 0 0 0 0 0 0 0 0 0 0 0 16 10 0 0 0 0 0 0 0 0 0 0 0 0 0 0 14 0 0 0 1 0 0 0 17 0 0 0 0 0 0 0 193992 0 41 3
443 GTT 0 0 0 0 0 0 0 0 0 0 0 0 0 4 0 14 0 0 0 0 0 0 0 0 0 0 0 0 0 0 0 2 0 0 0 0 0 0 0 13 0 0 0 1 0 6 0 193755 0 0 0 0 0 0 0 0 0 0 0 0 0 0 0 5
444 CTA 0 0 0 0 0 0 0 0 0 0 0 0 5 0 0 0 1 0 0 0 22 0 0 0 0 0 0 0 193757 7 21 0 0 0 0 0 0 0 0 0 0 0 0 0 0 0 0 0 0 0 0 0 0 0 0 0 0 0 0 0 9 0 1 0
445 CTG 0 0 0 0 0 0 0 0 0 0 0 0 0 0 20 0 0 0 3 0 0 0 35 0 0 0 4 0 83 4 191911 5 0 0 0 0 0 0 0 0 0 0 0 0 0 0 0 0 0 0 0 0 0 0 0 0 0 0 0 0 5 0 14 0
446 GAA 9 0 0 0 0 0 0 0 0 0 0 0 0 0 0 0 0 0 0 0 0 0 0 0 0 0 0 0 0 0 0 0 195224 0 28 0 2 0 0 0 15 0 0 0 0 0 0 0 4 0 0 0 0 0 0 0 0 0 0 0 0 0 0 0
447 AAT 7 32 0 196199 0 0 0 4 0 0 0 13 0 0 0 6 0 0 0 0 0 0 0 0 0 0 0 0 0 0 0 0 0 0 0 11 0 0 0 0 0 0 0 0 0 0 0 0 0 0 0 0 0 0 0 0 0 0 0 0 0 0 0 0
448 GAA 24 0 0 0 0 0 0 0 0 0 0 0 0 0 0 0 0 0 0 0 0 0 0 0 0 0 0 0 0 0 0 0 195613 4 15 0 4 0 0 0 23 0 0 0 2 0 0 0 0 0 0 0 0 0 0 0 0 0 0 0 0 0 0 0
449 AGG 0 0 34 0 0 0 2 0 30 0 195134 1 0 0 5 0 0 0 0 0 0 0 0 0 0 3 17 0 0 0 0 0 0 0 0 0 0 0 0 0 0 0 45 0 0 0 0 0 0 0 0 0 0 0 0 0 0 0 7 0 0 0 0 0
450 ACT 0 0 0 5 18 17 6 195837 0 0 0 0 0 0 0 8 0 0 0 0 0 0 0 1 0 0 0 0 0 0 0 0 0 0 0 0 0 0 0 15 0 0 0 0 0 0 0 0 0 0 0 0 0 0 0 0 0 0 0 0 0 0 0 0
451 TTG 0 0 0 0 0 0 0 0 0 0 0 0 0 0 0 0 0 0 0 0 0 0 0 0 0 0 0 0 0 0 17 0 0 0 0 0 0 0 0 0 0 0 0 0 0 0 0 0 0 0 0 0 0 0 21 0 0 0 0 0 19 0 195894 3
452 GAT 0 0 0 14 0 0 0 0 0 0 0 0 0 0 0 0 2 0 0 0 0 0 0 0 0 0 0 0 0 0 0 2 0 10 0 195000 0 3 2 4 0 0 0 23 0 0 0 0 0 0 0 1 0 0 0 0 0 0 0 0 0 0 0 0
453 TTC 0 0 0 0 0 0 0 0 0 0 0 0 0 1 1 0 0 0 0 0 0 0 0 0 0 0 0 0 0 12 0 0 0 0 0 0 0 0 0 0 0 0 0 0 0 4 0 0 0 3 0 0 0 7 0 0 0 2 0 0 2 195017 0 7
454 CAT 0 0 0 8 0 0 0 0 0 0 0 0 0 0 0 0 2 4 4 195727 0 0 0 3 0 0 0 38 0 0 0 0 0 0 0 0 0 0 0 0 0 0 0 0 0 0 0 0 0 0 0 7 0 0 0 0 0 0 0 0 0 0 0 0
455 GAC 0 7 0 1 0 0 0 0 0 0 0 0 0 0 0 0 0 0 0 0 0 0 0 0 0 0 0 0 0 0 0 0 27 196162 3 10 0 0 0 0 0 21 0 0 0 1 0 0 0 0 0 0 0 0 0 0 0 0 0 0 0 0 0 0
456 TTA 0 2 0 0 0 1 0 0 2 0 0 0 10 0 6 0 0 0 11 0 0 0 0 0 52 0 0 7 14 1 0 0 0 0 0 0 0 0 0 0 0 0 0 0 2 0 0 8 1 0 0 4 23 0 0 0 0 0 0 0 194826 4 19 13
457 AAT 1 3 3 195616 0 0 0 1 0 0 0 10 0 0 0 6 0 0 0 3 0 0 0 0 0 0 0 0 0 0 0 0 0 0 0 12 0 0 0 0 0 0 0 0 0 0 0 0 0 0 0 0 0 0 0 0 0 0 0 0 0 0 0 0
458 GTG 0 0 0 0 0 0 0 0 0 0 0 0 0 0 10 0 0 0 0 0 0 0 0 0 0 0 0 0 3 0 0 0 0 0 0 0 0 0 6 0 0 0 1 0 28 0 195486 9 0 0 0 0 0 0 0 0 0 0 0 0 0 0 5 0
459 AAG 48 2 195718 3 0 0 2 0 0 0 23 0 0 0 1 0 0 4 0 0 0 0 0 0 2 5 1 9 0 0 0 0 0 0 19 0 0 0 0 0 0 0 0 0 0 0 0 0 0 0 0 0 0 0 0 0 0 0 0 0 0 0 0 0
460 AAT 0 10 7 195672 0 0 1 2 0 0 0 25 0 0 0 0 3 0 0 0 0 0 0 0 0 0 0 0 0 0 0 0 0 0 0 6 0 0 0 23 0 0 3 0 0 0 0 4 0 0 0 0 1 0 0 1 0 0 0 1 0 0 0 0
461 CTG 0 0 0 0 0 0 0 0 0 0 0 0 0 0 3 0 0 0 1 0 0 0 3 0 0 0 3 0 25 0 195998 1 0 0 0 0 0 0 0 0 0 0 0 0 0 0 0 0 0 0 0 0 0 0 0 0 0 0 0 0 0 0 5 0
462 TAC 0 0 0 0 0 0 0 0 0 0 0 0 0 0 0 0 0 22 0 0 0 0 0 0 0 0 0 0 0 0 0 0 0 0 0 0 0 0 0 0 0 0 0 0 0 0 0 0 8 195970 2 55 0 0 0 0 0 24 0 0 0 0 0 0
463 GAG 0 0 7 0 0 0 0 0 0 0 0 0 0 0 0 0 0 0 0 0 0 0 0 0 0 0 0 0 0 0 0 0 72 0 195736 10 0 0 5 3 0 0 25 0 0 0 2 0 0 0 2 0 0 0 0 0 0 0 0 0 0 0 0 0
464 AAA 196481 1 36 0 2 0 0 0 8 0 2 0 1 0 0 0 1 0 0 0 0 0 0 0 0 0 0 0 0 0 0 0 18 0 0 0 0 0 0 0 0 2 0 0 0 0 0 0 4 0 0 0 0 0 0 0 0 0 0 0 0 0 1 1
465 GTA 0 0 0 0 0 4 0 0 0 0 0 0 32 0 0 2 0 0 0 0 0 0 0 0 0 0 0 0 0 0 0 0 1 0 0 0 23 0 0 0 5 0 0 0 196006 0 47 6 0 0 0 0 0 0 0 0 0 0 0 0 0 0 0 0
466 AAA 195935 1 12 0 1 0 0 0 13 0 0 0 0 0 0 0 6 0 0 0 0 0 0 0 8 0 0 3 0 0 0 0 5 0 0 0 0 0 0 4 0 0 0 0 0 0 0 0 1 0 0 0 0 0 0 0 0 0 2 0 0 0 0 0
467 AGC 0 36 0 0 2 0 16 0 3 195347 7 55 0 14 0 0 1 0 0 0 0 0 0 0 0 5 0 0 0 0 0 0 8 0 0 0 40 0 3 0 28 70 0 35 0 0 0 6 0 0 0 0 0 0 0 2 0 1 0 0 0 0 0 0
468 CAA 4 0 0 0 28 0 20 4 3 1 0 0 1 8 90 0 195850 5 17 3 6 0 0 0 26 1 0 0 65 70 28 1 1 0 0 0 7 0 0 3 0 0 0 0 0 14 0 5 5 0 0 0 1 0 0 3 0 0 0 0 7 0 0 0
469 TTA 0 0 0 0 0 0 0 0 0 0 0 0 2 0 0 6 0 0 0 0 2 0 0 0 0 0 0 0 11 0 8 0 0 0 0 0 0 0 0 0 0 0 0 0 0 0 0 2 1 0 0 0 14 0 0 0 0 0 0 0 196254 0 12 0
470 AAG 26 7 195704 13 0 0 0 0 0 4 28 1 0 0 3 0 0 0 5 0 0 0 0 0 0 0 0 0 0 0 0 0 0 3 4 0 0 0 0 0 4 1 4 0 0 0 1 4 0 0 1 0 0 0 0 0 0 0 22 0 0 0 0 0
471 AAT 2 19 1 195828 0 0 2 6 0 0 3 19 0 0 0 5 16 0 17 2 0 0 0 0 0 0 0 0 0 0 2 0 0 0 6 21 0 0 0 0 3 0 1 0 0 0 0 0 0 2 0 6 0 0 11 7 0 0 0 0 0 0 1 0
472 AAT 3 5 0 195818 0 0 0 2 0 0 0 27 0 0 0 1 0 0 0 0 0 0 0 0 0 0 0 0 0 0 0 0 0 0 0 19 0 0 0 0 0 0 0 0 0 0 0 0 0 0 0 4 0 0 0 0 0 0 0 0 0 0 0 0
473 GCC 0 0 0 0 0 47 0 0 0 0 0 0 0 0 0 0 0 0 0 0 0 1 0 0 0 0 0 0 0 0 0 0 0 1 0 0 0 195544 2 8 0 2 0 1 1 27 0 0 0 0 0 0 0 0 0 0 0 0 0 0 0 0 0 0
474 AAA 194905 33 34 19 2 0 0 0 39 0 40 0 1 0 19 1 0 1 1 0 0 0 0 0 1 0 2 0 0 0 2 22 18 0 0 0 7 5 1 12 0 0 5 0 29 0 0 5 2 172 0 2 0 0 0 0 0 0 11 0 46 15 1 36
475 GAA 19 0 0 0 0 0 0 0 0 0 0 0 0 0 0 0 0 0 0 0 0 0 0 0 0 0 0 0 0 0 0 0 195245 1 19 1 0 0 0 0 16 0 0 0 0 13 0 3 0 0 0 0 0 0 0 0 0 0 0 0 0 0 0 0
476 ATC 0 3 1 1 0 26 95 4 6 15 1 0 35 184321 31 52 2 0 4 0 0 0 0 0 1 4 0 0 14 3 0 0 0 0 0 0 0 0 0 0 0 0 0 0 0 17 0 17 0 3 0 0 0 3 13 1 0 0 3 0 0 0 9 0
477 GGA 0 0 0 0 0 0 0 0 21 0 0 0 0 0 0 0 0 0 0 0 0 0 0 0 0 0 0 0 0 0 0 0 15 0 0 0 0 0 0 0 184578 1 38 14 0 0 0 0 0 0 0 0 0 2 0 0 0 0 1 0 0 0 0 0
478 AAT 3 22 2 179878 0 0 0 1 5 1 0 7 0 0 0 1 0 0 1 2 0 0 0 0 0 1 0 0 0 0 0 0 0 0 0 6 0 0 0 0 0 0 0 0 0 0 0 0 0 0 0 0 0 0 0 0 0 0 0 0 0 0 0 0
479 GGG 0 0 0 0 0 0 0 0 0 0 12 0 0 0 0 0 0 0 0 0 0 0 0 0 0 0 0 0 0 0 0 0 0 0 12 0 0 0 0 0 50 23 184659 14 0 0 5 0 0 0 0 0 0 0 0 0 0 0 8 0 0 0 0 0
480 TGT 0 0 0 0 0 0 0 0 0 0 0 1 0 0 0 0 0 0 0 0 0 0 0 0 0 0 0 5 0 0 0 0 0 0 0 0 0 0 0 0 0 0 0 2 0 0 0 0 0 0 0 24 0 0 0 0 0 15 7 183281 0 0 0 3
481 TTT 0 0 0 0 0 0 0 0 0 0 0 0 0 0 0 1 0 0 0 0 0 0 0 1 0 0 0 0 0 0 0 11 0 0 0 0 0 0 0 0 0 0 0 0 0 0 0 3 0 0 0 2 0 0 0 20 0 0 0 1 0 7 1 184587
482 GAG 3 0 47 1 0 5 0 0 0 0 0 5 0 0 0 0 0 0 4 0 0 0 0 0 0 0 0 0 0 0 0 0 21 0 184683 14 0 0 2 0 0 0 32 0 0 0 3 0 0 0 0 0 0 0 0 0 0 0 0 0 3 0 5 0
483 TTC 0 0 0 0 0 0 0 0 0 0 0 0 0 4 0 0 0 0 0 0 0 0 0 0 0 0 0 0 0 11 0 0 0 0 0 0 0 0 0 0 0 0 0 0 0 1 0 0 0 0 0 1 0 5 0 0 0 0 0 0 0 184750 0 18
484 TAC 0 2 0 1 0 0 0 0 0 0 0 0 0 0 0 0 0 31 0 0 0 0 0 0 0 0 0 0 0 0 0 0 0 0 0 0 0 0 0 0 0 0 0 0 0 0 0 0 5 183750 0 14 0 0 0 0 0 27 0 0 18 1 23 0
485 CAC 0 0 0 0 0 0 0 0 0 0 0 0 0 0 0 0 0 184406 3 5 0 0 0 0 0 18 0 0 0 0 0 0 0 4 0 0 0 0 0 0 0 0 0 0 0 0 0 0 0 3 0 0 0 0 0 0 0 0 0 0 0 0 0 0
486 AAG 8 0 184276 4 0 0 4 4 0 0 21 0 0 2 4 3 39 0 11 0 0 0 2 0 1 0 0 21 0 0 3 0 0 0 13 0 4 0 0 0 0 0 0 2 3 0 0 8 0 0 2 0 5 1 0 0 0 0 0 0 0 0 1 0
487 TGT 0 0 0 0 0 0 0 0 0 0 0 4 0 0 0 0 0 0 0 0 0 0 0 0 0 0 0 9 0 0 0 0 0 0 0 0 0 0 0 0 0 0 0 0 0 0 0 0 0 0 0 30 0 0 0 0 1 7 1 185101 0 0 0 2
488 GAC 0 29 0 0 0 0 0 0 0 0 0 11 0 0 0 0 0 0 0 0 3 0 1 0 0 0 0 0 0 0 0 0 6 184733 1 5 0 1 0 0 0 47 0 0 0 4 0 0 0 2 0 0 0 0 0 0 0 0 0 0 0 0 0 0
489 AAT 1 12 0 185098 0 0 1 0 0 0 0 6 0 0 0 0 0 0 0 2 0 0 0 0 0 0 0 0 0 0 0 0 0 0 0 25 0 0 0 0 0 0 0 0 0 0 0 0 0 0 0 0 0 0 0 0 0 0 0 0 0 0 0 0
490 GAA 30 0 0 26 6 0 0 0 0 0 0 0 0 0 2 0 6 39 0 0 0 0 0 2 0 1 4 0 36 0 0 0 183827 5 17 1 4 0 6 1 17 5 9 0 2 0 0 0 2 0 0 0 4 1 0 0 0 0 4 0 2 0 0 0
491 TGC 0 0 0 0 0 0 0 0 0 3 0 0 0 0 0 0 0 0 0 0 0 0 0 0 0 4 0 0 0 0 0 0 0 0 0 0 0 0 0 0 0 0 0 0 0 0 0 0 0 19 0 0 0 0 0 0 3 184435 0 68 0 1 0 0
492 ATG 0 0 10 0 0 0 8 0 0 0 1 0 43 1 182664 5 0 0 0 0 0 0 0 0 0 0 0 0 0 0 0 0 0 0 0 0 0 0 0 0 0 0 0 0 1 0 10 0 0 0 0 0 0 0 0 0 0 0 0 0 0 0 0 0
493 GAA 19 0 0 7 0 0 0 0 0 1 0 0 21 0 11 0 1 0 0 0 0 0 0 0 0 0 1 0 0 0 0 0 183789 1 25 4 40 0 0 79 20 5 0 79 2 0 0 0 2 0 0 0 10 10 5 0 0 0 2 0 0 0 0 0
494 AGT 0 0 0 14 0 0 0 0 4 3 4 184934 0 0 5 0 0 1 0 0 0 0 0 0 0 0 0 3 0 0 0 0 3 0 0 0 10 4 0 0 0 1 2 17 0 0 0 0 0 0 0 0 0 0 45 0 0 0 0 3 0 0 0 0
495 GTA 0 0 0 0 0 0 0 0 0 0 0 0 31 0 0 0 0 0 0 0 0 0 0 0 0 0 0 0 0 0 0 0 0 0 0 0 14 0 0 0 3 0 0 0 184391 15 74 0 0 0 0 0 0 0 0 0 0 0 0 0 7 0 0 0
496 AGA 101 0 17 0 0 0 0 0 184518 0 20 1 4 0 0 0 0 0 2 0 0 0 0 0 15 28 0 0 0 0 0 0 0 0 0 0 0 0 0 0 19 0 0 0 0 0 0 0 0 0 0 0 0 0 0 0 8 0 0 0 0 0 0 0
497 AAT 42 50 6 184423 6 8 3 50 0 0 2 18 2 4 4 18 10 4 13 7 0 0 0 0 0 0 0 16 4 5 0 5 11 2 6 27 49 0 4 51 1 11 7 15 3 29 15 0 0 0 0 4 18 41 72 20 0 0 0 0 0 0 21 1
498 GGG 0 0 0 0 0 0 0 0 0 0 8 0 0 0 0 0 0 0 0 0 0 0 0 0 0 0 0 3 0 0 0 0 0 0 15 0 0 3 2 0 29 2 184572 39 0 0 4 0 0 0 0 0 0 0 0 8 0 0 5 0 0 0 0 0
499 ACT 0 2 0 32 7 15 4 184149 0 2 11 6 1 0 21 6 0 0 0 2 0 0 0 1 0 0 0 3 0 0 17 13 97 0 44 4 2 0 0 37 0 0 0 0 3 0 12 32 0 2 0 3 0 0 0 0 0 0 12 0 5 1 5 5
500 TAT 0 0 0 1 0 0 0 0 0 0 0 0 0 0 0 0 0 0 0 34 0 0 0 0 0 0 0 0 0 0 0 0 0 0 0 0 0 0 0 0 0 0 0 0 0 0 0 0 0 4 1 185126 0 0 0 1 0 0 0 18 0 0 0 4
501 GAT 19 0 2 13 0 0 0 0 0 0 0 0 0 2 2 0 0 0 0 0 5 0 0 1 0 0 0 0 0 0 0 0 1 10 17 183461 0 0 1 13 0 0 0 12 0 4 0 0 0 0 0 13 5 0 1 21 0 2 2 0 1 0 2 0
502 TAT 0 0 0 3 0 0 0 0 0 0 0 0 0 0 0 0 0 2 0 28 0 0 0 0 0 0 0 0 0 0 0 0 0 0 0 0 0 12 31 0 0 0 6 0 3 0 0 0 0 27 1 184539 0 0 1 1 0 0 18 7 0 2 0 6
503 CCA 12 0 16 2 6 0 0 0 0 0 0 0 0 4 0 3 2 0 0 0 183977 4 17 3 0 0 0 0 17 0 0 0 0 0 0 0 0 0 0 0 0 2 2 0 3 0 0 0 0 0 0 0 9 1 0 0 0 0 0 0 1 0 0 3
504 AAA 184287 1 9 2 4 0 2 0 10 0 28 6 2 0 0 2 0 0 0 0 0 0 0 0 10 0 0 3 14 0 0 5 8 0 0 0 0 0 2 0 0 0 2 0 0 0 0 0 0 0 0 11 0 0 11 4 0 0 0 0 1 0 1 0
505 TAT 0 0 0 1 0 0 0 0 0 0 0 0 0 0 0 0 0 0 0 17 0 0 0 0 0 0 0 0 0 0 0 0 0 0 0 3 0 0 0 0 0 0 0 0 0 0 0 0 1 24 0 184585 0 0 0 0 0 0 0 8 0 0 0 0
506 TCA 0 0 0 0 2 1 0 0 0 0 0 0 0 0 3 3 0 0 0 0 6 0 3 0 0 0 10 0 0 0 5 0 9 0 0 0 41 0 0 20 0 0 3 0 0 0 2 4 3 0 0 0 183989 12 82 4 0 0 3 5 81 10 0 3
507 GAA 8 0 0 0 0 0 0 0 0 0 0 0 11 0 0 2 4 16 0 0 0 9 0 1 0 0 0 0 0 0 0 0 184506 2 47 21 0 0 0 0 18 15 1 2 4 0 1 6 3 15 0 0 0 0 0 0 0 0 3 0 0 0 0 0
508 GAA 19 0 0 0 2 0 0 0 0 0 0 0 0 5 0 17 20 0 7 0 0 0 0 0 0 0 0 0 0 0 4 0 184218 3 21 1 0 2 16 1 21 0 0 0 3 0 1 0 1 0 0 0 0 0 0 0 0 0 0 0 1 1 0 0
509 TCA 0 0 0 0 0 0 0 0 0 2 0 23 4 48 0 20 0 0 0 0 7 0 0 0 0 0 0 0 26 0 0 5 0 0 0 0 1 0 0 0 0 0 1 0 10 18 3 19 2 0 0 0 184847 0 21 0 0 0 0 0 3 0 0 0
510 AAG 60 4 183951 12 0 0 7 0 0 0 37 0 1 0 8 2 0 9 9 0 0 0 0 0 2 0 30 0 0 0 0 1 0 0 33 0 0 0 0 0 2 0 4 0 5 0 0 0 0 0 0 3 0 0 0 36 0 0 0 0 0 8 13 9
511 TTG 0 0 0 1 0 0 0 4 0 0 0 0 0 0 21 0 0 0 0 0 0 0 0 0 0 0 0 0 0 0 9 0 0 0 0 0 0 0 0 0 0 1 1 0 1 0 12 0 0 0 1 0 0 0 8 0 0 0 0 0 35 1 184251 5
512 AAC 2 183496 6 22 1 9 0 58 2 61 0 1 42 32 0 0 0 2 0 12 0 0 0 0 0 4 0 0 0 0 0 0 0 33 0 0 48 57 7 0 0 70 0 6 13 0 0 2 0 7 0 0 0 2 3 0 0 0 0 4 6 21 0 0
513 AGG 0 1 19 0 0 0 0 6 186 2 157877 15 5 0 5 2 0 0 4 1 0 0 0 0 7 0 26 1 0 0 0 3 0 0 0 0 0 6 0 0 0 0 77 0 0 0 0 0 0 0 0 0 0 0 0 0 0 0 4 0 0 1 2 0
514 GAA 31 0 0 0 2 0 0 0 0 0 0 0 0 1 0 0 0 0 0 0 0 0 0 2 0 0 0 3 0 0 0 0 184067 0 33 4 0 17 0 0 26 0 0 0 1 0 0 0 0 0 0 0 0 4 7 0 0 0 0 0 0 0 0 0
515 AAG 40 0 184197 48 3 0 12 0 0 0 57 32 9 0 0 4 0 0 4 0 3 0 3 0 0 0 0 0 0 0 2 3 0 0 16 4 10 0 0 0 10 1 0 0 8 3 0 0 0 0 1 0 0 0 0 0 0 0 1 0 0 5 0 0
516 ATA 1 0 0 0 7 0 0 0 0 0 0 0 183987 4 42 9 0 0 0 0 0 0 0 0 0 0 0 0 0 0 0 0 0 0 0 0 0 0 0 0 0 0 0 0 14 5 0 50 0 0 0 0 0 0 0 0 0 0 0 0 2 0 0 0
517 GAT 9 0 13 49 8 0 0 3 0 0 0 0 2 0 8 0 5 11 0 4 0 0 0 0 0 4 3 0 0 0 0 19 0 29 0 183975 12 17 6 0 1 0 0 31 0 7 3 2 0 16 0 2 0 18 1 16 0 0 2 0 7 10 2 0
518 GGA 2 2 0 4 5 63 1 18 30 10 0 6 2 11 0 36 4 0 1 0 0 0 3 0 3 0 3 0 2 0 2 0 158 0 3 0 1 7 0 18 182693 0 79 15 0 0 18 32 0 1 0 1 38 0 0 5 8 0 6 0 1 2 45 3
519 GTG 0 0 0 0 0 0 0 10 0 0 0 0 0 0 34 15 0 0 0 0 0 0 0 0 0 0 0 0 0 0 0 0 0 0 4 0 0 0 7 0 0 0 1 0 30 1 183290 26 0 0 0 0 0 0 0 0 0 0 0 0 0 0 24 0
520 AAA 183860 3 26 6 9 6 0 1 16 0 0 0 1 0 0 1 10 3 2 0 0 0 0 0 7 8 0 0 0 0 0 0 25 0 0 0 0 0 0 0 0 0 0 0 0 0 0 0 1 0 0 0 0 0 0 2 0 0 0 0 2 0 3 0
521 TTG 0 0 0 0 0 0 0 0 0 0 0 0 1 1 1 0 0 0 0 0 0 0 1 0 0 0 0 0 10 0 25 0 0 0 0 0 0 0 0 0 0 0 0 0 5 0 5 0 0 0 2 2 0 0 15 0 0 0 4 0 11 0 182495 13
522 GAA 29 4 0 3 0 9 0 0 0 8 0 0 0 0 0 0 0 0 0 0 0 0 0 0 0 0 0 0 0 0 0 0 182144 27 36 1 3 0 0 0 24 0 0 2 2 0 0 0 1 0 0 0 0 0 0 0 0 0 0 0 0 0 0 0
523 TCA 0 0 0 0 2 0 0 17 0 0 0 0 0 9 0 0 5 0 7 0 22 0 0 0 0 0 0 0 0 0 0 0 4 0 0 3 3 1 0 0 2 0 1 0 1 0 0 0 1 3 0 0 180706 42 13 28 0 0 0 0 7 0 0 0
524 ATG 0 2 1 0 0 1 14 5 0 0 6 0 45 2 105279 5 0 0 0 0 0 0 3 0 0 0 0 0 0 0 0 1 0 0 0 0 0 0 0 0 0 0 1 0 2 0 5 0 0 0 0 0 0 0 0 1 0 0 3 0 6 0 1 3
525 GGG 0 0 0 0 1 0 0 0 0 0 11 0 0 0 0 0 0 0 0 0 0 0 0 0 0 0 0 0 0 0 0 0 1 0 7 0 0 0 0 0 18 0 108737 36 0 0 5 0 0 0 0 0 0 0 0 0 0 0 6 0 0 0 0 0
526 GTG 0 0 0 0 0 3 0 2 0 0 0 0 37 7 22 0 0 0 0 1 0 0 0 2 0 0 0 0 0 2 4 0 0 0 0 0 1 0 4 0 0 0 1 0 38 0 120815 24 0 10 0 2 0 0 0 0 0 0 2 0 0 0 15 1
527 TAT 0 0 0 1 0 0 0 0 0 0 0 0 0 0 6 0 5 0 0 27 0 0 0 0 0 0 0 0 0 0 0 0 0 0 3 0 0 0 0 0 1 0 0 0 0 0 0 0 0 10 0 99294 0 0 3 0 0 0 0 2 0 0 0 0
528 CAG 0 0 5 1 0 0 1 0 0 0 6 3 0 0 0 0 11 17 123338 15 0 0 2 0 0 0 48 0 0 0 0 0 0 0 4 0 0 0 0 0 1 0 0 0 0 0 0 0 0 0 5 1 0 0 1 0 0 0 0 0 0 0 0 0
529 ATT 0 0 1 0 0 0 0 1 0 0 0 2 8 16 0 131791 0 0 0 0 0 0 0 0 0 0 0 0 0 0 0 0 0 0 0 0 0 0 0 3 0 0 0 0 0 0 3 9 0 0 0 0 0 0 0 0 0 0 2 0 0 0 0 0
530 CTG 0 0 0 0 0 0 0 0 0 0 0 0 0 0 5 0 0 0 1 0 0 0 14 0 0 0 0 0 1 0 152014 4 0 0 0 0 0 0 0 0 0 0 0 0 0 0 0 0 0 0 0 0 0 0 0 2 0 0 0 0 0 1 4 0
531 GCG 0 0 0 0 0 0 2 0 0 0 0 0 0 0 0 1 0 0 0 0 0 0 0 0 1 0 0 0 0 0 0 0 0 0 3 1 4 1 155179 1 0 3 1 0 0 0 24 0 0 0 0 0 2 0 1 5 0 0 0 0 0 0 0 0
532 ATC 0 0 0 0 0 6 0 0 0 0 0 0 1 161890 1 8 0 0 0 0 0 0 0 0 1 0 0 0 0 0 1 0 0 0 0 2 0 0 0 0 0 0 0 0 0 20 0 0 0 0 0 0 0 0 0 2 0 0 0 0 0 0 0 0
533 TAC 0 1 0 0 0 0 0 1 0 0 0 0 0 0 0 0 0 48 0 0 0 0 0 0 0 0 0 0 0 0 0 0 0 3 0 0 0 0 2 0 0 0 0 0 0 0 0 0 4 175947 2 11 0 1 0 1 0 0 0 0 0 3 0 0
534 TCA 0 0 0 0 4 0 0 0 0 0 0 0 2 0 0 0 1 0 0 0 20 0 0 0 0 0 0 0 0 0 0 0 0 0 0 0 1 0 0 0 0 0 0 0 0 0 0 0 1 0 0 0 176563 2 26 1 0 0 0 0 5 0 0 0
535 ACT 0 0 0 8 0 39 1 162952 0 0 0 1 0 0 0 19 0 0 0 0 0 0 0 0 0 0 0 0 0 0 0 0 0 0 0 0 0 0 0 17 0 0 0 0 0 0 0 0 0 0 0 0 0 0 0 0 0 20 0 0 0 0 0 0
536 GTC 0 0 0 0 0 0 0 0 0 0 0 0 0 32 0 0 0 0 0 0 0 0 0 0 0 0 0 0 0 0 0 0 0 0 0 0 0 10 0 0 0 0 0 0 1 160735 0 6 0 0 0 0 0 0 0 0 0 0 0 0 0 1 0 0
537 GCC 0 0 0 0 0 43 0 0 0 0 0 0 0 0 0 0 0 0 0 0 0 0 0 0 0 0 0 0 0 0 0 0 0 1 0 0 4 181675 6 9 0 0 0 0 0 5 0 0 0 0 0 0 0 0 0 0 0 0 0 0 0 0 0 0
538 AGT 0 0 0 17 0 0 0 1 1 10 2 181871 0 0 0 6 0 0 0 0 0 0 0 0 0 0 0 7 0 0 0 0 0 0 0 0 0 7 6 0 1 0 0 6 0 0 0 0 0 0 0 0 0 17 7 0 0 0 0 6 0 0 0 0
539 TCA 0 2 0 0 0 0 0 0 0 0 0 0 0 0 0 0 0 0 0 0 8 0 0 0 0 0 0 0 0 0 0 0 0 0 0 0 4 0 0 0 0 0 0 0 0 0 0 0 0 0 0 0 179877 11 26 5 0 0 0 0 37 0 0 0
540 CTG 0 0 0 0 0 25 0 1 0 0 0 4 0 0 5 0 0 0 0 0 0 0 24 0 0 0 0 0 27 21 182263 13 0 0 0 0 2 0 0 3 0 0 0 0 0 0 16 4 0 0 0 0 0 17 0 0 0 0 0 0 2 0 16 1
541 GTG 0 0 0 0 0 0 7 0 0 0 0 0 0 1 29 0 0 0 0 0 4 0 0 2 0 0 0 0 0 0 0 4 0 0 1 0 0 0 6 0 0 0 0 0 76 0 182976 27 0 0 0 0 0 0 0 0 0 0 1 0 1 3 0 1
542 CTT 0 0 0 0 0 0 0 0 0 0 0 0 0 4 2 8 1 0 0 1 0 1 0 33 0 0 0 4 1 10 13 184022 0 0 0 0 0 0 0 0 0 0 0 0 0 0 2 4 0 0 0 0 0 0 0 0 0 0 0 0 22 0 7 47
543 TTG 0 0 0 0 3 0 0 0 0 0 0 0 0 0 4 0 0 0 0 0 0 0 0 0 0 0 0 0 4 0 11 0 0 0 0 0 0 0 3 0 6 0 0 0 0 0 1 0 0 0 1 0 3 0 28 0 0 0 28 0 17 1 184268 9
544 GTC 0 0 0 0 0 0 0 0 0 0 0 0 0 15 0 0 0 0 0 0 0 0 0 0 0 0 0 0 0 1 0 0 0 0 0 0 0 14 0 0 0 0 0 0 0 182283 0 10 0 0 0 0 0 0 0 0 0 0 0 0 0 0 0 0
545 TCC 0 0 0 0 0 2 0 0 0 0 0 0 0 0 0 0 0 0 0 0 0 37 0 0 0 0 0 0 0 8 0 0 0 0 0 0 0 0 0 0 0 0 0 0 0 0 0 0 0 3 0 0 15 184355 1 8 0 0 0 0 0 11 0 0
546 CTG 0 0 0 0 0 0 0 0 0 0 0 0 0 0 10 0 0 0 1 0 0 0 37 0 0 0 13 0 21 0 179854 1 0 0 0 0 0 0 0 0 0 0 0 0 0 0 1 0 0 0 0 0 0 0 0 0 0 0 0 0 0 0 3 0
547 GGG 0 0 0 0 0 0 0 0 0 0 8 0 0 0 0 0 0 0 0 0 0 0 0 0 0 0 0 0 0 0 0 0 0 0 2 0 0 0 2 0 2 0 181618 3 0 0 3 0 0 0 0 0 0 0 0 0 0 0 1 0 0 0 0 0
548 GCA 0 0 0 0 47 0 0 0 0 0 0 0 0 0 0 0 0 0 0 0 0 0 0 0 0 0 0 0 0 0 0 0 3 0 0 0 183930 0 6 1 0 0 0 0 39 0 0 0 0 0 0 0 2 0 0 0 0 0 0 0 0 0 0 0
549 ATC 0 0 0 0 0 29 0 0 0 0 0 0 1 184449 0 8 0 0 0 0 0 0 0 0 0 0 0 0 0 1 0 0 0 0 0 0 0 3 0 0 0 0 0 0 0 38 0 0 0 0 0 0 0 0 0 0 0 0 1 0 0 3 0 0
550 AGT 0 0 0 19 1 0 0 0 1 18 0 184435 0 0 0 17 0 0 0 0 0 0 0 0 0 0 0 2 0 6 0 0 0 0 0 0 0 0 0 9 0 0 0 22 0 0 0 0 0 0 0 0 0 0 2 0 0 9 0 12 44 0 0 0
551 TTC 0 0 0 0 0 0 0 0 0 0 0 0 0 5 1 0 0 0 0 0 0 0 0 0 0 0 0 0 0 9 0 0 0 0 0 0 0 0 0 0 0 0 3 0 0 5 0 7 0 0 0 0 0 5 0 0 0 0 0 0 3 183738 0 8
552 TGG 0 0 0 0 0 0 0 0 0 0 4 0 0 0 0 0 0 0 0 0 0 0 0 0 0 0 11 0 2 0 0 0 0 0 0 0 0 0 0 0 0 0 1 0 0 0 0 0 0 0 16 0 0 0 0 0 15 0 184256 1 0 3 0 0
553 ATG 0 0 0 0 0 0 5 0 0 0 0 1 7 0 184528 0 0 0 0 0 0 0 0 0 0 0 0 0 0 0 7 0 0 0 0 0 0 0 7 0 0 4 7 2 0 0 13 0 0 0 0 0 0 0 0 2 0 0 0 0 0 0 3 0
554 TGT 0 0 0 0 0 0 0 0 0 0 0 1 0 7 0 0 0 0 0 0 0 0 0 0 0 0 0 7 0 0 0 0 0 0 0 0 0 0 0 0 0 0 0 1 0 0 0 0 0 0 0 24 0 0 4 2 1 34 1 184373 0 1 4 6
555 TCT 0 0 0 0 0 0 0 0 0 0 0 44 4 0 0 0 6 1 0 0 0 0 0 4 0 0 0 0 0 0 13 0 0 0 3 7 0 0 0 3 0 0 0 0 0 0 0 1 0 0 0 12 4 37 13 184715 0 0 0 0 0 2 0 4
556 AAT 0 11 24 184473 0 0 0 4 0 0 0 7 3 0 0 1 0 0 0 0 0 0 0 0 0 0 0 0 0 0 5 0 0 0 0 15 0 0 0 0 0 0 0 0 0 0 0 10 0 0 0 0 0 0 0 2 0 0 0 0 0 0 3 0
557 GGG 0 0 0 0 0 0 0 0 0 0 22 0 0 0 0 0 0 0 0 0 0 0 0 0 0 0 0 0 0 0 0 0 0 0 11 0 0 0 0 0 46 0 184129 1 0 0 0 0 0 0 0 0 0 0 0 0 0 0 5 0 0 0 0 0
558 TCT 0 0 0 0 0 0 0 6 0 0 0 0 2 0 0 0 0 0 0 0 0 0 0 13 0 0 0 0 14 0 0 0 0 0 1 0 0 0 0 0 0 0 0 0 0 0 1 0 0 0 0 4 1 10 19 184874 0 0 0 0 5 0 2 13
559 TTG 0 0 0 0 0 0 0 0 0 0 0 0 0 0 4 0 0 0 0 0 0 0 0 0 0 0 0 0 0 0 21 0 0 0 0 0 0 0 0 0 0 0 0 0 0 0 0 0 0 0 1 0 0 0 19 0 0 0 0 0 14 0 184681 2
560 CAG 0 0 2 0 0 0 5 0 0 0 0 0 0 0 0 0 15 3 184641 2 0 0 2 0 0 0 20 0 0 0 2 0 0 0 10 0 0 0 0 0 0 0 0 0 0 0 0 0 1 0 93 0 0 0 0 0 0 0 0 0 0 0 0 0
561 TGC 0 0 0 0 0 0 0 0 0 4 0 0 0 0 0 3 0 0 0 0 0 0 0 0 0 4 0 0 0 0 1 0 0 0 0 0 0 0 0 0 0 0 0 0 15 0 0 0 0 99 0 0 0 1 0 0 2 184471 0 25 2 2 0 0
562 AGA 18 10 0 0 0 0 17 6 184560 0 6 1 2 0 0 0 2 2 0 12 0 0 0 0 7 0 7 8 0 0 0 2 0 0 3 0 0 2 0 0 22 0 0 0 11 1 7 0 0 0 0 0 0 0 0 0 2 0 0 0 0 0 4 0
563 ATA 1 0 0 0 9 0 0 0 0 0 0 0 185058 4 37 25 0 0 0 0 0 0 0 0 0 0 0 0 0 0 0 0 0 0 0 0 0 0 0 0 0 0 0 0 9 3 6 0 0 0 0 0 0 0 0 0 0 0 0 0 0 0 0 0
564 TGC 0 0 0 0 0 0 0 0 0 1 0 0 0 0 0 0 0 0 0 0 0 0 0 0 0 8 0 0 0 0 0 0 0 0 0 0 0 0 0 0 0 0 0 0 0 0 0 0 0 46 0 0 0 0 0 0 1 184573 2 81 0 5 0 0
565 ATC 0 0 0 0 0 7 0 0 0 0 0 0 2 184313 1 10 0 0 0 0 0 0 0 0 0 0 0 0 20 6 0 0 0 0 0 0 0 0 0 0 0 0 0 0 0 5 0 0 0 0 0 0 0 0 0 0 0 0 0 0 0 0 0 2
566 TGA 0 0 0 0 0 0 0 0 4 0 0 0 0 0 0 0 0 0 0 0 0 0 0 0 38 0 0 0 0 0 0 0 0 0 0 0 0 0 0 0 0 0 0 0 0 0 0 0 27 0 0 0 0 0 0 1 184720 0 31 1 0 0 0 0
