 0.00008 -100.00000 
 0.16464  0.20113 
-100.00000  0.37844 
 0.22837  0.43321 
-100.00000 -100.00000 
-100.00000 -100.00000 
-100.00000 -100.00000 
-100.00000 -100.00000 
-100.00000 -100.00000 
-100.00000 -100.00000 
-100.00000 -100.00000 
-100.00000 -100.00000 
-100.00000 -100.00000 
-100.00000 -100.00000 
-100.00000 -100.00000 
-0.25664  1.03442 
-100.00000 -100.00000 
-0.08796  0.05570 
-100.00000 -0.00739 
-100.00000 -100.00000 
-100.00000 -100.00000 
-100.00000 -100.00000 
-100.00000 -100.00000 
 0.00828 -0.14120 
 0.45587 -0.12453 
-100.00000 -0.00382 
 0.00000  0.00000 
 0.00000  0.00000 
-0.12941  0.48550 
-0.20213  0.27659 
 0.29813 -0.13102 
-100.00000  0.18039 
-100.00000 -100.00000 
-0.40676 -0.24354 
-100.00000 -100.00000 
-100.00000 -100.00000 
-100.00000 -100.00000 
-100.00000 -100.00000 
-0.05843 -0.50514 
 0.00000  0.00000 
-100.00000 -100.00000 
-100.00000 -100.00000 
-100.00000 -100.00000 
-100.00000 -100.00000 
-0.25043  0.13751 
-100.00000 -100.00000 
 0.00638 -100.00000 
 0.00000  0.00000 
-100.00000 -100.00000 
-100.00000 -100.00000 
-100.00000 -100.00000 
-0.69464  0.55277 
-0.15637 -0.42036 
-100.00000 -0.46809 
 0.00000  0.00000 
-100.00000 -100.00000 
-0.16574 -0.81368 
-100.00000 -0.00749 
-100.00000 -100.00000 
-0.55184  0.03050 
-0.00004  0.13743 
-0.30677 -0.45867 
-100.00000  0.16589 
-100.00000 -0.96105 
-100.00000 -0.44023 
-100.00000 -100.00000 
-100.00000 -100.00000 
 0.00015 -0.49731 
-100.00000 -100.00000 
-0.19732 -0.59825 
-0.32308 -0.21835 
-100.00000 -100.00000 
 0.00000  0.00000 
-0.24992 -100.00000 
 0.12918 -0.00006 
-100.00000 -100.00000 
-100.00000 -100.00000 
-100.00000 -100.00000 
-100.00000 -100.00000 
-100.00000 -100.00000 
 0.00000  0.00000 
-100.00000 -100.00000 
 0.76565 -0.96050 
-100.00000 -100.00000 
-0.68901 -0.24770 
-0.83642  0.73117 
-100.00000 -100.00000 
 0.00006 -100.00000 
 0.01101 -0.17062 
-0.05045 -0.11217 
 0.19276 -1.17377 
-0.35788 -0.81799 
-100.00000 -100.00000 
-100.00000 -100.00000 
-0.11038  0.16750 
-0.16108 -0.00007 
-100.00000 -100.00000 
-100.00000 -100.00000 
 0.27860  0.34658 
-1.00478 -0.26121 
 0.00000  0.00000 
-0.27534 -0.80616 
-100.00000  0.26299 
 0.00000  0.00000 
-100.00000 -100.00000 
-100.00000 -100.00000 
-100.00000 -100.00000 
-100.00000  0.24223 
-100.00000 -100.00000 
-100.00000 -100.00000 
-0.62723  0.30920 
-100.00000 -100.00000 
 0.37786  0.09865 
-0.05162  0.03166 
-0.29051  0.32330 
-100.00000 -100.00000 
-100.00000 -100.00000 
-100.00000 -100.00000 
-100.00000 -100.00000 
-100.00000 -100.00000 
-100.00000 -100.00000 
-100.00000 -100.00000 
 0.20733  0.24521 
-100.00000 -0.13671 
-100.00000 -100.00000 
 0.09545 -0.27464 
-100.00000 -0.45207 
-100.00000 -100.00000 
-100.00000 -100.00000 
-100.00000 -100.00000 
-100.00000 -100.00000 
-100.00000 -100.00000 
-100.00000 -100.00000 
-100.00000 -100.00000 
 0.22221  0.07385 
 0.64906  0.38693 
 0.29413 -0.99314 
 0.09506 -0.51229 
-0.00073 -0.20528 
-100.00000 -100.00000 
-100.00000 -100.00000 
 0.00000  0.00000 
-0.07593  0.17485 
-100.00000 -100.00000 
-100.00000  0.31130 
 0.00000  0.00000 
-100.00000 -100.00000 
-100.00000 -100.00000 
-100.00000 -100.00000 
-100.00000 -100.00000 
-100.00000 -100.00000 
-100.00000 -100.00000 
-0.54523 -1.14318 
-0.41390 -0.64578 
-100.00000 -100.00000 
-0.17525  0.65496 
-0.56193  0.22442 
-0.25539 -0.15832 
-0.12172 -0.00092 
-100.00000 -100.00000 
 0.10185 -0.12334 
-0.42100 -1.68928 
 0.00000  0.00000 
-100.00000 -100.00000 
-100.00000  0.78989 
-100.00000 -100.00000 
-100.00000 -100.00000 
-100.00000 -100.00000 
-0.49273 -0.36610 
-0.18195  0.05576 
 0.24364  0.67900 
-0.08779 -0.21867 
 0.33833 -0.25990 
-0.43807  0.11771 
-0.40310 -0.19551 
-0.38489  0.00350 
 0.13731 -100.00000 
-0.98441  1.24195 
 0.00000  0.00000 
 0.32780 -100.00000 
-0.30016  0.26317 
-100.00000 -0.12290 
 0.00000  0.00000 
 0.00000  0.00000 
 0.91489 -0.24323 
-0.67050  0.13741 
-0.66579 -0.09051 
-100.00000 -100.00000 
-100.00000 -100.00000 
-100.00000 -100.00000 
-100.00000 -100.00000 
-100.00000 -100.00000 
-100.00000 -100.00000 
-100.00000 -100.00000 
-100.00000 -100.00000 
 0.26314 -0.00876 
-1.22091 -0.67694 
-100.00000 -100.00000 
-0.00030 -100.00000 
 0.09509 -0.31365 
-0.22518  0.44733 
 0.77145  0.25171 
-100.00000  0.00002 
-100.00000 -100.00000 
 0.08806 -0.15114 
-0.80377  0.19151 
-100.00000 -100.00000 
-100.00000 -100.00000 
-0.30303 -0.09331 
 0.00000  0.00000 
-0.57970  0.83564 
 0.00000  0.00000 
-0.27675 -100.00000 
 0.11798 -100.00000 
-100.00000 -100.00000 
-100.00000 -0.00446 
-100.00000 -100.00000 
-100.00000 -0.00078 
-100.00000 -100.00000 
-0.80111 -0.14956 
 0.00000  0.00000 
-0.13948 -100.00000 
 0.00000  0.00000 
-0.14000 -0.84464 
-100.00000  0.00004 
-100.00000 -100.00000 
-0.66309 -0.09971 
-100.00000 -100.00000 
-100.00000 -100.00000 
-0.14031 -0.69442 
 0.07387 -0.14099 
 0.17918 -0.12531 
-100.00000 -100.00000 
-100.00000 -0.38775 
-0.57993 -0.20260 
 0.28775 -1.27581 
-0.01034 -0.28526 
-0.49669 -0.28426 
-0.20883 -0.14130 
-0.24685 -0.45343 
-100.00000 -100.00000 
-100.00000 -100.00000 
-100.00000 -100.00000 
 0.00000  0.00000 
-100.00000 -100.00000 
-0.57955  0.11367 
-100.00000 -100.00000 
 0.11696 -0.22101 
-100.00000 -100.00000 
-100.00000 -100.00000 
-0.83023 -0.35773 
-100.00000 -0.27314 
 0.16309 -0.60125 
 0.08213  0.22516 
 0.43924 -0.37829 
-100.00000 -100.00000 
-0.00123 -0.60330 
-100.00000 -100.00000 
-100.00000 -100.00000 
-100.00000 -100.00000 
-0.98600 -1.02214 
-100.00000 -100.00000 
 0.00000  0.00000 
-100.00000 -0.00009 
-100.00000 -100.00000 
-100.00000 -100.00000 
-100.00000 -100.00000 
-100.00000  0.44373 
-100.00000 -100.00000 
-100.00000 -100.00000 
-100.00000 -100.00000 
-100.00000 -100.00000 
-100.00000 -100.00000 
-0.08862  0.03690 
-100.00000 -100.00000 
-0.12560  0.07080 
 1.16876 -0.16721 
-0.11628 -0.01423 
-100.00000  0.28332 
-100.00000 -100.00000 
-0.14513 -0.20715 
-0.37197  0.34444 
 0.16811  0.09810 
-100.00000 -100.00000 
 0.00000  0.00000 
-0.55997  0.22689 
-100.00000 -0.64897 
-100.00000 -100.00000 
-0.61083  0.71210 
-100.00000 -0.13493 
-100.00000 -100.00000 
 0.00000  0.00000 
-100.00000 -100.00000 
-0.08793  0.04316 
-100.00000 -100.00000 
-100.00000 -100.00000 
-100.00000 -100.00000 
-100.00000 -100.00000 
-0.78683 -0.25458 
-100.00000 -100.00000 
-100.00000 -100.00000 
-100.00000 -100.00000 
 0.00000  0.00000 
 0.66815 -0.17754 
 0.00000  0.00000 
-100.00000 -100.00000 
-100.00000 -100.00000 
-100.00000 -100.00000 
-100.00000 -100.00000 
 0.00000  0.00000 
-100.00000 -100.00000 
-0.29982  0.31903 
-100.00000 -100.00000 
-0.01532  0.06888 
-100.00000  0.00004 
-100.00000 -100.00000 
-100.00000 -100.00000 
-100.00000 -0.60718 
-100.00000 -100.00000 
-100.00000 -100.00000 
 0.09508  0.18082 
 0.26303  0.12844 
-100.00000 -100.00000 
-100.00000 -100.00000 
 0.06513  0.40594 
-0.38219 -0.00025 
 0.97740  0.59537 
-100.00000 -100.00000 
-100.00000 -100.00000 
-100.00000 -100.00000 
-100.00000 -100.00000 
-100.00000 -100.00000 
-100.00000 -100.00000 
-100.00000 -100.00000 
-100.00000 -100.00000 
 0.00000  0.00000 
-0.01904  0.07117 
-100.00000 -0.13443 
-100.00000 -100.00000 
-100.00000 -0.00014 
-100.00000 -0.24195 
-0.27789 -0.25921 
-100.00000 -100.00000 
-100.00000 -100.00000 
-100.00000 -100.00000 
-100.00000 -100.00000 
-100.00000 -100.00000 
-100.00000 -100.00000 
-100.00000 -0.21465 
-100.00000 -100.00000 
-100.00000 -100.00000 
-100.00000 -100.00000 
-0.12663  0.13780 
-100.00000 -100.00000 
-100.00000 -100.00000 
-100.00000 -100.00000 
-100.00000 -100.00000 
-0.23718 -0.40072 
-100.00000 -100.00000 
-100.00000 -100.00000 
-0.00012  0.00022 
 0.05058  0.33713 
-100.00000 -100.00000 
-100.00000 -100.00000 
-100.00000 -100.00000 
-100.00000 -100.00000 
-100.00000 -100.00000 
-0.36175 -0.37154 
-0.11578 -0.10820 
-0.00431  1.30694 
 0.00000  0.00000 
-100.00000 -100.00000 
-100.00000 -100.00000 
-100.00000 -100.00000 
-100.00000 -100.00000 
-100.00000 -100.00000 
-0.00442 -100.00000 
-100.00000 -100.00000 
-100.00000 -100.00000 
-0.08810  0.89608 
-100.00000 -100.00000 
-100.00000 -0.14890 
 0.29773  0.11937 
-100.00000 -100.00000 
-100.00000 -100.00000 
 0.00000  0.00000 
-100.00000 -100.00000 
 0.37869 -0.14808 
 0.00000  0.00000 
-100.00000  0.00129 
-100.00000 -0.02356 
-0.50956 -0.15046 
 0.00000  0.00000 
-0.12649  0.27117 
-100.00000 -100.00000 
 0.00000  0.00000 
-0.42342  0.00004 
-100.00000 -100.00000 
-100.00000  0.00000 
-100.00000 -100.00000 
-0.00328 -0.27458 
-100.00000 -100.00000 
 0.00000  0.00000 
-0.07490  0.61773 
-100.00000 -100.00000 
-100.00000 -100.00000 
-0.00164 -0.14602 
-100.00000 -100.00000 
-100.00000 -0.15018 
-100.00000 -0.01382 
 0.15362  0.01656 
-100.00000 -0.14398 
-100.00000 -100.00000 
 0.00000  0.00000 
 0.00000  0.00000 
-100.00000 -100.00000 
-100.00000 -100.00000 
 0.11284 -0.01268 
-100.00000 -100.00000 
-100.00000 -100.00000 
-100.00000 -100.00000 
 0.00000  0.00000 
-100.00000 -100.00000 
 0.00000  0.00000 
-0.21490  0.05645 
-100.00000  0.29708 
-100.00000 -100.00000 
-0.02387  0.50523 
 0.49894  0.22742 
-100.00000 -100.00000 
-100.00000 -100.00000 
-100.00000 -100.00000 
 0.15197  0.22256 
-100.00000 -100.00000 
-100.00000 -100.00000 
-100.00000 -100.00000 
-100.00000 -100.00000 
 0.00000  0.00000 
-100.00000 -100.00000 
-100.00000 -100.00000 
-100.00000 -100.00000 
-100.00000 -100.00000 
-100.00000 -100.00000 
-100.00000 -100.00000 
-100.00000 -100.00000 
-100.00000 -100.00000 
 0.00000  0.00000 
-100.00000 -100.00000 
-100.00000 -100.00000 
-0.39444  0.33499 
-100.00000 -100.00000 
 0.14360 -0.39336 
-100.00000 -100.00000 
-0.44627  0.04660 
 0.12287  0.47178 
-100.00000 -0.41109 
 0.00000  0.00000 
-100.00000 -100.00000 
 0.09478 -0.80619 
 0.00000  0.00000 
-100.00000  0.00004 
-100.00000 -100.00000 
-100.00000  0.48541 
-0.30551  0.98746 
-100.00000 -100.00000 
 0.31922 -100.00000 
 0.01401  0.21180 
-100.00000 -100.00000 
-100.00000 -100.00000 
 0.32907 -0.30926 
 0.00000  0.00000 
 0.00000  0.00000 
-100.00000 -100.00000 
-0.53383 -0.37931 
-100.00000 -100.00000 
-0.37186 -0.76774 
-100.00000 -0.07216 
 0.00000  0.00000 
-100.00000 -100.00000 
-100.00000 -100.00000 
-100.00000 -100.00000 
-100.00000  0.25327 
-100.00000 -100.00000 
-100.00000  0.04334 
 0.44150 -0.22837 
 0.31945 -0.48437 
-100.00000 -100.00000 
-0.44062  0.62828 
 0.00000  0.00000 
-100.00000  0.28919 
-100.00000 -100.00000 
-100.00000 -100.00000 
 0.24149 -100.00000 
-0.17792  0.56465 
-100.00000 -100.00000 
-100.00000 -100.00000 
 0.00000  0.00000 
-100.00000 -100.00000 
-0.02780 -0.31208 
-0.14318 -0.43186 
-0.90329 -0.61902 
-100.00000 -0.09467 
-0.14346 -0.42430 
 0.15868 -0.10225 
-100.00000 -0.09435 
-100.00000 -0.00021 
 0.26262 -100.00000 
-100.00000 -100.00000 
-100.00000 -100.00000 
-0.34438  0.00231 
-100.00000 -0.00004 
 0.00000  0.00000 
-100.00000 -0.19810 
-0.14320 -100.00000 
-0.23030  0.25608 
-100.00000 -100.00000 
 0.48970  0.21126 
-100.00000 -0.38429 
-100.00000 -100.00000 
-0.62361  0.39348 
-100.00000 -100.00000 
-0.77746 -0.57433 
-0.13717 -0.12083 
-100.00000 -0.25117 
-0.91363 -100.00000 
-100.00000 -100.00000 
-0.01176  0.26307 
-100.00000 -0.09179 
 0.23357 -0.62756 
-100.00000 -100.00000 
-100.00000 -100.00000 
 0.00008 -100.00000 
 0.23397 -0.23218 
-100.00000 -100.00000 
-100.00000  0.14856 
-100.00000 -100.00000 
-100.00000 -100.00000 
 0.50508 -0.10276 
-100.00000 -100.00000 
-100.00000 -100.00000 
-100.00000 -100.00000 
-100.00000 -100.00000 
-100.00000 -100.00000 
-100.00000 -0.12066 
-100.00000 -100.00000 
-100.00000 -100.00000 
-100.00000 -100.00000 
-100.00000 -100.00000 
-0.14355  0.01725 
-0.45857  0.55903 
-100.00000 -100.00000 
-100.00000 -100.00000 
-100.00000 -100.00000 
-100.00000 -100.00000 
 0.34212 -0.33534 
 0.00000  0.00000 
-0.00039 -100.00000 
-100.00000  0.00003 
-100.00000 -100.00000 
-100.00000 -100.00000 
-100.00000 -100.00000 
-100.00000  0.46352 
-100.00000 -100.00000 
-100.00000 -100.00000 
-100.00000 -0.12046 
