-100.00000 -100.00000 
-0.09932  0.57766 
-0.00675 -100.00000 
 0.10795  0.00008 
 0.08809  0.62380 
-0.15846  0.56722 
-100.00000 -100.00000 
 0.45726  0.19020 
 0.00019 -100.00000 
-100.00000 -100.00000 
-0.26977  0.13728 
-0.01439  0.26308 
-100.00000 -100.00000 
-100.00000 -100.00000 
-0.13187 -0.15922 
-100.00000 -100.00000 
-100.00000 -100.00000 
-100.00000 -100.00000 
-0.13292 -100.00000 
-100.00000 -100.00000 
-100.00000 -100.00000 
-100.00000 -100.00000 
-100.00000 -100.00000 
-100.00000 -100.00000 
-0.28032 -0.17761 
-100.00000 -100.00000 
-100.00000 -100.00000 
-100.00000 -100.00000 
 0.13793  0.18974 
-0.35909 -0.02161 
-100.00000 -100.00000 
-0.23465 -0.15859 
-100.00000 -100.00000 
-100.00000 -100.00000 
-0.00347  0.13761 
-0.14125 -100.00000 
 0.76602 -0.32510 
-100.00000 -100.00000 
-100.00000 -100.00000 
-100.00000 -100.00000 
-100.00000 -100.00000 
 0.13773 -100.00000 
-100.00000 -100.00000 
-100.00000 -0.29906 
-0.14258 -0.01945 
-0.18583  0.07328 
-100.00000 -100.00000 
-100.00000  0.00005 
 0.05396 -0.04054 
-0.18231 -0.51379 
-100.00000 -100.00000 
-100.00000 -100.00000 
-100.00000 -100.00000 
 0.26305 -0.27114 
-100.00000 -100.00000 
-100.00000 -100.00000 
-100.00000 -100.00000 
 0.00136 -0.15467 
-100.00000 -100.00000 
-100.00000 -100.00000 
-100.00000  0.00012 
-100.00000 -100.00000 
-100.00000 -100.00000 
-100.00000 -100.00000 
-0.47766  0.15380 
 0.00000  0.00000 
 0.29751 -0.13894 
-0.28123 -0.05413 
-100.00000 -100.00000 
-100.00000 -100.00000 
-100.00000 -0.34881 
-100.00000 -100.00000 
-100.00000 -100.00000 
-100.00000 -0.00011 
-0.13542 -0.27406 
-100.00000 -100.00000 
-100.00000 -100.00000 
-0.48193  0.61420 
-100.00000 -100.00000 
-100.00000 -100.00000 
-100.00000 -100.00000 
 0.00000  0.00000 
-100.00000 -100.00000 
-100.00000 -100.00000 
-100.00000 -100.00000 
 0.62756  0.21325 
 0.25724 -0.26133 
 0.10407  0.08611 
 0.00000  0.00000 
 0.01616 -0.85143 
-0.00069 -100.00000 
 0.25318 -0.28360 
-100.00000 -100.00000 
-0.26545  0.28174 
-100.00000 -100.00000 
-100.00000 -100.00000 
-100.00000 -100.00000 
-100.00000 -100.00000 
 0.27272 -0.00355 
 0.00000  0.00000 
-100.00000 -100.00000 
-0.69118 -0.63165 
 0.39765 -100.00000 
-100.00000 -100.00000 
-100.00000 -100.00000 
-0.54057 -100.00000 
-100.00000 -100.00000 
-100.00000 -100.00000 
 0.00000  0.00000 
-100.00000 -100.00000 
-0.26042  0.47715 
 0.19462 -0.38771 
-100.00000 -100.00000 
-100.00000 -100.00000 
 0.13741 -100.00000 
 0.58510 -0.03433 
-100.00000 -100.00000 
 0.11584  0.18582 
-100.00000 -100.00000 
-100.00000 -100.00000 
-0.00000 -100.00000 
-100.00000 -100.00000 
-100.00000 -100.00000 
 0.16464 -0.34307 
-100.00000 -100.00000 
-0.45004  0.04524 
-0.09820 -0.22223 
-100.00000 -100.00000 
-100.00000 -100.00000 
-100.00000 -100.00000 
-100.00000 -100.00000 
-100.00000 -0.15132 
-100.00000 -100.00000 
-100.00000 -100.00000 
 0.00000  0.00000 
-0.43051 -0.01602 
-100.00000 -100.00000 
 0.00429 -0.27544 
 0.20728  0.02290 
-100.00000 -100.00000 
 0.00000  0.00000 
-100.00000 -100.00000 
 0.12591 -100.00000 
-100.00000 -0.00665 
-100.00000 -100.00000 
 0.53733  0.12014 
-100.00000 -100.00000 
 0.26252 -0.00075 
-100.00000 -100.00000 
-100.00000 -100.00000 
 0.47992  0.19795 
-100.00000 -100.00000 
-0.17347 -0.21801 
 0.46730 -0.17054 
-100.00000 -100.00000 
-100.00000 -100.00000 
-100.00000 -100.00000 
 0.05007  0.00927 
-100.00000 -100.00000 
 0.00002 -100.00000 
-100.00000 -100.00000 
-100.00000 -100.00000 
-100.00000 -100.00000 
-100.00000 -100.00000 
 0.45959 -0.20203 
-100.00000 -100.00000 
-0.27034 -0.41208 
-100.00000 -0.00016 
-100.00000 -100.00000 
-100.00000 -100.00000 
-100.00000 -100.00000 
-0.04575 -0.42316 
-0.50470  0.06777 
-100.00000 -100.00000 
 0.00000  0.00000 
-0.54039 -0.22788 
-0.40610  0.62826 
-0.37561  0.11189 
-0.00008 -100.00000 
 0.20167 -0.05024 
-100.00000 -100.00000 
-100.00000 -100.00000 
-100.00000 -100.00000 
-100.00000 -100.00000 
-100.00000 -100.00000 
-0.23786 -100.00000 
-100.00000 -100.00000 
-0.15485 -100.00000 
-100.00000 -100.00000 
 0.59627  0.41709 
-100.00000 -100.00000 
-0.12663  0.21728 
-100.00000 -100.00000 
-100.00000 -100.00000 
-100.00000 -100.00000 
-0.14098 -0.00208 
-0.14159 -0.12983 
 0.00000  0.00000 
-0.21159 -0.64932 
-100.00000 -100.00000 
-100.00000  0.73287 
-100.00000 -100.00000 
-100.00000 -100.00000 
-100.00000  0.13751 
-0.00593 -0.00594 
-100.00000 -100.00000 
-0.50531 -0.62996 
-100.00000 -100.00000 
 0.29111 -0.81951 
-0.48752  0.05278 
 0.32720 -0.13450 
-0.94701  0.06973 
-0.69166 -0.17166 
-100.00000 -100.00000 
-100.00000 -100.00000 
 0.09361 -0.21041 
-100.00000 -100.00000 
-100.00000 -100.00000 
 0.23211 -0.13942 
-0.02164 -0.19271 
-100.00000 -100.00000 
-100.00000 -100.00000 
-100.00000 -100.00000 
-100.00000 -100.00000 
-100.00000 -100.00000 
-100.00000 -100.00000 
-100.00000 -0.13967 
 0.00000  0.00000 
-100.00000 -100.00000 
 0.45460 -0.26635 
-100.00000 -0.00084 
 0.15082  0.25895 
-100.00000 -100.00000 
 0.00000  0.00000 
-0.27298  0.41443 
-0.00056 -100.00000 
-100.00000 -0.00053 
-100.00000 -100.00000 
-0.12488 -0.08501 
-0.05035 -0.23782 
-100.00000 -100.00000 
-100.00000 -100.00000 
-100.00000 -100.00000 
-100.00000 -100.00000 
-100.00000 -100.00000 
-100.00000 -100.00000 
-100.00000 -100.00000 
-100.00000  0.00083 
-100.00000 -100.00000 
-0.64171 -0.21075 
 0.50701  0.12399 
 0.00000  0.00000 
-100.00000 -100.00000 
-100.00000 -100.00000 
-0.00895 -0.24430 
-100.00000 -100.00000 
-100.00000 -100.00000 
-100.00000 -100.00000 
-100.00000 -100.00000 
-100.00000 -0.00003 
-0.00027 -100.00000 
-100.00000 -100.00000 
-100.00000 -100.00000 
 0.06637  0.07652 
-100.00000 -100.00000 
-0.00007 -100.00000 
 0.00000  0.00000 
-100.00000 -100.00000 
-100.00000 -100.00000 
-100.00000 -100.00000 
-100.00000 -100.00000 
-100.00000 -100.00000 
 0.11234  0.11938 
-100.00000 -100.00000 
-0.13170 -100.00000 
-0.00397 -100.00000 
-0.50869  0.06304 
-0.03578  0.18616 
 0.31624  0.19139 
-0.00002 -100.00000 
-100.00000 -100.00000 
-100.00000 -100.00000 
-0.00365  0.21859 
-0.14977  0.16055 
-0.00012 -100.00000 
-100.00000  0.00011 
-0.38992  0.31036 
 0.71232 -0.47107 
 0.21371 -0.00035 
-0.19652 -0.45929 
-100.00000 -100.00000 
-100.00000 -100.00000 
 0.00503 -0.06492 
-0.13515 -0.30606 
-100.00000 -100.00000 
-100.00000  0.45523 
-0.34989  0.61617 
 0.00000  0.00000 
-1.46950 -0.86950 
-0.00003 -100.00000 
-100.00000 -100.00000 
-100.00000 -100.00000 
 0.00725 -100.00000 
-100.00000 -100.00000 
 0.00013 -100.00000 
 0.13942 -0.30566 
 0.00000  0.00000 
-100.00000 -100.00000 
 0.12050  0.06839 
-100.00000 -100.00000 
-100.00000 -100.00000 
 0.11416 -0.44349 
 0.00000  0.00000 
-100.00000 -100.00000 
-0.33912 -100.00000 
-100.00000 -100.00000 
-100.00000 -100.00000 
-100.00000 -100.00000 
-100.00000 -100.00000 
 0.00000  0.00000 
-100.00000 -100.00000 
-100.00000 -100.00000 
-100.00000 -100.00000 
-100.00000 -100.00000 
-100.00000 -100.00000 
-0.81453  0.41212 
-100.00000 -100.00000 
-100.00000  0.13744 
-100.00000 -100.00000 
-100.00000 -100.00000 
-100.00000 -100.00000 
-100.00000 -100.00000 
-100.00000 -100.00000 
 0.31852 -0.21829 
 0.00007 -100.00000 
-100.00000 -100.00000 
-100.00000 -100.00000 
 0.00000  0.00000 
-0.26997 -0.21534 
-100.00000 -100.00000 
 0.00003 -100.00000 
-100.00000 -100.00000 
-100.00000 -100.00000 
-100.00000 -100.00000 
 0.48968 -0.03971 
-100.00000 -100.00000 
-100.00000 -100.00000 
 0.00204 -100.00000 
-100.00000 -100.00000 
-100.00000 -0.16315 
-100.00000 -100.00000 
-0.13493 -100.00000 
-100.00000 -100.00000 
-100.00000 -100.00000 
-100.00000 -100.00000 
-100.00000 -100.00000 
-100.00000 -100.00000 
-0.71774 -0.28728 
-100.00000 -100.00000 
-100.00000 -100.00000 
-100.00000 -100.00000 
-100.00000 -100.00000 
-100.00000 -100.00000 
-100.00000 -100.00000 
-100.00000 -100.00000 
-100.00000 -100.00000 
-100.00000 -100.00000 
 0.13752  0.17530 
 0.24404 -100.00000 
-100.00000 -0.00029 
-100.00000 -0.00006 
-100.00000 -100.00000 
 0.11399 -0.61661 
-100.00000 -100.00000 
-0.20640  0.26521 
-100.00000 -100.00000 
-100.00000 -100.00000 
-0.00000 -0.17235 
-100.00000 -100.00000 
-100.00000 -100.00000 
-0.14923  0.13749 
-100.00000  0.13753 
-100.00000 -100.00000 
-100.00000 -100.00000 
 0.11269 -0.11838 
-0.63170 -100.00000 
-0.02387  0.00016 
-100.00000 -100.00000 
-100.00000 -100.00000 
-100.00000 -100.00000 
-100.00000 -100.00000 
-100.00000 -100.00000 
-100.00000 -100.00000 
-100.00000 -100.00000 
-100.00000 -100.00000 
-100.00000 -100.00000 
 0.44077  0.09932 
-100.00000 -100.00000 
-100.00000 -100.00000 
-100.00000 -100.00000 
-100.00000 -100.00000 
-100.00000 -100.00000 
-100.00000 -100.00000 
-0.04660 -0.33574 
-100.00000 -0.33553 
-100.00000 -100.00000 
 0.09271 -0.11865 
-0.52538 -100.00000 
 0.00013 -100.00000 
-100.00000 -100.00000 
-100.00000 -100.00000 
-100.00000 -100.00000 
-100.00000 -100.00000 
-100.00000 -100.00000 
 0.47106 -100.00000 
-100.00000 -100.00000 
-100.00000 -100.00000 
-100.00000 -100.00000 
-100.00000 -100.00000 
-100.00000 -100.00000 
-100.00000 -100.00000 
-100.00000 -100.00000 
-100.00000 -100.00000 
-100.00000 -100.00000 
-100.00000 -100.00000 
-100.00000 -100.00000 
-100.00000 -100.00000 
-100.00000 -100.00000 
-100.00000 -100.00000 
-100.00000 -100.00000 
-100.00000 -100.00000 
 0.45140  0.00998 
-100.00000 -100.00000 
-100.00000 -100.00000 
-100.00000 -100.00000 
-100.00000  0.13747 
-100.00000 -100.00000 
 0.00023 -100.00000 
-100.00000 -100.00000 
-100.00000 -100.00000 
-100.00000 -100.00000 
-100.00000 -100.00000 
-100.00000 -100.00000 
 0.76720  0.13896 
 0.09029 -0.17555 
-100.00000 -100.00000 
-100.00000 -100.00000 
-100.00000 -100.00000 
-100.00000 -100.00000 
-100.00000 -0.36845 
-100.00000 -100.00000 
-100.00000 -100.00000 
-100.00000 -100.00000 
 0.11276 -0.00003 
-100.00000 -100.00000 
-100.00000 -100.00000 
-100.00000 -100.00000 
-100.00000 -100.00000 
-100.00000 -100.00000 
-100.00000 -100.00000 
 0.77578 -0.22768 
-100.00000 -100.00000 
-100.00000 -100.00000 
-100.00000 -100.00000 
-100.00000 -100.00000 
-100.00000 -100.00000 
-100.00000 -100.00000 
 0.22816  0.13763 
-100.00000 -100.00000 
-100.00000 -100.00000 
-100.00000 -100.00000 
-100.00000 -100.00000 
-0.00002 -100.00000 
-100.00000 -100.00000 
 0.00021 -100.00000 
-100.00000 -100.00000 
-0.00014 -100.00000 
-100.00000 -100.00000 
-100.00000 -100.00000 
-100.00000 -100.00000 
-0.07292 -100.00000 
-100.00000 -100.00000 
-100.00000 -100.00000 
-100.00000 -100.00000 
 0.01683  0.10384 
 0.64508  0.00014 
-100.00000 -100.00000 
 0.00017 -100.00000 
-100.00000 -100.00000 
-0.60823 -0.00030 
-100.00000 -100.00000 
-100.00000 -100.00000 
-100.00000 -100.00000 
-100.00000 -100.00000 
-100.00000 -100.00000 
-100.00000 -100.00000 
-0.00366 -100.00000 
-100.00000 -100.00000 
-100.00000 -100.00000 
-100.00000 -100.00000 
 0.15594  0.03488 
-100.00000 -100.00000 
 0.00000  0.00000 
-100.00000 -100.00000 
-100.00000 -100.00000 
 0.38264  0.30480 
-0.24622 -0.17070 
-100.00000 -0.00013 
 0.00139  0.56651 
-100.00000 -100.00000 
-100.00000 -100.00000 
-100.00000 -100.00000 
-100.00000 -100.00000 
-100.00000 -100.00000 
 0.46348 -100.00000 
-100.00000 -100.00000 
-0.23190 -100.00000 
 0.24374  0.06461 
-100.00000 -100.00000 
-0.25847  0.00016 
-1.01460 -100.00000 
-100.00000 -100.00000 
-0.55350 -0.50508 
 0.34902 -100.00000 
-100.00000 -100.00000 
-0.26856 -100.00000 
-100.00000 -100.00000 
-0.11923 -0.14454 
-100.00000 -100.00000 
-0.26467 -0.22829 
-100.00000 -100.00000 
-100.00000 -100.00000 
-100.00000 -100.00000 
 0.00573 -0.24370 
 0.13742 -0.03274 
-100.00000 -100.00000 
-100.00000 -100.00000 
-100.00000 -100.00000 
-0.65535  0.34462 
 0.35046  0.04844 
-0.29409 -0.43272 
-0.09292  0.15449 
-100.00000 -100.00000 
-100.00000 -100.00000 
-0.20488 -0.55147 
 0.07217  0.64776 
-100.00000 -100.00000 
 0.01701  0.13748 
-100.00000 -100.00000 
-100.00000 -100.00000 
-100.00000 -100.00000 
-100.00000 -100.00000 
-100.00000 -100.00000 
-100.00000 -100.00000 
 0.28888  0.27555 
-100.00000 -100.00000 
-100.00000 -100.00000 
 0.43868  0.02128 
-100.00000 -100.00000 
-0.33508 -0.43321 
-100.00000 -100.00000 
-100.00000 -100.00000 
-100.00000 -100.00000 
-100.00000 -100.00000 
-100.00000 -100.00000 
