-100.00000 -100.00000 
 0.67923  0.07216 
-0.15896 -0.53460 
-0.26790  0.83296 
-100.00000  0.00000 
-100.00000 -100.00000 
-100.00000 -0.14116 
-100.00000 -100.00000 
-100.00000 -100.00000 
-100.00000 -100.00000 
 0.79675  0.23726 
-100.00000 -100.00000 
-0.12932 -0.00386 
-100.00000 -100.00000 
-100.00000 -100.00000 
 0.19822 -0.42952 
 0.00799 -0.38771 
-0.24288 -0.00892 
-0.59344 -0.49799 
-100.00000 -100.00000 
-100.00000 -100.00000 
-100.00000 -100.00000 
-100.00000 -100.00000 
-100.00000 -100.00000 
-100.00000 -100.00000 
 0.13368 -0.11871 
-100.00000 -100.00000 
-100.00000 -100.00000 
-100.00000 -100.00000 
-100.00000 -100.00000 
 0.35313 -0.61504 
-100.00000 -100.00000 
-100.00000 -100.00000 
 0.22693 -0.11851 
-100.00000 -100.00000 
-100.00000 -100.00000 
-100.00000 -100.00000 
 0.00000  0.00000 
 0.17603  0.59363 
 0.12509 -100.00000 
-100.00000 -0.00363 
 0.54798 -0.12586 
-100.00000 -100.00000 
-100.00000 -100.00000 
-100.00000 -100.00000 
-100.00000 -100.00000 
-100.00000 -100.00000 
-100.00000 -100.00000 
-100.00000 -100.00000 
-100.00000 -100.00000 
 0.00000  0.00000 
 0.49575 -0.33936 
-0.40215  0.09490 
-100.00000 -100.00000 
-100.00000 -100.00000 
-0.07869 -0.42631 
-0.29255  0.02178 
-100.00000 -100.00000 
-100.00000 -100.00000 
 0.77995  0.33836 
-100.00000 -100.00000 
-0.13152  0.63988 
 0.10901 -0.70107 
-100.00000 -0.00901 
-0.42714 -0.09883 
-100.00000 -100.00000 
-100.00000 -100.00000 
 0.28200 -0.44420 
-100.00000 -100.00000 
-0.45803 -0.50422 
 0.02104 -0.70060 
-100.00000 -100.00000 
-100.00000 -1.02024 
-100.00000 -100.00000 
-100.00000 -100.00000 
 0.10846  0.27527 
-100.00000 -100.00000 
-100.00000 -100.00000 
-100.00000 -100.00000 
 0.15609 -0.69269 
-100.00000 -100.00000 
-100.00000 -100.00000 
 0.00000  0.00000 
-100.00000 -100.00000 
 0.29933  0.03295 
 1.06080 -0.68242 
-100.00000 -100.00000 
-100.00000 -100.00000 
-0.19677  0.24421 
-0.36214 -0.37292 
-0.68258 -100.00000 
 0.12306 -0.00393 
-100.00000 -100.00000 
-100.00000 -100.00000 
-100.00000 -100.00000 
-100.00000 -100.00000 
 0.10211  0.00008 
 0.00000  0.00000 
-0.20675  0.73993 
-0.61709 -100.00000 
-0.77614  0.84807 
-100.00000 -100.00000 
 0.00000  0.00000 
 0.04031  1.94096 
 0.09230  0.29590 
-0.29138 -0.70401 
-100.00000 -100.00000 
-100.00000 -100.00000 
-100.00000 -100.00000 
 0.60607  0.08903 
 0.04780 -0.47348 
-100.00000 -100.00000 
 0.15608  0.08524 
-0.03941 -0.34979 
-100.00000 -100.00000 
 0.00000  0.00000 
 0.00000  0.00000 
-100.00000 -100.00000 
-100.00000 -100.00000 
 0.00000  0.00000 
-100.00000 -0.23760 
-100.00000 -100.00000 
-100.00000  0.13789 
-100.00000  0.13721 
-100.00000 -0.26075 
 0.47618 -0.94973 
-100.00000  0.23028 
-100.00000 -100.00000 
 0.00000  0.00000 
-100.00000 -100.00000 
-100.00000 -100.00000 
 0.00000  0.00000 
-100.00000 -100.00000 
-100.00000 -100.00000 
 0.07187 -0.12373 
-0.11253 -0.50902 
 0.00000  0.00000 
-0.09575  0.71279 
-100.00000 -100.00000 
-100.00000 -100.00000 
-0.88995 -0.53695 
 0.13750 -100.00000 
-100.00000 -100.00000 
-100.00000 -100.00000 
-1.05090 -0.69406 
-0.30833 -0.60495 
-0.27589  0.24002 
 0.20920 -0.13264 
-100.00000 -100.00000 
 0.20908 -0.00103 
-100.00000 -100.00000 
-100.00000 -0.00003 
-0.80252 -0.96696 
 0.25554 -0.00099 
 0.32359 -100.00000 
 0.53129  0.25792 
-0.02658  0.80762 
-100.00000 -100.00000 
-0.16014 -100.00000 
-100.00000 -100.00000 
-100.00000 -100.00000 
-100.00000 -100.00000 
-100.00000 -100.00000 
-100.00000 -100.00000 
-100.00000 -100.00000 
-100.00000 -100.00000 
-100.00000 -100.00000 
-100.00000 -100.00000 
-0.82649  0.17783 
-0.30594  0.53707 
 0.40005  0.01045 
-0.43695 -0.10379 
-0.49200 -0.74860 
-100.00000 -100.00000 
-0.41020 -0.00203 
-0.27809 -0.33043 
-100.00000 -100.00000 
 0.01418  0.37819 
-0.77261  0.00664 
 0.21027 -0.30303 
-100.00000 -100.00000 
-1.15281 -0.24117 
-100.00000 -100.00000 
-0.32919 -100.00000 
 0.23751  0.29470 
-0.29956  0.10627 
-0.49339 -0.74592 
 0.00000  0.00000 
-100.00000 -100.00000 
-100.00000 -100.00000 
-0.37118  0.26309 
-100.00000 -100.00000 
-100.00000 -100.00000 
-100.00000 -100.00000 
-100.00000 -100.00000 
-100.00000 -100.00000 
-100.00000 -100.00000 
-100.00000 -100.00000 
-100.00000 -100.00000 
-0.00014 -100.00000 
-100.00000  0.05646 
-0.52402  0.03100 
 0.00000  0.00000 
-100.00000 -0.00003 
-0.23439 -0.18079 
-0.50999 -0.07405 
-100.00000 -100.00000 
-100.00000 -100.00000 
 0.36064 -0.49587 
-100.00000 -0.22984 
-0.04611  0.16904 
 0.36736  0.25809 
-100.00000 -100.00000 
-100.00000 -100.00000 
-100.00000 -100.00000 
-100.00000 -100.00000 
-100.00000  0.00010 
 0.45669 -0.33612 
-100.00000 -100.00000 
-0.66654  0.10825 
-100.00000 -0.00650 
-100.00000 -100.00000 
-0.48420 -0.26023 
-100.00000 -100.00000 
-100.00000 -100.00000 
-0.10836  0.13670 
 0.23291 -0.11818 
-100.00000 -0.00041 
 0.00000  0.00000 
-100.00000  0.13737 
-100.00000 -100.00000 
-0.70665 -0.98956 
-100.00000 -100.00000 
-100.00000 -100.00000 
 0.11216 -0.64197 
-0.78230 -0.14317 
 0.41905 -0.47312 
 0.42762  0.73084 
-100.00000 -100.00000 
-100.00000 -100.00000 
-0.07684 -0.41919 
-100.00000 -100.00000 
-100.00000 -100.00000 
-0.00020 -100.00000 
-100.00000 -100.00000 
-100.00000 -100.00000 
-100.00000 -100.00000 
-100.00000 -100.00000 
-100.00000 -100.00000 
-100.00000 -100.00000 
 0.00000  0.00000 
-100.00000 -0.27314 
-0.06672 -0.64040 
-0.34217  0.23878 
-100.00000 -0.02426 
-100.00000 -100.00000 
-100.00000 -0.00193 
-100.00000 -100.00000 
 0.00000  0.00000 
-0.34995 -0.00616 
-0.14548 -100.00000 
-100.00000 -100.00000 
-100.00000 -100.00000 
-100.00000 -100.00000 
-100.00000 -100.00000 
 0.43947  0.08839 
-100.00000 -100.00000 
 0.23309 -100.00000 
-100.00000 -100.00000 
-100.00000 -100.00000 
-100.00000 -100.00000 
-0.17096 -0.74377 
-100.00000 -100.00000 
-0.38561  0.47553 
-100.00000 -100.00000 
-0.47866  0.01239 
-0.24853 -0.13049 
 0.00000  0.00000 
-100.00000 -100.00000 
-100.00000 -100.00000 
-100.00000 -100.00000 
-100.00000 -100.00000 
-0.27762 -0.87145 
-100.00000 -100.00000 
-0.64824  0.05064 
-0.12170 -0.60094 
-0.48702 -0.62608 
-100.00000 -0.25765 
-0.00014  0.20158 
 0.00000  0.00000 
-100.00000 -100.00000 
-0.22252  0.01585 
-100.00000 -100.00000 
-0.11208 -0.09137 
-100.00000 -100.00000 
-100.00000 -100.00000 
-100.00000 -100.00000 
-100.00000 -100.00000 
-0.28199 -0.26990 
-0.21046 -0.07460 
-100.00000 -100.00000 
-100.00000 -100.00000 
 0.28974 -0.28319 
-100.00000 -100.00000 
-100.00000 -100.00000 
-100.00000 -100.00000 
-100.00000 -100.00000 
-100.00000 -100.00000 
-100.00000 -100.00000 
-100.00000 -100.00000 
-100.00000 -100.00000 
-100.00000  0.00023 
-100.00000 -100.00000 
-100.00000  0.13738 
-100.00000 -100.00000 
-100.00000 -100.00000 
 0.28455 -0.46954 
 0.00000  0.00000 
-100.00000 -100.00000 
-100.00000 -100.00000 
 0.08490  0.48522 
-100.00000 -100.00000 
-100.00000 -100.00000 
-100.00000 -100.00000 
-100.00000 -100.00000 
 0.20822 -100.00000 
 0.08581 -0.06009 
-100.00000 -100.00000 
-100.00000 -100.00000 
-100.00000 -100.00000 
-100.00000 -100.00000 
-100.00000 -100.00000 
 0.82793 -0.17612 
-100.00000 -100.00000 
 0.13759 -100.00000 
-100.00000 -100.00000 
-100.00000  0.12732 
-100.00000 -100.00000 
-100.00000 -100.00000 
-100.00000 -100.00000 
-0.30157  0.00003 
-100.00000 -100.00000 
-100.00000 -100.00000 
-100.00000 -100.00000 
-100.00000 -100.00000 
-100.00000 -100.00000 
 0.26181 -0.42368 
-100.00000 -100.00000 
-100.00000 -100.00000 
-100.00000 -100.00000 
-100.00000 -100.00000 
-100.00000 -100.00000 
-100.00000 -100.00000 
 0.00000  0.00000 
-0.51539 -0.20984 
-0.34468  0.11588 
-100.00000 -100.00000 
-100.00000  0.30219 
 0.36996 -0.46297 
-100.00000 -100.00000 
-100.00000 -100.00000 
-0.33846 -0.40366 
 0.44081  0.07399 
-100.00000 -100.00000 
-100.00000 -100.00000 
-100.00000 -100.00000 
-100.00000 -100.00000 
-100.00000 -100.00000 
-100.00000 -100.00000 
-100.00000 -0.93488 
-100.00000 -100.00000 
 0.00000  0.00000 
-0.25241  0.59368 
 0.43139  0.06793 
-0.55854  0.01255 
-100.00000  0.00006 
-100.00000 -100.00000 
 0.23617 -0.19758 
 0.10719  0.11389 
 0.44302  0.26319 
-100.00000 -0.40728 
-0.01095 -0.41713 
-100.00000  0.13773 
-100.00000 -100.00000 
-100.00000 -0.03233 
-100.00000 -0.29494 
-100.00000 -100.00000 
-100.00000 -100.00000 
-0.12871 -0.79403 
 0.22036  0.09018 
-100.00000 -100.00000 
 0.26308 -100.00000 
-100.00000 -100.00000 
-0.27101 -0.53750 
-100.00000  0.13737 
-100.00000 -100.00000 
-100.00000 -100.00000 
-100.00000 -100.00000 
-100.00000 -100.00000 
 0.00000  0.00000 
-0.01174  0.20765 
-100.00000 -100.00000 
-100.00000  0.00005 
-100.00000 -0.14789 
-0.11966 -100.00000 
-100.00000 -100.00000 
-100.00000  0.00043 
-100.00000  0.11274 
-100.00000 -0.02327 
-100.00000 -100.00000 
 0.49065  0.06859 
 0.00000  0.00000 
-100.00000 -100.00000 
-100.00000 -100.00000 
-0.24532 -100.00000 
-100.00000 -100.00000 
 0.00000  0.00000 
 0.93973 -0.26198 
-100.00000 -100.00000 
-100.00000 -100.00000 
 0.00000  0.00000 
-100.00000 -100.00000 
-100.00000 -100.00000 
-100.00000 -100.00000 
-0.08997  0.22319 
-0.11372  0.02179 
-100.00000 -100.00000 
-0.00832 -0.41282 
-0.20378 -0.53136 
-0.33244  0.39471 
-100.00000 -100.00000 
 0.00002 -100.00000 
-0.14408 -0.22231 
-100.00000 -100.00000 
-100.00000 -100.00000 
-100.00000 -100.00000 
-100.00000 -100.00000 
-100.00000 -100.00000 
-0.11631 -0.15140 
 0.00000  0.00000 
-100.00000 -100.00000 
-100.00000 -100.00000 
-100.00000 -100.00000 
-100.00000 -100.00000 
-100.00000 -100.00000 
 0.00000  0.00000 
-100.00000 -100.00000 
 0.00000  0.00000 
-100.00000 -100.00000 
-100.00000 -100.00000 
-100.00000 -100.00000 
 0.75469 -0.41112 
-100.00000 -100.00000 
-100.00000 -100.00000 
 0.16423  0.65099 
-100.00000  0.00034 
-100.00000 -100.00000 
 0.26311  0.13751 
 0.64121 -0.09785 
-100.00000 -100.00000 
-100.00000 -100.00000 
-100.00000 -100.00000 
 0.00000  0.00000 
 0.16069  0.63224 
-100.00000 -0.01257 
-0.00753 -0.14368 
-100.00000 -0.65712 
-0.00021 -100.00000 
-100.00000 -100.00000 
 0.45272  0.34017 
-100.00000 -0.42403 
-100.00000 -100.00000 
-100.00000 -100.00000 
 0.13841 -0.05002 
 0.00000  0.00000 
-100.00000 -100.00000 
 0.03307 -0.36344 
-100.00000 -100.00000 
-0.18386 -0.13886 
-100.00000 -100.00000 
-100.00000 -100.00000 
 0.00000  0.00000 
-100.00000 -100.00000 
-100.00000 -100.00000 
-100.00000 -100.00000 
-0.56983  0.04471 
-100.00000 -100.00000 
 0.09187 -0.34347 
-100.00000 -100.00000 
 0.00000  0.00000 
-100.00000 -100.00000 
-100.00000 -0.00008 
 0.00000  0.00000 
-0.30009 -0.12075 
-0.25567 -0.23176 
-100.00000 -100.00000 
-0.57951 -0.37573 
-0.09728 -0.08760 
-0.13759  0.11832 
-100.00000 -0.00037 
-0.24114  0.23000 
-0.00015 -0.00012 
-0.00004 -100.00000 
-0.21721 -0.47262 
-100.00000 -100.00000 
-0.19875 -0.49500 
 0.00000  0.00000 
 0.00000  0.00000 
-100.00000 -100.00000 
-0.51345  0.48699 
 0.13738 -100.00000 
-0.39363 -0.46945 
-100.00000 -100.00000 
 0.00000  0.00000 
 0.31927  0.21574 
-100.00000 -100.00000 
 0.05557  0.17477 
-0.22426  0.03392 
-100.00000  0.01703 
-0.05143  0.54451 
-100.00000 -100.00000 
 0.00000  0.00000 
 0.48536  0.26288 
-100.00000 -100.00000 
-0.00997  0.06935 
 0.10805 -0.11866 
-0.24077 -100.00000 
-100.00000  0.55379 
 0.00020 -100.00000 
-100.00000 -100.00000 
 0.37860  0.00011 
-100.00000 -100.00000 
-100.00000 -100.00000 
-100.00000 -100.00000 
-100.00000 -100.00000 
-100.00000 -100.00000 
-100.00000 -100.00000 
-100.00000 -100.00000 
-100.00000 -100.00000 
-100.00000 -100.00000 
-0.14352 -0.12062 
-100.00000 -100.00000 
-100.00000 -100.00000 
-100.00000 -100.00000 
-100.00000 -100.00000 
-100.00000 -100.00000 
 0.28371 -0.14368 
-0.01087 -0.52184 
-100.00000 -100.00000 
-100.00000 -100.00000 
-0.27399 -100.00000 
-100.00000  0.00006 
-100.00000 -100.00000 
-100.00000 -100.00000 
 0.11973 -0.25079 
-100.00000 -100.00000 
-0.10931  0.08501 
-100.00000 -100.00000 
-100.00000 -100.00000 
 0.03820  0.73531 
-100.00000 -100.00000 
 0.26299 -0.38432 
-100.00000 -100.00000 
-100.00000 -100.00000 
-100.00000 -100.00000 
