 0.00000  0.00000 
 0.11262  0.20878 
-100.00000 -100.00000 
-100.00000 -100.00000 
-100.00000 -0.15923 
-0.17283 -0.08720 
 0.01750 -0.30243 
-0.02253 -0.02533 
-100.00000 -100.00000 
-0.25056 -100.00000 
-0.49683 -100.00000 
-0.49636 -0.76497 
-100.00000 -100.00000 
-100.00000 -100.00000 
-100.00000  0.00004 
-100.00000 -100.00000 
-100.00000 -100.00000 
-100.00000 -100.00000 
-100.00000 -0.03845 
 0.37771 -0.63526 
-100.00000 -100.00000 
-0.21181 -0.43682 
-100.00000 -100.00000 
-100.00000 -0.30257 
-100.00000  0.18288 
-100.00000 -100.00000 
-100.00000 -100.00000 
-100.00000 -100.00000 
-100.00000 -100.00000 
-100.00000 -100.00000 
-100.00000 -100.00000 
-100.00000 -100.00000 
-100.00000 -100.00000 
-100.00000 -100.00000 
-100.00000 -100.00000 
-0.08302 -0.58404 
 0.37854 -100.00000 
-100.00000 -100.00000 
 0.48586  0.52302 
-100.00000 -100.00000 
 0.04630  0.20734 
-100.00000 -100.00000 
-0.21104  0.11739 
-100.00000 -100.00000 
-100.00000 -100.00000 
-100.00000 -100.00000 
 0.16065 -100.00000 
-100.00000 -100.00000 
-0.22453 -0.49293 
-100.00000 -100.00000 
 0.00022 -100.00000 
-100.00000 -100.00000 
-0.54454 -0.03799 
-100.00000 -100.00000 
-100.00000 -100.00000 
-100.00000 -100.00000 
-0.01245  0.18675 
-100.00000 -100.00000 
 0.01367 -0.16810 
-0.00811 -0.62524 
-100.00000  0.47735 
-100.00000 -100.00000 
-100.00000 -100.00000 
 0.64867  0.04613 
-0.79315 -100.00000 
-100.00000 -100.00000 
-100.00000 -100.00000 
 0.12142 -100.00000 
-0.00415 -0.06528 
-0.00013  0.26296 
-100.00000 -100.00000 
-100.00000 -100.00000 
-100.00000 -100.00000 
-0.17856  0.32762 
-100.00000 -100.00000 
-100.00000 -100.00000 
-100.00000 -100.00000 
-100.00000 -100.00000 
-100.00000  0.37853 
-100.00000 -100.00000 
-100.00000 -100.00000 
-100.00000 -100.00000 
-0.00345 -100.00000 
-100.00000 -100.00000 
-100.00000 -100.00000 
-100.00000 -100.00000 
-0.29611  0.54538 
-0.00029 -100.00000 
 0.80128  0.67702 
 0.20721 -0.34317 
-0.61443 -0.28993 
-0.01523 -100.00000 
-100.00000 -100.00000 
-100.00000 -100.00000 
-100.00000 -100.00000 
 0.00251 -100.00000 
-100.00000 -100.00000 
-100.00000 -100.00000 
-100.00000 -100.00000 
-0.26121 -0.15076 
-100.00000 -100.00000 
-100.00000 -100.00000 
-100.00000 -100.00000 
-100.00000 -0.15020 
-100.00000 -100.00000 
-100.00000 -100.00000 
-100.00000 -100.00000 
-100.00000 -100.00000 
-100.00000 -100.00000 
-100.00000 -100.00000 
-100.00000 -100.00000 
-100.00000 -100.00000 
-0.13567 -100.00000 
-0.13634 -100.00000 
-100.00000 -100.00000 
-100.00000 -100.00000 
-100.00000 -100.00000 
-0.87607  0.13093 
-0.05334  0.37393 
-100.00000 -100.00000 
-100.00000 -100.00000 
 0.12691 -0.04247 
-100.00000  0.09030 
-0.48229 -100.00000 
-100.00000 -100.00000 
-100.00000 -100.00000 
-100.00000 -100.00000 
-100.00000 -0.11918 
-100.00000 -100.00000 
-100.00000 -100.00000 
-100.00000 -100.00000 
-100.00000 -100.00000 
 0.39644 -0.55960 
-100.00000 -100.00000 
-100.00000 -100.00000 
 0.26229  0.48562 
-100.00000 -100.00000 
-100.00000 -100.00000 
 0.22388 -100.00000 
-100.00000 -100.00000 
-100.00000 -0.70600 
-100.00000 -100.00000 
-100.00000 -100.00000 
-100.00000 -100.00000 
-0.27366 -0.13863 
-100.00000 -100.00000 
-100.00000 -100.00000 
-100.00000 -100.00000 
-100.00000 -100.00000 
-100.00000 -0.68238 
-100.00000 -100.00000 
-100.00000 -100.00000 
-0.48830 -100.00000 
 0.11757 -0.15558 
 0.00688 -0.04106 
-100.00000 -100.00000 
-0.21900 -100.00000 
-0.13707 -100.00000 
-0.24153 -0.15023 
-0.13680 -100.00000 
-100.00000 -100.00000 
-100.00000 -100.00000 
-100.00000 -100.00000 
-0.44322 -0.00004 
-100.00000 -100.00000 
-100.00000 -100.00000 
 0.17340 -0.14205 
 0.17082 -0.23359 
-1.11512  0.56005 
-0.14693 -0.15062 
-100.00000 -100.00000 
-0.00020 -100.00000 
 0.22395  0.00054 
-100.00000 -100.00000 
-100.00000 -0.27664 
-1.02285 -0.06235 
 0.45900 -0.14737 
-100.00000 -100.00000 
-100.00000 -100.00000 
-0.08183 -100.00000 
-100.00000 -100.00000 
 0.24156 -0.09999 
-100.00000 -100.00000 
-100.00000 -0.42859 
-0.99193 -100.00000 
-100.00000 -100.00000 
-0.26089 -100.00000 
-100.00000 -100.00000 
-100.00000 -100.00000 
-0.07595  0.13755 
-100.00000 -100.00000 
-0.14090 -100.00000 
-100.00000 -100.00000 
-100.00000 -100.00000 
-100.00000 -100.00000 
-100.00000 -100.00000 
-0.00077  0.26278 
-100.00000 -100.00000 
-100.00000 -100.00000 
-100.00000 -100.00000 
 0.19793 -100.00000 
-100.00000 -100.00000 
-100.00000 -100.00000 
-100.00000 -100.00000 
 0.00003 -100.00000 
-100.00000 -100.00000 
-0.38579 -100.00000 
-100.00000 -100.00000 
-0.01216 -0.12928 
-100.00000 -100.00000 
-100.00000 -100.00000 
-0.09250 -100.00000 
-100.00000 -100.00000 
-100.00000 -100.00000 
-100.00000 -100.00000 
-100.00000 -100.00000 
-100.00000 -100.00000 
 0.13336 -100.00000 
-100.00000 -100.00000 
-0.17731 -100.00000 
-0.14107 -100.00000 
-1.17979  0.11155 
-100.00000 -0.00034 
-0.34089 -0.00857 
-0.21845 -100.00000 
-0.00708 -100.00000 
-0.67402 -100.00000 
-100.00000 -100.00000 
-100.00000 -100.00000 
 0.22777 -0.01544 
 0.14505 -0.52168 
 0.69050 -0.49709 
 0.11846 -0.12118 
 0.05992 -100.00000 
-0.31551 -100.00000 
-0.32401 -0.34880 
-0.20209 -0.35325 
-100.00000 -100.00000 
-0.79163 -100.00000 
-0.02428 -100.00000 
-100.00000 -100.00000 
-0.26814 -0.23952 
 0.00000  0.00000 
 0.08590 -100.00000 
-100.00000 -100.00000 
-100.00000 -100.00000 
-100.00000 -100.00000 
 0.36935 -0.00009 
-0.46454 -0.12538 
-100.00000 -100.00000 
 0.15323 -100.00000 
-100.00000 -100.00000 
-0.12678 -100.00000 
-100.00000 -100.00000 
-0.00057 -100.00000 
-0.33036 -0.60089 
-0.22670  0.15668 
-100.00000 -100.00000 
-100.00000 -100.00000 
-100.00000 -100.00000 
-100.00000 -100.00000 
-100.00000 -100.00000 
-100.00000 -100.00000 
-100.00000 -100.00000 
-0.26160  0.20331 
-100.00000 -100.00000 
-100.00000 -100.00000 
-100.00000 -100.00000 
 0.10921 -100.00000 
-100.00000 -100.00000 
-100.00000 -100.00000 
-100.00000 -100.00000 
-0.15754  0.31320 
-0.51700 -100.00000 
-100.00000 -100.00000 
-0.49651 -0.13991 
-0.96545 -100.00000 
-100.00000 -100.00000 
-100.00000 -100.00000 
-100.00000 -100.00000 
-0.21940 -100.00000 
-100.00000 -0.13971 
 0.40245  0.28929 
-100.00000 -100.00000 
-0.00012  0.18786 
 0.44749 -100.00000 
-100.00000 -100.00000 
 0.00000  0.00000 
-100.00000 -1.23099 
-100.00000 -100.00000 
-100.00000 -100.00000 
-100.00000 -100.00000 
-0.43404  0.09985 
-0.35019 -0.19707 
-100.00000 -100.00000 
-100.00000 -100.00000 
-100.00000 -100.00000 
-100.00000 -100.00000 
-0.30416 -100.00000 
-100.00000 -100.00000 
-100.00000 -100.00000 
-0.84564  0.04629 
-100.00000  0.80302 
-100.00000 -100.00000 
-100.00000 -100.00000 
-0.23411 -100.00000 
-100.00000 -100.00000 
-100.00000 -100.00000 
-100.00000 -100.00000 
-100.00000 -100.00000 
 0.59387  0.19759 
-100.00000 -100.00000 
-100.00000 -100.00000 
-100.00000 -100.00000 
-100.00000 -100.00000 
-0.40832 -0.10801 
-100.00000 -100.00000 
-100.00000  0.00070 
-100.00000 -100.00000 
-100.00000 -100.00000 
-100.00000  0.84792 
-100.00000 -100.00000 
-100.00000 -100.00000 
 0.25814  0.27500 
-100.00000 -100.00000 
-100.00000 -0.43696 
-100.00000 -100.00000 
 0.10108 -0.16241 
-0.39198  0.27287 
 0.00000  0.00000 
-100.00000 -100.00000 
-100.00000 -100.00000 
-100.00000 -100.00000 
 0.00136 -100.00000 
-100.00000 -100.00000 
-100.00000 -100.00000 
-0.09026 -0.72189 
-100.00000 -100.00000 
-100.00000 -100.00000 
-0.00014 -100.00000 
-100.00000 -0.04330 
-100.00000 -100.00000 
-100.00000 -100.00000 
-100.00000 -100.00000 
-100.00000 -0.16938 
-100.00000 -100.00000 
-100.00000 -100.00000 
-100.00000 -100.00000 
 0.26316 -0.00007 
-100.00000 -100.00000 
-100.00000 -100.00000 
 0.13751 -100.00000 
-100.00000 -100.00000 
-100.00000 -100.00000 
-100.00000 -100.00000 
-100.00000 -100.00000 
-100.00000 -100.00000 
-100.00000 -100.00000 
-100.00000 -100.00000 
 0.00000  0.00000 
-0.00276  0.20807 
-100.00000 -100.00000 
-100.00000 -100.00000 
-100.00000 -100.00000 
-100.00000 -100.00000 
-100.00000 -100.00000 
-100.00000 -100.00000 
-100.00000 -100.00000 
-0.23325 -100.00000 
-0.25766 -100.00000 
-100.00000 -100.00000 
-100.00000 -100.00000 
-100.00000 -100.00000 
-100.00000 -100.00000 
-0.31179 -100.00000 
-100.00000 -100.00000 
-100.00000 -100.00000 
-100.00000 -100.00000 
-100.00000 -100.00000 
-100.00000 -100.00000 
-0.44798  0.27851 
-0.59258 -0.32940 
-100.00000  0.00015 
-100.00000 -100.00000 
-100.00000 -100.00000 
-0.14072  0.31588 
-100.00000 -100.00000 
 0.28653 -100.00000 
-100.00000 -100.00000 
-0.39384 -0.06778 
-0.15043 -0.11371 
-100.00000 -100.00000 
-0.00007 -100.00000 
 0.11262 -100.00000 
-0.01157  0.13727 
-100.00000 -100.00000 
-100.00000 -100.00000 
-100.00000 -100.00000 
-0.28630  0.00019 
-100.00000 -100.00000 
 0.13740 -100.00000 
 0.00000  0.00000 
-100.00000 -100.00000 
-100.00000 -100.00000 
-100.00000 -100.00000 
-0.55953 -100.00000 
-100.00000 -100.00000 
-0.26234 -100.00000 
 0.05230 -0.27194 
-100.00000 -100.00000 
-100.00000 -100.00000 
-100.00000 -0.13360 
-100.00000 -100.00000 
-100.00000 -100.00000 
-0.01319 -100.00000 
-100.00000 -100.00000 
-100.00000 -100.00000 
-100.00000 -100.00000 
 0.11941  0.37842 
 0.00000  0.00000 
-100.00000 -100.00000 
-100.00000 -100.00000 
-100.00000 -100.00000 
-100.00000 -100.00000 
-100.00000 -100.00000 
-100.00000 -100.00000 
-100.00000 -0.37898 
-0.06297  0.30566 
-0.09112  0.27241 
-100.00000 -100.00000 
-100.00000 -100.00000 
 0.30945  0.35743 
-100.00000 -100.00000 
 0.04689  0.13835 
-100.00000 -100.00000 
-100.00000 -100.00000 
-100.00000 -100.00000 
-100.00000 -100.00000 
 0.00014 -100.00000 
-100.00000 -100.00000 
-0.02363  0.01071 
 0.00009 -100.00000 
-100.00000 -100.00000 
-100.00000 -100.00000 
-0.04968 -0.33663 
-100.00000 -100.00000 
-100.00000 -100.00000 
-100.00000 -100.00000 
 0.47072  0.32368 
-100.00000 -100.00000 
-100.00000 -0.13370 
-100.00000 -100.00000 
-100.00000 -100.00000 
-100.00000 -100.00000 
-100.00000 -100.00000 
-100.00000 -100.00000 
-100.00000 -100.00000 
 0.25533  0.26586 
-100.00000 -100.00000 
-100.00000 -100.00000 
-0.03968  0.35728 
-100.00000 -100.00000 
-100.00000  0.13750 
-100.00000 -100.00000 
-100.00000 -100.00000 
-100.00000 -100.00000 
-100.00000 -100.00000 
 0.20750  0.36843 
-100.00000 -100.00000 
-100.00000  0.11206 
-100.00000 -100.00000 
-100.00000 -100.00000 
-100.00000 -100.00000 
-0.22611 -100.00000 
-100.00000 -100.00000 
 0.43758 -100.00000 
-100.00000 -100.00000 
-100.00000 -100.00000 
-100.00000 -100.00000 
-100.00000 -100.00000 
-100.00000 -100.00000 
-100.00000 -100.00000 
-100.00000 -100.00000 
-100.00000 -100.00000 
-100.00000 -100.00000 
-0.33500 -100.00000 
 0.00004 -100.00000 
-100.00000 -100.00000 
-100.00000 -100.00000 
 0.13720 -0.15947 
-100.00000 -100.00000 
 0.00000  0.00000 
-0.33385  0.03186 
-0.17846  0.13749 
-100.00000 -100.00000 
-100.00000 -100.00000 
 0.05042  0.07410 
-100.00000 -100.00000 
-0.20276 -0.39128 
-100.00000 -100.00000 
-0.19789 -100.00000 
-100.00000 -100.00000 
 0.13749 -0.41490 
-0.00019 -0.30304 
-100.00000 -100.00000 
 0.14218 -100.00000 
-100.00000 -100.00000 
-100.00000 -0.02192 
-100.00000 -100.00000 
-0.06992  0.33269 
-0.01366 -0.16214 
-100.00000  0.13546 
 0.51370  0.03615 
 0.14178 -0.30269 
-0.09442 -0.05479 
-0.17467  0.05605 
-100.00000 -100.00000 
-100.00000 -100.00000 
 0.22301 -0.15152 
-100.00000 -100.00000 
 0.15272  0.21345 
-100.00000 -100.00000 
-100.00000 -100.00000 
 0.00000  0.00000 
-100.00000 -100.00000 
 0.62715 -0.23069 
-0.37462  0.17718 
-0.51660 -0.00037 
 0.26292 -100.00000 
-0.26467  0.08618 
-100.00000 -100.00000 
 0.13734 -100.00000 
-100.00000 -100.00000 
-100.00000 -100.00000 
-100.00000 -100.00000 
-100.00000 -100.00000 
-100.00000 -100.00000 
-100.00000 -100.00000 
-100.00000 -100.00000 
-100.00000 -0.17895 
 0.02457 -0.41418 
-0.82498  0.00032 
 0.25789 -0.17413 
-100.00000 -100.00000 
-100.00000 -100.00000 
 0.00235 -0.07466 
-100.00000 -100.00000 
-100.00000 -100.00000 
-100.00000 -100.00000 
 0.00025 -100.00000 
-100.00000 -100.00000 
-100.00000 -100.00000 
 0.00000  0.00000 
-100.00000 -0.19171 
-100.00000 -100.00000 
-0.00033 -100.00000 
-100.00000 -100.00000 
-100.00000 -100.00000 
 0.01688 -0.18113 
-100.00000  0.00008 
-100.00000 -100.00000 
-100.00000 -100.00000 
-0.18961  0.16106 
-100.00000 -100.00000 
-0.23172 -100.00000 
