-100.00000 -100.00000 
-100.00000 -0.53033 
-100.00000 -100.00000 
-100.00000 -100.00000 
-0.09419 -100.00000 
-0.15876 -100.00000 
 0.49150 -0.03123 
-100.00000 -100.00000 
 0.01493 -100.00000 
-100.00000 -100.00000 
 0.46947 -100.00000 
 0.00000  0.00000 
-100.00000 -100.00000 
-100.00000 -100.00000 
-100.00000 -100.00000 
-100.00000 -100.00000 
-100.00000 -100.00000 
-100.00000 -100.00000 
-0.64663 -100.00000 
-100.00000 -100.00000 
-100.00000 -100.00000 
-100.00000 -100.00000 
-100.00000 -100.00000 
-100.00000  0.84803 
-100.00000 -100.00000 
-100.00000 -100.00000 
-100.00000 -100.00000 
-100.00000 -100.00000 
-100.00000 -100.00000 
-100.00000 -100.00000 
-100.00000 -100.00000 
-100.00000 -100.00000 
-100.00000 -100.00000 
-100.00000 -100.00000 
-100.00000 -100.00000 
-100.00000 -100.00000 
-0.26642 -0.05365 
-100.00000 -100.00000 
-100.00000 -100.00000 
-100.00000 -100.00000 
-100.00000 -100.00000 
-100.00000 -100.00000 
-100.00000 -100.00000 
-100.00000 -100.00000 
-100.00000 -100.00000 
-100.00000 -100.00000 
-100.00000  0.04196 
-100.00000 -100.00000 
-100.00000 -100.00000 
-0.25331 -0.06660 
-100.00000 -100.00000 
-100.00000 -100.00000 
-100.00000  0.23059 
-100.00000 -100.00000 
-100.00000 -100.00000 
-100.00000  0.00003 
-100.00000 -100.00000 
-100.00000 -100.00000 
-100.00000 -100.00000 
-100.00000 -100.00000 
-100.00000  0.13763 
-100.00000  0.33874 
-100.00000 -100.00000 
-100.00000 -100.00000 
-100.00000 -100.00000 
-100.00000 -100.00000 
-100.00000 -100.00000 
-100.00000 -100.00000 
-100.00000  0.51947 
 0.13330 -100.00000 
-100.00000 -100.00000 
-100.00000 -100.00000 
-100.00000 -100.00000 
 0.45453 -100.00000 
-100.00000 -100.00000 
-100.00000 -100.00000 
-100.00000 -100.00000 
 0.03602 -0.54706 
-100.00000 -0.28900 
-100.00000 -100.00000 
-100.00000 -100.00000 
-100.00000 -100.00000 
 0.24919 -0.15896 
-0.29381  0.10486 
-100.00000 -100.00000 
-0.11018 -100.00000 
-100.00000 -100.00000 
-100.00000 -100.00000 
 0.29290 -0.03830 
-0.26139 -100.00000 
-100.00000 -0.00048 
-100.00000 -100.00000 
-100.00000 -100.00000 
-0.15898  0.33281 
-100.00000 -100.00000 
-100.00000 -100.00000 
-100.00000 -100.00000 
-100.00000 -100.00000 
-100.00000 -100.00000 
-100.00000 -0.56239 
-100.00000 -100.00000 
-100.00000 -100.00000 
-100.00000 -100.00000 
 0.10510 -0.03476 
-100.00000 -100.00000 
-100.00000 -100.00000 
-100.00000 -100.00000 
-100.00000 -100.00000 
-100.00000 -100.00000 
-100.00000 -100.00000 
-100.00000 -100.00000 
 0.23453  0.14068 
-0.52746  0.04338 
-100.00000 -100.00000 
-100.00000 -100.00000 
-100.00000 -100.00000 
-100.00000 -100.00000 
-100.00000 -100.00000 
-0.66658 -0.14990 
-100.00000 -100.00000 
-100.00000 -100.00000 
-100.00000 -100.00000 
-0.74654 -100.00000 
-100.00000 -100.00000 
-100.00000 -100.00000 
-100.00000 -100.00000 
-100.00000 -100.00000 
-0.18479 -0.32847 
-100.00000 -100.00000 
-100.00000 -100.00000 
 0.00000  0.00000 
-100.00000 -100.00000 
-100.00000 -100.00000 
 0.00000  0.00000 
-100.00000 -100.00000 
-1.28351 -0.22869 
-100.00000 -100.00000 
-100.00000 -100.00000 
-0.73472 -100.00000 
-0.18855 -0.14857 
-100.00000 -100.00000 
-100.00000 -100.00000 
-1.10912 -0.52573 
-100.00000 -100.00000 
 0.00000  0.00000 
-100.00000 -0.23827 
-100.00000 -100.00000 
-100.00000 -100.00000 
-100.00000 -100.00000 
-0.71302 -0.34907 
-100.00000 -100.00000 
-0.19981 -0.26849 
-0.23872 -1.01323 
-0.17095 -0.36453 
-100.00000  0.07804 
-100.00000 -100.00000 
-0.39591 -0.33978 
-100.00000 -100.00000 
-100.00000 -100.00000 
 0.00000  0.00000 
-100.00000 -0.02488 
-100.00000 -100.00000 
-100.00000 -100.00000 
-100.00000 -100.00000 
-100.00000 -100.00000 
-100.00000 -100.00000 
-100.00000 -100.00000 
-100.00000 -100.00000 
-100.00000 -100.00000 
-100.00000 -0.00023 
 0.27679 -100.00000 
-100.00000 -100.00000 
-0.20241 -100.00000 
 0.32984 -0.01358 
-100.00000 -100.00000 
-0.43664 -0.79394 
 0.60550 -100.00000 
-100.00000 -100.00000 
-100.00000 -100.00000 
 0.43900 -0.14629 
-100.00000 -100.00000 
 0.35107  0.29673 
-100.00000 -100.00000 
-0.00014 -100.00000 
-100.00000 -0.06526 
-100.00000 -100.00000 
-100.00000 -100.00000 
-100.00000 -100.00000 
-100.00000 -100.00000 
-100.00000 -100.00000 
-100.00000 -100.00000 
-100.00000 -100.00000 
-100.00000 -100.00000 
-100.00000 -100.00000 
-100.00000 -100.00000 
-100.00000 -100.00000 
-100.00000 -100.00000 
-100.00000 -100.00000 
-100.00000 -100.00000 
-100.00000 -100.00000 
 0.62830 -100.00000 
-100.00000 -100.00000 
-100.00000 -100.00000 
-100.00000 -100.00000 
-100.00000 -100.00000 
-1.16726 -100.00000 
 0.10449 -0.07994 
-100.00000 -100.00000 
-100.00000 -0.26679 
-100.00000 -100.00000 
-0.04952 -100.00000 
-100.00000 -100.00000 
-100.00000 -100.00000 
-100.00000 -100.00000 
-0.01966 -0.54966 
-100.00000 -0.16175 
-100.00000 -100.00000 
-1.00121 -100.00000 
-100.00000 -100.00000 
-0.00077 -100.00000 
-100.00000 -0.00212 
-0.13076 -100.00000 
-0.41489  0.45295 
-100.00000 -100.00000 
-100.00000 -100.00000 
 0.00000  0.00000 
-100.00000  0.26297 
-100.00000 -100.00000 
 0.05844 -0.12190 
-0.81051 -100.00000 
 0.33588 -0.12189 
-0.37153 -0.64900 
-100.00000 -100.00000 
-0.48441 -100.00000 
-1.81357  0.13682 
-100.00000 -100.00000 
-0.74741 -100.00000 
-100.00000 -100.00000 
-100.00000 -100.00000 
-100.00000 -100.00000 
-100.00000 -100.00000 
-100.00000 -100.00000 
-100.00000 -100.00000 
-100.00000 -100.00000 
-100.00000 -100.00000 
-100.00000 -100.00000 
-100.00000 -100.00000 
-100.00000 -100.00000 
-0.26518 -100.00000 
-100.00000 -100.00000 
-100.00000  0.31952 
-100.00000 -100.00000 
-0.26496 -100.00000 
-100.00000 -100.00000 
-100.00000 -100.00000 
-100.00000 -100.00000 
 0.44221 -100.00000 
 0.00000  0.00000 
-100.00000 -100.00000 
-100.00000 -100.00000 
-100.00000 -100.00000 
-100.00000 -100.00000 
-100.00000 -100.00000 
-100.00000 -100.00000 
-100.00000 -100.00000 
-100.00000 -100.00000 
-100.00000 -100.00000 
-100.00000 -100.00000 
-100.00000  0.22414 
-100.00000 -100.00000 
 0.00000  0.00000 
-100.00000 -100.00000 
-100.00000 -100.00000 
-100.00000 -100.00000 
-100.00000 -100.00000 
-100.00000 -100.00000 
 0.00000  0.00000 
-1.31225  0.99864 
-0.69895 -0.06873 
-100.00000 -100.00000 
 0.31327 -0.25915 
 0.11779 -0.24649 
-100.00000 -100.00000 
-100.00000 -100.00000 
-100.00000 -100.00000 
-100.00000 -100.00000 
-100.00000 -0.00007 
 0.21418  0.13800 
-100.00000  0.08710 
-100.00000 -100.00000 
-100.00000 -100.00000 
-0.00001 -100.00000 
-100.00000 -100.00000 
 0.13942  0.04186 
-100.00000 -100.00000 
-100.00000 -100.00000 
-100.00000 -100.00000 
-100.00000 -100.00000 
-100.00000 -100.00000 
-100.00000 -100.00000 
-100.00000 -100.00000 
-100.00000 -100.00000 
-100.00000 -100.00000 
-100.00000 -100.00000 
-100.00000 -100.00000 
 0.11218  0.02198 
-100.00000 -100.00000 
 0.00000  0.00000 
-100.00000 -100.00000 
-100.00000 -100.00000 
-100.00000 -100.00000 
-100.00000 -100.00000 
-100.00000 -100.00000 
-0.18562  0.07741 
-0.23668 -100.00000 
-100.00000 -100.00000 
-100.00000 -100.00000 
-100.00000 -0.16269 
-0.33860  0.48544 
-100.00000 -100.00000 
-100.00000 -100.00000 
-0.03543  0.32192 
-0.00877 -0.06450 
-100.00000 -100.00000 
-100.00000 -100.00000 
-0.01417 -100.00000 
-100.00000 -100.00000 
-100.00000 -100.00000 
-100.00000 -100.00000 
-100.00000 -100.00000 
-100.00000 -100.00000 
-100.00000 -100.00000 
-100.00000 -100.00000 
-100.00000 -100.00000 
-100.00000 -100.00000 
-100.00000 -100.00000 
-100.00000 -100.00000 
-100.00000 -100.00000 
-0.32502 -0.25896 
-100.00000 -100.00000 
-100.00000 -100.00000 
-0.24781 -100.00000 
-100.00000 -100.00000 
-100.00000 -100.00000 
-100.00000 -100.00000 
 0.00000  0.00000 
-100.00000 -100.00000 
-100.00000 -100.00000 
-100.00000 -100.00000 
-100.00000 -100.00000 
-100.00000 -100.00000 
 0.00000  0.00000 
-100.00000 -100.00000 
-100.00000 -100.00000 
-100.00000 -100.00000 
-100.00000 -100.00000 
-100.00000 -100.00000 
-100.00000 -100.00000 
-100.00000 -100.00000 
-100.00000 -100.00000 
-100.00000 -100.00000 
-100.00000 -100.00000 
-100.00000 -100.00000 
-0.00001 -100.00000 
-100.00000 -100.00000 
-100.00000 -100.00000 
-0.00800 -100.00000 
-100.00000 -100.00000 
 0.49439 -0.65191 
-100.00000 -100.00000 
-100.00000 -100.00000 
-100.00000 -100.00000 
-100.00000 -0.43000 
-100.00000 -100.00000 
-100.00000 -100.00000 
-100.00000 -100.00000 
-100.00000 -100.00000 
 0.13752 -100.00000 
-100.00000 -100.00000 
-100.00000 -100.00000 
-100.00000  0.73904 
-100.00000 -100.00000 
-100.00000 -100.00000 
-100.00000 -100.00000 
-100.00000 -100.00000 
-100.00000 -100.00000 
-100.00000 -100.00000 
-100.00000 -100.00000 
-100.00000 -100.00000 
 0.25337 -100.00000 
-100.00000 -100.00000 
-100.00000 -100.00000 
-100.00000 -100.00000 
-100.00000 -100.00000 
-100.00000 -100.00000 
-100.00000 -100.00000 
-100.00000 -100.00000 
-0.22733 -100.00000 
-100.00000 -100.00000 
-100.00000 -100.00000 
-100.00000 -100.00000 
 1.08704 -0.00001 
-100.00000 -100.00000 
-100.00000  0.35351 
-100.00000 -100.00000 
 0.00000  0.00000 
-100.00000 -100.00000 
-100.00000 -100.00000 
-100.00000 -100.00000 
-100.00000 -100.00000 
-100.00000 -100.00000 
-100.00000 -100.00000 
 0.00000  0.00000 
-100.00000 -100.00000 
-0.41324  0.12953 
 0.43495 -0.24422 
-100.00000 -100.00000 
 0.00008 -0.25606 
-100.00000 -100.00000 
-100.00000 -100.00000 
-100.00000 -100.00000 
-100.00000 -100.00000 
-100.00000 -100.00000 
-100.00000 -100.00000 
-100.00000 -100.00000 
-100.00000 -100.00000 
-100.00000 -100.00000 
-100.00000 -100.00000 
-100.00000 -100.00000 
-100.00000 -100.00000 
 0.00000  0.00000 
-100.00000 -100.00000 
-100.00000 -100.00000 
-100.00000 -100.00000 
-100.00000 -100.00000 
-100.00000 -100.00000 
 0.23514 -100.00000 
-100.00000 -100.00000 
-100.00000 -100.00000 
-100.00000 -100.00000 
-0.39450 -0.09363 
-0.00637  0.13748 
-100.00000 -100.00000 
-100.00000 -100.00000 
-100.00000  0.13742 
-100.00000 -100.00000 
-100.00000 -100.00000 
-100.00000 -100.00000 
-100.00000 -100.00000 
-100.00000 -100.00000 
-100.00000 -100.00000 
-100.00000 -100.00000 
 0.00000  0.00000 
-100.00000 -100.00000 
-100.00000 -100.00000 
-100.00000 -100.00000 
-100.00000 -100.00000 
-100.00000 -100.00000 
-100.00000 -100.00000 
-100.00000 -100.00000 
-100.00000 -100.00000 
-100.00000 -100.00000 
-100.00000 -100.00000 
-100.00000 -100.00000 
-100.00000 -100.00000 
-100.00000 -100.00000 
-100.00000 -100.00000 
-100.00000 -100.00000 
-100.00000 -100.00000 
-100.00000 -100.00000 
-100.00000 -100.00000 
-100.00000 -100.00000 
-100.00000 -100.00000 
 0.38101  0.78768 
-100.00000 -100.00000 
-100.00000 -0.15964 
-100.00000  0.26317 
-100.00000 -100.00000 
-100.00000 -100.00000 
-100.00000 -100.00000 
 0.00000  0.00000 
-100.00000 -100.00000 
 0.00000  0.00000 
 0.00005  0.05257 
-100.00000 -100.00000 
-100.00000 -100.00000 
-100.00000 -100.00000 
-100.00000 -100.00000 
-100.00000 -100.00000 
-100.00000 -100.00000 
-0.27387 -0.28535 
-100.00000 -100.00000 
-100.00000 -100.00000 
-100.00000 -100.00000 
-100.00000 -100.00000 
-100.00000 -100.00000 
-0.47098 -0.09680 
-100.00000 -100.00000 
-1.63381 -100.00000 
-100.00000 -100.00000 
-100.00000 -0.02167 
 0.11956 -100.00000 
-100.00000 -100.00000 
-0.00036 -100.00000 
 0.28494 -100.00000 
-0.47268 -100.00000 
-100.00000 -100.00000 
-0.50402 -100.00000 
-100.00000 -100.00000 
-0.00083 -0.05945 
-0.62515 -100.00000 
-100.00000  0.05248 
-100.00000 -0.01245 
-100.00000  0.05232 
 0.57376 -100.00000 
-100.00000 -100.00000 
-100.00000 -100.00000 
 0.29639 -0.60618 
-100.00000 -100.00000 
-0.39389 -100.00000 
-100.00000 -100.00000 
-100.00000 -100.00000 
-100.00000 -100.00000 
 0.00075 -100.00000 
-0.15250 -100.00000 
-1.02788 -100.00000 
-100.00000 -100.00000 
-100.00000 -100.00000 
-100.00000 -100.00000 
-0.00009 -100.00000 
-100.00000 -100.00000 
 0.33844 -0.04511 
-0.00704  0.00010 
-100.00000 -100.00000 
-100.00000 -100.00000 
 0.26287 -0.15602 
-100.00000 -100.00000 
-100.00000 -100.00000 
-100.00000 -100.00000 
-100.00000 -100.00000 
-100.00000  0.26290 
-0.02250 -100.00000 
-0.02407 -100.00000 
 0.13749  0.21960 
-0.13704 -0.40032 
-100.00000 -100.00000 
-100.00000 -100.00000 
-100.00000 -100.00000 
-0.36665  0.42564 
 0.55671 -100.00000 
 0.00000  0.00000 
-100.00000 -100.00000 
-100.00000 -100.00000 
-0.46930 -100.00000 
-0.11336 -100.00000 
-100.00000 -100.00000 
-100.00000 -100.00000 
-100.00000 -0.19023 
-100.00000 -100.00000 
-100.00000 -100.00000 
 0.28489 -100.00000 
-100.00000 -0.55291 
-100.00000 -100.00000 
-0.43875  0.48547 
-100.00000 -0.40038 
