 0.42028  0.27605 
-0.26932 -0.36595 
 0.39798 -0.24239 
-0.33530 -0.41243 
 0.08044 -100.00000 
 0.31552  0.13753 
 0.00000  0.00000 
 0.11818 -0.55272 
 1.32212  0.21297 
-0.11871 -0.02160 
 0.07045 -0.42049 
-1.07955  0.38573 
 0.00000  0.00000 
-0.09964 -0.08770 
 0.26310  0.76856 
-100.00000 -100.00000 
 0.28493  0.05381 
-0.14100  0.00002 
-0.40031 -0.02111 
-0.10311 -0.00061 
-100.00000 -100.00000 
-0.36013  0.14855 
-0.12431  0.37843 
-100.00000 -0.02168 
-0.00011 -100.00000 
-0.49925 -0.62182 
-100.00000 -100.00000 
-100.00000 -100.00000 
 0.00008 -100.00000 
-100.00000  0.00000 
-0.00775 -100.00000 
-0.23465 -0.00007 
 0.00000  0.00000 
-100.00000 -100.00000 
-100.00000 -100.00000 
-0.52096 -0.09520 
-0.25036 -100.00000 
-100.00000 -100.00000 
-100.00000 -100.00000 
-100.00000 -100.00000 
 0.00000  0.00000 
 0.41274  0.14385 
 0.00000  0.00000 
-100.00000 -100.00000 
-100.00000 -100.00000 
-100.00000 -0.00000 
 0.00000  0.00000 
-100.00000 -100.00000 
-100.00000 -100.00000 
-0.01018 -100.00000 
 0.33399 -100.00000 
-0.15866  0.61594 
-0.15558 -100.00000 
-100.00000 -100.00000 
-100.00000 -100.00000 
 0.26295 -0.01571 
-0.64998 -100.00000 
-100.00000 -100.00000 
-0.28017  0.26301 
-100.00000 -0.00012 
-0.39368  0.52085 
-100.00000 -100.00000 
-0.00407 -0.15850 
-0.01060 -0.24048 
 0.21029 -0.51856 
-100.00000 -100.00000 
-100.00000  0.13736 
 0.25294 -0.99102 
-0.38900 -0.28767 
 0.31521  0.37843 
-0.00078 -100.00000 
-100.00000 -100.00000 
-100.00000 -100.00000 
-0.28333  0.46773 
 0.08267  0.07195 
 0.37851  0.28269 
-100.00000 -100.00000 
-0.11881 -100.00000 
-0.20751  0.26306 
-0.38788  0.07599 
-100.00000 -100.00000 
-100.00000 -100.00000 
-0.26945  0.42600 
-100.00000 -100.00000 
-0.14108 -0.00011 
 0.02264 -0.08757 
-0.38751 -0.15922 
-0.09670  0.26306 
-0.79323  0.10784 
 0.48532  0.37166 
-0.07807 -0.43339 
-0.29679 -100.00000 
-100.00000 -100.00000 
-100.00000 -100.00000 
-100.00000 -100.00000 
-0.54415  0.31081 
 0.00000  0.00000 
 0.26302  0.13745 
 0.28491 -0.02497 
-0.81556 -100.00000 
 0.22374 -100.00000 
-0.75084 -100.00000 
-0.14570 -0.14889 
-0.88096 -0.73279 
-100.00000 -0.26501 
 0.24794 -0.14579 
-100.00000 -100.00000 
-100.00000 -100.00000 
-100.00000 -100.00000 
-0.13607  0.33400 
 0.18579 -0.25662 
-100.00000 -0.00426 
 0.25889  0.15651 
-100.00000 -100.00000 
 0.00242 -100.00000 
 0.28416  0.07259 
-0.13610 -100.00000 
-100.00000 -100.00000 
-0.00028  0.00001 
-100.00000  0.09034 
-100.00000 -100.00000 
-100.00000 -0.28798 
 0.84838  0.38986 
-0.26133  0.26301 
 0.00000  0.00000 
-0.07654 -0.41003 
-100.00000 -100.00000 
-0.20227  0.69690 
 0.12680 -0.15033 
-100.00000 -100.00000 
-0.21880  0.37854 
-0.12281 -100.00000 
-0.59898 -0.20263 
-0.37522 -100.00000 
-100.00000 -100.00000 
-0.33798 -0.02547 
-0.21352  0.26510 
-0.53572  0.53093 
-0.31836 -100.00000 
-100.00000 -100.00000 
-0.13652 -0.01334 
-100.00000 -100.00000 
 0.76508 -100.00000 
-100.00000 -100.00000 
 0.19204  0.29690 
-0.54949 -0.68181 
-0.25439 -100.00000 
 0.00000  0.00000 
-100.00000 -100.00000 
 0.00000  0.00000 
-100.00000 -100.00000 
-100.00000 -100.00000 
-0.59115 -0.23890 
-0.10618 -0.53940 
-0.35783  0.64722 
-0.48254  0.26302 
-0.26481 -0.21802 
-0.67533 -100.00000 
-100.00000 -100.00000 
-100.00000 -0.38804 
-100.00000 -100.00000 
-100.00000 -100.00000 
-100.00000 -100.00000 
 0.51678 -100.00000 
 0.00139 -100.00000 
-100.00000 -100.00000 
-0.05081 -0.57108 
-100.00000 -100.00000 
-0.42721 -0.66795 
-0.99493 -100.00000 
 0.34116 -0.14880 
 0.09256  0.04306 
-0.13084 -0.38320 
-100.00000 -100.00000 
-0.15686 -100.00000 
-0.53930 -0.15074 
 0.03487 -0.03700 
 0.08030 -100.00000 
 0.05242 -0.15137 
-1.22387  0.47749 
-100.00000 -100.00000 
 0.00000  0.00000 
-100.00000 -100.00000 
-0.26069 -100.00000 
-0.67296 -100.00000 
 0.00118 -0.02481 
-0.23337  0.37848 
-1.16147 -0.65057 
 0.00000  0.00000 
-100.00000 -100.00000 
 0.00000  0.00000 
 0.23761 -0.00827 
-100.00000 -100.00000 
 0.10865  0.48545 
 0.00000  0.00000 
-100.00000 -100.00000 
-100.00000 -0.13996 
-100.00000 -100.00000 
-0.00036 -100.00000 
-100.00000 -100.00000 
-100.00000 -100.00000 
-0.64011  0.21833 
 0.12232 -0.26720 
-100.00000 -100.00000 
-0.19522 -0.33044 
-100.00000  0.31797 
 0.13732 -0.12952 
-100.00000 -100.00000 
-0.13166 -100.00000 
-0.28057 -0.53261 
-100.00000  0.21835 
-0.36958 -0.49829 
-0.18725 -0.41457 
-0.72522 -0.29067 
 0.00000  0.00000 
-0.93103 -0.14006 
 0.00000  0.00000 
-0.31691 -0.38598 
-100.00000 -100.00000 
-0.59062 -100.00000 
-0.38750  0.13745 
-0.45716 -0.00003 
-0.05963 -100.00000 
-0.00637  0.10159 
-0.14076 -0.00223 
-0.92021  0.09140 
-0.11818 -0.08144 
-0.72345  0.05018 
 0.45417 -0.07658 
-0.36105  0.14905 
 0.02977 -0.01961 
-0.34181 -0.21319 
-100.00000 -100.00000 
 2.00049 -0.28647 
-1.00856 -0.55791 
 0.00000  0.00000 
-0.50591 -100.00000 
-0.14087 -100.00000 
 0.12174 -100.00000 
 0.12094 -100.00000 
-100.00000 -100.00000 
-100.00000 -100.00000 
-0.54922  0.54799 
 0.07372 -0.24285 
-100.00000 -100.00000 
-100.00000 -100.00000 
-100.00000 -100.00000 
 0.15529 -0.12394 
-0.08665  0.00039 
-0.25790  0.66033 
 0.63794 -0.38179 
-0.00006 -0.13574 
 0.12106  0.11483 
 0.13721 -0.24213 
-0.64013 -0.00044 
 0.09323  0.29612 
-0.91476  0.25459 
 0.08851 -0.00869 
-0.98307  0.07327 
-0.01999  0.03995 
-0.14103 -100.00000 
 0.13750 -0.38344 
-100.00000 -100.00000 
-0.49619  0.26305 
 0.13740 -0.23553 
 0.35912  0.12720 
-100.00000 -100.00000 
-0.79985 -0.10148 
-100.00000 -100.00000 
-0.22542  0.06754 
-0.12526 -100.00000 
 0.02088 -0.01851 
-0.44501  0.40467 
-0.74034 -0.77588 
-0.00011 -100.00000 
-0.20697 -0.22964 
-0.49796  0.12143 
-0.15100 -0.11066 
 0.00011 -100.00000 
-0.78149  0.26319 
 0.08818 -0.34989 
-0.42632 -0.01233 
-0.13448  0.45065 
 0.13731 -100.00000 
 0.19664 -100.00000 
 0.29623  0.63978 
-0.00012 -0.40372 
-0.45486  0.20221 
-0.52891 -100.00000 
-0.10866  0.17503 
-0.00010 -100.00000 
-100.00000 -100.00000 
-100.00000 -100.00000 
 1.22689 -0.28612 
-100.00000 -100.00000 
-100.00000 -100.00000 
-100.00000 -100.00000 
-100.00000 -100.00000 
 0.71713  0.19393 
 0.12834 -0.02600 
 0.06207 -0.27904 
-0.90301  0.33581 
 0.78101 -0.30581 
-100.00000 -100.00000 
-0.16921  0.69819 
 0.13744 -100.00000 
-100.00000 -100.00000 
-100.00000 -100.00000 
-100.00000 -100.00000 
-100.00000 -100.00000 
 0.02364 -0.20898 
-100.00000 -100.00000 
-100.00000 -100.00000 
 0.00000  0.00000 
-0.97461 -0.70747 
-0.27940  0.44111 
-0.09829 -0.17256 
 0.76603  0.21137 
-100.00000 -100.00000 
-100.00000 -100.00000 
-0.39228 -0.48357 
-100.00000 -100.00000 
 0.00000  0.00000 
-100.00000 -100.00000 
-100.00000 -100.00000 
-100.00000  0.20805 
-100.00000 -100.00000 
-100.00000 -0.04528 
 0.00111 -0.00003 
 0.10402  0.06745 
 0.00000  0.00000 
-100.00000 -100.00000 
-0.26251  0.32557 
-0.11364  0.21757 
-100.00000 -100.00000 
-100.00000 -100.00000 
 0.14644 -0.03447 
-100.00000 -100.00000 
 0.06471 -100.00000 
-0.11552 -0.24041 
-100.00000 -100.00000 
-100.00000 -100.00000 
-100.00000 -100.00000 
-0.44349  0.07040 
-0.56768  0.04660 
-0.60918 -0.17087 
-0.61900 -100.00000 
-0.37365  0.63065 
 0.17916 -0.27397 
-0.38108 -0.34618 
 0.22302  0.67807 
-0.25832  0.00006 
 0.36337  0.38064 
 0.36899 -0.29609 
 0.26297 -0.44239 
-100.00000  0.06826 
-100.00000 -100.00000 
-0.00030  0.49946 
-0.21412  0.09985 
 0.52168 -0.06784 
 0.11248  0.05047 
-0.13478 -100.00000 
 0.13759  0.13759 
-100.00000 -100.00000 
-100.00000 -100.00000 
-100.00000 -0.18020 
-100.00000 -100.00000 
 0.00002 -100.00000 
-0.43706 -0.44357 
 0.34698  0.12877 
-100.00000 -100.00000 
-0.47673 -0.18064 
-100.00000 -100.00000 
-100.00000  0.26309 
 0.00504 -0.50132 
 0.12060 -0.18026 
-100.00000 -100.00000 
 0.07085 -0.25347 
-0.02262  0.08337 
 0.00294 -0.02599 
 0.40022  0.50871 
-0.14293 -0.11775 
-100.00000 -100.00000 
-100.00000 -100.00000 
-0.14896 -0.00007 
 0.43869  0.00372 
 0.59591  0.22842 
-0.24902 -0.17136 
 0.22814 -100.00000 
 0.71352  0.09975 
-0.05603 -0.12958 
-100.00000 -100.00000 
-100.00000 -100.00000 
-100.00000 -100.00000 
 0.00000  0.00000 
-100.00000 -100.00000 
 0.13755 -100.00000 
 0.00000  0.00000 
-0.02886  0.12454 
-100.00000  0.13744 
-0.37013 -0.11674 
-0.27877  0.34756 
-100.00000 -100.00000 
-0.36853 -0.32906 
 0.26279  0.13775 
-0.04639 -0.16290 
-100.00000 -100.00000 
-0.76392 -0.16299 
 0.00000  0.00000 
-0.47120 -100.00000 
-0.28651 -100.00000 
-0.63309  0.23921 
-0.14896 -100.00000 
-100.00000 -100.00000 
-0.28577  0.37283 
 0.33489  0.12947 
-100.00000 -0.11833 
-100.00000 -100.00000 
-100.00000 -100.00000 
-0.35510 -0.09333 
-100.00000 -100.00000 
-100.00000 -100.00000 
-0.41080 -0.33581 
-100.00000 -100.00000 
-100.00000  0.00983 
-100.00000 -100.00000 
 0.00000  0.00000 
-0.15115 -100.00000 
 0.09196 -0.60060 
 0.10408 -100.00000 
-0.37186 -0.05886 
-100.00000 -100.00000 
-100.00000  0.13764 
-0.57022 -0.41319 
-100.00000 -100.00000 
-100.00000 -100.00000 
-100.00000 -100.00000 
-100.00000 -100.00000 
 0.40606 -0.01702 
 0.13746 -100.00000 
-0.38822 -100.00000 
 0.14517 -100.00000 
 0.00000  0.00000 
 0.00011 -100.00000 
-100.00000 -0.00008 
-100.00000 -100.00000 
-100.00000 -100.00000 
-0.41075 -100.00000 
-100.00000 -100.00000 
-100.00000 -100.00000 
 0.13751 -100.00000 
-0.15049  0.11277 
-100.00000 -0.11762 
-100.00000 -100.00000 
-0.01266  0.13741 
 0.94722 -0.07558 
-100.00000 -100.00000 
 0.00000  0.00000 
-100.00000 -100.00000 
 0.11289 -100.00000 
-100.00000 -100.00000 
-100.00000 -100.00000 
-0.28634 -0.11837 
 0.26318 -100.00000 
 0.00000  0.00000 
-100.00000 -100.00000 
 0.24784  0.00990 
-0.14252  0.02287 
-1.72384 -0.19251 
-0.06556 -0.13356 
-100.00000 -100.00000 
-100.00000 -100.00000 
-0.72550  0.93131 
-0.62510 -0.43074 
 0.38209 -0.00007 
 0.63536 -0.50411 
-0.00014  0.00013 
-100.00000 -100.00000 
-0.09438  0.28228 
-100.00000 -100.00000 
-0.23263 -0.17432 
-0.22514  0.15156 
-0.23376 -0.29587 
-100.00000 -100.00000 
-100.00000 -100.00000 
-0.04380 -100.00000 
-100.00000 -100.00000 
-100.00000  0.26311 
-100.00000 -100.00000 
 0.07777  0.26283 
-100.00000 -100.00000 
 0.02151  0.46194 
 0.01698 -0.17045 
-100.00000 -100.00000 
 0.00000  0.00000 
-100.00000 -100.00000 
-1.37374 -0.62230 
 0.24640 -0.18403 
-0.73270 -0.08102 
-100.00000 -100.00000 
-0.68745 -0.50241 
-0.19805 -100.00000 
 0.53047 -100.00000 
 0.14231  0.26269 
-100.00000 -100.00000 
 0.23825  0.24510 
-0.34507 -0.28112 
-0.16870 -0.17519 
-0.12889 -0.26410 
-0.45694  0.13773 
-0.41224 -0.28949 
-0.86693  0.18125 
-0.00015 -0.04777 
-0.33580 -100.00000 
-0.33882 -0.07780 
-0.71528  0.26294 
-0.38562 -0.36628 
 0.18324  0.01987 
 0.00000  0.00000 
 0.14282  0.12560 
-0.20919  0.07616 
-0.16814  0.12622 
-0.42480  0.10398 
-0.67297  0.18304 
-100.00000  0.22868 
 0.00000  0.00000 
-0.24519 -100.00000 
-100.00000 -0.00037 
-0.59864 -0.14009 
-100.00000 -100.00000 
 0.29453 -0.03712 
-0.50360  0.22537 
-100.00000 -100.00000 
-100.00000 -100.00000 
-100.00000 -100.00000 
 0.00000  0.00000 
 0.16306  0.03405 
-0.12063  0.26291 
-100.00000 -0.10301 
 0.11696  0.50243 
 0.00000  0.00000 
-0.38551 -0.28004 
-100.00000  0.26302 
 0.00000  0.00000 
-0.00013 -100.00000 
-100.00000 -100.00000 
-0.25916 -0.16404 
-0.02295  0.31068 
 0.78951 -0.12609 
-100.00000 -0.16285 
 0.06309  0.24521 
-100.00000 -100.00000 
 0.84306 -0.05986 
-0.90429 -100.00000 
 0.03100  0.55579 
-0.58564 -0.86206 
-100.00000  0.26315 
 0.16108 -0.02184 
-0.16854  0.21922 
 0.05394  0.26311 
-0.66551 -0.33179 
 0.51543  0.13749 
-0.22494  0.44989 
-100.00000 -100.00000 
 1.14257  0.18459 
