-100.00000 -100.00000 
-100.00000  0.71705 
 0.00000  0.00000 
-0.09130  0.37322 
 0.03807  0.29592 
-0.09476  0.00004 
 1.90856  0.65198 
-0.12922 -100.00000 
-100.00000  0.37871 
-100.00000  0.12171 
 0.00000  0.00000 
-100.00000  0.01317 
-0.36895 -0.54748 
 0.00000  0.00000 
 0.36587 -0.22510 
 0.13376 -0.77998 
 0.00000  0.00000 
-0.00004 -100.00000 
 0.38639 -0.01018 
-100.00000 -100.00000 
-100.00000 -100.00000 
-100.00000 -100.00000 
-100.00000 -100.00000 
-100.00000 -100.00000 
 1.00841 -1.08605 
 0.00000  0.00000 
-100.00000 -100.00000 
-100.00000 -100.00000 
 0.30572 -0.25000 
 0.21367  0.37727 
 0.13317 -100.00000 
-0.06093 -0.64282 
 0.17843  0.05501 
-100.00000 -100.00000 
 0.20416  0.60386 
 0.12524 -100.00000 
-100.00000 -100.00000 
 0.22733 -0.13206 
-100.00000 -100.00000 
-100.00000 -100.00000 
 0.03379 -0.23378 
 0.00000  0.00000 
 0.42479 -0.01629 
 0.48870  0.11384 
-100.00000 -100.00000 
 0.00004 -100.00000 
-0.33236 -0.27748 
-100.00000 -100.00000 
-100.00000 -0.00003 
-100.00000 -0.00001 
-0.37272  0.31125 
 0.13318 -0.83689 
-0.21267  0.84332 
 0.13756 -100.00000 
-100.00000 -100.00000 
 0.22843 -100.00000 
-0.33059 -1.14476 
-100.00000 -100.00000 
 0.00012 -100.00000 
 0.58471 -0.33970 
-100.00000 -100.00000 
 0.21716 -0.00712 
-100.00000 -100.00000 
-0.40647 -0.00491 
 0.00000  0.00000 
-0.25041 -100.00000 
-100.00000 -100.00000 
 0.46604 -0.39663 
-100.00000 -100.00000 
-0.95565 -0.25429 
-0.11065 -0.98433 
-100.00000 -100.00000 
 0.12760  0.12163 
-100.00000 -100.00000 
-0.10889 -0.20461 
 0.12765 -0.11824 
-100.00000 -100.00000 
-100.00000 -100.00000 
-100.00000 -100.00000 
-0.24803  0.37842 
-0.22035 -100.00000 
-100.00000 -100.00000 
-0.05943  0.27994 
-100.00000 -100.00000 
-100.00000  0.37854 
-0.35733 -0.31873 
-100.00000 -100.00000 
 0.46672  0.23717 
-0.52744 -0.19197 
 0.00000  0.00000 
 0.46866 -0.13272 
-0.22037  0.29006 
-100.00000 -100.00000 
 0.12113  0.10864 
-100.00000 -100.00000 
-100.00000 -100.00000 
 0.72536  0.61582 
-100.00000 -100.00000 
-0.70295 -0.09255 
-0.29587 -0.54124 
-0.73536 -0.23057 
 0.11966  0.49034 
 0.14656 -0.10287 
-0.04291  0.62483 
-100.00000 -100.00000 
 0.00000  0.00000 
-100.00000 -100.00000 
-100.00000 -100.00000 
-100.00000 -100.00000 
-100.00000 -0.26039 
 0.26292  0.12696 
-100.00000 -100.00000 
-0.62820  0.24486 
-0.53303 -0.21844 
-0.16193 -0.70667 
 0.04760 -0.81015 
-100.00000 -100.00000 
-100.00000 -100.00000 
-100.00000 -100.00000 
-100.00000  0.13755 
-100.00000 -100.00000 
-100.00000 -100.00000 
-100.00000  0.76311 
-0.04359 -0.10376 
-0.26727 -0.17430 
-0.28497 -0.26093 
-0.08500  0.36964 
 0.10177  0.30758 
-0.04321 -100.00000 
-100.00000 -100.00000 
-100.00000 -100.00000 
-100.00000  0.13755 
-100.00000 -0.13638 
-100.00000 -100.00000 
 0.45889 -0.04727 
 0.02137  0.13776 
-0.05941 -0.25696 
-0.40217 -0.20438 
-0.56414 -0.72964 
-100.00000 -100.00000 
-0.74509 -0.18903 
-100.00000 -100.00000 
-0.16256 -100.00000 
-0.08105  0.85969 
 0.04846 -0.41900 
 0.00796 -0.43805 
-100.00000  0.00004 
-0.42977 -0.34911 
 0.63205 -0.10748 
-0.61273 -0.32041 
-0.74170  0.98891 
-100.00000 -100.00000 
-0.63923 -0.59108 
 0.43402 -0.11088 
-0.49962  0.08782 
-1.10528 -0.77771 
-0.19585 -100.00000 
-0.76066  0.03475 
 0.08936 -0.47019 
-100.00000 -100.00000 
-100.00000 -100.00000 
-100.00000 -100.00000 
-100.00000 -100.00000 
-100.00000 -100.00000 
-100.00000 -100.00000 
-100.00000 -100.00000 
-100.00000 -100.00000 
-0.31866 -0.07369 
-0.68228 -0.24828 
-1.45933 -0.18082 
 0.00628  0.48570 
-0.46023 -0.61463 
 0.42284 -0.55466 
-100.00000 -100.00000 
-0.68588 -0.84698 
-1.03474 -1.28816 
 0.33033 -0.59583 
-0.10853 -0.42007 
 0.17746  0.37843 
-0.03841 -0.37396 
-100.00000 -100.00000 
 0.22704 -0.05799 
-100.00000 -100.00000 
 0.40088 -0.70401 
-100.00000  0.13731 
-0.46212 -1.08350 
-0.67063 -0.27460 
-0.74699  0.32392 
 0.33514 -0.33951 
-100.00000 -100.00000 
 0.39220  0.23464 
-100.00000 -100.00000 
-100.00000 -100.00000 
-0.44861 -1.07464 
 0.73584  0.21674 
-100.00000 -100.00000 
 0.26271 -100.00000 
-100.00000 -0.59725 
-100.00000 -0.00362 
-100.00000 -100.00000 
 0.07575  0.58501 
-100.00000  0.92584 
-100.00000  0.26306 
-0.00004 -0.00003 
-0.00025  0.02781 
-100.00000  0.14576 
-100.00000 -100.00000 
-100.00000 -100.00000 
 0.45771 -0.11170 
-100.00000 -0.50424 
-0.04262 -100.00000 
 0.40067  1.02650 
 0.00000  0.00000 
-100.00000 -100.00000 
 0.11457 -0.69542 
 0.16877 -0.80435 
-0.30132  0.62941 
 0.00000  0.00000 
 0.05437  0.13548 
-0.31286 -0.02911 
-0.05374  0.18154 
 0.00003 -100.00000 
 0.84807  0.48812 
-0.31258 -0.31928 
-100.00000 -100.00000 
-100.00000 -100.00000 
 0.45007  0.24376 
-0.68897 -0.36651 
-0.63188 -0.42531 
-0.27782 -0.00408 
 0.00000  0.00000 
 0.00000  0.00000 
-100.00000 -100.00000 
-0.59132 -0.95038 
 0.64291 -0.62915 
 0.08886 -0.83423 
-0.13160 -0.82594 
-100.00000 -100.00000 
-100.00000 -100.00000 
-0.11700  0.08725 
-100.00000 -100.00000 
-100.00000 -100.00000 
-100.00000 -100.00000 
-0.52309 -0.47742 
-100.00000 -100.00000 
 0.00010 -100.00000 
-100.00000 -100.00000 
-0.27742 -0.68063 
-100.00000 -100.00000 
-100.00000 -100.00000 
-0.88721 -0.52504 
-0.21539 -0.34201 
-0.80788 -0.27102 
-0.58833 -0.89083 
-0.32177 -0.48126 
-100.00000 -0.00339 
 0.36494 -0.91508 
-100.00000 -100.00000 
-0.44613 -0.12429 
 0.00000  0.00000 
-0.05025 -0.16330 
-100.00000 -100.00000 
-100.00000 -100.00000 
-100.00000 -100.00000 
-0.33106 -1.08521 
 0.00000  0.00000 
-100.00000 -100.00000 
-0.26075 -0.00372 
-100.00000 -100.00000 
 0.00000  0.00000 
-100.00000 -100.00000 
 0.00000  0.00000 
-0.27717 -0.00020 
 0.45393 -0.25209 
-100.00000 -100.00000 
-0.24099 -0.73737 
 0.03262 -0.07894 
-0.05060 -0.65409 
-0.00865 -0.22148 
 0.10117 -0.33486 
-100.00000 -100.00000 
-100.00000 -100.00000 
-0.47773 -1.00178 
 0.23260  0.48798 
-0.14464 -0.49825 
 0.00000  0.00000 
 0.13958 -0.13493 
-100.00000  0.40410 
 0.12089 -0.03996 
-0.00007 -0.47694 
-100.00000 -100.00000 
-100.00000 -100.00000 
-0.10538 -0.37285 
 0.62337 -0.19521 
-100.00000 -100.00000 
-100.00000 -100.00000 
-0.03699  0.40183 
 0.23639 -0.19655 
-0.49209 -0.16725 
-0.00004 -100.00000 
 0.00000  0.00000 
-100.00000 -100.00000 
-0.24800 -0.57458 
-100.00000 -100.00000 
-0.64695 -0.10907 
-0.54742  0.14702 
-0.14192 -100.00000 
-100.00000 -100.00000 
-100.00000 -100.00000 
-100.00000 -100.00000 
-100.00000 -100.00000 
-0.12116 -0.37832 
-0.78547 -0.25816 
-0.67241 -0.26751 
 0.49649  0.29188 
-100.00000 -100.00000 
-100.00000 -100.00000 
 0.90112  0.64718 
-100.00000 -100.00000 
-0.00005 -100.00000 
 0.00000 -100.00000 
-100.00000 -100.00000 
 0.46016  0.12009 
-0.14213  0.30582 
-100.00000 -0.32709 
 1.22114 -0.12745 
-100.00000 -100.00000 
-100.00000 -100.00000 
-100.00000 -0.13639 
-100.00000 -100.00000 
 0.24857  0.66177 
-0.24289 -0.55145 
-100.00000 -100.00000 
-100.00000 -100.00000 
-100.00000 -100.00000 
-100.00000 -100.00000 
-100.00000 -0.12141 
-100.00000  0.23618 
-0.23680 -0.67473 
-100.00000 -100.00000 
-100.00000 -100.00000 
-100.00000 -100.00000 
-100.00000 -100.00000 
-0.00503  0.37858 
-100.00000 -100.00000 
-100.00000 -100.00000 
 0.48542 -0.73694 
 0.00000  0.00000 
 0.00015 -100.00000 
 0.00000  0.00000 
-100.00000 -100.00000 
-100.00000 -100.00000 
-100.00000 -100.00000 
-0.00583  0.12775 
-100.00000 -0.00007 
-100.00000 -100.00000 
-100.00000 -100.00000 
-0.36915 -0.53323 
-0.01705 -0.13500 
-100.00000 -100.00000 
-0.00012 -100.00000 
-100.00000 -0.13478 
 0.00005  0.37860 
-100.00000 -100.00000 
-100.00000 -0.57477 
-100.00000 -100.00000 
-100.00000 -100.00000 
 0.40696  0.12051 
-100.00000 -100.00000 
-100.00000 -0.53741 
-100.00000 -100.00000 
-0.16940  0.01538 
 0.37562  0.72356 
-100.00000 -100.00000 
-0.61279  0.49557 
-0.13377 -1.35968 
-100.00000 -100.00000 
 0.00000  0.00000 
 0.00000  0.00000 
-0.27119  0.00016 
-0.11952  0.03475 
 0.98881  0.21670 
-100.00000  0.61231 
 0.29564 -0.14673 
-0.00506 -0.00003 
-1.00874 -0.36866 
 0.00000  0.00000 
-100.00000 -100.00000 
-0.55602 -100.00000 
 0.08678 -0.28640 
-100.00000 -100.00000 
-0.07151 -0.04536 
-100.00000 -0.28701 
-100.00000 -100.00000 
 0.38298 -100.00000 
 0.00013 -100.00000 
-0.06009 -0.76368 
-0.33047  0.52381 
-0.00006 -100.00000 
-0.42165 -0.14679 
-0.47935 -0.61548 
-100.00000 -0.01234 
-0.38253  0.19926 
 0.12124  0.25194 
-0.49800 -0.31983 
-100.00000 -0.00025 
 0.18845  0.73850 
 0.00000  0.00000 
 0.49026  0.58506 
-0.13916 -0.23105 
-100.00000  0.03542 
 0.10489 -0.32739 
-100.00000 -100.00000 
-0.32819  0.49001 
-0.18308 -0.64857 
-100.00000 -100.00000 
-100.00000 -100.00000 
-100.00000 -100.00000 
-100.00000 -100.00000 
-100.00000 -100.00000 
-100.00000  0.29283 
-100.00000 -0.53490 
-100.00000 -100.00000 
-0.13989 -100.00000 
-100.00000 -0.37202 
-100.00000 -100.00000 
 0.46120  0.47749 
-100.00000 -0.28791 
 0.00025  0.00000 
-100.00000 -100.00000 
-100.00000 -100.00000 
-100.00000 -100.00000 
-0.15056 -2.09032 
-100.00000 -100.00000 
-100.00000 -100.00000 
-0.45509  0.21906 
-100.00000 -100.00000 
-100.00000 -100.00000 
 0.00000  0.00000 
-100.00000 -100.00000 
-100.00000 -100.00000 
-100.00000  0.00009 
-0.10174 -0.14354 
-100.00000  0.00011 
-100.00000 -100.00000 
-100.00000 -0.14927 
-100.00000 -100.00000 
 0.00003  0.13752 
-100.00000 -100.00000 
 0.36951 -0.41775 
-100.00000 -100.00000 
-100.00000 -0.33772 
-100.00000 -100.00000 
-100.00000 -100.00000 
-0.13887 -0.27306 
-100.00000 -100.00000 
-100.00000 -100.00000 
 0.18754 -0.06255 
 0.00015 -100.00000 
-0.62243  0.37908 
-100.00000 -100.00000 
-100.00000 -100.00000 
-0.00008 -0.27318 
-100.00000  0.00015 
-0.74926  0.62861 
-100.00000 -0.44384 
 0.08685 -0.79393 
-0.55563 -0.14514 
-100.00000 -100.00000 
-100.00000 -100.00000 
-0.59301 -0.52533 
-100.00000 -100.00000 
 0.00000  0.00000 
-0.16185 -0.47238 
-0.11976  0.37872 
-100.00000 -100.00000 
-100.00000 -0.00014 
-100.00000 -100.00000 
-100.00000 -100.00000 
-100.00000 -100.00000 
-100.00000 -100.00000 
-0.65256 -0.50058 
-100.00000 -100.00000 
-100.00000 -100.00000 
-100.00000 -100.00000 
-0.27836 -0.15726 
-100.00000 -100.00000 
-100.00000 -100.00000 
-100.00000 -100.00000 
-0.27911 -0.66602 
-100.00000 -100.00000 
-100.00000 -100.00000 
 0.22371 -0.05434 
-0.25597 -0.02276 
 1.35866  0.55865 
-100.00000 -100.00000 
-1.04109 -0.88844 
-0.03041 -0.52204 
-0.76110 -0.39608 
-100.00000 -100.00000 
-0.36667 -0.03670 
-0.32356 -0.17819 
-0.01856  0.14661 
-0.24123 -0.46943 
-100.00000 -100.00000 
-0.13636 -0.33388 
-0.10063 -100.00000 
-0.85962 -0.18675 
 0.22477 -0.09537 
-100.00000  0.34282 
-0.74945 -0.12067 
-100.00000 -0.34672 
-0.14638  0.47750 
-0.00570 -0.04460 
-0.27190 -0.25051 
-100.00000 -100.00000 
-0.60539  0.21676 
 0.45772 -0.45085 
-0.55838  0.07842 
-0.56530  0.15901 
-100.00000 -100.00000 
-100.00000 -100.00000 
-100.00000  0.15804 
-0.13675 -100.00000 
 0.13744  0.00005 
-0.04299  0.24886 
-100.00000 -100.00000 
-100.00000 -0.00007 
-100.00000 -0.24087 
-0.14874 -100.00000 
 0.00000  0.00000 
-100.00000 -100.00000 
-0.14454 -100.00000 
 0.00014 -100.00000 
-0.11663  0.28390 
-0.36033  0.23315 
 0.00000  0.00000 
 0.11828  0.65568 
 0.00004 -100.00000 
-0.29281  0.15962 
-0.13655 -0.43160 
 0.13391 -100.00000 
-1.44066 -0.22868 
 0.27610  0.51422 
 0.21088 -100.00000 
-100.00000 -100.00000 
-100.00000  0.03106 
 0.00000  0.00000 
-0.27402  0.13782 
-100.00000 -0.04411 
 0.00008 -0.00004 
-0.14347  0.00006 
-0.75239  1.46825 
 0.34187  0.13736 
 0.05934  0.32590 
-100.00000 -100.00000 
 0.40369 -0.00010 
-0.28275 -0.23171 
-100.00000 -100.00000 
-100.00000 -100.00000 
-100.00000 -100.00000 
-0.00004  0.13768 
-100.00000 -100.00000 
-100.00000 -100.00000 
-100.00000 -100.00000 
