-0.11235 -0.18970 
 0.00000  0.00000 
 0.23729  0.21926 
 0.00000  0.00000 
-100.00000 -100.00000 
-100.00000 -100.00000 
-0.38765 -100.00000 
-100.00000 -100.00000 
-100.00000 -100.00000 
-0.14133 -100.00000 
-100.00000 -100.00000 
-100.00000 -100.00000 
-100.00000 -100.00000 
-100.00000 -100.00000 
 0.13756 -0.43308 
-100.00000 -100.00000 
-100.00000 -100.00000 
-100.00000 -100.00000 
 0.33420 -100.00000 
 0.37856 -100.00000 
-100.00000 -100.00000 
-100.00000  0.07591 
-100.00000 -100.00000 
-100.00000 -100.00000 
-100.00000 -100.00000 
-100.00000 -100.00000 
 0.23681  0.28416 
 0.09718 -1.12372 
-100.00000 -100.00000 
-100.00000  0.00000 
-100.00000 -100.00000 
-100.00000 -100.00000 
-100.00000 -100.00000 
-100.00000 -100.00000 
 0.13756 -0.02162 
-0.00375 -0.16487 
-100.00000 -100.00000 
 0.33784 -0.19974 
 0.00000  0.00000 
-0.02165  0.71114 
-100.00000 -100.00000 
-100.00000  0.13763 
-100.00000 -100.00000 
-0.39043 -0.01973 
-100.00000 -100.00000 
-100.00000 -100.00000 
 0.23547 -0.08452 
-0.26086  0.46634 
-100.00000 -100.00000 
-100.00000 -100.00000 
 0.29364 -0.23225 
 0.13730 -0.00007 
 0.08693  0.14499 
-100.00000 -100.00000 
 0.22554 -0.01027 
-0.00009 -100.00000 
 0.00000  0.00000 
-100.00000 -100.00000 
-100.00000 -100.00000 
 0.00000  0.00000 
-100.00000 -100.00000 
 0.00000  0.00000 
-100.00000 -100.00000 
-0.67607  0.34502 
 0.37136 -100.00000 
-100.00000 -100.00000 
-100.00000 -100.00000 
 0.18076 -0.38647 
-100.00000 -100.00000 
-0.00013  0.10265 
 0.00000  0.00000 
-100.00000 -100.00000 
-0.96142 -0.18501 
-100.00000 -100.00000 
-100.00000 -100.00000 
-100.00000 -100.00000 
-100.00000 -100.00000 
-100.00000 -100.00000 
-100.00000 -100.00000 
-100.00000 -100.00000 
 0.30702  0.21349 
-100.00000 -100.00000 
-0.37554  0.15490 
-100.00000 -100.00000 
-100.00000 -100.00000 
-100.00000 -100.00000 
-100.00000 -100.00000 
-100.00000 -100.00000 
 0.62433 -100.00000 
-0.54532 -0.00024 
-0.20233  0.22142 
-100.00000 -100.00000 
-100.00000 -100.00000 
-100.00000 -100.00000 
-100.00000 -100.00000 
-100.00000 -100.00000 
-100.00000 -100.00000 
 0.23248 -0.64184 
 0.42354 -1.03173 
-0.26121 -0.48915 
 0.09040 -0.14344 
-100.00000 -100.00000 
 0.12836  0.90514 
-0.42050 -0.07475 
-100.00000 -100.00000 
 0.13744 -100.00000 
-100.00000 -100.00000 
-100.00000 -100.00000 
-100.00000 -100.00000 
-100.00000 -100.00000 
-100.00000 -100.00000 
-100.00000 -100.00000 
-0.57773 -0.15013 
-100.00000 -100.00000 
-100.00000 -100.00000 
 0.68277  0.09978 
-0.28882  0.49411 
-100.00000 -100.00000 
-0.31644 -0.68577 
-0.31434 -0.14781 
 0.12687  0.09028 
-100.00000 -100.00000 
 0.00039  0.26309 
-100.00000 -100.00000 
-100.00000 -100.00000 
-0.34418 -0.25598 
 0.13736 -100.00000 
-100.00000 -100.00000 
 0.28088 -0.24168 
 0.32078  0.01016 
-100.00000 -100.00000 
 0.00881  0.08310 
-100.00000  0.43372 
-100.00000 -100.00000 
-100.00000 -100.00000 
 0.00000  0.00000 
-0.24144  0.17467 
 0.47970 -100.00000 
-100.00000 -100.00000 
-100.00000 -100.00000 
 0.00014 -0.01334 
 0.18481  0.39068 
-100.00000 -100.00000 
 0.26319 -0.13765 
 0.26228 -100.00000 
-0.21190  0.13785 
-100.00000 -100.00000 
 0.26252 -100.00000 
-0.00604 -100.00000 
 0.53382 -100.00000 
-100.00000 -100.00000 
-100.00000 -100.00000 
-0.61775 -0.02508 
-0.58811 -100.00000 
 0.09594 -0.00637 
 0.00533 -100.00000 
 0.00000  0.00000 
-0.00030 -100.00000 
-100.00000 -100.00000 
-100.00000 -100.00000 
-100.00000 -100.00000 
-0.15549 -0.18749 
 0.11724  0.07321 
-100.00000 -100.00000 
-100.00000 -100.00000 
-100.00000 -100.00000 
-100.00000 -100.00000 
-0.16452 -0.22955 
 0.00000  0.00000 
 0.00000  0.00000 
-100.00000 -100.00000 
-0.00020 -100.00000 
-100.00000 -100.00000 
-100.00000 -100.00000 
-0.13359 -100.00000 
 0.00000  0.00000 
-100.00000 -100.00000 
-100.00000 -100.00000 
-0.03247 -0.44859 
 0.48504 -100.00000 
-100.00000 -100.00000 
-0.37502  0.31088 
 0.12679 -0.26536 
 0.44469  0.14125 
 0.00000  0.00000 
-100.00000 -100.00000 
 0.00000  0.00000 
-0.64479  0.26722 
-100.00000 -100.00000 
-100.00000 -100.00000 
-100.00000 -100.00000 
-100.00000 -100.00000 
-100.00000 -100.00000 
-100.00000 -100.00000 
-100.00000 -100.00000 
-100.00000 -100.00000 
-100.00000 -100.00000 
-100.00000 -100.00000 
-100.00000 -100.00000 
-100.00000 -100.00000 
-0.00333 -100.00000 
-100.00000 -100.00000 
-0.01850  0.34245 
 0.40900  0.31781 
-0.42838 -100.00000 
-100.00000 -100.00000 
-100.00000 -100.00000 
-100.00000 -100.00000 
-1.14669 -100.00000 
-0.51268 -0.46549 
-100.00000 -100.00000 
-0.07002  0.32539 
-0.55328  0.33456 
-0.26949 -0.13995 
-100.00000 -100.00000 
-0.38794 -100.00000 
-100.00000 -100.00000 
-100.00000 -100.00000 
-0.85871  0.34570 
-0.51981 -0.15893 
-0.22350  0.29428 
-100.00000 -100.00000 
-0.46034 -0.59581 
 0.83625 -0.29693 
-0.32255  0.01123 
-100.00000 -100.00000 
-0.45620 -0.01102 
-100.00000 -100.00000 
 0.24528 -0.16879 
 0.10811 -100.00000 
-0.14099 -100.00000 
-0.12678  0.21909 
-0.07546  0.47211 
-0.76145 -0.47632 
 0.00000  0.00000 
-0.00056 -0.00087 
-0.69746 -0.27419 
-100.00000 -100.00000 
-0.28097  0.21146 
-100.00000 -0.13200 
-100.00000 -100.00000 
 0.25948  0.40762 
-100.00000 -100.00000 
-0.22623 -0.25360 
-100.00000 -100.00000 
-100.00000 -100.00000 
-100.00000 -100.00000 
-100.00000 -100.00000 
-100.00000 -100.00000 
-100.00000 -100.00000 
 0.21304 -0.39237 
-100.00000 -100.00000 
-100.00000 -100.00000 
-0.00029 -100.00000 
 0.48486 -0.24430 
-0.00339 -0.00211 
-0.25148 -0.30860 
-100.00000 -100.00000 
-0.57895  0.11336 
-100.00000 -100.00000 
-100.00000 -100.00000 
-100.00000 -100.00000 
 0.12216 -0.12934 
-100.00000 -100.00000 
-0.14165 -0.00578 
-100.00000 -100.00000 
-100.00000 -100.00000 
 0.13722 -100.00000 
-100.00000 -100.00000 
-100.00000 -100.00000 
-100.00000 -100.00000 
-0.35887 -100.00000 
-100.00000 -100.00000 
-0.07665 -0.30898 
-0.33248 -0.23024 
 0.12156 -0.00014 
 0.39361  0.34170 
-0.36329  0.21634 
-100.00000 -100.00000 
-100.00000 -100.00000 
-100.00000 -100.00000 
-100.00000 -100.00000 
 0.26276 -0.12081 
-100.00000 -100.00000 
 0.36918 -0.51833 
-0.57578  0.06864 
-0.32705 -0.00007 
-0.28777  0.45572 
-0.12022 -100.00000 
 0.59345  0.14134 
-100.00000 -100.00000 
 0.10872  0.45546 
-0.28830 -0.17271 
 0.00000  0.00000 
-100.00000 -100.00000 
-0.12041 -0.02595 
-0.25833  0.92622 
-100.00000 -100.00000 
 0.10760 -0.41429 
-100.00000 -100.00000 
-100.00000 -100.00000 
-0.09820 -100.00000 
 0.31763  0.02970 
-100.00000 -100.00000 
-0.25078 -0.06450 
 0.13744  0.71223 
-100.00000 -100.00000 
-100.00000 -100.00000 
 0.00273  0.26308 
-0.31152  0.04169 
-0.12018  0.26299 
-100.00000 -100.00000 
 0.28160 -0.28962 
-0.37207 -100.00000 
-0.23389 -0.07997 
 0.00687 -0.67780 
-100.00000 -100.00000 
-0.44147 -0.33378 
-100.00000 -100.00000 
-100.00000 -100.00000 
 0.00000  0.00000 
-100.00000 -100.00000 
-100.00000 -100.00000 
-0.42298  0.18044 
-100.00000 -100.00000 
-100.00000  0.00014 
 0.00000  0.00000 
-100.00000 -100.00000 
 0.13775  0.13555 
-100.00000 -100.00000 
-100.00000 -100.00000 
 0.26302  0.00006 
-100.00000 -100.00000 
 0.00010 -0.16094 
-0.33454  0.10852 
-0.12381 -100.00000 
-0.05640  0.02529 
-100.00000 -100.00000 
 0.43906 -0.25896 
 0.43786  0.36349 
 0.00003 -100.00000 
-100.00000 -100.00000 
 0.17419 -0.25990 
-100.00000 -100.00000 
-100.00000 -100.00000 
-100.00000 -100.00000 
-0.00004  0.40649 
-100.00000 -100.00000 
-100.00000 -100.00000 
-100.00000 -100.00000 
-100.00000 -100.00000 
-100.00000 -100.00000 
-100.00000 -100.00000 
 0.68912  0.43150 
-100.00000 -100.00000 
-100.00000 -100.00000 
-100.00000 -100.00000 
-100.00000 -100.00000 
-100.00000 -100.00000 
 0.00337 -0.67808 
 0.05971 -0.16013 
-100.00000 -100.00000 
-100.00000 -100.00000 
-100.00000 -100.00000 
-100.00000 -100.00000 
-100.00000 -100.00000 
-100.00000 -100.00000 
-100.00000 -100.00000 
-100.00000 -100.00000 
 0.37167 -0.80788 
-0.47664  0.32185 
 0.20877  0.42882 
 0.30664 -0.29954 
-100.00000 -100.00000 
-100.00000 -100.00000 
-100.00000 -100.00000 
-100.00000 -100.00000 
-100.00000 -100.00000 
-100.00000 -100.00000 
-100.00000 -100.00000 
 0.49863 -0.17531 
 0.00000  0.00000 
 0.00023 -100.00000 
-0.03224 -100.00000 
 0.19896 -0.09459 
-0.02516 -0.25512 
-100.00000 -100.00000 
-100.00000 -100.00000 
-0.31344 -0.16288 
 1.52325 -0.26046 
-100.00000 -100.00000 
-0.01295  0.12943 
-0.04081  0.21762 
 0.00000  0.00000 
-100.00000 -100.00000 
-0.04590 -0.09545 
-100.00000 -100.00000 
-100.00000 -100.00000 
-100.00000 -100.00000 
-0.06847 -0.15794 
 0.00000  0.00000 
-0.14622 -0.43288 
-0.23089  0.00932 
-0.14901 -100.00000 
 0.09189  0.25224 
-100.00000 -100.00000 
-1.06807 -0.52507 
-100.00000  0.26311 
-100.00000 -100.00000 
-0.28827 -100.00000 
 0.00000  0.00000 
-0.46303 -0.28103 
-100.00000 -100.00000 
-0.14642 -0.38952 
-0.31384  0.11188 
-0.00005 -100.00000 
-0.22598  0.01928 
 0.00000  0.00000 
 0.11415  0.07762 
-100.00000 -0.13354 
 0.08069  0.31001 
 0.19888 -100.00000 
-100.00000 -100.00000 
-100.00000 -0.22661 
 0.00000  0.00000 
 0.00000  0.00000 
 0.09046 -0.41703 
 0.11188 -0.55747 
-100.00000 -100.00000 
-100.00000 -100.00000 
-100.00000 -100.00000 
-0.00034 -100.00000 
-100.00000 -100.00000 
-100.00000 -100.00000 
-100.00000 -100.00000 
 0.08062 -100.00000 
-100.00000 -100.00000 
 0.03268 -0.08863 
-100.00000 -100.00000 
-0.27545 -0.15809 
-100.00000 -100.00000 
-100.00000 -100.00000 
-100.00000 -100.00000 
-100.00000 -100.00000 
-100.00000 -100.00000 
-0.55856  0.17243 
-0.24446 -0.16321 
 0.09669 -0.23581 
-0.48803  0.38667 
-100.00000 -100.00000 
-100.00000 -100.00000 
-100.00000 -100.00000 
-100.00000 -100.00000 
-100.00000 -100.00000 
-100.00000 -100.00000 
 0.00034 -100.00000 
-0.03224 -0.07654 
-100.00000 -100.00000 
 0.00000  0.00000 
 0.38708 -0.13923 
-100.00000 -100.00000 
-100.00000 -100.00000 
-0.32523  0.02726 
 0.00000  0.00000 
-100.00000 -100.00000 
 0.00000  0.00000 
-100.00000 -0.23111 
-0.49513  0.14399 
-100.00000 -100.00000 
 0.00000  0.00000 
 0.26275 -0.36879 
 0.22818  0.12300 
-100.00000 -100.00000 
 0.00000  0.00000 
 0.28906  0.02664 
-0.12229 -0.00025 
-100.00000 -100.00000 
-0.22873  0.62462 
-0.09438 -100.00000 
-100.00000 -100.00000 
-100.00000 -100.00000 
 0.28313 -0.17599 
-100.00000 -100.00000 
-100.00000 -100.00000 
-100.00000 -100.00000 
 0.00000  0.00000 
-100.00000 -100.00000 
-100.00000 -100.00000 
-0.55074 -100.00000 
-0.22363 -0.34507 
-100.00000 -100.00000 
 0.13742 -0.15876 
 0.82328 -0.09483 
-0.23202 -100.00000 
-100.00000 -100.00000 
-0.32516  0.14944 
-0.42032  0.36871 
-100.00000 -100.00000 
-100.00000 -0.52487 
-100.00000 -100.00000 
-0.65327  0.13091 
-100.00000 -100.00000 
 0.25790 -100.00000 
 0.00000  0.00000 
-100.00000 -100.00000 
-100.00000 -0.18328 
 0.49856 -1.00759 
-0.26005  0.25277 
-100.00000 -100.00000 
 0.00000  0.00000 
-100.00000 -100.00000 
-0.70707  0.06001 
-0.43180 -0.76905 
 0.34213  0.45085 
 0.00000  0.00000 
-100.00000 -0.02166 
 0.10940 -0.02524 
 0.03115  0.15175 
-100.00000 -100.00000 
 0.00000  0.00000 
-100.00000 -100.00000 
 0.58166 -0.42089 
-0.90506 -0.27861 
 0.12345 -0.01449 
-100.00000 -100.00000 
-0.06736  0.13741 
-100.00000 -100.00000 
-0.04853 -0.02115 
 0.03830 -0.00007 
-100.00000 -100.00000 
-100.00000 -100.00000 
-100.00000 -100.00000 
-100.00000 -100.00000 
-100.00000 -100.00000 
-100.00000 -100.00000 
-100.00000 -100.00000 
-100.00000 -100.00000 
-100.00000 -100.00000 
-100.00000 -100.00000 
-100.00000 -100.00000 
-100.00000 -100.00000 
-100.00000 -100.00000 
-100.00000 -100.00000 
-100.00000 -100.00000 
-100.00000 -100.00000 
-100.00000 -100.00000 
-100.00000 -100.00000 
-100.00000 -100.00000 
-100.00000 -100.00000 
-100.00000 -100.00000 
-100.00000 -100.00000 
-100.00000 -100.00000 
 0.03163 -100.00000 
-100.00000 -100.00000 
-100.00000 -0.37653 
-0.33736 -0.49892 
-100.00000 -100.00000 
-100.00000 -100.00000 
-100.00000 -100.00000 
 0.14674 -0.28983 
-100.00000 -100.00000 
-0.17395 -0.33220 
-0.09435 -0.03981 
-100.00000 -100.00000 
-100.00000 -100.00000 
