-100.00000 -100.00000 
-100.00000 -0.60488 
-100.00000 -100.00000 
-100.00000 -100.00000 
-0.09419 -100.00000 
-0.15876  0.17251 
 0.49150 -0.30896 
-100.00000 -0.24991 
 0.01493  0.66456 
-100.00000 -100.00000 
 0.46947 -100.00000 
 0.00000  0.00000 
-100.00000 -100.00000 
-100.00000 -0.26958 
-100.00000 -100.00000 
-100.00000 -100.00000 
-100.00000 -100.00000 
-100.00000 -100.00000 
-0.64663 -100.00000 
-100.00000 -100.00000 
-100.00000 -100.00000 
-100.00000 -100.00000 
-100.00000 -100.00000 
-100.00000 -0.49664 
-100.00000 -100.00000 
-100.00000 -100.00000 
-100.00000 -100.00000 
-100.00000 -100.00000 
-100.00000 -100.00000 
-100.00000 -100.00000 
-100.00000 -100.00000 
-100.00000 -100.00000 
-100.00000 -100.00000 
-100.00000 -100.00000 
-100.00000 -100.00000 
-100.00000 -100.00000 
-0.26642  0.64049 
-100.00000 -100.00000 
-100.00000 -100.00000 
-100.00000 -100.00000 
-100.00000 -100.00000 
-100.00000 -100.00000 
-100.00000 -100.00000 
-100.00000 -100.00000 
-100.00000  0.00001 
-100.00000 -100.00000 
-100.00000 -0.15587 
-100.00000 -100.00000 
-100.00000 -100.00000 
-0.25331 -0.02279 
-100.00000 -100.00000 
-100.00000 -100.00000 
-100.00000 -100.00000 
-100.00000 -100.00000 
-100.00000 -100.00000 
-100.00000 -100.00000 
-100.00000 -100.00000 
-100.00000 -100.00000 
-100.00000 -100.00000 
-100.00000 -1.35928 
-100.00000  0.45831 
-100.00000  1.50970 
-100.00000 -100.00000 
-100.00000 -100.00000 
-100.00000 -100.00000 
-100.00000 -100.00000 
-100.00000 -100.00000 
-100.00000 -100.00000 
-100.00000 -100.00000 
 0.13330 -100.00000 
-100.00000 -100.00000 
-100.00000 -100.00000 
-100.00000 -100.00000 
 0.45453 -100.00000 
-100.00000 -100.00000 
-100.00000 -100.00000 
-100.00000 -100.00000 
 0.03602 -1.12138 
-100.00000 -100.00000 
-100.00000 -100.00000 
-100.00000 -100.00000 
-100.00000 -100.00000 
 0.24919 -100.00000 
-0.29381 -0.13401 
-100.00000 -100.00000 
-0.11018 -100.00000 
-100.00000 -100.00000 
-100.00000 -0.07503 
 0.29290 -100.00000 
-0.26139 -0.45785 
-100.00000  0.12129 
-100.00000 -0.59854 
-100.00000  0.18159 
-0.15898 -0.01885 
-100.00000  0.00001 
-100.00000 -100.00000 
-100.00000 -100.00000 
-100.00000 -100.00000 
-100.00000 -100.00000 
-100.00000 -100.00000 
-100.00000 -100.00000 
-100.00000 -100.00000 
-100.00000 -100.00000 
 0.10510  0.04941 
-100.00000 -100.00000 
-100.00000 -0.26065 
-100.00000 -100.00000 
-100.00000 -100.00000 
-100.00000 -100.00000 
-100.00000 -100.00000 
-100.00000 -100.00000 
 0.23453  0.61927 
-0.52746 -0.59672 
-100.00000 -100.00000 
-100.00000 -100.00000 
-100.00000 -100.00000 
-100.00000 -100.00000 
-100.00000 -100.00000 
-0.66658 -100.00000 
-100.00000 -100.00000 
-100.00000 -100.00000 
-100.00000 -100.00000 
-0.74654 -100.00000 
-100.00000 -0.39097 
-100.00000 -100.00000 
-100.00000 -100.00000 
-100.00000 -100.00000 
-0.18479  0.17467 
-100.00000 -100.00000 
-100.00000 -100.00000 
 0.00000  0.00000 
-100.00000 -100.00000 
-100.00000 -100.00000 
 0.00000  0.00000 
-100.00000 -100.00000 
-1.28351  0.03054 
-100.00000 -100.00000 
-100.00000 -0.50806 
-0.73472 -100.00000 
-0.18855 -0.31726 
-100.00000 -100.00000 
-100.00000 -100.00000 
-1.10912 -100.00000 
-100.00000 -100.00000 
 0.00000  0.00000 
-100.00000 -0.39701 
-100.00000 -100.00000 
-100.00000 -100.00000 
-100.00000 -100.00000 
-0.71302 -0.80704 
-100.00000 -100.00000 
-0.19981 -0.39024 
-0.23872  0.08408 
-0.17095 -0.08741 
-100.00000 -100.00000 
-100.00000 -100.00000 
-0.39591  0.38978 
-100.00000  0.00202 
-100.00000 -100.00000 
 0.00000  0.00000 
-100.00000  0.10328 
-100.00000 -100.00000 
-100.00000 -100.00000 
-100.00000 -100.00000 
-100.00000 -100.00000 
-100.00000 -100.00000 
-100.00000 -100.00000 
-100.00000 -100.00000 
-100.00000 -100.00000 
-100.00000  0.00364 
 0.27679  0.35444 
-100.00000 -100.00000 
-0.20241 -1.19440 
 0.32984 -0.99191 
-100.00000 -0.31434 
-0.43664 -0.20066 
 0.60550 -0.76953 
-100.00000  0.66497 
-100.00000 -100.00000 
 0.43900 -0.13731 
-100.00000  0.15901 
 0.35107 -100.00000 
-100.00000 -100.00000 
-0.00014 -100.00000 
-100.00000 -0.00019 
-100.00000 -100.00000 
-100.00000 -100.00000 
-100.00000 -100.00000 
-100.00000 -0.37561 
-100.00000 -100.00000 
-100.00000 -100.00000 
-100.00000 -100.00000 
-100.00000 -100.00000 
-100.00000 -100.00000 
-100.00000 -100.00000 
-100.00000 -100.00000 
-100.00000 -100.00000 
-100.00000 -100.00000 
-100.00000 -100.00000 
-100.00000 -100.00000 
 0.62830 -0.14084 
-100.00000 -0.00354 
-100.00000 -100.00000 
-100.00000 -100.00000 
-100.00000  0.13753 
-1.16726 -100.00000 
 0.10449  0.15561 
-100.00000 -100.00000 
-100.00000 -0.24946 
-100.00000 -0.59775 
-0.04952  0.21919 
-100.00000 -0.38721 
-100.00000 -100.00000 
-100.00000  0.16440 
-0.01966 -0.14083 
-100.00000 -0.63789 
-100.00000 -100.00000 
-1.00121 -1.32147 
-100.00000 -100.00000 
-0.00077 -100.00000 
-100.00000 -100.00000 
-0.13076 -0.32441 
-0.41489  0.13470 
-100.00000 -100.00000 
-100.00000 -100.00000 
 0.00000  0.00000 
-100.00000 -0.32656 
-100.00000 -100.00000 
 0.05844 -0.59380 
-0.81051 -100.00000 
 0.33588  0.37842 
-0.37153 -0.11284 
-100.00000 -100.00000 
-0.48441 -100.00000 
-1.81357 -100.00000 
-100.00000 -100.00000 
-0.74741 -1.19380 
-100.00000 -100.00000 
-100.00000 -100.00000 
-100.00000 -100.00000 
-100.00000 -100.00000 
-100.00000 -100.00000 
-100.00000  0.00011 
-100.00000 -100.00000 
-100.00000 -100.00000 
-100.00000 -0.30856 
-100.00000 -100.00000 
-100.00000 -100.00000 
-0.26518 -0.01708 
-100.00000 -100.00000 
-100.00000 -0.13251 
-100.00000 -100.00000 
-0.26496 -100.00000 
-100.00000 -100.00000 
-100.00000 -0.55993 
-100.00000 -100.00000 
 0.44221 -0.56695 
 0.00000  0.00000 
-100.00000 -0.00016 
-100.00000 -100.00000 
-100.00000 -100.00000 
-100.00000 -100.00000 
-100.00000 -100.00000 
-100.00000 -0.31365 
-100.00000 -100.00000 
-100.00000 -100.00000 
-100.00000 -100.00000 
-100.00000 -0.38752 
-100.00000 -100.00000 
-100.00000 -100.00000 
 0.00000  0.00000 
-100.00000 -0.00051 
-100.00000 -0.00862 
-100.00000 -100.00000 
-100.00000 -100.00000 
-100.00000 -100.00000 
 0.00000  0.00000 
-1.31225 -0.14169 
-0.69895  0.13197 
-100.00000 -100.00000 
 0.31327 -0.96037 
 0.11779 -0.18155 
-100.00000 -0.02237 
-100.00000 -100.00000 
-100.00000 -100.00000 
-100.00000 -0.00018 
-100.00000 -100.00000 
 0.21418 -100.00000 
-100.00000 -0.23375 
-100.00000 -0.00017 
-100.00000 -100.00000 
-0.00001 -100.00000 
-100.00000 -100.00000 
 0.13942 -0.37087 
-100.00000 -100.00000 
-100.00000 -100.00000 
-100.00000 -100.00000 
-100.00000 -100.00000 
-100.00000 -100.00000 
-100.00000 -100.00000 
-100.00000 -100.00000 
-100.00000 -100.00000 
-100.00000 -0.14580 
-100.00000 -100.00000 
-100.00000 -100.00000 
 0.11218 -0.12136 
-100.00000 -100.00000 
 0.00000  0.00000 
-100.00000 -100.00000 
-100.00000 -100.00000 
-100.00000 -100.00000 
-100.00000 -100.00000 
-100.00000 -100.00000 
-0.18562 -0.43313 
-0.23668  0.32707 
-100.00000 -100.00000 
-100.00000 -100.00000 
-100.00000 -100.00000 
-0.33860 -0.10863 
-100.00000 -100.00000 
-100.00000 -100.00000 
-0.03543  0.06623 
-0.00877 -0.19750 
-100.00000 -100.00000 
-100.00000 -100.00000 
-0.01417 -100.00000 
-100.00000 -100.00000 
-100.00000 -100.00000 
-100.00000 -100.00000 
-100.00000 -100.00000 
-100.00000 -100.00000 
-100.00000 -100.00000 
-100.00000 -100.00000 
-100.00000 -100.00000 
-100.00000 -100.00000 
-100.00000 -100.00000 
-100.00000 -100.00000 
-100.00000 -100.00000 
-0.32502 -0.03481 
-100.00000 -100.00000 
-100.00000 -100.00000 
-0.24781 -0.50793 
-100.00000 -100.00000 
-100.00000 -100.00000 
-100.00000  0.13760 
 0.00000  0.00000 
-100.00000 -100.00000 
-100.00000 -100.00000 
-100.00000 -100.00000 
-100.00000 -100.00000 
-100.00000 -100.00000 
 0.00000  0.00000 
-100.00000 -100.00000 
-100.00000 -100.00000 
-100.00000 -100.00000 
-100.00000 -100.00000 
-100.00000 -100.00000 
-100.00000 -100.00000 
-100.00000 -100.00000 
-100.00000 -100.00000 
-100.00000  0.37873 
-100.00000 -100.00000 
-100.00000 -100.00000 
-0.00001 -100.00000 
-100.00000 -100.00000 
-100.00000 -100.00000 
-0.00800 -100.00000 
-100.00000 -100.00000 
 0.49439  0.93591 
-100.00000 -0.12015 
-100.00000 -100.00000 
-100.00000 -100.00000 
-100.00000 -100.00000 
-100.00000 -100.00000 
-100.00000 -100.00000 
-100.00000 -100.00000 
-100.00000 -100.00000 
 0.13752 -0.00000 
-100.00000 -100.00000 
-100.00000 -100.00000 
-100.00000  0.17376 
-100.00000 -100.00000 
-100.00000 -100.00000 
-100.00000 -100.00000 
-100.00000 -100.00000 
-100.00000 -100.00000 
-100.00000 -100.00000 
-100.00000 -100.00000 
-100.00000 -100.00000 
 0.25337 -100.00000 
-100.00000 -100.00000 
-100.00000 -100.00000 
-100.00000 -100.00000 
-100.00000 -100.00000 
-100.00000 -100.00000 
-100.00000 -100.00000 
-100.00000 -100.00000 
-0.22733 -100.00000 
-100.00000  0.00000 
-100.00000 -100.00000 
-100.00000 -100.00000 
 1.08704 -100.00000 
-100.00000 -100.00000 
-100.00000  0.00002 
-100.00000 -100.00000 
 0.00000  0.00000 
-100.00000 -100.00000 
-100.00000 -100.00000 
-100.00000 -100.00000 
-100.00000 -0.00001 
-100.00000 -100.00000 
-100.00000 -0.39363 
 0.00000  0.00000 
-100.00000 -100.00000 
-0.41324 -0.21972 
 0.43495 -0.64742 
-100.00000 -100.00000 
 0.00008 -100.00000 
-100.00000 -100.00000 
-100.00000 -100.00000 
-100.00000 -100.00000 
-100.00000 -100.00000 
-100.00000 -100.00000 
-100.00000 -0.00018 
-100.00000 -100.00000 
-100.00000 -100.00000 
-100.00000 -100.00000 
-100.00000 -100.00000 
-100.00000 -100.00000 
-100.00000 -100.00000 
 0.00000  0.00000 
-100.00000 -100.00000 
-100.00000 -100.00000 
-100.00000 -100.00000 
-100.00000 -100.00000 
-100.00000 -100.00000 
 0.23514 -100.00000 
-100.00000 -100.00000 
-100.00000 -100.00000 
-100.00000 -100.00000 
-0.39450 -0.26269 
-0.00637 -100.00000 
-100.00000 -100.00000 
-100.00000 -100.00000 
-100.00000 -100.00000 
-100.00000 -100.00000 
-100.00000 -100.00000 
-100.00000 -100.00000 
-100.00000 -100.00000 
-100.00000 -100.00000 
-100.00000 -100.00000 
-100.00000 -100.00000 
 0.00000  0.00000 
-100.00000 -100.00000 
-100.00000 -100.00000 
-100.00000  0.53652 
-100.00000 -100.00000 
-100.00000 -100.00000 
-100.00000 -100.00000 
-100.00000 -100.00000 
-100.00000 -100.00000 
-100.00000  0.13755 
-100.00000 -100.00000 
-100.00000 -100.00000 
-100.00000 -100.00000 
-100.00000 -100.00000 
-100.00000 -100.00000 
-100.00000 -100.00000 
-100.00000 -0.14917 
-100.00000 -100.00000 
-100.00000 -100.00000 
-100.00000 -100.00000 
-100.00000 -100.00000 
 0.38101  0.29774 
-100.00000 -100.00000 
-100.00000 -0.16922 
-100.00000 -0.33520 
-100.00000 -100.00000 
-100.00000 -100.00000 
-100.00000 -100.00000 
 0.00000  0.00000 
-100.00000 -100.00000 
 0.00000  0.00000 
 0.00005  0.15852 
-100.00000 -100.00000 
-100.00000 -100.00000 
-100.00000 -100.00000 
-100.00000 -100.00000 
-100.00000 -100.00000 
-100.00000 -100.00000 
-0.27387 -0.16854 
-100.00000 -100.00000 
-100.00000 -100.00000 
-100.00000 -100.00000 
-100.00000  0.00013 
-100.00000 -100.00000 
-0.47098 -0.73871 
-100.00000 -100.00000 
-1.63381 -0.41562 
-100.00000 -100.00000 
-100.00000 -100.00000 
 0.11956 -0.50093 
-100.00000 -100.00000 
-0.00036 -100.00000 
 0.28494 -100.00000 
-0.47268  0.48582 
-100.00000 -100.00000 
-0.50402 -0.23204 
-100.00000 -100.00000 
-0.00083 -0.53089 
-0.62515 -100.00000 
-100.00000  0.14672 
-100.00000 -0.33560 
-100.00000 -100.00000 
 0.57376 -0.25051 
-100.00000 -100.00000 
-100.00000 -0.73135 
 0.29639  0.03027 
-100.00000 -100.00000 
-0.39389 -0.12022 
-100.00000 -0.05373 
-100.00000 -100.00000 
-100.00000 -100.00000 
 0.00075 -100.00000 
-0.15250 -100.00000 
-1.02788 -100.00000 
-100.00000 -100.00000 
-100.00000 -100.00000 
-100.00000 -100.00000 
-0.00009 -0.00009 
-100.00000 -100.00000 
 0.33844 -100.00000 
-0.00704 -100.00000 
-100.00000 -100.00000 
-100.00000 -100.00000 
 0.26287  0.14719 
-100.00000 -100.00000 
-100.00000 -100.00000 
-100.00000 -100.00000 
-100.00000 -100.00000 
-100.00000 -0.29409 
-0.02250  0.01129 
-0.02407  0.16048 
 0.13749 -100.00000 
-0.13704 -0.05287 
-100.00000 -100.00000 
-100.00000 -100.00000 
-100.00000 -100.00000 
-0.36665 -0.07178 
 0.55671 -100.00000 
 0.00000  0.00000 
-100.00000  0.32634 
-100.00000 -100.00000 
-0.46930 -100.00000 
-0.11336 -100.00000 
-100.00000 -100.00000 
-100.00000 -100.00000 
-100.00000 -0.18442 
-100.00000 -100.00000 
-100.00000 -100.00000 
 0.28489  0.14654 
-100.00000 -100.00000 
-100.00000 -100.00000 
-0.43875 -100.00000 
-100.00000 -0.19750 
