 0.21888  0.27605 
-0.66888 -0.36595 
 0.06415 -0.24239 
-0.48670 -0.41243 
-0.58996 -100.00000 
-100.00000  0.13753 
 0.00000  0.00000 
-100.00000 -0.55272 
-0.79500  0.21297 
-100.00000 -0.02160 
-0.05031 -0.42049 
-0.82794  0.38573 
 0.00000  0.00000 
 0.35629 -0.08770 
-100.00000  0.76856 
-100.00000 -100.00000 
-0.28577  0.05381 
-0.11060  0.00002 
-0.41958 -0.02111 
 0.16937 -0.00061 
-100.00000 -100.00000 
 0.10105  0.14855 
-0.24791  0.37843 
-100.00000 -0.02168 
-100.00000 -100.00000 
 0.37623 -0.62182 
-100.00000 -100.00000 
-100.00000 -100.00000 
-100.00000 -100.00000 
-100.00000  0.00000 
-0.24915 -100.00000 
-100.00000 -0.00007 
 0.00000  0.00000 
-100.00000 -100.00000 
-100.00000 -100.00000 
 0.02073 -0.09520 
-0.32286 -100.00000 
 0.13055 -100.00000 
-100.00000 -100.00000 
-100.00000 -100.00000 
 0.00000  0.00000 
-0.19449  0.14385 
 0.00000  0.00000 
-100.00000 -100.00000 
-100.00000 -100.00000 
-100.00000 -0.00000 
 0.00000  0.00000 
-100.00000 -100.00000 
-100.00000 -100.00000 
 0.13146 -100.00000 
 0.12780 -100.00000 
-100.00000  0.61594 
 0.16079 -100.00000 
-100.00000 -100.00000 
-100.00000 -100.00000 
 0.00321 -0.01571 
-0.65116 -100.00000 
-100.00000 -100.00000 
 0.13762  0.26301 
-0.00025 -0.00012 
 0.04847  0.52085 
-100.00000 -100.00000 
-0.09554 -0.15850 
-0.59595 -0.24048 
 0.52337 -0.51856 
-100.00000 -100.00000 
-0.00001  0.13736 
-0.66553 -0.99102 
-100.00000 -0.28767 
 0.12708  0.37843 
-0.45983 -100.00000 
-100.00000 -100.00000 
-100.00000 -100.00000 
-0.01069  0.46773 
-0.13020  0.07195 
 0.00817  0.28269 
-100.00000 -100.00000 
-0.24157 -100.00000 
-0.35010  0.26306 
-100.00000  0.07599 
-100.00000 -100.00000 
-100.00000 -100.00000 
-100.00000  0.42600 
-100.00000 -100.00000 
-100.00000 -0.00011 
-100.00000 -0.08757 
-100.00000 -0.15922 
 0.35623  0.26306 
-0.24998  0.10784 
 0.07329  0.37166 
-0.26538 -0.43339 
-0.81101 -100.00000 
-100.00000 -100.00000 
-100.00000 -100.00000 
-100.00000 -100.00000 
 0.07503  0.31081 
 0.00000  0.00000 
-100.00000  0.13745 
 0.10155 -0.02497 
-0.76640 -100.00000 
-0.16189 -100.00000 
-100.00000 -100.00000 
 0.12035 -0.14889 
 0.97928 -0.73279 
-0.30609 -0.26501 
-0.22494 -0.14579 
-100.00000 -100.00000 
-100.00000 -100.00000 
-100.00000 -100.00000 
 0.00007  0.33400 
 0.10189 -0.25662 
-0.01896 -0.00426 
-0.36283  0.15651 
-100.00000 -100.00000 
-0.04438 -100.00000 
-0.18833  0.07259 
-0.29992 -100.00000 
-100.00000 -100.00000 
-100.00000  0.00001 
-100.00000  0.09034 
-100.00000 -100.00000 
 0.26298 -0.28798 
-0.55819  0.38986 
-0.43856  0.26301 
 0.00000  0.00000 
-0.38695 -0.41003 
-0.82320 -100.00000 
-0.53216  0.69690 
-100.00000 -0.15033 
-100.00000 -100.00000 
-0.29197  0.37854 
-100.00000 -100.00000 
-0.27829 -0.20263 
-0.42102 -100.00000 
-100.00000 -100.00000 
 0.05555 -0.02547 
-0.54848  0.26510 
-0.29927  0.53093 
-0.74373 -100.00000 
-100.00000 -100.00000 
 0.70177 -0.01334 
-100.00000 -100.00000 
-100.00000 -100.00000 
-100.00000 -100.00000 
 0.01361  0.29690 
-1.19561 -0.68181 
-0.06466 -100.00000 
 0.00000  0.00000 
-100.00000 -100.00000 
 0.00000  0.00000 
-100.00000 -100.00000 
-100.00000 -100.00000 
-0.61745 -0.23890 
 0.69154 -0.53940 
-0.96778  0.64722 
 0.42368  0.26302 
-0.19851 -0.21802 
-100.00000 -100.00000 
-100.00000 -100.00000 
-0.04390 -0.38804 
-100.00000 -100.00000 
-100.00000 -100.00000 
-100.00000 -100.00000 
-0.19490 -100.00000 
 0.53215 -100.00000 
-100.00000 -100.00000 
 0.07328 -0.57108 
-100.00000 -100.00000 
-0.18135 -0.66795 
-1.27880 -100.00000 
-0.42062 -0.14880 
-0.30621  0.04306 
 0.10862 -0.38320 
-100.00000 -100.00000 
-0.68204 -100.00000 
-0.99306 -0.15074 
-0.40541 -0.03700 
-0.66326 -100.00000 
-0.29499 -0.15137 
 0.84724  0.47749 
-100.00000 -100.00000 
 0.00000  0.00000 
-100.00000 -100.00000 
 0.33049 -100.00000 
 0.41002 -100.00000 
-0.18508 -0.02481 
-0.69004  0.37848 
-0.27047 -0.65057 
 0.00000  0.00000 
-100.00000 -100.00000 
 0.00000  0.00000 
 0.72307 -0.00827 
-100.00000 -100.00000 
 0.10044  0.48545 
 0.00000  0.00000 
-100.00000 -100.00000 
-0.00032 -0.13996 
-100.00000 -100.00000 
 0.37821 -100.00000 
-100.00000 -100.00000 
-0.14505 -100.00000 
-0.21536  0.21833 
-0.26001 -0.26720 
-100.00000 -100.00000 
-0.14536 -0.33044 
-100.00000  0.31797 
 0.26308 -0.12952 
-100.00000 -100.00000 
-0.27726 -100.00000 
 0.02346 -0.53261 
-0.26112  0.21835 
-0.33109 -0.49829 
-0.00515 -0.41457 
-100.00000 -0.29067 
 0.00000  0.00000 
 0.02245 -0.14006 
 0.00000  0.00000 
 0.15751 -0.38598 
-100.00000 -100.00000 
 0.15871 -100.00000 
-1.31034  0.13745 
-0.80420 -0.00003 
-100.00000 -100.00000 
-0.14550  0.10159 
-100.00000 -0.00223 
-0.47663  0.09140 
-0.70316 -0.08144 
 0.13175  0.05018 
 0.79613 -0.07658 
-0.54785  0.14905 
-0.25133 -0.01961 
-0.69767 -0.21319 
-100.00000 -100.00000 
-1.17439 -0.28647 
-0.64917 -0.55791 
 0.00000  0.00000 
-100.00000 -100.00000 
-0.41116 -100.00000 
 0.00001 -100.00000 
-0.36922 -100.00000 
 0.26307 -100.00000 
-100.00000 -100.00000 
-0.16166  0.54799 
-0.15793 -0.24285 
-100.00000 -100.00000 
-100.00000 -100.00000 
-100.00000 -100.00000 
-0.12168 -0.12394 
 0.48404  0.00039 
-0.53809  0.66033 
-0.26845 -0.38179 
-100.00000 -0.13574 
 0.11596  0.11483 
-100.00000 -0.24213 
-100.00000 -0.00044 
-0.79931  0.29612 
-0.32164  0.25459 
-0.85188 -0.00869 
-0.19963  0.07327 
-0.27586  0.03995 
-100.00000 -100.00000 
-100.00000 -0.38344 
-100.00000 -100.00000 
-0.00007  0.26305 
 0.19295 -0.23553 
 0.36063  0.12720 
-100.00000 -100.00000 
-0.14542 -0.10148 
-100.00000 -100.00000 
 0.77424  0.06754 
-100.00000 -100.00000 
 0.02307 -0.01851 
 0.25179  0.40467 
-0.21757 -0.77588 
 0.26305 -100.00000 
-0.26048 -0.22964 
-0.22132  0.12143 
-0.40294 -0.11066 
-100.00000 -100.00000 
-100.00000  0.26319 
 0.16454 -0.34989 
-0.59054 -0.01233 
-0.05979  0.45065 
-100.00000 -100.00000 
-0.27615 -100.00000 
 0.57655  0.63978 
-0.13404 -0.40372 
 0.14949  0.20221 
-0.23662 -100.00000 
-100.00000  0.17503 
-100.00000 -100.00000 
-0.14191 -100.00000 
-0.00014 -100.00000 
-0.01183 -0.28612 
-100.00000 -100.00000 
-100.00000 -100.00000 
-100.00000 -100.00000 
-100.00000 -100.00000 
 0.86599  0.19393 
-0.12648 -0.02600 
 0.27086 -0.27904 
-0.15785  0.33581 
-0.61569 -0.30581 
-100.00000 -100.00000 
-0.00017  0.69819 
 0.31367 -100.00000 
-100.00000 -100.00000 
-0.27128 -100.00000 
-100.00000 -100.00000 
-100.00000 -100.00000 
 0.25502 -0.20898 
-100.00000 -100.00000 
-100.00000 -100.00000 
 0.00000  0.00000 
-1.11795 -0.70747 
-0.25404  0.44111 
-0.13378 -0.17256 
-0.96667  0.21137 
-100.00000 -100.00000 
-100.00000 -100.00000 
-0.01464 -0.48357 
-100.00000 -100.00000 
 0.00000  0.00000 
-100.00000 -100.00000 
-100.00000 -100.00000 
 0.08707  0.20805 
 0.00027 -100.00000 
-0.25434 -0.04528 
-100.00000 -0.00003 
 0.27610  0.06745 
 0.00000  0.00000 
-100.00000 -100.00000 
 0.11794  0.32557 
-0.14448  0.21757 
-100.00000 -100.00000 
-100.00000 -100.00000 
-0.27315 -0.03447 
-100.00000 -100.00000 
-0.14707 -100.00000 
-0.12325 -0.24041 
-100.00000 -100.00000 
-100.00000 -100.00000 
-100.00000 -100.00000 
-0.12285  0.07040 
 0.53072  0.04660 
-0.13158 -0.17087 
-100.00000 -100.00000 
-0.11971  0.63065 
 0.25512 -0.27397 
-0.10250 -0.34618 
 0.40658  0.67807 
-100.00000  0.00006 
-0.47246  0.38064 
 0.24132 -0.29609 
 0.13741 -0.44239 
-0.12154  0.06826 
-100.00000 -100.00000 
-0.14232  0.49946 
-0.13406  0.09985 
 0.60763 -0.06784 
-0.24256  0.05047 
-100.00000 -100.00000 
 0.00005  0.13759 
-100.00000 -100.00000 
-100.00000 -100.00000 
-100.00000 -0.18020 
-100.00000 -100.00000 
-100.00000 -100.00000 
-100.00000 -0.44357 
 0.39099  0.12877 
-100.00000 -100.00000 
 0.26317 -0.18064 
-100.00000 -100.00000 
-100.00000  0.26309 
 0.26299 -0.50132 
-100.00000 -0.18026 
-100.00000 -100.00000 
 0.11055 -0.25347 
 0.35006  0.08337 
 0.00003 -0.02599 
 1.09561  0.50871 
 0.33535 -0.11775 
-100.00000 -100.00000 
-100.00000 -100.00000 
-100.00000 -0.00007 
-0.13942  0.00372 
 0.05793  0.22842 
 0.25171 -0.17136 
-0.12871 -100.00000 
-0.08681  0.09975 
 0.52802 -0.12958 
-100.00000 -100.00000 
-100.00000 -100.00000 
-100.00000 -100.00000 
 0.00000  0.00000 
-100.00000 -100.00000 
-100.00000 -100.00000 
 0.00000  0.00000 
-0.19285  0.12454 
-100.00000  0.13744 
-0.74815 -0.11674 
-0.50805  0.34756 
-0.00020 -100.00000 
-0.67206 -0.32906 
-100.00000  0.13775 
-0.45340 -0.16290 
-0.38255 -100.00000 
-0.24200 -0.16299 
 0.00000  0.00000 
 0.58152 -100.00000 
-0.42334 -100.00000 
-0.30687  0.23921 
-100.00000 -100.00000 
-100.00000 -100.00000 
-0.10564  0.37283 
 0.26308  0.12947 
 0.13753 -0.11833 
-100.00000 -100.00000 
-100.00000 -100.00000 
-0.56068 -0.09333 
 0.26280 -100.00000 
-100.00000 -100.00000 
-100.00000 -0.33581 
-100.00000 -100.00000 
-100.00000  0.00983 
-100.00000 -100.00000 
 0.00000  0.00000 
-100.00000 -100.00000 
-100.00000 -0.60060 
-0.26893 -100.00000 
 0.06918 -0.05886 
-100.00000 -100.00000 
-100.00000  0.13764 
-0.36153 -0.41319 
-100.00000 -100.00000 
-100.00000 -100.00000 
-100.00000 -100.00000 
-100.00000 -100.00000 
-0.82276 -0.01702 
 0.13758 -100.00000 
-100.00000 -100.00000 
-0.11328 -100.00000 
 0.00000  0.00000 
-100.00000 -100.00000 
-100.00000 -0.00008 
 0.00022 -100.00000 
-100.00000 -100.00000 
-100.00000 -100.00000 
-100.00000 -100.00000 
-100.00000 -100.00000 
-100.00000 -100.00000 
-100.00000  0.11277 
-100.00000 -0.11762 
-100.00000 -100.00000 
-100.00000  0.13741 
-0.19407 -0.07558 
-100.00000 -100.00000 
 0.00000  0.00000 
-100.00000 -100.00000 
-100.00000 -100.00000 
-100.00000 -100.00000 
-100.00000 -100.00000 
 0.12382 -0.11837 
-100.00000 -100.00000 
 0.00000  0.00000 
-100.00000 -100.00000 
-0.30656  0.00990 
-0.19914  0.02287 
-0.00158 -0.19251 
 0.13758 -0.13356 
-0.45359 -100.00000 
-100.00000 -100.00000 
-0.52981  0.93131 
-0.08659 -0.43074 
-1.12662 -0.00007 
 0.01168 -0.50411 
-100.00000  0.00013 
-100.00000 -100.00000 
 0.09211  0.28228 
-100.00000 -100.00000 
-100.00000 -0.17432 
 0.15928  0.15156 
-0.00583 -0.29587 
-100.00000 -100.00000 
-100.00000 -100.00000 
 0.07267 -100.00000 
-100.00000 -100.00000 
-100.00000  0.26311 
-100.00000 -100.00000 
-0.28122  0.26283 
-100.00000 -100.00000 
 0.12179  0.46194 
-0.27382 -0.17045 
-100.00000 -100.00000 
 0.00000  0.00000 
-100.00000 -100.00000 
-0.98472 -0.62230 
-0.30659 -0.18403 
-0.31195 -0.08102 
-100.00000 -100.00000 
-0.00011 -0.50241 
-0.61832 -100.00000 
-0.17820 -100.00000 
-100.00000  0.26269 
-100.00000 -100.00000 
-0.02672  0.24510 
-1.69508 -0.28112 
 0.70452 -0.17519 
-0.15470 -0.26410 
-0.00083  0.13773 
-0.13041 -0.28949 
-0.83332  0.18125 
-100.00000 -0.04777 
 0.10488 -100.00000 
 0.08072 -0.07780 
 0.73071  0.26294 
 0.74363 -0.36628 
 0.18531  0.01987 
 0.00000  0.00000 
 0.17370  0.12560 
-0.02224  0.07616 
-100.00000  0.12622 
-0.93542  0.10398 
-0.45815  0.18304 
 0.38771  0.22868 
 0.00000  0.00000 
-100.00000 -100.00000 
-100.00000 -0.00037 
 0.56131 -0.14009 
-100.00000 -100.00000 
-0.12145 -0.03712 
 0.40343  0.22537 
-100.00000 -100.00000 
-100.00000 -100.00000 
-100.00000 -100.00000 
 0.00000  0.00000 
 0.23476  0.03405 
 0.44136  0.26291 
-100.00000 -0.10301 
-0.88996  0.50243 
 0.00000  0.00000 
-0.56478 -0.28004 
 0.04954  0.26302 
 0.00000  0.00000 
-100.00000 -100.00000 
-100.00000 -100.00000 
 0.21092 -0.16404 
-0.34923  0.31068 
 0.24122 -0.12609 
 0.08134 -0.16285 
-0.02704  0.24521 
-100.00000 -100.00000 
-0.50751 -0.05986 
-0.27404 -100.00000 
-100.00000  0.55579 
 0.34423 -0.86206 
-2.23637  0.26315 
-0.27372 -0.02184 
-100.00000  0.21922 
-2.24626  0.26311 
 0.13756 -0.33179 
-0.27379  0.13749 
-0.02339  0.44989 
-100.00000 -100.00000 
-0.02423  0.18459 
