-100.00000 -100.00000 
-0.12849 -100.00000 
-0.09487 -100.00000 
-100.00000 -100.00000 
-100.00000 -100.00000 
-100.00000 -100.00000 
 0.13874 -0.00006 
-100.00000 -100.00000 
-100.00000 -100.00000 
 0.37866 -100.00000 
-100.00000 -100.00000 
-100.00000 -100.00000 
-100.00000 -100.00000 
-0.29749  0.37327 
-100.00000 -100.00000 
 0.00000  0.00000 
-100.00000 -100.00000 
 0.00000  0.00000 
-100.00000 -100.00000 
-100.00000 -100.00000 
-100.00000 -100.00000 
-100.00000 -100.00000 
 0.05200  0.05855 
 0.00828 -0.15919 
-100.00000 -100.00000 
-100.00000 -100.00000 
 0.23101 -0.18110 
-0.14455 -0.18185 
-100.00000 -100.00000 
-100.00000 -100.00000 
 0.00000  0.00000 
-100.00000 -100.00000 
 0.00000  0.00006 
 0.00000  0.00000 
-100.00000 -100.00000 
-100.00000 -100.00000 
-100.00000 -100.00000 
 0.45570  0.01532 
-100.00000 -100.00000 
 0.19773  0.69289 
-100.00000 -100.00000 
-100.00000 -100.00000 
-100.00000 -100.00000 
-100.00000 -100.00000 
 0.37856 -100.00000 
-100.00000 -100.00000 
-100.00000  0.22186 
-0.26754 -0.03558 
-100.00000 -100.00000 
-100.00000 -100.00000 
-0.57378 -0.04447 
 0.00000  0.00000 
-100.00000 -0.26740 
-100.00000 -100.00000 
-0.11117 -0.59861 
-100.00000 -100.00000 
-100.00000 -100.00000 
-100.00000 -100.00000 
-100.00000 -100.00000 
-100.00000 -100.00000 
-100.00000 -100.00000 
-100.00000 -0.10081 
-100.00000 -100.00000 
-100.00000 -100.00000 
-0.37710 -0.26545 
-100.00000 -100.00000 
-100.00000 -100.00000 
-0.42975  0.13742 
-100.00000 -100.00000 
-0.37069 -0.15910 
-100.00000 -0.02128 
-100.00000 -100.00000 
-0.21003  0.09453 
-100.00000 -100.00000 
-100.00000 -100.00000 
-100.00000 -100.00000 
-100.00000 -100.00000 
-100.00000 -100.00000 
-100.00000 -100.00000 
-100.00000 -100.00000 
 0.82342  0.13940 
-100.00000 -100.00000 
 0.04723  0.17619 
-100.00000 -100.00000 
 0.00000  0.00000 
-0.24234 -100.00000 
-100.00000 -100.00000 
 0.00006 -100.00000 
 0.03518  0.46472 
 0.15188  0.16792 
-100.00000 -0.70714 
-0.33708 -100.00000 
-100.00000 -100.00000 
-100.00000 -100.00000 
-0.12924  0.07581 
-100.00000 -100.00000 
-100.00000 -100.00000 
 0.41068  0.31958 
 0.76201  0.61443 
-100.00000 -0.56383 
 0.33339  0.08014 
-100.00000 -100.00000 
 0.05642 -0.14794 
 0.17659  0.15165 
-100.00000 -100.00000 
-100.00000 -100.00000 
-100.00000 -100.00000 
 0.10186 -0.00008 
-100.00000 -100.00000 
-100.00000 -100.00000 
 0.00000  0.00000 
-100.00000 -100.00000 
 0.13685 -100.00000 
 0.00000  0.00000 
-100.00000 -100.00000 
 0.27665 -0.86284 
 0.13755  0.19732 
-100.00000 -100.00000 
-100.00000 -100.00000 
-0.18793 -0.37178 
-100.00000 -100.00000 
-100.00000 -100.00000 
-100.00000 -100.00000 
-0.30662 -0.05427 
-100.00000 -100.00000 
-0.60690 -100.00000 
-0.29145 -100.00000 
-100.00000 -100.00000 
-0.03449 -0.27524 
-100.00000 -100.00000 
-100.00000 -100.00000 
 0.14767  0.19710 
-100.00000 -100.00000 
-100.00000 -100.00000 
 0.76546  0.03995 
-0.65164 -0.22869 
-0.51903 -0.31539 
-100.00000 -100.00000 
-100.00000 -100.00000 
-100.00000 -100.00000 
-100.00000 -100.00000 
-0.44900 -0.69775 
-100.00000 -100.00000 
-100.00000 -100.00000 
-0.06302 -0.31431 
-0.22269  0.04471 
-100.00000 -100.00000 
-100.00000 -100.00000 
-100.00000 -100.00000 
-100.00000 -100.00000 
-100.00000 -100.00000 
-100.00000 -100.00000 
 0.00029 -100.00000 
-0.55356  0.26430 
 0.40073 -100.00000 
 0.00011  0.41383 
-0.98938 -0.00007 
-100.00000 -100.00000 
-100.00000 -1.00891 
-100.00000 -100.00000 
-100.00000 -100.00000 
-100.00000 -100.00000 
 0.76359  0.15812 
-100.00000 -100.00000 
-100.00000 -100.00000 
-100.00000 -100.00000 
-100.00000 -100.00000 
-100.00000 -100.00000 
-100.00000 -100.00000 
-0.73630 -100.00000 
 0.07262  0.03263 
 0.00000  0.00000 
-0.35464 -0.23511 
-100.00000 -100.00000 
-0.52686 -100.00000 
-100.00000 -100.00000 
-100.00000 -100.00000 
-100.00000 -100.00000 
-0.42503  0.17160 
-100.00000 -0.01369 
-100.00000  0.58499 
-100.00000 -100.00000 
-0.37051  0.41600 
-0.15231 -0.79107 
-100.00000 -100.00000 
-0.04351 -100.00000 
-100.00000 -100.00000 
-0.51879 -0.01909 
-0.30640  0.13741 
-100.00000 -100.00000 
-100.00000 -100.00000 
-100.00000 -100.00000 
-100.00000 -100.00000 
 0.07697 -0.00982 
-100.00000 -100.00000 
-100.00000 -100.00000 
-0.00032 -100.00000 
-100.00000 -100.00000 
-100.00000 -100.00000 
-100.00000 -100.00000 
-100.00000  0.70919 
 0.00000  0.00000 
 0.45049  0.09235 
-100.00000 -100.00000 
-0.47433 -100.00000 
-0.23492 -100.00000 
-100.00000 -100.00000 
-100.00000 -100.00000 
-0.12765 -100.00000 
 0.11912  0.16868 
 0.48489 -100.00000 
-0.41479 -0.27033 
-0.26008 -0.21455 
-100.00000 -0.38450 
-100.00000 -0.00218 
-0.00011 -100.00000 
-100.00000 -100.00000 
-100.00000 -100.00000 
-0.00004 -100.00000 
-0.89946 -100.00000 
 0.36077  0.14191 
-100.00000 -100.00000 
-0.09744 -0.30686 
-100.00000 -100.00000 
-100.00000 -100.00000 
-0.00070 -0.00007 
 0.11743 -100.00000 
-100.00000 -100.00000 
-0.74201 -0.52814 
-100.00000 -100.00000 
 0.08581 -0.10299 
 0.13268 -0.88479 
-100.00000 -100.00000 
-100.00000 -100.00000 
-100.00000 -100.00000 
-0.03044 -100.00000 
-0.75797 -0.12238 
 0.00000  0.00000 
-100.00000 -100.00000 
-100.00000 -100.00000 
-100.00000 -100.00000 
-100.00000 -100.00000 
-100.00000 -100.00000 
 0.21287 -0.45422 
-100.00000 -100.00000 
-0.14293 -100.00000 
-100.00000 -100.00000 
-100.00000  0.13742 
-100.00000 -100.00000 
-100.00000 -100.00000 
-0.02956 -0.29706 
-100.00000 -100.00000 
 0.43789 -100.00000 
 0.00000  0.00000 
-100.00000 -100.00000 
-100.00000 -100.00000 
-100.00000 -100.00000 
-100.00000 -100.00000 
-0.03678  0.40512 
-100.00000 -100.00000 
-100.00000 -100.00000 
-0.26944  0.30946 
-0.45673  0.13352 
-100.00000 -100.00000 
-100.00000 -100.00000 
-100.00000 -100.00000 
-100.00000 -100.00000 
-100.00000 -100.00000 
-100.00000  0.37854 
-100.00000  0.22031 
-100.00000 -100.00000 
-100.00000 -100.00000 
-100.00000 -100.00000 
-0.61321 -0.19391 
-100.00000 -100.00000 
-0.24851 -0.27549 
 0.28037 -100.00000 
 0.52426  0.90573 
-100.00000 -100.00000 
 0.05751 -0.01803 
-100.00000 -100.00000 
-100.00000 -100.00000 
-100.00000 -100.00000 
-100.00000 -100.00000 
-0.04416 -0.50845 
-100.00000 -100.00000 
-0.33886 -0.58919 
-100.00000 -100.00000 
 0.42634 -100.00000 
-0.52295 -0.27252 
-100.00000 -100.00000 
 0.29040  0.08167 
-100.00000 -100.00000 
 0.53548 -100.00000 
-100.00000 -100.00000 
-100.00000 -100.00000 
-100.00000 -100.00000 
-100.00000 -100.00000 
-0.05733 -0.67733 
-100.00000 -100.00000 
-0.01104 -0.19268 
-100.00000 -100.00000 
 0.22517  0.75411 
-100.00000 -100.00000 
-0.46602 -0.17281 
-100.00000 -100.00000 
-100.00000 -100.00000 
-100.00000 -100.00000 
-100.00000 -100.00000 
 0.07328 -0.08549 
-100.00000 -100.00000 
 0.46151 -0.79334 
-100.00000 -100.00000 
-0.01532  0.32205 
-100.00000 -100.00000 
-100.00000 -100.00000 
-100.00000 -100.00000 
 0.10702 -0.56993 
-100.00000 -100.00000 
-100.00000 -100.00000 
-100.00000 -100.00000 
-0.27106 -100.00000 
-0.31923  0.14454 
-100.00000 -100.00000 
-100.00000 -100.00000 
-100.00000 -100.00000 
-100.00000 -100.00000 
-100.00000 -100.00000 
-100.00000 -100.00000 
-100.00000 -100.00000 
-100.00000 -100.00000 
-100.00000 -100.00000 
-100.00000 -100.00000 
-100.00000 -100.00000 
-100.00000 -100.00000 
 0.26307 -100.00000 
-100.00000  0.26270 
-100.00000 -100.00000 
-100.00000 -100.00000 
-100.00000 -100.00000 
-100.00000 -100.00000 
-100.00000  0.00003 
-100.00000 -100.00000 
 0.34902  0.61083 
-100.00000 -100.00000 
-100.00000 -100.00000 
-100.00000 -100.00000 
 0.49827  0.17634 
-100.00000 -100.00000 
-0.50025  0.27519 
-0.10836 -0.38537 
-100.00000 -100.00000 
-100.00000 -100.00000 
 0.45929  0.54557 
-100.00000 -100.00000 
-100.00000 -100.00000 
-100.00000 -100.00000 
-100.00000 -0.00010 
-100.00000 -100.00000 
-100.00000 -100.00000 
-100.00000 -100.00000 
 0.00000  0.00000 
-100.00000 -100.00000 
-100.00000 -100.00000 
-100.00000 -100.00000 
 0.20017  0.70356 
-100.00000 -100.00000 
 0.13750 -100.00000 
-100.00000 -100.00000 
-100.00000 -100.00000 
 0.66195 -0.60897 
 0.04651  0.19988 
-0.14204 -100.00000 
-100.00000 -100.00000 
 0.26299 -0.04741 
-0.00100  0.25035 
 0.12111 -0.42798 
-100.00000 -100.00000 
-100.00000 -100.00000 
 0.00000  0.00000 
-100.00000 -100.00000 
-100.00000 -0.13361 
-100.00000 -100.00000 
-100.00000 -100.00000 
-100.00000 -100.00000 
 0.33843  0.60351 
 0.00006 -0.11704 
-100.00000 -100.00000 
-0.13498 -0.25939 
-100.00000 -100.00000 
-100.00000 -100.00000 
-100.00000 -100.00000 
 0.50865  0.18044 
-100.00000 -100.00000 
-100.00000 -100.00000 
 1.08788 -0.30185 
-100.00000 -100.00000 
 0.37840 -0.25606 
-100.00000 -100.00000 
-0.00411 -0.30013 
-100.00000 -100.00000 
-100.00000 -100.00000 
 0.11383 -0.39686 
-100.00000 -100.00000 
-100.00000 -100.00000 
-100.00000 -100.00000 
-100.00000 -100.00000 
-0.00367 -0.13064 
-100.00000 -100.00000 
 0.17037  0.50357 
-100.00000 -100.00000 
-0.59106  0.00992 
-100.00000 -100.00000 
 0.38850 -0.14235 
-0.66206  0.29246 
-100.00000 -100.00000 
-100.00000 -0.11833 
-100.00000 -100.00000 
-100.00000 -100.00000 
-100.00000 -100.00000 
-0.58349  0.77218 
-0.09563  0.23014 
-100.00000 -100.00000 
-0.09843  0.34535 
-100.00000 -100.00000 
-100.00000 -100.00000 
-100.00000  0.00050 
 0.00000  0.00000 
 0.00000  0.00000 
-100.00000 -100.00000 
-100.00000 -100.00000 
-100.00000 -100.00000 
 0.00000  0.00000 
-100.00000 -100.00000 
-100.00000 -100.00000 
-100.00000 -100.00000 
-100.00000  0.13746 
-0.01506 -0.53978 
-100.00000 -100.00000 
 0.65849 -0.18682 
-100.00000 -100.00000 
-100.00000 -100.00000 
-100.00000  0.00461 
-100.00000 -100.00000 
-100.00000 -100.00000 
 0.26325  0.26316 
-0.49399 -0.07731 
 0.09436 -0.36845 
-100.00000 -100.00000 
-100.00000 -100.00000 
-100.00000 -100.00000 
 0.00000  0.00000 
-100.00000 -100.00000 
-100.00000 -100.00000 
 0.00000  0.00000 
-0.49101 -0.31885 
-0.30647 -0.59160 
-100.00000 -100.00000 
-100.00000 -100.00000 
 0.16619  0.63129 
-100.00000 -100.00000 
-100.00000 -100.00000 
-0.13607 -0.04147 
-100.00000 -100.00000 
-100.00000 -100.00000 
-100.00000 -100.00000 
-100.00000 -100.00000 
-100.00000 -100.00000 
-100.00000 -100.00000 
-100.00000 -100.00000 
 0.32848  0.73735 
 0.17072  0.33260 
-0.13929  0.48559 
-100.00000 -100.00000 
-0.59107 -0.33533 
-100.00000 -100.00000 
-100.00000 -100.00000 
-0.50617 -0.10018 
-100.00000 -100.00000 
-100.00000 -100.00000 
-100.00000 -100.00000 
 0.37224 -0.47184 
-100.00000 -100.00000 
 0.00005 -0.15921 
-100.00000 -100.00000 
-0.00034 -100.00000 
-100.00000 -100.00000 
 0.00000  0.00000 
 0.37574  0.34931 
-1.25242 -0.09594 
-100.00000 -100.00000 
-100.00000 -100.00000 
-0.33859 -0.27076 
-100.00000 -100.00000 
-100.00000 -100.00000 
-100.00000 -100.00000 
-0.24872 -0.42354 
-100.00000 -0.00023 
-100.00000 -0.99321 
-100.00000  0.13759 
 0.00000  0.00000 
-100.00000 -100.00000 
-100.00000 -100.00000 
-100.00000 -100.00000 
 0.11989 -100.00000 
-100.00000 -100.00000 
 0.09790 -0.59933 
 0.57407  0.05210 
-100.00000 -100.00000 
-0.27471 -100.00000 
-100.00000 -100.00000 
-0.03394  0.28105 
-0.26320 -100.00000 
 0.37229 -0.01351 
-0.61381 -100.00000 
-100.00000 -100.00000 
 0.00000  0.00000 
-100.00000 -100.00000 
-100.00000 -100.00000 
-0.13673  0.00016 
-100.00000 -100.00000 
-0.28253  0.34407 
-100.00000 -0.12754 
 0.26270  0.13740 
 0.52557 -0.27205 
-100.00000 -0.00010 
-0.00015 -0.40779 
 0.22456 -100.00000 
-100.00000 -100.00000 
-100.00000 -100.00000 
-100.00000 -100.00000 
-100.00000 -0.00006 
-0.13849 -0.29977 
-100.00000 -100.00000 
-100.00000 -100.00000 
-100.00000  0.37865 
-100.00000 -0.03853 
-100.00000 -100.00000 
-100.00000 -100.00000 
-100.00000 -100.00000 
-100.00000 -100.00000 
-100.00000 -100.00000 
-100.00000 -100.00000 
-0.14391 -0.43219 
-100.00000 -100.00000 
-100.00000 -100.00000 
-100.00000 -100.00000 
-100.00000 -100.00000 
-100.00000 -100.00000 
-100.00000 -100.00000 
-100.00000 -100.00000 
-100.00000 -100.00000 
-100.00000 -100.00000 
-100.00000 -100.00000 
-100.00000 -100.00000 
 0.10592 -0.71570 
-100.00000 -100.00000 
-100.00000 -100.00000 
-100.00000 -100.00000 
-100.00000 -100.00000 
-100.00000 -100.00000 
-0.27379 -100.00000 
-100.00000 -100.00000 
-0.24049 -100.00000 
-100.00000 -100.00000 
