-100.00000 -100.00000 
 0.20113 -0.06313 
 0.37844  0.03253 
 0.43321  0.27774 
-100.00000 -100.00000 
-100.00000 -100.00000 
-100.00000  0.32628 
-100.00000 -100.00000 
-100.00000 -100.00000 
-100.00000 -0.15911 
-100.00000  0.03236 
-100.00000 -100.00000 
-100.00000 -100.00000 
-100.00000 -100.00000 
-100.00000 -100.00000 
 1.03442 -0.26568 
-100.00000 -100.00000 
 0.05570 -0.02457 
-0.00739 -0.00003 
-100.00000 -100.00000 
-100.00000 -100.00000 
-100.00000 -0.00006 
-100.00000 -100.00000 
-0.14120 -0.16507 
-0.12453 -0.06716 
-0.00382 -100.00000 
 0.00000  0.00000 
 0.00000  0.00000 
 0.48550 -100.00000 
 0.27659 -0.57641 
-0.13102 -0.30776 
 0.18039  0.07710 
-100.00000 -100.00000 
-0.24354 -0.40066 
-100.00000 -100.00000 
-100.00000 -100.00000 
-100.00000 -100.00000 
-100.00000 -100.00000 
-0.50514 -0.42263 
 0.00000  0.00000 
-100.00000 -100.00000 
-100.00000 -100.00000 
-100.00000 -100.00000 
-100.00000 -100.00000 
 0.13751 -0.16435 
-100.00000 -100.00000 
-100.00000 -100.00000 
 0.00000  0.00000 
-100.00000 -100.00000 
-100.00000 -100.00000 
-100.00000 -100.00000 
 0.55277 -0.13647 
-0.42036 -0.08899 
-0.46809  0.09362 
 0.00000  0.00000 
-100.00000 -100.00000 
-0.81368  0.18675 
-0.00749  0.13756 
-100.00000 -100.00000 
 0.03050 -0.15481 
 0.13743 -0.30106 
-0.45867  0.31927 
 0.16589 -100.00000 
-0.96105 -100.00000 
-0.44023  0.42824 
-100.00000 -100.00000 
-100.00000 -100.00000 
-0.49731 -100.00000 
-100.00000 -100.00000 
-0.59825 -100.00000 
-0.21835  0.63964 
-100.00000 -100.00000 
 0.00000  0.00000 
-100.00000  0.10523 
-0.00006  0.58482 
-100.00000 -100.00000 
-100.00000 -100.00000 
-100.00000 -100.00000 
-100.00000 -100.00000 
-100.00000 -100.00000 
 0.00000  0.00000 
-100.00000 -100.00000 
-0.96050  0.66812 
-100.00000 -100.00000 
-0.24770  0.11098 
 0.73117  0.18278 
-100.00000 -100.00000 
-100.00000 -100.00000 
-0.17062  1.06696 
-0.11217  0.31061 
-1.17377 -100.00000 
-0.81799 -100.00000 
-100.00000 -100.00000 
-100.00000 -100.00000 
 0.16750 -0.29559 
-0.00007 -0.15059 
-100.00000 -100.00000 
-100.00000 -100.00000 
 0.34658  0.37867 
-0.26121 -0.15139 
 0.00000  0.00000 
-0.80616 -100.00000 
 0.26299  0.13761 
 0.00000  0.00000 
-100.00000 -100.00000 
-100.00000 -100.00000 
-100.00000 -100.00000 
 0.24223 -0.14959 
-100.00000 -100.00000 
-100.00000 -100.00000 
 0.30920 -0.26900 
-100.00000 -100.00000 
 0.09865 -0.43181 
 0.03166 -0.19457 
 0.32330 -100.00000 
-100.00000 -100.00000 
-100.00000 -100.00000 
-100.00000 -100.00000 
-100.00000 -100.00000 
-100.00000 -100.00000 
-100.00000 -100.00000 
-100.00000 -100.00000 
 0.24521  0.20852 
-0.13671 -100.00000 
-100.00000 -100.00000 
-0.27464  0.78246 
-0.45207 -100.00000 
-100.00000 -100.00000 
-100.00000 -100.00000 
-100.00000 -100.00000 
-100.00000 -100.00000 
-100.00000 -100.00000 
-100.00000 -100.00000 
-100.00000 -100.00000 
 0.07385 -0.23971 
 0.38693  0.17973 
-0.99314 -100.00000 
-0.51229 -0.24054 
-0.20528  0.11210 
-100.00000 -100.00000 
-100.00000 -100.00000 
 0.00000  0.00000 
 0.17485 -0.10128 
-100.00000 -100.00000 
 0.31130  0.10425 
 0.00000  0.00000 
-100.00000 -100.00000 
-100.00000 -100.00000 
-100.00000 -100.00000 
-100.00000 -100.00000 
-100.00000 -100.00000 
-100.00000 -100.00000 
-1.14318 -0.40844 
-0.64578 -0.48179 
-100.00000 -0.34149 
 0.65496 -100.00000 
 0.22442 -0.45047 
-0.15832 -0.20522 
-0.00092  0.10702 
-100.00000 -100.00000 
-0.12334 -100.00000 
-1.68928  0.18761 
 0.00000  0.00000 
-100.00000 -100.00000 
 0.78989 -100.00000 
-100.00000 -100.00000 
-100.00000 -100.00000 
-100.00000 -100.00000 
-0.36610 -0.48814 
 0.05576  0.11084 
 0.67900 -0.41260 
-0.21867 -0.23146 
-0.25990 -0.22299 
 0.11771 -0.14983 
-0.19551 -0.26248 
 0.00350 -0.14937 
-100.00000 -100.00000 
 1.24195 -0.15114 
 0.00000  0.00000 
-100.00000 -0.27835 
 0.26317  0.11175 
-0.12290  0.29679 
 0.00000  0.00000 
 0.00000  0.00000 
-0.24323  0.12841 
 0.13741 -0.25561 
-0.09051 -0.43645 
-100.00000 -100.00000 
-100.00000 -100.00000 
-100.00000 -100.00000 
-100.00000 -100.00000 
-100.00000 -100.00000 
-100.00000 -100.00000 
-100.00000 -100.00000 
-100.00000 -100.00000 
-0.00876 -0.00384 
-0.67694  0.18827 
-100.00000 -100.00000 
-100.00000 -100.00000 
-0.31365  0.06201 
 0.44733 -0.06263 
 0.25171 -0.87337 
 0.00002 -100.00000 
-100.00000 -100.00000 
-0.15114  0.18215 
 0.19151  0.06365 
-100.00000 -100.00000 
-100.00000 -100.00000 
-0.09331  0.34050 
 0.00000  0.00000 
 0.83564 -0.31728 
 0.00000  0.00000 
-100.00000  0.00021 
-100.00000 -100.00000 
-100.00000 -100.00000 
-0.00446 -100.00000 
-100.00000 -100.00000 
-0.00078 -100.00000 
-100.00000 -0.00006 
-0.14956  1.03553 
 0.00000  0.00000 
-100.00000  0.13748 
 0.00000  0.00000 
-0.84464  0.13738 
 0.00004 -100.00000 
-100.00000 -100.00000 
-0.09971 -0.01162 
-100.00000 -100.00000 
-100.00000 -100.00000 
-0.69442 -0.13933 
-0.14099 -0.46816 
-0.12531  0.01589 
-100.00000 -100.00000 
-0.38775 -100.00000 
-0.20260 -0.10005 
-1.27581 -1.00155 
-0.28526 -0.14082 
-0.28426 -0.58704 
-0.14130 -100.00000 
-0.45343 -0.07500 
-100.00000 -100.00000 
-100.00000 -100.00000 
-100.00000 -100.00000 
 0.00000  0.00000 
-100.00000 -0.35456 
 0.11367 -0.33023 
-100.00000 -100.00000 
-0.22101 -0.12394 
-100.00000 -100.00000 
-100.00000 -100.00000 
-0.35773 -0.11094 
-0.27314 -0.67111 
-0.60125  0.12352 
 0.22516  0.15000 
-0.37829  0.12396 
-100.00000 -100.00000 
-0.60330 -100.00000 
-100.00000 -100.00000 
-100.00000 -100.00000 
-100.00000 -100.00000 
-1.02214  0.20083 
-100.00000 -100.00000 
 0.00000  0.00000 
-0.00009 -100.00000 
-100.00000 -100.00000 
-100.00000 -100.00000 
-100.00000 -100.00000 
 0.44373 -100.00000 
-100.00000 -100.00000 
-100.00000 -100.00000 
-100.00000 -100.00000 
-100.00000 -100.00000 
-100.00000 -100.00000 
 0.03690  0.04173 
-100.00000 -100.00000 
 0.07080 -0.47266 
-0.16721  0.13782 
-0.01423 -0.42122 
 0.28332  0.49767 
-100.00000  0.00015 
-0.20715  0.11148 
 0.34444 -100.00000 
 0.09810 -0.00665 
-100.00000 -100.00000 
 0.00000  0.00000 
 0.22689 -0.16975 
-0.64897 -100.00000 
-100.00000 -100.00000 
 0.71210 -0.73373 
-0.13493 -0.34413 
-100.00000 -100.00000 
 0.00000  0.00000 
-100.00000 -100.00000 
 0.04316 -0.21784 
-100.00000  0.13757 
-100.00000 -100.00000 
-100.00000 -100.00000 
-100.00000 -100.00000 
-0.25458 -0.23988 
-100.00000 -100.00000 
-100.00000 -100.00000 
-100.00000 -100.00000 
 0.00000  0.00000 
-0.17754  0.11549 
 0.00000  0.00000 
-100.00000 -100.00000 
-100.00000 -100.00000 
-100.00000 -100.00000 
-100.00000 -100.00000 
 0.00000  0.00000 
-100.00000 -100.00000 
 0.31903 -0.03152 
-100.00000 -100.00000 
 0.06888 -0.16338 
 0.00004 -100.00000 
-100.00000 -100.00000 
-100.00000  0.00006 
-0.60718 -0.42706 
-100.00000 -100.00000 
-100.00000 -100.00000 
 0.18082 -0.19172 
 0.12844 -0.16344 
-100.00000 -100.00000 
-100.00000 -100.00000 
 0.40594 -0.38237 
-0.00025 -0.17393 
 0.59537  0.60222 
-100.00000 -100.00000 
-100.00000 -100.00000 
-100.00000 -100.00000 
-100.00000 -100.00000 
-100.00000 -100.00000 
-100.00000 -100.00000 
-100.00000 -100.00000 
-100.00000 -100.00000 
 0.00000  0.00000 
 0.07117  0.25611 
-0.13443 -100.00000 
-100.00000 -100.00000 
-0.00014 -100.00000 
-0.24195 -100.00000 
-0.25921 -0.01631 
-100.00000 -100.00000 
-100.00000 -100.00000 
-100.00000 -100.00000 
-100.00000 -100.00000 
-100.00000 -100.00000 
-100.00000 -100.00000 
-0.21465  0.13743 
-100.00000 -100.00000 
-100.00000 -100.00000 
-100.00000 -100.00000 
 0.13780  0.42159 
-100.00000 -100.00000 
-100.00000 -100.00000 
-100.00000 -100.00000 
-100.00000 -100.00000 
-0.40072  0.37842 
-100.00000 -100.00000 
-100.00000 -100.00000 
 0.00022 -100.00000 
 0.33713  0.04947 
-100.00000 -100.00000 
-100.00000 -100.00000 
-100.00000  0.00004 
-100.00000 -100.00000 
-100.00000 -100.00000 
-0.37154  0.21519 
-0.10820 -0.18702 
 1.30694 -100.00000 
 0.00000  0.00000 
-100.00000 -100.00000 
-100.00000 -100.00000 
-100.00000 -100.00000 
-100.00000 -100.00000 
-100.00000 -100.00000 
-100.00000  0.13758 
-100.00000 -100.00000 
-100.00000 -100.00000 
 0.89608 -0.11286 
-100.00000 -100.00000 
-0.14890  0.00712 
 0.11937 -0.07917 
-100.00000 -100.00000 
-100.00000 -100.00000 
 0.00000  0.00000 
-100.00000 -100.00000 
-0.14808  0.12944 
 0.00000  0.00000 
 0.00129 -100.00000 
-0.02356  0.13743 
-0.15046 -0.42643 
 0.00000  0.00000 
 0.27117  0.25225 
-100.00000 -100.00000 
 0.00000  0.00000 
 0.00004  0.10280 
-100.00000 -100.00000 
 0.00000 -100.00000 
-100.00000 -100.00000 
-0.27458  0.23119 
-100.00000 -100.00000 
 0.00000  0.00000 
 0.61773 -0.20164 
-100.00000 -100.00000 
-100.00000 -100.00000 
-0.14602 -100.00000 
-100.00000 -100.00000 
-0.15018 -100.00000 
-0.01382 -100.00000 
 0.01656 -0.26671 
-0.14398 -100.00000 
-100.00000 -100.00000 
 0.00000  0.00000 
 0.00000  0.00000 
-100.00000 -100.00000 
-100.00000 -100.00000 
-0.01268  0.32891 
-100.00000 -100.00000 
-100.00000 -100.00000 
-100.00000 -100.00000 
 0.00000  0.00000 
-100.00000 -100.00000 
 0.00000  0.00000 
 0.05645  0.01969 
 0.29708 -0.08024 
-100.00000 -100.00000 
 0.50523  0.18348 
 0.22742  0.20352 
-100.00000 -100.00000 
-100.00000 -100.00000 
-100.00000 -100.00000 
 0.22256  0.52316 
-100.00000 -0.10194 
-100.00000 -100.00000 
-100.00000 -100.00000 
-100.00000 -100.00000 
 0.00000  0.00000 
-100.00000 -100.00000 
-100.00000 -100.00000 
-100.00000 -100.00000 
-100.00000 -100.00000 
-100.00000 -100.00000 
-100.00000 -100.00000 
-100.00000 -100.00000 
-100.00000 -100.00000 
 0.00000  0.00000 
-100.00000 -100.00000 
-100.00000 -100.00000 
 0.33499  0.45143 
-100.00000 -100.00000 
-0.39336  0.47140 
-100.00000 -100.00000 
 0.04660 -0.11353 
 0.47178  0.16386 
-0.41109 -100.00000 
 0.00000  0.00000 
-100.00000 -100.00000 
-0.80619 -0.08538 
 0.00000  0.00000 
 0.00004 -100.00000 
-100.00000  0.00008 
 0.48541 -0.36858 
 0.98746 -0.43732 
-100.00000 -100.00000 
-100.00000  0.09999 
 0.21180 -0.07476 
-100.00000 -100.00000 
-100.00000 -100.00000 
-0.30926 -100.00000 
 0.00000  0.00000 
 0.00000  0.00000 
-100.00000 -100.00000 
-0.37931 -0.30310 
-100.00000 -100.00000 
-0.76774 -0.50352 
-0.07216 -100.00000 
 0.00000  0.00000 
-100.00000 -100.00000 
-100.00000 -100.00000 
-100.00000 -100.00000 
 0.25327  0.58489 
-100.00000 -100.00000 
 0.04334  0.03257 
-0.22837 -0.05454 
-0.48437  0.08202 
-100.00000 -100.00000 
 0.62828  0.05237 
 0.00000  0.00000 
 0.28919 -0.00030 
-100.00000 -100.00000 
-100.00000 -100.00000 
-100.00000 -0.74431 
 0.56465  0.03028 
-100.00000 -100.00000 
-100.00000 -100.00000 
 0.00000  0.00000 
-100.00000 -100.00000 
-0.31208 -0.24648 
-0.43186 -100.00000 
-0.61902  0.19708 
-0.09467 -0.43337 
-0.42430 -100.00000 
-0.10225 -0.17814 
-0.09435 -0.16539 
-0.00021 -100.00000 
-100.00000 -100.00000 
-100.00000 -100.00000 
-100.00000 -100.00000 
 0.00231 -0.18555 
-0.00004 -100.00000 
 0.00000  0.00000 
-0.19810 -0.29775 
-100.00000 -100.00000 
 0.25608 -0.02568 
-100.00000 -100.00000 
 0.21126  0.17288 
-0.38429 -100.00000 
-100.00000 -100.00000 
 0.39348 -0.16404 
-100.00000 -100.00000 
-0.57433 -0.26890 
-0.12083  0.37602 
-0.25117 -100.00000 
-100.00000 -100.00000 
-100.00000 -100.00000 
 0.26307 -100.00000 
-0.09179 -100.00000 
-0.62756 -0.02242 
-100.00000 -100.00000 
-100.00000 -100.00000 
-100.00000 -100.00000 
-0.23218  0.58507 
-100.00000 -100.00000 
 0.14856 -0.43221 
-100.00000 -100.00000 
-100.00000 -100.00000 
-0.10276  0.06145 
-100.00000 -100.00000 
-100.00000 -100.00000 
-100.00000 -100.00000 
-100.00000 -100.00000 
-100.00000 -100.00000 
-0.12066 -100.00000 
-100.00000 -100.00000 
-100.00000 -100.00000 
-100.00000 -100.00000 
-100.00000 -100.00000 
 0.01725 -0.05471 
 0.55903  0.13868 
-100.00000 -100.00000 
-100.00000 -100.00000 
-100.00000 -100.00000 
-100.00000 -100.00000 
-0.33534 -100.00000 
 0.00000  0.00000 
-100.00000 -100.00000 
 0.00003  0.00000 
-100.00000 -100.00000 
-100.00000 -100.00000 
-100.00000 -100.00000 
 0.46352 -100.00000 
-100.00000 -100.00000 
-100.00000 -100.00000 
-0.12046 -0.00004 
