-0.09431  0.26316 
 0.52071  0.00021 
-0.38820 -100.00000 
 0.48471  0.02639 
 0.00018  0.21929 
 0.00807 -100.00000 
-100.00000 -100.00000 
-0.18872 -0.08768 
-100.00000 -0.15920 
 0.00015 -100.00000 
 0.00826 -100.00000 
-100.00000 -0.05408 
-0.00007 -100.00000 
 0.02104 -100.00000 
 0.32067 -100.00000 
-100.00000 -100.00000 
-100.00000 -100.00000 
-100.00000 -100.00000 
-0.50077 -0.60528 
 0.00001 -100.00000 
 0.03743  0.12549 
 0.13745 -100.00000 
-100.00000 -100.00000 
-100.00000 -100.00000 
 0.42319  0.26282 
-100.00000 -100.00000 
-100.00000 -100.00000 
-100.00000 -100.00000 
-100.00000 -100.00000 
-100.00000 -100.00000 
-100.00000 -100.00000 
 0.13325 -0.52316 
-100.00000 -100.00000 
-100.00000 -100.00000 
-100.00000  0.00011 
-100.00000 -0.02162 
-0.62279  0.38802 
-0.12927 -100.00000 
-1.07496 -0.44572 
-100.00000 -100.00000 
-100.00000 -100.00000 
 0.00742 -100.00000 
-100.00000 -100.00000 
-100.00000 -100.00000 
 0.40361 -0.07861 
-100.00000 -100.00000 
-0.51351 -100.00000 
-100.00000 -100.00000 
-100.00000 -0.15682 
 0.00007 -0.00007 
-100.00000 -100.00000 
-100.00000 -100.00000 
-0.03799  0.70516 
 0.09754 -0.14739 
-100.00000 -100.00000 
-0.38619  0.18895 
-0.40946 -0.24458 
-100.00000  0.26309 
 0.43144 -0.28676 
-0.20463  0.26428 
-100.00000 -100.00000 
 0.53697 -0.59609 
 0.05094  0.17659 
-0.05787  0.21702 
 0.24774  0.15824 
-100.00000  0.00002 
-100.00000 -100.00000 
 0.30558 -0.67834 
-100.00000 -100.00000 
 0.62676 -0.61045 
 0.21775  0.06010 
 0.61952 -0.37609 
-100.00000  0.47498 
-100.00000 -100.00000 
-100.00000 -100.00000 
 0.22116  0.71906 
 0.38055 -100.00000 
-0.00007 -0.02136 
-100.00000 -100.00000 
 0.04767  0.11947 
-100.00000 -100.00000 
-100.00000 -100.00000 
-100.00000 -100.00000 
 0.01397  0.48543 
-100.00000 -100.00000 
-100.00000  0.76673 
-0.00015  0.13753 
 0.35623 -0.39995 
 0.45585 -0.84983 
-0.09882  0.03280 
 0.00000  0.00000 
-0.00010 -0.00006 
-0.07200 -0.19518 
-100.00000 -100.00000 
-100.00000 -100.00000 
-100.00000 -100.00000 
-100.00000 -100.00000 
-100.00000 -100.00000 
-0.61237  0.00572 
-100.00000 -100.00000 
-0.17726 -0.31416 
-100.00000 -100.00000 
-100.00000 -100.00000 
-0.43759 -0.15157 
 0.26959  0.53044 
-100.00000 -100.00000 
 0.23976  0.35300 
-100.00000 -100.00000 
-100.00000 -100.00000 
 0.29795 -0.67197 
-100.00000  0.54184 
-0.42087 -100.00000 
-0.30665 -0.15135 
-100.00000 -100.00000 
-100.00000 -100.00000 
-100.00000 -100.00000 
-100.00000 -100.00000 
-100.00000 -100.00000 
 0.00000  0.00000 
-100.00000 -100.00000 
-0.38419 -0.22625 
-100.00000 -100.00000 
 0.63283  0.00345 
-100.00000 -100.00000 
-100.00000 -100.00000 
 0.36729 -100.00000 
-1.00443 -0.66168 
-100.00000 -100.00000 
-100.00000 -100.00000 
 0.00000  0.00000 
-100.00000 -100.00000 
-100.00000 -100.00000 
-100.00000 -100.00000 
-100.00000 -100.00000 
-100.00000 -100.00000 
-0.38254  0.42806 
-100.00000 -100.00000 
-0.32070 -0.19648 
-0.00073  0.13742 
-0.11398  0.52951 
-0.00024 -100.00000 
-100.00000 -100.00000 
-0.12989 -0.53154 
-100.00000 -100.00000 
-100.00000 -100.00000 
-0.19983  0.34670 
-0.15560  0.15514 
-100.00000 -100.00000 
-100.00000 -100.00000 
-100.00000 -100.00000 
-100.00000 -100.00000 
-0.13463  0.23559 
 0.83817  0.37724 
-0.19309  0.24233 
 0.00000  0.00000 
 0.25188 -0.07159 
-0.47279  0.10079 
-0.11492 -0.14579 
 0.08366 -0.18448 
-100.00000 -100.00000 
-100.00000 -100.00000 
 0.00000  0.00000 
-100.00000 -100.00000 
-100.00000 -100.00000 
-0.16103 -100.00000 
-0.19919 -0.05559 
-0.00015  0.26340 
-0.02392  0.19760 
-0.40320 -0.24636 
-0.83185  0.26509 
-1.00968  0.18971 
-100.00000 -100.00000 
-0.06020 -100.00000 
-100.00000 -100.00000 
-0.45517 -0.22155 
-0.04380 -0.48643 
 0.10179 -0.01375 
-100.00000  0.15005 
-100.00000 -100.00000 
 0.36559  0.37851 
-100.00000 -100.00000 
 0.33043 -0.39575 
-100.00000 -100.00000 
-0.53201 -0.28509 
-0.56256  0.17643 
 0.08977 -0.14433 
-0.38308  0.21546 
-100.00000 -0.49694 
-100.00000 -100.00000 
-0.59586 -0.24171 
-100.00000 -100.00000 
-0.13943 -100.00000 
-0.03945 -0.15676 
-100.00000  0.00003 
-100.00000 -100.00000 
 0.33727  0.21214 
 0.49197 -0.33426 
 0.00005 -100.00000 
-100.00000 -100.00000 
-0.53047 -0.00742 
-0.62184  0.29389 
-100.00000 -100.00000 
-0.27675 -100.00000 
-0.21484 -0.18088 
 0.17777 -0.05205 
-0.14014 -0.21425 
 0.00005 -0.00008 
-100.00000 -100.00000 
-0.13107 -0.32961 
-0.22426 -0.83746 
-0.21792  0.34194 
-0.90422 -100.00000 
-100.00000 -100.00000 
-100.00000 -100.00000 
-100.00000 -100.00000 
-0.21481 -0.65940 
-100.00000 -100.00000 
-100.00000 -100.00000 
-100.00000 -100.00000 
-0.40046  0.69216 
-0.66265 -0.20587 
-100.00000  0.13748 
-0.14103 -0.26732 
 0.00000  0.00000 
 0.00000  0.00000 
-100.00000 -100.00000 
 0.56333 -100.00000 
-0.11080 -0.00580 
-0.03277 -100.00000 
-0.37280  0.11216 
-100.00000 -0.00084 
-0.00572 -0.56441 
 0.00000  0.00000 
 0.05254 -0.00375 
-0.23009 -0.00020 
-0.60296 -0.64538 
 0.00000  0.00000 
-100.00000 -0.13450 
 0.68096  0.52586 
-0.33491  0.20062 
 0.05634  0.21971 
 0.00000  0.00000 
-100.00000 -100.00000 
-100.00000 -100.00000 
-100.00000 -100.00000 
-100.00000 -100.00000 
-0.24985 -0.21947 
-100.00000 -0.44419 
 0.23145 -100.00000 
 0.10033  0.00008 
-0.36593 -0.20353 
-0.26811 -0.12238 
 0.18500  0.22388 
-100.00000 -100.00000 
-0.02065  0.13706 
-100.00000 -0.00003 
-0.27840 -0.24679 
-100.00000 -100.00000 
 0.00003 -100.00000 
-100.00000 -100.00000 
-100.00000 -100.00000 
-100.00000 -100.00000 
-100.00000 -100.00000 
-100.00000  0.12334 
-100.00000  0.26307 
-100.00000 -100.00000 
-100.00000 -100.00000 
-0.17080  0.29648 
 0.13752 -100.00000 
-100.00000 -100.00000 
-100.00000 -100.00000 
-0.14548 -100.00000 
 0.10135 -100.00000 
-0.16334 -0.25648 
 0.00000  0.00000 
-0.23102 -0.11682 
 0.17765  0.30644 
-0.03490 -0.26568 
-100.00000 -100.00000 
-100.00000 -0.22859 
 0.13750 -100.00000 
-100.00000 -100.00000 
-0.25751 -0.11218 
-100.00000 -100.00000 
-0.27615 -0.61757 
 0.57018 -100.00000 
-0.25277 -100.00000 
 0.21418  0.14188 
-0.40883 -0.27935 
-100.00000 -100.00000 
-0.22431 -0.07874 
-100.00000 -100.00000 
-0.57112 -100.00000 
 0.00690  0.09797 
-0.20026 -0.10433 
 0.61223 -0.02273 
-0.50029 -100.00000 
-0.14212 -100.00000 
 0.25319 -0.00564 
-0.20012 -0.21861 
-100.00000 -100.00000 
-100.00000 -0.17279 
-100.00000 -100.00000 
-0.57941  0.32210 
-0.56460 -0.22774 
-0.85358  0.35952 
-100.00000 -100.00000 
-100.00000 -100.00000 
 0.46997  0.15872 
-100.00000 -100.00000 
 0.00022  0.26299 
 0.18884  0.24809 
 0.34346  0.35498 
-0.02516 -0.20420 
-0.27148  0.26294 
-0.39000 -0.02600 
-0.02578  0.62714 
-0.51147  0.32274 
 0.53608 -0.18045 
-100.00000 -100.00000 
 0.19544 -0.07450 
-100.00000 -100.00000 
-100.00000 -100.00000 
 0.00000  0.00000 
-0.22403 -0.53976 
-0.04115 -0.05845 
 0.28924  0.69432 
-100.00000 -100.00000 
 0.00000  0.00000 
 0.26315 -100.00000 
-100.00000 -100.00000 
 0.13757 -100.00000 
-0.62904  0.20588 
-100.00000 -0.00009 
 0.00000  0.00000 
-100.00000 -100.00000 
 1.93859  0.19573 
-100.00000 -100.00000 
-0.00000 -100.00000 
 0.12799  0.34075 
-0.06550 -100.00000 
-100.00000 -100.00000 
 0.00000  0.00000 
-0.25388  0.20359 
-100.00000 -0.43882 
-100.00000 -100.00000 
 0.23191 -0.28076 
-100.00000 -100.00000 
-100.00000 -100.00000 
-100.00000 -100.00000 
-100.00000 -100.00000 
-100.00000 -100.00000 
-100.00000 -100.00000 
-100.00000 -100.00000 
 0.03738 -0.21577 
-0.13953  0.03863 
 0.31414 -0.07659 
-100.00000 -100.00000 
 0.04127 -0.01232 
-100.00000 -100.00000 
-0.23641  0.32183 
-100.00000 -100.00000 
 0.06014  0.42961 
 0.28441  0.27481 
-100.00000 -100.00000 
-100.00000  0.00007 
-100.00000 -100.00000 
-0.08214  0.35980 
-0.31782  0.40442 
 0.03521 -0.15814 
-100.00000 -100.00000 
-100.00000 -100.00000 
-0.16416  0.14973 
-0.25666  0.24416 
 0.13746 -100.00000 
-100.00000 -100.00000 
-100.00000 -100.00000 
-100.00000 -100.00000 
-100.00000 -0.16323 
-100.00000 -100.00000 
 0.98572  0.18222 
 0.37207 -0.24197 
-0.25607 -0.28274 
 0.12401 -100.00000 
-0.08285 -0.22739 
-0.27632 -0.08917 
-100.00000 -100.00000 
-100.00000 -100.00000 
 0.15277  0.56262 
 0.00702 -0.00505 
-100.00000 -100.00000 
 0.94264 -0.02285 
-100.00000 -100.00000 
-0.20494 -0.22745 
-100.00000 -100.00000 
 0.12420 -100.00000 
-100.00000 -100.00000 
-100.00000 -100.00000 
-100.00000  0.13769 
-0.00009 -100.00000 
 0.51949 -0.63787 
 0.13742 -100.00000 
-0.00020 -0.00013 
-1.05531 -0.46413 
-0.12515  0.46369 
-100.00000 -100.00000 
-0.43788 -0.52507 
-0.07127  0.11174 
-0.13908 -100.00000 
 0.73353 -0.02956 
-0.31355 -0.12251 
 0.38548  0.28897 
-100.00000 -100.00000 
-100.00000 -100.00000 
-0.62021 -100.00000 
-100.00000  0.22968 
-100.00000 -100.00000 
 0.19651  0.55685 
 0.00000  0.00000 
-100.00000 -100.00000 
-100.00000 -100.00000 
-100.00000 -100.00000 
-100.00000 -100.00000 
-100.00000 -100.00000 
 0.21031 -0.17989 
 0.13922 -0.25945 
-100.00000 -100.00000 
-100.00000 -100.00000 
-100.00000 -100.00000 
-0.05320  0.59864 
-100.00000 -100.00000 
-100.00000 -100.00000 
-100.00000 -100.00000 
-100.00000 -100.00000 
 0.52950 -0.75151 
-100.00000 -100.00000 
-100.00000 -100.00000 
-100.00000 -100.00000 
-100.00000 -100.00000 
-100.00000 -100.00000 
-100.00000 -100.00000 
-100.00000 -100.00000 
-100.00000 -100.00000 
-100.00000 -100.00000 
 0.62603 -100.00000 
-100.00000 -100.00000 
-100.00000 -100.00000 
-100.00000 -100.00000 
 0.00000  0.00000 
-100.00000 -100.00000 
-100.00000 -100.00000 
-100.00000 -100.00000 
-100.00000 -100.00000 
 0.70290  0.07136 
-100.00000 -100.00000 
-0.07906  0.00422 
-100.00000 -100.00000 
-100.00000 -100.00000 
 0.02613 -0.62211 
 0.37847  0.00013 
-100.00000 -0.13366 
-100.00000 -100.00000 
-100.00000 -100.00000 
 0.05245  0.27066 
-100.00000 -100.00000 
 0.99151  0.34323 
-0.34774 -0.02450 
-0.53270  0.07640 
-100.00000 -100.00000 
 0.27821  0.12937 
-100.00000 -100.00000 
-100.00000 -100.00000 
-100.00000 -100.00000 
-0.27163 -0.49169 
-100.00000 -100.00000 
 0.10446 -0.51424 
-0.28206  0.35196 
-100.00000  0.00008 
 0.12535 -0.31104 
 0.07134  0.32647 
-100.00000 -100.00000 
-0.36619 -100.00000 
-100.00000 -100.00000 
 0.00005 -100.00000 
-0.20732  0.32623 
-0.31817  0.73127 
 0.26221 -0.35092 
-100.00000 -100.00000 
-100.00000 -100.00000 
-0.25658 -0.42330 
-0.39346 -0.89928 
 0.44121 -0.15876 
-100.00000 -0.28504 
-0.19831 -0.36702 
-100.00000 -100.00000 
 0.00000  0.00000 
-0.44117 -0.13225 
-0.19087 -0.42820 
-0.58886 -1.11680 
-100.00000 -100.00000 
 0.31092 -100.00000 
-100.00000 -100.00000 
-0.24095  0.66310 
-0.54772  0.18729 
-100.00000 -100.00000 
-0.10431 -0.16505 
-0.15159 -100.00000 
-100.00000 -0.00013 
-100.00000 -100.00000 
-0.24277  0.25368 
-0.21676 -100.00000 
 0.19133 -0.03949 
 0.00000  0.00000 
-1.21012 -0.00007 
 0.06038  0.04787 
-100.00000  0.13757 
-0.18455 -0.65364 
-0.35381 -0.44029 
-0.00010 -100.00000 
-0.03814  1.00004 
-100.00000 -100.00000 
 0.00024 -0.00012 
-0.11908  0.23188 
 0.26270 -0.63711 
 0.26188 -0.05008 
-100.00000 -100.00000 
-100.00000 -100.00000 
 0.07057 -0.57069 
-100.00000 -100.00000 
 0.11429  0.00001 
-100.00000 -0.00002 
-100.00000 -100.00000 
 0.00010 -100.00000 
-100.00000 -100.00000 
-100.00000 -100.00000 
-100.00000 -100.00000 
-100.00000 -100.00000 
-0.46997 -100.00000 
 0.00004 -100.00000 
 0.26296  0.10428 
-100.00000 -100.00000 
-0.24090  0.07615 
-100.00000 -100.00000 
-100.00000 -100.00000 
-100.00000 -100.00000 
-0.53286  0.41743 
-0.58968  0.23672 
-100.00000 -100.00000 
-100.00000 -100.00000 
 0.34438  0.51880 
-100.00000 -100.00000 
-0.31556  0.10128 
-100.00000  0.10346 
-0.24115 -0.27680 
-100.00000 -100.00000 
-0.00002 -0.05502 
 0.13967  1.10330 
-100.00000 -100.00000 
-100.00000 -100.00000 
 0.11385  0.22968 
-0.70187 -0.00018 
 0.00000  0.00000 
-100.00000 -0.16534 
-0.01464  0.10193 
-100.00000 -100.00000 
