-0.39688  0.15197 
-0.40113  0.23681 
-0.14309 -0.05849 
-0.21357  0.28620 
-0.12905 -100.00000 
-0.64419  0.00002 
-0.32092  0.13745 
-100.00000 -0.00007 
-0.00018 -100.00000 
 0.00015 -0.02160 
-0.90050  0.07496 
 0.37808 -100.00000 
-0.05872 -0.30269 
 0.21888 -0.49513 
 0.00000  0.00000 
-100.00000 -100.00000 
-0.13887  0.09562 
-100.00000 -100.00000 
 0.00000  0.00000 
 0.17955 -0.19192 
-100.00000 -100.00000 
-0.02245  0.23445 
-100.00000 -100.00000 
 0.00009 -100.00000 
-0.12910 -100.00000 
-0.21381  0.23714 
-100.00000  0.03537 
-100.00000 -100.00000 
-0.05940 -0.17735 
 0.00000  0.00000 
-0.24915 -100.00000 
 0.00000  0.00000 
-100.00000 -100.00000 
-100.00000 -100.00000 
 0.00000  0.00000 
 0.10970 -0.13306 
 0.30772 -0.06622 
-100.00000 -100.00000 
 0.59386  0.06280 
-0.22038 -100.00000 
-100.00000 -100.00000 
 0.28150  0.15943 
-100.00000 -100.00000 
 0.00000  0.00000 
-100.00000 -100.00000 
-100.00000  0.26303 
-0.00017 -100.00000 
 0.19158  0.34355 
-100.00000 -100.00000 
-100.00000 -100.00000 
 0.42342  0.06133 
 0.02627  0.26296 
-0.21713 -100.00000 
-100.00000 -0.00011 
-100.00000 -100.00000 
 0.26286  0.13753 
-0.25122 -100.00000 
-0.10669 -100.00000 
-100.00000 -100.00000 
 0.22333 -0.60116 
-100.00000 -100.00000 
-100.00000 -0.30176 
-100.00000 -100.00000 
-0.40647 -0.75389 
-0.38384  0.06226 
 0.01750  0.07900 
-100.00000 -100.00000 
-0.11809 -100.00000 
-100.00000 -100.00000 
 0.02507 -100.00000 
 0.38816 -0.05378 
-100.00000 -100.00000 
-0.46541  0.10301 
-0.29620 -0.75392 
 0.00000  0.00000 
-100.00000 -100.00000 
-100.00000 -100.00000 
-100.00000 -100.00000 
-100.00000 -100.00000 
-100.00000 -0.00003 
-0.35007  0.28270 
 0.45564  0.03239 
 0.00011  0.37859 
-100.00000 -100.00000 
-100.00000 -100.00000 
-0.18540 -0.28456 
-0.19648 -100.00000 
-0.35742 -100.00000 
-0.02946  0.50294 
-0.23954 -0.04729 
-0.06330 -0.18362 
 0.32961  0.08266 
-100.00000 -100.00000 
-0.24824 -100.00000 
-100.00000 -100.00000 
 0.30323  0.54226 
-100.00000 -100.00000 
-100.00000 -100.00000 
 0.00000  0.00000 
-0.43517 -0.14941 
-0.77058 -0.72721 
-0.41297 -100.00000 
-1.34273  0.32624 
 0.44069 -0.35983 
-100.00000 -100.00000 
-0.06176  0.33399 
-100.00000 -100.00000 
-100.00000 -100.00000 
-100.00000 -0.49661 
-100.00000 -100.00000 
-0.28745 -0.45311 
-100.00000 -100.00000 
 0.15982  0.26912 
-100.00000 -100.00000 
-0.29758 -100.00000 
-100.00000 -100.00000 
-100.00000 -100.00000 
-100.00000 -100.00000 
-0.30611 -100.00000 
-100.00000 -100.00000 
-100.00000 -100.00000 
-100.00000 -100.00000 
-0.07277 -100.00000 
 0.70359 -100.00000 
-0.07312 -0.01847 
-0.32325  0.09948 
-0.40692 -0.02546 
-100.00000 -100.00000 
-100.00000 -100.00000 
-0.00005 -0.00001 
-100.00000 -100.00000 
-100.00000 -100.00000 
-0.28038  0.28833 
-100.00000 -100.00000 
-0.17549 -0.01348 
-0.20892 -0.49019 
 0.28940 -0.29145 
-0.06612  0.17135 
-0.36163 -0.58110 
-100.00000 -100.00000 
-1.26367 -0.77180 
 0.04687  0.17282 
-0.53556 -0.55543 
 0.00000  0.00000 
-0.46246 -100.00000 
-100.00000 -0.36380 
-100.00000 -100.00000 
-0.14846 -0.18213 
 0.00000  0.00000 
-0.40181  0.48517 
-100.00000 -0.00662 
-100.00000 -100.00000 
-0.34308 -0.41920 
-0.32939 -0.65988 
-0.43938  0.32178 
-100.00000 -100.00000 
 0.31497  0.72356 
-0.77573 -100.00000 
-0.67203 -0.44258 
-100.00000 -100.00000 
-100.00000 -100.00000 
-100.00000 -100.00000 
-0.05954 -100.00000 
-100.00000 -100.00000 
-100.00000 -100.00000 
-100.00000 -100.00000 
-100.00000 -100.00000 
 0.00000  0.00000 
-0.40051 -0.52437 
-0.87510 -0.08901 
-0.90446 -0.83059 
-0.42106 -0.58877 
-0.08626  0.98843 
-100.00000 -100.00000 
-0.39060  0.06205 
 0.28917  0.26496 
-0.03379  0.10852 
 0.00000  0.00000 
-0.14984  0.06237 
 0.43060  0.18927 
-100.00000 -100.00000 
-0.13686  0.18922 
 0.76546  0.11179 
-0.93214 -0.04277 
-0.16872 -0.27523 
-0.16904 -0.15110 
-0.58253  0.07466 
-0.00048  0.00001 
-100.00000 -0.00010 
-100.00000 -100.00000 
-100.00000 -100.00000 
-0.00002  0.13756 
-100.00000 -100.00000 
-100.00000 -100.00000 
-100.00000 -100.00000 
-100.00000 -100.00000 
-100.00000 -100.00000 
-0.39818 -100.00000 
-0.37214 -100.00000 
 0.26289  0.26300 
-0.02772  0.23877 
-100.00000 -100.00000 
-100.00000 -100.00000 
-100.00000 -100.00000 
-100.00000 -0.38445 
-0.80504  0.15087 
-100.00000 -100.00000 
-100.00000 -100.00000 
-0.54618 -0.68011 
-0.47458 -0.10802 
-0.03528 -0.09613 
-0.53703 -0.00574 
 0.36322  0.58433 
-0.26019 -100.00000 
-0.00021 -100.00000 
-0.01934 -0.37416 
-100.00000 -100.00000 
 0.36777  0.24124 
 0.16820 -0.32991 
-0.49292  0.62707 
-0.33753 -0.37683 
 0.00003 -100.00000 
-0.14666  0.12304 
-0.90510 -0.12080 
-100.00000 -100.00000 
-0.34996 -0.00007 
 0.00000  0.00000 
-0.69222  0.23108 
-0.13718 -0.39156 
 0.60722 -0.06200 
-0.81925 -0.09511 
-0.49630  0.48060 
-100.00000 -100.00000 
-0.38727 -0.35761 
-0.50195 -0.14719 
 0.39809  0.13722 
-0.02553 -0.70117 
-100.00000 -0.37554 
-0.36452  0.26312 
 0.48413  0.15951 
-100.00000 -100.00000 
-100.00000 -100.00000 
-0.47079 -0.11769 
-100.00000 -100.00000 
-100.00000 -100.00000 
 0.13760 -100.00000 
-100.00000 -100.00000 
 0.00000  0.00000 
-100.00000 -100.00000 
-100.00000 -100.00000 
 0.40006  0.11981 
-0.01967  0.34723 
-100.00000 -100.00000 
-100.00000 -100.00000 
 0.00000  0.00000 
-0.63752 -0.06885 
 0.49624 -0.24983 
-100.00000 -100.00000 
-100.00000 -0.35430 
 0.13934 -0.45211 
 0.00000  0.00000 
-100.00000 -100.00000 
-100.00000 -100.00000 
-100.00000 -100.00000 
 0.33839  0.68610 
-0.18486 -0.33428 
-0.39784 -0.13964 
-0.15814 -100.00000 
-100.00000 -100.00000 
 0.20701  0.61732 
-100.00000 -100.00000 
 0.21055 -0.21572 
-100.00000 -100.00000 
-0.80137 -0.01929 
-100.00000 -0.12979 
 0.41109 -0.44542 
-0.06492 -0.06306 
 0.33623 -0.28205 
-100.00000  0.27658 
-0.39825 -100.00000 
-0.10469 -0.05973 
 0.35055 -0.10165 
 0.00000  0.00000 
-0.38521 -0.21013 
 0.14116 -0.33764 
-0.12893 -0.09573 
 0.86596 -0.61647 
-0.20015  0.00054 
-0.30642  0.08710 
-0.13388  0.17503 
-100.00000 -100.00000 
 1.11347  0.26332 
 0.00000  0.00000 
 0.64750 -0.60805 
-100.00000 -100.00000 
-100.00000 -100.00000 
 0.00000  0.00000 
-0.23673 -0.30583 
-0.31865 -0.40110 
-100.00000 -100.00000 
 0.31479  0.86245 
 0.51489 -0.00827 
-0.02666  0.09336 
-100.00000  0.13759 
 0.34287 -0.00009 
-0.00450 -100.00000 
-0.01597 -0.51952 
-100.00000 -100.00000 
-100.00000 -100.00000 
-100.00000  0.36763 
 0.17774 -0.32613 
-0.15682 -0.44349 
 0.23655 -0.04742 
-0.14256 -100.00000 
 0.00000  0.00000 
-0.17669 -0.77988 
-100.00000  0.00006 
-0.08866  0.60760 
-100.00000 -100.00000 
 0.42642  0.14166 
-0.08339 -0.51265 
-100.00000 -100.00000 
 0.13752 -0.00002 
-0.00462  0.06855 
-100.00000 -100.00000 
 0.00000  0.00000 
 0.67834 -0.30205 
-100.00000 -100.00000 
-0.36684 -0.02447 
-0.21409  0.00277 
-100.00000 -100.00000 
 0.00000  0.00000 
 0.13769 -0.02235 
-100.00000 -100.00000 
-100.00000 -100.00000 
-100.00000  0.37865 
 0.28132 -0.31267 
-0.38916 -0.01834 
 0.14823 -0.24278 
-0.25871  0.02414 
-100.00000 -100.00000 
-100.00000 -100.00000 
-100.00000 -0.30187 
-100.00000 -100.00000 
-100.00000 -100.00000 
-100.00000 -100.00000 
-100.00000 -100.00000 
-0.42196  0.38601 
 0.56107 -0.21371 
 0.39359  0.31625 
-100.00000 -100.00000 
-100.00000 -100.00000 
-0.43306  0.62695 
-100.00000 -100.00000 
-100.00000 -100.00000 
-100.00000 -100.00000 
-100.00000 -100.00000 
 0.00000  0.00000 
 0.00004 -100.00000 
 0.14014  0.14129 
 0.11315 -0.13757 
-100.00000 -100.00000 
-100.00000 -100.00000 
-100.00000 -100.00000 
-100.00000 -100.00000 
-100.00000 -100.00000 
-100.00000 -100.00000 
-100.00000 -100.00000 
-0.30015 -100.00000 
 0.46968 -100.00000 
-0.27112 -0.29968 
-100.00000 -100.00000 
-100.00000 -100.00000 
-100.00000 -100.00000 
-0.21304  0.32181 
-100.00000 -0.31007 
-100.00000 -100.00000 
-0.09495  0.34720 
 0.26750  0.70791 
-100.00000 -100.00000 
-100.00000 -100.00000 
 0.09214 -0.07707 
 0.15339 -100.00000 
 0.00000  0.00000 
-100.00000 -100.00000 
 0.43797 -0.16823 
 0.20041  0.58339 
 0.25783  0.01445 
-0.80455 -0.16288 
 0.05787 -0.16439 
 0.31522  0.01238 
 0.00000  0.00000 
 0.15422 -0.37563 
-100.00000 -0.36858 
-100.00000 -100.00000 
-0.27004  0.45114 
-0.32752  0.00366 
-100.00000 -100.00000 
 0.09452  1.06302 
 0.67218 -0.00007 
-0.00480  0.01221 
-100.00000 -0.19187 
-0.71804 -100.00000 
 0.00000  0.00000 
-100.00000 -100.00000 
-100.00000 -100.00000 
 0.00000  0.00000 
-0.21499 -0.04929 
 0.06159  0.11679 
-100.00000 -100.00000 
-0.00153  0.42892 
 0.99091 -0.03839 
-100.00000 -100.00000 
-0.46948 -100.00000 
-0.11169  0.16484 
-100.00000 -100.00000 
-100.00000 -100.00000 
-100.00000  0.00012 
-100.00000 -100.00000 
 0.38288  0.22972 
-100.00000 -100.00000 
-0.38310  0.00425 
-100.00000 -100.00000 
-0.26745  0.01041 
-0.35518 -100.00000 
-100.00000 -100.00000 
-100.00000 -100.00000 
-100.00000 -100.00000 
-100.00000 -100.00000 
-100.00000 -100.00000 
-100.00000 -100.00000 
 0.00002 -100.00000 
-100.00000 -100.00000 
 0.67805 -0.37249 
-100.00000 -100.00000 
 0.00000  0.00000 
-100.00000 -100.00000 
-0.13027 -100.00000 
 0.31830  0.37676 
-100.00000 -100.00000 
-0.49063 -100.00000 
-100.00000 -100.00000 
-100.00000 -100.00000 
-100.00000 -100.00000 
-100.00000 -100.00000 
-100.00000 -100.00000 
 0.26302 -0.13369 
-100.00000 -100.00000 
-100.00000 -100.00000 
 0.00000  0.00000 
-100.00000 -100.00000 
-100.00000 -100.00000 
-100.00000 -100.00000 
-100.00000 -100.00000 
-100.00000 -100.00000 
-0.19593  0.23015 
 0.23936 -0.43275 
-100.00000 -100.00000 
 0.23960  0.26285 
-0.54768  0.26474 
-100.00000 -100.00000 
-100.00000 -100.00000 
-100.00000 -0.10555 
-0.45275 -100.00000 
-0.59074 -100.00000 
 0.12414 -100.00000 
-1.01256 -0.00013 
 0.16921 -0.37191 
-100.00000 -100.00000 
-0.66186  0.50977 
-0.38129  0.27714 
 0.13768 -100.00000 
 0.39135  0.03505 
-0.12850 -0.13169 
-100.00000 -0.00007 
 0.63059  0.58350 
-100.00000 -100.00000 
 0.53071  0.28359 
-100.00000 -100.00000 
-100.00000 -100.00000 
-100.00000 -100.00000 
 0.37847  0.26296 
-100.00000 -100.00000 
-100.00000 -100.00000 
-100.00000 -100.00000 
 0.65196  0.82985 
-100.00000 -100.00000 
-100.00000 -100.00000 
 0.11994  0.21914 
-0.27911 -0.38722 
-100.00000 -100.00000 
 0.37125  0.12069 
 0.00005 -0.17459 
-1.03186  0.10363 
-100.00000 -100.00000 
-100.00000  0.00010 
-0.90774 -0.49912 
-100.00000 -100.00000 
 0.00000  0.00000 
-100.00000 -100.00000 
-100.00000 -100.00000 
-100.00000 -100.00000 
-0.30676  0.10266 
-0.30702 -0.93521 
-100.00000 -100.00000 
 0.19145  0.22733 
 0.13709 -0.15973 
-0.27393 -100.00000 
-0.61848  0.21237 
 0.64493  0.26310 
-0.00013  0.07594 
 0.11948  0.07599 
-0.35381  0.08076 
-100.00000 -100.00000 
-0.19238 -0.08298 
-0.02653  0.12551 
-0.00021  0.40731 
-0.30750  0.03472 
-100.00000  0.08271 
 0.24100 -0.02156 
-0.50451 -100.00000 
-100.00000  0.08339 
-0.14390 -0.38552 
 0.00498 -0.47356 
-100.00000 -100.00000 
-100.00000 -0.00010 
 0.26288 -0.00005 
-100.00000 -0.00037 
 0.18735 -0.34942 
-100.00000 -100.00000 
 0.67816 -0.28277 
 0.07705 -0.39747 
 0.00010 -100.00000 
-0.24566 -0.39450 
 0.00000  0.00000 
-100.00000  0.33127 
 0.29094  0.30639 
-100.00000 -0.31852 
-0.02584  0.15446 
-0.79314 -0.16429 
 0.28432 -100.00000 
-0.52906  0.26335 
-0.00016 -100.00000 
-100.00000 -100.00000 
-1.58556  0.13730 
-100.00000 -100.00000 
-100.00000 -100.00000 
 0.00290 -0.13070 
-0.27218 -0.07435 
-100.00000  0.07581 
 0.53231 -0.38677 
-100.00000 -100.00000 
 0.28462 -0.06770 
-100.00000 -0.30279 
 0.49193 -100.00000 
-0.58734 -0.09653 
-100.00000 -100.00000 
-0.13025  0.37525 
-100.00000 -100.00000 
 0.13706 -100.00000 
-100.00000 -100.00000 
 0.65221 -0.37638 
 1.19208  0.33949 
-100.00000 -100.00000 
 0.31108  0.01466 
