-0.39688 -0.11790 
-0.40113  0.05790 
-0.14309 -0.28079 
-0.21357 -0.33696 
-0.12905 -100.00000 
-0.64419 -100.00000 
-0.32092 -0.33507 
-100.00000 -100.00000 
-0.00018  0.13770 
 0.00015 -0.60322 
-0.90050  0.31170 
 0.37808  0.00021 
-0.05872 -0.20737 
 0.21888  0.10450 
 0.00000  0.00000 
-100.00000 -100.00000 
-0.13887 -0.00861 
-100.00000 -100.00000 
 0.00000  0.00000 
 0.17955 -0.27992 
-100.00000 -100.00000 
-0.02245  0.05547 
-100.00000 -100.00000 
 0.00009 -1.38674 
-0.12910 -100.00000 
-0.21381  0.15961 
-100.00000  0.21475 
-100.00000 -100.00000 
-0.05940  0.12203 
 0.00000  0.00000 
-0.24915 -0.73069 
 0.00000  0.00000 
-100.00000 -100.00000 
-100.00000 -0.00004 
 0.00000  0.00000 
 0.10970 -0.28650 
 0.30772  0.08809 
-100.00000 -100.00000 
 0.59386 -0.01135 
-0.22038  0.31537 
-100.00000 -100.00000 
 0.28150  0.60007 
-100.00000 -100.00000 
 0.00000  0.00000 
-100.00000 -100.00000 
-100.00000 -100.00000 
-0.00017  0.13740 
 0.19158 -0.01522 
-100.00000 -0.00003 
-100.00000 -100.00000 
 0.42342 -0.27969 
 0.02627 -0.03839 
-0.21713  0.54340 
-100.00000 -0.21797 
-100.00000  0.26299 
 0.26286 -0.14537 
-0.25122 -0.00026 
-0.10669 -0.01894 
-100.00000 -100.00000 
 0.22333 -1.08652 
-100.00000 -100.00000 
-100.00000 -0.00389 
-100.00000 -100.00000 
-0.40647  0.48008 
-0.38384  0.00083 
 0.01750 -0.46482 
-100.00000 -100.00000 
-0.11809  0.37658 
-100.00000 -100.00000 
 0.02507 -0.38776 
 0.38816 -0.60656 
-100.00000 -0.00000 
-0.46541 -0.09205 
-0.29620  0.27728 
 0.00000  0.00000 
-100.00000 -100.00000 
-100.00000 -100.00000 
-100.00000 -100.00000 
-100.00000 -100.00000 
-100.00000 -100.00000 
-0.35007 -0.23375 
 0.45564 -0.00895 
 0.00011  0.08020 
-100.00000 -100.00000 
-100.00000 -100.00000 
-0.18540  0.14133 
-0.19648 -100.00000 
-0.35742 -0.80719 
-0.02946  0.75762 
-0.23954  0.11712 
-0.06330  0.01230 
 0.32961 -0.01523 
-100.00000 -100.00000 
-0.24824 -100.00000 
-100.00000 -100.00000 
 0.30323 -0.29680 
-100.00000 -100.00000 
-100.00000 -100.00000 
 0.00000  0.00000 
-0.43517 -0.34439 
-0.77058 -0.21832 
-0.41297  0.23240 
-1.34273 -0.66975 
 0.44069 -0.39202 
-100.00000 -100.00000 
-0.06176 -0.06300 
-100.00000 -100.00000 
-100.00000 -100.00000 
-100.00000  0.22464 
-100.00000 -100.00000 
-0.28745  0.00001 
-100.00000 -0.12301 
 0.15982  1.84641 
-100.00000 -100.00000 
-0.29758 -100.00000 
-100.00000  0.00014 
-100.00000 -100.00000 
-100.00000 -0.00011 
-0.30611  0.37823 
-100.00000 -100.00000 
-100.00000 -100.00000 
-100.00000 -100.00000 
-0.07277 -0.06552 
 0.70359 -1.03946 
-0.07312 -0.21832 
-0.32325 -0.10257 
-0.40692 -1.19741 
-100.00000 -0.54547 
-100.00000  0.00387 
-0.00005 -100.00000 
-100.00000 -100.00000 
-100.00000 -100.00000 
-0.28038  0.07373 
-100.00000 -100.00000 
-0.17549  0.34885 
-0.20892 -0.98217 
 0.28940 -0.69196 
-0.06612  0.33095 
-0.36163  0.00976 
-100.00000 -100.00000 
-1.26367 -0.08949 
 0.04687 -0.12338 
-0.53556 -0.26195 
 0.00000  0.00000 
-0.46246 -100.00000 
-100.00000 -100.00000 
-100.00000 -100.00000 
-0.14846  0.24576 
 0.00000  0.00000 
-0.40181 -0.00103 
-100.00000 -100.00000 
-100.00000 -100.00000 
-0.34308 -0.73390 
-0.32939 -0.25169 
-0.43938 -0.12377 
-100.00000 -0.00004 
 0.31497 -0.18721 
-0.77573 -0.27707 
-0.67203 -1.00075 
-100.00000 -100.00000 
-100.00000 -100.00000 
-100.00000 -0.13659 
-0.05954 -0.11300 
-100.00000 -100.00000 
-100.00000 -100.00000 
-100.00000 -100.00000 
-100.00000 -100.00000 
 0.00000  0.00000 
-0.40051 -0.72776 
-0.87510 -0.34122 
-0.90446  0.30243 
-0.42106  0.51461 
-0.08626  0.22446 
-100.00000 -100.00000 
-0.39060 -0.39611 
 0.28917 -0.73485 
-0.03379 -0.29478 
 0.00000  0.00000 
-0.14984  0.00423 
 0.43060 -0.30992 
-100.00000  0.00013 
-0.13686  0.01021 
 0.76546 -0.57996 
-0.93214 -0.46214 
-0.16872  0.24210 
-0.16904 -0.54803 
-0.58253  0.09247 
-0.00048  0.11747 
-100.00000 -0.00018 
-100.00000 -100.00000 
-100.00000 -100.00000 
-0.00002 -100.00000 
-100.00000 -100.00000 
-100.00000 -100.00000 
-100.00000  0.13746 
-100.00000 -100.00000 
-100.00000 -100.00000 
-0.39818  0.32875 
-0.37214 -0.00362 
 0.26289 -100.00000 
-0.02772 -0.60088 
-100.00000 -100.00000 
-100.00000 -100.00000 
-100.00000 -100.00000 
-100.00000 -0.00821 
-0.80504  0.05707 
-100.00000 -100.00000 
-100.00000 -100.00000 
-0.54618 -0.40347 
-0.47458  0.77658 
-0.03528 -0.10529 
-0.53703 -0.86448 
 0.36322 -0.02265 
-0.26019 -100.00000 
-0.00021 -100.00000 
-0.01934 -0.58339 
-100.00000 -100.00000 
 0.36777 -0.57441 
 0.16820  0.29815 
-0.49292 -0.19747 
-0.33753  0.30257 
 0.00003  0.08870 
-0.14666 -0.38760 
-0.90510 -0.40266 
-100.00000 -100.00000 
-0.34996 -0.86673 
 0.00000  0.00000 
-0.69222  0.08546 
-0.13718 -0.19759 
 0.60722  0.45305 
-0.81925 -0.34673 
-0.49630  0.01718 
-100.00000 -100.00000 
-0.38727 -0.36033 
-0.50195 -1.19147 
 0.39809 -0.74578 
-0.02553  0.30913 
-100.00000 -0.35823 
-0.36452  0.26290 
 0.48413  0.92185 
-100.00000 -100.00000 
-100.00000  0.00014 
-0.47079  0.10838 
-100.00000 -0.13649 
-100.00000  0.00005 
 0.13760 -100.00000 
-100.00000 -100.00000 
 0.00000  0.00000 
-100.00000 -0.09961 
-100.00000 -100.00000 
 0.40006  0.25467 
-0.01967  0.10537 
-100.00000  0.53610 
-100.00000 -100.00000 
 0.00000  0.00000 
-0.63752  0.86329 
 0.49624 -0.93943 
-100.00000 -100.00000 
-100.00000 -0.42923 
 0.13934 -0.06393 
 0.00000  0.00000 
-100.00000 -100.00000 
-100.00000 -0.26924 
-100.00000 -100.00000 
 0.33839 -0.40265 
-0.18486 -0.63426 
-0.39784 -0.13174 
-0.15814 -0.37961 
-100.00000  0.49623 
 0.20701  0.57909 
-100.00000 -100.00000 
 0.21055 -0.69971 
-100.00000 -100.00000 
-0.80137  0.09272 
-100.00000 -0.14092 
 0.41109 -0.07143 
-0.06492 -0.99673 
 0.33623  0.31139 
-100.00000  0.19607 
-0.39825 -0.21939 
-0.10469 -0.12486 
 0.35055  0.27676 
 0.00000  0.00000 
-0.38521 -0.90421 
 0.14116  0.71674 
-0.12893 -0.14327 
 0.86596  0.34338 
-0.20015 -0.46177 
-0.30642 -0.12455 
-0.13388 -0.76004 
-100.00000 -100.00000 
 1.11347  0.33778 
 0.00000  0.00000 
 0.64750  0.08588 
-100.00000 -100.00000 
-100.00000 -100.00000 
 0.00000  0.00000 
-0.23673  0.35059 
-0.31865 -0.18734 
-100.00000 -100.00000 
 0.31479  0.14727 
 0.51489 -0.39692 
-0.02666 -0.63838 
-100.00000  0.12040 
 0.34287 -0.57575 
-0.00450 -0.00006 
-0.01597 -0.19600 
-100.00000 -100.00000 
-100.00000 -100.00000 
-100.00000 -0.75266 
 0.17774 -0.13672 
-0.15682 -0.24501 
 0.23655 -0.69679 
-0.14256 -0.27513 
 0.00000  0.00000 
-0.17669  0.35101 
-100.00000 -100.00000 
-0.08866 -0.41413 
-100.00000 -100.00000 
 0.42642  0.21324 
-0.08339 -0.81891 
-100.00000 -100.00000 
 0.13752 -0.00005 
-0.00462 -0.21463 
-100.00000  0.55430 
 0.00000  0.00000 
 0.67834 -0.10909 
-100.00000 -100.00000 
-0.36684 -0.31784 
-0.21409 -0.23629 
-100.00000 -100.00000 
 0.00000  0.00000 
 0.13769  0.13755 
-100.00000 -100.00000 
-100.00000 -100.00000 
-100.00000 -0.00333 
 0.28132 -1.03475 
-0.38916  0.34309 
 0.14823  0.20772 
-0.25871  0.58215 
-100.00000 -100.00000 
-100.00000 -0.00002 
-100.00000 -0.38485 
-100.00000 -100.00000 
-100.00000 -100.00000 
-100.00000 -100.00000 
-100.00000 -100.00000 
-0.42196  0.33362 
 0.56107  0.39200 
 0.39359  0.28259 
-100.00000 -100.00000 
-100.00000 -100.00000 
-0.43306 -0.14636 
-100.00000 -100.00000 
-100.00000 -100.00000 
-100.00000 -100.00000 
-100.00000 -100.00000 
 0.00000  0.00000 
 0.00004 -100.00000 
 0.14014 -0.21325 
 0.11315 -0.11311 
-100.00000 -100.00000 
-100.00000 -100.00000 
-100.00000 -100.00000 
-100.00000 -0.00003 
-100.00000 -100.00000 
-100.00000 -100.00000 
-100.00000  0.00002 
-0.30015 -0.53784 
 0.46968  0.57443 
-0.27112  0.45026 
-100.00000 -0.25804 
-100.00000 -100.00000 
-100.00000 -100.00000 
-0.21304 -0.85781 
-100.00000 -100.00000 
-100.00000 -100.00000 
-0.09495 -0.18801 
 0.26750  0.59628 
-100.00000 -100.00000 
-100.00000 -100.00000 
 0.09214  0.32352 
 0.15339 -0.10615 
 0.00000  0.00000 
-100.00000 -0.00003 
 0.43797  0.02504 
 0.20041 -0.81013 
 0.25783 -0.42459 
-0.80455 -0.58364 
 0.05787 -0.23577 
 0.31522 -0.14620 
 0.00000  0.00000 
 0.15422 -0.34893 
-100.00000 -0.14908 
-100.00000 -100.00000 
-0.27004  0.67820 
-0.32752 -0.02321 
-100.00000 -100.00000 
 0.09452  0.11810 
 0.67218  0.26304 
-0.00480  0.11215 
-100.00000  0.21721 
-0.71804  0.46764 
 0.00000  0.00000 
-100.00000 -100.00000 
-100.00000 -100.00000 
 0.00000  0.00000 
-0.21499  0.25660 
 0.06159  0.26740 
-100.00000 -100.00000 
-0.00153 -0.28651 
 0.99091 -0.49203 
-100.00000 -100.00000 
-0.46948  0.69687 
-0.11169 -0.02378 
-100.00000 -0.00005 
-100.00000 -100.00000 
-100.00000  0.22832 
-100.00000 -100.00000 
 0.38288  0.19879 
-100.00000 -100.00000 
-0.38310 -100.00000 
-100.00000 -100.00000 
-0.26745 -100.00000 
-0.35518  0.13721 
-100.00000 -100.00000 
-100.00000 -100.00000 
-100.00000 -100.00000 
-100.00000 -100.00000 
-100.00000 -100.00000 
-100.00000 -100.00000 
 0.00002 -100.00000 
-100.00000 -0.15232 
 0.67805  0.14000 
-100.00000 -100.00000 
 0.00000  0.00000 
-100.00000 -100.00000 
-0.13027  0.22771 
 0.31830  0.17366 
-100.00000 -100.00000 
-0.49063 -100.00000 
-100.00000 -100.00000 
-100.00000 -100.00000 
-100.00000  0.00011 
-100.00000 -100.00000 
-100.00000 -100.00000 
 0.26302 -0.28629 
-100.00000 -100.00000 
-100.00000 -100.00000 
 0.00000  0.00000 
-100.00000 -100.00000 
-100.00000 -100.00000 
-100.00000 -0.28647 
-100.00000 -100.00000 
-100.00000 -100.00000 
-0.19593  0.26338 
 0.23936  0.19906 
-100.00000 -100.00000 
 0.23960  0.11259 
-0.54768 -0.27285 
-100.00000 -100.00000 
-100.00000 -100.00000 
-100.00000 -100.00000 
-0.45275  0.00015 
-0.59074 -100.00000 
 0.12414 -0.24450 
-1.01256  0.15879 
 0.16921 -0.39086 
-100.00000 -100.00000 
-0.66186 -0.14778 
-0.38129 -0.60120 
 0.13768 -0.00002 
 0.39135  0.11724 
-0.12850  0.00022 
-100.00000 -0.02366 
 0.63059 -0.01615 
-100.00000 -100.00000 
 0.53071 -0.10260 
-100.00000 -100.00000 
-100.00000 -100.00000 
-100.00000 -2.84294 
 0.37847 -0.38472 
-100.00000 -100.00000 
-100.00000 -100.00000 
-100.00000 -100.00000 
 0.65196  0.41662 
-100.00000 -100.00000 
-100.00000 -100.00000 
 0.11994 -2.48180 
-0.27911 -0.00969 
-100.00000 -100.00000 
 0.37125  0.16064 
 0.00005  0.58503 
-1.03186 -0.07228 
-100.00000 -100.00000 
-100.00000 -100.00000 
-0.90774 -1.18925 
-100.00000 -100.00000 
 0.00000  0.00000 
-100.00000 -100.00000 
-100.00000 -0.23210 
-100.00000  0.26291 
-0.30676  0.35307 
-0.30702 -0.41885 
-100.00000 -100.00000 
 0.19145  0.07065 
 0.13709 -0.12172 
-0.27393  0.13732 
-0.61848 -0.25979 
 0.64493 -0.45571 
-0.00013  0.05369 
 0.11948  0.43362 
-0.35381 -0.19810 
-100.00000 -2.77457 
-0.19238 -0.77772 
-0.02653 -0.25116 
-0.00021 -0.25063 
-0.30750  0.05440 
-100.00000  0.00010 
 0.24100  0.81312 
-0.50451  0.13734 
-100.00000  0.03145 
-0.14390 -0.02884 
 0.00498 -0.29454 
-100.00000  0.37857 
-100.00000 -0.37750 
 0.26288 -100.00000 
-100.00000 -100.00000 
 0.18735  0.13783 
-100.00000 -100.00000 
 0.67816  0.25056 
 0.07705 -0.30178 
 0.00010 -100.00000 
-0.24566 -100.00000 
 0.00000  0.00000 
-100.00000 -0.23132 
 0.29094 -0.12936 
-100.00000 -0.33538 
-0.02584  0.03057 
-0.79314 -0.20593 
 0.28432  0.15855 
-0.52906 -0.16878 
-0.00016  0.79980 
-100.00000 -100.00000 
-1.58556 -0.30841 
-100.00000 -100.00000 
-100.00000 -100.00000 
 0.00290  0.23193 
-0.27218  0.62983 
-100.00000  0.01712 
 0.53231 -100.00000 
-100.00000 -100.00000 
 0.28462 -0.31885 
-100.00000 -0.00014 
 0.49193 -0.00017 
-0.58734 -0.76362 
-100.00000 -100.00000 
-0.13025  0.07143 
-100.00000 -100.00000 
 0.13706  0.38320 
-100.00000 -100.00000 
 0.65221  0.23318 
 1.19208  1.04334 
-100.00000 -100.00000 
 0.31108  0.03132 
