-100.00000 -100.00000 
 0.46407 -0.50534 
-0.19682 -0.25032 
-100.00000 -0.14160 
 0.11385 -100.00000 
-100.00000  0.00004 
 0.47463 -0.68158 
-100.00000 -100.00000 
-100.00000 -100.00000 
 0.22491 -0.08741 
 0.29340 -0.06824 
-0.29234  0.19309 
-100.00000 -100.00000 
-100.00000 -0.01111 
-100.00000 -100.00000 
-100.00000 -100.00000 
-100.00000 -100.00000 
-100.00000 -100.00000 
-100.00000 -100.00000 
-100.00000 -100.00000 
 0.00000  0.00000 
-100.00000 -100.00000 
-0.00363 -0.35933 
 1.19270 -0.10351 
-100.00000 -100.00000 
-100.00000 -100.00000 
-100.00000 -100.00000 
-100.00000 -100.00000 
-100.00000 -100.00000 
-100.00000 -100.00000 
-100.00000 -100.00000 
-100.00000 -100.00000 
-100.00000 -100.00000 
-100.00000 -100.00000 
-100.00000 -100.00000 
-100.00000 -100.00000 
-100.00000 -100.00000 
-100.00000 -100.00000 
-100.00000 -100.00000 
-100.00000 -100.00000 
-100.00000 -100.00000 
-100.00000 -100.00000 
-100.00000 -100.00000 
-100.00000 -100.00000 
-100.00000 -100.00000 
-100.00000 -0.14244 
-100.00000 -100.00000 
-100.00000 -100.00000 
 0.13754 -100.00000 
-100.00000 -100.00000 
 0.13749  0.00022 
-100.00000 -100.00000 
-0.25752  0.13759 
-100.00000  0.00002 
-100.00000 -100.00000 
-100.00000 -100.00000 
-100.00000 -0.00026 
-100.00000 -100.00000 
 0.00000  0.00000 
-100.00000 -100.00000 
-100.00000 -100.00000 
-100.00000 -100.00000 
-100.00000 -100.00000 
-100.00000 -100.00000 
-100.00000 -100.00000 
-100.00000 -100.00000 
-100.00000 -100.00000 
-0.12934 -1.02039 
-100.00000 -100.00000 
-100.00000 -100.00000 
-100.00000 -100.00000 
 0.00000  0.00000 
-100.00000 -100.00000 
-100.00000 -100.00000 
-100.00000 -100.00000 
-100.00000 -100.00000 
 0.13067 -0.11283 
-100.00000 -100.00000 
-100.00000 -100.00000 
-100.00000 -100.00000 
-100.00000 -100.00000 
-100.00000 -100.00000 
-100.00000 -100.00000 
 0.00000  0.00000 
-100.00000 -100.00000 
-100.00000 -100.00000 
-100.00000 -100.00000 
-100.00000 -100.00000 
-100.00000 -100.00000 
-100.00000 -100.00000 
-100.00000 -0.00069 
-100.00000 -100.00000 
 0.24920 -0.46035 
-0.00012 -100.00000 
 0.81139 -0.19812 
-100.00000 -100.00000 
-100.00000 -100.00000 
-100.00000 -100.00000 
-100.00000 -100.00000 
-100.00000 -100.00000 
-100.00000 -100.00000 
-100.00000 -100.00000 
-100.00000 -100.00000 
-0.43759 -100.00000 
-100.00000 -100.00000 
-0.00017 -100.00000 
 0.00000  0.00000 
-0.48226 -0.72822 
-100.00000 -100.00000 
-100.00000 -100.00000 
-100.00000  0.13752 
-100.00000 -100.00000 
-0.05980 -0.27352 
-100.00000 -100.00000 
-0.01466 -0.71431 
-100.00000 -100.00000 
-100.00000 -100.00000 
-100.00000 -100.00000 
-100.00000 -100.00000 
-100.00000 -100.00000 
-100.00000 -100.00000 
-100.00000 -100.00000 
-0.30006 -0.33298 
-100.00000 -100.00000 
-0.43789 -0.26075 
-100.00000 -100.00000 
-100.00000 -100.00000 
-100.00000 -100.00000 
-100.00000 -100.00000 
-100.00000 -100.00000 
-100.00000 -0.13638 
-100.00000 -100.00000 
-100.00000 -100.00000 
-100.00000  0.26308 
-100.00000 -100.00000 
-100.00000 -0.00074 
-100.00000 -100.00000 
 0.21697  0.26288 
-100.00000  0.12607 
 0.11938  0.11013 
-100.00000 -100.00000 
-100.00000 -100.00000 
-100.00000 -100.00000 
-100.00000 -100.00000 
-100.00000 -0.27366 
-100.00000 -100.00000 
-100.00000 -100.00000 
-100.00000 -100.00000 
-100.00000 -100.00000 
-100.00000 -100.00000 
-100.00000 -100.00000 
 0.00000  0.00000 
-0.04453  0.09667 
-0.00030  0.34649 
-100.00000 -100.00000 
-100.00000 -100.00000 
-100.00000 -100.00000 
-100.00000 -0.00030 
-0.18660 -0.37904 
-0.16157 -100.00000 
 0.19613  0.07127 
-100.00000 -100.00000 
-100.00000 -100.00000 
-100.00000 -100.00000 
-100.00000 -100.00000 
-0.17459  0.12678 
-100.00000 -100.00000 
-100.00000 -100.00000 
-100.00000  0.41944 
-100.00000 -100.00000 
-100.00000 -100.00000 
-100.00000 -100.00000 
-100.00000 -100.00000 
-0.52252 -0.32601 
-100.00000 -100.00000 
-100.00000 -100.00000 
-100.00000 -0.09508 
-100.00000 -0.00032 
-0.04281 -0.26060 
-100.00000 -100.00000 
-0.00742  0.44512 
-0.52708  0.00040 
-100.00000 -100.00000 
-100.00000 -100.00000 
-100.00000 -100.00000 
-100.00000 -100.00000 
-0.00025 -0.23799 
-100.00000 -100.00000 
-100.00000 -100.00000 
-100.00000 -100.00000 
-100.00000 -100.00000 
-100.00000 -100.00000 
 0.18706 -0.21868 
 0.48539 -100.00000 
-100.00000 -100.00000 
-100.00000 -100.00000 
-0.00032 -0.13238 
-100.00000 -100.00000 
-0.00030 -100.00000 
-0.01458 -100.00000 
 0.11799  0.12220 
-100.00000 -100.00000 
-100.00000 -100.00000 
-100.00000 -100.00000 
-100.00000 -100.00000 
-100.00000 -0.14064 
-100.00000 -100.00000 
 0.20745 -0.01154 
-100.00000 -0.00613 
-100.00000 -100.00000 
-100.00000 -100.00000 
-100.00000 -100.00000 
-100.00000 -100.00000 
-0.04502 -0.13799 
-100.00000 -100.00000 
 0.11781 -0.12490 
-100.00000 -100.00000 
-0.70357 -0.10480 
-100.00000 -0.26934 
-100.00000 -0.69286 
-100.00000 -100.00000 
-0.04682 -0.55285 
-0.39935 -0.14140 
-100.00000  0.13747 
-100.00000 -100.00000 
-100.00000 -0.00708 
-100.00000 -100.00000 
-100.00000 -100.00000 
-0.01325 -100.00000 
-0.23535 -0.14159 
-0.18456 -0.34061 
 0.05350 -1.02917 
-100.00000 -100.00000 
-100.00000 -100.00000 
-100.00000 -0.14847 
-0.61540 -0.46667 
-100.00000 -0.50591 
-100.00000 -100.00000 
-100.00000 -100.00000 
-100.00000 -100.00000 
-100.00000 -100.00000 
-100.00000 -100.00000 
-100.00000 -100.00000 
-100.00000 -100.00000 
-0.27144  0.12634 
 0.26210  0.09563 
-0.28287 -0.00004 
-100.00000 -0.27593 
 0.13753 -100.00000 
-100.00000 -100.00000 
-100.00000 -0.12540 
-100.00000 -100.00000 
-100.00000 -0.00001 
-100.00000 -0.00029 
-100.00000 -0.60225 
-100.00000 -100.00000 
-0.37330  0.26110 
-0.14557 -100.00000 
-100.00000 -100.00000 
-100.00000 -100.00000 
-100.00000 -100.00000 
-100.00000 -100.00000 
-100.00000 -100.00000 
-100.00000 -100.00000 
-100.00000 -100.00000 
-100.00000 -100.00000 
-100.00000  0.00008 
-0.13128 -0.25002 
 0.22148 -0.28728 
-100.00000 -100.00000 
-0.14587 -0.00006 
-0.14548 -100.00000 
-100.00000 -0.26932 
-0.62228  0.37866 
-100.00000 -100.00000 
-0.27719 -0.26978 
-0.13480 -0.45981 
-100.00000 -0.00022 
-0.44056 -100.00000 
 0.27982  0.42947 
-100.00000 -100.00000 
-100.00000 -100.00000 
-0.59855 -0.24982 
-100.00000 -100.00000 
-100.00000 -100.00000 
-100.00000 -100.00000 
-100.00000 -100.00000 
-100.00000 -0.13444 
 0.13737 -100.00000 
-100.00000 -100.00000 
 0.00000  0.00000 
-100.00000 -100.00000 
-100.00000 -0.13473 
-100.00000 -100.00000 
 0.00000  0.00000 
-100.00000 -100.00000 
-100.00000 -100.00000 
-100.00000 -100.00000 
-0.01455 -0.42835 
-100.00000 -100.00000 
-100.00000 -100.00000 
-100.00000 -100.00000 
-100.00000 -100.00000 
-100.00000 -0.00004 
-100.00000 -100.00000 
 0.00003 -100.00000 
-100.00000 -100.00000 
-100.00000 -100.00000 
-100.00000 -100.00000 
-100.00000 -100.00000 
-100.00000 -100.00000 
-100.00000  0.00023 
-100.00000 -100.00000 
-100.00000 -100.00000 
-0.12707 -0.47662 
-100.00000 -100.00000 
-100.00000 -100.00000 
-0.00017 -0.00010 
 0.00000  0.00000 
-100.00000 -100.00000 
-100.00000 -100.00000 
 0.14277  0.33779 
-100.00000 -100.00000 
-100.00000 -100.00000 
-0.00884  0.00273 
-100.00000  0.37824 
-100.00000 -100.00000 
-100.00000 -100.00000 
-100.00000 -100.00000 
-100.00000 -100.00000 
 0.23567 -0.37712 
-100.00000 -100.00000 
-100.00000 -100.00000 
-100.00000 -100.00000 
-100.00000 -100.00000 
-100.00000 -100.00000 
-0.27138 -0.61632 
-100.00000 -100.00000 
-0.00000  0.13668 
-100.00000 -100.00000 
-100.00000 -100.00000 
 0.69758  0.03689 
-100.00000 -100.00000 
 0.28669 -100.00000 
-100.00000 -100.00000 
-100.00000  0.12761 
-100.00000 -100.00000 
-100.00000 -100.00000 
-100.00000 -100.00000 
-100.00000 -100.00000 
 0.40658 -0.12491 
-100.00000 -100.00000 
-100.00000 -100.00000 
-100.00000 -100.00000 
-100.00000 -100.00000 
-100.00000 -100.00000 
 0.19524  0.00514 
-0.00014 -0.47739 
-100.00000 -100.00000 
-100.00000 -100.00000 
-100.00000 -100.00000 
-100.00000 -100.00000 
-100.00000 -100.00000 
-0.00455 -0.12068 
 0.88459 -0.19477 
-0.12123 -0.09854 
 0.10621 -0.31861 
-100.00000 -0.37154 
 0.28481 -0.18098 
 0.48542  0.00018 
-100.00000 -100.00000 
-100.00000 -100.00000 
-100.00000 -100.00000 
-100.00000 -100.00000 
-100.00000 -0.00004 
 0.16850  0.67345 
-0.11567  0.30330 
-0.44151  0.32636 
-100.00000 -100.00000 
-100.00000 -100.00000 
-100.00000 -0.00007 
-100.00000 -100.00000 
-100.00000 -100.00000 
 0.00004 -100.00000 
-100.00000 -100.00000 
-100.00000 -0.00041 
-100.00000 -100.00000 
-100.00000 -100.00000 
-100.00000 -100.00000 
-0.08527  0.16976 
-100.00000 -100.00000 
-100.00000 -100.00000 
 0.10215 -100.00000 
-100.00000 -100.00000 
-100.00000 -100.00000 
-100.00000 -100.00000 
-100.00000 -0.15019 
-100.00000 -100.00000 
-100.00000 -100.00000 
-100.00000 -100.00000 
-100.00000 -100.00000 
-100.00000  0.00042 
-100.00000  0.48548 
-0.13958  0.00002 
-0.13925 -0.25302 
-0.12872 -0.28654 
-100.00000  0.00043 
-100.00000 -0.52538 
 0.58499  0.00013 
-0.35416 -100.00000 
-100.00000 -100.00000 
 0.11239  0.13684 
-100.00000 -0.41088 
-100.00000 -100.00000 
 0.15289 -100.00000 
-100.00000 -0.14827 
-100.00000 -100.00000 
-100.00000 -100.00000 
-100.00000 -100.00000 
-100.00000 -100.00000 
-100.00000 -100.00000 
-100.00000 -100.00000 
-100.00000 -100.00000 
-100.00000 -100.00000 
-100.00000 -100.00000 
-100.00000 -100.00000 
-100.00000 -100.00000 
-100.00000 -100.00000 
-100.00000 -100.00000 
-100.00000 -100.00000 
 0.00014  0.13750 
-100.00000 -100.00000 
-100.00000 -100.00000 
-100.00000 -100.00000 
 0.10981 -100.00000 
-100.00000 -100.00000 
 0.01775  0.11980 
-100.00000 -100.00000 
-100.00000 -100.00000 
-100.00000 -100.00000 
-100.00000 -100.00000 
-100.00000 -100.00000 
-100.00000 -100.00000 
-100.00000 -100.00000 
-100.00000 -100.00000 
-100.00000 -100.00000 
-100.00000 -100.00000 
-100.00000 -100.00000 
-100.00000 -100.00000 
-100.00000 -100.00000 
-100.00000 -100.00000 
-100.00000 -100.00000 
-100.00000  0.00006 
-100.00000 -100.00000 
-100.00000 -100.00000 
-100.00000 -100.00000 
-100.00000 -100.00000 
-100.00000 -100.00000 
-100.00000 -100.00000 
-100.00000 -100.00000 
-100.00000 -100.00000 
-0.23335  0.30020 
-100.00000 -100.00000 
-100.00000 -100.00000 
-100.00000 -0.46671 
-100.00000 -0.63116 
 0.10249 -0.28634 
-0.00021 -0.01285 
-100.00000 -100.00000 
-100.00000  0.33512 
-100.00000 -100.00000 
-100.00000 -100.00000 
-100.00000 -100.00000 
 0.31896 -100.00000 
-100.00000 -100.00000 
-0.25618  0.13703 
-100.00000 -100.00000 
-100.00000 -100.00000 
-100.00000 -0.00002 
 0.00000  0.00000 
 0.11933 -0.00072 
-100.00000 -100.00000 
-100.00000 -0.00197 
 0.44637  0.05357 
-100.00000 -100.00000 
-0.00034 -100.00000 
 0.00000  0.00000 
-100.00000 -100.00000 
-100.00000 -100.00000 
-100.00000 -100.00000 
 0.00000  0.00000 
-100.00000 -100.00000 
-100.00000 -0.23180 
-0.14360 -100.00000 
-100.00000 -100.00000 
-100.00000 -100.00000 
-0.57978 -100.00000 
-100.00000 -100.00000 
-100.00000 -0.00093 
-0.23708  0.09018 
-0.12136 -0.52213 
 0.34565  0.43767 
-100.00000 -100.00000 
-100.00000 -100.00000 
 0.14611  0.15866 
 0.26311  0.24943 
-100.00000 -0.00114 
-100.00000 -100.00000 
-0.62219 -0.23287 
-100.00000 -100.00000 
 0.11955  0.04320 
-0.13060  0.05389 
-0.27914 -100.00000 
-100.00000 -0.00070 
-100.00000 -100.00000 
-100.00000 -100.00000 
-100.00000 -100.00000 
-100.00000 -100.00000 
-100.00000 -100.00000 
-100.00000 -100.00000 
-100.00000 -100.00000 
-100.00000 -100.00000 
-100.00000 -100.00000 
-0.00033 -100.00000 
-100.00000 -100.00000 
-100.00000 -100.00000 
-0.20082 -0.15223 
-100.00000 -100.00000 
-100.00000 -100.00000 
-100.00000 -100.00000 
-100.00000 -100.00000 
-100.00000 -100.00000 
-0.22176 -0.17929 
-100.00000 -100.00000 
-100.00000 -0.16567 
-0.00016  0.00009 
-100.00000 -0.23175 
-0.02778 -0.38476 
-100.00000 -100.00000 
-100.00000 -100.00000 
-100.00000 -100.00000 
 0.13740 -0.00007 
-100.00000 -100.00000 
-100.00000 -100.00000 
-100.00000 -100.00000 
-100.00000 -100.00000 
-100.00000 -100.00000 
-100.00000 -100.00000 
 0.19129 -100.00000 
 0.39382  0.51596 
-0.14345 -100.00000 
 0.49157  0.25000 
-100.00000 -100.00000 
 0.00000  0.00000 
-100.00000 -100.00000 
-100.00000 -100.00000 
-100.00000 -100.00000 
-100.00000 -100.00000 
-100.00000 -100.00000 
-100.00000 -100.00000 
 0.00000  0.00000 
-100.00000 -100.00000 
-100.00000 -100.00000 
 0.00000  0.00000 
-100.00000 -100.00000 
