-100.00000 -100.00000 
-0.50534 -0.37045 
-0.25032 -100.00000 
-0.14160 -0.02078 
-100.00000  0.53067 
 0.00004 -100.00000 
-0.68158 -100.00000 
-100.00000 -100.00000 
-100.00000 -100.00000 
-0.08741 -0.09961 
-0.06824 -100.00000 
 0.19309 -0.16956 
-100.00000 -100.00000 
-0.01111 -100.00000 
-100.00000 -100.00000 
-100.00000 -100.00000 
-100.00000 -100.00000 
-100.00000 -100.00000 
-100.00000 -100.00000 
-100.00000 -100.00000 
 0.00000  0.00000 
-100.00000 -100.00000 
-0.35933 -0.66697 
-0.10351  0.53862 
-100.00000  0.00012 
-100.00000 -100.00000 
-100.00000 -100.00000 
-100.00000 -100.00000 
-100.00000 -100.00000 
-100.00000 -100.00000 
-100.00000 -100.00000 
-100.00000 -100.00000 
-100.00000 -100.00000 
-100.00000 -100.00000 
-100.00000 -100.00000 
-100.00000 -100.00000 
-100.00000 -100.00000 
-100.00000 -100.00000 
-100.00000 -100.00000 
-100.00000 -100.00000 
-100.00000 -100.00000 
-100.00000 -100.00000 
-100.00000 -100.00000 
-100.00000 -100.00000 
-100.00000 -100.00000 
-0.14244 -0.00000 
-100.00000 -100.00000 
-100.00000 -100.00000 
-100.00000 -100.00000 
-100.00000 -100.00000 
 0.00022 -100.00000 
-100.00000 -100.00000 
 0.13759 -0.01909 
 0.00002 -100.00000 
-100.00000 -100.00000 
-100.00000 -100.00000 
-0.00026 -100.00000 
-100.00000 -100.00000 
 0.00000  0.00000 
-100.00000 -100.00000 
-100.00000 -100.00000 
-100.00000 -100.00000 
-100.00000 -100.00000 
-100.00000 -100.00000 
-100.00000 -100.00000 
-100.00000 -100.00000 
-100.00000 -100.00000 
-1.02039 -100.00000 
-100.00000 -100.00000 
-100.00000 -100.00000 
-100.00000 -100.00000 
 0.00000  0.00000 
-100.00000 -100.00000 
-100.00000 -100.00000 
-100.00000  0.26289 
-100.00000 -100.00000 
-0.11283  0.60643 
-100.00000 -100.00000 
-100.00000 -100.00000 
-100.00000 -100.00000 
-100.00000 -100.00000 
-100.00000 -100.00000 
-100.00000 -100.00000 
 0.00000  0.00000 
-100.00000 -100.00000 
-100.00000 -100.00000 
-100.00000 -100.00000 
-100.00000 -100.00000 
-100.00000 -100.00000 
-100.00000 -100.00000 
-0.00069 -100.00000 
-100.00000 -100.00000 
-0.46035  0.10383 
-100.00000 -100.00000 
-0.19812 -0.14696 
-100.00000 -100.00000 
-100.00000 -100.00000 
-100.00000 -100.00000 
-100.00000 -100.00000 
-100.00000 -100.00000 
-100.00000 -100.00000 
-100.00000 -100.00000 
-100.00000 -100.00000 
-100.00000 -100.00000 
-100.00000 -100.00000 
-100.00000 -100.00000 
 0.00000  0.00000 
-0.72822 -0.14730 
-100.00000 -100.00000 
-100.00000 -100.00000 
 0.13752 -100.00000 
-100.00000 -100.00000 
-0.27352 -0.49719 
-100.00000 -100.00000 
-0.71431 -0.02707 
-100.00000 -100.00000 
-100.00000 -100.00000 
-100.00000 -100.00000 
-100.00000 -100.00000 
-100.00000 -100.00000 
-100.00000 -100.00000 
-100.00000 -100.00000 
-0.33298  0.22725 
-100.00000 -100.00000 
-0.26075 -100.00000 
-100.00000 -100.00000 
-100.00000 -100.00000 
-100.00000 -100.00000 
-100.00000 -100.00000 
-100.00000 -100.00000 
-0.13638 -100.00000 
-100.00000 -100.00000 
-100.00000 -100.00000 
 0.26308 -0.00001 
-100.00000 -100.00000 
-0.00074 -100.00000 
-100.00000 -100.00000 
 0.26288 -100.00000 
 0.12607 -100.00000 
 0.11013 -0.14857 
-100.00000 -100.00000 
-100.00000 -100.00000 
-100.00000 -100.00000 
-100.00000 -100.00000 
-0.27366 -0.00013 
-100.00000 -100.00000 
-100.00000 -100.00000 
-100.00000 -100.00000 
-100.00000 -100.00000 
-100.00000 -100.00000 
-100.00000 -100.00000 
 0.00000  0.00000 
 0.09667 -100.00000 
 0.34649 -100.00000 
-100.00000 -100.00000 
-100.00000 -100.00000 
-100.00000 -100.00000 
-0.00030 -100.00000 
-0.37904 -0.01272 
-100.00000  0.22814 
 0.07127 -0.39521 
-100.00000 -100.00000 
-100.00000 -100.00000 
-100.00000 -100.00000 
-100.00000 -100.00000 
 0.12678  0.52692 
-100.00000 -100.00000 
-100.00000 -100.00000 
 0.41944 -100.00000 
-100.00000 -100.00000 
-100.00000 -100.00000 
-100.00000 -100.00000 
-100.00000 -100.00000 
-0.32601  0.52654 
-100.00000 -0.00108 
-100.00000 -0.70126 
-0.09508 -100.00000 
-0.00032 -0.52802 
-0.26060 -100.00000 
-100.00000 -0.15120 
 0.44512 -0.14986 
 0.00040 -100.00000 
-100.00000 -100.00000 
-100.00000 -100.00000 
-100.00000 -100.00000 
-100.00000 -100.00000 
-0.23799 -0.00003 
-100.00000 -100.00000 
-100.00000 -100.00000 
-100.00000 -100.00000 
-100.00000 -100.00000 
-100.00000 -100.00000 
-0.21868 -0.09719 
-100.00000  0.53922 
-100.00000 -100.00000 
-100.00000 -100.00000 
-0.13238 -0.10786 
-100.00000 -100.00000 
-100.00000 -100.00000 
-100.00000 -0.13956 
 0.12220  0.13750 
-100.00000 -100.00000 
-100.00000 -100.00000 
-100.00000 -100.00000 
-100.00000 -100.00000 
-0.14064 -0.12949 
-100.00000 -100.00000 
-0.01154  0.38322 
-0.00613 -0.22895 
-100.00000 -100.00000 
-100.00000 -100.00000 
-100.00000 -100.00000 
-100.00000 -100.00000 
-0.13799  0.11786 
-100.00000 -100.00000 
-0.12490  0.10078 
-100.00000 -100.00000 
-0.10480 -100.00000 
-0.26934 -0.12955 
-0.69286 -100.00000 
-100.00000 -100.00000 
-0.55285 -0.19704 
-0.14140 -100.00000 
 0.13747 -100.00000 
-100.00000 -100.00000 
-0.00708 -100.00000 
-100.00000 -100.00000 
-100.00000 -100.00000 
-100.00000 -100.00000 
-0.14159 -100.00000 
-0.34061  0.08423 
-1.02917 -0.42452 
-100.00000 -100.00000 
-100.00000 -0.00375 
-0.14847 -100.00000 
-0.46667 -0.44843 
-0.50591 -100.00000 
-100.00000 -100.00000 
-100.00000 -100.00000 
-100.00000 -100.00000 
-100.00000 -100.00000 
-100.00000 -100.00000 
-100.00000 -100.00000 
-100.00000 -100.00000 
 0.12634 -0.04445 
 0.09563 -0.32302 
-0.00004 -0.11764 
-0.27593 -100.00000 
-100.00000 -100.00000 
-100.00000 -100.00000 
-0.12540 -100.00000 
-100.00000 -100.00000 
-0.00001 -100.00000 
-0.00029 -100.00000 
-0.60225 -100.00000 
-100.00000 -100.00000 
 0.26110 -100.00000 
-100.00000 -100.00000 
-100.00000 -100.00000 
-100.00000 -100.00000 
-100.00000 -100.00000 
-100.00000  0.12361 
-100.00000 -100.00000 
-100.00000 -100.00000 
-100.00000 -100.00000 
-100.00000 -100.00000 
 0.00008 -100.00000 
-0.25002  0.21862 
-0.28728 -0.01211 
-100.00000 -100.00000 
-0.00006 -100.00000 
-100.00000 -0.00015 
-0.26932 -100.00000 
 0.37866 -0.22956 
-100.00000 -100.00000 
-0.26978 -100.00000 
-0.45981  0.26335 
-0.00022 -100.00000 
-100.00000 -100.00000 
 0.42947  0.50838 
-100.00000 -100.00000 
-100.00000 -100.00000 
-0.24982  0.06757 
-100.00000 -100.00000 
-100.00000 -100.00000 
-100.00000 -0.37084 
-100.00000 -100.00000 
-0.13444  0.00050 
-100.00000 -0.21187 
-100.00000 -100.00000 
 0.00000  0.00000 
-100.00000 -100.00000 
-0.13473 -100.00000 
-100.00000 -100.00000 
 0.00000  0.00000 
-100.00000 -100.00000 
-100.00000  0.00022 
-100.00000 -100.00000 
-0.42835  0.06855 
-100.00000 -100.00000 
-100.00000 -100.00000 
-100.00000 -100.00000 
-100.00000 -100.00000 
-0.00004  0.06841 
-100.00000 -100.00000 
-100.00000  0.32221 
-100.00000 -100.00000 
-100.00000 -0.00011 
-100.00000 -100.00000 
-100.00000 -100.00000 
-100.00000 -100.00000 
 0.00023 -100.00000 
-100.00000 -100.00000 
-100.00000 -100.00000 
-0.47662  0.21501 
-100.00000 -100.00000 
-100.00000 -100.00000 
-0.00010 -100.00000 
 0.00000  0.00000 
-100.00000 -100.00000 
-100.00000 -100.00000 
 0.33779  0.14825 
-100.00000 -100.00000 
-100.00000 -100.00000 
 0.00273 -100.00000 
 0.37824 -100.00000 
-100.00000 -100.00000 
-100.00000 -100.00000 
-100.00000 -100.00000 
-100.00000 -100.00000 
-0.37712  0.00005 
-100.00000 -100.00000 
-100.00000 -100.00000 
-100.00000 -100.00000 
-100.00000 -100.00000 
-100.00000 -100.00000 
-0.61632 -100.00000 
-100.00000 -100.00000 
 0.13668 -100.00000 
-100.00000 -100.00000 
-100.00000 -100.00000 
 0.03689 -0.24808 
-100.00000 -100.00000 
-100.00000  0.51585 
-100.00000 -100.00000 
 0.12761 -0.00006 
-100.00000 -100.00000 
-100.00000 -100.00000 
-100.00000 -100.00000 
-100.00000 -100.00000 
-0.12491 -100.00000 
-100.00000 -0.02573 
-100.00000 -100.00000 
-100.00000 -100.00000 
-100.00000 -100.00000 
-100.00000 -100.00000 
 0.00514 -0.30611 
-0.47739 -100.00000 
-100.00000 -100.00000 
-100.00000 -100.00000 
-100.00000 -100.00000 
-100.00000 -100.00000 
-100.00000 -100.00000 
-0.12068  0.26306 
-0.19477  0.21914 
-0.09854  0.01980 
-0.31861 -0.09334 
-0.37154 -100.00000 
-0.18098 -0.67799 
 0.00018 -0.87496 
-100.00000 -100.00000 
-100.00000 -100.00000 
-100.00000 -100.00000 
-100.00000 -100.00000 
-0.00004 -100.00000 
 0.67345  0.34841 
 0.30330  0.69755 
 0.32636  0.45568 
-100.00000 -100.00000 
-100.00000 -100.00000 
-0.00007 -100.00000 
-100.00000 -100.00000 
-100.00000  0.00754 
-100.00000 -100.00000 
-100.00000 -100.00000 
-0.00041 -100.00000 
-100.00000 -100.00000 
-100.00000 -100.00000 
-100.00000 -100.00000 
 0.16976  0.39833 
-100.00000 -100.00000 
-100.00000 -100.00000 
-100.00000 -100.00000 
-100.00000 -100.00000 
-100.00000 -100.00000 
-100.00000 -100.00000 
-0.15019 -100.00000 
-100.00000 -100.00000 
-100.00000 -100.00000 
-100.00000 -100.00000 
-100.00000 -100.00000 
 0.00042 -100.00000 
 0.48548 -100.00000 
 0.00002 -0.07698 
-0.25302  0.24511 
-0.28654 -100.00000 
 0.00043 -100.00000 
-0.52538 -0.23115 
 0.00013  0.56683 
-100.00000 -100.00000 
-100.00000 -100.00000 
 0.13684 -0.13360 
-0.41088 -100.00000 
-100.00000 -100.00000 
-100.00000 -100.00000 
-0.14827 -100.00000 
-100.00000 -100.00000 
-100.00000 -100.00000 
-100.00000 -100.00000 
-100.00000 -100.00000 
-100.00000 -100.00000 
-100.00000 -100.00000 
-100.00000 -100.00000 
-100.00000 -100.00000 
-100.00000 -100.00000 
-100.00000 -100.00000 
-100.00000 -100.00000 
-100.00000 -100.00000 
-100.00000 -100.00000 
-100.00000 -100.00000 
 0.13750  0.01511 
-100.00000 -100.00000 
-100.00000 -100.00000 
-100.00000 -100.00000 
-100.00000  0.26299 
-100.00000 -100.00000 
 0.11980 -0.15331 
-100.00000 -100.00000 
-100.00000  0.00013 
-100.00000 -100.00000 
-100.00000 -100.00000 
-100.00000 -100.00000 
-100.00000 -100.00000 
-100.00000 -100.00000 
-100.00000 -100.00000 
-100.00000 -100.00000 
-100.00000 -100.00000 
-100.00000 -100.00000 
-100.00000 -100.00000 
-100.00000 -100.00000 
-100.00000 -100.00000 
-100.00000 -100.00000 
 0.00006 -100.00000 
-100.00000 -100.00000 
-100.00000 -100.00000 
-100.00000 -100.00000 
-100.00000 -100.00000 
-100.00000 -100.00000 
-100.00000 -100.00000 
-100.00000 -100.00000 
-100.00000 -100.00000 
 0.30020  0.58441 
-100.00000 -100.00000 
-100.00000 -100.00000 
-0.46671 -100.00000 
-0.63116  0.00006 
-0.28634 -100.00000 
-0.01285 -100.00000 
-100.00000 -100.00000 
 0.33512 -100.00000 
-100.00000 -100.00000 
-100.00000 -100.00000 
-100.00000 -100.00000 
-100.00000 -0.13169 
-100.00000 -100.00000 
 0.13703 -100.00000 
-100.00000 -100.00000 
-100.00000 -100.00000 
-0.00002 -100.00000 
 0.00000  0.00000 
-0.00072 -0.30271 
-100.00000 -100.00000 
-0.00197  0.26306 
 0.05357 -0.15387 
-100.00000 -100.00000 
-100.00000 -100.00000 
 0.00000  0.00000 
-100.00000 -100.00000 
-100.00000 -100.00000 
-100.00000 -100.00000 
 0.00000  0.00000 
-100.00000 -100.00000 
-0.23180 -100.00000 
-100.00000 -100.00000 
-100.00000 -100.00000 
-100.00000 -100.00000 
-100.00000 -100.00000 
-100.00000 -100.00000 
-0.00093 -0.00047 
 0.09018  0.34183 
-0.52213 -0.15917 
 0.43767 -0.19927 
-100.00000 -100.00000 
-100.00000 -100.00000 
 0.15866  0.11852 
 0.24943  0.00006 
-0.00114 -100.00000 
-100.00000 -100.00000 
-0.23287 -0.00010 
-100.00000 -0.15902 
 0.04320 -0.16507 
 0.05389 -100.00000 
-100.00000 -100.00000 
-0.00070 -100.00000 
-100.00000 -100.00000 
-100.00000 -100.00000 
-100.00000 -100.00000 
-100.00000 -100.00000 
-100.00000 -100.00000 
-100.00000 -100.00000 
-100.00000 -100.00000 
-100.00000 -100.00000 
-100.00000 -100.00000 
-100.00000 -100.00000 
-100.00000 -100.00000 
-100.00000 -100.00000 
-0.15223 -0.47767 
-100.00000 -100.00000 
-100.00000 -0.00007 
-100.00000 -100.00000 
-100.00000 -100.00000 
-100.00000 -100.00000 
-0.17929 -0.35016 
-100.00000 -100.00000 
-0.16567 -100.00000 
 0.00009 -100.00000 
-0.23175 -100.00000 
-0.38476 -0.05349 
-100.00000 -100.00000 
-100.00000 -100.00000 
-100.00000 -100.00000 
-0.00007  0.21957 
-100.00000 -100.00000 
-100.00000 -100.00000 
-100.00000 -100.00000 
-100.00000 -100.00000 
-100.00000 -100.00000 
-100.00000 -0.00002 
-100.00000 -100.00000 
 0.51596 -100.00000 
-100.00000 -100.00000 
 0.25000  0.18283 
-100.00000 -100.00000 
 0.00000  0.00000 
-100.00000 -100.00000 
-100.00000 -100.00000 
-100.00000 -100.00000 
-100.00000 -100.00000 
-100.00000 -100.00000 
-100.00000 -100.00000 
 0.00000  0.00000 
-100.00000 -100.00000 
-100.00000 -100.00000 
 0.00000  0.00000 
-100.00000 -100.00000 
