 0.54892 -0.18970 
 0.00000  0.00000 
-100.00000  0.21926 
 0.00000  0.00000 
 0.00018 -100.00000 
-100.00000 -100.00000 
-100.00000 -100.00000 
-100.00000 -100.00000 
 0.13732 -100.00000 
-100.00000 -100.00000 
-100.00000 -100.00000 
-100.00000 -100.00000 
-100.00000 -100.00000 
-100.00000 -100.00000 
 0.00829 -0.43308 
-100.00000 -100.00000 
-100.00000 -100.00000 
-100.00000 -100.00000 
-0.56885 -100.00000 
-100.00000 -100.00000 
-100.00000 -100.00000 
-100.00000  0.07591 
-100.00000 -100.00000 
-100.00000 -100.00000 
-100.00000 -100.00000 
-100.00000 -100.00000 
-0.05243  0.28416 
-0.35100 -1.12372 
-100.00000 -100.00000 
-100.00000  0.00000 
-100.00000 -100.00000 
-100.00000 -100.00000 
-100.00000 -100.00000 
-100.00000 -100.00000 
 0.02099 -0.02162 
 0.01494 -0.16487 
-100.00000 -100.00000 
-0.18833 -0.19974 
 0.00000  0.00000 
-0.25773  0.71114 
-100.00000 -100.00000 
-0.08346  0.13763 
-100.00000 -100.00000 
-0.11309 -0.01973 
-100.00000 -100.00000 
-100.00000 -100.00000 
-0.00017 -0.08452 
-0.69910  0.46634 
-100.00000 -100.00000 
-100.00000 -100.00000 
-0.05719 -0.23225 
-100.00000 -0.00007 
-100.00000  0.14499 
 0.00005 -100.00000 
 0.00565 -0.01027 
-100.00000 -100.00000 
 0.00000  0.00000 
-100.00000 -100.00000 
-100.00000 -100.00000 
 0.00000  0.00000 
-100.00000 -100.00000 
 0.00000  0.00000 
-100.00000 -100.00000 
-0.22454  0.34502 
-0.32642 -100.00000 
-100.00000 -100.00000 
-100.00000 -100.00000 
-0.32245 -0.38647 
-100.00000 -100.00000 
-100.00000  0.10265 
 0.00000  0.00000 
-100.00000 -100.00000 
 0.74185 -0.18501 
-100.00000 -100.00000 
-0.00035 -100.00000 
-100.00000 -100.00000 
-100.00000 -100.00000 
-100.00000 -100.00000 
-100.00000 -100.00000 
-100.00000 -100.00000 
-0.05948  0.21349 
-100.00000 -100.00000 
 0.11079  0.15490 
-100.00000 -100.00000 
-100.00000 -100.00000 
 0.13780 -100.00000 
-100.00000 -100.00000 
-100.00000 -100.00000 
-0.29206 -100.00000 
-0.24841 -0.00024 
-0.16569  0.22142 
-0.00010 -100.00000 
-100.00000 -100.00000 
-100.00000 -100.00000 
-100.00000 -100.00000 
-100.00000 -100.00000 
-100.00000 -100.00000 
-0.03304 -0.64184 
-100.00000 -1.03173 
-100.00000 -0.48915 
 0.29952 -0.14344 
-100.00000 -100.00000 
 0.21155  0.90514 
 0.06189 -0.07475 
-100.00000 -100.00000 
-100.00000 -100.00000 
-100.00000 -100.00000 
-100.00000 -100.00000 
-100.00000 -100.00000 
-100.00000 -100.00000 
 0.17943 -100.00000 
-100.00000 -100.00000 
-100.00000 -0.15013 
-100.00000 -100.00000 
-100.00000 -100.00000 
 0.17677  0.09978 
 0.20401  0.49411 
-100.00000 -100.00000 
 0.18658 -0.68577 
-0.59539 -0.14781 
-0.30613  0.09028 
-100.00000 -100.00000 
-100.00000  0.26309 
-100.00000 -100.00000 
-100.00000 -100.00000 
 0.54169 -0.25598 
-100.00000 -100.00000 
-100.00000 -100.00000 
-0.14592 -0.24168 
-0.17166  0.01016 
-100.00000 -100.00000 
-0.27276  0.08310 
 0.17901  0.43372 
-100.00000 -100.00000 
-0.18084 -100.00000 
 0.00000  0.00000 
-0.34802  0.17467 
-100.00000 -100.00000 
-0.30759 -100.00000 
-100.00000 -100.00000 
-100.00000 -0.01334 
-0.07398  0.39068 
-100.00000 -100.00000 
 0.07286 -0.13765 
-100.00000 -100.00000 
 0.07107  0.13785 
-100.00000 -100.00000 
-100.00000 -100.00000 
 0.31726 -100.00000 
-100.00000 -100.00000 
-100.00000 -100.00000 
-100.00000 -100.00000 
 0.95304 -0.02508 
-100.00000 -100.00000 
 0.37648 -0.00637 
-100.00000 -100.00000 
 0.00000  0.00000 
-100.00000 -100.00000 
-100.00000 -100.00000 
-100.00000 -100.00000 
-100.00000 -100.00000 
-0.68860 -0.18749 
-0.02221  0.07321 
-100.00000 -100.00000 
-100.00000 -100.00000 
-100.00000 -100.00000 
-100.00000 -100.00000 
-0.19778 -0.22955 
 0.00000  0.00000 
 0.00000  0.00000 
 0.40837 -100.00000 
-100.00000 -100.00000 
-0.00101 -100.00000 
-100.00000 -100.00000 
-0.40940 -100.00000 
 0.00000  0.00000 
-100.00000 -100.00000 
 0.13738 -100.00000 
 0.33262 -0.44859 
-0.16850 -100.00000 
-100.00000 -100.00000 
-0.57701  0.31088 
-0.49056 -0.26536 
-0.41612  0.14125 
 0.00000  0.00000 
-100.00000 -100.00000 
 0.00000  0.00000 
 0.15911  0.26722 
-100.00000 -100.00000 
-100.00000 -100.00000 
-100.00000 -100.00000 
-100.00000 -100.00000 
-100.00000 -100.00000 
-100.00000 -100.00000 
-100.00000 -100.00000 
-100.00000 -100.00000 
-0.00032 -100.00000 
-100.00000 -100.00000 
-100.00000 -100.00000 
-100.00000 -100.00000 
-0.14505 -100.00000 
-100.00000 -100.00000 
 0.87608  0.34245 
-0.01932  0.31781 
-0.53688 -100.00000 
-100.00000 -100.00000 
-100.00000 -100.00000 
-100.00000 -100.00000 
-100.00000 -100.00000 
 0.38680 -0.46549 
-0.02873 -100.00000 
 0.49332  0.32539 
-0.39759  0.33456 
-100.00000 -0.13995 
-100.00000 -100.00000 
-100.00000 -100.00000 
-100.00000 -100.00000 
-100.00000 -100.00000 
-0.13986  0.34570 
 0.12855 -0.15893 
 0.11467  0.29428 
-100.00000 -100.00000 
-0.26185 -0.59581 
 0.25243 -0.29693 
-0.15356  0.01123 
-100.00000 -100.00000 
 0.37814 -0.01102 
-100.00000 -100.00000 
-0.40710 -0.16879 
 0.08669 -100.00000 
-100.00000 -100.00000 
-0.46527  0.21909 
 0.35392  0.47211 
 0.19622 -0.47632 
 0.00000  0.00000 
 0.73780 -0.00087 
-0.14765 -0.27419 
-100.00000 -100.00000 
-0.14698  0.21146 
-100.00000 -0.13200 
-100.00000 -100.00000 
 0.26102  0.40762 
-0.00005 -100.00000 
-0.27945 -0.25360 
-100.00000 -100.00000 
-100.00000 -100.00000 
-100.00000 -100.00000 
-0.27862 -100.00000 
-100.00000 -100.00000 
-100.00000 -100.00000 
-0.21031 -0.39237 
-0.32799 -100.00000 
-100.00000 -100.00000 
-0.00068 -100.00000 
 0.21456 -0.24430 
-100.00000 -0.00211 
-0.26177 -0.30860 
-100.00000 -100.00000 
-0.24074  0.11336 
-100.00000 -100.00000 
-100.00000 -100.00000 
-100.00000 -100.00000 
-100.00000 -0.12934 
-100.00000 -100.00000 
-0.00052 -0.00578 
-100.00000 -100.00000 
-100.00000 -100.00000 
-100.00000 -100.00000 
-100.00000 -100.00000 
-100.00000 -100.00000 
-100.00000 -100.00000 
-0.13994 -100.00000 
-100.00000 -100.00000 
-0.26615 -0.30898 
 0.28601 -0.23024 
-100.00000 -0.00014 
-0.23892  0.34170 
-0.20470  0.21634 
-0.14615 -100.00000 
-100.00000 -100.00000 
-100.00000 -100.00000 
-100.00000 -100.00000 
 0.04031 -0.12081 
-100.00000 -100.00000 
-0.02618 -0.51833 
 0.45096  0.06864 
-100.00000 -0.00007 
-0.01131  0.45572 
-100.00000 -100.00000 
-0.43980  0.14134 
-100.00000 -100.00000 
 0.07704  0.45546 
 0.23633 -0.17271 
 0.00000  0.00000 
-100.00000 -100.00000 
 0.40717 -0.02595 
-100.00000  0.92622 
-100.00000 -100.00000 
-0.32740 -0.41429 
-100.00000 -100.00000 
-100.00000 -100.00000 
 0.19556 -100.00000 
 0.21429  0.02970 
-100.00000 -100.00000 
 0.44240 -0.06450 
 0.56347  0.71223 
-100.00000 -100.00000 
-100.00000 -100.00000 
-0.00816  0.26308 
-100.00000  0.04169 
 0.12134  0.26299 
-100.00000 -100.00000 
-0.00002 -0.28962 
-100.00000 -100.00000 
 0.09532 -0.07997 
 0.23642 -0.67780 
-100.00000 -100.00000 
-0.43101 -0.33378 
-100.00000 -100.00000 
-100.00000 -100.00000 
 0.00000  0.00000 
-100.00000 -100.00000 
-100.00000 -100.00000 
 0.42967  0.18044 
-100.00000 -100.00000 
 0.36718  0.00014 
 0.00000  0.00000 
-100.00000 -100.00000 
-0.40108  0.13555 
 0.10597 -100.00000 
-100.00000 -100.00000 
-0.00666  0.00006 
-100.00000 -100.00000 
-100.00000 -0.16094 
 0.18591  0.10852 
-100.00000 -100.00000 
-0.66018  0.02529 
-100.00000 -100.00000 
-0.15040 -0.25896 
 0.35969  0.36349 
-100.00000 -100.00000 
-100.00000 -100.00000 
-0.33734 -0.25990 
-100.00000 -100.00000 
-100.00000 -100.00000 
-100.00000 -100.00000 
-100.00000  0.40649 
-100.00000 -100.00000 
-100.00000 -100.00000 
-100.00000 -100.00000 
-100.00000 -100.00000 
-100.00000 -100.00000 
-100.00000 -100.00000 
-0.24328  0.43150 
-100.00000 -100.00000 
-100.00000 -100.00000 
-100.00000 -100.00000 
-100.00000 -100.00000 
-100.00000 -100.00000 
-0.12693 -0.67808 
 0.05354 -0.16013 
-100.00000 -100.00000 
-100.00000 -100.00000 
-100.00000 -100.00000 
-100.00000 -100.00000 
-100.00000 -100.00000 
-100.00000 -100.00000 
-100.00000 -100.00000 
-100.00000 -100.00000 
-0.01092 -0.80788 
-0.36175  0.32185 
 0.11618  0.42882 
-0.22287 -0.29954 
-100.00000 -100.00000 
-100.00000 -100.00000 
-100.00000 -100.00000 
-100.00000 -100.00000 
-100.00000 -100.00000 
-100.00000 -100.00000 
-100.00000 -100.00000 
-0.05763 -0.17531 
 0.00000  0.00000 
-100.00000 -100.00000 
 0.00004 -100.00000 
 0.25713 -0.09459 
-0.35002 -0.25512 
-100.00000 -100.00000 
-100.00000 -100.00000 
-0.09993 -0.16288 
 0.44604 -0.26046 
-100.00000 -100.00000 
-0.11942  0.12943 
 0.44566  0.21762 
 0.00000  0.00000 
-100.00000 -100.00000 
-0.18706 -0.09545 
-100.00000 -100.00000 
-100.00000 -100.00000 
-100.00000 -100.00000 
-0.06967 -0.15794 
 0.00000  0.00000 
-0.35314 -0.43288 
-0.62334  0.00932 
-0.35357 -100.00000 
-0.10550  0.25224 
-100.00000 -100.00000 
-0.07389 -0.52507 
-100.00000  0.26311 
-100.00000 -100.00000 
-100.00000 -100.00000 
 0.00000  0.00000 
-0.57108 -0.28103 
-100.00000 -100.00000 
 0.52227 -0.38952 
 1.04532  0.11188 
-100.00000 -100.00000 
-0.08278  0.01928 
 0.00000  0.00000 
 0.22883  0.07762 
 0.31894 -0.13354 
-0.15191  0.31001 
-100.00000 -100.00000 
-100.00000 -100.00000 
 0.00005 -0.22661 
 0.00000  0.00000 
 0.00000  0.00000 
-100.00000 -0.41703 
-100.00000 -0.55747 
-100.00000 -100.00000 
-100.00000 -100.00000 
-100.00000 -100.00000 
-100.00000 -100.00000 
-100.00000 -100.00000 
-100.00000 -100.00000 
-100.00000 -100.00000 
-0.70563 -100.00000 
-100.00000 -100.00000 
-0.26777 -0.08863 
-100.00000 -100.00000 
-0.12082 -0.15809 
-100.00000 -100.00000 
-100.00000 -100.00000 
-100.00000 -100.00000 
-100.00000 -100.00000 
-100.00000 -100.00000 
-0.25640  0.17243 
 0.11274 -0.16321 
-0.10026 -0.23581 
-0.24644  0.38667 
-100.00000 -100.00000 
-100.00000 -100.00000 
-100.00000 -100.00000 
-100.00000 -100.00000 
-100.00000 -100.00000 
-100.00000 -100.00000 
-0.24555 -100.00000 
-0.22765 -0.07654 
-100.00000 -100.00000 
 0.00000  0.00000 
 0.40871 -0.13923 
-100.00000 -100.00000 
-100.00000 -100.00000 
-0.01084  0.02726 
 0.00000  0.00000 
-100.00000 -100.00000 
 0.00000  0.00000 
-1.00923 -0.23111 
-0.37022  0.14399 
-100.00000 -100.00000 
 0.00000  0.00000 
 0.10256 -0.36879 
-100.00000  0.12300 
-100.00000 -100.00000 
 0.00000  0.00000 
 0.49834  0.02664 
-0.95003 -0.00025 
-100.00000 -100.00000 
 0.17190  0.62462 
-100.00000 -100.00000 
-100.00000 -100.00000 
-100.00000 -100.00000 
 0.21236 -0.17599 
-100.00000 -100.00000 
-100.00000 -100.00000 
-100.00000 -100.00000 
 0.00000  0.00000 
-100.00000 -100.00000 
-100.00000 -100.00000 
-100.00000 -100.00000 
 0.06671 -0.34507 
-100.00000 -100.00000 
-0.01141 -0.15876 
 0.04327 -0.09483 
-100.00000 -100.00000 
-100.00000 -100.00000 
 0.78411  0.14944 
-0.98301  0.36871 
-100.00000 -100.00000 
 0.11263 -0.52487 
-100.00000 -100.00000 
-0.00607  0.13091 
-100.00000 -100.00000 
-100.00000 -100.00000 
 0.00000  0.00000 
-100.00000 -100.00000 
 0.00008 -0.18328 
-0.32518 -1.00759 
 0.23070  0.25277 
-100.00000 -100.00000 
 0.00000  0.00000 
-100.00000 -100.00000 
-0.20402  0.06001 
 0.23025 -0.76905 
 0.50820  0.45085 
 0.00000  0.00000 
-0.14336 -0.02166 
 0.10441 -0.02524 
 0.30511  0.15175 
-100.00000 -100.00000 
 0.00000  0.00000 
-100.00000 -100.00000 
 0.67509 -0.42089 
-100.00000 -0.27861 
-100.00000 -0.01449 
-100.00000 -100.00000 
-100.00000  0.13741 
-100.00000 -100.00000 
 0.03344 -0.02115 
 0.37871 -0.00007 
-100.00000 -100.00000 
-0.14771 -100.00000 
-100.00000 -100.00000 
-100.00000 -100.00000 
-100.00000 -100.00000 
-100.00000 -100.00000 
-100.00000 -100.00000 
-100.00000 -100.00000 
 0.00011 -100.00000 
-100.00000 -100.00000 
-100.00000 -100.00000 
-100.00000 -100.00000 
-100.00000 -100.00000 
-100.00000 -100.00000 
-100.00000 -100.00000 
-100.00000 -100.00000 
-100.00000 -100.00000 
-100.00000 -100.00000 
-100.00000 -100.00000 
-100.00000 -100.00000 
-100.00000 -100.00000 
-100.00000 -100.00000 
-100.00000 -100.00000 
-100.00000 -100.00000 
-100.00000 -100.00000 
-0.00006 -0.37653 
 0.01238 -0.49892 
-100.00000 -100.00000 
-100.00000 -100.00000 
-100.00000 -100.00000 
 0.34165 -0.28983 
-100.00000 -100.00000 
-0.52634 -0.33220 
-0.14308 -0.03981 
-100.00000 -100.00000 
-100.00000 -100.00000 
