-100.00000 -100.00000 
-0.60488 -0.53033 
-100.00000 -100.00000 
-100.00000 -100.00000 
-100.00000 -100.00000 
 0.17251 -100.00000 
-0.30896 -0.03123 
-0.24991 -100.00000 
 0.66456 -100.00000 
-100.00000 -100.00000 
-100.00000 -100.00000 
 0.00000  0.00000 
-100.00000 -100.00000 
-0.26958 -100.00000 
-100.00000 -100.00000 
-100.00000 -100.00000 
-100.00000 -100.00000 
-100.00000 -100.00000 
-100.00000 -100.00000 
-100.00000 -100.00000 
-100.00000 -100.00000 
-100.00000 -100.00000 
-100.00000 -100.00000 
-0.49664  0.84803 
-100.00000 -100.00000 
-100.00000 -100.00000 
-100.00000 -100.00000 
-100.00000 -100.00000 
-100.00000 -100.00000 
-100.00000 -100.00000 
-100.00000 -100.00000 
-100.00000 -100.00000 
-100.00000 -100.00000 
-100.00000 -100.00000 
-100.00000 -100.00000 
-100.00000 -100.00000 
 0.64049 -0.05365 
-100.00000 -100.00000 
-100.00000 -100.00000 
-100.00000 -100.00000 
-100.00000 -100.00000 
-100.00000 -100.00000 
-100.00000 -100.00000 
-100.00000 -100.00000 
 0.00001 -100.00000 
-100.00000 -100.00000 
-0.15587  0.04196 
-100.00000 -100.00000 
-100.00000 -100.00000 
-0.02279 -0.06660 
-100.00000 -100.00000 
-100.00000 -100.00000 
-100.00000  0.23059 
-100.00000 -100.00000 
-100.00000 -100.00000 
-100.00000  0.00003 
-100.00000 -100.00000 
-100.00000 -100.00000 
-100.00000 -100.00000 
-1.35928 -100.00000 
 0.45831  0.13763 
 1.50970  0.33874 
-100.00000 -100.00000 
-100.00000 -100.00000 
-100.00000 -100.00000 
-100.00000 -100.00000 
-100.00000 -100.00000 
-100.00000 -100.00000 
-100.00000  0.51947 
-100.00000 -100.00000 
-100.00000 -100.00000 
-100.00000 -100.00000 
-100.00000 -100.00000 
-100.00000 -100.00000 
-100.00000 -100.00000 
-100.00000 -100.00000 
-100.00000 -100.00000 
-1.12138 -0.54706 
-100.00000 -0.28900 
-100.00000 -100.00000 
-100.00000 -100.00000 
-100.00000 -100.00000 
-100.00000 -0.15896 
-0.13401  0.10486 
-100.00000 -100.00000 
-100.00000 -100.00000 
-100.00000 -100.00000 
-0.07503 -100.00000 
-100.00000 -0.03830 
-0.45785 -100.00000 
 0.12129 -0.00048 
-0.59854 -100.00000 
 0.18159 -100.00000 
-0.01885  0.33281 
 0.00001 -100.00000 
-100.00000 -100.00000 
-100.00000 -100.00000 
-100.00000 -100.00000 
-100.00000 -100.00000 
-100.00000 -0.56239 
-100.00000 -100.00000 
-100.00000 -100.00000 
-100.00000 -100.00000 
 0.04941 -0.03476 
-100.00000 -100.00000 
-0.26065 -100.00000 
-100.00000 -100.00000 
-100.00000 -100.00000 
-100.00000 -100.00000 
-100.00000 -100.00000 
-100.00000 -100.00000 
 0.61927  0.14068 
-0.59672  0.04338 
-100.00000 -100.00000 
-100.00000 -100.00000 
-100.00000 -100.00000 
-100.00000 -100.00000 
-100.00000 -100.00000 
-100.00000 -0.14990 
-100.00000 -100.00000 
-100.00000 -100.00000 
-100.00000 -100.00000 
-100.00000 -100.00000 
-0.39097 -100.00000 
-100.00000 -100.00000 
-100.00000 -100.00000 
-100.00000 -100.00000 
 0.17467 -0.32847 
-100.00000 -100.00000 
-100.00000 -100.00000 
 0.00000  0.00000 
-100.00000 -100.00000 
-100.00000 -100.00000 
 0.00000  0.00000 
-100.00000 -100.00000 
 0.03054 -0.22869 
-100.00000 -100.00000 
-0.50806 -100.00000 
-100.00000 -100.00000 
-0.31726 -0.14857 
-100.00000 -100.00000 
-100.00000 -100.00000 
-100.00000 -0.52573 
-100.00000 -100.00000 
 0.00000  0.00000 
-0.39701 -0.23827 
-100.00000 -100.00000 
-100.00000 -100.00000 
-100.00000 -100.00000 
-0.80704 -0.34907 
-100.00000 -100.00000 
-0.39024 -0.26849 
 0.08408 -1.01323 
-0.08741 -0.36453 
-100.00000  0.07804 
-100.00000 -100.00000 
 0.38978 -0.33978 
 0.00202 -100.00000 
-100.00000 -100.00000 
 0.00000  0.00000 
 0.10328 -0.02488 
-100.00000 -100.00000 
-100.00000 -100.00000 
-100.00000 -100.00000 
-100.00000 -100.00000 
-100.00000 -100.00000 
-100.00000 -100.00000 
-100.00000 -100.00000 
-100.00000 -100.00000 
 0.00364 -0.00023 
 0.35444 -100.00000 
-100.00000 -100.00000 
-1.19440 -100.00000 
-0.99191 -0.01358 
-0.31434 -100.00000 
-0.20066 -0.79394 
-0.76953 -100.00000 
 0.66497 -100.00000 
-100.00000 -100.00000 
-0.13731 -0.14629 
 0.15901 -100.00000 
-100.00000  0.29673 
-100.00000 -100.00000 
-100.00000 -100.00000 
-0.00019 -0.06526 
-100.00000 -100.00000 
-100.00000 -100.00000 
-100.00000 -100.00000 
-0.37561 -100.00000 
-100.00000 -100.00000 
-100.00000 -100.00000 
-100.00000 -100.00000 
-100.00000 -100.00000 
-100.00000 -100.00000 
-100.00000 -100.00000 
-100.00000 -100.00000 
-100.00000 -100.00000 
-100.00000 -100.00000 
-100.00000 -100.00000 
-100.00000 -100.00000 
-0.14084 -100.00000 
-0.00354 -100.00000 
-100.00000 -100.00000 
-100.00000 -100.00000 
 0.13753 -100.00000 
-100.00000 -100.00000 
 0.15561 -0.07994 
-100.00000 -100.00000 
-0.24946 -0.26679 
-0.59775 -100.00000 
 0.21919 -100.00000 
-0.38721 -100.00000 
-100.00000 -100.00000 
 0.16440 -100.00000 
-0.14083 -0.54966 
-0.63789 -0.16175 
-100.00000 -100.00000 
-1.32147 -100.00000 
-100.00000 -100.00000 
-100.00000 -100.00000 
-100.00000 -0.00212 
-0.32441 -100.00000 
 0.13470  0.45295 
-100.00000 -100.00000 
-100.00000 -100.00000 
 0.00000  0.00000 
-0.32656  0.26297 
-100.00000 -100.00000 
-0.59380 -0.12190 
-100.00000 -100.00000 
 0.37842 -0.12189 
-0.11284 -0.64900 
-100.00000 -100.00000 
-100.00000 -100.00000 
-100.00000  0.13682 
-100.00000 -100.00000 
-1.19380 -100.00000 
-100.00000 -100.00000 
-100.00000 -100.00000 
-100.00000 -100.00000 
-100.00000 -100.00000 
-100.00000 -100.00000 
 0.00011 -100.00000 
-100.00000 -100.00000 
-100.00000 -100.00000 
-0.30856 -100.00000 
-100.00000 -100.00000 
-100.00000 -100.00000 
-0.01708 -100.00000 
-100.00000 -100.00000 
-0.13251  0.31952 
-100.00000 -100.00000 
-100.00000 -100.00000 
-100.00000 -100.00000 
-0.55993 -100.00000 
-100.00000 -100.00000 
-0.56695 -100.00000 
 0.00000  0.00000 
-0.00016 -100.00000 
-100.00000 -100.00000 
-100.00000 -100.00000 
-100.00000 -100.00000 
-100.00000 -100.00000 
-0.31365 -100.00000 
-100.00000 -100.00000 
-100.00000 -100.00000 
-100.00000 -100.00000 
-0.38752 -100.00000 
-100.00000  0.22414 
-100.00000 -100.00000 
 0.00000  0.00000 
-0.00051 -100.00000 
-0.00862 -100.00000 
-100.00000 -100.00000 
-100.00000 -100.00000 
-100.00000 -100.00000 
 0.00000  0.00000 
-0.14169  0.99864 
 0.13197 -0.06873 
-100.00000 -100.00000 
-0.96037 -0.25915 
-0.18155 -0.24649 
-0.02237 -100.00000 
-100.00000 -100.00000 
-100.00000 -100.00000 
-0.00018 -100.00000 
-100.00000 -0.00007 
-100.00000  0.13800 
-0.23375  0.08710 
-0.00017 -100.00000 
-100.00000 -100.00000 
-100.00000 -100.00000 
-100.00000 -100.00000 
-0.37087  0.04186 
-100.00000 -100.00000 
-100.00000 -100.00000 
-100.00000 -100.00000 
-100.00000 -100.00000 
-100.00000 -100.00000 
-100.00000 -100.00000 
-100.00000 -100.00000 
-100.00000 -100.00000 
-0.14580 -100.00000 
-100.00000 -100.00000 
-100.00000 -100.00000 
-0.12136  0.02198 
-100.00000 -100.00000 
 0.00000  0.00000 
-100.00000 -100.00000 
-100.00000 -100.00000 
-100.00000 -100.00000 
-100.00000 -100.00000 
-100.00000 -100.00000 
-0.43313  0.07741 
 0.32707 -100.00000 
-100.00000 -100.00000 
-100.00000 -100.00000 
-100.00000 -0.16269 
-0.10863  0.48544 
-100.00000 -100.00000 
-100.00000 -100.00000 
 0.06623  0.32192 
-0.19750 -0.06450 
-100.00000 -100.00000 
-100.00000 -100.00000 
-100.00000 -100.00000 
-100.00000 -100.00000 
-100.00000 -100.00000 
-100.00000 -100.00000 
-100.00000 -100.00000 
-100.00000 -100.00000 
-100.00000 -100.00000 
-100.00000 -100.00000 
-100.00000 -100.00000 
-100.00000 -100.00000 
-100.00000 -100.00000 
-100.00000 -100.00000 
-100.00000 -100.00000 
-0.03481 -0.25896 
-100.00000 -100.00000 
-100.00000 -100.00000 
-0.50793 -100.00000 
-100.00000 -100.00000 
-100.00000 -100.00000 
 0.13760 -100.00000 
 0.00000  0.00000 
-100.00000 -100.00000 
-100.00000 -100.00000 
-100.00000 -100.00000 
-100.00000 -100.00000 
-100.00000 -100.00000 
 0.00000  0.00000 
-100.00000 -100.00000 
-100.00000 -100.00000 
-100.00000 -100.00000 
-100.00000 -100.00000 
-100.00000 -100.00000 
-100.00000 -100.00000 
-100.00000 -100.00000 
-100.00000 -100.00000 
 0.37873 -100.00000 
-100.00000 -100.00000 
-100.00000 -100.00000 
-100.00000 -100.00000 
-100.00000 -100.00000 
-100.00000 -100.00000 
-100.00000 -100.00000 
-100.00000 -100.00000 
 0.93591 -0.65191 
-0.12015 -100.00000 
-100.00000 -100.00000 
-100.00000 -100.00000 
-100.00000 -0.43000 
-100.00000 -100.00000 
-100.00000 -100.00000 
-100.00000 -100.00000 
-100.00000 -100.00000 
-0.00000 -100.00000 
-100.00000 -100.00000 
-100.00000 -100.00000 
 0.17376  0.73904 
-100.00000 -100.00000 
-100.00000 -100.00000 
-100.00000 -100.00000 
-100.00000 -100.00000 
-100.00000 -100.00000 
-100.00000 -100.00000 
-100.00000 -100.00000 
-100.00000 -100.00000 
-100.00000 -100.00000 
-100.00000 -100.00000 
-100.00000 -100.00000 
-100.00000 -100.00000 
-100.00000 -100.00000 
-100.00000 -100.00000 
-100.00000 -100.00000 
-100.00000 -100.00000 
-100.00000 -100.00000 
 0.00000 -100.00000 
-100.00000 -100.00000 
-100.00000 -100.00000 
-100.00000 -0.00001 
-100.00000 -100.00000 
 0.00002  0.35351 
-100.00000 -100.00000 
 0.00000  0.00000 
-100.00000 -100.00000 
-100.00000 -100.00000 
-100.00000 -100.00000 
-0.00001 -100.00000 
-100.00000 -100.00000 
-0.39363 -100.00000 
 0.00000  0.00000 
-100.00000 -100.00000 
-0.21972  0.12953 
-0.64742 -0.24422 
-100.00000 -100.00000 
-100.00000 -0.25606 
-100.00000 -100.00000 
-100.00000 -100.00000 
-100.00000 -100.00000 
-100.00000 -100.00000 
-100.00000 -100.00000 
-0.00018 -100.00000 
-100.00000 -100.00000 
-100.00000 -100.00000 
-100.00000 -100.00000 
-100.00000 -100.00000 
-100.00000 -100.00000 
-100.00000 -100.00000 
 0.00000  0.00000 
-100.00000 -100.00000 
-100.00000 -100.00000 
-100.00000 -100.00000 
-100.00000 -100.00000 
-100.00000 -100.00000 
-100.00000 -100.00000 
-100.00000 -100.00000 
-100.00000 -100.00000 
-100.00000 -100.00000 
-0.26269 -0.09363 
-100.00000  0.13748 
-100.00000 -100.00000 
-100.00000 -100.00000 
-100.00000  0.13742 
-100.00000 -100.00000 
-100.00000 -100.00000 
-100.00000 -100.00000 
-100.00000 -100.00000 
-100.00000 -100.00000 
-100.00000 -100.00000 
-100.00000 -100.00000 
 0.00000  0.00000 
-100.00000 -100.00000 
-100.00000 -100.00000 
 0.53652 -100.00000 
-100.00000 -100.00000 
-100.00000 -100.00000 
-100.00000 -100.00000 
-100.00000 -100.00000 
-100.00000 -100.00000 
 0.13755 -100.00000 
-100.00000 -100.00000 
-100.00000 -100.00000 
-100.00000 -100.00000 
-100.00000 -100.00000 
-100.00000 -100.00000 
-100.00000 -100.00000 
-0.14917 -100.00000 
-100.00000 -100.00000 
-100.00000 -100.00000 
-100.00000 -100.00000 
-100.00000 -100.00000 
 0.29774  0.78768 
-100.00000 -100.00000 
-0.16922 -0.15964 
-0.33520  0.26317 
-100.00000 -100.00000 
-100.00000 -100.00000 
-100.00000 -100.00000 
 0.00000  0.00000 
-100.00000 -100.00000 
 0.00000  0.00000 
 0.15852  0.05257 
-100.00000 -100.00000 
-100.00000 -100.00000 
-100.00000 -100.00000 
-100.00000 -100.00000 
-100.00000 -100.00000 
-100.00000 -100.00000 
-0.16854 -0.28535 
-100.00000 -100.00000 
-100.00000 -100.00000 
-100.00000 -100.00000 
 0.00013 -100.00000 
-100.00000 -100.00000 
-0.73871 -0.09680 
-100.00000 -100.00000 
-0.41562 -100.00000 
-100.00000 -100.00000 
-100.00000 -0.02167 
-0.50093 -100.00000 
-100.00000 -100.00000 
-100.00000 -100.00000 
-100.00000 -100.00000 
 0.48582 -100.00000 
-100.00000 -100.00000 
-0.23204 -100.00000 
-100.00000 -100.00000 
-0.53089 -0.05945 
-100.00000 -100.00000 
 0.14672  0.05248 
-0.33560 -0.01245 
-100.00000  0.05232 
-0.25051 -100.00000 
-100.00000 -100.00000 
-0.73135 -100.00000 
 0.03027 -0.60618 
-100.00000 -100.00000 
-0.12022 -100.00000 
-0.05373 -100.00000 
-100.00000 -100.00000 
-100.00000 -100.00000 
-100.00000 -100.00000 
-100.00000 -100.00000 
-100.00000 -100.00000 
-100.00000 -100.00000 
-100.00000 -100.00000 
-100.00000 -100.00000 
-0.00009 -100.00000 
-100.00000 -100.00000 
-100.00000 -0.04511 
-100.00000  0.00010 
-100.00000 -100.00000 
-100.00000 -100.00000 
 0.14719 -0.15602 
-100.00000 -100.00000 
-100.00000 -100.00000 
-100.00000 -100.00000 
-100.00000 -100.00000 
-0.29409  0.26290 
 0.01129 -100.00000 
 0.16048 -100.00000 
-100.00000  0.21960 
-0.05287 -0.40032 
-100.00000 -100.00000 
-100.00000 -100.00000 
-100.00000 -100.00000 
-0.07178  0.42564 
-100.00000 -100.00000 
 0.00000  0.00000 
 0.32634 -100.00000 
-100.00000 -100.00000 
-100.00000 -100.00000 
-100.00000 -100.00000 
-100.00000 -100.00000 
-100.00000 -100.00000 
-0.18442 -0.19023 
-100.00000 -100.00000 
-100.00000 -100.00000 
 0.14654 -100.00000 
-100.00000 -0.55291 
-100.00000 -100.00000 
-100.00000  0.48547 
-0.19750 -0.40038 
