-100.00000 -100.00000 
 0.10979  0.60648 
 0.00804 -0.15925 
 0.97098 -100.00000 
-0.55419 -100.00000 
-100.00000 -100.00000 
-100.00000 -100.00000 
-100.00000 -100.00000 
-100.00000 -100.00000 
 0.36584 -0.53004 
-0.35754 -0.28012 
-100.00000 -100.00000 
-100.00000 -0.48316 
-100.00000 -100.00000 
-100.00000 -100.00000 
-100.00000 -100.00000 
-100.00000 -100.00000 
-100.00000 -100.00000 
-0.30581  0.15349 
-100.00000 -100.00000 
-100.00000 -100.00000 
-100.00000 -100.00000 
-100.00000 -100.00000 
 0.00651 -0.20242 
 0.00000  0.00000 
-100.00000 -100.00000 
-0.12981 -0.03777 
-100.00000 -0.00008 
-100.00000 -100.00000 
-100.00000 -100.00000 
-100.00000 -0.43088 
-100.00000 -100.00000 
-100.00000 -100.00000 
-100.00000 -0.15908 
-100.00000 -100.00000 
-100.00000 -100.00000 
 0.13312 -100.00000 
-100.00000 -100.00000 
-100.00000 -100.00000 
 0.01489 -100.00000 
-100.00000 -100.00000 
-100.00000 -100.00000 
-100.00000 -100.00000 
-100.00000 -100.00000 
 0.00000  0.00000 
-100.00000 -100.00000 
-100.00000 -100.00000 
 0.24784 -100.00000 
-100.00000 -100.00000 
-100.00000 -100.00000 
-100.00000 -100.00000 
-0.49763 -100.00000 
-0.12002 -100.00000 
 0.00000  0.00000 
-100.00000  0.11526 
-0.15347 -100.00000 
 0.46099 -100.00000 
-100.00000 -100.00000 
-100.00000 -100.00000 
-0.24280 -100.00000 
-100.00000 -100.00000 
-0.46092 -1.19113 
-100.00000 -100.00000 
 0.12732 -0.15700 
-100.00000 -100.00000 
-100.00000 -100.00000 
-100.00000 -100.00000 
 0.00816 -0.28910 
-100.00000 -100.00000 
-0.35834  0.24547 
 0.11800 -0.10205 
-100.00000 -100.00000 
-100.00000  0.00013 
-100.00000 -100.00000 
-0.32410 -0.16236 
-100.00000 -100.00000 
-100.00000 -100.00000 
-100.00000  0.13754 
-100.00000 -100.00000 
-100.00000 -0.00003 
 0.78410 -0.06662 
-100.00000 -100.00000 
-100.00000 -100.00000 
-100.00000 -100.00000 
 0.00817 -100.00000 
 0.31826 -0.13821 
-100.00000 -100.00000 
-0.12920 -0.43297 
 0.65643 -0.13181 
-0.60270  0.08238 
 0.20411 -100.00000 
-100.00000 -0.17389 
-100.00000 -100.00000 
-100.00000 -100.00000 
-0.22602 -0.57661 
-100.00000 -100.00000 
-100.00000 -100.00000 
-100.00000 -100.00000 
-100.00000 -100.00000 
-0.96052 -100.00000 
 0.13751 -0.44479 
-100.00000 -100.00000 
-100.00000 -100.00000 
 0.23636 -100.00000 
-100.00000 -100.00000 
-100.00000 -100.00000 
-100.00000 -100.00000 
 0.17755 -0.43038 
-100.00000 -100.00000 
-100.00000 -100.00000 
-100.00000 -100.00000 
-0.19426  0.04289 
-0.20714  0.07226 
 0.04710 -0.51235 
-0.18282 -0.14173 
-100.00000 -100.00000 
-100.00000 -100.00000 
-100.00000 -100.00000 
-100.00000 -0.14990 
-100.00000 -100.00000 
-0.82301 -0.24869 
-100.00000 -100.00000 
-100.00000 -0.15127 
-100.00000 -100.00000 
-100.00000 -100.00000 
-100.00000 -100.00000 
-100.00000 -100.00000 
-100.00000 -100.00000 
-100.00000 -100.00000 
-100.00000 -100.00000 
-100.00000 -100.00000 
-100.00000 -100.00000 
-100.00000 -100.00000 
-100.00000 -100.00000 
-0.03537 -0.24684 
-0.48579 -100.00000 
 0.15267 -100.00000 
-0.30080 -0.05542 
-0.18199 -100.00000 
-100.00000 -100.00000 
-0.46318  0.35371 
 0.04687  0.43415 
 0.00000  0.00000 
-100.00000 -100.00000 
-0.00057 -100.00000 
-0.16808 -0.28123 
-100.00000 -100.00000 
-100.00000 -100.00000 
-100.00000 -100.00000 
-100.00000 -100.00000 
-100.00000 -100.00000 
-100.00000 -100.00000 
-0.44918 -0.13131 
 0.00000  0.00000 
-100.00000  0.19470 
 0.35715 -100.00000 
 0.27797 -0.42687 
-0.17014  0.12935 
-100.00000  0.13715 
-100.00000 -100.00000 
-0.05361 -0.14625 
-0.66985  0.00004 
 0.36920  0.11219 
-100.00000 -100.00000 
 0.21748 -100.00000 
-100.00000 -100.00000 
-100.00000 -100.00000 
-100.00000 -100.00000 
-0.73374 -0.28795 
-1.30147 -0.28681 
 0.21646 -0.19731 
-0.16129 -100.00000 
 0.76107 -0.15967 
-0.03877  0.00427 
 0.07038 -0.29630 
-0.99158 -0.14645 
 0.37197 -0.28815 
-100.00000 -100.00000 
 0.62015  0.29666 
-100.00000 -100.00000 
-0.00857  0.02387 
 0.15304 -100.00000 
-100.00000 -100.00000 
-0.11867 -0.02509 
-100.00000 -100.00000 
-100.00000 -100.00000 
-100.00000 -100.00000 
-100.00000  0.00001 
-100.00000 -100.00000 
 0.46763 -0.07012 
-100.00000 -100.00000 
-100.00000 -100.00000 
-100.00000 -100.00000 
-100.00000 -100.00000 
-100.00000 -100.00000 
 0.00000  0.00000 
 0.00000  0.00000 
-100.00000 -100.00000 
-100.00000 -100.00000 
-100.00000 -100.00000 
 0.52015 -0.93762 
-100.00000 -100.00000 
-100.00000 -100.00000 
 0.10149  0.13751 
-0.22401  0.45238 
-100.00000 -100.00000 
 0.26308 -0.00221 
-0.25396  0.47424 
 0.68530  0.32605 
-0.34851 -100.00000 
-100.00000 -100.00000 
-0.76322 -0.00925 
-100.00000  0.00021 
 0.20509  0.16080 
-100.00000 -100.00000 
-100.00000 -100.00000 
-100.00000 -100.00000 
-0.55292  0.54973 
-100.00000 -100.00000 
-1.26784 -100.00000 
 0.27211  0.10164 
 0.15554  0.10709 
-1.00111 -0.04356 
-0.61405 -0.12080 
-100.00000 -100.00000 
-1.11035 -0.13947 
-100.00000 -100.00000 
-100.00000 -100.00000 
-0.20060  0.45097 
-100.00000  0.76549 
 1.02705 -0.07223 
-0.87808  0.18966 
-100.00000 -100.00000 
-0.46124 -0.29779 
-100.00000 -100.00000 
-0.33374  0.08641 
-0.47069 -0.25988 
-100.00000 -100.00000 
-0.24047 -0.31472 
 0.00000  0.00000 
-100.00000 -100.00000 
-100.00000 -100.00000 
-100.00000 -100.00000 
-0.29199  0.48531 
-0.30395  0.28370 
 0.11820 -0.24960 
-100.00000 -100.00000 
-100.00000 -0.24324 
-100.00000 -100.00000 
-100.00000 -100.00000 
-0.00024 -0.72410 
 0.01907 -100.00000 
-100.00000 -0.18210 
 0.29273 -0.54228 
-0.00008 -0.45202 
-100.00000 -100.00000 
-100.00000 -100.00000 
-100.00000 -100.00000 
-0.13468 -100.00000 
-100.00000 -100.00000 
-100.00000 -100.00000 
-100.00000 -100.00000 
 0.37854 -100.00000 
-100.00000 -100.00000 
-100.00000 -100.00000 
-100.00000 -100.00000 
-100.00000 -100.00000 
-100.00000 -100.00000 
-0.12397 -0.20592 
-100.00000 -100.00000 
-0.47753 -0.00005 
-0.00022 -100.00000 
-100.00000 -100.00000 
 0.05581  0.30577 
-0.26028 -0.38433 
 0.07731 -100.00000 
-0.41300  0.64893 
-0.12784  0.37021 
-0.40007 -100.00000 
-100.00000  0.26319 
-100.00000 -100.00000 
-100.00000 -100.00000 
-100.00000 -100.00000 
-100.00000 -100.00000 
-0.12571  0.13735 
-0.22370  0.00011 
-0.01453 -100.00000 
-0.00011 -100.00000 
 0.00000  0.00000 
-100.00000 -100.00000 
-100.00000 -100.00000 
-0.13450 -0.62893 
-100.00000 -100.00000 
-0.50450 -100.00000 
-100.00000 -100.00000 
 0.31406  0.27466 
-100.00000 -100.00000 
 0.23639 -100.00000 
 0.36707 -0.35725 
-100.00000 -100.00000 
-100.00000 -100.00000 
-100.00000 -100.00000 
-0.23642  0.11284 
 0.00006 -100.00000 
-0.36339 -0.02581 
-0.08692 -0.02582 
 0.32507 -0.28487 
-100.00000 -100.00000 
-0.40730 -0.10391 
-100.00000  0.26300 
-100.00000 -100.00000 
 0.00000  0.00000 
-0.00446 -0.18720 
-0.20250  0.03032 
-0.14222 -0.00010 
-100.00000 -100.00000 
-100.00000 -100.00000 
-0.34681  0.41942 
-100.00000 -100.00000 
-100.00000 -100.00000 
 0.07605 -0.16329 
-0.25839  0.09162 
-100.00000 -100.00000 
-0.00852 -100.00000 
-100.00000 -100.00000 
-100.00000 -0.05845 
-100.00000 -100.00000 
-100.00000 -100.00000 
-100.00000 -100.00000 
-100.00000 -100.00000 
-100.00000 -100.00000 
-100.00000 -100.00000 
-100.00000 -100.00000 
-100.00000 -100.00000 
-100.00000 -100.00000 
-100.00000 -100.00000 
-100.00000 -100.00000 
-0.59441 -100.00000 
-100.00000 -100.00000 
-100.00000 -100.00000 
 0.26311 -100.00000 
-0.12916  0.60136 
-100.00000 -100.00000 
-100.00000 -100.00000 
-100.00000 -100.00000 
-100.00000 -100.00000 
-100.00000 -100.00000 
-100.00000 -100.00000 
-100.00000 -100.00000 
-100.00000 -100.00000 
-100.00000 -100.00000 
-100.00000 -100.00000 
-100.00000 -100.00000 
-100.00000 -100.00000 
-100.00000 -100.00000 
-100.00000 -100.00000 
-100.00000 -100.00000 
 0.32383 -0.18665 
-100.00000 -100.00000 
-100.00000 -100.00000 
-100.00000 -100.00000 
-100.00000 -100.00000 
-100.00000 -100.00000 
-100.00000 -100.00000 
 0.64947  0.17420 
-100.00000 -100.00000 
 0.03104 -0.34817 
 0.00000  0.00000 
 0.00000  0.00000 
-0.78466  0.06364 
 0.12112 -100.00000 
-100.00000 -100.00000 
-0.02454  0.04903 
-100.00000 -100.00000 
-0.55854 -100.00000 
-100.00000 -100.00000 
 0.12176  0.36271 
-100.00000 -100.00000 
-100.00000 -100.00000 
-100.00000 -100.00000 
-0.11551  0.01325 
-100.00000 -0.08528 
-100.00000 -100.00000 
-100.00000 -100.00000 
-0.00161  0.12263 
-100.00000 -0.22815 
-100.00000 -100.00000 
-100.00000 -100.00000 
-0.00526 -100.00000 
-0.87074  0.13034 
-100.00000 -100.00000 
 0.58501 -100.00000 
-0.30091  0.58499 
-100.00000 -100.00000 
-100.00000 -100.00000 
-100.00000 -100.00000 
-0.38238 -100.00000 
-100.00000 -100.00000 
-100.00000 -100.00000 
-0.13918 -100.00000 
-100.00000 -100.00000 
-100.00000 -100.00000 
-100.00000 -0.25635 
-0.38315 -0.11860 
-0.18766  0.08765 
-100.00000 -100.00000 
-100.00000 -0.09543 
-100.00000 -100.00000 
-100.00000 -100.00000 
 0.00048 -0.64504 
-100.00000 -100.00000 
-100.00000  0.24491 
-100.00000 -100.00000 
-0.13943  0.13733 
-1.07998  0.35192 
-100.00000 -100.00000 
-100.00000 -100.00000 
-100.00000 -100.00000 
-100.00000 -100.00000 
-100.00000 -100.00000 
-100.00000 -100.00000 
 0.37848  0.01546 
-100.00000 -100.00000 
 0.58502 -100.00000 
-100.00000 -100.00000 
-100.00000 -100.00000 
-100.00000 -100.00000 
-100.00000 -100.00000 
-100.00000 -100.00000 
-100.00000 -100.00000 
-100.00000 -100.00000 
-100.00000 -100.00000 
-100.00000  0.01610 
-100.00000 -100.00000 
 0.00011 -100.00000 
-100.00000 -100.00000 
 0.33147 -0.31963 
-0.00017  0.26293 
-100.00000 -100.00000 
-100.00000 -100.00000 
-100.00000 -100.00000 
-100.00000 -100.00000 
-100.00000 -100.00000 
-100.00000 -100.00000 
-100.00000 -100.00000 
-100.00000 -100.00000 
-0.13901  0.13750 
-100.00000 -100.00000 
-100.00000 -100.00000 
-100.00000 -100.00000 
-100.00000 -100.00000 
-100.00000 -100.00000 
-100.00000 -100.00000 
 0.00000  0.00000 
-100.00000 -100.00000 
-0.26637 -100.00000 
 0.26307 -100.00000 
-100.00000 -100.00000 
-100.00000 -100.00000 
-0.22782  0.37864 
-100.00000 -100.00000 
-0.16054 -0.16754 
-100.00000 -100.00000 
-100.00000 -100.00000 
-100.00000 -100.00000 
-100.00000 -100.00000 
-100.00000 -100.00000 
-0.22739  0.22943 
-100.00000 -100.00000 
-0.13908 -100.00000 
-100.00000 -100.00000 
-0.11921 -100.00000 
-100.00000 -100.00000 
-100.00000  0.32512 
-100.00000 -100.00000 
-100.00000 -100.00000 
-0.00032 -100.00000 
-0.01678  0.05407 
-100.00000 -100.00000 
-100.00000 -100.00000 
-100.00000 -100.00000 
-100.00000 -100.00000 
-100.00000 -100.00000 
 0.07854 -0.10754 
 0.00000  0.00000 
-100.00000  0.00014 
-100.00000 -100.00000 
-100.00000 -100.00000 
 0.44187  0.21914 
-100.00000 -0.30281 
-100.00000 -100.00000 
-100.00000 -100.00000 
 0.10469 -0.16554 
-100.00000 -100.00000 
-100.00000 -100.00000 
-100.00000 -100.00000 
 0.14379 -0.73143 
-100.00000 -100.00000 
-0.39471 -100.00000 
 0.79175  0.18721 
-100.00000 -0.45054 
-0.20990 -0.43451 
-100.00000 -100.00000 
-0.40057 -0.41579 
 0.79136 -0.31877 
-100.00000  0.57430 
-100.00000 -0.00037 
-100.00000 -100.00000 
-100.00000 -100.00000 
-0.02245 -100.00000 
-100.00000 -100.00000 
-1.47364 -100.00000 
-100.00000 -0.00020 
-100.00000 -100.00000 
 0.09171 -0.00005 
-100.00000 -100.00000 
-0.39374 -0.59840 
-0.27449  0.21279 
-100.00000 -100.00000 
-0.15951 -100.00000 
-100.00000 -100.00000 
-100.00000 -100.00000 
-0.00007 -100.00000 
-100.00000 -100.00000 
-0.01500 -100.00000 
-100.00000 -0.41384 
 0.23212  0.25117 
 0.18095  0.27107 
-100.00000 -0.00007 
-100.00000 -100.00000 
-100.00000 -100.00000 
-100.00000 -100.00000 
 0.38193  0.40075 
-100.00000 -100.00000 
-100.00000 -100.00000 
-100.00000 -100.00000 
-100.00000 -100.00000 
-100.00000 -100.00000 
-100.00000 -100.00000 
-100.00000 -100.00000 
-100.00000 -100.00000 
-0.12543 -100.00000 
-100.00000 -100.00000 
-100.00000 -100.00000 
-100.00000 -100.00000 
-100.00000 -100.00000 
-100.00000 -100.00000 
-100.00000 -100.00000 
-100.00000 -100.00000 
-100.00000 -100.00000 
-100.00000 -100.00000 
-100.00000 -100.00000 
-100.00000 -100.00000 
-100.00000 -100.00000 
-100.00000 -100.00000 
 0.11965  0.05190 
-100.00000 -100.00000 
-100.00000 -100.00000 
-100.00000 -100.00000 
-100.00000  0.32617 
-100.00000 -100.00000 
-100.00000 -100.00000 
-100.00000 -100.00000 
-100.00000 -100.00000 
-100.00000 -100.00000 
