-100.00000 -100.00000 
 0.02517  0.35155 
 0.11671 -0.28085 
 0.06077 -0.18560 
-100.00000 -0.38729 
-100.00000 -100.00000 
 0.00123 -0.14116 
-100.00000  0.00008 
 0.11991 -0.08770 
-100.00000  0.64028 
 0.00995 -0.10558 
-0.62888 -0.12518 
-0.12932 -0.21959 
-0.20439 -0.45887 
 0.24930  1.12210 
-0.21998 -100.00000 
 0.02547 -0.28070 
-100.00000 -100.00000 
 0.09953 -0.34377 
-100.00000 -100.00000 
 0.02088 -0.00649 
-100.00000 -100.00000 
-0.02226  0.92605 
-100.00000 -0.14120 
-100.00000 -100.00000 
 0.40973 -0.09452 
 0.34204 -0.56570 
-0.32364 -0.15002 
 0.00000  0.00000 
 0.02079 -0.64100 
-100.00000 -0.00023 
-0.00002  0.13743 
-100.00000 -100.00000 
-100.00000 -100.00000 
-100.00000 -0.26943 
 0.00002 -100.00000 
-0.12335 -0.20708 
-0.20977 -100.00000 
-100.00000 -100.00000 
 0.63753  0.08250 
-100.00000 -100.00000 
-0.17904 -0.38890 
-100.00000 -100.00000 
-100.00000 -0.25293 
 0.33390  0.37852 
 0.00000  0.00000 
-100.00000 -100.00000 
 0.67013 -0.66785 
-100.00000 -100.00000 
 0.13757 -100.00000 
-100.00000 -100.00000 
 0.13318 -0.32744 
 0.00000  0.00000 
-100.00000 -0.01303 
-0.13151 -0.39158 
-0.63182 -0.70314 
-100.00000 -100.00000 
-100.00000 -100.00000 
 0.00898  0.26315 
 0.11307  0.20413 
 0.45301 -0.66469 
-0.32341 -0.01219 
-100.00000 -0.38871 
-0.13110 -0.13454 
 0.10833 -0.79537 
-0.07419 -0.22381 
-100.00000 -100.00000 
 0.13034 -0.78243 
-0.19763  0.53700 
 0.13726 -0.11833 
-0.82524 -0.69319 
-0.17576 -0.01098 
 0.14514 -0.32663 
 0.13735 -0.00013 
 0.35338  0.16093 
 0.00006 -100.00000 
-100.00000 -100.00000 
-100.00000 -100.00000 
 0.25617 -0.23273 
-100.00000 -100.00000 
-0.02325  0.59660 
 0.18304  0.42948 
 0.00011  0.12208 
-0.12992 -0.00848 
-100.00000 -100.00000 
 0.00000  0.00000 
-100.00000 -100.00000 
 0.26309 -0.14134 
 0.44372  0.18616 
 0.40521 -0.21635 
 0.00976  0.21916 
 0.00000  0.00000 
-100.00000 -100.00000 
 0.00000  0.00000 
 0.00826  0.13751 
 0.27899 -0.09444 
-100.00000 -100.00000 
-100.00000 -100.00000 
-0.63456  0.35546 
-0.00749 -0.71432 
 0.50808 -0.34582 
 0.00000  0.00000 
-100.00000  0.34918 
-0.29208  0.10675 
-100.00000  0.00003 
 0.07475 -0.54457 
-100.00000 -0.09537 
-100.00000 -100.00000 
 0.22667 -0.75155 
-100.00000 -100.00000 
 0.84788  0.39064 
-100.00000 -100.00000 
 0.76240  0.01137 
-0.43833 -0.23784 
 0.58339  0.39553 
-100.00000 -100.00000 
-100.00000 -100.00000 
-100.00000 -100.00000 
 0.25620 -0.76955 
-100.00000 -100.00000 
-100.00000 -0.00000 
-0.69751  0.51866 
 0.00000  0.00000 
 0.00000  0.00000 
-0.00019 -0.00021 
 0.00000  0.00000 
 0.00000  0.00000 
-0.21366 -0.47703 
-100.00000  0.26309 
-0.04298  0.34918 
-0.18898 -0.49730 
-100.00000 -100.00000 
-100.00000 -100.00000 
-0.28785  0.62478 
-0.36334 -0.02795 
 0.23912 -0.55451 
-1.07862  0.24851 
 0.00000  0.00000 
 0.00000  0.00000 
-100.00000 -0.13625 
 0.15136  0.71267 
 0.08684  0.00599 
-0.16256 -0.62469 
-0.17929  0.49012 
 0.01802  0.19736 
 0.35188  0.35886 
-100.00000 -100.00000 
-1.05500 -0.83312 
 0.14237 -0.96743 
-0.41614 -0.49460 
 0.00000  0.00000 
 0.13750  0.34327 
 0.00000  0.00000 
 0.14833 -0.23534 
-0.27767 -0.32577 
-0.34143  0.09648 
-0.60614 -0.21729 
 0.00000  0.00000 
 0.00000  0.00000 
-0.11436 -0.10476 
-100.00000 -0.12334 
-0.66985 -0.57927 
 0.62429 -0.22897 
-0.09545  0.38998 
-100.00000 -0.61402 
-100.00000 -100.00000 
-100.00000 -100.00000 
-0.53221  0.11753 
-0.54088 -0.41870 
 0.35752 -0.48015 
-0.17000 -0.60993 
 0.21722  0.00720 
 0.00000  0.00000 
-100.00000  0.12670 
-0.20273 -0.42430 
-0.28264 -0.54954 
-0.47439 -0.11746 
-0.08648 -0.57518 
 0.13417  0.16285 
 0.00000  0.00000 
-100.00000  0.00013 
-0.11186  0.68808 
-0.20271 -0.54726 
 0.14542  0.15190 
-100.00000 -100.00000 
-0.33351 -0.78458 
 0.37826  1.00110 
-1.21282 -1.13771 
-100.00000 -100.00000 
-100.00000 -100.00000 
-100.00000 -100.00000 
-100.00000 -100.00000 
-100.00000 -100.00000 
-0.53209  0.37709 
-100.00000 -100.00000 
-100.00000 -100.00000 
-0.37213 -0.56056 
 0.44308  0.73459 
 0.00000  0.00000 
 0.00000  0.00000 
 0.00000  0.00000 
-0.35016 -0.56897 
-100.00000 -100.00000 
-100.00000 -100.00000 
-0.92431 -0.72630 
 0.00000  0.00000 
-100.00000 -100.00000 
-100.00000 -0.14117 
 0.00000  0.00000 
-0.62684 -0.27231 
-0.30506 -0.32102 
-0.35920  0.11188 
-0.22769  0.13843 
 0.53302 -0.35866 
-100.00000 -100.00000 
 0.00000  0.00000 
-100.00000 -100.00000 
 0.00889  0.08392 
 0.00000  0.00000 
 0.00000  0.00000 
 0.28354 -0.81693 
 0.60220 -0.12430 
 0.30491 -0.17239 
 0.15514 -0.13819 
-0.00007 -0.13153 
-0.45458 -0.24990 
 0.02276 -1.00125 
-0.69472 -0.41542 
 0.03729 -0.14364 
-0.27782 -0.38190 
-0.26208  0.15931 
 0.37935  0.46815 
 0.20820  0.12188 
-0.22774  0.52052 
-0.44192 -0.10309 
 0.07338 -0.03558 
-0.37159 -0.98174 
-0.26279  0.26299 
-100.00000  0.12174 
 0.00032  0.14857 
-100.00000 -100.00000 
-100.00000  0.00014 
-100.00000 -100.00000 
-0.27945 -0.02996 
-100.00000 -100.00000 
-100.00000  0.26300 
-100.00000 -100.00000 
-0.36799 -0.60744 
 0.17617 -0.10856 
-100.00000 -100.00000 
-0.69370  0.27117 
-0.23749  0.09985 
-0.03440  0.89244 
 0.66206 -0.73295 
-0.31220 -0.07383 
-100.00000 -100.00000 
-0.88954 -0.47830 
 0.11747  0.26908 
-100.00000 -0.14108 
-0.29224  0.05662 
-0.74632 -0.82524 
 0.27952 -0.07705 
 0.52811  0.18201 
-100.00000 -100.00000 
-100.00000 -100.00000 
-0.57322 -0.35907 
-0.11740  0.57876 
-0.80044 -0.83156 
-100.00000 -100.00000 
-0.03311 -0.10890 
-0.11591  0.20757 
-0.45996  0.30917 
-100.00000 -100.00000 
 0.00000  0.00000 
-0.26028 -0.11740 
-0.19067 -0.42790 
-0.49834  0.37060 
-0.00059  0.43396 
 0.00000  0.00000 
-0.15607 -0.05312 
-0.01395  0.12165 
-100.00000 -100.00000 
-1.37237 -0.15435 
 0.00000  0.00000 
 0.58557 -0.16072 
 0.02563 -0.28355 
 0.00000  0.00000 
 0.13739  0.55169 
-0.19193  0.02494 
 0.15130 -0.49018 
 0.23617 -0.00010 
-0.41773  0.43356 
-0.46420  1.01890 
-0.17172 -0.37339 
-0.12656  0.12836 
-100.00000 -100.00000 
-0.59661 -0.88781 
 0.03322 -0.23364 
-0.17086 -1.16591 
-100.00000 -0.00003 
-0.64227 -0.83643 
-100.00000 -100.00000 
-0.35444  0.18226 
 0.00000  0.00000 
 0.03250 -0.02364 
-0.02197  0.12821 
-0.11106 -0.39930 
 0.40886 -0.06352 
-100.00000 -100.00000 
 0.50575  0.22634 
-100.00000 -100.00000 
 0.16585  0.37478 
 0.31401  0.13352 
 0.10347 -0.60373 
-0.61923  0.64597 
-100.00000 -100.00000 
-100.00000 -100.00000 
-0.18572  0.44587 
 0.09538 -0.37167 
-0.08282 -0.25896 
 0.02601 -0.40415 
-100.00000 -100.00000 
-100.00000 -100.00000 
 0.57034  0.22690 
 0.00000  0.00000 
-0.15066 -0.04447 
-0.14194  0.12802 
-0.01649 -0.07761 
-0.24131 -0.11265 
-100.00000 -100.00000 
-100.00000 -100.00000 
-0.13777 -0.13677 
-100.00000  0.00005 
-100.00000 -100.00000 
-100.00000  0.22316 
 0.17464 -0.00604 
-0.20360 -0.21992 
-0.14890 -0.01234 
 0.00000  0.00000 
-0.26118 -100.00000 
 0.00008  0.00003 
-100.00000 -100.00000 
 0.09785  0.10058 
 0.21012 -0.05179 
-0.39361  0.20528 
 0.19034 -0.23628 
-0.61266  0.48368 
-0.87038 -0.23568 
-0.27195 -0.12097 
-0.72183 -0.04290 
 0.04998 -0.88213 
-0.39924  0.20073 
-100.00000 -0.57496 
-100.00000 -100.00000 
-100.00000 -100.00000 
-100.00000 -100.00000 
-100.00000  0.00002 
-0.55990 -0.19702 
-100.00000 -100.00000 
-100.00000 -100.00000 
-0.36194  0.00022 
-100.00000 -100.00000 
-100.00000 -100.00000 
-100.00000 -100.00000 
 0.00020 -100.00000 
 0.05578 -0.05931 
-0.14186 -0.10817 
-100.00000 -100.00000 
-0.14191  0.00027 
-0.99288 -0.04289 
-0.18332  0.33346 
 0.07149 -0.67576 
-100.00000 -100.00000 
-100.00000 -0.13470 
 0.00000  0.00000 
-0.21580 -0.01044 
 0.34351 -100.00000 
 0.18241  0.23424 
-0.36211  0.32698 
-100.00000 -100.00000 
-100.00000 -0.14582 
-0.12198 -0.32585 
 0.00000  0.00000 
-0.12836 -0.28640 
-0.38260 -0.38783 
-0.06398  0.09901 
 0.20120 -0.15053 
-0.13880 -100.00000 
-0.36840  0.63105 
 0.05573  0.05391 
-100.00000 -0.00007 
-0.29887 -0.66531 
 0.48892  0.23930 
-100.00000 -0.00004 
 0.00003 -100.00000 
 0.32956  0.01709 
 0.00000  0.00000 
-100.00000 -100.00000 
-100.00000  0.26303 
-0.71831 -0.14459 
-100.00000 -100.00000 
-100.00000 -100.00000 
-0.24874  0.00629 
-0.26516 -0.25393 
-100.00000 -100.00000 
-0.72597 -0.61482 
 0.29907  0.32346 
 1.10594  0.14534 
 0.34634  0.22833 
 0.63454  0.18505 
-0.13903  0.13729 
 0.12173 -0.14358 
 0.25674  0.59155 
-0.65238  0.28463 
 0.02101 -0.06360 
 0.05679 -0.40561 
-100.00000 -100.00000 
-100.00000 -100.00000 
-0.11328 -0.14795 
-100.00000 -100.00000 
-0.21996 -100.00000 
 0.28070  0.20987 
 0.12891  0.25288 
 0.38089 -0.72963 
-100.00000 -100.00000 
-0.49223  0.26526 
-0.32981  0.23523 
-100.00000 -0.00006 
-100.00000 -100.00000 
-100.00000 -100.00000 
 0.09569 -0.17120 
-100.00000 -100.00000 
-100.00000 -100.00000 
 0.23555 -0.15452 
-100.00000 -100.00000 
-0.00017 -100.00000 
-100.00000  0.00013 
-0.35415  0.32069 
-100.00000 -100.00000 
-100.00000 -100.00000 
-0.63551  0.51486 
-0.01052  0.50557 
-100.00000 -100.00000 
-100.00000 -100.00000 
-100.00000 -100.00000 
-100.00000 -100.00000 
 0.07573  0.36889 
-100.00000 -0.01277 
 0.34640 -100.00000 
-100.00000  0.13744 
 0.53077 -0.08248 
-0.00161 -100.00000 
 0.35006  0.30920 
-100.00000 -100.00000 
-100.00000 -100.00000 
 0.12031  0.44274 
 0.50932  0.79667 
-100.00000 -100.00000 
-100.00000 -100.00000 
-0.01259  0.34098 
-100.00000 -100.00000 
-100.00000 -0.15025 
-0.85605 -0.14765 
-100.00000  0.00015 
-100.00000 -100.00000 
-100.00000 -100.00000 
 0.00000  0.00000 
 0.04173 -0.06144 
-0.31368 -0.21274 
-0.12848  0.17731 
-0.86241  0.03892 
 0.78925  0.01133 
-0.00445 -0.14890 
-100.00000 -100.00000 
-100.00000 -0.28669 
 0.30621 -0.22104 
-100.00000 -0.12068 
-0.18812 -0.22667 
-100.00000 -100.00000 
-100.00000  0.03132 
-0.30062  0.09474 
 0.34206 -100.00000 
 0.49614  0.33212 
-100.00000 -0.12055 
-100.00000 -100.00000 
-0.69340  0.05405 
-0.13598  0.01698 
-0.24096 -0.60650 
 0.27909 -0.05737 
-0.34411  0.25318 
-0.00596 -0.17832 
-100.00000 -100.00000 
-0.60920  0.37461 
 0.00000  0.00000 
-100.00000 -100.00000 
-0.13601 -100.00000 
-0.49727 -0.45642 
-0.14347  0.04324 
 0.49466 -0.24570 
-0.14318  0.26267 
 0.07128 -0.43346 
 0.10468 -0.25940 
 0.12326 -0.62155 
-0.53533 -0.18474 
 0.00022 -0.12060 
 0.00000  0.00000 
-0.14378  0.37737 
-0.00598 -0.00935 
 0.00000  0.00000 
-1.29819 -0.05310 
 0.74407  0.16050 
 0.32329  0.17281 
-0.12670 -0.32022 
 0.09218 -0.64190 
 0.15124 -0.32752 
-100.00000 -100.00000 
-0.10257 -0.28436 
-0.08830  0.01347 
-100.00000 -100.00000 
-0.37518  0.83891 
-0.10724 -0.10321 
-0.10078  0.58508 
 0.00000  0.00000 
 0.10934  0.13729 
-0.53192  0.24519 
 0.08412  0.13763 
 0.09072 -0.21501 
-0.15395 -0.19405 
-0.13458 -0.24087 
-0.00009 -0.00009 
 0.13759 -0.07137 
-0.28044 -100.00000 
 0.00010  0.25777 
 0.00000  0.00000 
-0.25746  0.24590 
-100.00000  0.00009 
-100.00000 -0.09424 
 0.00000  0.00000 
 0.00000  0.00000 
-0.13105 -0.81716 
-0.19158 -100.00000 
-0.14349  0.14233 
 0.36118 -0.47609 
-100.00000 -0.12066 
 0.00000  0.00000 
-100.00000 -100.00000 
-100.00000 -100.00000 
 0.13740  0.25802 
-0.01099 -100.00000 
 0.00000  0.00000 
 0.26132 -0.50020 
-100.00000  0.00006 
 0.26295 -0.38451 
-100.00000  0.26289 
 0.00000  0.00000 
 0.15920 -0.20214 
 0.13711 -100.00000 
 0.00000  0.00000 
 0.05625 -0.38526 
 0.13706 -100.00000 
-100.00000  0.03106 
-0.14340  0.24992 
-100.00000 -100.00000 
-0.32327  0.00006 
-100.00000 -100.00000 
