 0.22249  0.30524 
 0.22666 -1.11923 
 0.32017 -0.21985 
-0.24330  0.44336 
-0.41820  0.07599 
 0.22304  0.13754 
 0.32737  0.12819 
-0.32192 -0.49646 
 0.02583 -0.00619 
-0.13054 -0.07287 
-0.12932 -0.26977 
 0.58453 -0.45784 
 0.75760 -0.76023 
-100.00000 -100.00000 
-0.38675 -0.01272 
-100.00000 -100.00000 
-100.00000 -100.00000 
-100.00000 -100.00000 
 0.27937  0.42801 
 0.00000  0.00000 
-100.00000 -100.00000 
 0.00000  0.00000 
-100.00000 -100.00000 
-100.00000 -100.00000 
-100.00000 -100.00000 
-100.00000 -100.00000 
-100.00000 -100.00000 
-100.00000  0.00001 
-100.00000 -100.00000 
-0.02289  0.20046 
-100.00000 -100.00000 
-0.29336 -0.36126 
-0.13050 -0.14768 
-100.00000 -100.00000 
 0.37143  0.10908 
 0.00000  0.00000 
 0.04212 -0.39403 
-100.00000 -100.00000 
-100.00000 -100.00000 
-100.00000 -100.00000 
-100.00000  0.26304 
-100.00000 -100.00000 
-100.00000 -100.00000 
 0.37254  0.37155 
-100.00000 -100.00000 
-100.00000 -100.00000 
-0.15500 -0.39161 
-100.00000 -100.00000 
 0.00004 -100.00000 
 0.22144 -0.25508 
 0.44973  0.33892 
-100.00000 -100.00000 
-0.78917 -0.48146 
-100.00000 -100.00000 
-0.00001 -0.00005 
-100.00000 -100.00000 
-100.00000  0.13724 
-0.30922  0.04884 
-100.00000 -100.00000 
-0.00025 -0.00053 
-0.68711  0.38488 
-0.00016  0.12165 
-100.00000 -100.00000 
 0.00000  0.00000 
-100.00000 -100.00000 
-100.00000 -100.00000 
-0.00001 -0.22076 
-0.22044 -0.03421 
-100.00000 -100.00000 
-100.00000 -0.00013 
-0.45983 -0.38850 
-100.00000 -100.00000 
-100.00000 -0.00025 
 0.00000  0.00000 
 0.03922  0.57454 
-100.00000 -100.00000 
-100.00000 -100.00000 
-0.76136  0.19681 
-0.26598 -0.89602 
-100.00000 -100.00000 
-100.00000  0.00007 
-100.00000 -100.00000 
-100.00000  0.00011 
-100.00000 -100.00000 
-100.00000 -100.00000 
 0.38877 -0.02378 
-1.12929 -0.09639 
 0.34574 -0.96570 
 0.15041 -0.15574 
-0.47795  0.03707 
-0.27962 -0.38053 
 0.26293 -0.29679 
-100.00000 -100.00000 
-100.00000 -100.00000 
-100.00000 -100.00000 
 0.00000  0.00000 
-0.25915  0.28104 
-100.00000 -100.00000 
-0.18562 -0.66433 
-100.00000 -0.00057 
-0.30744  0.44823 
-100.00000 -100.00000 
 0.00033  0.00326 
 0.24195 -0.63040 
-100.00000 -100.00000 
-100.00000 -100.00000 
-100.00000 -100.00000 
-100.00000 -100.00000 
-100.00000 -100.00000 
-100.00000 -100.00000 
-100.00000 -100.00000 
-1.52656 -0.17846 
 0.00000  0.00000 
-100.00000 -100.00000 
-0.51134 -0.15185 
-100.00000 -100.00000 
-100.00000 -100.00000 
-0.00002 -0.00011 
-100.00000  0.13722 
-100.00000 -100.00000 
-100.00000 -100.00000 
-100.00000 -100.00000 
-0.96796  0.08206 
-100.00000 -0.00029 
 0.05320 -0.19795 
 0.32408 -0.20206 
-100.00000 -100.00000 
 0.10177 -1.50963 
-100.00000  0.00005 
 0.32430  0.00450 
-0.02378 -0.67334 
-100.00000 -100.00000 
 0.00000  0.00000 
-100.00000 -100.00000 
-100.00000 -100.00000 
-100.00000 -0.67388 
 0.51680 -100.00000 
 0.20892 -0.27084 
 0.07092 -0.00059 
-100.00000 -100.00000 
-100.00000 -100.00000 
-100.00000 -100.00000 
-100.00000 -0.23934 
-0.27117 -0.22921 
-0.20878  0.34177 
-100.00000 -0.00051 
-100.00000 -100.00000 
-0.14612 -0.60366 
-0.17545  0.15059 
 0.28966 -0.08580 
-100.00000 -100.00000 
-100.00000 -100.00000 
 0.10920 -0.36133 
 0.51724  0.09038 
-0.40901 -0.79855 
-100.00000 -100.00000 
-0.22442  1.03555 
-0.02483  0.00240 
-0.51260 -0.44807 
 0.07158 -100.00000 
-100.00000 -100.00000 
-0.04313 -100.00000 
-0.51065  0.22416 
-0.45408  0.00121 
-0.77282  0.18556 
-100.00000 -100.00000 
-1.06395 -0.54307 
-100.00000 -100.00000 
-100.00000 -100.00000 
-100.00000 -0.49844 
 0.07101  0.00287 
-100.00000 -0.23795 
-0.53226 -0.37098 
-100.00000 -100.00000 
-0.06272 -0.70612 
-0.57774  0.18310 
 0.06360  0.00096 
-0.34471  0.67986 
-0.60598 -0.54041 
-0.30601 -0.48164 
-100.00000 -100.00000 
-100.00000 -100.00000 
-100.00000 -100.00000 
 0.41038  0.13738 
 0.01165 -0.48158 
-100.00000 -0.00010 
-0.16156 -0.31750 
-100.00000 -100.00000 
-0.23093 -0.45053 
-0.76599 -0.72818 
 0.55060  0.09703 
 0.19607 -0.59177 
-100.00000 -100.00000 
-100.00000 -100.00000 
 0.25009  0.03568 
-100.00000 -100.00000 
-0.37213 -0.00077 
-100.00000 -100.00000 
-100.00000 -0.00036 
-0.73692 -0.33477 
 0.25030 -0.29861 
-0.14528 -100.00000 
-100.00000 -100.00000 
-100.00000 -100.00000 
-100.00000 -0.24922 
 0.08694 -0.73642 
 0.23330 -0.33468 
-100.00000 -100.00000 
-0.02811 -0.58946 
-0.28754  0.02515 
-100.00000  0.23769 
 0.08725 -0.29650 
-100.00000 -100.00000 
-0.14506 -0.42897 
-0.51553  0.14742 
-100.00000 -0.21451 
 0.19117  0.21130 
-100.00000 -0.58123 
-100.00000 -100.00000 
 0.10052 -100.00000 
 0.71231 -0.64400 
-100.00000 -100.00000 
-0.66725 -0.63172 
-100.00000 -100.00000 
 0.20838  1.36324 
-0.54738  0.05242 
-0.76322 -0.61941 
-0.62747 -0.97294 
-100.00000 -0.00102 
 0.00000  0.00000 
-100.00000 -0.00632 
-1.27722 -0.70770 
-100.00000 -100.00000 
 0.13698 -0.60877 
-0.30176 -0.93379 
-0.12395  0.14380 
 0.19033 -0.57208 
 0.35249 -0.37878 
-100.00000 -100.00000 
-0.51996 -0.57586 
-100.00000 -100.00000 
 0.00016 -100.00000 
 0.57360  0.54787 
-0.27449 -0.04644 
-100.00000 -100.00000 
-100.00000 -100.00000 
-100.00000 -100.00000 
-0.16059 -0.70619 
 0.01570  0.90694 
 0.49313 -0.02421 
-100.00000 -0.23484 
-100.00000 -100.00000 
-100.00000 -100.00000 
-100.00000 -100.00000 
 0.01734 -0.35244 
 0.00000  0.00000 
 0.00000  0.00000 
-0.58945  0.58390 
-100.00000 -100.00000 
-100.00000 -100.00000 
-0.11289  0.23429 
-100.00000 -100.00000 
-100.00000 -100.00000 
-0.23432 -0.24200 
 0.00000  0.00000 
-0.14549 -100.00000 
-100.00000 -100.00000 
-100.00000 -100.00000 
-100.00000 -0.00023 
-100.00000 -100.00000 
-0.00015 -100.00000 
-0.11820  0.06694 
-0.25818 -0.40019 
-0.49968  0.30524 
 0.26305 -0.13170 
-100.00000 -0.00065 
-0.13087  0.25082 
 0.47791  0.13731 
-100.00000  0.00011 
-100.00000 -100.00000 
 0.00000  0.00000 
 0.00000  0.00000 
-0.33922  0.85091 
-100.00000 -100.00000 
 0.20928 -0.49292 
 0.05204 -0.90182 
-100.00000 -0.37815 
-0.28593  0.07108 
-100.00000 -0.43707 
-100.00000  0.00258 
-100.00000 -100.00000 
-100.00000 -0.47624 
-100.00000 -100.00000 
 0.32398  0.34124 
-100.00000 -100.00000 
-100.00000  0.00002 
-0.09518  0.14621 
-100.00000 -100.00000 
 0.33103  0.00244 
-100.00000 -100.00000 
-100.00000 -0.00017 
 0.00000  0.00000 
-0.30028 -0.61757 
 0.10725  0.58493 
-100.00000 -0.08276 
-100.00000 -0.19646 
-100.00000 -100.00000 
-100.00000  0.13718 
-100.00000 -100.00000 
 0.00004 -100.00000 
 0.00000  0.00000 
-100.00000 -100.00000 
-0.00002 -100.00000 
-0.17356  0.06506 
-0.11176 -0.76336 
 0.00000  0.00000 
-100.00000 -100.00000 
-100.00000 -0.12065 
-100.00000 -100.00000 
-100.00000 -100.00000 
-0.23932 -0.56127 
-100.00000 -100.00000 
-0.01355 -0.01710 
-100.00000 -100.00000 
-0.25322 -0.18160 
-0.56163 -0.21826 
 0.26331 -100.00000 
-100.00000 -0.25905 
-100.00000 -100.00000 
 0.44139 -0.22583 
-0.87687 -0.25910 
 0.55677  0.12453 
-100.00000  0.26308 
-0.39617  0.00225 
 0.28054  0.44791 
-100.00000 -100.00000 
 0.00000  0.00000 
-100.00000 -100.00000 
 0.47109 -0.80034 
 0.00000  0.00000 
-100.00000 -100.00000 
-100.00000 -100.00000 
 0.37833  0.13774 
-100.00000 -100.00000 
 1.14538  0.26991 
-0.01991  0.01010 
-100.00000 -100.00000 
-100.00000 -100.00000 
 0.00000  0.00000 
-100.00000 -100.00000 
-100.00000 -100.00000 
 0.26301 -100.00000 
 0.00000  0.00000 
-100.00000 -100.00000 
-100.00000 -100.00000 
-100.00000 -100.00000 
-100.00000 -100.00000 
-0.55284 -0.32026 
-100.00000 -100.00000 
 0.18462  0.06779 
 0.00000  0.00000 
-100.00000 -100.00000 
-100.00000 -100.00000 
-100.00000 -100.00000 
-100.00000 -100.00000 
-100.00000 -100.00000 
-100.00000 -100.00000 
-100.00000 -100.00000 
-0.09586  0.10848 
-0.28950 -0.37573 
-100.00000 -100.00000 
-100.00000 -100.00000 
-100.00000 -100.00000 
 0.48547 -100.00000 
-100.00000 -100.00000 
-100.00000 -100.00000 
-100.00000 -100.00000 
-100.00000 -0.00000 
-100.00000 -100.00000 
-100.00000 -100.00000 
-0.01100  0.30464 
-0.12825  0.07467 
-0.18765  0.22839 
 0.16353  0.05972 
-100.00000 -100.00000 
 0.39223 -0.65573 
-100.00000 -100.00000 
 0.00000  0.00000 
-0.00026 -0.26229 
 0.44479 -0.14245 
 0.00000  0.00000 
-0.06525  0.19267 
-100.00000 -0.00007 
-100.00000 -100.00000 
-0.19923 -0.25651 
 0.00013 -100.00000 
-100.00000 -100.00000 
-0.62996  0.29986 
 0.00000  0.00000 
-100.00000 -100.00000 
 2.71970 -0.61548 
-0.28338  0.92783 
 0.26283 -100.00000 
 0.18700 -0.34363 
-100.00000 -100.00000 
-100.00000 -0.85387 
 0.03413  0.13153 
 0.12433  0.05958 
-0.07671 -0.14880 
-100.00000 -100.00000 
 0.12400 -0.15045 
-0.35316 -100.00000 
 0.12383 -0.02343 
-0.00030 -100.00000 
-0.05242  0.71300 
 0.21913 -0.01304 
-100.00000 -100.00000 
-100.00000 -100.00000 
-100.00000 -100.00000 
 0.22182 -0.00331 
-100.00000 -100.00000 
-0.22807 -0.02351 
 0.12402 -100.00000 
-100.00000 -100.00000 
-100.00000 -100.00000 
-100.00000  0.00003 
-0.19969 -0.28012 
-100.00000 -100.00000 
-100.00000 -100.00000 
-100.00000 -100.00000 
-100.00000  0.13750 
-100.00000 -100.00000 
-100.00000 -100.00000 
 0.00000  0.00000 
-100.00000 -100.00000 
 0.20999 -0.45371 
-100.00000 -100.00000 
-100.00000  0.00023 
 0.27071 -0.14955 
-100.00000 -100.00000 
 0.58491  0.65925 
-0.25845  0.22094 
-0.11736 -0.14154 
 0.10178  0.11253 
-100.00000 -100.00000 
-100.00000 -100.00000 
 0.12403 -100.00000 
-100.00000 -100.00000 
-100.00000 -100.00000 
-0.32793 -0.33757 
-100.00000 -100.00000 
-100.00000 -100.00000 
-100.00000  0.26309 
-100.00000 -100.00000 
-100.00000 -100.00000 
-0.49101  0.17387 
-100.00000 -100.00000 
-100.00000  0.05901 
-100.00000 -100.00000 
-100.00000 -100.00000 
-100.00000 -100.00000 
-100.00000 -0.77196 
-0.00008 -0.00001 
-0.48997 -100.00000 
 0.39224  0.33820 
-100.00000 -100.00000 
-0.09070  0.05976 
 0.04394 -1.29059 
-0.00005 -0.34333 
-100.00000 -0.63140 
-100.00000 -100.00000 
-0.00136 -0.00002 
-100.00000 -100.00000 
-0.49494  0.17421 
-0.49069 -100.00000 
 0.00000  0.00000 
-100.00000 -100.00000 
 0.10334 -0.09451 
-100.00000 -100.00000 
-100.00000 -100.00000 
-100.00000 -0.00072 
-0.13623 -0.00029 
-0.14333 -3.68901 
-100.00000 -100.00000 
-100.00000 -100.00000 
-0.95644 -0.20161 
-100.00000 -100.00000 
-100.00000 -100.00000 
-100.00000 -0.00098 
-0.00059 -0.43201 
-100.00000 -100.00000 
-0.21280 -0.14856 
-100.00000  0.32970 
 0.13719  0.01675 
-0.12812  0.21364 
 0.13767 -0.12080 
-0.88621 -0.77635 
-100.00000 -100.00000 
-0.95785  0.11491 
-100.00000 -100.00000 
 0.26292 -0.00027 
-100.00000 -0.00012 
 0.21152  0.05381 
 0.26267 -0.60693 
-100.00000 -100.00000 
-100.00000 -100.00000 
 0.26262  0.30592 
-0.09007  0.27887 
-0.54735 -0.75063 
-0.49907 -100.00000 
-0.13637 -100.00000 
 0.11948  0.26000 
 0.09936 -0.33560 
-100.00000 -0.00070 
-0.14371 -0.29406 
 0.00000  0.00000 
-0.23714  0.01687 
-0.63159 -0.12264 
-0.00614  0.15352 
-0.27423 -0.89488 
 0.34654 -0.18605 
 0.13774  0.00012 
-0.39458  0.08977 
-0.17924 -0.10167 
-0.00007 -100.00000 
-100.00000  0.03436 
-0.50542 -0.12778 
-100.00000 -100.00000 
 0.00000  0.00000 
-100.00000 -100.00000 
-100.00000 -100.00000 
 0.00000  0.00000 
-100.00000 -100.00000 
-100.00000 -100.00000 
-0.27565 -0.63193 
-0.22244  0.26454 
-100.00000 -100.00000 
-0.47250  0.09975 
-100.00000 -100.00000 
 0.13743  0.03065 
-0.05008  0.49440 
 0.01498 -0.10263 
-0.12533  0.17069 
-0.29325 -0.57049 
-100.00000 -100.00000 
-100.00000 -100.00000 
-100.00000 -100.00000 
-100.00000 -100.00000 
 0.00000  0.00000 
-0.02619  0.15349 
 0.17385 -0.23185 
-100.00000 -100.00000 
-0.16743 -0.10628 
-0.14356 -0.43158 
-0.02590 -0.25079 
 0.14084 -0.08555 
-100.00000 -100.00000 
 0.23516  0.14255 
 0.00002 -100.00000 
-100.00000 -100.00000 
 0.21179 -0.44800 
 0.26299 -0.14331 
 0.00000  0.00000 
-100.00000 -100.00000 
 0.00000  0.00000 
