-100.00000 -100.00000 
-0.94833 -100.00000 
-0.38039 -0.09555 
 0.00003 -100.00000 
 0.37852 -0.30271 
 0.00004 -0.15911 
 0.31842 -100.00000 
-100.00000 -100.00000 
-0.14079 -0.29547 
 0.00000  0.00000 
-0.72811 -100.00000 
 0.13771 -0.02152 
-100.00000 -0.06737 
-100.00000 -100.00000 
-100.00000 -100.00000 
-0.16455 -0.28982 
-100.00000 -100.00000 
 0.23751 -0.28405 
-100.00000 -100.00000 
-100.00000 -100.00000 
 0.05108 -0.00014 
-100.00000 -100.00000 
-100.00000 -100.00000 
 0.00000  0.00000 
-0.09342  0.47446 
-100.00000 -100.00000 
-0.14170  0.00002 
-0.14134 -0.00008 
-100.00000 -100.00000 
-100.00000 -100.00000 
-0.09951 -0.30107 
-100.00000 -100.00000 
-100.00000 -100.00000 
 0.10869 -0.03929 
-100.00000 -100.00000 
-100.00000 -100.00000 
-0.51918  0.10355 
-100.00000 -100.00000 
-100.00000 -100.00000 
-100.00000 -100.00000 
-100.00000 -100.00000 
-100.00000 -100.00000 
-100.00000 -100.00000 
-100.00000 -100.00000 
-0.23830  0.37958 
-0.46536 -0.40897 
-0.13558  0.04759 
-100.00000 -100.00000 
-100.00000 -100.00000 
-100.00000 -100.00000 
-100.00000 -100.00000 
-0.02116 -0.02202 
-0.15311 -100.00000 
-0.02381 -100.00000 
-100.00000 -100.00000 
-0.00009 -100.00000 
-0.13461  0.13746 
-100.00000  0.13756 
 0.62527  0.12177 
-0.23113  0.07270 
-100.00000 -100.00000 
-0.63912  0.13736 
-100.00000 -100.00000 
-100.00000 -100.00000 
-0.25667 -0.01922 
-100.00000 -100.00000 
-100.00000 -100.00000 
-0.36072 -100.00000 
-0.14165 -100.00000 
-100.00000 -100.00000 
 0.13672 -100.00000 
-0.02163  0.20618 
-100.00000 -100.00000 
-100.00000 -100.00000 
-100.00000 -0.00014 
-100.00000 -100.00000 
-100.00000 -100.00000 
-100.00000 -100.00000 
 0.37844 -100.00000 
-100.00000 -100.00000 
-100.00000 -100.00000 
-100.00000 -100.00000 
 0.18159 -0.29499 
-0.09932 -0.08498 
-0.00912 -0.37594 
-0.05233  0.01679 
-100.00000 -100.00000 
 0.13721  0.00003 
 0.72233 -0.10712 
-0.60198 -0.27640 
-0.14174 -100.00000 
-0.20787 -100.00000 
-100.00000 -100.00000 
-0.25021 -0.06683 
 0.00000  0.00000 
-100.00000 -100.00000 
-100.00000 -100.00000 
-100.00000 -100.00000 
 1.29159 -100.00000 
-0.70467 -0.00015 
-100.00000  0.26288 
 0.00238 -100.00000 
-100.00000 -100.00000 
 0.24086 -0.17268 
-100.00000 -100.00000 
-0.12314 -100.00000 
-0.23417 -0.36648 
 0.00000  0.00000 
-100.00000 -100.00000 
-100.00000 -100.00000 
-0.57974 -0.47134 
-100.00000 -100.00000 
 0.12737  0.01427 
 0.00317 -0.14791 
 0.00000  0.00000 
-100.00000 -100.00000 
-100.00000 -100.00000 
-100.00000 -100.00000 
-0.30536  0.05703 
-100.00000 -100.00000 
-100.00000 -100.00000 
-100.00000 -100.00000 
-0.34292 -100.00000 
-0.00029 -0.00003 
-100.00000 -100.00000 
-100.00000  0.22583 
-100.00000 -0.02546 
-100.00000  0.13755 
-100.00000 -100.00000 
-100.00000 -100.00000 
-0.00003  0.22759 
-100.00000 -100.00000 
-100.00000 -100.00000 
-100.00000 -100.00000 
-100.00000 -100.00000 
-0.44489 -0.14156 
-100.00000 -100.00000 
-0.98970 -0.81037 
-0.00059 -100.00000 
-100.00000 -100.00000 
-100.00000 -100.00000 
 0.00121  0.29269 
-0.55762 -0.12346 
-100.00000 -100.00000 
-0.14365  0.26290 
-0.15523 -0.57341 
-100.00000 -100.00000 
-100.00000 -100.00000 
-100.00000 -100.00000 
-100.00000 -100.00000 
-100.00000 -100.00000 
-0.00919  0.22094 
-0.58955 -0.34657 
-0.00329 -0.21491 
-100.00000 -0.17447 
-100.00000 -100.00000 
-100.00000 -0.35932 
-100.00000 -100.00000 
-100.00000 -100.00000 
-0.12427 -100.00000 
 0.00000  0.00000 
-100.00000 -100.00000 
-0.00010 -100.00000 
-100.00000 -100.00000 
-100.00000 -100.00000 
-100.00000 -100.00000 
-100.00000 -100.00000 
-100.00000 -0.00016 
-100.00000 -100.00000 
-0.62397 -0.46772 
 0.37872 -100.00000 
-0.13642  0.19691 
-0.63123 -0.14514 
 0.00000  0.00000 
-0.21462 -0.34991 
-0.33293 -0.33279 
-0.13654 -100.00000 
-100.00000  0.26802 
-0.11207 -0.15080 
 0.38544 -0.03452 
 0.00000  0.00000 
-100.00000  0.14147 
-100.00000  0.00010 
-100.00000  0.43373 
-100.00000 -100.00000 
-100.00000 -0.41273 
-100.00000 -100.00000 
-100.00000  0.09053 
-100.00000 -100.00000 
-100.00000 -100.00000 
-100.00000 -100.00000 
-100.00000 -100.00000 
-0.00001 -0.09719 
-100.00000 -100.00000 
-100.00000 -100.00000 
-0.31009  0.11917 
-0.38616 -0.25612 
-100.00000 -100.00000 
-1.47428  0.40658 
-100.00000 -100.00000 
-0.01385 -100.00000 
-0.20667 -0.12959 
-100.00000 -100.00000 
-100.00000 -100.00000 
 0.28904 -100.00000 
-0.13141 -100.00000 
-0.00018 -100.00000 
 0.00000  0.00000 
-0.11170 -100.00000 
 0.10854  0.13681 
-100.00000 -100.00000 
-0.01244  0.54431 
-0.01088 -0.38406 
 0.00000  0.00000 
-100.00000 -100.00000 
-0.24618  0.05696 
-100.00000 -100.00000 
 0.09683 -0.00024 
-100.00000 -0.56554 
-0.55535 -0.13938 
 0.48540 -0.63739 
 0.00000  0.00000 
-0.16068  0.02803 
-100.00000 -100.00000 
-100.00000 -100.00000 
-0.49720 -0.08793 
 0.49574 -0.45524 
-100.00000 -100.00000 
-0.25698 -0.16922 
-0.32270 -0.59154 
 0.21394  0.35436 
-0.23120 -0.30773 
-100.00000 -100.00000 
-0.38775 -100.00000 
-1.13942 -100.00000 
 0.13695 -100.00000 
-0.56194  0.07820 
 0.26965 -0.31036 
-100.00000 -100.00000 
 0.20812  0.45775 
-100.00000 -100.00000 
-100.00000 -100.00000 
-100.00000 -100.00000 
-0.48570  0.35884 
 0.00000  0.00000 
 0.00000  0.00000 
-0.14544 -100.00000 
-100.00000 -0.00009 
-100.00000 -100.00000 
-100.00000 -100.00000 
 0.03944  0.21998 
-100.00000 -100.00000 
-0.38981 -100.00000 
 0.21375 -0.41675 
-0.82623 -0.46661 
-100.00000 -100.00000 
-0.58546 -0.08000 
 0.13759 -0.59203 
-100.00000 -100.00000 
-100.00000 -100.00000 
-100.00000 -100.00000 
-100.00000 -100.00000 
-0.14088  0.13754 
-0.12420 -0.24659 
-100.00000 -100.00000 
-100.00000 -100.00000 
-100.00000 -100.00000 
-100.00000 -100.00000 
 0.00000  0.00000 
-100.00000 -100.00000 
-0.22909 -0.42284 
-0.35887 -100.00000 
-100.00000 -100.00000 
-0.78004  0.21824 
-0.17023 -0.13991 
-0.14148 -100.00000 
-0.07917 -0.59559 
 0.21843  0.31574 
-0.25139  0.23998 
-100.00000 -100.00000 
 0.13703 -0.12952 
-100.00000 -100.00000 
 0.29075  0.42054 
-100.00000 -100.00000 
-0.25534 -100.00000 
-100.00000 -0.44300 
-0.12070 -100.00000 
 0.31777  0.18498 
 0.52654  0.32155 
-100.00000 -100.00000 
-0.35321  0.41993 
 0.56321 -0.06484 
-100.00000 -100.00000 
-0.60753 -100.00000 
 0.23288  0.29545 
-100.00000 -100.00000 
-100.00000 -100.00000 
-100.00000 -100.00000 
 0.22702  0.14424 
-100.00000 -100.00000 
-100.00000 -100.00000 
-100.00000 -100.00000 
 0.47108  0.19506 
-100.00000 -100.00000 
 0.32659 -100.00000 
-0.37162 -100.00000 
-100.00000 -100.00000 
-0.49036  0.17509 
-100.00000 -100.00000 
-0.25787 -100.00000 
-100.00000 -100.00000 
 0.27863  0.26332 
-100.00000 -100.00000 
-0.42212 -0.64393 
-0.19468 -0.28243 
-100.00000 -100.00000 
-100.00000 -100.00000 
-100.00000 -100.00000 
 0.28835 -0.07136 
-100.00000 -100.00000 
-100.00000 -100.00000 
 0.00000  0.00000 
-100.00000 -100.00000 
-100.00000 -100.00000 
-100.00000 -100.00000 
-100.00000 -100.00000 
-100.00000 -100.00000 
-100.00000 -100.00000 
-100.00000 -100.00000 
-100.00000 -100.00000 
-100.00000 -100.00000 
-100.00000 -100.00000 
-100.00000 -100.00000 
-100.00000 -100.00000 
-100.00000 -100.00000 
-100.00000 -100.00000 
-100.00000 -100.00000 
-100.00000 -100.00000 
-0.00082 -100.00000 
-100.00000 -100.00000 
-100.00000 -100.00000 
 0.00000  0.00000 
-100.00000 -100.00000 
-100.00000 -100.00000 
-100.00000 -0.00014 
 0.13732 -100.00000 
-100.00000 -0.00012 
-100.00000 -100.00000 
-100.00000 -100.00000 
-100.00000 -100.00000 
-100.00000 -100.00000 
 0.13751  0.13757 
-100.00000 -100.00000 
-100.00000 -100.00000 
-100.00000 -100.00000 
-100.00000 -100.00000 
-100.00000 -100.00000 
-0.56819 -100.00000 
-100.00000 -100.00000 
-100.00000 -100.00000 
 0.00308 -0.00013 
-100.00000  0.06834 
-100.00000 -100.00000 
-100.00000 -100.00000 
 0.00000  0.00000 
-100.00000 -100.00000 
 0.00000  0.00000 
 0.01947  0.38042 
 0.56918  0.27462 
-100.00000 -100.00000 
-0.23392 -100.00000 
-100.00000 -100.00000 
 0.37873 -100.00000 
-100.00000 -100.00000 
-0.00004 -100.00000 
-100.00000 -100.00000 
 0.00000  0.00000 
-100.00000 -100.00000 
-100.00000 -100.00000 
-0.13456 -0.02599 
 0.25849 -0.20914 
-0.00004 -100.00000 
-100.00000 -100.00000 
-100.00000 -100.00000 
-100.00000 -100.00000 
-0.69084 -100.00000 
-100.00000 -100.00000 
-0.01303 -100.00000 
-0.30353 -100.00000 
-100.00000 -100.00000 
-100.00000 -100.00000 
-0.42423  0.86640 
 0.13743 -100.00000 
-100.00000 -100.00000 
-100.00000 -100.00000 
 0.37864 -100.00000 
 0.61249  0.00940 
-100.00000 -100.00000 
-100.00000 -100.00000 
 0.00000 -100.00000 
-100.00000 -100.00000 
-100.00000 -0.00001 
-0.25240 -100.00000 
-100.00000 -100.00000 
-100.00000 -100.00000 
 0.09056 -0.56587 
-100.00000 -100.00000 
-0.33737 -100.00000 
-100.00000 -100.00000 
 0.79797  0.01003 
-100.00000 -100.00000 
-0.67732  0.22955 
 0.26719  0.27808 
-100.00000 -100.00000 
-0.49571 -0.21004 
 0.35258 -0.55913 
-100.00000 -100.00000 
-100.00000 -100.00000 
-100.00000 -100.00000 
-100.00000 -100.00000 
-100.00000 -100.00000 
-0.00005 -0.11779 
-100.00000 -100.00000 
-100.00000  0.00570 
-100.00000 -100.00000 
-100.00000 -100.00000 
-100.00000 -100.00000 
-0.28791 -100.00000 
-0.27347  0.12235 
-100.00000 -100.00000 
-100.00000  0.01511 
-100.00000 -100.00000 
 0.13710  0.01610 
-100.00000 -100.00000 
-100.00000 -100.00000 
-100.00000 -100.00000 
 0.00000  0.00000 
 0.13773 -0.22627 
-100.00000 -100.00000 
-100.00000 -100.00000 
 0.00002 -100.00000 
-100.00000 -100.00000 
-100.00000 -100.00000 
-100.00000 -100.00000 
 0.00002 -100.00000 
-100.00000 -100.00000 
-100.00000 -0.23131 
-100.00000 -100.00000 
-100.00000 -100.00000 
-100.00000 -100.00000 
-100.00000 -100.00000 
-0.01298  0.01070 
 0.11273 -0.11762 
-0.29488  0.01643 
-0.14753  0.11632 
-0.53573 -100.00000 
-100.00000 -100.00000 
-100.00000 -100.00000 
-100.00000 -100.00000 
 0.26322  0.26317 
-100.00000 -100.00000 
 0.00000  0.00000 
-100.00000 -100.00000 
-100.00000 -100.00000 
-100.00000 -100.00000 
-100.00000 -100.00000 
-100.00000 -100.00000 
-100.00000 -100.00000 
-100.00000 -100.00000 
-0.15030 -100.00000 
-0.27338 -0.00008 
-100.00000 -100.00000 
-100.00000 -100.00000 
 0.31961 -0.00781 
-100.00000 -100.00000 
-0.29475 -0.00025 
-0.09442 -0.02171 
-100.00000 -100.00000 
-100.00000 -100.00000 
 0.00967  0.21446 
-0.29487 -0.43319 
-0.12088 -100.00000 
-1.70940 -0.15935 
 0.00000  0.00000 
 0.14661  0.53851 
-100.00000 -100.00000 
 0.05096 -0.19863 
 0.04369  0.21929 
-100.00000  0.00007 
-100.00000 -0.00030 
-0.35831 -0.90029 
-100.00000 -100.00000 
 0.00007 -100.00000 
-100.00000 -100.00000 
-100.00000 -100.00000 
-100.00000 -100.00000 
-0.08856 -0.00112 
-100.00000 -100.00000 
-0.38608 -0.71751 
 0.00000  0.00000 
 0.10842  0.18750 
 0.00000  0.00000 
-0.00001 -100.00000 
 0.16451 -100.00000 
 0.00000  0.00000 
-100.00000 -100.00000 
 0.13636 -0.17490 
-100.00000 -0.00013 
-100.00000 -100.00000 
-0.09450 -100.00000 
-100.00000 -100.00000 
-0.41899 -0.52549 
 0.01666 -100.00000 
-0.09501 -100.00000 
 0.03111 -0.00005 
-100.00000 -100.00000 
 0.23666  0.46931 
-0.52179 -100.00000 
 0.00010 -100.00000 
 0.00034 -100.00000 
-0.12090 -100.00000 
-100.00000 -0.00012 
 0.55799 -100.00000 
-100.00000 -100.00000 
-100.00000 -100.00000 
 0.42235 -100.00000 
 0.00000  0.00000 
-0.00007 -100.00000 
 0.13739 -100.00000 
-100.00000 -100.00000 
-100.00000 -100.00000 
 0.26287 -0.00006 
 0.00000  0.00000 
-100.00000 -100.00000 
-100.00000 -100.00000 
-100.00000 -100.00000 
-100.00000 -100.00000 
-100.00000 -100.00000 
-100.00000 -100.00000 
-100.00000 -100.00000 
-0.00004 -100.00000 
-100.00000 -100.00000 
-0.33530 -100.00000 
-100.00000 -100.00000 
 0.01689  0.21905 
-100.00000 -100.00000 
-100.00000 -100.00000 
-100.00000 -100.00000 
-100.00000 -100.00000 
-100.00000 -100.00000 
 0.25358 -0.73658 
-0.12047 -100.00000 
-100.00000 -100.00000 
 0.02960 -0.15020 
-0.25079  0.03195 
-100.00000 -100.00000 
-100.00000 -100.00000 
-0.14313 -0.35826 
-100.00000 -100.00000 
-100.00000 -100.00000 
-0.00975 -0.09996 
-100.00000 -0.00002 
-100.00000 -100.00000 
 0.43883 -0.36025 
-100.00000 -100.00000 
