 0.30524  0.52575 
-1.11923  0.47698 
-0.21985 -100.00000 
 0.44336 -0.08410 
 0.07599 -0.19180 
 0.13754 -100.00000 
 0.12819 -0.07438 
-0.49646 -0.43312 
-0.00619 -0.28448 
-0.07287 -0.15911 
-0.26977 -100.00000 
-0.45784 -0.97316 
-0.76023 -0.09614 
-100.00000 -100.00000 
-0.01272  0.41012 
-100.00000 -100.00000 
-100.00000 -100.00000 
-100.00000 -100.00000 
 0.42801  0.50340 
 0.00000  0.00000 
-100.00000 -100.00000 
 0.00000  0.00000 
-100.00000 -100.00000 
-100.00000 -100.00000 
-100.00000 -100.00000 
-100.00000 -100.00000 
-100.00000  0.13753 
 0.00001  0.13743 
-100.00000 -100.00000 
 0.20046 -0.08043 
-100.00000 -100.00000 
-0.36126 -0.18440 
-0.14768  0.28891 
-100.00000 -100.00000 
 0.10908  1.13761 
 0.00000  0.00000 
-0.39403 -0.62879 
-100.00000 -100.00000 
-100.00000 -100.00000 
-100.00000 -100.00000 
 0.26304 -100.00000 
-100.00000 -100.00000 
-100.00000 -100.00000 
 0.37155  0.14107 
-100.00000 -100.00000 
-100.00000 -100.00000 
-0.39161 -0.34000 
-100.00000 -100.00000 
-100.00000 -100.00000 
-0.25508 -0.43476 
 0.33892 -100.00000 
-100.00000 -100.00000 
-0.48146 -0.39310 
-100.00000 -100.00000 
-0.00005 -100.00000 
-100.00000 -100.00000 
 0.13724 -100.00000 
 0.04884  0.61317 
-100.00000 -100.00000 
-0.00053 -100.00000 
 0.38488  0.15312 
 0.12165 -100.00000 
-100.00000 -100.00000 
 0.00000  0.00000 
-100.00000 -100.00000 
-100.00000 -100.00000 
-0.22076 -0.65689 
-0.03421  0.00055 
-100.00000 -100.00000 
-0.00013 -100.00000 
-0.38850  0.00024 
-100.00000 -100.00000 
-0.00025  0.00013 
 0.00000  0.00000 
 0.57454 -0.42966 
-100.00000 -100.00000 
-100.00000 -100.00000 
 0.19681 -0.16914 
-0.89602 -100.00000 
-100.00000 -100.00000 
 0.00007 -100.00000 
-100.00000 -100.00000 
 0.00011 -100.00000 
-100.00000 -100.00000 
-100.00000 -100.00000 
-0.02378 -0.26761 
-0.09639  0.00002 
-0.96570  0.40171 
-0.15574 -0.20163 
 0.03707 -0.21445 
-0.38053 -0.41541 
-0.29679 -0.05434 
-100.00000 -100.00000 
-100.00000 -100.00000 
-100.00000 -100.00000 
 0.00000  0.00000 
 0.28104  0.13933 
-100.00000 -100.00000 
-0.66433 -0.06393 
-0.00057 -0.00015 
 0.44823 -100.00000 
-100.00000 -100.00000 
 0.00326  0.48553 
-0.63040 -0.38892 
-100.00000 -100.00000 
-100.00000 -100.00000 
-100.00000 -100.00000 
-100.00000 -100.00000 
-100.00000 -100.00000 
-100.00000 -100.00000 
-100.00000 -100.00000 
-0.17846 -0.01246 
 0.00000  0.00000 
-100.00000 -100.00000 
-0.15185 -0.00619 
-100.00000 -100.00000 
-100.00000 -100.00000 
-0.00011  0.33423 
 0.13722 -100.00000 
-100.00000 -100.00000 
-100.00000 -100.00000 
-100.00000 -100.00000 
 0.08206  0.60591 
-0.00029 -100.00000 
-0.19795 -0.35381 
-0.20206  0.00017 
-100.00000 -100.00000 
-1.50963 -0.01359 
 0.00005 -100.00000 
 0.00450 -0.47068 
-0.67334 -0.01342 
-100.00000 -100.00000 
 0.00000  0.00000 
-100.00000 -0.27538 
-100.00000 -100.00000 
-0.67388 -0.42658 
-100.00000 -0.15127 
-0.27084  0.33209 
-0.00059 -100.00000 
-100.00000 -100.00000 
-100.00000 -0.00021 
-100.00000  0.26308 
-0.23934 -100.00000 
-0.22921  0.16236 
 0.34177  0.26290 
-0.00051 -0.00047 
-100.00000 -100.00000 
-0.60366 -0.55193 
 0.15059  0.45439 
-0.08580  0.15973 
-100.00000 -100.00000 
-100.00000 -100.00000 
-0.36133 -0.32837 
 0.09038 -0.09445 
-0.79855 -0.42539 
-100.00000 -100.00000 
 1.03555 -0.07547 
 0.00240 -0.03962 
-0.44807  0.11281 
-100.00000 -100.00000 
-100.00000 -100.00000 
-100.00000  0.26308 
 0.22416  0.39063 
 0.00121 -100.00000 
 0.18556  0.18851 
-100.00000 -100.00000 
-0.54307  0.85747 
-100.00000 -100.00000 
-100.00000 -100.00000 
-0.49844 -0.00023 
 0.00287 -100.00000 
-0.23795 -0.27599 
-0.37098  0.41371 
-100.00000 -100.00000 
-0.70612  0.18476 
 0.18310 -0.04383 
 0.00096  0.31068 
 0.67986  0.17651 
-0.54041 -100.00000 
-0.48164  0.29692 
-100.00000 -100.00000 
-100.00000 -0.01384 
-100.00000 -100.00000 
 0.13738  0.22728 
-0.48158  0.39026 
-0.00010 -100.00000 
-0.31750 -0.03441 
-100.00000 -100.00000 
-0.45053 -0.20222 
-0.72818 -100.00000 
 0.09703  0.56754 
-0.59177  0.19974 
-100.00000 -100.00000 
-100.00000 -100.00000 
 0.03568  0.04534 
-100.00000 -100.00000 
-0.00077 -0.00026 
-100.00000 -100.00000 
-0.00036  0.34555 
-0.33477 -0.48724 
-0.29861 -100.00000 
-100.00000 -100.00000 
-100.00000 -100.00000 
-100.00000 -100.00000 
-0.24922 -100.00000 
-0.73642 -0.22189 
-0.33468 -0.10742 
-100.00000 -100.00000 
-0.58946  0.53860 
 0.02515 -0.42525 
 0.23769  0.12327 
-0.29650 -0.28877 
-100.00000 -0.00395 
-0.42897 -1.18597 
 0.14742  0.30981 
-0.21451 -100.00000 
 0.21130  0.55557 
-0.58123 -100.00000 
-100.00000 -100.00000 
-100.00000 -100.00000 
-0.64400  0.21856 
-100.00000 -100.00000 
-0.63172  0.50715 
-100.00000 -100.00000 
 1.36324 -0.30872 
 0.05242 -0.26822 
-0.61941  0.01687 
-0.97294  0.46750 
-0.00102  0.13687 
 0.00000  0.00000 
-0.00632 -0.14054 
-0.70770 -0.21619 
-100.00000 -100.00000 
-0.60877 -100.00000 
-0.93379 -0.19314 
 0.14380 -0.11254 
-0.57208 -0.42409 
-0.37878 -0.12606 
-100.00000 -0.50380 
-0.57586 -0.18355 
-100.00000 -100.00000 
-100.00000 -100.00000 
 0.54787  0.30350 
-0.04644 -0.16568 
-100.00000 -100.00000 
-100.00000 -100.00000 
-100.00000 -100.00000 
-0.70619 -0.32790 
 0.90694 -0.15159 
-0.02421  0.22055 
-0.23484 -0.00693 
-100.00000 -100.00000 
-100.00000 -100.00000 
-100.00000 -100.00000 
-0.35244  0.38724 
 0.00000  0.00000 
 0.00000  0.00000 
 0.58390 -0.21352 
-100.00000 -100.00000 
-100.00000 -100.00000 
 0.23429 -0.01215 
-100.00000 -100.00000 
-100.00000  0.13754 
-0.24200 -0.21451 
 0.00000  0.00000 
-100.00000 -0.42278 
-100.00000 -100.00000 
-100.00000 -100.00000 
-0.00023 -100.00000 
-100.00000 -100.00000 
-100.00000  0.13746 
 0.06694 -0.10162 
-0.40019  0.36500 
 0.30524 -100.00000 
-0.13170 -0.13991 
-0.00065 -100.00000 
 0.25082 -0.01607 
 0.13731 -0.50931 
 0.00011 -100.00000 
-100.00000 -100.00000 
 0.00000  0.00000 
 0.00000  0.00000 
 0.85091 -0.19855 
-100.00000 -100.00000 
-0.49292 -0.10913 
-0.90182 -0.47760 
-0.37815 -0.29680 
 0.07108  0.46091 
-0.43707 -100.00000 
 0.00258 -0.31040 
-100.00000 -100.00000 
-0.47624 -0.16323 
-100.00000 -100.00000 
 0.34124  0.00976 
-100.00000 -100.00000 
 0.00002 -100.00000 
 0.14621  0.39960 
-100.00000 -100.00000 
 0.00244 -0.20434 
-100.00000 -100.00000 
-0.00017 -100.00000 
 0.00000  0.00000 
-0.61757  0.59657 
 0.58493 -0.07984 
-0.08276 -0.29160 
-0.19646  0.92613 
-100.00000 -100.00000 
 0.13718 -0.00011 
-100.00000 -100.00000 
-100.00000 -100.00000 
 0.00000  0.00000 
-100.00000 -100.00000 
-100.00000 -100.00000 
 0.06506 -0.21316 
-0.76336  0.20683 
 0.00000  0.00000 
-100.00000 -100.00000 
-0.12065  0.00070 
-100.00000 -100.00000 
-100.00000 -100.00000 
-0.56127  0.16582 
-100.00000 -100.00000 
-0.01710  0.00380 
-100.00000 -100.00000 
-0.18160 -0.18006 
-0.21826 -0.21099 
-100.00000 -100.00000 
-0.25905 -100.00000 
-100.00000 -100.00000 
-0.22583 -0.49726 
-0.25910  0.13503 
 0.12453 -0.22389 
 0.26308 -100.00000 
 0.00225 -0.63462 
 0.44791  0.46073 
-100.00000 -100.00000 
 0.00000  0.00000 
-100.00000 -100.00000 
-0.80034  0.06297 
 0.00000  0.00000 
-100.00000 -100.00000 
-100.00000 -100.00000 
 0.13774  0.21416 
-100.00000 -100.00000 
 0.26991 -0.53385 
 0.01010 -0.20321 
-100.00000 -100.00000 
-100.00000 -100.00000 
 0.00000  0.00000 
-100.00000 -100.00000 
-100.00000 -100.00000 
-100.00000 -100.00000 
 0.00000  0.00000 
-100.00000 -100.00000 
-100.00000 -100.00000 
-100.00000 -100.00000 
-100.00000 -100.00000 
-0.32026 -0.27735 
-100.00000 -100.00000 
 0.06779  0.20346 
 0.00000  0.00000 
-100.00000 -100.00000 
-100.00000 -100.00000 
-100.00000 -100.00000 
-100.00000 -100.00000 
-100.00000 -100.00000 
-100.00000 -100.00000 
-100.00000 -100.00000 
 0.10848  0.11254 
-0.37573 -0.75948 
-100.00000 -0.02607 
-100.00000 -100.00000 
-100.00000 -100.00000 
-100.00000 -100.00000 
-100.00000 -100.00000 
-100.00000 -100.00000 
-100.00000 -100.00000 
-0.00000 -100.00000 
-100.00000 -100.00000 
-100.00000 -100.00000 
 0.30464 -0.22588 
 0.07467  0.53961 
 0.22839  0.01496 
 0.05972 -0.22837 
-100.00000 -100.00000 
-0.65573  0.32213 
-100.00000 -100.00000 
 0.00000  0.00000 
-0.26229 -100.00000 
-0.14245 -0.08236 
 0.00000  0.00000 
 0.19267  0.08535 
-0.00007 -100.00000 
-100.00000 -100.00000 
-0.25651  0.25603 
-100.00000 -100.00000 
-100.00000 -100.00000 
 0.29986 -0.28639 
 0.00000  0.00000 
-100.00000 -100.00000 
-0.61548  0.23119 
 0.92783  0.00687 
-100.00000 -100.00000 
-0.34363 -0.03956 
-100.00000  0.00025 
-0.85387  0.48531 
 0.13153  0.10982 
 0.05958 -100.00000 
-0.14880 -100.00000 
-100.00000 -100.00000 
-0.15045 -100.00000 
-100.00000 -0.25122 
-0.02343 -0.20949 
-100.00000 -100.00000 
 0.71300  0.30984 
-0.01304 -0.13356 
-100.00000 -100.00000 
-100.00000  0.13762 
-100.00000 -100.00000 
-0.00331  0.08183 
-100.00000 -100.00000 
-0.02351  0.19603 
-100.00000 -100.00000 
-100.00000 -100.00000 
-100.00000 -100.00000 
 0.00003 -100.00000 
-0.28012  0.90282 
-100.00000 -100.00000 
-100.00000 -100.00000 
-100.00000 -100.00000 
 0.13750 -0.00001 
-100.00000 -100.00000 
-100.00000 -100.00000 
 0.00000  0.00000 
-100.00000 -100.00000 
-0.45371 -0.04170 
-100.00000 -100.00000 
 0.00023 -100.00000 
-0.14955 -100.00000 
-100.00000 -100.00000 
 0.65925 -0.08403 
 0.22094 -0.11708 
-0.14154 -0.31461 
 0.11253 -0.43020 
-100.00000 -100.00000 
-100.00000 -100.00000 
-100.00000 -100.00000 
-100.00000 -100.00000 
-100.00000 -100.00000 
-0.33757  0.01799 
-100.00000 -100.00000 
-100.00000 -100.00000 
 0.26309 -0.19063 
-100.00000 -100.00000 
-100.00000 -100.00000 
 0.17387 -0.10472 
-100.00000 -100.00000 
 0.05901 -0.52383 
-100.00000 -100.00000 
-100.00000 -100.00000 
-100.00000 -0.82901 
-0.77196 -100.00000 
-0.00001 -100.00000 
-100.00000 -100.00000 
 0.33820 -0.37115 
-100.00000 -100.00000 
 0.05976  0.00990 
-1.29059  0.22943 
-0.34333 -0.28386 
-0.63140 -100.00000 
-100.00000 -100.00000 
-0.00002 -100.00000 
-100.00000 -100.00000 
 0.17421 -0.23003 
-100.00000  0.35187 
 0.00000  0.00000 
-100.00000 -100.00000 
-0.09451  0.32692 
-100.00000 -100.00000 
-100.00000 -100.00000 
-0.00072  0.37856 
-0.00029 -100.00000 
-3.68901 -100.00000 
-100.00000 -100.00000 
-100.00000 -100.00000 
-0.20161 -100.00000 
-100.00000 -100.00000 
-100.00000 -100.00000 
-0.00098 -100.00000 
-0.43201  0.23427 
-100.00000 -100.00000 
-0.14856  0.26877 
 0.32970 -0.15963 
 0.01675  0.07559 
 0.21364 -0.27726 
-0.12080  0.15165 
-0.77635 -0.46779 
-100.00000 -100.00000 
 0.11491 -0.14811 
-100.00000 -100.00000 
-0.00027 -100.00000 
-0.00012 -100.00000 
 0.05381  0.05254 
-0.60693 -100.00000 
-100.00000 -100.00000 
-100.00000 -100.00000 
 0.30592  0.53772 
 0.27887 -0.29583 
-0.75063 -0.20645 
-100.00000  0.10263 
-100.00000 -100.00000 
 0.26000 -100.00000 
-0.33560 -0.00020 
-0.00070 -100.00000 
-0.29406 -100.00000 
 0.00000  0.00000 
 0.01687  0.24504 
-0.12264 -0.07492 
 0.15352 -0.05432 
-0.89488  0.26320 
-0.18605 -0.55208 
 0.00012 -100.00000 
 0.08977 -0.16454 
-0.10167  0.08977 
-100.00000 -100.00000 
 0.03436 -100.00000 
-0.12778 -100.00000 
-100.00000 -100.00000 
 0.00000  0.00000 
-100.00000  0.00001 
-100.00000 -100.00000 
 0.00000  0.00000 
-100.00000 -100.00000 
-100.00000 -100.00000 
-0.63193  0.01215 
 0.26454  0.34582 
-100.00000 -0.30156 
 0.09975 -0.41383 
-100.00000 -100.00000 
 0.03065  0.06647 
 0.49440 -0.15918 
-0.10263  0.56720 
 0.17069 -100.00000 
-0.57049 -0.38802 
-100.00000 -100.00000 
-100.00000 -100.00000 
-100.00000 -100.00000 
-100.00000 -100.00000 
 0.00000  0.00000 
 0.15349 -0.63047 
-0.23185 -0.48249 
-100.00000 -100.00000 
-0.10628 -0.46564 
-0.43158 -0.41539 
-0.25079 -0.16534 
-0.08555  0.23374 
-100.00000 -100.00000 
 0.14255 -100.00000 
-100.00000 -100.00000 
-100.00000 -100.00000 
-0.44800 -100.00000 
-0.14331  0.12516 
 0.00000  0.00000 
-100.00000 -100.00000 
 0.00000  0.00000 
