-0.09431 -100.00000 
 0.52071  0.12955 
-0.38820  0.11028 
 0.48471  0.42628 
 0.00018  0.00000 
 0.00807 -100.00000 
-100.00000  0.13742 
-0.18872 -0.40294 
-100.00000 -100.00000 
 0.00015 -0.14133 
 0.00826 -0.33520 
-100.00000  0.26324 
-0.00007 -100.00000 
 0.02104 -100.00000 
 0.32067 -100.00000 
-100.00000 -0.42952 
-100.00000 -100.00000 
-100.00000 -100.00000 
-0.50077 -0.25231 
 0.00001  0.23758 
 0.03743 -0.55508 
 0.13745 -100.00000 
-100.00000 -100.00000 
-100.00000  0.10885 
 0.42319  0.43682 
-100.00000 -100.00000 
-100.00000 -100.00000 
-100.00000 -100.00000 
-100.00000 -100.00000 
-100.00000 -100.00000 
-100.00000 -100.00000 
 0.13325 -0.14147 
-100.00000 -100.00000 
-100.00000 -100.00000 
-100.00000  0.00005 
-100.00000 -0.13233 
-0.62279 -0.06098 
-0.12927 -100.00000 
-1.07496  1.48693 
-100.00000 -100.00000 
-100.00000 -100.00000 
 0.00742 -100.00000 
-100.00000 -100.00000 
-100.00000 -0.00470 
 0.40361 -0.12834 
-100.00000 -100.00000 
-0.51351 -0.00010 
-100.00000 -100.00000 
-100.00000 -0.00003 
 0.00007 -100.00000 
-100.00000  0.00022 
-100.00000 -0.02116 
-0.03799 -0.82706 
 0.09754  0.09167 
-100.00000 -100.00000 
-0.38619  0.13842 
-0.40946  0.36963 
-100.00000 -100.00000 
 0.43144  0.39790 
-0.20463  0.62989 
-100.00000 -0.14196 
 0.53697  0.11714 
 0.05094  0.30965 
-0.05787 -0.74259 
 0.24774 -0.69464 
-100.00000 -100.00000 
-100.00000 -100.00000 
 0.30558 -0.31500 
-100.00000 -100.00000 
 0.62676 -0.33245 
 0.21775  0.12287 
 0.61952 -0.40282 
-100.00000 -0.00025 
-100.00000 -100.00000 
-100.00000 -100.00000 
 0.22116 -0.23245 
 0.38055 -0.10805 
-0.00007  0.13736 
-100.00000 -100.00000 
 0.04767 -0.23343 
-100.00000 -100.00000 
-100.00000 -100.00000 
-100.00000 -100.00000 
 0.01397  0.19472 
-100.00000  0.00003 
-100.00000 -100.00000 
-0.00015 -100.00000 
 0.35623 -0.21972 
 0.45585  0.21527 
-0.09882  0.10455 
 0.00000  0.00000 
-0.00010 -0.34605 
-0.07200  0.51950 
-100.00000 -100.00000 
-100.00000 -100.00000 
-100.00000 -100.00000 
-100.00000 -100.00000 
-100.00000 -0.00002 
-0.61237  0.38693 
-100.00000 -100.00000 
-0.17726  0.00077 
-100.00000 -100.00000 
-100.00000 -100.00000 
-0.43759 -0.20155 
 0.26959 -0.18276 
-100.00000 -100.00000 
 0.23976  0.28367 
-100.00000 -100.00000 
-100.00000 -0.00004 
 0.29795 -0.07044 
-100.00000  0.00001 
-0.42087 -0.37500 
-0.30665 -0.53980 
-100.00000 -100.00000 
-100.00000 -100.00000 
-100.00000 -100.00000 
-100.00000 -100.00000 
-100.00000 -100.00000 
 0.00000  0.00000 
-100.00000 -100.00000 
-0.38419 -0.12943 
-100.00000 -100.00000 
 0.63283 -0.43252 
-100.00000 -0.00029 
-100.00000 -100.00000 
 0.36729  0.00439 
-1.00443 -0.58052 
-100.00000 -100.00000 
-100.00000 -100.00000 
 0.00000  0.00000 
-100.00000 -100.00000 
-100.00000 -100.00000 
-100.00000 -100.00000 
-100.00000 -100.00000 
-100.00000 -100.00000 
-0.38254  0.38852 
-100.00000 -100.00000 
-0.32070  0.09909 
-0.00073 -0.13696 
-0.11398 -0.26769 
-0.00024  0.00014 
-100.00000 -100.00000 
-0.12989 -0.10474 
-100.00000 -100.00000 
-100.00000 -100.00000 
-0.19983 -0.68480 
-0.15560  0.10695 
-100.00000 -0.00051 
-100.00000 -0.00041 
-100.00000 -0.00103 
-100.00000 -100.00000 
-0.13463 -0.22335 
 0.83817 -0.52608 
-0.19309 -0.62324 
 0.00000  0.00000 
 0.25188 -0.26634 
-0.47279 -0.32786 
-0.11492 -0.18990 
 0.08366 -0.37013 
-100.00000 -100.00000 
-100.00000 -100.00000 
 0.00000  0.00000 
-100.00000 -100.00000 
-100.00000 -100.00000 
-0.16103 -0.13611 
-0.19919 -0.50735 
-0.00015 -0.26156 
-0.02392  0.32398 
-0.40320 -0.34865 
-0.83185 -0.11819 
-1.00968  0.23807 
-100.00000 -100.00000 
-0.06020 -100.00000 
-100.00000 -100.00000 
-0.45517 -0.69501 
-0.04380 -0.03069 
 0.10179 -0.00035 
-100.00000 -100.00000 
-100.00000 -0.31697 
 0.36559 -0.82959 
-100.00000 -100.00000 
 0.33043  0.04460 
-100.00000 -100.00000 
-0.53201  0.00545 
-0.56256 -0.11450 
 0.08977  0.93791 
-0.38308  0.06469 
-100.00000 -0.00033 
-100.00000 -100.00000 
-0.59586 -0.44256 
-100.00000 -100.00000 
-0.13943 -100.00000 
-0.03945 -0.15745 
-100.00000 -100.00000 
-100.00000 -100.00000 
 0.33727  0.05151 
 0.49197  0.16768 
 0.00005 -100.00000 
-100.00000 -100.00000 
-0.53047 -0.64383 
-0.62184 -0.22249 
-100.00000 -100.00000 
-0.27675  0.00002 
-0.21484 -0.33395 
 0.17777  0.53238 
-0.14014 -100.00000 
 0.00005  0.13732 
-100.00000 -100.00000 
-0.13107  0.20622 
-0.22426  0.99081 
-0.21792 -0.40057 
-0.90422  0.13725 
-100.00000 -0.00050 
-100.00000 -0.26949 
-100.00000 -100.00000 
-0.21481 -0.57200 
-100.00000 -100.00000 
-100.00000 -0.01420 
-100.00000 -100.00000 
-0.40046 -0.92115 
-0.66265 -0.25383 
-100.00000 -0.14117 
-0.14103  0.31522 
 0.00000  0.00000 
 0.00000  0.00000 
-100.00000 -100.00000 
 0.56333  0.43074 
-0.11080  0.91520 
-0.03277 -0.51241 
-0.37280 -0.22100 
-100.00000 -0.96121 
-0.00572 -0.21724 
 0.00000  0.00000 
 0.05254 -1.30568 
-0.23009 -0.20888 
-0.60296 -0.44809 
 0.00000  0.00000 
-100.00000 -100.00000 
 0.68096  0.23440 
-0.33491 -0.45714 
 0.05634 -0.14103 
 0.00000  0.00000 
-100.00000  0.13761 
-100.00000 -0.00066 
-100.00000 -100.00000 
-100.00000 -100.00000 
-0.24985 -0.19347 
-100.00000 -0.14474 
 0.23145 -100.00000 
 0.10033 -100.00000 
-0.36593  0.39675 
-0.26811  0.26298 
 0.18500  0.00603 
-100.00000 -100.00000 
-0.02065  0.34278 
-100.00000  0.48555 
-0.27840 -100.00000 
-100.00000 -100.00000 
 0.00003 -100.00000 
-100.00000 -100.00000 
-100.00000 -100.00000 
-100.00000  0.00000 
-100.00000 -100.00000 
-100.00000 -0.00350 
-100.00000 -100.00000 
-100.00000 -100.00000 
-100.00000 -100.00000 
-0.17080 -0.02002 
 0.13752 -100.00000 
-100.00000 -100.00000 
-100.00000 -100.00000 
-0.14548  0.31532 
 0.10135  0.34440 
-0.16334 -0.44147 
 0.00000  0.00000 
-0.23102 -0.19506 
 0.17765 -0.53350 
-0.03490 -0.24119 
-100.00000 -0.38890 
-100.00000  0.34437 
 0.13750 -100.00000 
-100.00000 -100.00000 
-0.25751  0.01012 
-100.00000 -100.00000 
-0.27615 -0.36940 
 0.57018 -0.60094 
-0.25277  0.67795 
 0.21418  0.49593 
-0.40883  0.29106 
-100.00000 -100.00000 
-0.22431 -0.37552 
-100.00000 -100.00000 
-0.57112 -100.00000 
 0.00690  0.02286 
-0.20026 -0.21349 
 0.61223  0.30174 
-0.50029  0.12807 
-0.14212 -100.00000 
 0.25319  0.28701 
-0.20012 -0.18394 
-100.00000 -100.00000 
-100.00000 -100.00000 
-100.00000  0.11417 
-0.57941 -0.18150 
-0.56460  0.35009 
-0.85358 -0.42734 
-100.00000 -100.00000 
-100.00000 -1.94384 
 0.46997  0.00002 
-100.00000 -100.00000 
 0.00022 -100.00000 
 0.18884  0.08586 
 0.34346 -0.19768 
-0.02516  0.24134 
-0.27148  0.26307 
-0.39000 -100.00000 
-0.02578  0.09492 
-0.51147 -0.81857 
 0.53608  0.00845 
-100.00000  0.13752 
 0.19544  0.02685 
-100.00000 -100.00000 
-100.00000 -100.00000 
 0.00000  0.00000 
-0.22403  0.00494 
-0.04115  0.41487 
 0.28924 -0.51779 
-100.00000 -100.00000 
 0.00000  0.00000 
 0.26315  0.34981 
-100.00000 -100.00000 
 0.13757 -100.00000 
-0.62904  0.77846 
-100.00000  0.00010 
 0.00000  0.00000 
-100.00000 -100.00000 
 1.93859 -0.00601 
-100.00000 -0.00890 
-0.00000 -0.20745 
 0.12799 -0.38598 
-0.06550 -0.01581 
-100.00000 -100.00000 
 0.00000  0.00000 
-0.25388  0.20922 
-100.00000 -100.00000 
-100.00000 -100.00000 
 0.23191  0.57879 
-100.00000 -100.00000 
-100.00000 -100.00000 
-100.00000 -100.00000 
-100.00000 -100.00000 
-100.00000 -100.00000 
-100.00000 -100.00000 
-100.00000 -100.00000 
 0.03738 -0.32083 
-0.13953 -0.01634 
 0.31414  0.35132 
-100.00000 -0.00030 
 0.04127 -0.01804 
-100.00000  0.12109 
-0.23641  0.09954 
-100.00000 -100.00000 
 0.06014  0.29876 
 0.28441  0.00673 
-100.00000 -100.00000 
-100.00000 -100.00000 
-100.00000 -100.00000 
-0.08214  0.17107 
-0.31782 -0.08144 
 0.03521  0.38775 
-100.00000 -100.00000 
-100.00000 -100.00000 
-0.16416  0.02437 
-0.25666  0.21708 
 0.13746 -0.12049 
-100.00000 -100.00000 
-100.00000 -100.00000 
-100.00000 -100.00000 
-100.00000 -100.00000 
-100.00000 -100.00000 
 0.98572 -0.01756 
 0.37207  0.26739 
-0.25607  0.02540 
 0.12401 -100.00000 
-0.08285 -0.06556 
-0.27632 -0.15452 
-100.00000 -100.00000 
-100.00000 -100.00000 
 0.15277 -0.39265 
 0.00702  0.13868 
-100.00000 -100.00000 
 0.94264 -0.39275 
-100.00000 -0.41157 
-0.20494 -0.04140 
-100.00000 -100.00000 
 0.12420 -100.00000 
-100.00000 -100.00000 
-100.00000 -100.00000 
-100.00000 -100.00000 
-0.00009 -100.00000 
 0.51949  0.09781 
 0.13742 -100.00000 
-0.00020 -0.15014 
-1.05531  0.05356 
-0.12515 -0.77713 
-100.00000 -0.00025 
-0.43788  0.38058 
-0.07127  0.13030 
-0.13908  0.35292 
 0.73353  0.06310 
-0.31355 -0.29450 
 0.38548  0.35107 
-100.00000 -100.00000 
-100.00000 -100.00000 
-0.62021  0.04205 
-100.00000 -100.00000 
-100.00000 -100.00000 
 0.19651  0.51026 
 0.00000  0.00000 
-100.00000 -100.00000 
-100.00000 -100.00000 
-100.00000 -100.00000 
-100.00000 -100.00000 
-100.00000 -100.00000 
 0.21031 -0.75354 
 0.13922  0.16603 
-100.00000 -100.00000 
-100.00000 -100.00000 
-100.00000 -100.00000 
-0.05320  0.10270 
-100.00000 -100.00000 
-100.00000 -1.65260 
-100.00000 -100.00000 
-100.00000 -100.00000 
 0.52950 -0.08216 
-100.00000  0.13750 
-100.00000  0.00013 
-100.00000 -100.00000 
-100.00000 -100.00000 
-100.00000 -100.00000 
-100.00000  0.00002 
-100.00000 -100.00000 
-100.00000 -100.00000 
-100.00000 -100.00000 
 0.62603 -100.00000 
-100.00000 -100.00000 
-100.00000 -100.00000 
-100.00000 -100.00000 
 0.00000  0.00000 
-100.00000 -100.00000 
-100.00000 -100.00000 
-100.00000 -100.00000 
-100.00000 -100.00000 
 0.70290  0.61616 
-100.00000 -100.00000 
-0.07906  0.34300 
-100.00000 -100.00000 
-100.00000 -100.00000 
 0.02613 -0.23001 
 0.37847 -0.25275 
-100.00000 -0.27313 
-100.00000 -100.00000 
-100.00000 -100.00000 
 0.05245 -0.01021 
-100.00000 -100.00000 
 0.99151 -0.00202 
-0.34774 -0.06540 
-0.53270 -0.28980 
-100.00000 -100.00000 
 0.27821 -0.09422 
-100.00000  0.13722 
-100.00000 -100.00000 
-100.00000 -100.00000 
-0.27163  0.37700 
-100.00000  0.00021 
 0.10446 -0.25115 
-0.28206 -0.18907 
-100.00000 -100.00000 
 0.12535 -0.06892 
 0.07134  0.55761 
-100.00000 -100.00000 
-0.36619 -0.00029 
-100.00000 -100.00000 
 0.00005  0.01695 
-0.20732 -0.65288 
-0.31817  0.44412 
 0.26221  0.33407 
-100.00000 -100.00000 
-100.00000 -100.00000 
-0.25658  0.39255 
-0.39346  0.15615 
 0.44121 -100.00000 
-100.00000 -0.33511 
-0.19831  0.16063 
-100.00000 -100.00000 
 0.00000  0.00000 
-0.44117 -0.04675 
-0.19087 -0.20651 
-0.58886 -0.26107 
-100.00000 -100.00000 
 0.31092 -100.00000 
-100.00000 -100.00000 
-0.24095 -0.25070 
-0.54772  0.60083 
-100.00000 -100.00000 
-0.10431  0.16389 
-0.15159  0.25242 
-100.00000 -100.00000 
-100.00000 -100.00000 
-0.24277  0.23571 
-0.21676 -100.00000 
 0.19133  0.16440 
 0.00000  0.00000 
-1.21012 -0.33580 
 0.06038 -0.21911 
-100.00000 -0.23227 
-0.18455 -0.34326 
-0.35381  0.16058 
-0.00010  0.26313 
-0.03814  0.01524 
-100.00000 -0.00016 
 0.00024 -100.00000 
-0.11908  0.25769 
 0.26270  0.23425 
 0.26188 -0.26292 
-100.00000 -100.00000 
-100.00000 -100.00000 
 0.07057 -0.01020 
-100.00000 -100.00000 
 0.11429 -100.00000 
-100.00000 -100.00000 
-100.00000 -0.00017 
 0.00010 -100.00000 
-100.00000 -100.00000 
-100.00000 -100.00000 
-100.00000 -100.00000 
-100.00000 -100.00000 
-0.46997 -0.07234 
 0.00004 -100.00000 
 0.26296 -0.12093 
-100.00000 -100.00000 
-0.24090  0.46425 
-100.00000 -100.00000 
-100.00000 -100.00000 
-100.00000 -100.00000 
-0.53286 -0.22615 
-0.58968  0.53356 
-100.00000 -100.00000 
-100.00000 -100.00000 
 0.34438 -0.29397 
-100.00000 -0.00004 
-0.31556  0.12711 
-100.00000 -0.09390 
-0.24115 -0.54970 
-100.00000 -100.00000 
-0.00002 -100.00000 
 0.13967 -0.57456 
-100.00000 -100.00000 
-100.00000 -100.00000 
 0.11385 -0.04841 
-0.70187 -0.50039 
 0.00000  0.00000 
-100.00000 -100.00000 
-0.01464 -0.16845 
-100.00000 -100.00000 
