 0.54892 -0.11235 
 0.00000  0.00000 
-100.00000  0.23729 
 0.00000  0.00000 
 0.00018 -100.00000 
-100.00000 -100.00000 
-100.00000 -0.38765 
-100.00000 -100.00000 
 0.13732 -100.00000 
-100.00000 -0.14133 
-100.00000 -100.00000 
-100.00000 -100.00000 
-100.00000 -100.00000 
-100.00000 -100.00000 
 0.00829  0.13756 
-100.00000 -100.00000 
-100.00000 -100.00000 
-100.00000 -100.00000 
-0.56885  0.33420 
-100.00000  0.37856 
-100.00000 -100.00000 
-100.00000 -100.00000 
-100.00000 -100.00000 
-100.00000 -100.00000 
-100.00000 -100.00000 
-100.00000 -100.00000 
-0.05243  0.23681 
-0.35100  0.09718 
-100.00000 -100.00000 
-100.00000 -100.00000 
-100.00000 -100.00000 
-100.00000 -100.00000 
-100.00000 -100.00000 
-100.00000 -100.00000 
 0.02099  0.13756 
 0.01494 -0.00375 
-100.00000 -100.00000 
-0.18833  0.33784 
 0.00000  0.00000 
-0.25773 -0.02165 
-100.00000 -100.00000 
-0.08346 -100.00000 
-100.00000 -100.00000 
-0.11309 -0.39043 
-100.00000 -100.00000 
-100.00000 -100.00000 
-0.00017  0.23547 
-0.69910 -0.26086 
-100.00000 -100.00000 
-100.00000 -100.00000 
-0.05719  0.29364 
-100.00000  0.13730 
-100.00000  0.08693 
 0.00005 -100.00000 
 0.00565  0.22554 
-100.00000 -0.00009 
 0.00000  0.00000 
-100.00000 -100.00000 
-100.00000 -100.00000 
 0.00000  0.00000 
-100.00000 -100.00000 
 0.00000  0.00000 
-100.00000 -100.00000 
-0.22454 -0.67607 
-0.32642  0.37136 
-100.00000 -100.00000 
-100.00000 -100.00000 
-0.32245  0.18076 
-100.00000 -100.00000 
-100.00000 -0.00013 
 0.00000  0.00000 
-100.00000 -100.00000 
 0.74185 -0.96142 
-100.00000 -100.00000 
-0.00035 -100.00000 
-100.00000 -100.00000 
-100.00000 -100.00000 
-100.00000 -100.00000 
-100.00000 -100.00000 
-100.00000 -100.00000 
-0.05948  0.30702 
-100.00000 -100.00000 
 0.11079 -0.37554 
-100.00000 -100.00000 
-100.00000 -100.00000 
 0.13780 -100.00000 
-100.00000 -100.00000 
-100.00000 -100.00000 
-0.29206  0.62433 
-0.24841 -0.54532 
-0.16569 -0.20233 
-0.00010 -100.00000 
-100.00000 -100.00000 
-100.00000 -100.00000 
-100.00000 -100.00000 
-100.00000 -100.00000 
-100.00000 -100.00000 
-0.03304  0.23248 
-100.00000  0.42354 
-100.00000 -0.26121 
 0.29952  0.09040 
-100.00000 -100.00000 
 0.21155  0.12836 
 0.06189 -0.42050 
-100.00000 -100.00000 
-100.00000  0.13744 
-100.00000 -100.00000 
-100.00000 -100.00000 
-100.00000 -100.00000 
-100.00000 -100.00000 
 0.17943 -100.00000 
-100.00000 -100.00000 
-100.00000 -0.57773 
-100.00000 -100.00000 
-100.00000 -100.00000 
 0.17677  0.68277 
 0.20401 -0.28882 
-100.00000 -100.00000 
 0.18658 -0.31644 
-0.59539 -0.31434 
-0.30613  0.12687 
-100.00000 -100.00000 
-100.00000  0.00039 
-100.00000 -100.00000 
-100.00000 -100.00000 
 0.54169 -0.34418 
-100.00000  0.13736 
-100.00000 -100.00000 
-0.14592  0.28088 
-0.17166  0.32078 
-100.00000 -100.00000 
-0.27276  0.00881 
 0.17901 -100.00000 
-100.00000 -100.00000 
-0.18084 -100.00000 
 0.00000  0.00000 
-0.34802 -0.24144 
-100.00000  0.47970 
-0.30759 -100.00000 
-100.00000 -100.00000 
-100.00000  0.00014 
-0.07398  0.18481 
-100.00000 -100.00000 
 0.07286  0.26319 
-100.00000  0.26228 
 0.07107 -0.21190 
-100.00000 -100.00000 
-100.00000  0.26252 
 0.31726 -0.00604 
-100.00000  0.53382 
-100.00000 -100.00000 
-100.00000 -100.00000 
 0.95304 -0.61775 
-100.00000 -0.58811 
 0.37648  0.09594 
-100.00000  0.00533 
 0.00000  0.00000 
-100.00000 -0.00030 
-100.00000 -100.00000 
-100.00000 -100.00000 
-100.00000 -100.00000 
-0.68860 -0.15549 
-0.02221  0.11724 
-100.00000 -100.00000 
-100.00000 -100.00000 
-100.00000 -100.00000 
-100.00000 -100.00000 
-0.19778 -0.16452 
 0.00000  0.00000 
 0.00000  0.00000 
 0.40837 -100.00000 
-100.00000 -0.00020 
-0.00101 -100.00000 
-100.00000 -100.00000 
-0.40940 -0.13359 
 0.00000  0.00000 
-100.00000 -100.00000 
 0.13738 -100.00000 
 0.33262 -0.03247 
-0.16850  0.48504 
-100.00000 -100.00000 
-0.57701 -0.37502 
-0.49056  0.12679 
-0.41612  0.44469 
 0.00000  0.00000 
-100.00000 -100.00000 
 0.00000  0.00000 
 0.15911 -0.64479 
-100.00000 -100.00000 
-100.00000 -100.00000 
-100.00000 -100.00000 
-100.00000 -100.00000 
-100.00000 -100.00000 
-100.00000 -100.00000 
-100.00000 -100.00000 
-100.00000 -100.00000 
-0.00032 -100.00000 
-100.00000 -100.00000 
-100.00000 -100.00000 
-100.00000 -100.00000 
-0.14505 -0.00333 
-100.00000 -100.00000 
 0.87608 -0.01850 
-0.01932  0.40900 
-0.53688 -0.42838 
-100.00000 -100.00000 
-100.00000 -100.00000 
-100.00000 -100.00000 
-100.00000 -1.14669 
 0.38680 -0.51268 
-0.02873 -100.00000 
 0.49332 -0.07002 
-0.39759 -0.55328 
-100.00000 -0.26949 
-100.00000 -100.00000 
-100.00000 -0.38794 
-100.00000 -100.00000 
-100.00000 -100.00000 
-0.13986 -0.85871 
 0.12855 -0.51981 
 0.11467 -0.22350 
-100.00000 -100.00000 
-0.26185 -0.46034 
 0.25243  0.83625 
-0.15356 -0.32255 
-100.00000 -100.00000 
 0.37814 -0.45620 
-100.00000 -100.00000 
-0.40710  0.24528 
 0.08669  0.10811 
-100.00000 -0.14099 
-0.46527 -0.12678 
 0.35392 -0.07546 
 0.19622 -0.76145 
 0.00000  0.00000 
 0.73780 -0.00056 
-0.14765 -0.69746 
-100.00000 -100.00000 
-0.14698 -0.28097 
-100.00000 -100.00000 
-100.00000 -100.00000 
 0.26102  0.25948 
-0.00005 -100.00000 
-0.27945 -0.22623 
-100.00000 -100.00000 
-100.00000 -100.00000 
-100.00000 -100.00000 
-0.27862 -100.00000 
-100.00000 -100.00000 
-100.00000 -100.00000 
-0.21031  0.21304 
-0.32799 -100.00000 
-100.00000 -100.00000 
-0.00068 -0.00029 
 0.21456  0.48486 
-100.00000 -0.00339 
-0.26177 -0.25148 
-100.00000 -100.00000 
-0.24074 -0.57895 
-100.00000 -100.00000 
-100.00000 -100.00000 
-100.00000 -100.00000 
-100.00000  0.12216 
-100.00000 -100.00000 
-0.00052 -0.14165 
-100.00000 -100.00000 
-100.00000 -100.00000 
-100.00000  0.13722 
-100.00000 -100.00000 
-100.00000 -100.00000 
-100.00000 -100.00000 
-0.13994 -0.35887 
-100.00000 -100.00000 
-0.26615 -0.07665 
 0.28601 -0.33248 
-100.00000  0.12156 
-0.23892  0.39361 
-0.20470 -0.36329 
-0.14615 -100.00000 
-100.00000 -100.00000 
-100.00000 -100.00000 
-100.00000 -100.00000 
 0.04031  0.26276 
-100.00000 -100.00000 
-0.02618  0.36918 
 0.45096 -0.57578 
-100.00000 -0.32705 
-0.01131 -0.28777 
-100.00000 -0.12022 
-0.43980  0.59345 
-100.00000 -100.00000 
 0.07704  0.10872 
 0.23633 -0.28830 
 0.00000  0.00000 
-100.00000 -100.00000 
 0.40717 -0.12041 
-100.00000 -0.25833 
-100.00000 -100.00000 
-0.32740  0.10760 
-100.00000 -100.00000 
-100.00000 -100.00000 
 0.19556 -0.09820 
 0.21429  0.31763 
-100.00000 -100.00000 
 0.44240 -0.25078 
 0.56347  0.13744 
-100.00000 -100.00000 
-100.00000 -100.00000 
-0.00816  0.00273 
-100.00000 -0.31152 
 0.12134 -0.12018 
-100.00000 -100.00000 
-0.00002  0.28160 
-100.00000 -0.37207 
 0.09532 -0.23389 
 0.23642  0.00687 
-100.00000 -100.00000 
-0.43101 -0.44147 
-100.00000 -100.00000 
-100.00000 -100.00000 
 0.00000  0.00000 
-100.00000 -100.00000 
-100.00000 -100.00000 
 0.42967 -0.42298 
-100.00000 -100.00000 
 0.36718 -100.00000 
 0.00000  0.00000 
-100.00000 -100.00000 
-0.40108  0.13775 
 0.10597 -100.00000 
-100.00000 -100.00000 
-0.00666  0.26302 
-100.00000 -100.00000 
-100.00000  0.00010 
 0.18591 -0.33454 
-100.00000 -0.12381 
-0.66018 -0.05640 
-100.00000 -100.00000 
-0.15040  0.43906 
 0.35969  0.43786 
-100.00000  0.00003 
-100.00000 -100.00000 
-0.33734  0.17419 
-100.00000 -100.00000 
-100.00000 -100.00000 
-100.00000 -100.00000 
-100.00000 -0.00004 
-100.00000 -100.00000 
-100.00000 -100.00000 
-100.00000 -100.00000 
-100.00000 -100.00000 
-100.00000 -100.00000 
-100.00000 -100.00000 
-0.24328  0.68912 
-100.00000 -100.00000 
-100.00000 -100.00000 
-100.00000 -100.00000 
-100.00000 -100.00000 
-100.00000 -100.00000 
-0.12693  0.00337 
 0.05354  0.05971 
-100.00000 -100.00000 
-100.00000 -100.00000 
-100.00000 -100.00000 
-100.00000 -100.00000 
-100.00000 -100.00000 
-100.00000 -100.00000 
-100.00000 -100.00000 
-100.00000 -100.00000 
-0.01092  0.37167 
-0.36175 -0.47664 
 0.11618  0.20877 
-0.22287  0.30664 
-100.00000 -100.00000 
-100.00000 -100.00000 
-100.00000 -100.00000 
-100.00000 -100.00000 
-100.00000 -100.00000 
-100.00000 -100.00000 
-100.00000 -100.00000 
-0.05763  0.49863 
 0.00000  0.00000 
-100.00000  0.00023 
 0.00004 -0.03224 
 0.25713  0.19896 
-0.35002 -0.02516 
-100.00000 -100.00000 
-100.00000 -100.00000 
-0.09993 -0.31344 
 0.44604  1.52325 
-100.00000 -100.00000 
-0.11942 -0.01295 
 0.44566 -0.04081 
 0.00000  0.00000 
-100.00000 -100.00000 
-0.18706 -0.04590 
-100.00000 -100.00000 
-100.00000 -100.00000 
-100.00000 -100.00000 
-0.06967 -0.06847 
 0.00000  0.00000 
-0.35314 -0.14622 
-0.62334 -0.23089 
-0.35357 -0.14901 
-0.10550  0.09189 
-100.00000 -100.00000 
-0.07389 -1.06807 
-100.00000 -100.00000 
-100.00000 -100.00000 
-100.00000 -0.28827 
 0.00000  0.00000 
-0.57108 -0.46303 
-100.00000 -100.00000 
 0.52227 -0.14642 
 1.04532 -0.31384 
-100.00000 -0.00005 
-0.08278 -0.22598 
 0.00000  0.00000 
 0.22883  0.11415 
 0.31894 -100.00000 
-0.15191  0.08069 
-100.00000  0.19888 
-100.00000 -100.00000 
 0.00005 -100.00000 
 0.00000  0.00000 
 0.00000  0.00000 
-100.00000  0.09046 
-100.00000  0.11188 
-100.00000 -100.00000 
-100.00000 -100.00000 
-100.00000 -100.00000 
-100.00000 -0.00034 
-100.00000 -100.00000 
-100.00000 -100.00000 
-100.00000 -100.00000 
-0.70563  0.08062 
-100.00000 -100.00000 
-0.26777  0.03268 
-100.00000 -100.00000 
-0.12082 -0.27545 
-100.00000 -100.00000 
-100.00000 -100.00000 
-100.00000 -100.00000 
-100.00000 -100.00000 
-100.00000 -100.00000 
-0.25640 -0.55856 
 0.11274 -0.24446 
-0.10026  0.09669 
-0.24644 -0.48803 
-100.00000 -100.00000 
-100.00000 -100.00000 
-100.00000 -100.00000 
-100.00000 -100.00000 
-100.00000 -100.00000 
-100.00000 -100.00000 
-0.24555  0.00034 
-0.22765 -0.03224 
-100.00000 -100.00000 
 0.00000  0.00000 
 0.40871  0.38708 
-100.00000 -100.00000 
-100.00000 -100.00000 
-0.01084 -0.32523 
 0.00000  0.00000 
-100.00000 -100.00000 
 0.00000  0.00000 
-1.00923 -100.00000 
-0.37022 -0.49513 
-100.00000 -100.00000 
 0.00000  0.00000 
 0.10256  0.26275 
-100.00000  0.22818 
-100.00000 -100.00000 
 0.00000  0.00000 
 0.49834  0.28906 
-0.95003 -0.12229 
-100.00000 -100.00000 
 0.17190 -0.22873 
-100.00000 -0.09438 
-100.00000 -100.00000 
-100.00000 -100.00000 
 0.21236  0.28313 
-100.00000 -100.00000 
-100.00000 -100.00000 
-100.00000 -100.00000 
 0.00000  0.00000 
-100.00000 -100.00000 
-100.00000 -100.00000 
-100.00000 -0.55074 
 0.06671 -0.22363 
-100.00000 -100.00000 
-0.01141  0.13742 
 0.04327  0.82328 
-100.00000 -0.23202 
-100.00000 -100.00000 
 0.78411 -0.32516 
-0.98301 -0.42032 
-100.00000 -100.00000 
 0.11263 -100.00000 
-100.00000 -100.00000 
-0.00607 -0.65327 
-100.00000 -100.00000 
-100.00000  0.25790 
 0.00000  0.00000 
-100.00000 -100.00000 
 0.00008 -100.00000 
-0.32518  0.49856 
 0.23070 -0.26005 
-100.00000 -100.00000 
 0.00000  0.00000 
-100.00000 -100.00000 
-0.20402 -0.70707 
 0.23025 -0.43180 
 0.50820  0.34213 
 0.00000  0.00000 
-0.14336 -100.00000 
 0.10441  0.10940 
 0.30511  0.03115 
-100.00000 -100.00000 
 0.00000  0.00000 
-100.00000 -100.00000 
 0.67509  0.58166 
-100.00000 -0.90506 
-100.00000  0.12345 
-100.00000 -100.00000 
-100.00000 -0.06736 
-100.00000 -100.00000 
 0.03344 -0.04853 
 0.37871  0.03830 
-100.00000 -100.00000 
-0.14771 -100.00000 
-100.00000 -100.00000 
-100.00000 -100.00000 
-100.00000 -100.00000 
-100.00000 -100.00000 
-100.00000 -100.00000 
-100.00000 -100.00000 
 0.00011 -100.00000 
-100.00000 -100.00000 
-100.00000 -100.00000 
-100.00000 -100.00000 
-100.00000 -100.00000 
-100.00000 -100.00000 
-100.00000 -100.00000 
-100.00000 -100.00000 
-100.00000 -100.00000 
-100.00000 -100.00000 
-100.00000 -100.00000 
-100.00000 -100.00000 
-100.00000 -100.00000 
-100.00000 -100.00000 
-100.00000 -100.00000 
-100.00000  0.03163 
-100.00000 -100.00000 
-0.00006 -100.00000 
 0.01238 -0.33736 
-100.00000 -100.00000 
-100.00000 -100.00000 
-100.00000 -100.00000 
 0.34165  0.14674 
-100.00000 -100.00000 
-0.52634 -0.17395 
-0.14308 -0.09435 
-100.00000 -100.00000 
-100.00000 -100.00000 
