-100.00000 -100.00000 
 1.13142  0.21946 
 0.37844 -0.16986 
 0.00015 -100.00000 
 0.84817  0.21929 
-100.00000 -100.00000 
-0.24682 -0.00006 
-100.00000 -100.00000 
-100.00000 -100.00000 
 0.00015 -0.00016 
 0.13379  0.58474 
-100.00000 -100.00000 
 0.00819 -100.00000 
-0.15829  0.10375 
-100.00000 -100.00000 
-0.01204  0.13827 
-0.25772  0.29587 
 0.11194  0.26361 
-100.00000 -100.00000 
-100.00000 -100.00000 
-100.00000 -100.00000 
-100.00000 -100.00000 
 0.00000  0.00000 
-100.00000 -100.00000 
-100.00000 -100.00000 
-100.00000  0.18313 
-100.00000 -100.00000 
-100.00000 -100.00000 
 0.22710 -100.00000 
-100.00000 -100.00000 
 0.39683 -0.09209 
-100.00000 -100.00000 
 0.00000  0.00006 
 0.17097  0.32270 
-100.00000 -100.00000 
-100.00000 -100.00000 
-0.12992 -100.00000 
 0.54451  0.25083 
-100.00000 -100.00000 
 0.12754 -100.00000 
-0.46536  1.08031 
 0.13749 -0.02059 
-100.00000 -100.00000 
-100.00000 -100.00000 
-100.00000 -100.00000 
-100.00000 -100.00000 
-100.00000  0.67800 
-100.00000 -100.00000 
-100.00000 -100.00000 
-100.00000 -100.00000 
-0.29013 -0.04447 
 0.18552 -0.55151 
-0.22348 -0.08548 
-100.00000 -100.00000 
-100.00000 -100.00000 
 0.00000  0.00000 
-100.00000 -0.00004 
-100.00000 -100.00000 
-100.00000 -100.00000 
-100.00000 -100.00000 
-100.00000 -100.00000 
 0.02866 -0.00015 
 0.00000  0.00000 
-100.00000 -100.00000 
 0.00673 -0.88271 
-100.00000 -100.00000 
-100.00000 -100.00000 
-100.00000 -100.00000 
-100.00000 -100.00000 
 0.00000  0.00000 
 1.48056 -0.15878 
-0.08063 -100.00000 
-100.00000  0.04945 
-100.00000 -100.00000 
-100.00000 -100.00000 
 0.00000  0.00000 
 0.21107  0.51896 
-100.00000 -100.00000 
-100.00000 -100.00000 
 0.00000  0.00000 
-100.00000 -100.00000 
-100.00000 -100.00000 
 0.39362 -0.26014 
-100.00000 -100.00000 
 0.67782 -0.54754 
 0.59416 -0.17002 
-100.00000  0.00002 
 0.00006 -100.00000 
 0.10415  0.18047 
-0.22056 -100.00000 
 0.47302 -0.21143 
 0.12306 -100.00000 
-0.00003 -100.00000 
-0.93062 -0.77709 
-0.11038 -100.00000 
-100.00000 -100.00000 
-100.00000 -0.41342 
 0.46040  0.07384 
-0.11383  0.56701 
-0.00040 -0.04288 
 0.09793  0.06297 
-0.82238 -0.00022 
 0.25632  0.01446 
-0.16107 -100.00000 
 0.00000  0.00000 
-0.29551 -0.15000 
-0.02382  0.76553 
-100.00000 -100.00000 
-100.00000 -100.00000 
 0.00000  0.00000 
-0.36187 -0.40227 
-100.00000 -100.00000 
-0.78958 -0.61759 
-0.68668 -0.24855 
-0.16991 -0.00003 
 0.05539  0.34447 
 0.38848  0.51882 
-100.00000 -100.00000 
 0.38547  0.39977 
 0.17673  0.21554 
-0.00010 -100.00000 
-100.00000 -100.00000 
 0.80959 -0.22476 
 0.48554 -0.14912 
-0.16130 -100.00000 
-0.74161 -100.00000 
-0.16874  0.11143 
-0.30630 -100.00000 
-0.00045  0.41227 
-0.31396  0.18737 
-100.00000 -100.00000 
-0.02080  0.78819 
-100.00000 -100.00000 
-100.00000 -100.00000 
-100.00000 -100.00000 
-0.02818  0.48751 
 0.29283 -0.11264 
 0.30761 -0.40229 
 0.51577  0.13742 
-0.02367 -100.00000 
-0.00024 -0.48066 
-100.00000 -100.00000 
-100.00000 -100.00000 
 0.44817 -0.36713 
 0.01361 -0.28475 
-0.43115  0.22295 
 0.00000  0.00000 
-100.00000  0.37724 
-100.00000 -100.00000 
-100.00000 -0.69351 
-100.00000 -100.00000 
-100.00000 -100.00000 
-0.24317  0.23566 
-0.16259 -100.00000 
 0.22791 -0.27343 
 0.00000  0.00000 
 0.07641 -0.38033 
 0.19271 -0.10037 
-0.19132 -0.44825 
-100.00000 -100.00000 
-100.00000 -100.00000 
 0.23372  0.25198 
-100.00000 -100.00000 
-100.00000 -100.00000 
-100.00000 -0.15039 
 0.32437 -0.15115 
-100.00000 -100.00000 
-0.16142 -0.00016 
-0.73136 -0.04921 
-100.00000 -100.00000 
 0.00000  0.00000 
 0.28960 -0.57341 
-0.27832  0.26357 
-100.00000 -100.00000 
-0.61042 -0.58077 
-100.00000 -0.39175 
-100.00000 -100.00000 
-0.20678 -100.00000 
-100.00000 -0.54356 
-0.16103  0.00000 
-100.00000 -100.00000 
-100.00000 -0.00016 
-100.00000 -100.00000 
-0.30600  0.23733 
 0.04745 -0.15104 
 0.00000  0.00000 
-100.00000 -100.00000 
-0.10869  0.17515 
-100.00000 -100.00000 
-100.00000 -100.00000 
-100.00000 -100.00000 
-100.00000 -100.00000 
-100.00000 -100.00000 
 0.00000  0.00000 
-0.35096 -0.00342 
-100.00000 -100.00000 
-100.00000 -100.00000 
-100.00000 -100.00000 
-0.00795 -100.00000 
-0.34888 -0.01330 
 1.04827 -0.27936 
 0.03721  0.08083 
-0.06057  0.16945 
-100.00000 -100.00000 
-100.00000 -0.25548 
-0.26868 -0.47314 
-100.00000 -100.00000 
-100.00000 -100.00000 
-0.18459  0.31858 
-0.49226  0.17523 
 0.00000  0.00000 
 0.33744 -0.08050 
-0.10960  0.13771 
-100.00000 -100.00000 
-0.14541 -100.00000 
-100.00000 -100.00000 
-100.00000  0.00015 
-100.00000 -0.12910 
-0.13986 -0.24655 
-0.79080 -0.36302 
 0.40222  0.23889 
-100.00000 -100.00000 
-0.01987  0.21368 
-0.56221 -0.20822 
-0.13719  0.02195 
-100.00000 -100.00000 
-100.00000 -100.00000 
-100.00000 -100.00000 
-0.37498 -0.29782 
-100.00000 -100.00000 
-100.00000  0.13666 
-0.04785  0.21394 
 0.05713 -0.22861 
-100.00000 -100.00000 
-100.00000 -100.00000 
-0.00017 -100.00000 
 0.04213 -0.51794 
 0.64519 -0.31141 
-100.00000 -100.00000 
-100.00000 -100.00000 
 0.00000  0.00000 
 0.16827 -0.16646 
-100.00000 -100.00000 
-0.16646 -0.45057 
-100.00000 -100.00000 
-100.00000 -0.00022 
 0.37847 -100.00000 
-100.00000 -100.00000 
-100.00000 -100.00000 
-100.00000 -100.00000 
 0.16409  0.50059 
-100.00000 -100.00000 
 0.00000  0.00000 
-0.94058 -0.07543 
-100.00000 -100.00000 
-100.00000 -100.00000 
-0.90571  0.18562 
-100.00000 -100.00000 
 0.45206 -0.01807 
-0.37190  0.23883 
-100.00000 -100.00000 
 0.00000  0.00000 
-100.00000 -100.00000 
-100.00000 -100.00000 
-100.00000 -100.00000 
-0.13186 -100.00000 
-100.00000 -100.00000 
-0.47581 -0.30163 
-100.00000  0.00003 
 0.33296  0.69242 
-100.00000 -100.00000 
-0.30349 -0.13438 
-100.00000 -100.00000 
-0.07051  0.18051 
 0.12167 -0.73959 
 0.00000  0.00000 
-0.39783  0.29650 
-0.11045  0.70960 
-0.24899 -100.00000 
 0.00000  0.00000 
-100.00000 -100.00000 
-100.00000 -100.00000 
-100.00000 -100.00000 
-100.00000 -100.00000 
 0.20573 -0.21559 
-0.28601  0.58507 
-100.00000 -100.00000 
-100.00000 -0.44308 
 0.20591 -0.49243 
-0.25760  0.23469 
-100.00000  0.48558 
-100.00000 -100.00000 
-100.00000 -100.00000 
 0.53566 -100.00000 
-0.27105 -100.00000 
-100.00000 -100.00000 
-100.00000 -100.00000 
-100.00000 -0.00009 
 0.00006 -100.00000 
 0.00000  0.00000 
-0.49909 -0.17285 
-100.00000 -100.00000 
-0.00001 -0.17262 
-0.62238  0.27182 
 0.17718 -100.00000 
-100.00000 -100.00000 
-100.00000 -100.00000 
-100.00000 -100.00000 
-100.00000 -100.00000 
-100.00000 -100.00000 
-100.00000 -100.00000 
-0.01596 -0.02593 
-100.00000 -100.00000 
 0.13726 -100.00000 
-0.48637 -0.24832 
-100.00000 -100.00000 
 0.00000  0.00000 
 0.38899  0.17524 
-100.00000 -100.00000 
-100.00000 -100.00000 
-100.00000 -100.00000 
-100.00000 -100.00000 
 0.00002 -100.00000 
 0.05778 -0.12978 
-0.21588 -0.83855 
 0.34049 -0.02322 
 0.37878 -100.00000 
-100.00000 -100.00000 
-0.35456 -0.13660 
-100.00000 -100.00000 
-0.13520 -0.30887 
-100.00000 -100.00000 
 0.00000  0.00000 
-100.00000 -100.00000 
 0.14973  0.11354 
-100.00000 -100.00000 
-100.00000 -0.28839 
-100.00000 -100.00000 
 0.39148  0.10809 
-100.00000 -100.00000 
-100.00000 -100.00000 
-100.00000 -100.00000 
-0.70377  0.53339 
 0.00000  0.00000 
-100.00000 -100.00000 
-100.00000 -100.00000 
 0.00000  0.00000 
-100.00000  0.00020 
-100.00000 -100.00000 
-100.00000 -0.16315 
 0.00000  0.00000 
-100.00000 -100.00000 
-100.00000 -100.00000 
 0.59924 -0.12079 
 0.00000  0.00000 
 0.00000  0.00000 
-100.00000 -100.00000 
-100.00000 -100.00000 
 0.00000  0.00000 
-100.00000 -100.00000 
-100.00000 -100.00000 
 0.07206 -0.77058 
 0.00000  0.00000 
-0.27135  0.13753 
-100.00000 -100.00000 
 0.00000  0.00000 
-100.00000 -100.00000 
-100.00000 -100.00000 
-100.00000 -100.00000 
-100.00000 -100.00000 
-100.00000 -100.00000 
 0.51648  0.13431 
-100.00000  0.13732 
 0.00000  0.00000 
-100.00000 -0.00008 
 0.00000  0.00000 
-100.00000 -100.00000 
-100.00000 -100.00000 
-1.35482 -0.03106 
 0.11313  0.09177 
-100.00000 -100.00000 
-0.13887 -0.09470 
-0.11555  0.54532 
-100.00000 -100.00000 
-100.00000 -100.00000 
-0.00039 -0.09505 
-0.26681 -100.00000 
-100.00000 -100.00000 
-100.00000 -100.00000 
 0.00000  0.00000 
-100.00000 -100.00000 
-100.00000 -100.00000 
-100.00000 -100.00000 
-100.00000 -100.00000 
 0.23943 -0.11826 
-100.00000 -100.00000 
-100.00000 -100.00000 
-100.00000 -100.00000 
-100.00000 -100.00000 
-0.13081  0.07646 
-100.00000 -100.00000 
-100.00000 -100.00000 
-0.67099 -100.00000 
-0.53383 -0.02824 
 0.57707  0.25907 
-0.27081 -100.00000 
-100.00000 -100.00000 
-100.00000 -100.00000 
-0.22741 -0.18803 
 0.00000  0.00000 
-0.49412 -0.67000 
-0.00909  0.14068 
-100.00000 -100.00000 
-0.55800 -0.24822 
 0.33487 -0.25607 
-100.00000 -100.00000 
 0.43556  0.40857 
-100.00000 -100.00000 
 0.03063  0.19684 
-100.00000 -100.00000 
-0.24700 -0.32466 
-100.00000 -100.00000 
-100.00000 -100.00000 
-100.00000 -100.00000 
-100.00000 -100.00000 
-100.00000 -100.00000 
 0.12221  0.13801 
 0.43818  0.25140 
 0.45181 -0.47782 
 0.00000  0.00000 
-100.00000 -100.00000 
 0.00002 -100.00000 
 0.23444  0.02424 
-100.00000 -100.00000 
-100.00000 -100.00000 
-100.00000 -100.00000 
-100.00000 -100.00000 
-100.00000 -100.00000 
 0.12247 -100.00000 
 0.38218  0.02625 
-100.00000 -100.00000 
-100.00000 -100.00000 
-0.00863 -100.00000 
-100.00000 -100.00000 
-100.00000 -100.00000 
 1.28383  0.48354 
-100.00000 -100.00000 
 0.21030  0.55901 
 0.57261  0.14764 
-100.00000 -100.00000 
-100.00000 -100.00000 
 0.45781  0.37247 
-100.00000 -100.00000 
-100.00000 -100.00000 
 0.67278 -0.30739 
 0.12363  0.12323 
-100.00000 -100.00000 
-0.00157  0.26303 
-100.00000 -100.00000 
-100.00000 -100.00000 
-100.00000 -100.00000 
-100.00000 -100.00000 
 0.03528  0.29826 
-100.00000 -0.21085 
-100.00000 -100.00000 
-100.00000  0.25199 
-0.16757 -0.16067 
-100.00000 -100.00000 
-100.00000  0.13752 
-100.00000 -100.00000 
-0.24537 -0.25604 
-100.00000 -100.00000 
-0.10593 -0.11786 
-0.77299 -100.00000 
 0.05424 -0.29977 
-100.00000 -100.00000 
 0.00000  0.00000 
-100.00000 -100.00000 
 0.00000  0.00000 
-100.00000  0.21956 
-100.00000 -100.00000 
-0.15876  0.12982 
-100.00000 -100.00000 
-100.00000 -100.00000 
-100.00000 -100.00000 
-0.46904 -100.00000 
-100.00000  0.05200 
-0.13739  0.09978 
-100.00000 -100.00000 
-0.26271  0.06005 
-100.00000 -0.02211 
-100.00000 -100.00000 
 0.10688 -0.29289 
-0.47353  0.18693 
-100.00000  0.00001 
 0.58699  0.54855 
-0.78416 -0.68201 
 0.00000  0.00000 
-0.27509 -100.00000 
-100.00000 -100.00000 
-0.24698  0.34504 
-0.50379  0.13809 
 0.53461 -0.02166 
 0.26127  0.13716 
-100.00000 -100.00000 
 0.13758 -0.29547 
 0.69932  0.26167 
-0.36064  0.07125 
-0.39359 -100.00000 
 0.62128  0.51793 
-0.02147 -100.00000 
-0.33880 -0.30252 
 0.02879 -0.03382 
 1.07933 -0.38766 
-0.01873  0.06956 
-100.00000 -100.00000 
-0.16626  0.33511 
 0.00000  0.00000 
-100.00000 -0.52524 
 0.53211  0.13767 
-100.00000 -0.02164 
 0.76362 -0.46633 
-0.22957 -100.00000 
-100.00000 -0.15199 
 0.00000  0.00000 
-0.24284 -100.00000 
-100.00000 -100.00000 
-100.00000 -0.42931 
-100.00000 -100.00000 
-100.00000 -100.00000 
-100.00000 -0.15582 
-100.00000 -100.00000 
-100.00000 -100.00000 
-100.00000 -100.00000 
 0.11899 -100.00000 
-0.14027 -0.15415 
-100.00000 -100.00000 
 0.36701 -0.39441 
-100.00000 -100.00000 
-0.01128  0.00004 
-100.00000 -100.00000 
-100.00000 -100.00000 
-100.00000 -0.15925 
-0.00001 -0.15891 
-100.00000 -100.00000 
-100.00000  0.00016 
 0.00000  0.00000 
-0.41358 -0.37582 
-100.00000 -100.00000 
 0.10284  0.32481 
 0.13759  0.26286 
-0.20745 -0.05349 
 0.21927  0.10346 
-100.00000 -100.00000 
-100.00000 -100.00000 
-0.46883 -100.00000 
 0.00000  0.00000 
-100.00000 -100.00000 
-100.00000 -100.00000 
-100.00000 -100.00000 
 0.00005 -0.30263 
-0.09453  0.68063 
-100.00000 -100.00000 
-0.00579  0.26308 
-100.00000 -100.00000 
