site,abs_diffsel,positive_diffsel,negative_diffsel
153,8.65319679841,4.21877882547,-4.43441797294
278,8.60313433816,6.3204702535,-2.28266408466
154,8.08782558763,2.05640708345,-6.03141850418
283,7.88489189021,4.35549641351,-3.5293954767
136,7.80906081636,2.7675727402,-5.04148807616
180,7.65620805821,4.59074364861,-3.0654644096
232,7.5026320981,4.47659969442,-3.02603240368
171,7.00703413358,2.27113181841,-4.73590231517
499,6.98008771851,0.750648319827,-6.22943939868
86,6.97583555272,3.65975841872,-3.316077134
277,6.95477666035,3.27076661036,-3.68401004999
415,6.86729412581,2.77589789782,-4.09139622798
274,6.84768034261,3.99790329457,-2.84977704804
370,6.72619708064,2.17768530518,-4.54851177546
236,6.62370816604,3.56688357857,-3.05682458747
90,6.27080481054,4.5610960401,-1.70970877044
515,6.19671134603,2.86942693867,-3.32728440736
113,6.12115125939,2.89702373552,-3.22412752387
91,6.09025671157,2.47545284405,-3.61480386751
230,6.0425114835,3.59680290062,-2.44570858289
518,6.02200631951,3.19318777565,-2.82881854386
412,5.99092287427,3.40985395428,-2.58106891999
497,5.99025864514,1.48887609699,-4.50138254815
89,5.97002839942,3.91485436599,-2.05517403343
137,5.86743376629,2.61897663496,-3.24845713133
201,5.86583960622,4.5446999716,-1.32113963462
184,5.83590750743,3.02833918857,-2.80756831886
2,5.75697745027,3.84656659359,-1.91041085668
382,5.74551225099,4.38547870724,-1.36003354375
276,5.73246396922,1.74115167972,-3.99131228951
212,5.67304175411,2.7564269106,-2.91661484351
299,5.67290382683,4.09333361396,-1.57957021287
220,5.67263756805,1.86860410258,-3.80403346547
126,5.63808799498,1.83530768918,-3.8027803058
99,5.58225788496,1.02236280817,-4.55989507679
507,5.53967724263,1.76242767173,-3.7772495709
229,5.52421641,2.40931364296,-3.11490276704
169,5.49399369182,1.72816836993,-3.76582532189
408,5.48786084403,3.126579503,-2.36128134103
138,5.46058488427,2.16247364043,-3.29811124384
157,5.45968959482,2.35074464352,-3.1089449513
211,5.39641798649,1.31524819943,-4.08116978706
60,5.33612717904,2.67494879704,-2.661178382
173,5.29763746334,2.21751910603,-3.08011835731
71,5.29692969692,2.7912629731,-2.50566672383
104,5.22153767399,2.48475697075,-2.73678070323
155,5.21559196629,3.21083336401,-2.00475860227
289,5.18128192875,1.45175789295,-3.72952403581
175,5.16643115086,3.86560502263,-1.30082612823
179,5.15616946478,2.80602579449,-2.35014367029
100,5.14512257319,1.95506021859,-3.1900623546
257,5.14005680125,2.85784273423,-2.28221406701
11,5.05534556189,2.68611274696,-2.36923281493
303,5.02580598761,2.41439568307,-2.61141030454
209,5.00889449656,3.71531670816,-1.2935777884
216,4.88281266213,1.20468346486,-3.67812919727
210,4.88052643899,4.49301102751,-0.38751541148
244,4.87319348701,1.91149163729,-2.96170184972
251,4.87302953221,2.1264850161,-2.74654451611
386,4.84278348578,1.66684767254,-3.17593581324
143,4.78584247784,1.71930951106,-3.06653296678
326,4.78578973413,3.20832150494,-1.57746822918
337,4.77589521355,2.2673660619,-2.50852915165
205,4.76959134707,3.08600030453,-1.68359104254
555,4.76264530737,2.62547220474,-2.13717310262
145,4.75967636871,2.42762688314,-2.33204948556
3,4.75223188488,1.54225301873,-3.20997886615
178,4.75149327995,2.73277863967,-2.01871464028
92,4.70679132372,3.70813617028,-0.998655153438
517,4.63655204673,1.96913151703,-2.66742052971
237,4.62493947121,1.63491383405,-2.99002563716
70,4.62172892771,2.44951054778,-2.17221837993
550,4.61691624569,3.6350170661,-0.98189917959
146,4.60321198359,2.73105456208,-1.87215742151
294,4.59186079859,2.90879651613,-1.68306428247
381,4.55433784627,2.33800840939,-2.21632943689
224,4.53497964832,1.61114577663,-2.92383387169
4,4.49971055791,2.76034288959,-1.73936766831
409,4.48148183228,2.30920639998,-2.1722754323
558,4.47188373641,2.36596114363,-2.10592259278
510,4.45329236187,1.94477819628,-2.50851416559
290,4.43648014273,2.58019645554,-1.85628368719
314,4.42706358921,1.85835817694,-2.56870541228
339,4.4267273593,2.25274568183,-2.17398167748
103,4.41016310558,3.38330051339,-1.02686259219
526,4.40296160649,1.56113876243,-2.84182284406
221,4.36593635609,2.60906464893,-1.75687170716
404,4.34719602841,1.70859531032,-2.63860071809
223,4.32675069955,2.61487290773,-1.71187779183
186,4.29819275295,1.16729637389,-3.13089637906
512,4.25143366248,1.048508595,-3.20292506748
321,4.22182138263,2.0636764825,-2.15814490013
522,4.21250587007,2.02172292793,-2.19078294213
227,4.19989053733,2.17694324866,-2.02294728867
490,4.19018583925,2.05322355367,-2.13696228558
369,4.19005336857,2.48893913808,-1.70111423049
19,4.17310770645,1.84904498027,-2.32406272618
170,4.14061640291,0.778245309603,-3.36237109331
235,4.12673934061,1.75283911603,-2.37390022458
231,4.1201804344,2.23318189588,-1.88699853852
285,4.11830737093,2.33548287006,-1.78282450087
508,4.1176693326,1.6255971118,-2.4920722208
177,4.10521970203,2.14574058617,-1.95947911585
503,4.08558205687,0.910294489432,-3.17528756744
102,4.04391363287,2.1461807121,-1.89773292077
318,4.03799469852,2.17822261951,-1.85977207901
474,4.03461193583,1.9128063673,-2.12180556853
523,4.00650418585,2.12178995735,-1.8847142285
32,4.00174082874,1.21976976182,-2.78197106692
238,3.98864342059,3.26302312196,-0.725620298623
218,3.95620324022,1.84751511322,-2.10868812701
185,3.94521651911,3.35926157038,-0.585954948729
486,3.93593679624,1.1054605962,-2.83047620004
476,3.92833098273,1.00259333345,-2.92573764929
135,3.86032271591,1.89314619338,-1.96717652253
390,3.85043726738,2.60295994811,-1.24747731927
112,3.84266549862,0.986652853853,-2.85601264476
541,3.82591102212,2.99312133111,-0.832789691007
206,3.816440205,2.00411192319,-1.81232828181
373,3.79721316178,1.51463223383,-2.28258092795
234,3.79391943029,1.40947150978,-2.38444792051
347,3.77659465793,1.81940614259,-1.95718851533
305,3.76793562178,1.11142160801,-2.65651401377
176,3.75549041974,1.44125221563,-2.31423820411
83,3.73474326658,1.23881037602,-2.49593289056
65,3.72361224166,1.65978195432,-2.06383028734
511,3.72027703495,1.66285122288,-2.05742581207
467,3.69242218335,1.32757590136,-2.36484628199
62,3.66416584551,1.65152788612,-2.01263795939
521,3.65300088737,1.5357219514,-2.11727893597
7,3.6494025613,2.72949525381,-0.919907307494
254,3.63916552279,1.6887577595,-1.95040776329
255,3.63546018959,2.28346559575,-1.35199459384
115,3.59399883399,1.9004711906,-1.6935276434
468,3.56386488338,1.46683348814,-2.09703139524
493,3.54750501852,1.97335425657,-1.57415076195
327,3.53441485828,2.73490234614,-0.799512512143
286,3.48646486326,2.2034319062,-1.28303295706
228,3.48261750184,2.48013133235,-1.00248616949
37,3.47987519623,0.592619059923,-2.88725613631
52,3.47297663203,1.99580105939,-1.47717557263
253,3.41719178629,2.07078288592,-1.34640890037
315,3.40372925599,0.927521299696,-2.4762079563
288,3.39653855422,1.76591934337,-1.63061921084
248,3.39206390166,1.74185768019,-1.65020622147
393,3.37855233731,1.97708097676,-1.40147136055
88,3.36217635598,1.92706465709,-1.43511169889
372,3.3444333462,1.94579728779,-1.39863605841
64,3.34293902733,1.25593899277,-2.08700003456
553,3.3249888176,1.04528940684,-2.27969941077
172,3.30467239738,1.7397567082,-1.56491568918
101,3.29542910997,1.3556451023,-1.93978400767
358,3.29152523018,1.35806559619,-1.93345963399
197,3.27603165097,1.45078198824,-1.82524966273
549,3.26739262012,0.252859086958,-3.01453353316
439,3.26278375743,1.07212299428,-2.19066076315
182,3.25560328631,2.21025850979,-1.04534477651
150,3.24734332488,2.42206711289,-0.825276211993
53,3.24058076008,1.43906346027,-1.8015172998
542,3.22721232644,1.71677513802,-1.51043718842
438,3.21221411421,0.262614932525,-2.94959918168
504,3.20854570379,0.728675996467,-2.47986970732
68,3.19206779451,1.4519419703,-1.74012582421
456,3.1860437962,0.451505682234,-2.73453811396
163,3.18581478407,3.14379527755,-0.042019506522
266,3.14462771382,2.49167618078,-0.652951533035
400,3.11569674269,1.44073051232,-1.67496623037
488,3.10820947142,0.75632118513,-2.35188828629
414,3.10668589499,1.70650893305,-1.40017696194
188,3.09336317865,1.75017379124,-1.34318938741
25,3.06943819354,2.11214918586,-0.957289007681
114,3.06885812328,1.92580061085,-1.14305751244
139,3.06814101395,2.20492112579,-0.863219888158
12,3.06667435825,1.09360772726,-1.97306663099
240,3.05798148052,2.54959026019,-0.508391220338
40,3.02832484458,2.30385196489,-0.724472879688
460,3.02280840187,2.0217038268,-1.00110457507
312,2.9905107191,1.41974264914,-1.57076806996
501,2.9809805683,1.89306609769,-1.08791447061
111,2.9654314585,0.719976195719,-2.24545526278
514,2.95846095165,1.00852378105,-1.94993717061
287,2.94638298647,2.78430949783,-0.162073488636
159,2.93776961029,1.70756395845,-1.23020565185
402,2.93173033796,1.76859048433,-1.16313985364
268,2.92655834699,0.406909385153,-2.51964896184
396,2.90928696905,2.16430535078,-0.744981618271
361,2.88321090197,0.72796974977,-2.1552411522
119,2.86472646141,1.51255290952,-1.35217355189
471,2.83340048416,1.10674140628,-1.72665907788
226,2.8321695026,1.47710160691,-1.35506789569
187,2.82707745586,0.654754008452,-2.17232344741
57,2.8269355662,1.90780977612,-0.919125790083
141,2.81856458223,0.55176857851,-2.26679600372
6,2.79829069086,0.54815378253,-2.25013690833
509,2.79744458838,1.73377878461,-1.06366580378
38,2.79572603249,1.88632930184,-0.909396730649
148,2.79525451085,2.58245652493,-0.212797985923
292,2.76449565002,1.68654640372,-1.0779492463
349,2.75850088617,1.51853743041,-1.23996345576
389,2.75466524139,1.20720821376,-1.54745702762
109,2.7518894139,2.00068879337,-0.751200620527
513,2.74366417552,1.18767144282,-1.55599273269
5,2.74219936233,1.65230814102,-1.08989122132
562,2.72848334767,0.867802056032,-1.86068129164
124,2.71403790948,1.87903910274,-0.834998806735
129,2.70778741828,1.5554447076,-1.15234271068
345,2.70149219891,1.54028894936,-1.16120324955
457,2.69404915441,0.775503557192,-1.91854559721
524,2.69307273775,1.16461660847,-1.52845612928
73,2.68527440426,1.93489436276,-0.750380041493
556,2.65837778956,1.57437720126,-1.0840005883
106,2.64888832161,1.82858170538,-0.820306616231
202,2.64267176644,0.19236611395,-2.45030565249
123,2.63661338963,1.18577966631,-1.45083372332
401,2.59982424234,1.68341434084,-0.916409901503
31,2.59874673043,1.64520842999,-0.953538300439
306,2.57186059448,0.965643181499,-1.60621741298
551,2.56386014242,1.85916281636,-0.704697326068
13,2.55213774961,1.48281821241,-1.0693195372
297,2.52174550201,0.689466337274,-1.83227916474
365,2.50843359638,1.85503945485,-0.653394141537
368,2.50292295026,1.14737258146,-1.35555036881
47,2.49853543029,0.147147405272,-2.35138802502
428,2.49547321926,1.50434502527,-0.991128193989
520,2.48030547819,1.94372979408,-0.536575684117
543,2.45606230761,1.10933694005,-1.34672536756
128,2.44827566062,1.46023551936,-0.988040141263
561,2.44294938954,0.981951011313,-1.46099837822
454,2.44060457644,1.17013165868,-1.27047291775
250,2.43168721471,2.39584780968,-0.0358394050318
338,2.40124450948,0.664265889271,-1.7369786202
351,2.39310271254,1.34821056835,-1.04489214418
249,2.38867272118,1.5362941424,-0.852378578774
214,2.3771255053,1.90051302625,-0.476612479052
158,2.35148446219,1.61512217792,-0.736362284275
348,2.33110724213,0.612573231664,-1.71853401047
258,2.3289404491,0.262794110797,-2.0661463383
411,2.31533672359,1.09479220535,-1.22054451824
410,2.29323293477,1.62285011305,-0.67038282172
392,2.28859499578,0.931852037125,-1.35674295866
429,2.28738516215,1.11728437321,-1.17010078893
353,2.28319710388,0.25972039625,-2.02347670763
478,2.27857437267,1.2481241137,-1.03045025897
502,2.27265129513,1.1038954659,-1.16875582923
385,2.27135908996,0.279001678352,-1.99235741161
85,2.26226668357,1.05999085688,-1.2022758267
388,2.24869367748,2.107911372,-0.140782305487
9,2.24530236461,0.629989394184,-1.61531297043
527,2.2337982954,1.48888631116,-0.744911984237
395,2.22554786085,0.954909536584,-1.27063832426
323,2.22154454453,2.21316335499,-0.00838118953477
397,2.22140906086,1.76609978836,-0.455309272504
165,2.21759492701,1.62136658887,-0.596228338141
48,2.2171696267,1.09274292307,-1.12442670362
75,2.20717257572,1.05256784057,-1.15460473515
475,2.20084091957,1.29407559592,-0.906765323645
403,2.19869632775,0.969385291261,-1.22931103649
329,2.19738606008,1.31067645912,-0.886709600961
464,2.19635245659,1.50011519883,-0.696237257763
222,2.19049745351,0.932473168982,-1.25802428453
219,2.17845159711,1.04483213321,-1.1336194639
142,2.15061261203,1.48465249146,-0.66596012057
140,2.13649994408,1.64171116556,-0.494788778516
407,2.12797434698,1.29127593595,-0.836698411023
459,2.12745092376,1.49089052063,-0.636560403135
46,2.12641054928,1.68243321124,-0.44397733804
127,2.12363875373,1.51737463957,-0.60626411416
525,2.11587753025,1.28853854233,-0.827338987916
233,2.10204556105,1.63641379455,-0.465631766497
441,2.09842761178,1.06533197642,-1.03309563535
121,2.09469675472,0.151833109521,-1.9428636452
302,2.07958994653,1.54371684251,-0.53587310402
343,2.07289027475,0.400170140884,-1.67272013386
72,2.07120639045,1.76205613663,-0.30915025382
1,2.06849080067,1.1768191669,-0.891671633766
494,2.06796817482,0.288217746788,-1.77975042803
195,2.06712406245,1.72634709618,-0.340776966273
59,2.06368192466,1.64476948752,-0.418912437145
391,2.0584240115,0.789044926597,-1.2693790849
506,2.05623727988,1.34494174646,-0.711295533417
166,2.05311095603,1.76002985584,-0.293081100192
418,2.05279783352,1.78858804386,-0.264209789664
421,2.04492073788,0.537214983461,-1.50770575442
375,2.04316208258,1.27122517928,-0.771936903303
540,2.04091563026,1.43326890476,-0.607646725503
360,2.0374286648,2.0374286648,0.0
49,2.03715088915,0.632950914477,-1.40419997467
538,2.03624947398,0.867045456351,-1.16920401762
272,2.02705628722,1.23654094378,-0.790515343441
81,2.02449442206,1.80096256447,-0.223531857592
239,2.0222887622,1.59032481398,-0.431963948222
270,2.01904997612,1.67364111365,-0.345408862471
324,2.01472963386,1.55608353184,-0.458646102013
554,2.01036386049,0.457674194175,-1.55268966631
225,1.99697349943,0.970025909232,-1.0269475902
529,1.99488407745,1.64236236296,-0.352521714488
116,1.99425277084,1.44904338901,-0.545209381829
552,1.98893302134,0.86361427136,-1.12531874998
484,1.9828701953,0.0976083748759,-1.88526182042
531,1.97614572055,1.16803319711,-0.808112523437
280,1.97469518838,1.47206037552,-0.502634812865
192,1.96082333466,1.3766598637,-0.584163470955
452,1.95914854768,1.27557325698,-0.6835752907
39,1.95589076133,0.897795348197,-1.05809541314
10,1.95397428608,0.98293355133,-0.971040734747
16,1.94561476527,1.15681686462,-0.788797900648
344,1.9364587075,1.23327972035,-0.703178987152
261,1.93636654356,0.669648407145,-1.26671813641
516,1.93231462034,1.27044776865,-0.661866851687
427,1.93211089606,0.87938985069,-1.05272104537
426,1.93136337025,0.50282430958,-1.42853906067
477,1.89915762915,1.49683927075,-0.402318358396
160,1.89780991234,1.60801659843,-0.289793313909
193,1.89248644776,1.87305476883,-0.0194316789309
383,1.87947497938,1.0916211538,-0.787853825579
342,1.87024026258,0.868207419343,-1.00203284324
96,1.86559469456,1.06614128662,-0.799453407945
398,1.84686820229,0.962726161715,-0.884142040577
505,1.83699008123,1.7017096405,-0.135280440729
491,1.82980776665,0.0,-1.82980776665
310,1.82442200304,1.53739216917,-0.287029833876
420,1.82166260163,1.21268321984,-0.608979381794
470,1.79938715349,1.0759006991,-0.723486454397
308,1.79832124359,0.814072294649,-0.984248948936
42,1.78840221922,1.73081006076,-0.0575921584627
447,1.76945491144,0.387852864451,-1.38160204699
482,1.76472015613,1.19824760798,-0.56647254815
95,1.74983923685,0.372478302387,-1.37736093446
564,1.74936747833,0.838063093501,-0.911304384829
269,1.74283691129,1.18433780865,-0.558499102634
98,1.73554533189,1.4375948431,-0.297950488792
29,1.72050310166,1.2230069204,-0.497496181267
545,1.71232498211,0.220206051996,-1.49211893011
74,1.70418755458,0.824469071432,-0.879718483144
463,1.70084755662,0.400248841589,-1.30059871503
340,1.70084614377,0.710390456348,-0.990455687424
425,1.69791959823,0.378418980151,-1.31950061808
78,1.6975254379,0.552491522295,-1.1450339156
560,1.69213448428,0.937530098196,-0.75460438608
133,1.69200140547,0.814491816892,-0.877509588579
313,1.69156351764,1.01841928824,-0.673144229397
336,1.6736302365,1.10214832762,-0.571481908879
279,1.67257306271,0.413205147166,-1.25936791555
144,1.67144169688,1.06039415958,-0.611047537301
535,1.66797119375,0.839268135927,-0.828703057827
316,1.65467197098,0.653826630673,-1.00084534031
61,1.65426677181,0.659798734042,-0.994468037769
56,1.65422361144,0.802918058692,-0.851305552751
431,1.64608502667,1.64069851963,-0.00538650703332
472,1.64132954399,1.12258475107,-0.51874479292
346,1.6385710382,0.866218208173,-0.772352830025
362,1.63305941112,0.732950003277,-0.900109407843
44,1.62749080323,0.34320574693,-1.2842850563
263,1.6216993062,1.18585890341,-0.435840402785
406,1.61775120195,0.112272463436,-1.50547873852
246,1.60621729038,1.17354125171,-0.432676038671
204,1.60483701444,1.33319671433,-0.271640300101
309,1.59850364839,0.734012325407,-0.86449132298
36,1.59700571036,0.783445357592,-0.813560352765
440,1.59390168424,1.21107283154,-0.3828288527
241,1.58533501342,1.58533501342,0.0
331,1.58221553252,0.935803638964,-0.646411893555
437,1.58173191711,1.30013966153,-0.281592255578
446,1.57097999794,1.03634263416,-0.534637363773
320,1.56727154799,1.28122983346,-0.286041714536
435,1.56534875247,0.997681948629,-0.567666803836
473,1.56006520249,0.21905648296,-1.34100871953
156,1.55466378289,0.93062201859,-0.624041764298
442,1.55298576434,0.486596481812,-1.06638928253
453,1.53808881628,0.912393466729,-0.625695349553
34,1.53805981856,1.07824083656,-0.459818981993
377,1.53275711836,0.433297832646,-1.09945928572
341,1.52184973201,0.663396908962,-0.85845282305
350,1.52056833767,0.200614495673,-1.319953842
17,1.51769347252,0.262819065671,-1.25487440685
107,1.51607353357,0.856328476365,-0.659745057202
311,1.51100584181,0.676996817805,-0.834009024003
465,1.51011010908,0.978812901211,-0.531297207874
58,1.50823604748,1.02670982194,-0.481526225538
273,1.50391275489,0.660785311453,-0.843127443436
557,1.50084532305,1.47683688103,-0.0240084420166
371,1.49480897228,0.299505716105,-1.19530325618
120,1.49329778355,1.05896849584,-0.434329287711
432,1.47252686814,1.06305100312,-0.40947586502
168,1.47216967722,1.02010790132,-0.452061775903
445,1.47185393653,0.499802785994,-0.972051150533
51,1.46817059196,0.643800131187,-0.824370460769
26,1.46128313146,0.408778517626,-1.05250461384
528,1.45963302232,1.03326411483,-0.426368907493
485,1.45487295256,1.19347254433,-0.261400408231
50,1.44338852905,1.31096625146,-0.132422277593
399,1.44297389621,0.574939102181,-0.868034794033
108,1.44072820503,0.262984513987,-1.17774369104
198,1.43896546508,0.659948529658,-0.779016935422
489,1.43649394534,1.41035621855,-0.0261377267883
492,1.43368959118,0.747315511264,-0.686374079914
243,1.42753341325,0.845504848542,-0.582028564712
330,1.41848366055,1.02321084342,-0.395272817122
18,1.41643324163,0.923816417802,-0.492616823832
483,1.41491372047,1.11193684627,-0.302976874205
84,1.40290431093,0.263902336101,-1.13900197483
481,1.39552685002,0.0,-1.39552685002
480,1.3911559783,1.23469128045,-0.156464697842
563,1.38767503175,1.24097930303,-0.14669572872
519,1.37643903416,0.137371489177,-1.23906754498
262,1.37612635432,0.978195942061,-0.397930412256
189,1.37610521103,1.20871900424,-0.167386206794
376,1.37222788531,1.37222788531,0.0
132,1.35688722916,1.18586082674,-0.171026402418
307,1.34492480758,0.444648363597,-0.900276443985
443,1.34058662718,0.820862514877,-0.519724112306
14,1.33638519226,1.05333219943,-0.283052992835
67,1.33415241352,0.395435083571,-0.938717329949
380,1.3295295752,1.04904396771,-0.28048560749
559,1.32586579886,0.131736004567,-1.19412979429
125,1.31385371799,0.110774068568,-1.20307964942
77,1.31116138471,1.04831140713,-0.262849977579
275,1.30144350277,0.985631180455,-0.315812322315
15,1.29803349835,1.29803349835,0.0
367,1.28948693811,0.653312503115,-0.636174434999
487,1.28652203108,0.772793808579,-0.513728222504
462,1.28606803262,0.262922758216,-1.02314527441
242,1.28297109812,0.97363175707,-0.309339341051
449,1.27530921122,0.0,-1.27530921122
458,1.27385333394,1.02210097641,-0.251752357528
394,1.26922873779,0.45840110177,-0.81082763602
21,1.25809045219,1.00853827449,-0.249552177705
265,1.25761951089,0.74733924408,-0.510280266807
94,1.25284478222,0.992367946042,-0.260476836175
271,1.23667168583,0.997704248682,-0.238967437149
213,1.23442844475,1.22945155841,-0.00497688633427
196,1.22936494603,0.808826620323,-0.42053832571
530,1.22783498824,0.0181390227649,-1.20969596548
181,1.22678734076,0.183552037929,-1.04323530283
162,1.21998816174,0.239908469865,-0.980079691877
359,1.21139546841,0.753206511222,-0.45818895719
217,1.20610633069,0.285298596082,-0.920807734608
69,1.20109178391,0.137444761102,-1.06364702281
45,1.19996548153,0.62827794963,-0.571687531902
532,1.19818203684,0.502943773107,-0.695238263729
379,1.19804641945,0.304695604908,-0.893350814538
413,1.19490017882,0.0,-1.19490017882
245,1.19416435272,0.726996546018,-0.4671678067
33,1.18002016864,0.606701208155,-0.573318960481
82,1.17348729244,1.04331941732,-0.130167875125
466,1.16814649774,0.762679596987,-0.405466900749
259,1.16007715123,0.116428372161,-1.04364877907
164,1.15670782612,1.05513464747,-0.101573178653
267,1.15313820021,0.160652321103,-0.99248587911
444,1.15010151478,0.641749435577,-0.508352079202
97,1.14984085075,0.896733955417,-0.253106895333
80,1.14901803078,1.14901803078,0.0
434,1.14780732707,0.819259352787,-0.328547974286
264,1.14554483992,0.705225056344,-0.440319783579
200,1.14002020357,0.760343628144,-0.379676575423
430,1.13500745281,0.638675933359,-0.49633151945
282,1.12437453353,0.14813081532,-0.97624371821
332,1.12350000856,0.447356696135,-0.676143312429
335,1.12251756923,0.576231229233,-0.546286339999
87,1.1185722194,0.395856159464,-0.72271605994
27,1.11638602725,0.946122313329,-0.170263713921
296,1.11171930117,0.96888288773,-0.142836413439
304,1.10934398745,0.372889435441,-0.736454552008
281,1.10572887818,0.957297848086,-0.148431030092
174,1.10157709803,0.657822139362,-0.44375495867
455,1.09967606354,0.411393496902,-0.688282566633
405,1.09956131992,0.344157278949,-0.755404040966
284,1.08901843924,0.711496917263,-0.377521521981
536,1.07848846535,0.753061607244,-0.325426858105
199,1.06557496694,0.600964380833,-0.464610586103
183,1.063670972,0.347044805154,-0.716626166843
79,1.05863807514,0.266517992385,-0.792120082752
544,1.04630651429,0.448972625004,-0.597333889288
110,1.0408276614,0.33755763236,-0.703270029044
66,1.03509829263,0.568049167511,-0.467049125114
130,1.03415725654,0.704194274087,-0.329962982457
131,1.0333302831,0.938922666899,-0.0944076161975
293,1.0321472173,0.536595316078,-0.495551901218
416,1.03003734953,0.790042300769,-0.239995048761
300,1.02969993437,0.0,-1.02969993437
451,1.01649097198,0.888059905053,-0.128431066928
366,1.01379714575,0.791377243304,-0.222419902441
333,1.01288859365,0.875972560487,-0.136916033159
433,1.00742225211,0.678624178811,-0.328798073303
533,1.00695765322,0.82517414073,-0.181783512492
496,1.00463599308,0.137377500842,-0.86725849224
422,1.00314645994,0.321856560754,-0.681289899184
149,1.00246134146,0.890253960935,-0.112207380527
495,0.984722661335,0.328369175802,-0.656353485533
190,0.973749588412,0.278478169573,-0.695271418839
356,0.966073354162,0.0,-0.966073354162
8,0.96542186652,0.345389101111,-0.620032765409
352,0.952463587067,0.360381297917,-0.59208228915
152,0.950850477665,0.613394253972,-0.337456223693
565,0.9488137526,0.0585774739636,-0.890236278637
424,0.94421309072,0.583929030016,-0.360284060704
117,0.940786305502,0.642589987281,-0.29819631822
334,0.940512326024,0.433703960592,-0.506808365432
295,0.933042713775,0.787720459681,-0.145322254094
423,0.931420821641,0.931420821641,0.0
291,0.926937491853,0.604458776119,-0.322478715733
23,0.918714971697,0.268004382104,-0.650710589593
548,0.915440752055,0.240843964726,-0.674596787328
147,0.914063759502,0.435959284434,-0.478104475068
194,0.911228011307,0.211853008281,-0.699375003026
256,0.908445664455,0.559746519389,-0.348699145066
384,0.905576733619,0.124891993021,-0.780684740597
76,0.90449839739,0.35516222471,-0.54933617268
448,0.866910469462,0.626775956446,-0.240134513017
325,0.855081191313,0.354789706349,-0.500291484964
191,0.854875578409,0.648923444176,-0.205952134233
547,0.847433214129,0.161421174433,-0.686012039696
24,0.840338895089,0.500225990708,-0.340112904381
498,0.838340752654,0.2625088977,-0.575831854954
301,0.837231416899,0.522797420658,-0.314433996241
252,0.835813426642,0.336302705717,-0.499510720925
328,0.835280283767,0.215876889958,-0.619403393809
546,0.833861789849,0.475039687519,-0.358822102331
387,0.831551656768,0.391800066132,-0.439751590636
55,0.82885215389,0.61784095844,-0.21101119545
317,0.825000266598,0.822212349146,-0.00278791745233
167,0.817709984296,0.40531108702,-0.412398897276
450,0.81358103511,0.394553349361,-0.419027685748
436,0.809310232749,0.274859004978,-0.534451227771
122,0.807878405174,0.204988011294,-0.60289039388
208,0.801969470433,0.265542063499,-0.536427406934
469,0.799675155963,0.0,-0.799675155963
537,0.778494210386,0.347286711098,-0.431207499288
322,0.776369692748,0.198738859296,-0.577630833452
43,0.769426935212,0.638825106606,-0.130601828606
419,0.767960352681,0.534681747386,-0.233278605294
479,0.762734575805,0.292123602219,-0.470610973586
260,0.744870174941,0.228078633558,-0.516791541383
30,0.732694300587,0.702921356699,-0.0297729438875
378,0.722683650237,0.365018483539,-0.357665166698
63,0.718140143638,0.263019398756,-0.455120744882
28,0.714030876782,0.170251720836,-0.543779155945
319,0.706165527393,0.2629760043,-0.443189523093
355,0.698455340223,0.0719054465651,-0.626549893657
54,0.694450298183,0.319157295713,-0.37529300247
500,0.693952692609,0.216765691705,-0.477187000905
354,0.682825014037,0.220410590318,-0.462414423718
207,0.666258418165,0.359289247701,-0.306969170464
357,0.664944894793,0.664944894793,0.0
461,0.654782842004,0.292450552448,-0.362332289556
539,0.652728546065,0.377282827409,-0.275445718656
215,0.642604589436,0.274860655328,-0.367743934108
118,0.631394700948,0.092292891497,-0.539101809451
161,0.625949256623,0.625949256623,0.0
41,0.611792223008,0.36298844967,-0.248803773338
203,0.606007156264,0.595680043384,-0.0103271128801
22,0.590341898811,0.102065267164,-0.488276631647
247,0.576765982667,0.25433542607,-0.322430556597
35,0.57015026005,0.270634966537,-0.299515293513
417,0.563294352459,0.295250351929,-0.26804400053
364,0.545174380743,0.291606586656,-0.253567794087
20,0.538655232783,0.359508718755,-0.179146514028
534,0.521526401627,0.235528091611,-0.285998310016
105,0.493001741433,0.332634426868,-0.160367314565
151,0.472480744236,0.472480744236,0.0
93,0.455681675306,0.0,-0.455681675306
374,0.420355184123,0.415304453185,-0.00505073093828
134,0.40416831587,0.0736307681921,-0.330537547678
298,0.371045732559,0.0,-0.371045732559
363,0.337828501111,0.0,-0.337828501111
566,0.0,0.0,0.0
