# POSITION WT AAA AAC AAG AAT ACA ACC ACG ACT AGA AGC AGG AGT ATA ATC ATG ATT CAA CAC CAG CAT CCA CCC CCG CCT CGA CGC CGG CGT CTA CTC CTG CTT GAA GAC GAG GAT GCA GCC GCG GCT GGA GGC GGG GGT GTA GTC GTG GTT TAA TAC TAG TAT TCA TCC TCG TCT TGA TGC TGG TGT TTA TTC TTG TTT
1 ATG 0 0 1 0 0 0 7 0 0 0 2 0 22 0 242614 4 0 0 0 0 0 0 0 0 0 0 0 0 0 0 0 0 0 0 0 0 0 0 0 0 0 0 0 0 0 0 4 0 0 0 0 0 0 0 0 0 0 0 0 0 0 0 2 0
2 AAG 30 0 241923 27 6 0 18 20 4 0 46 3 21 8 33 8 1 22 27 1 0 1 0 11 0 11 0 0 2 10 0 9 0 0 57 0 1 0 0 0 12 0 0 0 2 1 0 0 0 3 1 8 3 3 12 3 0 0 0 4 0 0 23 0
3 GCA 0 0 0 0 21 2 0 0 11 0 4 0 0 0 3 3 0 3 2 0 1 0 0 1 2 3 0 1 0 0 0 1 4 11 1 0 241877 12 9 22 1 0 0 0 34 0 0 0 0 11 0 2 11 3 0 2 0 4 1 0 0 0 2 0
4 AAA 238865 14 12 2 7 11 1 0 14 0 0 0 4 14 8 1 4 15 18 0 0 0 0 12 0 9 4 1 0 3 0 0 10 0 0 0 0 2 4 0 0 0 0 5 0 0 28 0 0 0 0 0 1 0 13 0 0 0 0 1 0 0 9 0
5 CTA 0 0 0 0 0 0 1 0 0 0 0 0 11 0 0 0 1 0 0 7 37 0 2 0 1 0 0 0 242631 0 24 0 0 0 0 1 4 0 0 2 0 0 0 0 0 0 0 1 0 9 0 0 0 0 0 0 0 0 0 22 16 3 0 0
6 CTG 0 0 0 0 0 0 0 1 0 0 0 0 2 13 11 0 0 0 0 0 0 0 6 0 0 0 2 0 21 21 242103 6 0 0 0 0 2 0 0 4 0 0 0 0 0 0 1 0 0 0 0 3 0 0 0 0 0 0 0 0 0 5 33 2
7 GTC 0 0 0 0 0 0 0 0 0 0 0 0 0 18 0 2 0 0 0 0 0 0 0 0 0 0 0 0 0 8 0 3 0 3 0 0 15 37 1 0 0 2 0 0 25 241749 7 10 0 0 0 0 0 0 0 2 0 0 3 12 0 12 13 0
8 CTG 0 0 0 0 0 0 0 0 0 0 0 0 5 0 7 3 0 0 6 0 0 0 61 0 0 0 5 0 45 1 242167 61 0 0 0 0 0 0 0 0 0 0 0 0 0 0 0 0 0 0 0 0 0 0 0 0 0 0 0 0 0 0 26 0
9 TTA 0 0 0 0 0 0 0 0 0 0 0 0 3 0 5 0 0 0 0 0 2 0 0 0 0 0 0 0 31 0 2 0 0 0 0 0 0 0 0 0 0 0 0 0 7 14 0 15 2 0 0 0 12 0 0 0 1 0 0 0 242301 1 48 11
10 TAT 0 0 0 1 0 1 0 0 0 0 0 0 14 0 0 0 0 0 0 58 0 0 0 0 0 0 0 0 0 0 1 0 0 0 0 1 0 0 0 0 0 0 0 0 0 0 0 0 7 10 1 241266 0 0 0 0 0 1 0 112 4 1 2 1
11 GCA 0 0 0 0 67 2 0 0 0 14 0 2 9 1 8 7 0 3 0 0 0 1 0 0 0 0 2 0 0 0 0 1 7 0 1 0 241748 3 54 42 3 0 0 0 78 0 2 0 0 5 0 0 18 0 0 0 0 0 2 9 0 28 3 59
12 TTT 0 0 0 0 0 4 0 0 0 0 0 0 0 0 0 6 0 0 0 0 0 0 0 2 1 0 0 0 0 6 0 37 0 1 0 0 0 0 0 0 0 0 0 0 23 23 0 14 0 0 0 1 0 0 0 12 1 0 0 1 5 62 3 241783
13 GTA 0 0 0 0 0 10 0 6 0 3 0 0 9 0 5 0 0 1 0 0 1 0 0 0 0 0 0 0 0 0 1 0 2 0 0 0 64 0 0 0 4 0 0 0 242498 1 36 3 0 0 0 0 0 0 0 0 0 0 0 0 7 0 0 0
14 GCT 0 0 0 0 0 8 0 16 0 3 2 0 0 0 0 0 0 0 0 0 0 0 0 0 0 0 0 3 0 0 0 0 0 0 0 3 18 43 6 242413 0 0 0 8 0 0 0 13 0 0 0 0 0 0 0 5 0 0 0 0 0 0 0 0
15 ACA 0 0 0 0 242501 19 86 8 2 0 0 0 15 6 0 0 0 0 0 0 1 0 0 0 0 0 0 0 0 0 0 0 0 0 0 0 24 0 0 0 0 0 0 0 0 0 0 0 0 0 0 0 0 0 0 0 0 0 0 0 0 0 0 0
16 GAT 0 0 0 17 0 0 0 0 0 0 0 0 0 0 0 0 0 0 0 1 0 0 0 0 0 0 0 0 0 0 0 0 6 12 5 242561 0 0 0 4 0 0 0 16 0 0 0 0 0 0 0 4 0 0 0 0 0 0 0 0 0 0 0 0
17 GCA 0 0 0 0 41 0 0 0 0 0 0 0 0 0 0 0 0 0 0 0 0 0 0 0 0 0 0 0 0 0 0 0 2 0 0 0 241497 4 104 12 2 3 0 0 39 0 0 0 0 0 0 0 6 0 0 0 0 0 0 0 0 0 0 0
18 GAC 0 11 0 0 0 0 0 0 0 0 0 0 0 0 0 0 0 0 0 0 0 0 0 0 0 0 0 0 0 0 0 0 8 241940 2 20 0 2 0 0 0 21 0 0 0 0 0 0 0 5 0 0 0 0 0 0 0 0 0 0 0 0 0 0
19 ACA 11 0 5 0 239573 11 62 4 4 0 72 19 7 0 0 0 9 0 3 11 4 0 0 0 0 0 0 3 0 0 0 0 0 0 5 0 4 0 0 0 0 0 0 0 0 0 0 4 0 0 0 2 3 11 2 0 0 0 0 0 2 7 9 0
20 ATA 4 0 0 0 11 0 0 0 1 0 0 0 242659 2 31 21 0 0 0 0 0 0 0 0 0 0 0 0 1 1 0 0 0 0 0 0 0 0 0 0 0 0 0 0 11 0 3 0 0 0 0 0 0 0 0 0 0 0 0 0 3 0 0 0
21 TGT 0 0 0 0 0 0 0 0 0 0 0 2 0 0 0 0 0 0 0 0 0 0 0 0 0 0 0 3 0 0 0 0 0 0 0 0 0 0 0 0 0 0 0 1 0 0 0 0 0 0 0 17 0 0 0 0 1 135 2 242287 0 0 0 5
22 ATA 3 0 0 0 12 0 0 0 2 0 0 0 242280 3 33 12 0 0 0 0 0 0 0 0 0 0 0 0 2 0 0 0 0 0 0 0 0 0 0 0 0 0 0 0 52 0 0 0 3 0 0 0 0 0 0 0 0 0 0 0 1 0 0 0
23 GGC 0 0 0 0 0 0 0 0 0 11 0 0 0 0 0 0 0 0 0 0 0 0 0 0 0 0 0 0 0 0 0 0 0 19 0 0 0 0 0 0 40 242402 29 15 0 4 0 0 0 0 0 0 0 0 0 0 0 22 0 0 0 0 0 0
24 TAC 0 2 0 0 0 1 0 0 0 0 0 0 0 0 0 0 0 25 0 0 0 0 0 0 0 0 0 0 0 0 0 0 0 0 0 0 0 0 0 0 0 0 0 0 0 0 0 0 5 242250 3 43 0 4 0 0 0 7 0 0 0 3 0 0
25 CAT 0 0 0 7 0 0 0 0 0 0 0 0 0 2 0 0 2 14 2 242399 0 0 0 3 0 0 0 20 0 0 5 4 0 0 0 0 2 0 0 0 0 0 0 0 0 0 0 0 0 0 0 6 0 0 0 0 0 0 0 0 0 0 0 0
26 GCG 0 0 0 2 0 0 32 0 0 3 0 0 0 0 0 0 0 0 0 0 0 0 0 0 0 0 0 0 0 0 0 0 0 0 7 0 75 6 241382 6 0 0 4 0 0 0 35 0 0 0 0 0 0 1 7 0 0 0 0 0 0 0 0 0
27 AAC 2 238738 2 24 0 2 0 0 0 19 0 0 0 0 0 0 0 0 0 0 0 0 0 0 0 0 0 0 0 0 0 0 0 10 0 0 0 0 0 0 0 0 0 0 0 0 0 0 0 0 0 0 0 0 0 0 3 0 0 0 0 0 0 0
28 AAC 1 240708 0 10 0 0 0 0 0 5 0 0 0 0 0 0 0 2 0 0 0 0 0 0 0 0 0 0 0 0 0 0 0 9 0 0 0 0 0 0 0 0 0 0 0 0 0 0 0 0 0 0 0 0 0 0 0 0 0 0 0 0 0 0
29 TCA 0 0 0 1 8 0 0 0 0 0 0 0 0 0 0 0 0 0 0 0 28 0 0 0 0 0 0 0 0 0 0 0 0 0 0 0 0 0 1 1 0 0 0 3 0 0 0 0 3 0 0 0 241858 5 28 4 0 0 0 0 2 0 0 0
30 ACC 0 19 0 0 10 242029 9 51 0 0 0 0 0 17 0 0 0 0 0 0 0 1 0 0 0 0 0 0 0 0 0 0 0 0 0 0 0 11 0 0 0 0 0 0 0 0 0 0 0 0 0 0 0 0 0 0 0 0 0 0 0 0 0 0
31 GAC 0 52 0 0 0 2 0 0 0 0 0 0 0 0 0 0 0 0 0 0 0 0 0 0 0 0 0 0 0 0 0 0 7 238024 3 14 0 1 0 0 0 8 0 0 0 0 0 0 2 5 0 0 0 0 0 0 0 0 0 0 0 0 0 0
32 ACT 0 0 0 2 9 16 6 239484 0 0 0 0 0 0 2 8 0 2 0 0 0 0 0 2 0 0 2 0 0 0 0 0 0 0 0 0 0 0 0 13 0 0 0 0 0 0 0 4 0 0 0 0 0 0 0 0 0 0 0 0 0 0 0 0
33 GTT 0 0 0 0 0 0 0 0 0 0 0 0 0 0 0 33 0 0 0 0 0 0 0 0 0 0 0 0 0 0 0 2 0 0 0 0 0 0 0 11 0 0 0 1 13 31 2 241684 0 0 0 0 0 0 0 0 0 0 0 0 0 0 0 3
34 GAC 0 14 0 0 0 0 0 0 0 0 0 0 0 0 0 0 0 0 0 0 0 0 0 0 0 0 0 0 0 0 0 0 3 241584 2 20 0 1 0 0 0 14 0 0 0 0 0 0 0 5 0 0 0 0 0 0 0 0 0 0 0 0 0 0
35 ACA 2 0 0 0 242448 2 21 12 0 0 0 0 4 0 0 0 0 0 0 0 0 0 0 0 0 0 0 0 0 0 0 0 0 0 0 0 5 0 0 0 0 0 0 0 0 0 0 0 0 0 0 0 0 0 0 0 0 0 0 0 0 0 0 0
36 ATA 2 0 0 0 15 0 0 0 2 0 0 0 241892 5 14 15 0 0 0 0 0 1 0 0 0 0 0 0 0 0 0 0 0 0 0 0 4 0 0 0 0 0 0 0 11 0 0 0 0 0 0 0 0 0 0 0 0 0 0 0 1 0 0 0
37 CTC 0 1 0 0 14 51 3 0 10 78 174 0 4 10 0 0 5 2 1 0 0 11 0 0 28 1 9 0 4 241217 18 36 0 0 0 0 0 0 0 0 0 0 2 0 0 3 0 0 0 15 0 1 0 4 0 0 0 0 0 0 0 12 4 0
38 GAG 0 0 35 0 1 0 0 0 0 0 0 0 0 0 0 0 0 0 1 0 0 0 0 0 0 1 0 0 0 0 0 0 43 0 242050 7 3 1 3 0 0 0 18 0 0 0 1 0 0 0 10 0 9 0 0 1 0 0 0 0 0 0 0 0
39 AAG 56 0 209904 4 0 0 3 0 0 0 21 0 0 0 4 0 0 0 0 0 0 0 0 0 1 0 4 0 0 0 0 0 0 0 6 0 0 0 0 0 0 0 0 0 0 0 0 0 0 0 1 0 0 0 0 0 0 0 0 0 0 0 0 0
40 AAT 7 11 3 241656 0 0 0 4 0 0 0 15 0 0 0 2 0 1 0 0 0 0 0 0 0 0 0 0 0 0 0 0 0 0 2 23 0 0 0 0 1 0 1 0 0 0 0 0 0 0 0 1 0 1 0 0 1 0 0 0 0 0 0 0
41 GTG 0 0 0 0 0 0 0 0 0 0 0 0 0 0 9 0 0 0 0 0 0 0 0 0 0 0 0 0 0 0 1 0 0 0 2 0 0 0 4 0 0 0 13 0 31 3 241413 16 0 0 0 0 0 0 0 0 0 0 0 0 0 0 1 0
42 GCA 0 0 3 0 28 0 0 0 0 0 0 0 0 0 0 0 0 0 0 0 43 0 0 0 0 1 0 0 0 0 0 0 3 0 3 0 237598 4 37 0 0 0 0 0 78 0 0 0 0 0 0 0 5 0 0 0 0 0 0 0 0 0 0 0
43 GTG 0 0 0 0 0 0 0 0 0 0 0 0 0 0 20 0 0 0 0 0 0 0 0 0 0 0 0 0 0 0 0 0 0 0 0 0 0 0 3 0 0 0 0 0 35 0 239441 5 0 0 0 0 0 0 0 0 0 0 0 0 0 0 8 0
44 ACA 2 0 0 0 233452 4 10 11 0 0 0 0 7 0 0 0 0 0 0 0 0 0 0 0 0 0 0 0 0 0 0 0 0 0 0 0 16 0 0 0 0 0 0 0 0 0 0 0 0 0 1 0 2 0 0 0 0 0 0 0 0 0 0 0
45 CAT 0 0 0 1 0 0 0 0 0 0 0 0 0 0 0 0 3 35 2 233044 0 0 0 2 0 0 0 4 0 0 0 2 0 0 0 1 0 0 0 0 0 0 0 0 0 0 0 0 0 0 0 5 1 0 0 0 0 0 0 0 0 0 0 0
46 TCT 0 0 0 0 0 0 0 0 0 0 0 1 0 0 0 0 0 0 0 0 0 0 0 4 0 0 0 0 0 0 0 0 0 0 0 0 0 0 0 0 0 0 0 0 0 0 0 0 0 0 0 2 6 80 2 233753 0 0 0 1 0 0 4 8
47 GTT 0 0 0 0 5 0 0 0 0 0 0 0 0 0 0 37 0 0 0 0 0 0 0 0 1 3 2 0 0 3 0 0 0 0 0 0 0 0 0 11 0 0 0 3 18 54 8 229952 0 8 0 2 0 0 0 0 0 0 0 0 0 0 0 12
48 AAC 5 233792 0 39 0 13 0 2 0 14 0 0 0 0 0 0 0 0 0 0 0 0 0 0 0 0 0 0 0 0 0 0 0 25 0 1 0 0 0 0 0 0 0 0 0 0 0 0 0 0 0 0 0 4 0 0 0 0 0 0 0 0 0 0
49 CTG 0 0 0 0 0 0 0 0 0 0 0 0 1 0 9 0 0 0 2 0 0 0 13 1 0 0 1 0 51 4 230366 7 0 0 0 0 0 0 0 0 0 0 0 0 0 0 0 0 0 0 0 0 0 0 0 0 0 0 0 0 0 0 14 0
50 CTC 0 0 0 0 0 0 0 0 0 0 0 0 0 7 1 0 0 0 0 0 0 7 0 0 0 1 0 0 15 226587 1 24 0 0 0 0 0 0 0 1 0 0 0 0 0 2 0 0 0 0 0 0 0 0 1 0 0 0 0 0 1 6 0 0
51 GAA 15 0 0 0 1 6 0 2 0 0 0 0 0 5 0 0 0 0 0 0 0 0 0 0 0 0 0 0 0 0 0 0 179258 1 16 2 0 0 0 0 7 0 0 0 0 1 2 0 2 0 0 0 0 0 0 0 0 0 0 2 0 0 0 0
52 GAC 0 12 0 0 0 0 0 0 0 0 0 1 0 3 0 0 0 6 0 0 0 0 0 0 0 0 0 0 0 0 0 0 3 141316 7 29 0 1 2 0 0 14 0 0 0 2 1 0 0 1 0 0 3 4 0 0 0 0 0 0 0 0 0 0
53 AGC 2 37 0 0 16 1 0 3 2 161094 7 65 0 17 0 0 0 1 0 0 0 0 0 0 7 15 0 0 0 5 1 0 0 0 0 0 0 9 1 0 0 34 3 2 0 2 0 8 0 0 0 0 3 0 6 4 0 2 0 0 1 0 0 0
54 CAC 0 5 2 0 0 0 0 0 0 0 0 2 0 0 0 0 5 133663 0 5 1 1 0 0 0 6 0 0 0 0 0 0 0 1 0 0 0 0 0 3 0 0 0 0 0 0 0 0 0 2 0 0 0 0 0 0 0 0 0 0 0 0 0 0
55 AAC 3 180758 0 32 0 1 0 0 0 8 0 0 0 0 0 0 0 1 0 0 0 0 0 0 0 0 0 0 0 0 0 0 0 13 0 0 0 0 0 0 0 0 0 0 0 0 0 0 0 0 0 0 0 0 0 0 0 0 0 0 0 0 0 0
56 GGG 0 0 0 0 0 0 1 0 0 5 22 1 0 0 0 0 0 12 0 0 0 0 0 0 0 0 16 0 0 0 0 0 0 0 23 0 0 0 7 0 34 7 207552 3 0 0 1 0 0 0 0 0 0 8 0 0 0 0 3 0 0 0 0 0
57 AAA 232463 3 29 0 3 0 0 0 15 0 2 0 0 0 0 0 1 9 0 4 0 0 0 0 4 0 0 2 0 1 1 0 33 0 0 0 0 0 5 0 1 0 0 0 2 0 0 0 0 1 0 0 0 0 0 0 0 0 0 0 0 0 0 0
58 CTA 0 2 0 0 0 0 0 5 0 0 0 0 2 0 0 0 4 2 0 0 14 0 0 0 2 0 0 0 197434 10 33 6 0 0 0 0 0 0 0 0 0 0 0 0 0 0 0 0 0 0 0 1 0 0 0 0 0 0 0 0 27 0 0 0
59 TGT 0 0 0 0 0 0 0 0 0 0 0 1 0 0 12 0 0 0 0 0 0 0 0 0 0 0 0 8 0 0 0 0 0 0 0 0 0 0 0 0 0 0 1 0 2 0 0 0 0 0 0 13 0 0 0 1 1 41 0 218764 0 0 0 0
60 AAA 238104 20 31 9 3 0 0 7 20 20 0 6 0 0 0 0 0 2 0 8 0 0 0 0 0 9 1 41 1 5 1 0 26 0 0 0 0 3 0 6 0 0 0 0 0 0 0 0 19 48 2 12 7 16 1 18 0 0 8 0 3 1 1 5
61 TTA 0 0 0 0 0 0 0 0 0 0 0 0 21 0 0 13 0 0 0 0 0 0 0 0 0 0 0 0 25 0 0 78 0 0 0 0 0 0 0 0 0 0 0 0 15 2 0 4 3 0 0 0 18 0 0 0 0 0 0 0 238619 0 54 2
62 AAA 239668 15 497 144 0 0 0 0 32 0 0 0 0 0 1 0 2 0 0 1 0 0 0 0 1 0 0 0 0 0 0 0 8 0 0 0 0 6 1 0 1 1 2 4 0 0 0 0 1 31 0 0 3 0 3 5 0 0 0 0 0 0 0 9
63 GGA 0 1 0 0 0 0 0 0 23 0 0 0 0 0 0 0 0 0 0 0 0 0 0 0 0 0 0 0 0 0 0 0 34 0 0 0 1 0 0 0 239862 4 29 0 3 0 0 0 0 0 0 0 1 0 0 0 6 0 0 0 0 0 0 0
64 ATA 2 0 1 0 9 0 0 0 2 0 0 0 229232 5 103 36 0 0 0 3 0 0 0 0 1 2 2 0 10 0 0 2 0 0 1 0 10 0 0 0 0 0 0 0 15 9 0 0 0 0 0 0 0 0 0 0 0 0 0 0 1 0 1 0
65 GCC 0 0 5 0 4 23 7 0 0 6 0 0 0 0 0 0 3 0 2 0 16 10 0 3 0 0 0 1 0 0 0 0 56 25 0 0 4 230290 5 8 2 0 4 0 0 15 0 0 0 4 0 0 0 19 2 0 0 0 5 0 0 0 2 0
66 CCA 0 0 0 0 1 0 0 0 0 0 0 0 0 0 0 0 3 0 0 0 232048 0 8 6 0 0 0 0 0 0 0 0 0 0 0 0 0 0 0 0 0 0 0 0 0 0 0 0 0 0 0 0 4 0 0 0 0 0 0 0 0 0 0 0
67 CTA 0 0 0 0 0 0 0 0 0 0 0 0 4 0 0 0 2 0 0 0 32 0 0 0 1 0 0 0 240536 0 26 5 0 0 0 0 0 0 0 0 0 0 0 0 3 0 0 0 0 0 0 0 0 0 0 0 0 0 0 0 9 0 0 0
68 CAA 3 4 0 0 1 2 2 0 0 0 0 0 0 3 1 1 241373 4 16 2 2 0 0 6 7 7 2 0 5 10 9 3 13 0 0 13 9 1 5 0 0 0 0 0 0 0 0 4 9 1 0 2 1 0 2 0 0 0 0 0 11 2 0 3
69 TTG 0 0 0 0 0 0 0 0 0 0 0 0 0 0 2 0 0 0 0 0 0 0 0 0 0 0 0 0 0 0 8 0 0 0 0 0 0 0 0 0 0 0 0 0 0 0 4 0 0 0 0 0 0 0 7 0 0 0 1 0 9 0 239454 4
70 GGG 2 3 0 3 0 0 2 0 0 0 8 0 0 0 1 0 6 1 5 1 0 0 0 0 0 0 2 5 0 0 0 0 1 2 33 19 0 0 0 2 36 4 241400 42 0 0 4 0 0 0 0 0 0 1 0 0 0 0 6 0 0 1 5 0
71 AAA 241470 9 20 31 7 0 0 0 15 0 0 0 0 7 0 0 1 12 0 1 53 1 0 10 1 0 0 0 9 0 0 2 49 0 0 0 1 0 0 0 0 0 5 0 0 0 1 8 5 0 0 1 0 1 0 2 0 0 0 0 0 0 4 0
72 TGT 0 0 0 0 0 0 0 0 0 0 0 5 0 0 0 0 0 0 0 0 0 0 0 0 0 0 0 7 0 0 0 0 0 0 0 0 0 0 0 0 0 0 0 3 0 0 0 0 0 0 0 16 0 0 0 0 3 45 1 242482 0 0 0 3
73 AAC 3 241624 2 20 2 2 0 2 0 32 0 9 0 0 0 0 6 1 0 0 0 0 0 0 0 0 0 0 0 0 0 0 0 79 0 0 5 1 1 0 0 0 0 0 0 0 0 0 0 1 0 0 6 1 15 11 0 0 0 0 0 0 0 0
74 ATC 0 3 0 0 0 15 0 0 0 2 0 0 5 235817 0 18 0 0 0 0 0 0 0 0 0 0 0 0 4 4 0 1 0 0 0 0 0 0 0 0 0 0 0 0 4 11 0 3 0 0 0 0 0 0 0 0 0 0 0 0 2 0 3 0
75 ACC 0 4 0 0 20 235377 11 98 0 2 0 0 5 23 0 18 0 1 4 3 0 3 4 1 0 0 0 0 0 7 133 2 0 0 0 0 0 14 0 3 0 0 0 0 0 0 0 0 0 3 0 0 0 4 2 2 0 0 0 0 1 0 2 0
76 GGA 0 0 0 0 0 0 0 0 35 0 0 0 0 0 0 0 0 0 0 0 0 0 0 0 1 0 0 0 0 0 0 0 24 0 0 0 0 0 0 0 241654 3 38 5 1 0 0 0 0 0 0 0 0 0 0 0 2 0 0 0 0 0 0 0
77 TGG 0 0 0 0 0 0 0 0 0 0 2 0 0 0 0 0 0 0 0 0 0 0 0 0 0 0 8 0 0 0 0 0 0 0 0 0 0 0 0 0 0 0 2 0 0 0 0 0 0 0 9 0 0 0 1 0 56 0 242139 3 0 0 2 0
78 CTC 0 0 0 0 0 0 0 0 0 0 0 0 2 3 0 0 0 1 0 0 0 6 0 0 0 0 0 0 54 240893 10 10 0 0 0 0 0 0 0 0 0 0 0 0 3 8 0 0 0 0 0 0 0 0 0 0 0 0 0 0 0 9 1 0
79 TTG 0 0 0 0 0 0 0 0 0 0 0 0 0 14 2 0 0 0 0 0 0 0 0 0 0 0 0 0 21 5 81 10 0 0 0 0 0 0 0 0 0 0 0 0 0 0 7 0 0 0 0 0 0 0 23 0 0 0 1 0 24 0 241593 8
80 GGA 0 0 0 0 0 0 0 0 6 0 0 0 0 0 0 0 0 0 0 0 0 0 0 0 0 0 0 0 0 0 0 0 14 0 0 0 6 1 0 0 242111 2 24 6 1 0 0 0 0 0 0 0 0 0 0 0 4 0 0 0 0 0 0 0
81 AAT 5 75 0 241593 0 0 0 5 0 0 0 7 0 0 0 0 0 0 0 8 0 0 0 0 0 0 0 0 0 0 0 0 0 0 0 7 2 0 1 0 0 0 0 0 0 0 0 0 0 0 0 1 0 0 4 0 0 0 0 0 0 0 0 0
82 CCA 0 0 0 0 1 0 0 0 0 0 0 0 0 0 0 0 3 0 0 0 242169 11 142 6 2 0 0 0 11 0 0 0 0 0 0 0 0 0 0 0 0 0 0 0 0 0 0 0 0 0 0 0 4 0 0 0 0 0 0 0 0 0 0 0
83 GAA 19 0 0 0 0 0 0 0 0 0 0 0 0 0 0 0 6 0 0 0 0 0 0 0 0 0 0 0 0 0 2 0 241923 13 24 5 4 0 1 0 16 1 0 1 1 0 0 0 4 0 0 0 0 0 2 0 0 0 1 0 1 1 0 1
84 TGC 0 0 0 0 0 0 0 0 0 3 0 0 0 0 0 0 0 0 0 0 0 0 0 0 0 6 0 0 0 0 0 0 0 0 0 0 0 0 0 0 0 0 0 0 0 0 0 0 0 11 0 0 0 0 0 0 11 237957 4 151 0 2 0 0
85 GAC 0 29 0 0 0 0 0 0 0 0 0 0 0 0 0 0 0 1 0 0 0 0 0 0 0 0 0 0 0 0 0 0 20 242125 1 27 0 0 0 0 0 21 0 0 0 3 0 0 0 4 0 0 0 0 0 0 0 0 0 0 0 0 0 0
86 TCA 8 15 0 4 37 0 1 0 0 0 0 6 0 1 3 0 6 2 0 34 20 2 0 0 0 0 0 0 0 0 27 3 39 2 10 5 3 0 0 0 0 0 0 11 0 0 0 0 9 5 0 52 241957 28 18 8 0 0 0 0 6 1 6 1
87 CTG 0 0 0 0 0 0 0 0 0 0 0 0 6 0 5 9 0 0 7 0 0 0 7 0 0 0 1 0 93 27 242207 2 0 0 0 0 0 0 1 0 0 0 0 0 0 0 1 0 0 0 0 0 0 0 0 0 0 0 0 0 0 0 41 0
88 CTT 0 0 0 1 0 0 1 0 0 0 0 0 2 1 0 8 3 0 0 1 0 0 0 20 0 0 0 2 3 108 6 242090 2 0 0 0 0 0 5 6 0 0 0 0 0 0 0 5 0 0 0 2 0 0 0 0 0 0 0 0 6 0 14 20
89 CCA 2 1 1 21 17 16 12 3 0 13 1 2 29 13 12 5 16 1 0 13 239505 55 56 9 0 0 0 0 22 1 50 19 1 21 0 21 0 3 1 107 5 22 0 4 3 53 0 9 0 9 0 5 21 3 48 11 0 0 2 0 9 10 2 0
90 GCG 2 0 3 6 1 50 51 21 2 6 0 25 0 21 0 2 7 4 0 3 10 11 0 10 0 6 8 0 0 9 17 2 0 2 16 20 40 6 241463 17 0 0 1 0 2 10 144 0 0 0 0 2 0 0 6 0 0 0 0 0 0 118 12 7
91 AGA 45 24 8 14 1 15 4 3 242160 13 19 1 19 2 0 5 20 10 0 3 0 0 0 0 5 0 0 0 9 0 0 0 5 0 10 1 6 0 0 7 14 0 2 0 0 0 3 0 0 11 0 0 0 6 0 2 2 0 6 0 1 0 2 3
92 TCA 0 0 2 2 7 0 0 0 0 0 0 0 0 0 0 0 25 0 7 0 37 0 3 0 0 0 0 0 0 0 3 0 1 12 5 3 1 0 0 0 0 0 2 7 1 17 0 0 9 6 0 1 241757 1 62 2 0 0 2 0 6 1 0 8
93 TGG 0 0 0 0 0 0 0 0 0 0 5 0 0 0 0 0 0 0 0 0 0 0 0 0 0 0 12 0 0 0 0 0 0 0 0 0 0 0 0 0 0 0 2 0 0 0 0 0 0 0 15 0 0 0 0 0 22 1 242267 0 0 0 3 0
94 TCC 0 0 0 0 0 2 0 0 0 17 0 49 0 0 0 0 0 0 0 0 0 11 0 0 0 0 0 0 0 0 0 0 0 0 0 0 0 11 0 2 16 3 2 16 0 0 0 0 0 1 0 0 34 241791 2 20 0 0 0 0 0 11 0 0
95 TAC 0 8 0 0 0 0 0 0 0 0 0 0 0 0 0 0 0 31 0 0 0 0 0 0 0 0 0 0 0 0 0 0 0 2 0 0 0 0 0 0 0 0 0 0 0 0 0 0 7 242248 4 56 0 2 0 0 0 18 0 0 0 0 0 0
96 ATT 0 0 0 0 0 0 0 9 0 0 0 3 6 22 1 243965 0 0 0 0 0 0 0 0 0 0 0 0 0 0 0 2 0 0 0 0 0 0 0 0 0 0 0 0 1 0 0 7 0 0 0 0 0 0 0 0 0 0 0 0 0 0 0 4
97 GTA 0 0 0 0 0 0 0 0 0 0 0 0 24 0 0 3 0 0 0 0 0 0 0 0 0 0 0 0 1 0 0 0 1 0 1 0 14 0 0 0 0 0 0 0 244145 17 39 26 0 0 0 0 0 0 0 0 0 0 0 0 1 0 0 0
98 GAA 19 0 0 0 0 0 0 0 0 0 0 0 0 0 0 0 0 0 0 0 0 0 0 0 0 0 0 0 0 0 0 0 244363 5 13 1 0 0 0 0 12 0 0 0 1 0 0 0 4 0 0 0 0 0 0 0 0 0 0 0 0 0 0 0
99 ACA 5 2 0 0 243869 4 22 4 3 3 0 0 30 0 0 0 2 0 0 0 12 0 0 0 9 6 0 0 11 0 0 0 2 23 11 0 20 0 3 3 0 0 1 45 0 0 0 1 0 10 0 0 15 0 87 0 0 0 1 0 10 0 0 0
100 CCA 0 0 0 13 8 26 0 0 0 0 0 0 0 0 8 0 6 2 24 11 243662 5 29 1 0 0 0 0 5 0 5 2 0 1 2 0 1 2 0 0 0 0 0 0 6 0 12 0 0 5 0 0 19 8 0 0 0 0 9 0 0 0 0 1
101 AAC 5 240050 2 40 0 8 0 1 6 16 12 6 0 0 0 0 0 3 2 0 2 0 0 3 2 1 0 0 0 0 1 0 4 43 0 0 0 2 1 0 0 0 0 48 0 0 1 0 0 0 0 1 0 0 4 0 0 0 0 0 0 0 0 0
102 TCT 0 3 0 8 12 19 6 3 0 0 0 0 0 0 0 0 5 0 19 0 3 1 0 18 0 0 0 0 0 0 0 0 0 0 1 0 2 0 0 1 11 0 0 0 0 0 0 0 0 0 0 4 4 56 4 243892 0 0 2 1 0 0 0 2
103 GAG 0 0 28 0 2 0 5 0 0 0 0 0 0 0 0 0 1 0 17 0 2 0 1 0 0 5 0 0 0 0 0 0 47 0 243376 7 11 1 4 0 0 0 50 1 0 1 9 0 0 0 3 0 0 0 0 0 0 0 0 0 0 4 0 0
104 AAT 9 9 4 243843 1 0 1 9 0 0 0 12 1 5 2 3 1 19 1 24 0 0 0 0 0 0 0 0 0 8 47 0 11 1 2 34 0 0 0 1 4 0 0 0 2 24 0 0 0 11 0 92 2 0 0 1 0 1 8 0 25 6 8 0
105 GGA 0 0 0 0 0 0 0 0 19 0 0 0 0 0 0 0 0 0 0 0 0 0 0 0 0 0 0 0 0 0 0 0 12 0 0 0 0 0 0 0 243891 1 34 10 1 0 0 0 0 0 0 0 0 0 0 0 7 0 0 0 0 0 0 0
106 GCA 0 0 0 0 25 0 0 0 0 0 0 0 0 0 0 0 0 0 0 0 14 3 2 0 0 0 0 0 2 0 3 1 6 0 0 0 244022 4 13 3 0 0 0 0 34 0 0 0 0 0 0 0 7 0 0 0 0 0 0 0 0 5 0 0
107 TGT 0 0 0 0 0 0 0 0 0 0 0 1 0 0 0 0 0 0 0 0 0 0 0 0 0 1 0 9 0 0 0 0 0 0 0 0 0 0 0 0 0 0 0 0 0 0 0 0 0 0 0 31 0 0 0 0 1 22 1 242972 0 0 0 5
108 TAT 0 0 0 3 0 0 0 0 0 0 0 0 0 0 0 0 0 0 0 15 0 0 0 0 0 0 0 0 0 0 0 0 0 0 0 0 0 0 0 0 0 0 0 0 0 0 0 0 2 40 0 243845 0 0 0 1 0 0 0 13 0 0 0 0
109 CCA 0 0 0 0 1 0 0 0 0 0 0 0 0 0 0 0 8 0 0 0 243284 13 78 20 0 0 0 0 5 0 0 0 0 0 0 0 0 0 0 0 0 0 0 0 0 0 0 0 0 0 0 0 4 0 0 0 0 0 0 0 0 0 0 0
110 GGA 0 0 0 0 0 0 0 0 6 0 0 0 0 0 0 0 0 0 0 0 0 0 0 0 1 0 0 0 0 0 0 0 9 0 0 0 0 0 0 0 244542 4 20 39 4 0 0 0 0 0 0 0 0 0 0 0 7 0 0 0 0 0 0 0
111 GAT 3 0 0 33 0 0 0 3 0 0 1 1 0 0 0 0 0 0 0 0 0 0 0 2 0 0 1 0 0 0 0 0 5 49 1 244167 0 0 1 1 2 0 0 18 0 0 0 11 0 0 0 4 0 0 0 0 0 0 0 0 0 0 0 0
112 CTC 0 0 0 0 0 0 0 0 0 0 0 0 7 1 0 3 0 5 0 0 0 48 0 0 0 1 0 0 2 244158 0 6 0 0 0 0 0 0 0 0 0 0 0 0 0 1 45 0 0 0 0 0 0 0 0 0 0 0 2 0 0 8 2 10
113 ATC 0 2 0 0 0 28 19 0 0 1 0 0 28 243381 2 70 0 11 12 6 0 0 0 0 1 0 0 0 0 3 0 2 0 0 18 0 3 43 0 0 43 21 38 0 2 8 0 3 0 6 0 0 6 1 1 0 0 0 0 0 5 16 0 17
114 GAC 0 69 0 0 0 0 0 0 0 0 0 0 0 0 1 0 0 5 0 0 0 0 0 0 0 0 0 0 0 0 1 0 5 242879 9 13 0 0 4 0 0 17 1 0 0 0 0 0 0 4 6 0 0 0 0 0 0 0 0 0 0 0 0 0
115 TAT 0 1 0 4 1 0 3 0 0 19 0 0 20 0 10 0 0 1 0 22 0 2 0 0 0 0 0 0 2 0 0 1 0 0 0 0 0 0 4 0 0 1 0 0 0 0 0 0 2 25 2 240230 8 0 1 4 0 0 0 15 2 1 16 0
116 GAG 0 0 5 0 0 0 0 0 0 0 0 0 0 0 0 0 0 0 0 0 2 1 0 0 0 0 0 0 0 0 0 0 24 1 243514 12 1 1 2 0 2 0 58 0 0 0 11 0 0 0 3 0 0 0 0 0 0 0 0 0 0 0 0 0
117 GAA 22 0 0 0 0 0 0 0 0 0 0 0 0 0 0 0 0 0 0 0 0 0 0 0 0 0 0 0 0 0 0 0 244291 1 42 0 0 0 0 0 11 0 0 0 2 0 0 0 4 0 0 0 0 0 0 0 0 0 0 0 0 0 0 0
118 CTG 0 0 0 0 0 0 2 0 0 0 0 0 0 0 3 0 0 0 7 0 0 0 23 0 0 0 0 0 21 3 243648 12 0 0 0 0 0 0 0 0 0 0 0 0 0 0 0 0 0 0 0 0 0 0 0 0 0 0 0 0 0 0 36 0
119 AGG 0 0 28 0 0 0 1 0 44 0 243607 4 0 0 14 0 0 0 0 0 0 0 0 0 3 2 4 0 1 0 0 0 0 0 0 0 0 0 0 0 0 0 46 0 0 0 0 1 0 1 0 25 0 0 0 0 0 0 2 1 0 3 0 4
120 GAG 0 0 15 0 0 0 0 0 0 0 0 0 0 0 0 0 0 0 0 0 0 0 0 0 0 0 0 0 0 0 0 0 52 0 244140 5 0 0 3 0 0 0 14 0 0 0 1 0 0 0 1 0 0 0 0 0 0 0 0 0 0 0 0 0
121 CAA 4 0 0 0 0 0 0 0 0 0 0 0 0 0 0 0 243794 1 34 3 1 0 0 0 4 2 0 0 2 0 0 0 0 0 0 0 0 0 0 0 0 0 0 0 0 0 0 0 130 0 0 0 0 0 0 0 0 0 0 0 0 0 0 0
122 TTG 0 1 0 0 0 0 0 0 0 0 0 0 0 0 7 0 0 0 0 0 0 0 0 0 0 0 0 0 0 37 26 0 0 0 0 0 0 0 0 0 0 0 0 0 0 0 5 0 0 0 1 0 0 0 10 0 0 0 1 0 29 0 243647 7
123 AGC 0 27 0 0 1 0 7 1 5 244250 0 53 0 11 0 5 0 0 0 0 0 0 0 0 0 0 0 0 2 0 0 0 0 0 0 0 0 0 0 0 0 25 0 2 0 0 0 0 0 0 0 0 1 0 0 0 0 4 0 0 0 6 0 3
124 TCA 0 0 0 0 3 2 1 0 0 0 0 1 0 0 0 0 0 0 0 0 13 0 0 0 0 0 0 0 0 0 9 0 0 0 0 0 4 0 0 1 0 0 5 0 0 2 0 1 8 0 0 7 242151 4 54 4 0 0 0 0 8 0 0 1
125 GTA 0 0 0 0 7 0 0 8 0 1 0 0 37 19 0 2 0 0 0 0 0 0 0 0 0 0 0 0 0 0 0 0 0 0 0 0 26 0 0 60 3 0 0 0 243999 6 26 6 0 0 0 0 0 1 1 0 0 0 0 1 6 0 0 14
126 TCA 0 0 3 8 3 0 11 0 0 1 6 5 0 6 15 0 0 0 0 0 19 0 0 0 4 0 0 0 8 0 0 0 0 3 10 2 17 0 1 0 0 0 3 2 1 0 35 0 3 3 0 0 243413 58 19 1 0 0 0 0 5 0 0 0
127 TCA 0 0 2 0 6 0 0 0 2 6 0 0 0 0 0 0 0 0 0 0 18 0 0 0 15 0 0 0 1 0 0 0 0 0 0 1 5 0 1 0 1 0 0 0 0 0 1 1 2 0 0 3 243874 10 11 1 0 0 0 0 12 0 0 0
128 TTA 0 0 0 0 0 0 0 0 0 0 0 2 0 0 25 0 0 1 0 0 0 0 0 0 0 0 0 0 20 0 0 0 0 0 0 0 0 5 0 0 1 0 0 0 15 6 0 1 1 7 0 7 8 0 0 0 1 0 2 0 243440 5 25 1
129 GAA 18 0 0 0 0 1 0 0 0 0 0 0 0 0 0 0 1 1 0 1 0 0 0 0 0 0 0 0 0 0 0 0 243378 5 19 1 1 0 0 0 20 0 0 0 0 0 0 2 7 0 0 0 0 0 0 0 0 0 0 0 0 0 0 0
130 AGA 20 0 0 0 0 0 0 0 243727 1 27 1 6 0 0 0 0 0 0 0 0 0 0 0 7 0 0 0 0 0 0 0 0 0 0 0 0 0 0 0 15 0 0 0 0 0 0 0 0 0 0 0 0 0 0 0 5 0 0 0 0 0 0 0
131 TTC 0 0 0 0 0 0 0 0 0 0 0 0 0 1 0 0 0 0 0 0 0 0 0 0 0 0 0 0 0 6 0 0 0 0 0 0 0 0 0 0 0 0 0 0 0 1 0 0 0 0 0 0 0 4 0 0 0 1 0 0 5 243017 0 43
132 GAA 9 0 0 0 0 0 0 0 0 0 0 0 0 0 0 0 0 0 0 0 0 1 0 0 0 0 0 0 0 0 0 0 244518 4 13 4 1 0 0 0 12 0 0 0 0 0 0 0 4 0 0 0 0 0 0 0 0 0 0 0 0 0 0 0
133 ATA 3 0 0 0 4 0 0 0 0 0 0 0 243128 0 17 11 0 0 0 0 0 0 0 0 0 0 0 0 13 0 0 0 0 0 0 0 0 0 0 0 0 0 0 0 10 0 0 0 0 0 0 0 0 0 0 0 0 0 0 0 3 0 0 0
134 TTT 0 0 0 0 0 0 0 0 0 0 0 0 0 0 0 2 0 0 0 0 0 0 0 0 0 0 0 0 0 0 0 6 0 0 0 0 0 0 0 0 0 0 0 0 0 0 0 1 0 0 0 0 0 0 0 11 0 0 0 3 3 40 0 243581
135 CCC 0 11 5 1 0 2 0 0 1 5 0 45 0 0 0 0 0 2 0 9 8 242342 5 4 0 1 0 0 0 5 0 0 6 0 2 0 0 1 2 0 0 0 0 0 0 0 0 0 0 0 0 0 1 19 0 0 0 0 0 0 0 0 0 0
136 AAG 27 7 209591 18 1 2 2 0 7 0 18 2 0 0 13 1 4 14 20 1 2 0 1 5 0 0 3 0 5 0 90 18 0 0 43 9 0 8 1 1 1 0 0 0 6 0 2 7 0 0 6 1 97 0 0 1 0 0 0 0 3 5 0 53
137 GAA 10 3 0 22 1 3 0 0 0 0 0 0 4 0 0 0 0 0 0 4 0 0 2 0 0 0 0 0 4 4 0 0 243288 13 18 10 3 0 0 0 18 0 0 1 15 0 0 0 4 0 0 0 8 0 0 26 0 0 0 0 0 0 0 2
138 AGT 0 0 0 33 7 21 5 1 10 42 4 242886 0 9 11 23 0 1 6 0 0 0 0 1 0 0 6 3 0 11 0 5 2 0 0 0 47 1 13 0 0 7 7 18 24 3 2 1 0 11 0 2 29 0 14 0 0 0 8 0 0 2 7 8
139 TCA 2 4 0 0 48 24 0 1 0 10 0 31 2 1 0 0 0 3 0 0 7 0 0 0 0 0 0 0 0 8 0 0 0 0 0 0 2 79 31 0 3 2 0 0 0 52 11 0 5 0 0 0 241854 23 52 57 1 0 11 0 10 3 0 0
140 TGG 0 0 0 0 0 0 0 0 0 0 7 0 0 0 1 0 0 0 0 0 0 0 0 0 0 0 11 0 0 0 0 0 0 0 0 0 0 0 0 0 0 0 1 0 0 0 0 0 0 0 11 5 0 0 0 0 21 0 243306 4 0 4 9 0
141 CCC 0 0 0 0 23 7 3 3 0 0 0 0 0 2 0 0 6 3 0 0 11 240932 5 29 0 1 0 0 0 14 0 2 3 0 5 0 1 14 2 0 0 0 0 0 12 4 0 0 0 0 0 0 0 49 4 0 0 0 0 0 0 0 1 0
142 AAC 5 241923 2 25 0 5 0 0 0 11 0 0 0 2 0 0 1 7 0 0 0 0 0 0 0 0 0 0 0 0 0 0 0 14 1 0 0 0 0 0 0 0 0 0 0 0 0 0 0 2 0 0 0 0 0 0 0 0 0 0 0 0 0 0
143 CAC 0 3 0 0 8 0 2 0 0 0 0 0 0 0 11 0 5 239317 2 31 2 0 0 0 0 3 0 0 0 5 0 1 0 0 0 0 2 0 0 0 0 0 0 0 1 2 0 0 0 64 0 58 0 0 4 0 0 0 0 0 1 23 0 0
144 ACA 2 0 0 0 195616 6 2 1 0 0 0 0 15 0 0 0 0 0 0 0 0 0 0 0 0 0 0 0 0 0 0 0 0 0 0 0 22 0 0 0 0 4 0 31 0 0 0 0 0 0 0 0 1 0 0 0 0 0 0 0 0 0 0 0
145 TTC 0 0 0 0 0 1 2 0 0 1 0 2 0 1 2 1 0 0 0 0 0 0 0 0 0 0 0 0 0 11 11 0 40 19 27 56 0 13 4 2 4 0 1 0 0 6 2 2 0 1 0 1 2 9 1 5 0 2 1 0 6 130541 1 15
146 AAC 2 196305 1 121 0 3 0 0 0 15 5 0 0 0 4 0 4 3 60 18 0 4 1 0 0 16 0 0 0 0 0 0 9 23 35 125 2 2 9 0 2 0 1 6 9 3 2 0 0 10 0 4 0 4 1 0 0 0 0 0 0 3 0 0
147 GGA 0 0 0 0 0 0 0 0 21 0 0 0 0 0 0 0 0 0 0 0 0 0 0 0 0 0 0 0 0 0 0 0 13 0 0 2 2 0 0 0 141426 7 13 8 3 0 0 0 0 0 0 0 0 1 0 0 2 0 0 0 0 0 0 0
148 GTA 0 0 0 1 24 40 20 36 0 9 0 23 192 15 7 1 0 0 0 0 0 0 0 0 0 0 0 0 0 0 0 1 3 0 0 0 34 0 0 0 2 0 0 0 182929 7 36 3 0 0 0 0 0 9 0 3 0 0 0 0 9 0 0 0
149 ACA 2 0 0 0 183942 2 25 7 0 2 0 1 15 0 0 0 0 0 0 0 0 0 0 0 0 0 0 0 0 0 0 0 0 0 0 0 15 0 0 0 0 0 0 0 0 0 0 0 0 0 0 0 19 1 6 12 0 0 0 0 0 0 0 0
150 GTA 0 0 0 0 1 1 0 7 0 4 0 93 62 0 2 0 1 0 11 0 0 0 0 0 0 0 0 0 0 59 4 0 1 0 0 0 186 12 1 4 1 0 0 0 191153 8 38 0 0 0 0 1 39 8 3 2 0 0 0 0 6 22 14 12
151 TCA 0 0 0 0 0 0 0 0 0 0 0 0 0 0 0 0 0 0 0 0 5 0 0 0 0 0 0 0 0 0 0 0 0 0 0 0 11 2 5 0 0 0 0 0 0 0 0 0 1 0 0 0 187488 1 26 0 0 0 0 0 13 0 0 0
152 TGC 0 0 0 0 0 0 0 0 0 3 0 0 0 0 0 0 0 0 0 0 0 0 0 0 0 4 0 0 0 0 0 0 0 0 0 0 0 0 0 0 0 0 0 0 0 0 0 0 0 42 0 0 0 1 0 0 7 184727 0 33 0 4 0 0
153 TCC 45 0 0 13 37 13 16 17 6 19 0 2 55 28 5 1 10 32 0 31 4 469 21 19 0 0 1 0 1 242 0 0 58 1 3 0 1 3 0 0 15 99 23 3 17 0 1 78 0 32 0 1 10 231888 0 23 0 4 0 0 3 69 1 23
154 CAT 2 16 0 79 93 5 4 0 22 0 0 0 187 0 51 3 5 26 23 231371 248 0 0 2 1 0 2 7 4 13 0 52 36 106 0 175 5 40 7 50 1 0 0 0 2 1 0 0 0 0 3 13 5 0 28 20 0 0 4 2 0 0 0 0
155 AGG 1 0 57 0 0 0 1 0 47 5 240036 7 6 0 62 3 16 0 1 0 0 0 0 0 24 0 19 0 2 0 1 0 5 34 1 0 0 1 0 43 6 0 305 3 0 0 0 10 0 26 249 22 3 0 20 23 0 0 16 0 2 0 4 0
156 GGA 2 0 0 0 0 0 0 0 18 0 0 2 0 0 0 0 0 15 0 0 0 0 2 0 0 0 0 0 0 0 0 0 165 0 1 0 0 20 0 0 241345 3 193 5 1 0 0 0 0 0 0 0 10 157 2 10 1 0 0 0 0 0 0 22
157 AAA 242102 0 25 15 25 8 0 0 9 0 0 1 36 0 3 74 20 1 0 0 0 0 0 0 0 0 0 0 0 0 0 16 35 3 4 2 0 8 0 0 0 14 0 7 5 5 0 0 0 7 0 0 40 3 0 0 0 0 0 0 22 11 1 2
158 AGC 0 60 0 0 0 0 0 0 2 240485 1 83 0 2 5 0 0 0 0 0 16 2 0 21 0 3 0 0 85 8 0 2 0 0 0 1 135 6 0 20 0 86 0 0 0 0 0 0 0 0 0 2 0 11 4 0 0 0 0 0 0 0 0 0
159 AGT 0 0 0 18 1 4 0 0 2 17 19 237892 0 0 0 6 2 0 0 3 0 0 0 0 0 0 0 0 0 0 0 0 0 0 15 0 4 4 0 0 6 53 5 52 0 0 0 0 0 0 0 0 0 1 2 0 0 0 0 3 0 0 0 0
160 TTT 0 0 0 0 0 0 0 0 0 0 0 0 0 0 0 0 0 2 0 0 0 2 0 0 0 0 0 0 0 2 0 8 0 0 0 0 0 0 0 0 0 0 0 0 0 0 0 1 0 0 0 2 0 0 0 4 0 0 0 1 0 17 1 240431
161 TAC 0 2 0 0 0 0 0 0 0 0 0 0 0 0 0 0 0 6 0 0 0 0 0 0 0 0 0 0 0 0 0 0 0 0 0 1 0 0 0 0 0 0 0 0 0 0 0 0 0 243249 1 58 0 1 0 0 0 15 0 0 0 5 0 2
162 AGA 29 3 0 0 0 0 0 0 243444 3 32 2 6 0 0 0 0 0 0 0 0 0 0 0 2 9 2 0 0 0 0 0 0 0 0 0 0 0 0 0 50 0 0 0 0 0 0 0 0 0 0 0 0 1 0 0 2 0 0 0 0 0 0 0
163 AAT 3 24 0 242553 0 0 0 8 0 0 0 9 0 0 0 3 0 0 0 17 0 0 0 0 0 0 0 0 0 0 0 0 0 0 0 5 0 0 0 0 0 0 0 0 0 0 0 0 0 0 0 0 0 0 0 0 0 0 0 0 0 0 0 0
164 TTG 0 0 0 0 0 0 0 0 0 0 0 0 0 20 1 14 0 0 0 0 0 0 0 0 0 0 0 0 5 0 21 0 0 0 0 0 0 0 0 0 0 0 0 0 0 1 4 0 0 0 0 0 0 0 5 0 0 0 0 0 37 0 243035 4
165 CTA 0 0 0 0 0 0 0 0 0 0 0 0 6 0 0 0 0 0 0 0 20 0 0 0 2 0 0 0 244011 10 27 11 0 0 0 0 0 0 0 0 0 0 0 0 0 0 7 0 0 0 0 0 0 0 0 0 0 0 0 0 36 0 0 0
166 TGG 0 0 0 0 0 0 0 0 0 0 3 0 0 0 0 0 0 0 0 0 0 0 0 0 0 0 2 0 0 0 0 0 0 0 0 0 0 0 0 0 0 0 2 0 0 0 0 0 0 0 115 0 0 0 0 0 26 1 243659 7 0 0 6 0
167 CTG 0 0 0 0 0 0 0 0 0 0 0 0 14 0 8 0 0 0 4 0 0 0 23 0 0 0 2 0 46 3 239579 40 0 0 0 0 0 0 0 0 0 0 0 0 0 3 18 0 0 0 0 0 0 0 0 0 0 0 0 0 8 0 47 0
168 ACG 0 0 6 0 40 0 242771 22 0 0 4 0 0 0 77 0 0 0 0 0 0 0 1 0 0 0 0 0 2 0 0 0 0 0 0 0 0 0 38 0 0 0 0 0 0 0 0 0 0 0 0 0 0 0 0 8 0 0 0 0 0 0 0 0
169 AAG 44 1 242894 15 0 2 4 13 0 0 33 0 0 0 8 0 3 7 30 1 0 0 0 0 0 2 0 3 4 1 0 0 0 0 27 0 6 7 157 1 0 0 14 0 0 0 0 2 0 0 1 0 0 4 4 45 0 0 0 0 0 0 0 0
170 AAG 34 7 240305 16 0 11 5 0 1 8 20 0 0 0 65 0 0 0 30 8 0 0 0 0 8 0 4 8 4 13 3 0 0 6 17 1 6 58 66 10 0 0 0 0 7 1 1 0 0 18 0 0 0 3 4 4 0 0 0 0 0 1 11 0
171 GGG 6 43 1 3 1 29 1 0 0 6 9 0 0 1 0 1 18 3 3 2 0 1 0 0 0 0 46 0 0 12 9 1 1 10 55 8 0 17 3 3 41 0 240874 0 0 0 15 1 0 0 0 0 1 0 1 0 0 0 6 0 0 19 0 0
172 GAT 0 1 0 47 0 2 6 0 0 0 0 0 0 0 4 0 0 0 0 0 15 0 0 0 0 0 0 0 0 0 3 0 15 17 66 243554 0 2 0 3 0 0 1 39 2 0 0 4 0 0 0 1 0 1 0 2 0 0 0 0 0 0 1 0
173 TCA 0 14 0 7 4 87 35 24 0 33 2 6 7 11 0 2 2 9 7 2 21 0 0 0 6 2 0 0 8 10 50 0 142 78 4 117 2 0 0 0 1 15 0 0 13 10 23 20 9 50 0 19 242902 37 55 9 0 0 0 0 19 1 0 13
174 TAC 0 1 0 0 0 0 0 0 0 0 0 0 0 0 0 0 0 7 0 0 0 1 0 0 0 0 0 0 0 0 0 0 0 0 0 0 0 0 0 0 0 0 0 0 0 0 0 0 2 243553 1 48 0 3 0 0 0 35 13 0 0 7 0 0
175 CCA 252 4 18 126 105 19 0 12 40 6 8 68 4 2 1 0 43 39 290 16 241997 8 36 12 1 121 0 0 9 24 0 16 10 8 0 9 35 0 3 1 12 68 65 0 66 3 20 18 0 34 0 11 38 2 1 3 0 0 0 9 1 0 1 1
176 AAG 70 0 243596 9 51 2 13 6 0 0 69 0 0 0 10 2 0 16 10 31 75 1 12 0 1 0 0 0 0 56 2 6 0 0 19 0 0 2 11 3 0 0 0 0 0 13 18 4 0 3 1 8 0 0 1 5 0 0 7 0 8 5 0 2
177 CTG 0 0 0 0 16 3 2 11 0 8 0 0 0 3 10 73 0 4 4 0 0 0 8 2 0 0 1 0 42 11 243667 24 0 0 0 0 0 9 5 0 0 0 1 0 7 0 19 98 0 0 0 0 2 0 0 11 0 0 0 0 0 3 16 6
178 ACC 0 13 0 0 4 243596 2 13 0 3 0 0 0 16 0 5 4 0 1 0 0 0 0 0 0 0 0 0 3 28 3 8 0 0 14 0 12 27 0 20 13 0 2 0 3 9 1 4 0 0 0 1 7 3 0 0 0 0 0 0 33 1 0 0
179 AAT 5 20 2 244190 20 0 0 7 0 0 0 18 0 0 0 1 12 0 0 1 0 0 0 0 0 0 0 0 0 1 1 0 0 0 3 4 0 19 0 2 0 0 2 2 0 0 1 0 0 1 0 4 0 0 0 1 0 0 0 3 1 0 0 1
180 TCC 2 8 0 1 4 5 7 0 16 8 0 0 0 0 0 0 20 0 0 0 0 8 0 0 5 33 0 1 0 0 0 0 19 0 27 0 0 14 9 0 0 0 0 0 4 0 2 0 0 7 0 5 12 243513 0 11 0 1 1 0 2 26 1 0
181 TAT 0 0 0 3 0 0 0 0 0 0 0 0 0 0 0 0 0 0 0 58 0 0 0 0 0 0 0 0 0 0 0 0 0 0 0 1 0 0 0 0 0 0 0 0 0 0 0 0 3 16 3 244095 0 0 0 0 0 0 0 7 0 0 0 4
182 GTG 12 0 1 0 3 75 30 0 2 7 3 2 2 0 23 2 29 2 0 14 0 0 0 0 1 0 2 2 0 57 0 0 0 0 4 0 1 0 9 0 0 0 3 0 30 2 243144 10 0 1 0 86 13 0 2 0 0 3 6 36 20 7 4 28
183 AAC 5 244274 0 21 0 3 0 0 0 9 0 0 0 2 0 0 0 0 0 0 0 0 0 0 0 0 0 0 0 0 0 0 0 23 0 0 0 0 0 0 0 0 0 0 0 0 0 0 0 0 0 0 0 0 0 0 0 0 0 0 0 0 0 0
184 AAT 7 27 2 243979 6 2 0 9 0 7 0 22 1 1 4 1 3 0 1 11 0 0 0 0 0 0 0 0 7 0 0 0 17 1 0 10 0 0 0 14 0 0 1 0 0 0 11 0 0 0 0 1 0 0 0 13 0 3 0 0 0 2 9 0
185 AAA 243204 8 70 4 4 0 0 0 16 0 0 0 20 1 11 2 0 0 0 0 0 0 0 0 0 18 2 7 0 9 0 0 38 0 0 0 0 0 0 0 0 0 2 0 0 5 0 0 2 0 0 5 0 0 0 0 0 0 2 0 2 0 5 1
186 GGG 0 0 0 2 0 4 2 0 0 0 54 0 0 0 0 0 8 0 0 0 0 0 0 0 0 0 1 0 0 2 0 0 0 4 46 0 0 1 0 0 48 0 243176 10 0 0 1 0 0 0 0 0 1 4 41 16 0 0 20 0 0 0 0 0
187 AAA 243284 9 66 0 4 1 1 1 19 0 4 0 0 0 0 0 0 0 1 0 0 0 0 0 0 0 0 0 2 0 0 7 30 0 0 0 0 0 3 0 0 0 0 0 0 3 4 7 0 0 0 0 1 0 0 0 0 0 0 0 0 0 0 0
188 GAA 16 0 0 0 0 0 2 0 0 3 0 5 0 0 0 0 6 0 12 0 3 3 0 3 0 1 0 0 0 6 0 1 243620 22 27 3 6 0 0 0 15 0 0 0 48 0 0 0 2 0 0 4 5 0 0 0 0 0 0 0 13 0 0 0
189 GTC 0 0 0 0 0 0 0 0 0 0 0 0 0 47 0 13 0 0 0 0 0 0 0 0 0 0 0 0 0 0 0 0 0 0 0 0 0 10 0 0 0 0 0 0 4 243013 3 16 0 0 0 0 0 0 0 0 0 0 0 0 0 3 0 0
190 CTT 0 0 0 0 0 0 0 0 0 0 0 0 3 1 1 13 0 0 0 5 0 1 0 43 0 0 0 7 4 11 7 243692 0 0 0 0 0 0 0 0 0 0 0 0 0 0 0 0 0 0 0 0 0 0 0 0 0 0 0 0 0 0 0 7
191 GTA 0 0 0 0 0 0 0 0 0 0 0 0 21 5 0 123 0 0 0 0 0 0 0 0 0 0 0 0 3 0 8 2 1 0 0 0 14 0 0 0 0 0 0 0 217876 15 32 2 0 0 0 0 0 0 0 0 0 0 0 0 22 0 4 0
192 CTA 0 0 0 0 0 0 0 0 0 0 0 0 12 0 0 0 1 0 0 0 12 0 0 0 2 0 0 0 217889 2 12 5 0 0 0 0 0 0 0 0 0 0 0 0 3 0 10 0 0 0 0 0 0 0 0 0 0 0 0 0 16 1 11 0
193 TGG 0 0 0 0 0 0 0 0 0 0 3 0 0 0 0 0 0 0 0 0 0 0 0 0 0 0 6 0 0 0 0 0 0 0 0 0 0 0 0 0 0 0 1 0 0 0 0 0 0 0 16 0 0 0 0 0 12 0 217675 5 0 0 4 67
194 GGT 0 0 0 0 0 0 0 0 0 0 0 14 0 0 0 0 0 0 0 0 0 0 0 0 0 0 0 0 0 0 0 0 0 0 0 14 0 0 0 1 1 12 12 214754 0 0 0 1 0 0 0 0 0 0 0 0 0 0 0 3 0 0 0 0
195 GTT 0 0 0 0 0 0 0 0 0 0 0 0 3 0 0 63 0 0 0 0 0 0 0 0 0 0 0 0 0 0 0 1 0 0 0 0 0 0 0 34 0 0 0 2 3 47 18 216498 0 0 0 0 0 0 0 0 0 0 0 0 0 0 0 11
196 CAT 0 0 0 2 0 0 0 0 0 0 0 0 0 0 0 0 3 44 1 217149 0 0 0 2 0 0 0 16 0 0 0 3 0 0 0 0 0 0 0 0 0 0 0 0 0 0 0 0 0 0 0 15 0 0 0 0 0 0 0 0 0 0 0 0
197 CAC 0 41 0 10 0 0 0 0 0 0 0 0 0 0 2 2 2 217664 0 26 0 1 0 0 0 6 0 0 0 2 0 0 0 1 3 0 0 0 5 0 0 0 0 0 0 0 0 1 0 20 0 7 0 0 2 1 0 0 4 0 0 0 0 5
198 CCG 0 0 0 0 0 0 0 0 0 0 0 0 0 0 0 0 0 0 4 0 45 2 216916 10 0 0 0 0 0 0 14 0 0 0 0 0 0 0 0 0 0 0 0 0 0 0 0 0 0 0 0 0 0 0 17 0 0 0 0 0 0 0 0 0
199 TCT 0 0 0 0 0 0 0 0 0 0 0 1 0 0 0 0 0 0 0 0 0 0 2 28 0 0 0 0 0 0 0 0 0 0 0 0 0 0 0 0 0 0 0 0 0 2 0 0 0 0 0 72 0 44 1 217689 0 5 0 0 0 0 0 8
200 AGC 0 36 0 0 0 0 0 0 4 216716 1 72 0 2 0 0 0 0 0 1 0 0 0 0 0 2 0 0 0 0 0 0 0 0 0 0 0 0 0 0 0 39 0 1 0 0 0 0 0 0 0 0 0 0 0 0 0 1 0 0 0 0 0 0
201 AGT 0 0 1 30 3 0 1 1 0 6 1 217557 1 2 0 10 3 10 1 0 1 1 0 0 0 0 0 2 0 0 0 4 0 0 0 0 2 0 0 0 0 0 0 21 0 0 0 0 0 3 0 2 10 6 0 0 0 0 2 3 3 6 0 10
202 GAT 0 0 0 23 0 1 0 0 0 0 0 4 0 0 0 0 0 0 0 0 0 1 0 0 0 0 0 0 0 0 1 0 31 14 2 217465 0 0 0 3 0 0 0 29 0 0 7 0 0 0 0 4 0 0 0 1 0 0 0 0 2 0 1 0
203 GAG 0 0 8 0 0 0 0 0 0 0 0 0 0 0 0 0 0 0 0 0 0 0 0 0 0 0 0 0 0 0 0 0 43 0 218155 6 0 0 1 0 0 0 28 0 0 0 2 0 0 0 4 0 0 0 0 0 0 0 0 0 0 0 0 0
204 CAA 5 0 0 0 0 0 0 0 0 0 0 0 0 0 0 0 217990 2 15 1 0 0 0 0 1 0 0 0 0 0 0 0 0 0 0 0 0 0 0 3 0 0 0 0 0 0 0 0 9 0 0 0 0 0 0 0 0 0 0 0 0 0 0 0
205 CAG 0 7 4 126 0 0 0 0 0 0 0 3 0 0 4 0 40 0 217699 6 0 0 4 0 0 0 49 3 0 0 5 0 0 105 3 0 0 0 0 6 0 0 0 0 0 0 0 0 0 0 9 0 1 7 0 0 0 0 0 0 0 0 0 2
206 AGT 0 0 0 28 0 2 3 2 1 11 2 217458 4 0 2 1 0 0 0 0 0 0 0 0 0 0 0 0 0 0 3 0 0 50 6 0 0 0 0 0 0 17 18 54 0 0 2 1 0 5 0 0 0 0 0 19 0 0 0 1 0 5 0 4
207 CTC 0 0 0 0 0 0 0 0 0 0 0 0 0 5 5 0 0 0 0 0 0 4 0 0 0 1 0 0 6 217339 3 12 0 0 0 0 0 0 0 0 0 0 0 0 0 0 0 0 0 0 0 0 0 0 0 0 0 0 0 0 5 8 1 0
208 TAT 0 0 0 3 0 0 0 0 0 0 0 0 0 0 0 0 0 0 0 20 0 0 0 0 0 0 0 0 0 0 0 0 0 0 0 1 0 0 0 0 0 0 0 0 0 0 0 0 3 26 2 215053 0 0 0 0 0 0 0 2 0 0 0 0
209 AGT 0 10 0 228 15 11 2 0 2 53 1 216904 0 0 2 4 0 6 0 0 0 9 0 2 0 0 0 0 10 7 10 0 1 0 122 9 3 0 22 0 2 0 2 114 0 0 2 0 0 0 0 0 2 0 0 0 0 0 2 1 12 0 0 1
210 AAT 10 14 2 218002 0 20 0 5 0 4 0 9 5 2 0 0 1 0 0 11 8 5 0 6 0 6 0 0 0 26 1 0 0 3 0 21 1 0 0 0 4 48 110 36 0 3 0 0 0 0 0 0 1 13 5 9 0 0 0 0 14 0 1 2
211 GGA 1 8 0 21 19 0 0 0 22 44 0 4 0 14 3 0 0 2 0 4 0 64 0 2 0 0 0 0 0 0 1 9 117 1 0 0 20 2 0 2 216926 2 26 3 3 1 0 0 0 0 0 5 71 5 0 6 7 0 1 0 3 6 0 9
212 AAT 11 13 6 217520 1 0 0 8 0 0 1 25 4 0 0 2 1 7 0 14 1 35 0 3 9 0 0 0 8 1 2 26 0 0 9 16 0 0 3 3 0 0 14 0 0 0 5 0 0 10 0 0 0 0 0 0 0 0 0 0 1 1 5 25
213 GCT 2 1 1 0 31 0 13 82 0 3 0 0 0 0 0 0 0 0 1 0 37 49 3 60 0 0 0 0 0 0 0 0 0 0 0 3 0 16 10 217705 10 0 0 0 0 0 3 9 0 0 0 0 1 3 2 4 0 1 0 0 0 0 0 0
214 TAT 1 0 0 1 4 0 0 0 0 0 0 0 0 0 0 0 0 0 0 30 0 0 0 0 0 0 0 0 0 0 0 1 0 0 0 5 0 0 1 0 0 0 0 0 3 0 0 3 0 4 0 217978 0 0 0 1 0 0 0 7 2 0 0 3
215 GTC 0 0 0 0 0 0 0 0 0 0 0 0 4 64 0 16 0 0 0 0 0 0 0 0 0 0 0 0 0 0 0 0 0 0 0 0 0 12 0 0 0 0 0 0 10 217653 2 43 0 0 0 0 0 0 0 0 0 0 0 0 4 2 0 0
216 TCT 0 0 0 1 0 0 0 1 0 0 9 0 0 0 27 0 0 0 0 0 0 0 0 19 0 1 3 1 0 0 0 0 0 0 0 0 0 2 0 4 0 0 0 0 0 59 0 7 0 25 0 31 5 46 6 217967 0 0 0 5 1 0 0 25
217 GTA 0 0 0 0 0 0 0 0 0 0 0 0 29 0 0 0 0 0 0 0 0 0 0 0 0 0 0 0 0 0 0 0 0 0 0 0 7 0 0 0 2 0 0 0 216244 15 34 4 0 0 0 0 0 0 0 0 0 0 0 0 1 0 0 0
218 GCG 0 0 0 0 0 0 24 0 0 8 0 21 0 0 1 0 0 19 2 23 0 0 1 0 0 0 0 0 2 5 0 0 0 0 6 0 61 7 215701 8 0 0 4 0 3 0 56 0 0 0 0 0 0 103 24 0 0 5 14 0 0 19 0 0
219 TCT 1 0 0 0 0 0 0 4 0 3 0 0 0 0 0 0 0 0 0 0 0 0 0 11 0 0 0 0 0 0 0 0 0 0 0 0 0 5 25 0 0 8 0 0 0 0 0 0 0 0 0 31 18 112 10 217136 0 0 2 1 0 0 0 11
220 TCA 0 0 22 3 8 21 0 8 61 0 1 0 0 0 45 11 0 47 0 0 52 33 9 2 2 0 0 13 1 0 4 7 24 8 0 0 4 5 0 0 2 7 1 16 0 2 3 7 2 0 0 1 217025 22 20 7 1 0 2 0 64 0 0 0
221 AAT 4 11 9 217008 0 0 1 14 3 1 0 29 1 6 5 3 3 1 0 33 0 0 0 0 0 5 0 1 1 23 5 2 0 0 0 16 1 19 0 17 43 0 0 8 0 0 10 0 0 0 0 2 0 0 6 3 0 0 0 0 0 0 6 0
222 TAT 0 0 0 1 0 1 0 0 0 0 0 1 0 3 0 0 0 3 0 13 0 0 0 0 0 0 0 0 0 0 0 4 0 0 0 1 0 0 0 0 0 0 0 0 6 0 0 2 3 40 0 217485 0 1 1 3 0 0 0 16 6 3 0 2
223 AAC 3 216738 0 21 0 2 0 0 0 18 0 0 20 13 0 25 16 29 8 4 0 0 0 0 0 0 0 0 9 8 0 1 55 35 0 0 10 7 6 0 2 13 5 3 4 1 0 0 0 280 0 5 0 1 0 0 0 0 1 1 139 146 1 21
224 AGG 3 1 26 0 0 8 1 2 11 16 216708 28 0 0 12 0 24 35 0 4 0 0 0 0 0 64 26 3 0 0 1 0 0 0 0 0 7 0 17 1 0 0 26 6 0 0 0 0 0 0 0 0 6 0 0 0 0 1 8 0 0 0 0 0
225 AGA 20 0 0 0 0 0 0 0 217698 1 22 2 7 0 0 0 0 0 4 0 0 0 0 0 0 0 1 56 0 1 0 0 0 0 0 0 0 0 0 0 37 0 0 0 0 0 0 3 0 0 0 0 0 0 0 0 0 0 0 0 0 0 0 0
226 TTC 0 0 0 0 0 8 0 5 0 0 0 1 0 49 0 28 0 4 0 10 0 0 0 0 0 0 0 0 0 22 0 0 13 0 0 0 0 0 0 0 0 0 0 0 45 12 2 59 0 12 0 0 0 18 0 0 0 0 1 2 15 216366 2 21
227 ACC 0 10 0 0 8 216972 8 10 2 1 5 1 0 167 0 0 2 0 0 0 0 0 0 0 0 7 1 11 1 0 0 1 0 0 0 0 0 59 11 0 0 0 0 0 2 1 4 0 0 20 0 1 5 10 0 0 0 0 0 0 0 0 1 0
228 CCG 0 0 0 0 1 0 26 0 0 0 0 0 0 6 0 5 0 0 8 0 72 8 211219 55 0 0 26 0 0 0 13 0 0 0 0 0 5 1 12 9 0 0 0 0 0 0 23 12 0 0 0 0 1 0 18 0 0 0 0 0 0 0 0 0
229 GAA 14 1 0 0 42 41 5 21 0 1 3 8 0 0 0 0 3 0 3 19 0 0 0 0 0 0 0 0 0 0 0 2 165198 22 11 3 0 0 3 2 30 9 12 7 3 3 0 0 3 11 0 25 8 10 15 60 0 0 2 0 2 45 1 96
230 ATA 2 1 0 0 12 2 0 6 9 4 0 0 215716 2 33 12 0 1 6 0 0 1 6 0 2 1 0 0 5 1 0 0 0 0 0 0 0 2 0 0 0 0 0 0 56 57 34 2 0 2 0 0 0 1 0 0 0 0 0 4 2 13 0 2
231 GCT 0 2 0 0 5 25 3 206 0 3 0 19 2 0 1 0 131 13 40 0 1 0 0 0 0 0 0 0 17 20 66 26 0 0 0 3 31 33 30 216115 0 0 1 1 128 4 0 88 0 10 0 28 102 7 53 42 0 0 223 4 9 2 42 6
232 GCA 37 22 4 5 162 40 9 0 1 5 4 1 16 61 17 82 38 29 9 72 6 8 13 0 0 0 0 27 3 207 340 34 49 6 0 0 213356 2 85 3 4 5 6 43 232 114 15 39 0 8 0 5 11 0 6 1 0 5 3 10 50 12 38 95
233 AGG 0 0 26 0 0 0 0 0 61 0 216729 4 0 0 19 0 0 0 0 0 0 0 0 0 5 0 11 2 0 0 0 0 0 0 0 0 0 0 0 0 0 1 35 0 0 0 0 0 0 0 0 0 0 0 0 0 0 0 9 0 0 0 0 0
234 CCC 5 3 0 0 0 11 6 0 0 0 0 0 0 0 8 0 0 24 0 0 14 213473 13 10 0 8 0 1 0 19 3 0 0 0 0 0 0 11 0 0 0 0 0 0 32 0 0 0 0 0 0 0 0 23 0 0 0 0 0 0 3 7 18 0
235 AAA 204856 7 59 1 21 4 0 26 39 17 0 0 10 20 0 0 8 0 0 0 0 5 1 0 19 98 7 0 4 0 16 59 22 0 2 0 0 0 0 15 0 0 0 0 5 14 12 3 1 0 0 1 0 34 35 1 0 0 0 0 1 11 80 3
236 GTA 0 4 5 2 0 10 0 5 2 0 28 1 236 97 4 4 23 3 5 7 0 0 0 0 7 0 1 0 3 4 0 2 1 2 11 2 18 0 0 0 0 0 0 0 209650 11 17 30 8 6 0 2 2 0 1 3 0 0 0 6 22 2 0 0
237 AGA 50 25 1 1 0 0 0 1 200637 1 29 22 8 2 3 0 4 8 101 64 0 0 0 0 9 6 3 0 34 8 42 44 0 0 8 11 0 1 0 0 18 0 2 0 0 0 0 0 0 22 0 15 0 2 3 0 3 0 0 0 17 11 44 4
238 GAT 0 1 0 15 0 3 0 3 0 0 1 0 0 7 1 0 1 0 0 0 0 0 0 0 0 0 0 0 0 0 0 0 141 16 9 189345 0 0 0 1 2 0 0 13 0 0 0 2 0 0 0 4 2 0 0 0 0 0 0 0 0 0 0 0
239 CAA 2 30 0 0 1 0 0 1 0 0 1 1 0 0 4 0 200963 1 26 1 1 0 0 1 25 0 0 0 1 0 0 0 2 0 0 0 0 0 0 0 1 0 0 0 0 0 0 0 6 0 0 0 1 0 0 0 0 0 0 0 0 0 0 0
240 CAT 0 0 0 16 0 100 5 0 0 0 0 0 0 1 2 5 3 4 2 89862 15 0 3 1 4 0 0 9 1 1 0 6 0 0 0 0 7 0 0 0 0 0 0 0 1 1 2 0 0 0 0 9 0 2 0 0 0 0 0 0 0 0 2 0
241 GGG 0 0 1 0 0 0 0 0 0 0 6 0 0 0 0 0 0 0 0 0 0 0 0 0 0 0 0 0 0 0 0 0 0 0 7 0 0 0 0 0 41 2 142017 45 0 0 1 0 0 0 0 0 0 0 0 0 0 0 8 0 0 0 0 0
242 AGG 0 0 23 0 0 0 0 0 12 0 117765 3 0 0 3 0 0 0 0 0 0 0 0 0 12 0 31 0 0 0 0 0 0 0 0 0 0 0 0 0 0 0 27 0 0 0 0 0 0 0 0 0 0 0 0 0 0 0 1 0 0 0 0 0
243 ATG 0 0 0 0 0 0 9 0 0 0 0 0 9 1 141070 2 1 0 0 0 0 0 0 0 0 0 0 0 0 0 1 0 0 0 0 0 0 0 0 0 0 0 0 0 0 0 14 0 0 0 0 0 0 0 0 0 0 0 0 0 0 0 1 0
244 AAC 3 150090 1 20 0 1 0 0 0 4 1 0 4 8 0 0 5 2 5 2 0 0 0 0 0 1 0 0 0 0 0 16 1 11 1 0 9 0 1 0 0 0 0 4 2 0 0 0 0 11 0 2 0 0 0 0 0 0 0 0 0 1 10 1
245 TAT 0 0 0 1 0 0 0 0 0 0 0 0 0 0 0 0 0 1 0 17 0 0 0 0 0 0 0 0 0 0 0 0 0 0 0 0 0 0 0 0 0 0 0 0 0 0 0 0 3 28 2 148998 0 0 0 1 0 0 0 4 0 0 0 0
246 TAC 0 1 0 0 0 0 0 0 0 0 0 0 0 0 0 0 0 118 0 1 0 0 0 0 0 0 0 0 0 0 0 0 0 0 0 0 1 0 1 0 1 0 0 0 0 0 0 0 2 175058 1 4 0 1 0 0 0 15 0 0 2 0 0 0
247 TGG 0 0 0 0 0 0 0 0 0 0 2 0 0 0 0 0 0 0 0 0 0 0 0 0 0 0 25 0 0 0 2 0 0 0 0 0 0 0 0 0 0 0 1 0 0 0 0 0 0 0 16 0 0 0 0 0 4 0 183803 0 0 0 4 0
248 ACC 0 3 2 0 11 202774 6 16 0 2 0 1 0 16 4 0 6 0 1 2 0 0 0 0 0 0 0 0 2 0 0 15 0 2 0 0 4 29 0 1 0 0 0 0 0 5 0 0 0 0 0 1 0 6 5 7 0 0 0 0 1 0 0 0
249 TTG 0 0 0 0 0 0 1 0 3 0 0 0 14 22 12 3 0 0 0 0 0 0 0 0 0 0 0 0 9 0 29 9 0 0 0 0 0 0 0 0 0 0 0 0 8 8 5 5 0 0 3 0 0 0 10 0 0 0 1 0 36 1 205382 3
250 CTA 0 0 0 0 0 0 0 0 0 0 0 0 4 13 0 1 0 0 0 0 6 0 0 0 0 0 0 0 214270 3 30 1 0 0 0 0 0 0 0 0 0 0 0 0 10 0 5 6 0 0 0 0 0 0 0 0 0 0 0 0 83 0 1 0
251 GAA 32 0 0 9 0 6 0 0 1 0 0 2 0 0 0 0 8 0 16 3 1 2 0 1 5 0 0 0 0 0 0 20 213782 7 21 3 0 2 0 0 39 0 0 0 9 0 0 0 5 8 0 2 3 3 0 2 0 1 0 0 5 0 1 0
252 CCC 0 0 6 0 0 3 0 0 0 0 0 0 0 0 0 0 0 3 0 6 24 200612 7 17 0 3 0 0 0 2 0 0 0 0 0 0 3 5 0 3 0 0 0 0 1 0 0 0 0 0 0 0 0 13 0 3 0 0 0 0 0 0 0 0
253 GGA 0 0 0 0 0 0 0 0 49 4 0 0 0 0 0 0 0 0 0 0 0 0 0 0 1 2 0 0 0 0 0 0 15 0 5 2 0 0 1 1 209912 13 62 16 1 0 0 0 0 0 0 0 4 2 0 2 7 0 33 0 0 0 0 0
254 GAC 0 21 0 0 0 0 0 0 0 0 0 0 0 0 0 0 87 8 1 4 0 0 0 0 0 0 0 0 0 0 0 0 40 207929 11 18 10 1 27 0 1 33 18 0 0 0 0 0 0 4 0 0 1 12 0 0 0 0 0 0 0 0 0 0
255 ACA 7 1 0 0 212060 110 12 7 7 0 0 0 20 0 2 5 1 0 2 0 1 0 0 1 0 0 0 0 2 0 0 0 0 0 0 0 9 4 1 0 0 0 0 0 0 1 0 0 0 1 0 32 10 32 0 0 0 0 0 0 2 1 0 0
256 ATA 0 0 0 1 17 0 0 0 0 0 0 0 217002 21 14 27 0 0 0 0 0 0 0 0 0 0 0 0 4 2 11 2 0 0 0 0 0 0 0 0 0 0 0 0 13 0 0 6 0 0 0 0 0 0 0 0 0 0 0 0 42 0 0 0
257 ATA 5 0 0 2 23 1 0 0 4 0 0 12 216660 10 152 13 10 1 42 0 0 0 0 0 0 0 0 0 7 61 19 5 0 0 1 3 3 4 0 8 0 3 3 1 78 46 2 0 0 17 0 10 6 1 13 4 0 5 35 0 50 7 2 0
258 TTT 0 0 0 0 0 0 0 0 0 0 0 0 0 0 0 35 0 0 0 0 0 0 0 1 0 0 0 0 17 0 0 19 0 0 0 0 0 0 0 0 0 0 0 0 2 0 0 4 0 0 0 0 0 0 0 4 0 0 0 0 10 23 1 216504
259 GAG 0 0 13 0 0 0 0 0 0 0 0 0 0 0 0 0 0 5 0 0 0 0 0 0 0 0 0 0 0 0 0 0 32 0 217055 11 0 0 3 0 0 0 45 0 0 0 4 0 0 0 0 0 0 0 1 0 0 0 0 0 0 0 0 0
260 GCA 0 0 0 0 46 0 0 1 0 0 0 0 0 0 0 0 0 0 0 0 0 0 0 0 0 0 0 0 0 0 0 0 8 0 0 0 217444 2 1 5 3 2 0 13 21 0 0 0 0 0 0 0 5 5 7 0 0 0 0 0 0 0 0 0
261 ACT 0 0 0 11 11 34 2 217605 0 32 0 3 0 0 1 16 0 0 0 0 0 0 0 2 0 0 0 0 0 0 0 0 0 0 0 0 0 0 0 9 0 0 0 0 0 0 0 0 0 0 0 0 0 15 0 2 0 0 0 0 0 0 0 0
262 GGT 0 0 0 0 0 0 0 0 0 0 0 19 0 0 0 0 0 0 0 0 0 0 0 0 0 0 0 0 0 0 0 0 0 0 0 9 0 0 0 0 3 42 1 216614 0 0 0 1 0 0 0 0 0 0 0 0 0 0 0 1 0 0 0 0
263 AAT 0 29 0 217422 0 0 0 0 0 0 0 8 0 0 0 2 0 0 0 1 0 0 0 0 0 0 0 0 0 0 0 0 0 0 0 11 0 0 0 0 0 0 0 0 0 0 0 0 0 0 0 0 0 0 0 0 0 0 0 0 0 0 0 0
264 CTA 0 0 0 0 0 0 0 0 0 0 0 0 2 0 0 0 1 0 0 0 33 0 0 0 0 0 0 0 217504 1 38 0 0 0 0 0 0 0 0 0 0 0 0 0 1 0 0 0 0 0 0 6 0 0 0 0 0 0 4 0 2 1 0 0
265 ATA 0 0 0 0 3 0 0 0 1 0 0 0 217762 15 43 8 0 0 0 0 0 0 0 0 0 0 0 0 2 0 8 0 0 0 1 0 0 1 1 0 0 0 0 0 23 0 1 4 0 0 0 0 0 0 0 0 0 0 0 0 82 0 8 0
266 GCA 0 0 0 0 19 0 0 0 0 0 0 0 1 0 0 0 0 0 0 0 2 0 0 0 0 0 0 0 0 0 0 0 7 0 0 0 216303 13 9 14 1 0 0 0 15 1 1 1 0 0 0 0 4 0 0 0 0 0 0 0 0 0 0 0
267 CCA 0 0 0 0 1 0 0 0 0 0 0 0 0 0 0 0 6 0 0 0 217264 20 16 11 0 0 0 0 3 0 0 0 0 0 0 0 2 0 0 0 0 0 0 0 0 0 0 0 0 0 0 0 5 0 0 0 0 0 0 0 0 0 0 0
268 TGG 0 0 0 0 14 3 0 4 0 0 5 0 0 0 0 0 0 0 0 0 0 0 0 0 0 1 8 0 0 0 2 0 0 0 0 0 0 0 0 2 0 0 11 4 0 0 0 1 0 1 9 0 2 0 0 4 18 0 217015 0 0 0 15 0
269 TAT 0 0 0 0 1 0 0 0 0 0 0 0 0 0 0 0 0 0 0 47 0 0 0 0 0 0 0 0 0 0 0 0 0 0 0 2 0 0 0 0 0 0 0 0 0 0 0 0 1 5 1 217757 0 0 0 0 0 0 1 14 0 0 0 11
270 GCT 0 0 0 0 0 0 0 47 0 0 0 0 0 0 0 0 0 0 0 0 0 0 0 0 0 0 0 0 0 0 0 0 0 0 0 5 38 26 27 214657 0 20 0 2 0 0 0 13 0 0 0 0 0 2 2 4 0 0 0 0 0 0 0 0
271 TTC 0 0 0 0 0 0 0 0 0 0 0 0 0 0 0 0 0 8 0 0 0 0 0 0 0 0 0 0 0 15 0 0 0 0 0 0 0 0 0 0 0 0 0 0 0 1 0 0 0 8 0 0 0 21 0 0 0 2 3 0 6 214595 2 73
272 GCA 0 0 1 0 82 1 5 4 0 0 0 0 0 0 0 12 14 0 0 0 0 0 0 0 0 1 0 0 1 0 1 0 4 0 13 0 217118 5 17 7 3 0 4 19 28 0 0 0 0 0 0 0 25 6 0 0 0 0 0 0 6 0 0 0
273 CTG 0 0 0 0 0 0 1 0 0 0 0 0 63 0 16 12 0 0 1 0 0 0 48 0 0 0 3 0 32 1 217318 10 0 0 0 0 0 4 0 5 0 0 0 0 39 0 23 33 0 0 0 0 0 0 0 0 0 0 0 0 8 0 30 0
274 AGT 4 41 6 52 1 15 13 10 13 21 3 217665 20 12 29 30 7 3 0 5 0 0 0 0 6 1 1 6 0 0 0 4 0 3 9 1 5 14 0 1 22 19 0 17 0 16 2 3 0 10 0 0 32 1 5 1 0 1 0 7 0 0 8 0
275 AGA 18 0 0 0 0 0 0 0 217585 0 114 2 6 0 0 0 0 0 0 0 3 0 0 0 38 0 2 3 0 0 0 0 0 0 0 0 0 0 0 0 10 0 0 0 1 0 0 0 0 0 0 0 0 0 0 0 1 0 0 0 0 0 0 0
276 GGG 0 3 0 32 0 8 1 6 0 1 49 4 1 0 0 0 7 2 1 20 0 0 0 0 3 1 0 0 0 0 0 0 8 9 22 14 0 16 2 1 44 13 217390 30 0 0 1 0 0 0 0 1 12 6 21 6 0 3 19 1 0 1 0 0
277 TTT 30 0 3 4 20 1 7 7 8 10 34 5 28 1 9 5 21 24 2 11 0 8 3 0 0 1 0 0 24 6 7 46 24 5 0 2 1 2 56 3 0 1 0 0 12 2 26 15 0 0 0 7 3 53 2 21 0 0 11 1 19 50 10 217238
278 GAG 1 6 63 1 0 6 0 2 0 0 5 0 0 1 1 53 4 5 1 13 2 3 0 5 0 2 0 6 45 0 0 0 38 16 214961 22 6 6 1 0 2 0 53 18 6 0 2 8 0 26 2 11 1 3 4 5 0 0 5 0 40 5 3 2
279 TCC 1 0 0 0 0 2 0 0 0 1 0 0 0 0 0 0 3 0 2 2 0 12 0 0 1 0 0 0 0 0 0 0 0 0 0 0 0 1 0 0 0 2 0 0 0 0 0 0 0 1 0 0 19 213323 12 42 1 8 0 0 0 8 0 0
280 GGC 0 1 0 0 0 0 1 0 0 55 0 0 0 0 0 0 0 0 0 0 0 0 0 0 0 2 0 0 0 0 0 0 0 57 0 0 2 0 0 3 10 216813 10 49 0 3 0 0 0 0 0 0 1 0 9 0 0 4 0 0 0 0 0 0
281 ATC 0 0 0 0 0 26 0 0 0 2 0 0 11 217641 0 22 0 0 0 0 0 0 0 0 0 0 0 0 0 5 1 0 0 0 0 0 0 0 0 0 0 0 0 0 12 7 0 2 0 0 1 0 0 0 0 0 0 0 0 0 0 15 0 0
282 ATC 0 2 0 0 0 18 0 0 0 0 0 0 2 217388 1 20 0 0 0 0 0 0 0 0 0 0 0 0 4 8 0 3 0 0 0 0 0 0 0 0 0 0 0 0 0 20 0 0 0 0 0 0 0 0 0 0 0 0 0 0 0 8 0 0
283 ACC 6 4 3 0 32 217162 1 28 1 7 5 7 3 13 12 1 5 0 20 0 0 3 0 0 0 0 4 3 15 0 11 17 0 0 4 0 5 24 2 0 0 0 0 0 17 0 0 8 0 0 0 22 0 8 7 2 0 1 5 3 13 2 31 8
284 TCA 0 0 0 0 10 6 7 9 0 1 0 10 0 0 0 0 0 0 0 0 42 0 0 0 0 0 0 0 0 0 0 0 0 0 0 0 7 3 0 0 0 0 0 0 0 0 0 0 5 0 0 0 213996 25 30 32 0 0 0 0 4 0 0 0
285 AAC 10 211597 3 96 1 47 38 4 7 17 0 21 3 1 1 8 0 13 0 0 0 0 0 0 0 0 0 0 3 0 0 1 43 14 1 0 1 0 0 4 1 5 11 1 0 3 3 0 0 1 0 2 1 6 0 0 0 0 0 0 3 0 0 1
286 GCG 12 0 0 5 5 12 37 7 3 0 0 0 39 0 0 0 1 0 2 7 0 0 0 0 0 3 0 2 0 42 0 2 0 0 5 0 72 76 217099 3 0 4 2 4 0 0 21 0 0 0 0 0 0 0 24 0 0 6 0 0 19 0 0 0
287 TCA 0 0 0 0 6 0 0 0 2 0 0 0 0 0 0 0 0 4 5 0 31 5 0 4 0 0 0 0 2 0 0 0 2 0 13 5 8 0 0 0 0 0 0 0 0 0 0 2 2 0 0 0 218048 3 26 6 1 0 0 0 4 0 0 0
288 ATG 0 1 4 0 9 24 33 8 0 4 1 0 92 0 218865 7 0 0 0 0 2 1 0 0 0 0 1 1 0 0 6 10 0 0 0 0 0 0 0 0 0 0 0 0 8 0 8 0 0 1 0 3 0 0 0 0 0 1 0 0 0 0 14 0
289 CAT 0 2 0 6 2 16 0 1 0 1 0 5 0 0 0 0 6 16 10 218446 0 0 0 4 0 0 0 16 0 0 1 1 0 0 0 5 7 1 0 0 1 1 55 0 0 0 4 0 0 1 0 59 2 3 0 0 0 1 1 0 0 2 0 0
290 GAG 0 3 9 0 0 0 0 0 0 3 0 0 0 0 0 0 0 0 7 0 8 7 0 0 0 0 0 0 0 3 0 0 35 6 218740 28 1 0 0 0 0 1 18 0 0 0 1 0 0 0 2 0 0 0 0 0 0 0 0 0 1 0 0 0
291 TGT 0 0 0 0 0 0 0 0 0 0 0 0 0 0 0 0 0 0 0 0 0 0 0 0 0 0 0 5 0 0 0 0 0 0 0 0 0 0 0 0 0 0 0 1 0 0 0 0 0 0 0 31 0 0 0 1 1 50 0 216374 0 0 0 5
292 AAC 0 218717 3 30 1 27 0 0 0 37 0 1 0 4 0 0 1 13 3 0 0 0 0 0 0 0 0 0 0 0 0 0 15 45 0 0 0 2 0 0 0 0 0 0 4 0 0 0 0 2 0 0 3 82 0 13 0 0 0 0 0 0 0 0
293 ACG 0 0 5 0 72 4 218356 25 0 1 1 0 0 0 13 0 0 0 0 0 0 0 2 0 0 0 0 0 0 0 0 0 0 0 0 0 2 0 40 0 0 0 0 0 0 0 0 0 0 0 0 0 0 1 1 2 0 0 0 0 0 0 0 0
294 AAG 92 2 217153 13 1 5 10 6 0 7 28 1 0 0 5 11 0 2 3 15 0 0 0 0 6 1 5 24 0 50 5 15 5 0 63 12 1 0 6 0 0 0 0 6 0 2 4 0 0 0 0 0 6 60 23 1 0 0 0 0 1 12 21 2
295 TGT 0 0 0 0 0 0 0 0 0 0 0 2 0 0 0 0 0 0 0 0 0 0 0 0 0 0 0 2 0 0 0 0 0 0 0 0 0 0 0 0 0 0 0 3 0 0 0 0 0 0 0 12 0 0 0 1 0 54 1 218844 0 0 0 2
296 CAA 1 0 0 0 0 0 0 0 0 0 0 0 0 0 0 2 218934 3 14 0 3 0 0 0 39 0 0 0 3 0 0 0 0 0 0 0 0 0 0 0 0 0 0 0 0 0 0 0 14 0 0 0 0 0 0 0 0 0 0 0 0 0 0 0
297 ACA 2 1 0 0 217620 16 16 2 0 0 0 0 5 0 0 0 0 0 0 0 6 0 0 0 0 0 0 0 0 0 0 0 0 0 0 0 32 0 0 0 0 0 0 0 0 0 0 0 0 0 0 0 17 1 0 1 0 0 0 0 0 0 0 0
298 CCC 0 0 0 0 0 3 0 0 0 0 0 0 0 0 0 0 0 3 0 0 9 218334 9 15 0 0 0 0 0 12 0 0 0 0 0 0 0 5 0 0 0 0 0 0 0 0 0 0 0 0 0 0 0 11 0 0 0 0 0 0 0 0 0 0
299 CAG 0 0 11 11 0 9 4 10 0 5 0 22 3 1 1 1 33 1 217068 56 7 6 41 3 0 21 80 1 3 0 6 2 9 27 0 152 8 0 0 2 0 0 0 0 0 0 1 1 0 0 6 25 0 0 1 17 0 0 1 4 2 0 0 8
300 GGA 0 0 0 0 0 0 0 0 9 0 0 0 0 0 0 0 0 0 0 0 0 0 0 0 1 0 0 0 0 0 0 0 5 0 0 0 1 0 0 0 219191 4 41 5 4 0 0 0 0 0 0 0 0 0 0 0 8 0 0 0 0 0 0 0
301 GCT 0 0 0 0 0 0 0 13 0 1 0 2 0 0 0 0 0 0 0 0 0 0 0 0 0 0 0 0 0 0 0 0 0 0 0 3 2 71 8 218999 0 0 0 3 0 0 0 27 0 0 0 0 0 0 0 6 0 0 0 0 0 0 0 0
302 ATA 5 0 0 0 19 0 0 0 3 0 0 0 219365 3 16 5 0 0 0 0 0 0 0 0 0 0 0 0 3 0 0 0 0 0 0 0 0 0 0 0 0 0 0 0 18 0 0 0 0 0 0 0 0 0 0 0 0 0 0 0 4 0 1 0
303 AAC 5 218511 1 22 6 12 3 0 0 16 0 0 0 0 26 2 10 1 0 0 1 0 0 0 2 0 0 0 0 0 11 0 53 11 3 15 10 4 0 0 0 0 4 0 17 1 0 7 0 1 0 0 0 0 12 3 0 0 3 0 3 0 24 8
304 AGC 0 53 0 0 0 0 0 0 3 218486 0 49 0 9 0 0 0 0 0 0 0 0 0 0 0 1 0 0 0 0 0 0 0 0 0 0 0 0 0 0 15 8 2 0 0 0 0 0 0 0 0 0 4 0 0 0 0 3 0 0 0 0 0 0
305 AAT 6 19 1 216413 0 0 0 1 0 0 0 23 0 0 2 1 0 0 0 5 0 0 0 0 0 5 0 13 0 0 0 0 0 0 0 9 11 0 7 2 7 0 0 2 0 0 0 0 0 0 0 1 0 0 0 0 0 0 0 0 0 0 0 0
306 CTC 38 0 3 0 0 0 0 1 9 0 5 0 0 3 0 0 0 19 0 0 0 35 0 0 0 0 23 0 67 218096 1 9 0 0 0 0 15 0 0 1 0 0 0 0 0 2 0 0 0 0 0 0 0 0 10 0 0 0 0 6 10 15 2 3
307 CCT 0 0 0 0 0 0 0 0 0 0 0 0 0 0 0 0 0 0 0 8 16 68 38 219141 0 0 0 0 0 0 0 11 0 0 0 0 0 0 0 0 0 0 0 0 0 0 0 0 0 0 0 0 0 0 0 7 0 0 0 0 0 0 0 0
308 TTC 0 0 0 0 0 0 0 0 0 0 0 0 0 3 0 0 0 0 0 0 0 0 0 0 0 0 0 0 0 14 0 0 0 0 0 0 0 0 0 0 0 0 0 0 0 0 0 0 0 12 0 0 0 20 0 0 0 0 0 0 1 218436 1 18
309 CAG 0 0 4 0 0 0 0 0 0 0 0 0 0 0 0 0 41 0 218492 7 0 0 7 0 0 0 42 0 0 0 0 0 0 0 0 0 0 0 0 0 0 0 0 0 0 0 0 0 0 0 4 0 0 0 0 0 0 0 0 0 0 0 0 0
310 AAT 2 68 2 219145 0 0 0 2 0 0 0 12 0 0 0 0 0 0 0 3 0 0 0 0 0 0 0 0 0 0 0 0 0 0 0 11 0 0 0 0 0 0 0 0 0 0 0 0 0 0 0 1 0 0 2 0 0 0 0 0 0 0 0 0
311 ATA 2 0 0 0 23 0 0 0 2 0 0 0 219060 13 35 9 0 0 0 0 0 0 0 0 0 0 0 0 4 0 0 0 0 0 0 0 0 0 0 0 0 0 0 0 31 0 1 0 0 0 0 0 0 0 0 0 0 0 0 0 2 0 0 0
312 CAC 0 5 0 1 26 0 1 0 0 14 0 1 0 0 0 0 2 218640 0 26 0 5 0 0 0 5 0 0 0 2 0 0 0 13 0 2 5 1 5 41 4 0 0 4 0 0 0 0 0 20 0 0 9 0 19 4 0 0 0 0 0 0 0 0
313 CCA 0 0 0 0 2 0 0 0 0 6 1 0 0 0 0 0 8 0 2 0 218972 11 20 6 0 1 0 0 8 0 0 0 0 0 0 0 7 0 0 3 0 0 0 0 0 0 0 0 0 0 0 0 10 0 0 0 0 0 3 0 0 0 0 0
314 GTC 0 0 0 0 1 1 0 0 3 2 0 9 39 19 3 0 18 3 0 5 0 1 0 0 0 4 0 2 1 0 0 2 0 7 0 0 3 20 0 0 0 1 0 0 14 216822 4 36 0 4 0 42 9 1 4 0 0 0 0 0 0 20 0 2
315 ACA 1 0 0 2 218564 31 23 25 1 2 1 5 7 0 0 1 0 0 0 1 0 0 0 0 2 0 2 0 0 0 0 0 0 0 0 0 12 0 0 2 8 4 0 2 0 2 16 4 0 0 0 0 14 0 6 0 0 2 1 0 0 0 0 2
316 ATA 2 0 0 0 15 0 0 0 0 0 0 0 218292 9 30 14 0 0 0 0 0 0 0 0 0 0 0 0 0 0 0 1 0 0 0 0 0 0 0 0 0 0 0 0 19 0 1 0 0 0 0 0 0 0 0 0 0 0 0 0 1 0 0 0
317 GGA 0 0 0 0 0 0 0 0 6 0 0 0 0 0 0 0 0 0 0 0 0 0 0 0 0 0 0 0 0 0 0 0 7 0 0 0 0 0 0 0 218405 2 72 37 2 0 0 0 0 0 0 0 0 0 0 0 10 0 0 0 0 0 0 0
318 GAG 2 0 14 0 1 23 2 7 1 1 0 5 0 0 15 0 17 14 1 0 0 0 0 0 0 1 0 4 0 0 0 0 55 1 218049 2 6 4 2 3 0 0 19 0 4 0 4 1 0 0 5 0 29 13 0 6 0 0 0 0 0 0 7 0
319 TGC 0 0 0 0 0 0 0 0 0 2 0 0 0 0 0 0 0 0 0 0 0 0 0 0 0 2 0 0 0 0 0 0 0 0 0 0 0 0 0 0 0 0 0 0 0 0 0 0 0 86 0 0 0 0 0 0 4 217923 0 85 0 1 0 1
320 CCA 0 0 0 0 4 0 0 0 0 0 0 0 0 0 0 0 6 0 0 0 218325 35 10 23 0 0 0 0 17 0 0 0 0 0 0 0 0 0 0 0 0 0 0 0 0 0 0 0 0 0 0 0 12 0 0 0 0 0 0 0 0 0 0 0
321 AAA 217423 4 12 6 5 101 0 10 45 0 1 2 1 0 2 2 3 0 0 0 0 0 0 0 28 4 4 0 0 5 2 6 8 0 0 0 0 0 0 0 0 0 0 0 2 2 7 1 1 0 0 0 3 3 0 0 0 0 0 0 6 0 0 0
322 TAT 0 0 0 0 0 0 0 0 0 0 0 0 0 0 0 0 0 0 0 11 0 0 0 0 0 0 0 0 0 0 0 0 0 0 0 0 0 0 0 0 0 0 0 0 0 0 0 0 4 27 2 219104 0 0 0 0 0 0 0 34 0 6 0 47
323 GTC 0 0 0 0 0 0 0 0 0 0 0 0 9 182 0 0 0 0 0 0 0 0 0 0 0 0 0 0 0 0 2 0 0 2 0 0 0 11 0 0 0 0 0 0 14 216846 3 50 0 0 0 0 0 0 0 0 0 0 0 0 8 1 0 0
324 AGG 1 0 23 0 2 0 2 0 56 1 216665 4 0 0 6 0 0 0 0 3 0 0 0 0 2 42 52 0 0 6 1 0 0 0 0 0 0 0 0 1 0 0 46 0 0 0 0 0 0 0 3 0 0 2 0 0 0 0 3 0 0 0 0 0
325 AGT 0 0 0 22 0 1 0 3 4 23 2 217181 0 0 0 5 0 0 0 0 0 0 0 0 0 0 0 1 0 0 0 0 0 0 0 0 1 0 0 0 0 0 0 12 0 0 0 0 0 0 0 1 9 0 12 3 0 0 0 0 0 0 0 0
326 ACC 4 9 0 0 4 186712 18 16 1 3 1 4 2 15 0 0 0 0 0 0 1 23 1 0 0 2 1 0 0 0 0 0 0 0 4 1 0 56 0 0 0 1 0 0 3 0 0 0 0 0 0 0 0 9 0 0 0 0 0 0 0 1 1 0
327 AAA 217429 9 12 6 0 0 0 0 15 0 4 0 2 0 0 0 2 0 0 0 0 0 0 0 0 3 0 5 0 0 0 0 13 0 0 0 0 0 0 0 0 0 0 0 0 0 0 0 3 0 0 0 0 0 0 0 0 0 0 0 0 0 0 0
328 TTG 0 0 0 0 0 0 0 0 0 0 0 0 0 0 2 0 0 0 0 0 0 0 0 0 0 0 0 0 5 0 34 12 0 0 0 0 0 0 0 0 0 0 0 0 0 0 2 0 0 0 3 0 0 0 5 0 0 0 0 0 27 0 213537 2
329 AGG 0 0 14 0 0 4 1 0 116 0 206414 2 0 0 17 0 0 0 0 0 0 0 0 0 0 0 0 1 0 0 0 0 0 0 0 0 0 0 0 0 0 0 30 0 0 0 0 0 0 0 0 0 3 0 0 0 0 0 3 0 0 0 0 0
330 ATG 0 0 3 0 0 0 2 0 0 0 3 0 20 0 212500 5 0 0 0 0 0 0 0 0 0 0 0 0 0 0 3 0 0 0 0 0 0 0 0 0 0 0 0 0 0 0 17 0 0 0 0 0 0 0 0 0 0 0 0 0 0 0 4 0
331 GTT 0 0 0 0 0 0 0 0 0 0 0 0 0 0 0 26 0 0 0 0 0 0 0 0 0 0 0 0 0 0 0 0 0 0 0 0 0 0 1 16 0 0 0 2 0 25 13 210223 0 0 0 0 0 0 0 0 0 0 0 0 0 0 0 2
332 ACA 4 0 0 0 202032 21 67 18 0 0 2 0 27 0 0 0 0 0 0 0 1 0 0 0 0 0 0 0 0 0 0 2 0 0 0 0 14 0 0 0 0 0 0 0 0 0 0 0 0 0 0 0 3 0 0 0 0 0 0 0 0 0 0 0
333 GGA 0 0 0 0 0 0 0 0 5 0 0 0 0 0 0 0 0 0 0 0 0 0 0 0 0 0 0 0 0 0 0 0 19 1 0 0 0 0 0 0 188711 3 46 15 2 0 0 0 0 0 0 0 0 0 0 0 10 0 0 0 0 0 0 0
334 CTA 0 0 0 0 0 0 0 0 0 0 0 0 4 0 2 0 3 0 0 0 39 5 6 0 0 0 0 0 198128 0 8 28 0 0 0 0 0 0 0 0 0 0 0 0 1 0 0 0 1 0 0 0 0 0 0 0 0 0 0 0 13 0 0 0
335 AGA 16 0 0 0 2 0 0 0 196601 0 19 0 3 0 0 0 0 0 0 0 0 0 0 0 2 0 2 9 0 0 0 0 1 0 0 0 0 0 0 0 6 0 0 0 0 0 0 0 0 0 0 0 0 1 0 0 1 0 0 0 0 0 0 0
336 AAC 2 92988 0 5 0 1 0 0 0 1 0 0 0 0 0 0 0 0 0 0 0 0 0 0 0 0 0 0 0 0 0 0 0 4 0 0 0 0 0 0 0 0 0 0 0 0 0 0 0 0 0 0 0 0 0 0 0 0 0 0 0 0 0 0
337 ATC 12 18 0 8 0 41 0 0 4 3 11 3 10 93860 2 8 2 0 5 0 0 0 0 0 0 111 20 6 7 1 0 1 0 0 0 0 0 2 3 0 0 0 0 0 0 10 1 0 0 0 0 0 0 0 0 0 0 1 0 0 0 0 3 0
338 CCA 0 0 0 0 1 0 0 0 0 0 0 0 0 0 0 0 8 4 0 5 97655 3 5 0 0 0 0 0 4 0 0 0 0 0 0 0 0 1 0 0 0 0 0 1 0 0 0 0 0 0 0 0 1 0 0 0 0 0 0 0 0 0 0 0
339 TCC 0 0 1 0 0 5 2 2 2 0 0 4 8 6 0 0 0 0 0 0 0 10 0 0 0 0 0 0 0 0 0 0 0 0 0 0 14 27 0 4 0 0 4 2 1 0 7 0 0 2 0 0 22 95833 1 8 0 0 0 0 0 7 10 0
340 ATT 13 0 6 1 0 0 0 15 5 0 11 2 8 15 2 118108 0 0 0 0 0 0 0 0 1 0 2 1 0 1 0 0 0 0 0 0 0 0 0 0 0 0 0 0 0 0 0 7 0 0 0 0 0 0 0 0 0 0 0 0 0 0 0 1
341 CAA 1 0 0 0 0 0 0 0 0 1 0 0 0 0 0 0 95952 2 4 0 0 0 0 0 5 0 0 0 0 0 0 0 2 0 0 0 0 0 0 0 0 0 0 0 0 0 0 0 5 0 0 0 0 0 0 0 0 0 0 0 0 0 0 0
342 TAC 0 4 0 0 0 0 0 0 0 0 0 0 0 0 0 0 0 11 0 0 0 0 0 0 0 0 0 0 0 0 0 0 0 0 0 0 0 0 0 0 0 0 0 0 0 0 0 0 4 119698 1 7 0 0 0 0 0 9 0 0 0 4 0 0
343 AGA 31 0 0 0 4 0 0 0 155107 0 41 1 4 0 0 0 0 0 3 0 0 0 0 0 3 12 0 1 0 0 0 0 0 0 0 0 0 0 0 0 7 0 0 0 0 0 0 0 0 0 0 0 0 0 0 0 1 0 0 0 0 0 0 0
344 GGT 0 0 0 0 0 0 0 0 0 0 5 13 0 0 0 0 0 0 0 0 0 0 0 0 0 0 0 0 0 0 0 0 0 0 0 18 0 0 0 0 9 21 16 211031 0 0 0 3 0 0 0 0 0 0 0 0 0 0 0 4 0 0 0 0
345 CTA 0 0 0 0 0 0 0 0 0 0 0 0 0 2 0 0 2 0 0 0 30 0 0 0 2 0 0 0 199121 5 27 12 0 0 0 0 0 0 0 0 0 0 0 0 4 3 3 0 0 0 0 0 0 0 0 5 0 0 0 0 9 0 4 0
346 TTT 0 0 0 0 0 0 0 0 0 0 0 0 1 0 0 10 0 0 0 0 0 0 0 1 0 0 0 0 0 0 0 16 0 0 0 0 0 0 0 0 0 0 0 0 0 1 0 5 0 0 0 0 0 1 0 7 0 0 0 1 5 34 2 209480
347 GGA 0 0 0 0 0 0 0 0 5 0 0 0 0 0 2 0 4 0 0 0 0 0 0 0 4 0 0 0 2 3 0 2 12 0 0 0 0 0 1 0 212324 3 39 25 2 0 0 0 0 0 0 0 0 0 4 1 1 0 0 0 15 0 0 0
348 GCC 0 0 0 0 0 9 0 0 0 0 0 0 0 0 0 0 0 0 0 0 0 0 0 0 0 0 0 0 0 0 0 0 0 1 0 0 4 214669 24 6 0 3 0 0 0 62 0 0 0 0 0 0 0 4 0 0 0 0 0 0 0 0 0 0
349 ATT 0 0 0 2 0 0 0 13 0 0 0 1 12 13 1 215539 0 0 0 0 0 0 0 0 0 0 0 0 0 0 0 3 0 0 0 0 0 0 0 0 0 0 0 0 23 0 10 41 0 0 0 0 0 0 0 0 0 0 0 0 1 0 0 1
350 GCT 0 0 0 0 0 0 0 70 0 0 0 9 0 0 0 0 0 0 0 0 0 0 0 0 0 0 0 0 0 0 0 0 0 0 0 4 9 36 3 216717 0 0 0 1 0 0 0 17 0 0 0 0 0 2 1 7 0 0 0 0 0 0 0 0
351 GGT 0 0 0 0 0 0 0 0 0 0 0 9 0 0 0 0 0 0 0 0 0 0 0 0 0 0 0 0 0 0 0 0 0 0 0 10 0 0 0 0 7 32 60 211335 0 0 0 3 0 0 0 0 0 0 0 0 0 0 0 3 0 0 0 0
352 TTT 0 0 0 0 0 0 0 0 0 0 0 0 0 0 0 1 0 0 0 0 0 0 0 0 0 0 0 0 0 0 0 10 0 0 0 0 0 0 0 0 0 0 0 0 0 0 0 0 0 0 0 0 0 0 0 2 0 0 0 2 2 31 0 217810
353 ATT 0 0 0 1 0 0 0 6 0 0 0 1 1 30 1 218589 0 0 0 0 0 0 0 0 0 0 0 0 6 0 17 4 0 0 0 0 0 0 0 0 0 0 0 0 3 10 7 26 0 0 1 0 0 0 0 0 0 0 0 0 6 0 1 3
354 GAG 0 0 32 0 0 0 0 0 0 0 0 0 0 0 0 0 0 0 0 0 0 0 0 0 0 0 0 0 0 0 0 0 58 0 210606 19 0 0 0 0 0 0 42 0 0 0 7 0 0 0 3 0 0 0 0 0 0 0 0 0 0 0 0 0
355 GGG 0 0 0 0 0 0 0 0 0 0 23 0 0 0 0 0 0 0 0 0 0 0 0 0 0 0 1 0 0 0 0 0 0 0 26 0 0 0 0 0 64 19 215649 65 0 0 1 0 0 0 0 0 0 0 0 0 0 0 5 0 0 0 0 0
356 GGA 0 0 0 0 0 0 0 0 30 0 0 0 0 0 0 0 0 0 0 0 0 0 0 0 0 0 0 0 0 0 0 0 18 0 0 1 0 0 0 0 217798 13 452 10 1 0 0 0 0 0 0 0 0 0 0 0 0 0 0 0 0 0 0 0
357 TGG 0 0 0 0 0 0 0 0 0 0 0 0 0 0 0 0 0 0 0 0 0 0 0 0 0 0 4 0 0 0 1 0 0 0 0 0 0 0 0 0 0 0 0 0 0 0 0 0 0 0 32 0 0 0 1 0 26 0 218908 1 0 0 3 0
358 ACT 0 0 0 8 33 90 0 217733 0 0 0 1 0 17 0 11 0 10 0 0 0 9 0 5 0 0 0 0 16 1 1 0 0 0 0 0 0 0 0 26 0 0 0 0 0 1 0 0 0 2 0 1 1 1 0 0 0 0 0 0 4 0 0 0
359 GGA 0 0 0 0 0 0 0 0 53 1 0 0 0 0 0 0 0 0 0 0 0 0 0 0 0 0 0 0 0 0 0 0 20 0 0 0 0 1 2 0 217826 15 15 16 2 0 0 0 0 0 0 0 0 0 0 0 5 0 0 0 0 0 0 0
360 ATG 0 0 1 0 0 0 6 0 0 0 2 0 12 0 218589 0 0 0 0 0 0 0 0 0 0 0 0 0 9 27 25 14 0 0 0 0 0 0 0 0 0 0 0 0 0 0 16 0 0 0 0 0 0 0 0 0 0 0 0 0 7 0 0 0
361 ATA 137 0 75 0 12 0 0 0 3 0 0 0 218640 13 82 18 0 0 6 0 0 0 0 0 0 3 0 0 7 2 3 4 0 0 0 0 0 0 0 0 0 0 0 0 28 70 0 15 0 2 0 0 0 0 0 2 0 0 0 0 8 0 0 0
362 GAT 0 0 0 11 0 0 0 0 0 0 0 0 0 0 0 0 0 0 0 0 0 0 0 0 0 0 0 0 0 0 0 0 2 11 1 218359 0 0 0 1 0 0 0 13 0 0 0 0 0 0 0 1 0 0 0 0 0 0 0 0 0 0 0 0
363 GGA 0 0 0 0 0 0 0 0 17 0 0 0 0 0 0 0 0 0 0 0 0 0 0 0 0 0 0 0 0 0 0 0 11 0 0 0 1 0 0 0 218141 11 40 17 2 0 0 0 0 0 0 0 0 0 0 0 1 0 0 0 0 0 0 0
364 TGG 0 0 0 0 0 0 0 0 0 0 1 0 0 0 0 0 0 0 0 0 0 0 0 0 0 0 4 0 0 0 0 0 0 0 0 0 0 0 0 0 0 0 0 0 0 0 0 0 0 0 18 0 0 0 1 0 23 1 218407 0 0 0 9 0
365 TAT 0 0 0 0 0 0 0 0 0 0 0 0 0 0 0 0 0 0 0 18 0 0 0 0 0 0 0 0 0 0 0 0 0 0 0 0 0 0 0 0 0 0 0 0 0 0 0 0 0 7 2 218897 0 0 0 0 0 0 0 15 0 0 0 0
366 GGT 0 0 0 0 0 0 0 0 0 0 0 8 0 0 0 0 0 0 0 0 0 0 0 0 0 0 0 0 0 0 0 0 0 0 0 6 0 0 0 0 2 39 10 218143 0 0 0 2 0 0 0 0 0 0 0 0 0 0 0 4 0 0 0 0
367 TAT 0 0 0 0 0 0 0 0 0 0 0 0 0 0 0 0 0 0 0 16 0 0 0 0 0 0 0 0 0 0 0 0 0 0 0 1 0 0 0 0 0 0 0 0 0 0 0 0 0 15 1 219124 0 0 0 2 0 0 0 11 0 3 0 6
368 CAT 0 0 1 1 0 0 0 0 0 0 0 0 0 0 4 0 0 28 2 218916 0 0 0 2 9 0 0 10 0 0 0 2 0 0 0 1 0 3 0 0 0 0 0 0 0 0 0 0 0 3 0 25 0 0 0 0 0 0 0 0 0 0 0 7
369 CAT 0 0 0 5 0 0 0 7 0 0 0 0 8 1 3 0 7 66 5 218670 0 0 0 0 0 0 0 5 0 0 0 0 0 0 0 2 0 0 0 0 0 0 0 0 2 0 1 0 0 0 0 11 0 0 6 0 0 0 0 4 0 0 0 7
370 CAG 0 0 3 3 5 2 0 1 0 3 3 6 20 1 4 0 77 1 218999 6 0 0 0 0 0 0 28 0 8 0 2 3 0 0 0 0 0 0 0 0 0 0 0 0 34 14 1 0 0 0 18 2 15 4 7 0 0 0 0 2 2 0 1 0
371 AAT 3 5 0 218989 0 0 0 1 0 0 0 6 0 0 0 0 0 0 0 1 0 0 0 0 0 0 0 0 0 0 0 0 0 0 0 17 0 0 0 0 0 0 0 0 0 0 0 0 0 0 0 2 0 0 0 0 0 0 0 0 0 0 0 0
372 GAA 17 0 0 0 0 0 0 0 0 0 0 0 0 0 1 0 0 0 0 0 0 0 0 0 0 0 0 0 0 0 0 0 218970 5 14 5 0 7 1 2 22 0 0 4 0 0 0 0 0 0 0 0 1 1 2 17 0 0 0 0 0 0 0 0
373 CAG 0 0 6 0 0 0 0 0 0 0 0 0 0 0 1 0 33 0 218631 16 0 0 3 0 0 0 31 0 0 0 9 0 0 0 1 0 3 0 2 3 0 0 2 0 0 0 0 0 0 0 28 1 0 0 0 0 0 0 0 0 0 0 2 0
374 GGA 0 0 0 0 0 0 0 0 15 0 0 0 0 0 0 0 0 0 0 0 0 0 0 0 0 0 0 0 0 0 0 0 16 0 0 0 0 0 0 0 218876 5 42 16 2 0 0 0 0 0 0 0 0 0 0 0 3 0 0 0 0 0 0 0
375 TCA 0 0 0 0 19 6 0 0 1 0 0 1 0 0 3 0 1 0 1 4 6 0 0 0 0 0 0 0 0 0 0 0 3 0 0 2 4 0 0 0 0 0 1 0 0 0 0 0 1 0 0 0 218819 5 152 2 0 0 0 0 28 0 0 0
376 GGC 0 0 0 0 0 0 0 0 0 31 0 0 0 0 0 0 0 0 0 0 0 0 0 0 0 0 0 0 0 0 0 0 0 25 0 0 0 3 0 0 30 218570 4 15 0 2 0 0 0 0 0 0 0 0 0 0 0 14 0 0 0 0 0 0
377 TAT 0 0 0 0 0 0 0 0 0 0 0 0 0 0 0 0 0 0 0 30 0 0 0 0 0 0 0 0 0 0 0 0 0 0 0 1 0 0 0 0 0 0 0 0 0 0 0 0 1 7 2 218880 5 0 0 1 0 0 0 12 0 0 0 20
378 GCA 0 0 0 0 44 0 0 0 0 1 0 8 0 0 0 0 0 0 0 0 1 0 0 0 0 0 0 0 0 0 0 0 3 0 0 0 216743 5 36 47 2 0 0 0 111 0 0 0 0 0 0 0 4 6 0 2 0 8 0 0 0 0 0 0
379 GCG 0 0 0 0 0 0 6 0 0 0 0 0 0 0 0 0 0 0 0 0 0 0 0 0 0 0 0 0 0 0 0 0 0 0 3 0 48 2 218282 46 0 0 9 0 0 0 62 0 0 0 0 0 0 0 6 0 0 0 0 0 0 0 0 0
380 GAT 0 0 0 12 0 0 0 0 0 0 0 0 0 0 0 0 0 0 0 0 0 0 0 0 0 0 0 0 0 0 0 0 2 40 0 218738 0 0 0 1 0 0 0 17 0 0 0 0 0 0 0 2 0 0 0 0 0 0 0 0 0 0 0 0
381 CAA 19 0 11 0 0 0 0 0 1 0 2 0 0 1 3 19 216649 2 21 16 0 0 0 0 13 0 14 13 5 4 3 2 4 0 0 0 7 1 0 0 0 0 0 0 13 0 11 0 2 2 0 12 2 0 0 1 0 0 1 0 4 0 0 0
382 AAA 217645 2 26 1 18 0 0 4 17 0 2 0 4 0 1 4 3 1 2 0 1 1 3 0 3 5 1 5 0 1 0 0 14 0 0 5 0 19 3 2 0 0 0 0 0 0 3 2 1 0 0 0 0 0 4 16 0 0 1 0 1 0 0 0
383 AGC 0 59 0 0 0 14 0 1 3 217326 0 94 0 2 0 0 0 0 0 0 0 0 0 0 0 0 0 0 0 0 0 0 0 0 0 0 0 2 0 1 0 53 0 0 0 0 0 0 0 0 0 0 0 17 0 10 0 1 0 0 0 0 0 0
384 ACA 3 0 0 0 217997 23 28 7 2 0 0 0 7 0 0 0 0 0 0 0 0 0 0 0 0 0 0 0 0 0 0 0 0 0 0 0 9 0 0 0 0 0 0 0 0 0 0 0 0 0 0 0 2 0 0 0 0 0 0 1 0 0 0 0
385 CAA 8 0 0 0 0 0 0 0 0 0 0 2 0 0 1 0 217619 1 15 0 1 0 0 0 11 0 0 0 1 0 0 0 6 0 0 0 0 0 0 7 0 0 0 0 0 0 0 0 4 0 0 0 0 0 1 0 0 0 0 0 0 0 0 0
386 AAT 110 7 47 217447 2 0 4 5 15 1 56 16 9 1 0 19 14 0 58 5 0 0 0 0 49 2 9 8 1 0 1 0 5 0 0 8 1 6 0 0 0 0 0 0 0 0 1 0 0 0 0 3 0 1 16 29 0 0 1 0 17 4 3 0
387 GCC 0 0 0 0 0 13 0 0 0 0 0 0 0 0 0 0 0 0 0 0 0 0 0 0 0 0 0 0 0 0 0 0 0 3 0 0 19 215727 65 7 0 0 0 0 0 66 0 0 0 0 0 0 0 4 0 0 0 0 0 0 0 0 0 0
388 ATT 0 0 0 3 0 0 0 2 0 0 0 0 4 21 14 217607 0 0 0 0 0 0 0 0 0 0 0 0 1 0 0 7 0 0 0 0 0 0 0 0 0 0 0 0 4 7 0 26 0 1 0 0 0 0 0 0 0 0 0 0 0 0 0 0
389 AAC 4 217392 0 88 2 2 3 7 1 17 0 0 2 1 0 0 0 5 0 4 0 0 0 0 0 4 0 8 0 0 0 0 6 44 0 5 7 1 0 0 0 0 0 0 0 0 0 0 0 3 0 0 0 0 0 6 0 0 0 0 0 0 0 0
390 GGG 24 0 28 0 15 28 9 0 269 84 109 6 11 21 2 4 0 1 4 9 0 0 0 0 1 15 134 196 18 12 381 67 0 0 16 0 3 0 6 0 43 6 214630 0 1 49 16 27 0 0 0 0 49 20 370 4 0 29 14 17 43 6 39 7
391 ATT 0 0 0 0 0 1 0 3 0 0 0 1 85 21 5 217444 0 0 0 0 0 0 0 0 0 0 0 0 0 0 2 3 0 0 0 0 0 0 0 0 0 0 0 0 1 1 5 29 0 0 0 0 0 0 0 0 0 0 0 0 0 0 0 1
392 ACA 1 0 0 4 217790 19 24 2 2 0 10 0 16 0 0 0 0 2 0 4 1 0 0 0 0 1 0 0 0 0 0 0 0 0 2 0 28 2 0 0 0 0 0 0 0 0 0 0 0 1 0 0 3 1 0 6 0 0 0 0 0 0 0 0
393 AAC 0 216315 3 32 0 27 0 18 0 6 0 0 0 1 0 0 7 8 0 0 0 0 0 0 0 0 0 0 0 0 0 0 0 11 0 0 0 0 0 0 0 0 0 0 0 0 0 0 0 1 0 0 1 0 0 0 32 0 0 5 0 0 0 0
394 AAG 33 0 217580 17 0 0 2 0 0 0 11 0 0 0 2 0 0 0 0 0 0 0 0 0 0 0 0 3 0 0 0 0 0 0 8 0 0 0 0 0 0 0 0 0 0 0 0 0 0 0 0 0 0 0 0 0 0 0 0 0 0 0 0 0
395 GTG 0 0 0 0 0 0 0 0 0 0 0 0 0 0 13 6 0 0 0 0 0 0 0 0 0 0 0 0 0 0 0 0 1 0 3 0 0 0 2 0 0 0 0 0 42 12 217687 49 0 0 0 0 0 0 0 0 0 0 0 0 0 0 2 0
396 AAC 3 218376 0 24 0 7 0 0 0 19 0 0 0 1 0 0 0 0 0 0 0 0 0 0 0 0 0 0 0 0 0 0 0 17 0 0 0 0 0 0 0 0 0 0 0 0 0 0 0 1 0 0 0 0 0 0 0 0 0 0 0 0 0 0
397 TCT 0 5 0 6 0 1 0 1 0 0 0 0 0 0 0 1 0 0 4 3 0 0 0 3 0 0 0 0 0 0 0 0 0 0 0 0 0 22 2 6 0 0 0 0 0 0 0 0 0 0 0 5 1 23 10 218097 0 0 0 2 0 0 0 3
398 GTT 0 0 0 0 0 0 0 0 0 0 0 0 3 2 0 29 0 0 0 0 0 0 0 0 0 0 0 0 0 0 0 0 0 0 0 2 0 0 0 7 0 0 0 1 7 18 19 217886 0 0 0 0 0 0 0 0 0 1 0 0 0 0 0 4
399 ATC 0 2 0 0 0 1 0 0 0 0 0 0 15 217727 0 62 0 0 0 0 0 0 0 0 0 0 0 0 2 2 0 0 0 0 0 0 0 0 0 0 0 0 0 0 0 16 3 0 0 0 0 0 0 0 0 0 0 0 0 0 0 2 0 0
400 GAG 0 1 39 0 1 0 0 1 0 0 1 4 0 0 0 0 0 0 1 3 0 0 0 0 0 0 0 0 0 0 0 0 26 2 217678 3 0 5 3 0 0 0 22 0 0 0 3 0 0 0 5 0 0 0 4 0 0 0 0 0 0 0 0 0
401 AAA 214971 2 34 1 4 0 0 0 22 0 18 0 0 0 2 11 0 0 0 0 0 0 0 0 0 2 0 0 0 0 0 0 11 0 0 0 0 0 3 1 0 0 0 0 1 0 3 0 1 0 0 0 0 0 0 0 0 0 0 0 0 0 0 0
402 ATG 0 0 4 0 0 0 10 0 0 0 2 0 21 8 217696 3 0 0 0 0 0 0 0 0 0 0 0 0 1 0 14 0 0 0 0 0 0 0 0 0 0 0 0 0 0 1 14 0 0 0 0 0 0 0 0 0 0 0 0 0 5 3 3 1
403 AAC 6 218038 2 30 0 19 2 0 0 17 0 0 0 0 0 0 0 3 0 0 0 0 0 0 0 0 0 0 0 0 0 0 0 26 0 0 0 1 0 5 0 0 0 4 1 0 0 0 0 4 0 0 0 3 0 0 0 0 0 0 0 0 0 0
404 ACT 2 8 0 6 7 59 7 217253 7 1 0 9 0 0 0 4 6 0 0 3 0 0 1 4 11 0 1 1 0 26 0 12 0 0 0 0 9 4 0 10 13 5 0 13 8 0 2 6 0 0 0 0 5 0 35 4 0 0 0 0 9 0 0 4
405 CAA 4 0 1 0 0 0 0 0 0 0 2 0 0 0 0 0 217625 27 33 5 1 0 0 0 49 0 0 1 0 0 0 0 1 0 0 0 28 3 0 15 2 1 5 9 0 0 0 0 8 0 0 0 0 0 0 0 0 0 0 0 1 0 0 0
406 TTC 0 0 0 0 0 0 0 0 0 0 0 0 0 2 0 0 0 0 2 0 0 0 0 0 0 0 0 0 8 14 0 3 0 0 0 0 0 0 0 0 0 1 9 2 0 5 0 0 0 11 0 2 0 7 0 0 0 1 8 0 34 217637 1 18
407 ACA 12 0 0 2 217955 9 62 13 5 6 2 6 25 0 0 0 4 0 0 0 2 0 0 0 0 4 0 15 0 0 0 0 0 0 0 0 15 3 1 0 0 0 0 0 0 0 2 0 0 0 0 0 0 0 0 1 0 0 0 0 0 0 0 0
408 GCT 0 0 0 0 0 1 0 39 0 0 1 4 1 0 0 0 0 0 0 0 0 0 0 1 0 0 6 0 0 0 1 3 0 0 0 11 7 46 42 217557 0 0 1 3 0 0 1 17 0 5 0 12 16 0 4 13 0 0 0 0 0 0 0 1
409 GTG 0 0 0 1 0 0 0 1 0 0 0 0 5 0 20 0 0 0 0 0 0 0 0 0 0 0 1 0 0 0 14 0 0 0 0 0 0 0 5 0 3 0 1 0 48 50 217586 62 0 0 0 0 0 2 0 4 0 0 0 0 0 1 6 0
410 GGT 0 2 0 0 0 0 0 0 0 0 0 57 0 0 0 0 0 2 0 1 2 0 0 0 0 0 0 2 0 0 0 0 0 3 0 90 0 0 0 2 9 33 10 212904 0 0 0 5 0 0 0 0 1 11 0 0 0 2 0 5 0 0 0 0
411 AAA 217927 8 41 4 4 0 0 0 6 0 0 0 1 0 0 0 3 0 0 0 0 0 0 0 0 0 0 0 0 0 0 0 14 0 0 0 0 0 2 0 9 4 4 0 9 0 0 0 1 0 0 0 0 0 0 0 0 0 0 0 0 0 0 0
412 GAA 18 0 0 0 0 15 0 1 1 15 4 3 7 1 0 0 0 0 0 0 0 0 0 0 6 3 0 0 9 0 0 2 217477 5 35 1 16 11 1 1 18 0 5 0 2 0 3 6 4 0 0 0 0 2 0 0 0 1 2 0 17 0 0 17
413 TTC 0 0 0 0 0 0 0 0 0 0 0 0 0 1 0 0 0 0 0 0 0 0 0 0 0 0 0 0 0 3 0 0 0 0 0 0 0 0 0 0 0 0 0 0 0 3 0 0 0 3 0 2 0 8 0 0 1 0 2 0 0 217051 0 21
414 AAC 11 217214 4 8 1 7 3 0 0 24 0 2 0 2 0 0 0 3 0 0 0 0 0 0 0 0 0 0 0 0 0 0 0 15 0 0 0 3 2 2 63 11 2 22 0 0 0 0 0 1 0 0 7 4 0 0 0 0 0 0 0 0 0 0
415 AAC 5 217354 0 30 0 2 0 32 0 29 6 3 9 52 2 0 0 4 0 0 0 0 0 0 3 0 1 0 2 9 0 1 1 13 0 0 2 0 3 25 0 3 7 2 7 7 13 0 0 8 0 3 4 2 3 3 0 2 10 14 1 12 2 4
416 TTA 0 0 0 0 0 0 0 0 0 0 0 0 2 0 1 0 0 0 0 0 0 0 0 0 0 1 0 0 5 25 0 0 0 0 0 0 0 0 0 0 0 0 0 0 6 0 0 0 1 0 0 0 17 0 0 0 0 0 0 0 217015 2 28 1
417 GAA 6 0 0 0 0 0 0 0 0 0 0 0 0 0 0 0 0 0 0 0 0 0 0 0 0 0 0 0 0 0 0 0 217642 1 16 1 0 0 0 0 7 0 0 0 1 0 0 0 3 0 0 0 0 0 0 0 0 0 0 0 0 0 0 0
418 AAA 218083 0 29 1 6 0 0 0 13 0 4 0 2 0 0 0 6 0 0 0 0 0 0 0 0 0 1 0 0 0 0 0 9 0 0 0 0 0 0 0 0 0 0 0 0 0 0 0 2 0 0 0 0 0 0 0 0 0 0 0 0 1 0 0
419 AGG 0 0 38 0 0 0 0 0 32 1 214005 1 0 0 22 0 0 0 0 0 0 0 0 0 0 0 67 0 0 0 0 0 0 0 0 0 0 0 0 0 0 0 199 0 0 0 0 0 0 0 0 0 0 0 0 0 0 0 0 0 0 0 0 0
420 ATG 0 0 1 0 0 0 3 0 0 0 1 0 23 1 217058 4 0 0 0 0 0 0 0 0 0 0 0 0 0 0 3 0 0 0 0 0 0 0 0 0 0 0 0 0 0 0 21 0 0 1 0 0 0 0 0 0 0 0 0 0 0 0 0 0
421 GAA 24 0 0 0 0 0 0 0 0 0 0 0 0 0 0 0 1 0 0 0 0 0 0 0 0 0 0 0 0 0 0 0 185658 15 60 2 1 0 0 0 35 0 0 0 0 0 0 0 0 0 0 0 0 0 14 0 0 0 0 0 0 0 0 0
422 AAT 0 8 3 216750 0 0 0 2 0 0 0 8 0 0 0 6 0 0 0 1 0 0 0 0 0 0 0 0 0 0 0 0 0 0 0 10 0 0 0 0 0 0 0 0 0 0 0 0 0 0 0 0 0 0 0 0 0 0 0 0 0 0 0 0
423 TTA 0 0 0 0 0 0 0 0 0 0 0 0 0 0 0 0 0 0 0 0 1 0 0 0 0 0 0 0 11 0 0 0 0 0 0 0 0 0 0 0 0 0 0 0 2 0 0 0 2 0 0 0 18 0 0 0 1 0 0 0 217629 1 58 1
424 AAT 0 23 1 212652 0 0 0 0 0 0 0 12 0 0 0 0 0 0 1 2 0 0 0 0 0 0 0 0 0 0 0 0 0 0 0 7 0 0 0 0 0 0 0 0 0 0 0 0 0 0 0 1 0 0 0 0 0 0 0 0 0 0 0 0
425 AAA 213523 4 81 0 1 0 0 0 3 0 0 0 0 0 0 0 5 0 2 0 0 0 0 0 0 0 0 21 0 0 0 0 17 0 0 0 0 0 0 0 0 0 0 0 0 0 0 0 0 0 0 0 1 0 0 0 0 0 0 0 0 0 0 0
426 AAA 213383 0 358 4 1 0 0 0 28 0 0 7 1 0 0 0 1 0 0 0 0 0 0 0 0 0 0 0 0 0 0 0 4 0 0 0 0 0 0 0 0 0 0 0 0 0 0 0 2 0 0 0 0 0 0 0 0 0 0 0 0 0 0 0
427 GTT 4 0 1 0 0 0 0 0 0 0 0 84 0 0 0 60 0 0 0 0 0 0 0 0 0 0 0 0 0 1 0 0 0 0 0 0 0 0 0 4 0 0 0 2 4 23 1 203577 0 0 0 0 0 0 0 0 7 0 0 0 0 0 204 3
428 GAT 3 2 0 10 0 0 0 0 0 0 0 1 0 0 209 0 0 0 0 0 0 0 0 0 0 0 0 0 0 0 0 0 0 15 3 206209 0 0 0 1 0 0 0 18 0 0 0 4 0 0 0 1 0 0 0 0 89 0 0 0 0 0 1 0
429 GAT 0 0 0 16 0 0 0 0 0 0 0 0 0 0 209 0 0 0 0 0 0 0 1 0 0 0 0 0 0 0 0 0 9 9 0 209795 0 0 0 1 0 0 0 21 0 0 0 5 0 0 0 5 0 0 0 0 87 0 7 0 0 0 0 0
430 GGG 0 0 0 0 0 0 0 0 0 0 4 0 0 0 0 0 0 0 0 0 0 0 0 0 0 0 0 0 0 0 0 0 0 0 7 0 0 0 0 0 32 2 143407 6 0 0 2 0 0 0 0 0 0 0 0 0 0 0 3 0 0 0 0 0
431 TTT 0 0 0 0 0 0 0 0 0 0 0 0 0 0 0 0 0 0 0 0 0 0 0 0 0 0 0 0 0 0 0 10 0 0 0 0 0 0 0 0 0 0 0 0 0 0 0 3 0 0 0 0 0 0 0 8 0 0 0 0 3 13 1 177112
432 CTG 0 0 0 0 0 0 2 0 0 0 0 0 0 0 5 0 0 0 0 0 0 0 22 0 0 0 3 0 20 1 114872 4 0 0 0 0 0 0 0 0 0 0 0 1 0 0 0 3 0 3 0 0 0 0 0 0 0 0 2 0 0 0 5 0
433 GAC 0 20 0 0 0 0 0 0 0 0 0 0 0 0 0 0 0 0 0 0 0 0 0 0 0 0 1 0 0 0 0 0 4 152098 6 15 0 1 0 0 0 13 0 0 0 0 0 0 0 0 0 0 0 0 0 0 0 0 0 0 0 0 0 0
434 ATT 0 0 0 1 0 0 0 11 0 0 0 0 5 15 4 186960 0 0 0 0 0 0 0 0 0 0 0 0 1 1 0 1 0 0 0 0 0 0 0 0 0 0 0 0 3 1 1 19 0 0 0 0 0 0 0 0 0 0 0 0 0 0 0 1
435 TGG 0 0 0 0 0 0 0 0 0 0 2 0 0 0 0 0 0 0 0 0 0 0 0 0 0 0 13 0 0 0 0 0 0 0 0 0 0 0 0 0 0 0 1 0 0 0 0 0 0 0 8 0 0 0 0 0 13 0 154351 3 0 0 5 0
436 ACA 7 0 0 0 173507 14 8 2 0 0 0 0 2 0 0 0 0 0 0 0 0 0 0 0 0 0 0 0 0 0 0 0 0 0 0 0 26 0 0 0 0 0 0 0 0 0 0 0 0 0 0 0 1 0 0 0 0 0 0 0 0 0 0 0
437 TAT 0 0 0 2 0 0 0 0 0 0 0 0 0 0 0 0 0 0 0 17 0 0 0 0 0 0 0 0 0 0 0 0 0 0 0 0 0 0 0 0 0 0 0 0 0 0 0 0 3 16 2 183246 0 0 0 1 0 0 0 14 0 0 0 0
438 AAT 2 14 1 211930 0 0 0 1 0 0 0 10 0 0 0 1 6 0 4 2 0 0 0 0 0 0 0 0 0 0 0 0 0 0 0 8 0 0 0 0 0 0 0 0 0 0 0 0 0 0 0 1 0 0 0 0 0 0 0 0 0 0 0 0
439 GCA 0 0 0 0 41 0 0 0 0 0 0 0 2 0 0 0 0 0 0 0 0 0 0 0 0 0 0 0 0 0 0 0 1 0 0 0 208479 4 23 4 1 0 0 0 30 0 0 0 0 0 0 0 1 0 0 0 0 0 0 0 0 0 0 0
440 GAA 15 0 0 0 0 0 0 0 0 0 0 0 0 0 0 0 0 0 0 0 0 0 0 0 0 0 0 0 0 0 0 0 213303 0 13 0 1 0 0 0 8 0 0 0 0 0 0 0 3 0 0 0 0 0 0 0 0 0 0 0 0 0 0 0
441 TTG 0 0 0 0 1 0 0 0 0 0 0 0 0 0 3 0 0 0 0 0 0 0 0 0 0 0 0 0 0 0 5 0 0 0 0 0 0 0 0 0 0 0 0 0 0 0 1 0 0 0 0 0 0 0 6 0 0 0 3 0 31 1 216709 1
442 TTA 0 0 0 0 0 0 0 0 0 0 0 0 1 11 2 0 0 0 0 0 0 0 0 0 0 0 0 0 10 0 0 6 0 0 0 0 0 0 0 0 0 0 0 0 7 0 0 0 0 0 0 0 8 0 0 0 1 0 0 0 215524 2 42 0
443 GTT 0 0 0 0 0 0 0 0 0 0 0 0 0 0 0 42 0 0 0 0 0 0 0 0 0 0 0 0 0 0 0 0 0 0 0 0 0 0 0 6 0 0 0 2 1 21 3 215206 0 0 0 0 0 0 0 0 0 0 0 0 0 0 0 3
444 CTA 0 0 0 0 0 0 0 0 0 0 0 0 5 0 0 0 1 0 0 0 15 0 0 0 0 0 0 0 215188 2 21 3 0 0 0 0 0 0 0 0 0 0 0 0 0 0 0 0 0 0 0 0 0 0 0 0 0 0 0 0 7 0 0 0
445 CTG 0 0 0 0 0 0 0 0 0 0 0 0 1 0 17 0 0 0 5 0 0 0 31 0 0 0 1 0 31 0 213371 1 0 0 0 0 0 0 0 0 0 0 0 0 0 0 3 0 0 0 0 0 0 0 0 0 0 0 0 0 18 0 24 0
446 GAA 4 0 0 0 0 0 0 0 0 0 0 0 0 0 0 0 0 0 0 0 0 0 0 0 0 0 0 0 0 0 0 0 217007 2 27 0 2 0 0 0 22 0 0 0 2 0 0 0 1 0 0 0 0 0 0 0 0 0 0 0 0 0 0 0
447 AAT 2 45 0 218038 0 0 0 0 0 0 0 11 0 0 0 4 0 0 0 1 0 0 0 0 0 0 0 0 0 0 0 0 0 0 0 11 0 0 0 0 0 0 0 0 0 0 0 0 0 0 0 1 0 0 0 0 0 0 0 0 0 0 0 0
448 GAA 19 0 0 0 0 0 0 0 0 0 0 0 0 0 0 0 1 0 0 0 0 0 0 0 0 0 0 0 0 0 0 0 217317 5 23 6 0 0 0 0 21 0 0 0 1 0 0 0 5 0 0 0 0 0 0 0 0 0 0 0 0 0 0 0
449 AGG 0 0 37 0 0 0 0 0 32 0 216785 1 0 0 12 0 0 0 0 0 0 0 0 0 29 0 19 4 0 0 0 0 0 0 0 0 0 0 0 0 0 0 63 0 0 0 0 0 0 0 0 0 0 0 0 0 0 0 5 0 0 0 0 0
450 ACT 0 0 0 2 2 51 5 217642 0 0 0 0 0 0 0 8 0 0 0 0 0 0 0 1 0 0 0 0 0 0 0 0 0 0 0 0 0 0 0 14 0 0 0 0 0 0 0 0 0 0 0 0 0 0 0 1 0 0 0 0 0 0 0 0
451 TTG 0 0 0 0 0 0 0 0 0 0 0 0 0 0 2 0 0 0 0 0 0 0 0 0 0 0 0 0 0 0 24 13 0 0 0 0 0 0 0 0 0 0 0 0 0 0 1 0 0 0 1 0 0 0 24 0 0 0 1 0 14 0 217650 3
452 GAT 0 0 0 6 0 0 1 0 0 0 0 0 0 0 0 0 0 0 0 0 0 0 0 0 0 0 0 0 0 0 0 0 0 23 2 216571 0 0 0 0 0 0 0 18 0 0 0 2 0 0 0 4 1 0 2 0 0 0 0 0 0 0 0 0
453 TTC 0 0 0 0 0 0 0 0 0 0 0 0 0 1 0 0 0 0 0 0 0 0 0 0 0 0 0 0 0 4 0 0 0 0 0 0 0 0 0 0 0 0 0 0 0 0 0 0 0 4 0 0 0 20 0 0 0 0 1 0 2 216553 1 10
454 CAT 0 0 0 8 0 0 0 0 0 0 0 0 0 0 0 0 1 19 1 217449 0 0 0 2 0 0 0 25 0 0 0 0 0 0 0 1 0 0 0 0 0 0 0 0 0 0 0 0 0 0 0 11 0 0 0 0 0 0 0 0 0 0 0 0
455 GAC 0 20 0 0 0 0 0 0 0 0 0 0 0 0 0 0 0 1 0 0 0 0 0 0 0 0 0 0 0 0 0 0 22 217970 1 41 0 1 0 0 0 10 0 0 0 0 0 0 0 10 0 0 0 0 0 0 0 0 0 0 0 0 0 0
456 TTA 6 0 0 1 6 0 6 0 1 0 8 0 5 0 0 0 0 0 0 2 0 0 0 0 0 0 2 16 38 4 0 0 0 3 0 0 0 0 0 0 0 0 0 1 15 0 6 14 1 0 0 0 20 0 0 0 1 0 0 4 216442 1 46 10
457 AAT 1 11 1 217354 0 0 0 2 0 0 0 6 0 0 0 0 1 0 0 1 0 0 0 0 0 0 0 0 0 0 0 0 0 0 0 9 0 0 0 0 0 0 0 0 0 0 0 0 0 0 0 0 0 0 0 0 0 0 0 0 0 0 0 0
458 GTG 0 0 0 0 0 0 0 0 0 0 0 0 0 0 19 0 0 0 0 0 0 0 0 0 0 0 0 0 0 0 0 0 0 0 3 0 0 0 11 0 0 0 1 0 33 2 217164 14 0 0 0 0 0 0 0 0 0 0 0 0 0 0 1 0
459 AAG 36 0 217469 18 0 0 9 0 0 0 17 0 0 0 3 0 0 0 0 0 0 0 0 0 0 0 0 2 0 0 0 0 0 0 20 0 0 0 0 0 0 0 0 0 0 0 0 0 0 0 1 0 0 0 0 0 0 0 0 0 0 0 0 0
460 AAT 6 74 1 217283 0 1 0 3 0 0 0 27 0 0 0 0 2 1 0 4 0 0 0 0 0 0 0 0 0 0 0 0 0 0 0 24 2 10 0 0 0 0 0 0 0 0 0 0 0 0 0 3 0 0 0 6 0 0 0 0 0 0 0 0
461 CTG 0 0 0 0 0 0 0 0 0 0 0 0 0 0 6 0 0 0 4 0 0 0 5 0 0 0 1 0 25 0 217759 1 0 0 0 0 0 0 0 0 0 0 0 0 0 0 0 0 0 0 0 0 0 0 0 0 0 0 0 0 0 0 17 0
462 TAC 0 3 0 0 0 0 0 0 0 0 0 0 0 0 0 0 0 9 0 0 0 0 0 0 0 0 0 0 0 0 0 0 0 0 0 0 0 0 0 0 0 0 0 0 0 0 0 0 5 217811 1 44 0 1 0 0 0 13 0 0 0 1 0 0
463 GAG 0 0 23 0 0 0 0 0 0 0 0 4 0 0 0 0 0 0 0 0 0 0 0 0 0 0 0 0 0 0 0 0 26 15 217481 19 0 0 0 0 0 0 11 0 0 0 1 0 0 0 2 0 0 0 1 3 0 0 1 0 0 0 0 0
464 AAA 218249 7 33 0 9 0 0 1 16 0 0 0 2 0 2 6 5 0 0 0 0 0 0 0 0 0 0 0 0 0 0 0 17 0 0 0 0 0 0 0 0 0 0 0 0 0 0 0 0 0 0 0 0 0 0 0 0 0 0 0 0 0 0 0
465 GTA 0 0 0 0 0 3 0 0 0 0 0 0 34 0 0 0 0 0 0 0 0 0 0 0 0 0 0 0 0 0 0 0 0 0 0 0 23 0 0 0 2 0 0 0 217772 14 19 17 0 0 0 0 0 0 0 0 0 0 0 0 0 0 0 0
466 AAA 217618 3 27 2 2 0 0 0 16 0 0 0 2 0 0 0 5 0 0 0 0 0 0 0 0 0 0 10 0 0 0 0 6 0 1 0 0 0 0 0 0 0 0 0 0 0 0 0 1 0 0 0 0 0 0 0 0 0 0 0 0 0 1 0
467 AGC 0 58 10 2 18 1 0 0 6 217088 2 91 0 5 0 0 1 0 0 0 0 0 0 0 0 5 0 0 0 0 0 0 0 0 0 0 6 0 2 0 3 36 12 0 0 5 0 6 0 0 0 0 0 0 0 0 0 8 0 0 0 0 0 0
468 CAA 5 0 0 0 8 5 0 1 2 7 0 7 27 0 32 1 217888 4 15 2 1 0 0 0 16 0 8 6 11 0 0 0 0 0 0 0 0 7 1 0 0 0 0 0 2 3 3 1 1 0 0 0 21 0 0 4 0 0 0 0 0 0 0 0
469 TTA 0 0 0 0 0 0 0 0 0 0 0 0 2 0 0 1 0 0 0 0 0 0 0 0 0 0 0 0 24 0 0 0 0 0 0 0 0 0 0 0 0 0 0 0 5 0 0 0 0 0 0 0 9 0 0 0 2 0 0 0 217923 0 61 1
470 AAG 21 0 217445 42 0 0 3 0 0 0 25 0 0 0 3 0 0 2 1 1 0 0 0 0 0 0 0 0 0 0 0 0 0 0 12 0 0 0 0 0 3 0 0 0 0 0 1 0 0 0 0 0 2 1 0 0 0 0 0 0 0 0 0 0
471 AAT 6 13 0 217720 0 9 1 11 0 11 1 14 0 0 2 1 0 0 4 0 0 0 0 0 0 0 0 0 0 0 0 0 0 3 2 11 2 1 0 0 0 0 0 1 0 3 0 0 0 3 0 1 2 2 0 1 0 0 2 0 0 0 0 0
472 AAT 0 6 0 217421 0 0 0 3 0 0 0 21 0 0 0 0 0 0 2 0 0 0 0 0 0 0 0 0 0 0 0 0 0 0 0 28 0 0 0 0 0 0 0 0 0 0 0 0 0 0 0 2 0 0 0 0 0 0 0 0 0 0 0 0
473 GCC 0 0 0 0 0 26 0 0 0 0 0 0 0 0 0 0 0 0 0 0 0 0 0 0 0 0 0 0 0 0 0 0 0 2 0 0 4 217117 3 40 0 1 0 5 0 17 19 6 0 0 0 0 0 3 0 0 0 0 0 0 0 0 0 0
474 AAA 216417 14 42 8 1 0 0 0 22 0 1 0 3 3 37 0 22 0 0 0 0 0 0 0 0 0 5 0 2 11 25 6 101 0 0 0 14 6 0 3 0 0 0 0 4 0 5 1 1 138 0 3 0 0 0 0 0 0 4 3 126 155 69 35
475 GAA 21 0 0 0 0 0 0 0 0 0 0 0 1 1 0 1 0 0 0 0 0 0 0 0 0 0 0 0 0 0 0 0 217020 6 16 0 0 1 0 0 13 0 0 0 11 1 0 0 3 0 0 0 0 0 0 0 0 0 0 0 0 0 0 0
476 ATC 1 13 16 0 1 12 0 5 0 2 0 0 3 170744 62 41 18 0 3 0 0 0 0 0 0 0 0 0 9 5 1 0 0 0 0 0 0 0 0 0 0 0 0 0 7 20 0 0 0 0 0 0 4 0 5 0 0 0 0 4 0 0 3 0
477 GGA 0 0 0 0 0 0 0 0 20 0 0 0 0 0 0 0 0 0 0 0 0 0 0 0 0 0 0 0 2 0 0 0 17 0 0 0 0 0 0 0 170822 11 61 2 0 0 0 0 0 0 0 1 0 1 0 0 0 0 0 0 0 0 0 8
478 AAT 5 1 1 166149 0 0 0 2 0 2 0 10 0 0 0 1 0 0 0 2 0 0 0 0 0 0 0 0 0 0 0 0 0 0 0 4 0 0 0 0 0 0 0 1 0 0 0 0 0 0 0 1 0 0 0 0 0 0 0 0 0 0 0 0
479 GGG 0 0 0 0 0 0 0 0 0 0 9 0 0 0 0 0 0 0 0 0 0 0 0 0 0 0 0 4 0 0 0 0 0 0 5 0 0 0 0 0 39 11 171000 2 0 0 3 0 0 0 0 0 0 0 0 0 0 0 4 0 0 0 0 0
480 TGT 0 0 0 0 0 0 0 0 0 0 0 2 0 0 0 0 0 0 0 0 0 0 0 0 0 0 0 5 0 0 0 0 0 0 0 0 0 0 0 0 0 0 0 0 0 0 0 0 0 0 0 27 0 0 0 0 0 16 6 169518 0 0 0 4
481 TTT 0 0 0 0 0 0 0 0 0 0 0 0 0 0 2 0 0 0 0 0 0 0 0 1 0 0 0 0 1 18 0 14 0 0 0 0 0 0 0 0 0 0 0 0 0 0 0 3 0 0 0 2 0 0 0 8 0 0 0 3 1 21 0 170842
482 GAG 0 0 28 0 0 0 0 0 0 0 0 0 0 0 0 0 0 0 0 0 0 0 0 0 0 3 0 2 4 0 0 0 22 0 171034 4 0 0 2 3 0 1 44 0 5 0 5 0 0 1 4 0 3 0 0 0 0 0 0 0 0 0 0 0
483 TTC 0 0 0 0 0 0 0 0 0 0 0 0 0 2 0 0 0 0 0 0 0 0 0 0 0 0 0 0 0 6 0 0 0 0 0 0 0 0 0 0 0 0 0 0 0 1 0 0 0 0 0 0 0 4 0 0 0 0 0 0 6 171051 3 27
484 TAC 0 3 0 0 0 0 0 0 1 0 0 0 0 0 0 0 0 47 0 0 0 0 0 0 0 0 0 0 0 0 15 0 0 0 0 0 0 0 0 0 0 0 0 0 0 0 0 0 1 169874 1 18 0 1 0 0 0 23 8 0 3 0 17 2
485 CAC 0 3 0 0 0 0 0 0 0 0 0 0 0 0 0 0 2 170705 1 7 0 2 0 0 0 5 0 0 0 1 0 0 0 0 0 0 0 0 0 0 0 0 0 0 0 0 0 0 0 3 0 0 0 0 0 0 0 0 0 0 0 0 0 0
486 AAG 33 0 170578 14 0 0 0 0 1 0 23 5 7 1 1 0 1 0 7 0 0 1 0 0 0 0 3 0 0 3 0 0 0 0 16 3 16 0 0 0 1 0 0 0 10 23 0 1 0 0 2 0 0 4 5 0 0 0 0 0 0 0 1 0
487 TGT 0 0 0 0 0 0 0 0 0 0 0 2 0 0 0 0 0 0 0 0 0 0 0 0 0 0 0 5 0 0 0 0 0 0 0 0 0 0 0 0 0 0 0 1 0 0 0 0 0 0 0 24 0 0 0 0 2 7 0 171367 0 0 0 3
488 GAC 0 28 0 0 0 0 0 0 0 3 0 0 0 0 0 0 0 0 0 0 1 0 0 0 0 0 0 0 0 0 0 0 3 170957 0 8 0 0 0 0 0 52 2 0 0 1 0 0 0 0 0 0 3 0 0 0 0 0 1 5 0 0 0 0
489 AAT 4 6 1 171432 0 0 0 1 0 0 0 5 0 0 0 1 0 0 0 0 0 0 0 0 0 0 0 0 0 0 0 0 0 3 0 19 0 0 0 0 0 0 0 0 0 0 0 0 0 0 0 0 0 0 0 0 0 0 0 0 0 0 0 0
490 GAA 26 0 3 0 3 0 0 0 0 0 0 0 0 0 7 1 0 0 0 0 0 0 0 3 0 0 0 0 1 0 0 0 170252 21 8 3 5 0 10 0 9 7 6 8 0 0 0 8 0 4 0 1 0 2 5 0 0 0 3 0 18 0 0 5
491 TGC 0 0 0 0 0 0 0 0 0 4 0 0 0 0 0 0 0 0 0 0 0 0 0 0 0 1 0 0 0 0 0 0 0 0 0 0 0 0 0 0 0 1 0 0 0 0 0 0 0 6 0 0 0 0 0 0 2 170675 0 55 0 2 0 0
492 ATG 0 0 0 0 0 0 4 0 0 0 2 0 74 2 168906 7 0 0 0 0 0 0 0 0 0 0 0 0 0 0 1 0 0 0 0 0 0 0 0 0 0 0 0 0 0 3 13 0 0 0 0 0 0 0 0 0 0 0 0 0 0 0 1 0
493 GAA 36 5 0 0 0 0 0 0 0 0 0 2 0 0 0 0 1 2 0 0 0 0 0 0 0 0 0 0 0 0 0 0 170108 8 21 2 1 13 0 0 99 23 0 105 2 0 0 0 0 0 0 1 6 10 5 0 0 2 1 0 0 0 0 0
494 AGT 0 0 0 34 0 0 1 1 2 11 8 171231 0 0 0 2 0 0 0 0 0 0 0 0 0 0 0 7 0 0 0 0 4 0 13 0 2 0 0 1 3 0 0 18 0 0 0 0 0 0 0 0 1 0 2 0 0 0 0 5 0 0 0 0
495 GTA 0 0 0 0 0 0 0 0 0 0 0 0 17 0 0 0 0 0 0 0 0 0 0 0 0 0 0 0 0 0 0 0 1 0 0 0 16 0 0 0 0 0 0 0 170638 3 34 15 0 0 0 0 0 0 0 0 0 0 0 0 1 0 0 0
496 AGA 19 0 0 0 0 0 2 0 170992 1 60 1 3 0 0 0 0 0 0 0 0 0 0 0 2 0 2 0 0 0 0 0 0 0 0 0 0 0 0 0 12 0 0 0 0 0 0 0 0 0 0 0 0 0 0 0 4 0 0 0 0 0 0 0
497 AAT 31 10 5 170518 1 1 7 37 1 4 0 102 39 0 5 1 7 8 1 2 0 0 0 0 0 19 1 4 21 38 17 9 32 3 1 48 4 0 11 11 0 2 6 24 4 3 46 25 0 0 0 2 13 152 0 91 0 11 0 0 1 0 10 2
498 GGG 0 0 0 0 0 0 0 0 0 0 13 1 0 0 0 0 0 1 1 0 0 0 0 0 0 0 0 0 0 0 0 0 0 0 19 0 1 3 0 6 41 5 170941 12 0 0 3 0 0 0 0 0 0 0 1 0 0 0 6 0 0 0 0 0
499 ACT 13 0 0 10 0 7 2 170463 0 0 0 2 0 0 31 23 25 0 0 5 0 0 0 0 13 0 0 0 16 0 0 8 0 0 4 1 8 2 0 73 1 0 0 0 118 0 1 3 0 0 0 0 0 0 19 10 0 1 0 0 1 37 0 1
500 TAT 0 0 0 1 0 0 0 0 0 0 0 0 0 0 0 0 0 0 0 17 0 0 0 0 0 0 0 0 0 0 0 0 0 0 0 0 0 0 0 0 0 0 0 0 0 0 0 0 0 3 0 171546 0 0 0 2 0 0 0 9 0 0 0 2
501 GAT 1 0 0 34 0 0 0 0 2 0 4 0 0 0 0 0 0 0 0 0 0 0 0 0 0 0 0 0 10 0 4 2 3 11 3 169826 8 0 0 1 0 0 0 12 3 0 0 1 0 0 0 8 3 0 0 1 0 8 0 0 0 0 0 0
502 TAT 0 0 0 0 0 0 0 1 0 0 0 0 0 0 0 0 0 3 0 19 0 0 0 0 0 0 0 0 0 0 1 3 0 0 0 0 0 2 3 0 0 0 0 4 0 0 11 0 1 17 0 170871 0 0 0 0 0 0 10 11 0 1 0 3
503 CCA 0 0 0 1 3 2 4 1 0 0 0 0 11 0 0 1 1 0 0 0 170079 53 48 2 3 0 0 2 5 0 3 0 0 0 1 0 6 0 0 0 0 2 1 0 0 0 16 1 0 0 0 1 11 0 0 0 0 0 0 0 0 1 0 0
504 AAA 170625 9 16 1 0 1 0 0 10 0 6 0 1 0 0 0 0 19 6 10 0 0 0 0 1 0 0 0 0 10 0 0 8 0 0 1 0 3 2 0 0 0 0 3 1 0 1 0 0 0 0 0 0 0 0 6 0 0 0 0 4 0 6 0
505 TAT 0 0 0 0 0 0 0 0 0 0 0 0 0 0 0 0 0 0 0 25 0 0 0 0 0 0 0 0 0 0 0 0 0 0 0 0 0 0 0 0 0 0 0 0 0 0 0 0 0 16 1 170811 0 0 0 0 0 0 0 8 0 3 0 5
506 TCA 0 0 0 0 9 0 0 0 0 6 1 0 0 0 0 0 0 0 0 1 11 0 0 0 0 11 0 0 0 0 3 0 8 0 3 0 1 0 3 0 0 0 1 0 1 7 0 2 0 0 0 1 170391 7 61 2 0 0 2 0 28 0 0 8
507 GAA 18 0 0 0 1 0 0 1 1 0 3 0 0 4 0 0 0 0 0 0 0 3 0 0 10 0 5 1 0 10 6 0 170728 76 11 4 3 0 13 0 18 1 0 8 6 0 46 0 2 0 0 4 0 0 1 0 0 0 3 0 1 0 10 0
508 GAA 4 0 0 0 0 0 0 0 0 0 0 0 3 2 1 41 1 0 1 0 0 1 0 0 0 0 0 0 0 0 0 1 170521 4 10 1 1 1 14 5 14 0 0 0 3 0 0 5 4 0 0 0 2 0 0 2 0 0 0 0 0 6 1 0
509 TCA 0 0 0 0 4 0 4 1 0 0 1 7 14 0 2 10 0 0 0 0 6 0 0 0 0 0 0 0 0 0 8 0 0 0 0 0 12 0 17 0 0 0 0 0 0 3 22 8 1 0 0 0 171148 16 15 25 2 0 0 3 18 0 0 0
510 AAG 33 0 170200 9 0 0 8 0 3 0 33 10 0 3 5 1 0 6 4 0 0 0 0 0 6 0 0 7 1 18 18 5 0 0 13 3 0 0 0 0 0 2 1 0 0 1 0 0 0 51 0 5 0 0 0 0 0 0 5 0 100 0 10 3
511 TTG 0 0 0 0 0 0 0 0 0 0 5 3 1 0 3 0 0 2 0 0 0 0 0 0 0 0 0 0 0 2 15 0 2 0 0 0 0 10 3 1 0 2 5 0 0 0 2 0 0 0 0 0 0 0 7 0 0 4 1 3 42 12 170381 14
512 AAC 26 169966 2 30 0 2 0 0 2 111 0 0 0 0 0 0 0 0 2 8 0 0 0 0 0 1 6 0 0 12 0 5 0 22 3 4 4 0 0 0 0 0 0 15 0 21 0 2 0 5 0 0 0 7 0 2 0 0 0 0 0 0 0 0
513 AGG 0 0 10 0 1 2 0 0 43 0 144096 3 1 0 22 6 0 0 0 0 0 0 0 0 0 1 44 3 12 0 5 0 0 0 0 3 1 0 0 0 1 0 49 0 0 0 0 0 0 0 0 1 0 6 0 0 0 0 15 0 0 1 0 0
514 GAA 22 0 0 0 0 0 0 0 0 0 0 0 0 0 0 0 0 0 0 0 0 0 0 0 0 8 6 0 2 1 0 0 170388 6 15 6 1 0 0 0 28 0 0 0 4 1 0 0 1 0 0 0 0 3 3 0 0 0 0 0 0 0 0 1
515 AAG 52 0 170368 13 13 0 3 34 1 0 83 18 0 0 1 1 0 0 0 1 0 0 31 36 0 0 0 0 0 0 0 2 0 0 13 10 8 0 9 0 0 5 0 1 4 8 5 1 0 0 1 0 0 1 0 0 0 0 0 0 0 3 0 13
516 ATA 2 0 0 0 1 0 0 0 1 0 0 0 170228 2 35 17 0 0 0 0 0 0 0 0 0 0 0 0 0 1 0 0 0 0 0 0 0 0 0 0 0 0 0 0 13 2 0 0 0 0 0 0 0 0 0 0 0 0 0 0 0 0 0 0
517 GAT 1 0 0 31 0 0 3 0 9 11 5 3 18 0 0 12 0 0 0 1 0 0 0 0 0 0 0 0 3 3 0 4 0 24 6 170263 40 0 1 0 0 1 0 16 1 0 0 9 0 0 0 4 3 0 3 2 0 0 1 0 0 0 4 1
518 GGA 5 0 6 0 19 4 14 23 22 1 0 1 23 1 48 0 0 6 0 3 0 2 0 1 1 5 0 31 0 1 0 7 39 0 2 2 16 11 0 5 168840 13 27 10 4 104 5 1 0 0 0 15 13 0 0 17 4 0 0 0 0 3 5 24
519 GTG 0 0 0 0 0 0 0 0 0 0 0 0 0 3 21 0 0 0 0 0 0 0 0 0 0 0 0 0 0 0 0 0 0 0 4 0 0 0 16 3 0 0 1 0 20 0 169527 17 0 0 0 0 0 0 0 0 0 0 0 0 2 0 6 3
520 AAA 170136 12 29 12 4 5 0 0 16 0 1 0 1 0 0 0 7 3 0 9 0 0 4 0 0 2 1 0 0 0 0 0 41 5 6 1 0 0 1 1 1 2 0 0 4 0 0 0 0 0 0 0 0 0 0 7 0 0 0 0 3 0 0 0
521 TTG 0 0 0 0 2 0 0 0 0 0 0 0 14 0 21 0 0 0 0 0 0 0 0 0 0 0 0 0 0 0 5 0 0 0 0 0 0 0 0 0 0 0 0 0 0 1 12 0 0 0 1 0 0 0 9 0 0 0 7 0 10 0 168461 8
522 GAA 12 0 0 6 0 2 0 0 0 0 0 0 0 0 0 0 3 0 0 0 0 0 0 0 0 0 0 0 0 0 0 0 168441 12 13 1 6 0 0 0 39 1 0 0 2 1 0 0 0 0 0 0 0 20 0 0 0 0 1 0 0 0 0 0
523 TCA 0 0 0 4 0 0 0 0 0 1 1 1 0 2 0 0 6 1 1 0 20 6 0 0 0 0 6 0 0 0 0 0 2 0 2 0 1 0 0 0 0 1 3 0 0 0 0 30 3 0 0 0 167124 1 10 4 0 0 0 0 6 0 0 0
524 ATG 0 0 2 3 1 0 8 5 0 2 1 0 26 1 100483 8 0 0 0 0 0 0 2 0 1 0 0 0 2 0 0 15 0 0 1 0 0 0 0 0 3 0 0 0 0 1 1 4 0 0 0 2 5 0 1 0 0 4 0 0 0 1 0 5
525 GGG 0 0 0 9 0 0 0 0 0 0 6 0 0 0 0 0 0 0 1 0 0 0 1 0 0 0 0 0 0 0 0 0 0 4 8 6 0 0 0 2 18 0 97308 7 3 0 1 0 0 0 0 0 0 0 1 0 0 0 3 0 0 0 0 0
526 GTG 0 0 0 0 0 0 0 0 0 1 0 0 3 0 33 0 0 0 1 0 0 6 1 0 0 0 0 0 20 4 1 3 1 0 4 0 0 0 8 0 0 1 3 2 56 3 106703 7 0 0 0 0 0 0 1 0 0 0 6 0 5 3 8 0
527 TAT 0 0 0 4 0 0 0 1 0 1 0 4 6 0 0 0 0 0 12 31 0 0 0 0 0 0 0 0 0 0 0 0 15 0 0 0 0 0 0 0 0 0 0 0 0 0 0 0 3 21 1 92027 0 0 0 1 0 0 1 10 0 0 0 0
528 CAG 2 0 1 0 0 0 0 0 0 0 0 0 0 0 0 0 14 10 107485 3 0 0 1 1 0 0 38 0 0 0 1 0 1 2 1 0 0 0 0 0 0 0 0 0 0 1 0 2 0 0 3 0 0 0 0 0 0 0 2 0 0 0 0 0
529 ATT 0 0 1 3 0 0 0 6 0 0 0 2 2 1 7 119253 1 0 0 0 0 0 0 0 0 0 0 0 0 0 0 0 0 0 0 0 0 0 0 0 0 0 0 0 0 0 0 13 0 0 0 0 0 0 0 0 0 0 1 0 0 0 0 1
530 CTG 0 0 0 0 0 0 0 0 0 0 0 0 0 0 11 0 0 0 1 0 0 0 10 0 0 0 2 0 0 0 136476 3 0 0 0 0 0 0 0 0 0 0 0 0 0 0 0 0 0 0 0 0 0 0 0 0 0 0 0 0 0 0 10 0
531 GCG 2 0 0 0 0 0 7 0 0 0 0 0 0 0 0 0 0 0 0 0 0 0 0 0 0 0 0 0 0 0 0 0 0 0 0 0 5 0 139886 2 0 0 0 0 0 0 28 0 0 0 0 0 0 0 4 0 0 0 0 0 0 0 0 0
532 ATC 0 0 0 0 0 11 0 0 0 0 0 0 4 147055 1 4 0 0 0 0 0 0 0 0 0 0 0 0 0 1 0 3 0 0 0 0 0 0 0 0 0 0 0 0 0 18 0 0 0 0 0 0 0 0 0 0 0 0 0 0 0 0 0 0
533 TAC 0 3 0 0 0 0 0 0 0 0 0 0 0 0 0 0 0 51 0 0 0 0 0 0 0 0 0 0 0 0 0 0 0 0 0 0 0 0 0 0 0 0 0 0 0 0 0 0 0 162080 1 16 0 0 0 0 0 10 0 0 0 0 0 0
534 TCA 0 0 0 0 2 0 0 0 0 0 0 1 0 0 0 0 0 0 0 0 20 0 0 0 0 0 0 0 0 0 0 0 0 0 0 0 1 0 0 0 0 0 0 0 0 0 0 0 2 0 0 0 162228 2 14 4 0 0 0 0 3 0 0 0
535 ACT 0 1 0 2 5 7 2 149964 0 0 0 1 0 0 0 10 0 0 0 0 0 0 0 1 0 0 0 0 0 0 0 0 0 0 0 0 0 2 0 9 0 0 0 3 0 0 0 0 0 0 0 0 0 0 0 1 0 0 0 0 0 0 0 0
536 GTC 0 0 0 0 0 0 0 0 0 0 0 0 0 46 0 0 0 0 0 0 0 0 0 0 0 0 0 0 0 0 0 0 0 2 0 0 0 14 0 0 0 2 0 0 2 145773 0 4 0 0 0 0 1 0 0 0 0 0 0 0 0 1 0 0
537 GCC 0 0 0 0 5 37 0 0 0 0 0 0 0 0 0 0 0 0 0 0 0 0 0 0 0 0 0 0 0 0 0 0 0 0 0 0 3 167731 0 18 0 0 0 0 0 4 0 0 0 0 0 0 0 2 0 0 0 0 0 0 0 0 0 0
538 AGT 0 0 0 17 0 0 0 0 0 12 0 167953 0 0 0 7 0 0 0 0 0 0 0 0 0 0 0 4 0 0 0 0 0 0 0 0 3 0 2 23 0 0 0 10 0 0 0 2 0 0 0 0 1 3 2 0 0 1 0 4 0 0 0 0
539 TCA 0 0 0 0 1 0 0 0 0 2 0 0 0 0 0 0 0 0 0 0 7 0 0 0 0 0 0 0 0 0 0 0 0 0 0 0 2 0 0 0 0 0 0 0 0 0 0 0 2 0 0 0 165973 1 12 25 2 0 0 0 8 0 0 0
540 CTG 0 0 0 0 0 3 0 1 0 0 0 0 2 0 7 0 0 0 2 0 0 0 17 0 0 0 0 0 41 2 168481 8 0 0 0 0 1 6 3 0 1 4 0 0 4 3 4 0 0 0 0 0 0 5 2 0 1 0 1 0 1 0 5 33
541 GTG 0 0 0 0 0 0 11 1 0 0 0 0 0 0 14 20 0 0 0 0 1 0 1 4 0 0 0 0 0 0 0 1 0 0 3 0 0 0 3 0 0 0 0 0 56 12 169228 18 0 2 0 0 0 0 23 0 0 0 7 0 0 0 1 0
542 CTT 0 0 0 0 2 0 4 0 0 0 0 0 13 0 3 8 0 0 0 2 0 0 0 33 0 0 0 2 6 7 25 170252 0 0 0 0 4 0 7 1 0 0 0 0 0 0 4 1 0 0 0 0 0 1 0 0 0 0 0 1 9 2 3 44
543 TTG 0 0 0 0 1 0 0 0 0 0 0 0 4 0 1 0 0 0 0 0 0 0 0 0 0 0 0 0 0 0 18 0 0 0 0 0 1 0 10 10 0 0 0 0 9 0 1 0 0 25 3 0 5 0 21 0 0 0 29 0 12 7 170514 5
544 GTC 0 0 0 0 0 0 0 0 0 0 0 0 0 19 0 0 0 0 0 0 0 0 0 0 0 0 0 0 0 0 0 0 0 1 0 0 0 10 0 0 0 0 0 0 1 168272 0 14 0 0 0 0 0 0 0 0 0 0 0 0 0 1 0 0
545 TCC 0 0 0 0 0 8 0 0 0 0 0 0 0 0 0 0 0 0 0 0 0 78 0 0 0 0 0 0 0 0 0 2 0 0 0 0 0 1 0 2 0 0 0 0 0 0 0 0 0 1 0 0 6 170549 8 4 0 0 0 0 0 5 0 0
546 CTG 0 0 0 0 0 0 0 0 0 0 0 0 0 0 3 0 0 0 2 0 0 0 26 0 0 0 7 0 20 0 165443 7 0 0 0 0 0 0 0 0 0 0 0 0 0 0 1 0 0 0 0 0 0 0 0 0 0 0 0 0 0 0 8 0
547 GGG 0 0 0 0 0 0 0 0 0 0 6 0 0 0 0 0 0 0 0 0 0 0 0 0 0 0 0 0 0 0 0 0 0 0 5 0 0 0 0 0 2 0 167871 0 0 0 2 0 0 0 0 0 0 0 0 0 0 0 0 0 0 0 0 0
548 GCA 0 0 0 0 44 0 0 0 0 0 0 0 0 0 0 0 0 0 0 0 0 0 0 0 0 0 0 0 0 0 0 0 1 0 0 0 170245 0 3 0 0 0 1 0 21 0 0 0 0 0 0 0 2 0 0 0 0 0 0 0 0 0 0 0
549 ATC 0 1 0 0 0 24 0 0 0 2 0 0 3 170565 0 7 0 0 0 0 0 0 0 0 0 0 0 0 0 0 0 0 0 0 0 0 0 5 0 0 0 0 0 0 0 7 0 0 0 0 0 0 0 0 0 0 0 0 0 12 0 9 0 0
550 AGT 0 8 0 14 0 0 0 0 1 25 3 170691 2 0 0 6 0 0 0 0 0 0 0 0 0 0 0 0 0 0 10 0 0 0 0 0 0 0 0 0 0 0 0 33 4 0 0 0 0 0 0 0 0 6 0 0 0 6 0 6 2 2 0 0
551 TTC 0 0 0 0 0 0 4 0 0 0 0 2 0 1 0 2 0 0 0 0 0 0 0 0 0 0 0 0 0 17 0 4 1 0 0 0 0 0 0 0 0 0 0 0 3 7 0 0 0 4 0 1 0 5 0 0 0 1 0 0 3 169787 5 10
552 TGG 0 0 0 0 0 0 0 0 0 0 4 0 0 0 0 0 0 0 0 0 0 0 0 0 0 0 14 0 0 0 0 0 0 0 0 0 0 0 0 0 0 0 5 0 0 0 0 0 0 8 6 0 0 0 0 0 11 0 170405 1 0 0 3 0
553 ATG 0 0 1 0 0 0 10 0 0 0 2 0 8 0 170771 2 0 0 0 0 0 0 0 0 0 0 0 0 0 0 0 0 0 0 0 0 0 15 0 1 0 0 0 36 0 0 13 0 0 0 0 0 1 0 0 1 0 0 0 0 0 0 0 0
554 TGT 0 0 0 0 0 0 0 0 0 0 0 1 0 0 1 4 0 0 0 0 0 0 0 0 0 0 0 5 0 0 3 0 0 0 0 0 2 0 0 0 0 0 0 0 0 0 0 0 0 0 0 22 0 0 0 0 0 38 3 170569 1 0 0 2
555 TCT 0 0 0 0 0 0 0 4 0 0 0 12 8 0 6 0 2 0 0 0 0 0 0 8 0 0 0 0 5 0 1 1 3 0 0 0 4 0 19 0 0 0 0 0 0 0 0 0 0 0 0 4 4 21 3 171093 0 0 1 1 4 0 0 3
556 AAT 1 5 21 170783 0 9 0 3 0 0 0 5 14 2 0 3 0 0 0 0 0 0 0 0 0 0 0 0 0 0 0 2 0 1 0 19 0 0 0 0 0 0 0 2 0 10 0 0 0 0 0 0 5 0 0 0 0 0 0 0 0 0 0 0
557 GGG 0 0 0 0 0 0 0 0 0 0 12 0 0 0 0 0 0 0 0 0 0 0 0 0 0 0 0 0 0 0 0 0 0 0 3 0 0 0 1 0 35 0 170259 1 0 0 29 0 0 0 0 0 0 0 0 0 0 0 4 0 0 0 0 0
558 TCT 0 0 0 0 0 0 1 2 0 0 0 0 2 0 0 0 18 0 0 0 0 0 0 6 0 0 0 0 4 0 0 3 0 0 0 0 1 0 0 38 0 0 0 0 1 3 0 0 0 2 0 6 15 4 6 171137 0 0 0 1 0 2 0 6
559 TTG 0 0 0 0 0 0 0 0 0 0 0 0 0 0 1 0 0 0 0 0 0 0 0 0 0 0 0 0 0 0 15 0 0 0 0 0 0 0 0 0 0 0 0 0 0 0 1 0 0 0 2 0 0 0 9 0 0 0 1 1 21 0 170997 2
560 CAG 0 0 1 0 0 0 0 0 0 0 0 0 0 0 0 0 13 1 170959 2 0 0 2 0 0 0 19 0 0 0 1 0 0 0 13 0 0 0 0 0 0 0 0 0 12 0 0 0 0 0 95 0 0 0 0 0 0 0 0 0 0 0 0 0
561 TGC 0 0 0 0 0 0 0 0 0 0 0 0 0 0 0 2 0 0 0 0 0 0 0 0 0 7 0 0 2 0 0 0 0 0 0 0 0 0 0 0 0 1 0 0 0 2 0 0 0 89 0 0 0 1 0 0 3 170637 0 22 0 2 1 0
562 AGA 16 0 4 0 1 0 0 2 170917 0 9 2 4 1 0 0 5 0 0 0 0 0 0 0 3 0 0 9 3 0 0 0 0 1 1 0 0 0 0 0 12 1 0 0 0 2 0 0 0 0 0 0 0 0 0 1 2 0 0 0 0 0 0 0
563 ATA 2 0 0 0 8 0 0 0 0 0 0 0 171391 15 22 1 0 0 0 0 0 0 0 0 0 0 0 0 2 0 0 0 0 0 0 0 0 0 0 0 0 0 0 0 5 0 1 1 0 0 0 0 0 0 0 0 0 0 0 0 0 0 0 0
564 TGC 0 0 0 0 0 0 0 0 0 1 0 0 0 0 0 0 0 0 0 0 0 0 0 0 0 5 0 0 0 0 0 0 0 0 0 0 0 0 0 0 1 0 0 0 0 0 0 0 0 35 0 0 0 0 0 0 2 170802 0 58 0 6 0 0
565 ATC 0 1 0 0 0 3 0 0 0 2 0 0 3 170620 0 9 0 0 0 0 0 0 0 0 0 0 0 0 0 3 0 0 0 0 0 0 0 0 0 0 0 0 0 0 0 4 0 0 0 0 0 0 0 0 0 0 0 0 1 0 0 1 1 0
566 TGA 0 0 0 0 0 0 0 0 2 0 0 0 0 0 0 0 0 0 0 0 0 0 0 0 28 0 0 0 0 0 0 0 0 0 0 0 0 0 0 0 2 0 0 0 0 0 0 0 23 0 0 0 0 0 0 0 170978 0 12 0 2 0 0 0
