# POSITION WT AAA AAC AAG AAT ACA ACC ACG ACT AGA AGC AGG AGT ATA ATC ATG ATT CAA CAC CAG CAT CCA CCC CCG CCT CGA CGC CGG CGT CTA CTC CTG CTT GAA GAC GAG GAT GCA GCC GCG GCT GGA GGC GGG GGT GTA GTC GTG GTT TAA TAC TAG TAT TCA TCC TCG TCT TGA TGC TGG TGT TTA TTC TTG TTT
1 ATG 0 0 1 0 0 0 14 0 0 0 2 0 25 0 216807 2 0 0 0 0 0 0 0 0 0 0 0 0 0 0 3 0 0 0 0 0 0 0 0 0 0 0 0 0 0 0 4 0 0 0 0 0 0 0 0 0 1 0 0 0 0 0 3 0
2 AAG 36 0 216087 26 7 3 25 26 0 0 40 1 51 0 30 1 0 21 30 1 0 0 0 6 1 28 0 1 0 28 3 11 0 0 79 0 0 0 0 1 18 0 0 0 2 1 0 0 0 5 4 20 2 12 15 3 0 0 0 11 0 1 13 0
3 GCA 0 2 0 0 21 3 0 0 15 0 0 0 0 0 0 8 1 0 0 0 0 0 0 5 1 3 0 0 5 0 0 4 1 7 0 0 216144 17 12 27 0 0 0 0 33 0 0 0 0 15 0 0 1 0 0 14 0 5 1 0 0 0 0 0
4 AAA 212612 28 22 0 4 10 1 3 6 0 3 0 3 12 2 0 9 14 13 0 0 0 0 4 0 12 8 0 0 0 2 0 11 0 0 0 0 7 1 0 0 0 0 0 0 0 18 0 0 2 0 0 0 0 14 0 0 0 0 0 0 0 11 0
5 CTA 0 0 0 0 0 0 2 0 0 0 0 0 8 0 1 0 2 0 0 2 34 0 0 0 0 0 0 0 216819 0 60 0 0 0 0 0 5 0 0 0 0 1 0 0 0 0 0 2 0 19 0 0 0 0 0 0 0 0 0 10 15 4 0 0
6 CTG 0 0 0 0 2 0 0 0 0 0 0 0 2 9 12 0 0 0 4 0 0 0 14 0 0 0 1 0 21 28 216263 7 0 0 0 0 4 0 0 1 0 0 0 0 0 0 2 0 0 0 0 4 0 0 0 0 0 1 1 0 0 6 19 0
7 GTC 0 0 0 0 0 0 0 0 0 0 0 0 0 20 0 0 0 0 0 0 0 0 0 0 0 0 1 0 0 15 0 1 0 0 0 0 4 72 0 0 1 0 0 0 25 215895 4 9 0 0 0 0 0 0 0 2 0 0 2 6 0 11 17 0
8 CTG 0 0 0 0 0 0 0 0 0 0 0 0 1 3 14 0 0 0 5 0 0 0 60 0 0 0 5 0 45 2 216383 17 0 0 0 0 0 0 0 0 0 0 0 0 0 0 0 0 0 0 0 0 0 0 0 0 0 0 0 0 0 0 15 0
9 TTA 0 0 0 0 0 0 0 1 0 0 0 0 1 0 0 0 0 0 0 0 3 0 0 0 0 0 0 0 23 0 2 0 0 0 0 0 0 0 0 0 0 0 0 0 4 12 0 10 0 0 0 0 9 3 0 0 2 0 0 0 216652 5 30 6
10 TAT 0 0 0 1 1 0 0 0 0 0 0 0 18 0 0 1 0 0 0 39 0 0 0 0 0 0 0 0 0 0 0 4 0 0 0 4 0 0 0 0 0 0 0 0 0 0 0 0 8 17 6 215404 0 0 0 0 0 1 0 79 0 0 6 0
11 GCA 1 0 0 0 57 0 0 0 0 11 0 1 5 0 4 2 0 1 0 0 0 0 0 0 0 0 4 0 0 0 0 0 8 0 0 0 216021 3 57 34 6 0 0 0 68 2 2 0 0 0 0 0 9 1 1 0 0 0 3 3 0 46 3 45
12 TTT 0 0 0 0 0 1 0 0 0 0 0 0 0 0 0 1 0 0 0 0 0 1 0 0 0 0 0 0 1 3 3 46 0 0 0 0 0 0 0 0 0 0 0 0 10 38 0 17 0 0 0 1 0 4 0 10 0 0 0 2 7 48 3 215950
13 GTA 0 0 0 0 0 2 0 2 0 0 0 0 8 0 1 0 0 3 0 0 0 0 0 0 1 0 0 0 1 0 1 0 3 0 0 0 59 0 0 0 1 0 0 0 216747 0 75 2 0 0 0 0 0 0 0 0 0 0 0 0 1 0 0 0
14 GCT 0 0 0 0 0 4 0 18 0 1 0 0 0 0 0 0 0 0 0 0 0 0 0 0 0 0 0 1 0 0 0 0 0 0 0 7 7 29 0 216698 0 0 0 2 0 0 0 4 0 0 0 0 0 0 0 5 0 0 0 0 0 0 0 0
15 ACA 1 0 0 0 216817 10 57 23 3 0 0 0 6 6 0 0 0 0 0 0 0 0 0 0 0 0 0 0 0 0 0 0 0 0 0 0 17 0 0 0 0 0 0 0 0 0 0 0 0 0 0 0 0 0 0 0 0 0 0 0 0 0 0 0
16 GAT 0 0 0 13 0 0 0 0 0 0 0 0 0 0 0 0 0 0 0 0 0 0 0 0 0 0 1 0 0 0 0 0 1 10 4 216824 0 0 0 0 0 0 0 9 0 0 0 0 0 0 0 6 0 0 0 0 0 0 0 0 0 0 0 0
17 GCA 0 0 0 0 54 0 0 0 0 0 0 0 0 0 0 0 0 0 0 0 0 0 0 0 0 0 0 0 0 0 0 0 3 0 0 0 215649 7 86 13 8 0 0 0 49 0 0 0 0 0 0 0 6 0 0 0 0 0 0 0 0 0 0 0
18 GAC 0 4 0 0 0 0 0 0 0 0 0 0 0 0 0 0 0 0 0 0 0 0 0 0 0 0 0 0 0 0 0 0 3 216148 2 18 0 3 0 0 0 17 0 0 0 0 0 0 0 1 0 0 0 0 0 0 0 0 0 0 0 0 0 0
19 ACA 3 0 0 0 213347 4 50 17 8 0 52 13 10 0 0 0 15 0 1 10 0 0 0 0 0 0 0 4 0 0 0 0 0 0 2 0 2 0 0 0 0 0 0 0 0 0 0 2 0 0 0 3 2 1 1 0 0 0 0 0 2 2 21 0
20 ATA 1 0 0 0 13 0 0 0 0 0 0 0 216931 0 26 33 0 0 0 0 0 0 0 0 0 0 0 0 4 0 0 0 0 0 0 0 0 0 0 0 0 0 0 0 10 0 2 0 0 0 0 0 0 0 0 0 0 0 0 0 1 0 0 0
21 TGT 0 0 0 0 0 0 0 0 0 0 0 1 0 0 0 0 0 0 0 0 0 0 0 0 0 0 0 5 0 0 0 0 0 0 0 0 0 0 0 0 0 0 0 2 0 0 0 0 0 0 0 17 0 0 0 0 0 99 0 216481 0 0 0 3
22 ATA 3 0 0 0 11 0 0 0 1 0 0 0 216409 2 35 8 0 0 0 0 0 0 0 0 0 0 0 0 0 0 0 0 0 0 0 0 0 0 0 0 0 0 0 0 71 0 0 0 0 0 0 0 0 0 0 0 0 0 0 0 0 0 0 0
23 GGC 0 0 0 0 0 0 0 0 0 7 0 0 0 0 0 0 0 0 0 0 0 0 0 0 0 0 0 0 0 0 0 0 0 15 0 0 0 0 0 0 40 216618 23 14 0 3 0 0 0 0 0 0 0 0 0 0 0 19 0 0 0 0 0 0
24 TAC 0 2 0 0 0 0 0 0 0 0 0 0 0 0 0 0 0 19 0 1 0 0 0 0 0 0 0 0 0 0 0 0 0 0 0 0 0 0 0 0 0 0 0 0 0 0 0 0 4 216439 3 43 0 0 0 0 0 10 0 0 0 1 0 0
25 CAT 0 0 0 8 0 0 0 0 0 0 0 0 0 1 0 0 5 13 4 216671 0 0 0 4 0 0 0 17 0 0 1 1 0 0 0 1 0 0 0 0 0 0 0 0 0 0 0 0 0 0 0 7 0 0 0 0 0 0 0 0 0 0 0 0
26 GCG 0 0 0 0 0 0 29 0 0 1 0 0 0 0 0 0 0 0 0 0 0 0 0 0 0 0 0 0 0 0 0 0 0 0 1 0 102 4 215464 7 0 0 0 0 0 0 47 0 0 0 0 0 5 0 7 0 0 0 0 0 0 0 0 0
27 AAC 5 212481 2 13 0 2 0 0 0 13 0 0 0 0 0 0 0 0 0 0 0 0 0 0 0 0 0 0 0 0 0 0 0 6 0 0 0 0 0 0 0 0 0 0 0 0 0 0 0 0 0 0 0 0 0 0 2 0 0 0 0 0 0 0
28 AAC 1 214686 3 17 0 1 0 0 0 8 0 0 0 1 0 0 0 0 0 0 0 0 0 0 0 0 0 0 0 0 0 0 0 5 0 0 0 0 0 0 0 0 0 0 0 0 0 0 0 0 0 0 0 0 0 0 0 0 0 0 0 0 0 0
29 TCA 0 0 0 1 3 0 0 0 0 0 0 0 0 0 0 0 0 0 0 0 25 0 0 0 0 0 0 0 0 0 0 0 0 0 0 0 0 0 2 1 1 0 0 0 0 0 0 0 6 0 0 0 216017 5 29 5 0 0 0 0 2 0 0 0
30 ACC 0 10 0 0 27 216182 1 78 0 2 0 0 0 24 0 0 0 0 0 0 0 0 0 0 0 0 0 0 0 0 0 0 0 0 0 0 0 14 0 0 0 0 0 0 0 0 0 0 0 0 0 0 0 1 0 0 0 0 0 0 0 0 0 0
31 GAC 0 54 0 0 0 7 1 0 0 0 0 0 0 0 0 0 0 0 0 0 0 0 0 0 0 0 0 0 0 0 0 0 5 211813 3 6 0 1 0 0 0 12 0 0 0 1 0 0 0 4 0 0 0 0 0 0 0 0 0 0 0 0 0 0
32 ACT 0 0 0 3 4 11 0 213458 0 0 0 1 0 0 0 15 0 0 0 0 0 0 0 4 0 0 1 0 0 0 0 0 0 0 0 0 0 0 0 15 0 0 0 0 0 0 0 3 0 0 0 0 0 0 0 1 0 0 0 0 0 0 0 0
33 GTT 0 0 0 0 0 0 0 0 0 0 0 0 0 0 0 28 0 0 0 0 0 0 0 0 0 0 0 0 0 0 0 0 0 0 0 0 0 1 0 6 0 0 0 2 10 17 12 215870 0 0 0 0 0 0 0 0 0 0 0 0 0 0 0 3
34 GAC 0 17 0 0 0 0 0 0 0 0 0 0 0 0 0 0 0 0 0 0 0 0 0 0 0 0 0 0 0 0 0 0 3 215780 4 7 0 1 0 0 0 9 0 0 0 0 0 0 0 1 0 0 0 0 0 0 0 0 0 0 0 0 0 0
35 ACA 3 0 0 0 216706 1 26 0 1 0 0 0 8 0 0 0 0 0 0 0 1 0 0 0 0 0 0 0 0 0 0 0 0 0 0 0 9 0 0 0 0 0 0 0 0 0 0 0 0 0 0 0 0 0 0 0 0 0 0 0 0 0 0 0
36 ATA 2 0 0 0 19 0 0 0 1 0 0 0 215990 2 11 11 0 0 0 0 0 0 0 0 0 0 0 0 2 0 0 0 0 0 0 0 3 0 0 0 0 0 0 0 8 0 0 0 0 0 0 0 0 0 0 0 0 0 0 0 0 0 0 0
37 CTC 0 0 0 0 10 65 2 0 9 95 111 0 2 12 0 0 5 0 2 0 0 11 0 0 33 1 37 0 3 215480 8 37 0 0 0 0 0 0 0 0 0 0 2 0 0 0 0 0 0 25 0 0 0 3 0 0 0 0 0 0 0 8 5 0
38 GAG 0 0 18 0 0 0 0 0 0 0 0 0 0 0 0 0 0 0 4 0 0 0 0 0 0 6 0 0 0 0 0 0 40 0 216248 4 4 0 2 0 0 0 11 0 0 0 0 0 0 0 4 0 4 0 1 0 0 0 0 0 0 0 0 0
39 AAG 40 0 184175 3 0 0 3 0 0 0 22 0 0 0 10 0 0 0 0 0 0 0 0 0 0 0 1 0 0 0 0 0 0 0 10 0 0 0 0 0 0 0 0 0 0 0 0 0 0 0 0 0 0 0 0 0 0 0 0 0 0 0 0 0
40 AAT 5 7 0 215759 0 0 0 3 0 0 0 12 0 0 0 0 0 0 0 0 0 0 0 0 0 0 0 0 0 0 0 0 0 0 1 31 0 0 0 0 0 0 0 0 0 0 2 0 0 0 0 0 0 0 0 0 0 0 0 0 0 0 0 0
41 GTG 0 0 0 0 0 0 0 0 0 0 0 0 0 0 22 0 0 0 0 0 0 0 0 0 0 0 0 0 0 0 1 0 0 0 0 0 0 0 7 0 0 0 3 0 32 2 215540 7 0 0 0 0 0 0 0 0 0 0 0 0 0 0 2 0
42 GCA 0 0 2 0 21 0 0 0 0 0 0 0 0 0 0 0 0 0 0 0 46 1 0 0 0 0 0 0 0 0 0 0 5 0 2 0 211245 2 25 4 1 0 0 0 60 0 0 0 0 0 0 0 1 0 0 0 0 0 0 0 0 0 0 0
43 GTG 0 0 0 0 0 0 0 0 0 0 0 0 0 0 20 0 0 0 0 0 0 0 0 0 0 0 0 0 0 0 0 0 0 0 1 0 0 0 8 0 0 0 0 0 26 0 213238 2 0 0 0 0 0 0 0 0 0 0 0 0 0 0 2 0
44 ACA 6 0 0 0 206848 2 12 6 2 0 0 0 10 0 0 0 0 0 0 0 0 0 0 0 0 0 0 0 0 0 0 0 0 0 0 0 24 0 0 0 0 0 0 0 0 0 0 0 0 0 0 0 6 0 0 0 0 0 0 0 0 0 0 0
45 CAT 0 0 0 1 0 0 0 0 0 0 0 0 0 0 0 0 1 33 2 205582 0 0 0 1 0 0 0 8 0 0 0 4 0 0 0 1 0 0 0 0 0 0 0 0 0 0 0 0 0 0 0 4 5 0 0 0 0 0 0 0 0 0 0 0
46 TCT 0 0 0 0 0 0 0 0 0 0 0 0 0 0 0 0 0 0 0 0 0 0 0 7 0 0 0 0 0 0 0 0 0 0 0 0 0 0 0 1 0 0 0 0 0 0 0 0 0 0 0 3 2 89 0 206862 0 0 0 2 0 0 1 7
47 GTT 0 0 0 0 1 0 0 0 2 0 0 0 0 0 0 33 0 0 0 0 0 0 0 0 0 0 4 0 0 1 0 0 0 0 0 1 0 1 0 12 0 0 0 0 6 80 10 202784 0 6 0 20 0 0 0 0 0 0 0 0 1 1 0 6
48 AAC 6 207029 2 33 2 6 0 0 0 10 0 0 0 0 0 0 0 2 0 0 0 0 0 0 0 0 0 0 0 0 0 0 0 30 0 3 0 0 0 0 0 0 0 0 0 0 0 0 0 0 0 0 0 1 0 0 0 0 0 0 0 0 0 0
49 CTG 0 0 0 0 0 0 0 0 0 0 0 0 6 0 4 0 0 0 0 0 0 0 19 0 0 0 0 0 51 1 203536 3 0 0 0 0 0 0 0 0 0 0 0 0 0 0 2 0 0 0 0 0 0 0 0 0 0 0 0 0 0 0 10 0
50 CTC 0 0 0 0 0 0 0 0 0 0 0 0 0 3 0 0 0 2 0 0 0 7 0 0 0 1 0 0 9 199356 0 40 0 0 0 0 0 0 0 0 0 0 0 0 0 0 0 0 0 0 0 0 0 0 0 0 0 0 0 0 0 1 0 0
51 GAA 9 0 0 0 0 3 1 3 0 0 0 0 2 1 0 0 2 0 0 0 0 0 0 0 0 0 0 0 0 0 0 0 151664 1 11 0 0 2 1 0 3 0 0 0 0 3 2 0 1 0 0 0 0 0 0 0 0 0 0 1 0 0 0 0
52 GAC 3 11 0 0 0 1 0 0 0 0 0 1 0 2 0 0 0 0 0 0 0 0 0 0 0 0 0 0 0 0 0 0 0 110938 4 19 0 1 0 0 0 7 0 0 0 3 1 0 0 0 0 0 4 7 0 0 0 0 0 0 0 0 0 0
53 AGC 3 33 0 0 6 1 0 1 1 130979 2 45 0 7 0 0 0 0 0 0 0 0 0 0 1 4 0 3 0 4 0 0 2 0 0 0 0 2 3 1 9 20 1 0 0 0 0 3 0 0 0 0 3 0 5 3 0 3 0 0 0 0 0 0
54 CAC 0 0 0 0 0 0 0 0 0 0 0 0 0 0 0 0 1 111037 3 3 0 0 0 0 0 4 0 0 0 0 0 0 0 0 0 0 0 0 0 1 0 0 0 0 0 0 0 0 0 5 0 0 0 0 0 0 0 0 0 0 0 0 0 0
55 AAC 5 147847 0 29 0 0 0 0 0 8 0 0 0 0 0 0 0 1 0 0 0 0 0 0 0 0 0 0 0 0 0 0 0 8 0 0 0 0 0 0 0 0 0 0 0 0 0 0 0 0 0 0 0 0 0 0 0 0 0 0 0 0 0 0
56 GGG 0 0 0 0 0 0 0 0 0 2 13 0 0 0 0 0 0 6 1 0 0 0 0 0 0 0 20 0 0 0 0 0 0 0 16 0 0 0 3 0 55 10 180026 1 0 0 0 0 0 0 0 0 0 6 0 0 0 0 3 0 0 0 0 0
57 AAA 205741 3 11 0 3 0 1 0 18 0 1 0 0 0 0 0 0 2 0 0 0 0 0 0 1 0 0 0 0 0 0 0 26 0 0 0 0 0 4 0 0 0 0 0 2 0 1 0 0 0 0 1 0 0 0 0 0 0 0 0 0 0 0 0
58 CTA 1 0 0 0 0 0 1 1 0 0 0 0 2 0 0 0 1 0 0 0 16 0 2 0 0 0 0 0 171207 15 19 7 0 0 0 0 0 0 0 0 1 0 0 0 2 0 0 0 0 0 0 0 0 0 0 0 0 0 0 0 26 0 0 0
59 TGT 0 1 0 0 0 0 0 0 0 0 0 0 0 0 9 0 0 0 0 0 0 0 0 0 0 0 0 7 0 0 0 0 0 0 0 0 0 0 0 0 1 0 0 0 0 0 0 0 0 0 0 5 0 0 0 0 2 70 0 188004 0 0 0 1
60 AAA 212013 28 39 8 2 0 0 4 17 17 0 15 0 0 0 0 4 12 0 11 0 0 0 0 0 3 0 30 0 3 1 0 7 0 0 0 0 3 0 5 0 0 0 0 0 0 0 0 11 40 0 1 0 5 0 7 0 0 8 0 1 0 0 0
61 TTA 0 0 0 0 0 0 0 0 0 0 0 0 10 1 0 24 0 0 0 0 0 0 0 0 0 0 0 0 19 0 0 93 0 0 0 0 0 0 0 0 0 0 0 0 9 2 0 3 2 0 0 0 7 0 0 0 1 0 0 0 211995 0 44 1
62 AAA 213794 23 423 99 0 0 0 0 29 0 0 1 1 0 2 0 2 1 0 0 0 0 0 0 0 0 0 0 0 0 0 0 3 0 0 0 0 8 12 0 2 2 0 2 0 0 0 0 1 24 0 0 1 0 0 0 0 0 0 0 0 0 0 5
63 GGA 0 0 0 0 0 0 0 0 16 0 0 0 0 0 0 0 2 0 0 0 0 0 0 0 0 0 0 0 0 0 0 0 17 0 0 0 0 0 0 0 213796 0 25 10 0 0 0 0 0 0 0 0 0 0 0 0 11 0 1 0 0 0 0 0
64 ATA 4 0 0 0 25 0 0 0 1 0 0 0 202907 6 75 19 0 0 0 0 0 0 0 0 3 0 1 0 4 0 0 0 0 0 0 0 4 0 0 0 0 0 0 0 13 10 0 0 0 0 0 0 0 0 0 0 0 0 0 0 6 0 0 0
65 GCC 0 0 4 3 2 20 5 0 0 0 0 0 0 0 2 0 0 0 1 0 9 13 0 3 0 0 0 0 0 0 0 0 18 10 0 3 0 202347 2 5 5 0 0 0 0 9 0 0 0 0 0 0 0 7 0 0 0 0 0 0 0 0 3 0
66 CCA 0 0 0 0 2 0 0 0 0 0 0 0 0 0 0 0 5 0 0 0 205721 0 9 11 4 0 0 0 3 0 0 0 0 0 0 0 0 0 0 0 0 0 0 0 0 0 0 0 0 0 1 0 4 0 0 0 0 0 0 0 0 0 0 0
67 CTA 0 0 0 0 0 0 0 0 0 0 0 0 4 0 0 0 0 0 0 0 32 0 2 0 1 0 0 0 214380 0 32 2 0 0 0 0 0 0 0 0 0 0 0 0 3 0 0 0 0 0 0 0 0 0 0 0 0 0 0 0 18 0 0 0
68 CAA 2 0 0 0 1 8 0 0 0 0 0 0 0 0 1 0 215668 1 12 1 2 0 0 1 5 0 0 0 1 15 6 2 15 0 0 8 6 4 3 0 0 0 0 0 0 0 0 6 11 0 0 1 3 0 1 0 0 0 0 0 6 0 0 3
69 TTG 0 0 0 0 0 0 0 0 0 0 0 0 0 0 3 0 0 0 0 0 0 0 0 0 0 0 0 0 0 2 5 2 0 0 0 0 0 0 0 0 0 0 0 0 0 0 0 0 0 0 3 0 0 0 6 0 0 0 2 0 10 0 212963 4
70 GGG 0 5 0 3 0 0 4 0 0 0 5 0 0 2 0 0 4 0 5 0 0 0 0 0 0 0 0 1 0 0 1 0 0 2 20 8 0 0 1 2 25 1 215600 30 0 0 4 0 0 0 0 0 0 0 0 0 0 0 1 0 0 6 0 0
71 AAA 215649 2 30 30 11 0 0 0 6 0 0 0 1 6 0 0 0 12 0 0 25 0 0 14 3 1 0 0 9 0 0 3 50 0 0 0 0 0 0 0 0 0 4 1 0 0 0 2 0 0 0 7 0 1 0 0 0 0 0 0 0 0 1 0
72 TGT 0 0 0 0 0 0 0 0 0 0 0 3 0 0 0 0 0 0 0 0 0 0 0 0 0 0 0 4 0 0 0 0 0 0 0 0 0 0 0 0 0 0 0 3 0 0 0 0 0 0 0 12 0 0 0 2 5 43 1 216690 0 0 0 3
73 AAC 4 215698 1 17 0 1 0 0 0 46 0 3 0 0 0 0 6 0 0 0 0 0 0 0 0 0 0 0 0 0 0 0 0 51 0 0 0 0 0 0 0 0 0 0 0 0 0 0 0 2 0 0 8 2 53 15 0 0 0 0 0 0 0 0
74 ATC 0 2 0 0 0 13 0 0 0 3 0 0 9 208977 0 18 0 0 0 0 0 0 0 0 0 0 0 0 13 1 0 2 0 0 0 0 0 0 0 0 0 0 0 0 1 4 0 6 0 0 0 0 0 0 0 0 0 0 0 0 0 2 13 0
75 ACC 0 2 0 0 7 207731 13 89 0 0 0 1 4 37 0 10 0 0 6 0 0 7 1 1 0 0 0 0 0 1 85 3 0 0 0 0 0 14 0 1 0 0 0 0 0 0 1 0 0 0 0 0 0 1 0 5 0 0 0 0 6 0 0 0
76 GGA 0 0 0 0 0 0 0 0 35 0 0 0 0 0 0 0 0 0 0 0 0 0 0 0 0 0 0 0 0 0 0 0 23 0 0 0 1 0 0 0 215977 6 45 1 4 0 0 0 0 0 0 0 0 0 0 0 2 0 0 0 0 0 0 0
77 TGG 0 0 0 0 0 0 0 0 0 0 2 0 0 0 0 0 0 0 0 0 0 0 0 0 0 0 5 0 0 0 0 0 0 0 0 0 0 0 0 0 0 0 2 0 0 0 0 0 0 0 18 0 0 0 0 0 58 1 216375 4 0 0 4 0
78 CTC 0 0 0 0 0 0 0 0 0 0 0 0 0 6 0 0 0 0 0 0 0 21 0 0 0 2 0 0 66 214952 2 12 0 0 0 0 0 0 0 0 0 0 0 0 1 7 0 0 0 0 0 0 0 0 0 0 0 0 0 0 0 7 0 0
79 TTG 0 0 0 0 0 0 0 0 0 0 0 0 0 1 2 0 0 0 0 0 0 0 1 0 0 0 0 0 14 5 95 13 0 0 0 0 0 0 0 0 0 0 0 0 0 0 3 0 0 0 4 0 0 0 23 0 0 0 1 0 40 0 215833 7
80 GGA 0 0 0 0 0 0 0 0 7 0 0 0 0 0 0 0 0 0 0 0 0 0 0 0 0 0 0 0 0 0 0 0 12 0 0 0 0 0 0 0 216167 0 19 6 1 0 0 0 0 0 0 0 0 0 0 0 4 0 0 0 0 0 0 0
81 AAT 4 68 0 215866 0 0 0 3 0 0 0 12 0 0 0 0 0 0 0 6 0 0 0 0 0 0 0 0 0 0 0 0 0 0 0 9 1 0 0 0 0 0 0 0 0 0 0 0 0 0 0 1 0 0 0 0 0 0 0 0 0 0 0 0
82 CCA 0 0 0 0 3 0 0 0 0 0 0 0 0 0 0 0 3 0 0 0 216340 10 115 11 0 0 0 0 9 0 0 0 0 0 0 0 1 0 0 0 0 0 0 0 0 0 0 0 0 0 0 0 5 0 0 0 0 0 0 0 0 0 0 0
83 GAA 18 0 0 0 0 0 0 0 0 2 0 0 0 0 0 0 13 0 0 0 0 0 0 0 0 0 0 0 3 0 0 0 216149 10 19 1 12 0 1 0 12 0 0 1 1 0 0 0 2 0 0 0 0 0 0 1 0 0 0 0 0 0 0 1
84 TGC 0 0 0 0 0 0 0 0 0 0 0 0 0 0 0 0 0 0 0 0 0 0 0 0 0 1 0 0 0 0 0 0 0 0 0 0 0 0 0 0 0 1 0 0 0 0 0 0 0 21 0 0 0 0 0 0 6 211192 5 153 0 1 0 0
85 GAC 0 13 0 0 0 0 0 0 0 0 0 0 0 0 0 0 0 0 0 0 0 0 0 0 0 0 0 0 0 0 0 0 8 216312 0 21 0 1 0 0 0 19 0 0 0 3 0 0 0 9 0 0 0 0 0 0 0 0 0 0 0 0 0 0
86 TCA 6 2 0 6 26 0 0 0 0 0 0 11 0 1 3 0 10 0 0 11 38 0 0 3 0 0 0 0 0 0 21 7 34 2 9 3 0 1 0 0 0 0 0 4 0 0 0 0 5 3 0 52 216203 25 15 5 2 0 0 0 4 0 15 7
87 CTG 0 0 0 0 0 0 0 0 0 0 0 0 0 0 1 2 0 0 4 0 0 0 13 0 0 0 0 0 68 13 216515 2 0 0 0 0 0 0 0 0 0 0 0 0 0 0 1 0 0 0 0 0 0 0 0 0 0 0 0 0 0 0 32 0
88 CTT 0 0 0 0 0 0 0 0 0 0 1 0 0 0 2 10 0 0 0 0 0 0 0 20 0 0 0 5 7 88 2 216334 2 0 0 0 0 0 2 0 0 0 0 0 0 0 0 1 0 0 0 1 0 0 0 0 0 0 0 0 3 0 5 24
89 CCA 10 1 2 19 12 7 7 2 0 9 0 0 38 13 7 2 26 2 0 7 213357 36 43 1 1 0 0 0 21 1 61 4 0 21 0 4 8 1 1 73 2 33 0 2 7 41 0 7 0 4 0 7 23 7 37 19 0 0 0 0 9 8 1 0
90 GCG 1 0 2 0 0 27 41 13 1 3 0 28 0 7 0 2 3 2 0 0 12 10 1 1 2 10 5 1 0 14 19 0 1 0 6 3 38 62 215777 18 0 0 2 0 0 1 139 0 0 0 0 3 0 0 9 0 0 0 0 0 0 137 5 7
91 AGA 36 16 7 4 0 16 12 3 216455 2 15 3 20 1 0 4 13 5 0 0 0 0 0 0 2 0 0 0 9 0 0 0 26 0 9 1 8 0 0 13 16 0 1 0 0 0 3 0 0 9 0 0 0 3 0 0 0 0 9 0 3 0 2 0
92 TCA 0 0 0 1 2 0 0 0 0 0 0 0 0 0 0 0 6 0 1 0 19 0 2 0 0 0 2 0 0 0 1 0 0 5 4 17 0 0 1 0 0 0 0 2 2 5 0 0 2 3 0 0 216042 1 44 0 1 0 3 0 5 0 0 1
93 TGG 0 0 0 0 0 0 0 0 0 0 1 0 0 0 0 0 0 0 0 0 0 0 0 0 0 0 12 0 0 0 0 0 0 0 0 0 0 0 0 0 0 0 0 0 0 0 0 0 0 0 14 0 0 0 0 0 19 0 216507 4 0 0 7 0
94 TCC 0 0 0 0 0 1 0 0 0 17 0 45 0 0 0 0 0 0 0 0 0 10 0 0 0 0 0 0 0 0 0 0 0 0 0 0 0 1 0 5 1 3 2 2 0 0 0 0 0 2 0 0 15 215869 0 21 0 1 0 0 0 3 0 0
95 TAC 0 3 0 0 0 0 0 0 0 1 0 0 0 0 0 0 0 40 0 0 0 0 0 0 0 0 0 0 0 0 0 0 0 4 0 0 0 0 0 0 0 0 0 0 0 0 0 0 4 216486 3 32 0 1 0 0 0 20 0 0 0 1 0 0
96 ATT 0 0 0 2 0 0 0 14 0 0 0 1 8 15 1 219658 0 0 0 0 0 0 0 0 0 0 0 0 0 0 0 0 0 0 0 0 0 0 0 0 0 0 0 0 0 0 0 9 0 0 0 0 0 0 0 0 0 0 0 0 0 0 0 0
97 GTA 0 0 0 0 0 0 0 0 0 0 0 0 21 0 0 4 0 0 0 0 0 0 0 0 0 0 0 0 2 0 0 0 2 0 0 0 11 0 0 0 0 0 0 0 219987 19 36 26 0 0 0 0 0 0 0 0 0 0 0 0 2 0 0 0
98 GAA 13 0 0 0 0 0 0 0 0 0 0 0 0 0 0 0 0 0 0 0 0 0 0 0 0 0 0 0 0 0 0 0 220170 1 19 1 0 0 0 0 10 0 0 0 3 0 0 0 9 0 0 0 0 0 0 0 0 0 0 0 0 0 0 0
99 ACA 3 6 0 0 219558 12 14 2 1 0 0 1 38 1 0 0 0 0 0 0 3 0 0 0 13 1 0 0 4 0 0 0 0 25 10 0 25 0 3 41 0 0 12 49 1 0 0 0 0 6 0 0 8 0 48 1 0 0 0 0 4 0 0 0
100 CCA 0 0 0 2 4 24 3 0 0 0 1 0 0 0 2 0 5 0 15 4 219398 21 33 3 1 2 0 0 8 0 3 0 0 0 3 0 3 1 0 0 0 0 0 0 0 0 3 0 0 0 0 0 33 3 0 0 0 0 4 0 0 0 0 10
101 AAC 4 215593 5 28 0 7 0 0 1 6 12 7 0 0 0 0 0 0 1 0 0 0 0 0 0 0 0 0 0 0 1 0 0 84 0 0 0 0 4 0 0 0 0 55 0 0 0 0 0 0 0 0 0 0 14 0 0 0 0 0 0 0 0 0
102 TCT 0 0 0 4 5 19 4 14 0 0 0 0 0 0 0 0 5 0 3 0 3 1 0 10 0 0 0 0 0 0 0 0 0 0 0 0 0 0 0 1 11 0 0 0 0 0 0 0 0 0 0 2 1 54 1 219650 0 0 0 0 0 0 0 4
103 GAG 0 0 13 0 0 0 7 0 0 0 0 0 0 0 0 0 6 0 17 0 1 0 0 0 0 0 0 0 0 0 0 0 38 0 219018 7 13 0 5 0 0 0 45 0 0 1 7 0 0 0 4 0 1 0 0 0 0 0 0 0 0 2 0 0
104 AAT 3 19 1 219604 0 0 0 2 0 0 0 27 1 13 0 1 0 27 0 29 0 0 0 0 1 0 0 0 1 5 19 0 7 2 1 18 0 0 0 1 1 0 0 0 9 35 0 0 0 4 0 80 0 0 0 0 0 2 11 0 5 16 7 0
105 GGA 0 0 0 0 0 0 0 0 16 0 0 0 0 0 0 0 0 0 0 0 0 0 0 0 0 0 0 0 0 0 0 0 8 0 0 0 0 0 0 0 219681 0 49 4 1 0 0 0 0 0 0 0 0 0 0 0 2 0 0 0 0 0 0 0
106 GCA 0 0 0 0 33 0 0 0 0 0 0 0 0 0 0 0 0 0 0 0 16 3 0 0 0 0 0 0 0 0 1 1 1 0 0 0 219727 0 8 1 1 0 0 0 43 0 0 0 0 0 0 0 4 0 0 0 0 0 0 0 0 1 0 0
107 TGT 0 0 0 0 0 0 0 0 0 0 0 0 0 0 0 0 0 0 0 0 0 0 0 0 0 0 0 8 0 0 0 0 0 0 0 0 0 0 0 0 0 0 0 3 0 0 0 0 0 0 0 25 0 0 0 3 1 20 1 218545 0 0 0 0
108 TAT 0 0 0 5 0 0 0 0 0 0 0 0 0 0 0 0 0 0 0 11 0 0 0 0 0 0 0 0 0 0 0 0 0 0 0 0 0 0 0 0 0 0 0 0 0 0 0 0 1 72 0 219484 0 0 0 0 0 0 0 8 0 0 0 4
109 CCA 0 0 0 0 3 0 0 0 0 0 0 0 0 0 0 0 1 0 0 0 219079 4 62 9 0 0 0 0 8 0 0 0 0 0 0 0 0 0 0 0 0 0 0 0 0 0 0 0 0 0 0 0 2 0 0 0 0 0 0 0 0 0 0 0
110 GGA 0 0 0 0 0 0 0 0 13 0 0 0 0 0 0 0 0 0 0 0 0 0 0 0 0 0 0 0 0 0 0 0 9 0 0 0 0 0 0 0 220302 0 43 25 3 0 0 0 0 0 0 0 0 0 0 0 3 0 0 0 0 0 0 0
111 GAT 4 0 0 44 5 0 0 0 0 0 0 1 0 0 0 0 0 0 0 0 0 1 0 3 0 0 0 0 0 0 0 0 2 37 1 219916 0 0 0 1 0 0 0 11 0 0 0 8 0 0 0 2 0 3 0 3 0 0 0 0 0 0 0 0
112 CTC 0 0 0 0 0 0 0 0 0 0 0 0 11 8 0 1 0 4 0 0 0 55 0 0 0 0 0 0 2 219787 1 1 0 0 0 0 0 0 0 0 0 0 0 0 0 0 56 0 0 0 0 0 0 0 0 0 0 0 0 0 0 15 3 21
113 ATC 0 2 0 0 0 38 17 0 0 0 0 0 7 219131 0 73 0 9 3 12 0 0 0 0 0 0 0 0 0 6 0 2 0 1 5 0 4 23 0 2 28 11 16 0 6 26 0 9 0 5 0 0 8 3 0 0 0 0 0 0 13 31 0 14
114 GAC 0 35 0 0 0 0 0 0 0 0 0 0 0 0 0 0 0 0 0 0 0 0 0 0 0 0 0 0 0 0 1 0 6 218343 1 25 0 2 1 0 0 35 0 0 0 0 0 0 0 3 3 0 0 0 0 0 0 0 0 0 0 0 0 0
115 TAT 0 0 0 5 0 0 2 0 0 9 0 0 24 0 2 0 0 0 0 19 0 1 0 0 0 0 0 0 1 0 0 0 0 0 0 2 0 0 2 0 0 2 0 0 0 0 2 2 3 17 3 215696 4 1 0 2 0 0 0 7 1 2 14 2
116 GAG 0 0 6 0 0 0 0 0 0 0 0 0 0 0 0 0 0 0 1 0 1 0 1 0 0 0 0 0 0 0 0 0 25 0 219047 17 0 0 3 0 0 0 58 0 0 0 7 0 0 0 3 0 0 0 0 0 0 0 0 0 0 0 0 0
117 GAA 22 0 0 0 0 0 0 0 0 0 0 0 0 0 0 0 0 0 0 0 0 0 0 0 0 0 0 0 0 0 0 0 220000 3 84 0 0 0 0 0 11 0 0 0 0 0 0 0 0 0 0 0 0 0 0 0 0 0 0 0 0 0 0 0
118 CTG 0 0 0 0 0 0 0 0 0 0 0 0 0 0 8 0 0 0 3 0 0 0 21 0 0 0 1 0 23 9 219268 19 0 0 0 0 0 0 0 0 0 0 0 0 0 0 2 0 0 0 0 0 0 0 0 0 0 0 0 0 0 0 33 0
119 AGG 0 0 27 0 0 0 0 0 34 0 219266 2 0 0 11 0 0 0 0 0 0 0 0 0 1 0 1 0 1 0 0 0 0 0 0 0 0 0 0 0 0 0 37 0 0 0 0 0 0 0 0 6 0 0 0 0 0 0 5 3 0 0 0 7
120 GAG 0 0 9 0 0 0 0 0 0 0 0 0 0 0 0 0 0 0 0 0 0 0 0 0 0 0 0 0 0 0 0 0 37 0 219789 1 0 0 4 0 0 0 19 0 0 0 1 0 0 0 1 0 0 0 0 0 0 0 0 0 0 0 0 0
121 CAA 4 0 0 0 0 0 0 0 0 0 0 0 0 0 0 0 219529 1 23 11 1 0 0 0 3 0 0 0 3 0 0 0 3 0 0 0 0 0 0 0 0 0 0 0 0 0 0 0 118 0 0 0 0 0 0 0 0 0 0 0 0 0 0 0
122 TTG 0 2 0 0 0 0 0 0 0 0 0 0 0 0 1 0 0 0 0 0 0 0 2 0 0 0 0 0 0 29 34 0 0 0 0 0 0 0 0 0 0 0 0 0 0 0 1 0 0 0 1 0 0 0 3 0 0 0 2 0 23 0 219267 4
123 AGC 0 24 0 0 0 0 0 3 5 220070 1 28 0 8 0 9 0 0 0 0 0 0 0 0 0 2 0 0 2 0 0 0 0 0 0 0 0 0 0 0 0 29 0 1 0 6 0 0 0 0 0 0 0 0 0 0 0 1 0 0 0 1 0 0
124 TCA 0 0 0 0 10 1 0 2 0 0 0 0 1 0 0 0 0 0 1 0 9 0 0 0 0 0 0 0 0 0 1 0 0 0 0 3 0 1 0 0 0 0 2 0 0 0 0 0 0 0 0 9 217696 4 56 3 2 0 0 0 3 0 0 0
125 GTA 0 0 0 0 2 0 0 5 0 0 0 0 37 12 0 0 0 0 0 0 0 0 0 0 0 0 0 0 1 0 2 0 1 0 0 0 21 0 0 38 0 0 0 0 219778 2 39 1 0 0 0 0 0 0 0 0 0 0 0 0 2 0 0 6
126 TCA 1 0 4 0 8 0 3 0 0 1 2 1 0 4 35 0 0 0 0 0 14 0 0 0 12 0 0 0 6 0 0 0 7 5 13 6 2 0 0 0 1 0 6 7 1 0 35 0 0 0 0 0 219205 68 14 0 1 0 0 0 4 0 0 0
127 TCA 0 0 0 0 3 0 0 0 0 3 0 0 0 0 0 0 0 0 0 0 9 0 0 0 4 0 0 0 0 0 0 0 0 0 0 0 3 0 0 0 0 0 0 0 0 0 6 0 2 0 0 9 219609 4 7 2 1 0 0 0 4 0 0 0
128 TTA 0 0 0 0 0 0 0 0 0 0 0 0 4 0 11 0 0 0 0 0 0 0 0 0 0 0 0 0 18 0 0 0 0 0 0 0 0 1 0 0 0 0 0 0 14 3 0 2 2 4 0 5 12 0 0 0 1 0 0 0 219012 3 27 0
129 GAA 12 0 0 0 0 2 0 0 0 0 0 0 0 0 0 0 0 2 0 0 0 0 0 0 0 0 0 0 0 0 0 0 219087 6 9 1 5 0 0 0 8 0 0 0 3 0 0 0 1 0 0 0 0 0 0 0 0 0 0 0 0 0 0 0
130 AGA 10 0 0 0 0 0 0 0 219481 0 29 1 4 0 0 0 0 0 0 0 0 0 0 0 1 0 0 0 0 0 0 0 0 0 0 0 0 0 0 0 20 0 0 0 0 0 0 0 0 0 0 0 0 0 0 0 0 0 0 0 0 0 0 0
131 TTC 0 0 0 0 0 0 0 0 0 0 0 0 0 0 0 0 0 0 0 0 0 0 0 0 0 0 0 0 0 4 0 0 0 0 0 0 0 0 0 0 0 0 0 0 0 2 0 0 0 4 0 0 0 3 0 0 0 1 0 0 4 218450 0 41
132 GAA 9 0 0 0 0 0 0 0 0 0 0 0 0 0 0 0 0 0 0 0 0 0 0 1 0 0 0 0 0 0 0 0 220357 0 21 0 0 0 0 0 8 0 0 0 1 0 0 0 4 0 0 0 0 0 0 0 0 0 0 0 0 0 0 0
133 ATA 0 0 0 0 3 0 0 0 0 0 0 0 218769 0 26 19 0 0 0 0 0 0 0 0 0 0 0 0 3 0 0 0 0 0 0 0 0 0 0 0 0 0 0 0 11 0 0 0 0 0 0 0 0 0 0 0 0 0 0 0 2 0 0 0
134 TTT 0 0 0 0 0 0 0 0 0 0 0 0 0 0 0 2 0 0 0 0 0 0 0 0 0 0 0 0 0 0 0 5 0 0 0 0 0 0 0 0 0 0 0 0 0 0 0 1 0 0 1 2 0 0 0 5 0 0 0 1 4 37 2 219238
135 CCC 0 6 2 3 8 2 0 0 0 2 0 49 0 0 0 0 0 5 0 5 11 217573 0 9 0 2 0 0 0 8 0 0 5 0 0 3 0 0 0 0 0 0 0 0 0 0 0 0 0 0 0 0 3 27 0 0 0 0 0 0 0 0 0 0
136 AAG 19 1 185621 5 2 3 3 0 4 0 19 9 0 0 24 0 4 9 20 0 5 0 2 4 0 0 4 1 1 1 54 16 0 0 44 7 0 2 0 0 0 0 0 0 8 0 6 4 0 0 5 3 46 0 0 1 0 0 0 0 2 1 2 11
137 GAA 16 1 0 11 2 0 0 0 0 0 0 0 1 0 0 0 0 1 0 9 0 0 0 0 0 0 0 0 8 3 0 0 218937 12 15 6 11 0 0 0 29 0 0 0 11 1 0 1 6 1 0 0 3 0 0 26 0 0 0 0 0 0 0 0
138 AGT 0 0 0 54 3 29 8 0 0 36 10 218528 0 7 8 21 0 1 4 0 0 0 0 0 2 0 0 8 0 3 0 6 3 0 0 0 33 3 17 0 0 0 4 22 21 0 0 0 0 18 0 1 22 0 3 1 0 0 1 2 3 0 2 3
139 TCA 1 2 0 0 28 21 0 0 0 16 0 13 0 0 0 0 0 0 0 0 8 0 0 0 0 0 0 0 0 0 0 0 0 0 0 0 4 28 39 0 5 3 0 0 0 23 4 0 2 0 0 0 217453 12 37 49 1 0 6 0 8 1 0 0
140 TGG 0 0 0 0 0 0 0 0 0 0 6 0 0 0 0 0 0 0 0 0 0 0 0 0 0 0 10 0 0 0 0 0 0 0 0 0 0 0 0 0 0 0 3 0 0 0 0 0 0 0 19 0 0 0 0 0 31 0 218996 4 0 4 10 0
141 CCC 0 0 0 0 7 4 0 0 0 0 0 0 0 0 0 0 1 6 0 1 19 216455 15 21 0 1 0 0 1 16 0 0 4 0 3 0 0 5 2 0 0 0 0 0 7 14 0 0 0 0 0 0 0 52 4 1 0 0 0 0 0 0 0 0
142 AAC 6 217744 1 16 0 2 0 0 0 7 0 0 0 1 0 0 0 3 0 1 0 0 0 0 0 0 0 0 0 0 0 0 0 7 0 0 0 0 0 0 0 0 0 0 0 0 0 0 0 1 0 0 0 0 0 0 0 0 0 0 0 0 0 0
143 CAC 0 7 0 0 4 0 0 0 0 0 0 0 0 0 2 0 5 215137 5 22 0 0 0 0 0 3 0 0 0 0 0 0 0 1 0 0 0 0 0 1 0 0 0 0 0 0 0 0 0 57 0 30 0 0 0 0 0 0 0 0 0 7 0 0
144 ACA 0 0 0 0 165727 4 6 0 2 0 0 0 13 0 0 0 0 0 0 0 2 1 0 0 0 0 0 0 0 0 0 0 0 0 0 0 20 0 0 0 0 5 0 35 0 0 0 0 0 0 0 0 0 0 0 0 0 0 0 0 0 0 0 0
145 TTC 0 0 0 0 0 1 0 0 0 0 0 3 0 0 0 0 0 0 1 0 0 0 0 0 0 0 0 0 0 5 14 0 32 7 19 17 0 5 1 0 0 0 9 0 0 3 3 2 0 1 0 1 0 8 0 4 0 0 0 0 4 111840 4 6
146 AAC 10 169806 0 128 0 0 0 0 0 15 9 0 0 1 3 0 0 0 30 4 2 1 2 3 0 9 0 0 0 0 0 0 8 22 31 102 2 2 8 0 5 0 0 4 3 0 0 0 0 6 0 0 0 2 1 0 0 0 0 0 0 0 0 0
147 GGA 0 0 0 0 0 0 0 0 14 0 0 0 0 0 0 0 0 0 0 0 0 0 0 0 0 0 0 0 0 0 0 0 15 0 0 0 0 0 0 0 117249 3 14 10 1 0 0 0 0 0 0 0 0 1 0 0 2 0 0 0 0 0 0 0
148 GTA 0 0 0 0 14 26 14 17 0 1 0 19 153 3 1 0 0 0 0 0 0 0 0 0 0 0 0 0 0 0 0 0 0 0 0 0 16 0 0 0 2 0 0 0 156690 11 19 0 0 0 0 0 0 7 0 4 0 0 0 0 4 0 0 0
149 ACA 4 0 0 0 157688 2 38 7 0 11 0 0 10 0 0 0 0 0 0 0 1 0 0 0 0 0 0 0 0 0 0 0 0 0 0 0 7 0 0 0 0 0 0 0 0 0 0 0 0 0 0 0 15 0 7 1 0 0 0 0 0 0 0 0
150 GTA 0 0 0 0 0 1 0 1 0 4 0 49 30 0 0 0 1 0 3 0 0 0 0 0 0 0 0 0 0 31 1 0 3 0 0 0 84 5 0 0 3 0 1 0 164501 7 15 1 0 0 0 0 24 1 2 1 0 0 0 0 5 8 4 6
151 TCA 0 0 0 0 0 0 0 0 0 0 0 0 0 0 0 0 0 0 0 0 11 0 0 0 0 0 0 0 0 0 0 0 0 0 0 0 1 0 6 0 0 0 0 0 0 0 0 0 3 0 0 0 161098 2 31 4 0 0 0 0 9 0 1 0
152 TGC 0 0 0 0 0 0 0 0 0 0 0 0 0 0 0 0 0 0 0 0 0 0 0 0 0 4 0 0 0 0 0 0 0 0 0 0 0 0 0 0 0 1 0 0 0 0 0 0 0 29 0 0 0 0 0 0 2 159565 1 22 0 1 0 0
153 TCC 33 0 2 3 26 37 24 12 5 27 0 0 38 31 10 2 4 25 0 171 4 299 12 34 0 0 0 1 3 240 0 1 57 0 4 0 0 6 0 0 5 44 15 0 11 0 0 26 0 19 0 0 3 206622 0 21 0 3 2 0 1 42 8 5
154 CAT 0 11 0 66 109 10 7 0 11 0 0 0 138 0 18 0 8 22 8 205914 243 1 0 2 0 0 3 15 12 12 0 115 22 53 0 115 0 14 1 21 0 0 0 0 37 0 0 0 0 0 0 25 8 0 16 14 0 0 6 0 0 0 0 0
155 AGG 3 1 43 0 0 0 0 0 51 2 215727 9 3 0 46 0 23 0 0 0 0 0 0 0 76 0 5 0 2 0 0 0 2 5 0 0 0 1 0 34 0 0 210 3 0 0 0 3 0 15 246 15 0 0 16 25 0 0 3 0 1 0 5 0
156 GGA 0 1 0 0 0 0 0 0 14 0 0 0 0 0 0 0 0 19 0 0 0 0 0 0 0 0 0 0 0 0 0 0 120 0 0 0 0 8 0 0 216969 0 177 2 3 0 0 0 0 0 0 1 2 101 0 7 2 0 0 0 0 0 0 3
157 AAA 217596 4 27 2 5 16 0 0 14 0 0 2 18 0 6 63 14 0 0 0 0 0 0 0 0 0 1 0 0 5 0 10 20 4 1 4 0 5 0 0 0 13 0 4 1 3 0 0 1 2 0 0 56 1 0 0 0 0 0 0 15 2 6 0
158 AGC 0 64 0 0 0 0 0 0 1 215793 0 63 0 0 9 0 0 0 0 0 9 0 4 4 0 7 0 0 33 13 0 0 0 0 0 0 84 3 0 10 0 78 0 0 0 0 0 0 0 0 0 3 0 16 0 0 0 2 0 0 0 0 0 0
159 AGT 0 0 0 20 0 0 0 1 0 27 8 212474 0 0 0 6 4 0 1 0 0 0 0 0 0 0 0 2 0 0 0 0 0 1 14 2 9 1 0 0 2 35 1 26 0 0 0 0 0 0 0 0 0 3 5 0 0 0 0 1 0 0 0 0
160 TTT 0 0 0 0 0 0 0 0 0 0 0 0 0 0 0 0 0 0 0 0 0 1 0 0 0 0 0 0 0 1 0 3 0 0 0 0 0 0 0 0 0 0 0 0 0 0 0 2 0 0 0 2 0 0 0 7 0 0 0 1 0 11 2 215683
161 TAC 0 0 0 0 0 0 0 0 0 0 0 0 0 0 0 0 0 14 0 0 0 0 0 0 0 0 0 0 0 0 0 0 0 0 0 0 0 0 0 0 0 0 0 0 0 0 0 0 3 218737 3 51 0 0 0 0 0 12 0 0 0 2 0 0
162 AGA 18 0 0 0 0 0 0 0 219059 0 36 0 1 0 0 0 0 2 0 1 0 0 0 0 4 6 0 0 0 0 0 0 0 0 0 0 0 0 0 0 46 0 0 0 0 0 0 0 0 0 0 0 0 1 0 0 4 0 0 0 0 0 0 0
163 AAT 0 30 1 217974 0 0 0 0 0 0 0 6 0 0 0 2 0 0 0 13 0 0 0 0 0 0 0 0 0 0 0 0 0 0 0 6 0 0 0 0 0 0 0 0 0 0 0 0 0 0 0 0 0 0 0 0 0 0 0 0 0 0 0 0
164 TTG 0 0 0 0 0 0 0 0 0 0 0 0 0 17 0 14 0 0 0 0 0 0 0 0 0 0 0 0 0 2 11 1 0 0 0 0 0 0 0 0 0 0 0 0 0 1 6 0 0 0 0 0 0 0 4 0 0 0 0 0 31 0 218600 5
165 CTA 0 0 0 0 0 0 0 0 0 0 0 0 3 0 0 0 0 0 0 0 14 0 0 0 1 0 0 0 219674 7 27 6 0 0 0 0 0 0 0 0 0 0 0 0 0 0 5 0 0 0 0 0 0 0 0 0 0 0 0 0 48 0 0 0
166 TGG 0 0 0 0 0 0 0 0 0 0 0 0 0 0 0 0 0 0 0 0 0 0 0 0 0 0 4 0 0 0 0 0 0 0 0 0 0 0 0 0 0 0 0 0 0 0 0 0 0 0 122 0 0 0 0 0 36 0 219312 4 0 0 3 0
167 CTG 0 0 0 0 0 0 0 0 0 0 0 0 5 0 4 0 0 0 0 0 0 0 11 0 0 0 1 0 48 1 215092 31 0 0 0 0 0 0 0 0 0 0 0 0 0 8 9 0 0 0 0 0 0 0 0 0 0 0 0 0 10 0 47 0
168 ACG 0 0 3 0 31 2 218428 20 0 0 3 0 0 0 51 0 0 0 0 0 0 0 0 0 0 0 0 0 0 0 0 0 0 0 0 0 0 0 19 0 0 0 0 0 0 0 0 0 0 0 0 0 0 0 2 5 0 0 0 0 0 0 0 0
169 AAG 45 3 218874 15 2 0 7 5 0 0 42 0 0 0 3 0 0 4 10 0 0 0 0 0 0 0 0 1 0 1 0 0 0 0 26 0 9 4 104 0 0 1 5 0 3 0 0 0 0 0 0 0 0 0 12 30 0 0 0 0 0 0 0 0
170 AAG 37 22 216087 13 1 3 12 0 1 6 38 0 0 0 28 0 0 4 14 4 0 0 0 0 9 0 1 6 0 6 2 0 4 0 10 0 0 37 24 9 0 0 0 0 1 0 0 0 0 15 0 1 4 1 1 2 0 0 0 0 0 3 28 0
171 GGG 0 42 1 2 1 24 4 0 0 3 15 0 0 2 0 2 12 3 2 0 0 0 0 0 0 0 31 0 0 6 4 0 0 2 161 15 0 5 7 6 40 0 216308 4 0 0 5 0 0 0 0 1 5 0 0 0 0 0 2 0 0 14 0 4
172 GAT 0 0 0 37 0 0 0 0 0 0 0 0 0 0 0 0 0 0 0 0 7 0 0 0 0 0 0 0 0 0 0 0 16 13 41 219241 0 6 0 5 0 0 0 33 0 0 0 1 0 0 0 7 0 2 0 1 0 0 0 0 0 0 1 0
173 TCA 1 8 0 15 6 92 37 10 0 18 0 0 4 5 0 0 2 9 8 0 18 0 0 0 2 0 0 0 46 11 50 2 149 72 2 123 3 0 0 0 12 9 0 0 4 10 22 12 2 19 0 13 218645 30 39 23 0 0 0 0 24 0 0 15
174 TAC 0 0 0 0 0 0 0 0 0 0 0 0 0 0 0 0 0 13 0 0 0 0 0 0 0 0 0 0 0 0 0 0 0 0 0 0 0 0 0 0 0 0 0 0 0 0 0 0 1 219178 0 57 0 1 0 0 0 37 0 0 0 3 0 0
175 CCA 162 2 16 69 74 1 0 9 27 1 9 48 1 0 0 0 21 28 123 42 218290 23 30 19 2 79 0 0 4 9 0 25 1 0 0 3 28 0 1 0 3 32 32 0 56 2 19 9 0 7 0 8 29 0 4 5 0 0 0 0 10 0 4 1
176 AAG 57 0 219570 5 30 8 8 2 0 0 52 0 0 0 4 9 2 10 6 8 24 4 4 2 0 2 0 9 0 27 1 3 0 0 13 0 0 2 3 4 0 0 0 0 0 6 15 5 0 1 0 3 0 0 0 1 0 0 1 0 7 5 0 1
177 CTG 0 0 0 0 3 7 3 2 0 0 0 0 0 3 11 44 0 2 1 0 0 0 13 0 0 0 1 0 51 16 219449 34 0 0 0 0 0 7 3 0 0 0 0 0 0 0 27 102 0 0 0 0 2 0 0 3 0 0 0 0 2 1 13 0
178 ACC 0 14 0 0 2 219245 6 10 0 1 1 0 0 17 0 9 1 0 0 0 0 0 0 0 0 0 0 0 10 25 8 2 0 0 5 0 7 38 0 24 3 0 0 0 4 12 0 1 0 0 0 0 6 6 0 0 0 0 0 0 24 0 0 0
179 AAT 4 14 4 219898 15 0 0 5 0 0 0 28 0 0 0 9 9 0 0 1 0 0 0 0 0 0 0 0 0 0 1 0 0 0 1 5 0 18 0 5 0 0 3 0 0 0 4 0 0 0 0 0 0 0 0 0 0 0 0 0 0 0 0 0
180 TCC 2 1 0 0 9 1 2 0 20 7 0 0 0 0 0 0 28 0 0 0 0 6 0 0 5 22 0 0 0 0 0 0 28 0 31 0 0 4 5 0 2 0 0 1 2 0 0 0 0 9 0 7 8 219224 1 7 0 3 3 0 3 22 0 0
181 TAT 0 0 0 5 0 0 0 0 0 0 0 0 0 0 0 0 0 0 0 50 0 0 0 0 0 0 0 0 0 0 0 0 0 0 0 2 0 0 0 0 0 0 0 0 0 0 0 0 3 4 1 219931 0 0 0 0 0 0 0 9 0 0 0 4
182 GTG 6 0 2 0 0 69 18 0 0 2 0 0 0 0 19 0 32 3 7 1 0 0 0 0 0 0 0 5 0 49 2 0 0 0 1 0 3 0 4 0 0 0 1 0 28 1 218781 6 0 1 0 105 7 0 2 0 0 1 13 18 7 5 12 50
183 AAC 2 220023 2 10 0 4 0 0 0 17 0 0 0 0 0 0 0 0 0 0 0 0 0 0 0 0 0 0 0 0 0 0 0 14 0 0 0 0 0 0 0 0 0 0 0 0 0 0 0 0 0 0 0 0 0 0 0 0 0 0 0 0 0 0
184 AAT 2 53 1 219714 2 1 0 4 0 5 0 18 3 2 14 0 9 0 2 8 0 0 0 0 0 0 2 0 2 0 0 0 15 3 0 8 0 0 0 3 0 0 0 0 0 0 6 0 0 0 0 1 0 0 0 6 0 0 0 0 0 0 3 0
185 AAA 218921 6 55 6 2 0 0 0 14 0 0 0 7 0 6 0 0 0 0 0 0 0 0 0 0 4 0 8 5 6 0 0 33 0 0 0 0 0 0 0 0 0 0 1 0 0 0 0 1 0 0 3 0 0 0 0 0 0 4 0 1 0 3 0
186 GGG 0 0 0 0 0 1 1 3 0 0 48 0 0 0 0 0 15 0 0 0 0 0 2 0 0 0 2 0 0 2 0 0 0 2 40 0 0 2 3 0 28 0 218888 7 0 0 0 0 0 0 0 0 4 0 39 3 0 0 17 0 0 0 0 0
187 AAA 218905 4 47 2 0 2 1 3 16 0 0 0 0 0 0 0 1 0 0 0 0 0 0 0 0 0 0 2 0 0 0 7 26 0 0 0 0 0 3 0 0 0 0 0 0 5 4 2 0 0 0 0 0 0 0 0 0 0 0 0 0 0 0 0
188 GAA 13 0 1 0 0 0 0 0 0 1 0 1 0 0 0 0 3 0 16 0 2 0 0 1 0 0 0 0 1 4 0 0 219285 13 28 3 2 0 0 0 15 0 0 0 33 0 0 3 1 0 0 2 0 0 0 0 0 0 0 0 11 0 0 0
189 GTC 0 0 0 0 0 0 0 0 0 0 0 0 0 34 0 4 0 0 0 0 0 0 0 0 0 0 0 0 0 0 0 0 0 0 0 0 0 11 0 0 0 0 0 0 8 218721 3 16 0 0 0 0 0 0 0 0 0 0 0 0 0 2 0 0
190 CTT 0 0 0 0 0 0 0 0 0 0 0 0 0 0 0 9 0 0 0 8 0 0 0 49 0 0 0 6 5 8 11 219342 0 0 0 0 0 0 0 0 0 0 0 0 0 0 0 0 0 0 0 0 0 0 0 0 0 0 0 0 1 0 0 5
191 GTA 0 0 0 0 0 0 0 0 0 0 0 0 23 3 0 134 0 0 0 0 0 0 0 0 0 0 0 0 3 0 5 2 2 0 0 0 11 0 0 0 0 0 0 0 194290 16 28 0 0 0 0 0 0 0 0 0 0 0 0 0 14 0 5 0
192 CTA 0 0 0 0 0 0 0 0 0 0 0 0 8 0 0 0 0 0 0 0 14 0 0 0 2 0 0 0 194229 4 9 3 0 0 0 0 0 0 0 0 0 0 0 0 3 0 0 0 0 0 0 0 0 0 0 0 0 0 0 0 19 0 96 0
193 TGG 0 0 0 0 0 0 0 0 0 0 1 0 0 0 0 0 0 0 0 0 0 0 0 0 0 0 3 0 0 0 0 0 0 0 0 0 0 0 0 0 0 0 0 0 0 0 0 0 0 0 7 0 0 0 0 0 15 0 194003 5 0 0 4 20
194 GGT 0 0 0 0 0 0 0 0 0 0 0 12 0 0 0 0 0 0 0 0 0 0 0 0 0 0 0 0 0 0 0 0 0 0 0 15 0 1 0 0 1 29 5 190991 0 0 0 3 0 0 0 0 0 0 0 0 0 0 0 3 0 0 0 0
195 GTT 0 0 0 0 0 0 0 0 0 0 0 0 16 0 0 58 0 0 0 0 0 0 0 0 0 0 0 0 0 0 0 0 0 0 0 0 0 0 0 16 0 0 0 0 1 85 14 192742 0 0 0 0 0 0 0 0 0 0 0 0 1 0 0 4
196 CAT 0 0 0 3 0 0 0 0 0 0 0 0 0 0 0 0 2 42 0 193559 0 0 0 1 0 0 0 8 0 0 0 1 0 0 0 1 0 0 0 0 0 0 0 0 0 0 0 0 0 0 0 10 0 0 0 0 0 0 0 0 0 0 0 0
197 CAC 0 23 0 1 0 0 0 0 0 0 0 0 0 0 1 3 0 194110 0 32 0 2 0 0 0 14 0 0 0 3 0 0 0 0 0 0 0 0 2 0 0 0 0 0 0 0 0 0 0 19 0 4 0 0 0 0 0 0 0 1 0 0 0 2
198 CCG 0 0 0 0 0 0 5 0 0 0 0 0 0 0 0 0 0 0 4 0 35 0 193102 10 0 0 0 0 0 0 10 0 0 0 0 0 0 0 1 0 0 0 0 0 0 0 0 0 0 0 0 0 0 0 12 0 0 0 0 0 0 0 0 0
199 TCT 0 0 0 0 0 0 0 2 0 0 0 6 0 0 0 0 0 0 0 0 0 0 1 22 0 0 0 0 0 0 0 0 0 0 0 0 0 0 0 0 0 0 0 0 0 4 0 0 0 0 0 32 1 68 3 194107 0 0 0 0 0 0 0 4
200 AGC 0 25 0 0 0 0 0 0 1 193095 6 61 0 0 0 0 0 0 0 0 0 0 0 0 0 2 0 0 0 0 0 0 0 0 0 0 0 0 0 0 0 20 0 1 0 0 0 0 0 0 0 0 0 0 0 0 0 2 0 0 0 0 0 0
201 AGT 0 0 0 17 1 1 0 0 1 10 2 193947 2 1 0 2 3 15 0 0 0 0 0 0 0 0 0 6 0 0 0 0 0 0 0 0 0 0 0 0 0 0 0 13 0 0 0 0 0 0 0 0 14 4 0 0 0 0 0 4 4 1 0 4
202 GAT 0 0 0 36 0 0 0 0 0 0 0 4 0 0 0 0 0 0 0 0 0 4 0 0 0 0 0 0 0 0 0 0 38 5 18 193811 0 0 0 1 0 0 0 28 0 0 3 0 0 0 0 5 1 0 0 0 0 0 0 0 0 1 0 0
203 GAG 0 0 17 0 0 0 0 0 0 0 0 0 0 0 0 0 0 0 0 0 0 0 0 0 0 0 0 0 0 0 0 0 40 3 194519 2 0 0 1 0 0 0 28 0 0 0 1 0 0 0 3 0 0 0 0 0 0 0 0 0 0 0 0 0
204 CAA 4 0 0 0 0 0 0 0 0 0 0 0 0 0 0 0 194356 0 17 2 1 0 0 0 0 0 0 0 1 0 0 0 0 0 0 0 0 0 0 0 0 0 0 0 0 0 0 0 18 0 0 0 0 0 0 0 0 0 0 0 0 0 0 0
205 CAG 0 4 1 84 0 0 0 0 0 0 0 1 0 0 1 0 29 0 194257 12 0 0 4 0 0 0 36 0 0 0 3 0 0 29 5 0 0 0 0 2 0 0 0 0 0 0 0 0 0 0 6 0 0 5 0 0 0 0 0 0 0 0 0 0
206 AGT 0 0 0 32 0 2 5 0 1 15 0 193809 1 0 0 7 0 0 0 0 0 0 0 0 0 0 0 0 0 0 3 0 0 27 0 0 0 0 0 0 0 15 15 24 0 0 0 0 0 2 0 0 0 0 0 44 0 0 0 5 0 1 0 1
207 CTC 0 0 0 0 0 0 0 0 0 0 0 0 0 3 0 0 0 2 0 0 0 5 0 0 0 2 0 0 6 193650 8 3 0 0 0 0 0 0 0 0 0 0 0 0 0 2 0 0 0 0 0 0 0 0 0 0 0 0 0 0 1 9 1 0
208 TAT 0 0 0 1 0 0 0 0 0 0 0 0 0 0 0 0 0 0 0 21 0 0 0 0 0 0 0 0 0 0 0 0 0 0 0 3 0 0 0 0 0 0 0 0 0 0 0 0 1 12 0 191369 0 0 0 0 0 0 0 3 0 0 0 0
209 AGT 0 3 0 120 10 5 0 1 1 39 0 193547 0 0 0 9 0 8 0 0 0 2 0 3 0 0 0 1 3 5 0 0 0 0 54 3 3 0 7 0 1 0 0 82 0 0 1 0 0 0 0 0 2 0 0 0 0 0 0 2 10 0 0 0
210 AAT 1 14 0 194590 0 9 0 5 0 7 0 8 2 0 0 0 5 0 0 2 2 0 0 0 0 8 0 0 0 11 0 2 0 1 0 16 1 0 0 0 3 17 33 23 0 11 0 0 0 0 0 0 0 10 0 1 0 0 0 0 6 0 0 0
211 GGA 6 5 0 3 22 0 0 0 10 49 0 0 0 0 11 0 2 0 0 2 0 42 0 0 0 0 0 0 0 5 0 7 94 3 0 2 7 0 0 4 193319 0 22 1 4 0 0 0 0 0 0 2 48 7 0 5 6 0 1 0 1 1 0 19
212 AAT 4 8 4 194022 0 0 0 1 0 0 0 9 0 0 0 1 0 7 0 6 0 20 0 1 7 0 0 0 4 2 0 19 0 0 0 13 0 0 11 1 0 0 7 0 0 0 1 5 0 2 0 1 0 0 0 0 0 0 0 0 0 4 4 4
213 GCT 0 0 0 0 29 0 15 84 0 5 0 0 0 0 0 0 0 0 0 0 32 60 10 50 0 0 0 0 0 0 0 0 0 0 0 1 3 16 5 194071 7 0 0 2 0 0 6 6 0 0 0 0 3 1 0 2 0 0 0 0 0 0 0 0
214 TAT 0 0 0 2 5 0 0 0 0 0 0 0 0 0 0 0 0 0 0 39 0 0 0 0 0 0 0 0 0 0 0 0 0 0 0 0 0 0 0 0 0 0 0 0 0 0 0 0 3 11 0 194280 0 0 0 2 0 1 0 6 0 0 0 0
215 GTC 0 0 0 0 0 0 0 0 0 0 0 0 4 51 0 10 0 0 0 0 0 0 0 0 0 0 0 0 0 0 0 0 0 0 0 0 0 10 0 0 0 0 0 0 7 194028 4 36 0 0 0 0 0 0 0 0 0 0 0 0 0 4 0 0
216 TCT 0 0 0 0 0 0 0 6 1 0 7 0 0 0 6 0 0 0 0 0 0 0 0 21 0 2 1 0 1 0 0 0 0 0 0 0 0 2 0 9 0 0 0 0 0 120 0 5 0 4 0 57 4 44 6 194339 0 0 0 0 0 0 0 13
217 GTA 0 0 0 0 0 0 0 0 0 0 0 0 29 0 0 0 0 0 0 0 0 0 0 0 0 0 0 0 1 0 0 0 0 0 0 0 10 0 0 0 1 0 0 0 192527 7 26 6 0 0 0 0 0 0 0 0 0 0 0 0 2 0 0 0
218 GCG 0 0 0 0 0 0 21 0 0 2 0 7 0 0 0 0 0 12 6 8 0 0 0 0 0 0 0 0 4 2 0 0 0 0 5 0 45 3 192044 14 0 0 3 0 0 1 52 0 0 0 0 0 0 81 45 0 0 8 4 0 0 8 0 0
219 TCT 0 0 0 0 0 0 0 2 0 1 0 0 0 0 0 0 0 0 0 0 0 0 0 16 0 0 0 0 0 0 0 0 0 1 0 0 0 11 22 3 0 8 0 0 0 0 0 0 0 0 0 11 24 93 13 193543 0 0 0 0 0 0 0 6
220 TCA 0 0 18 5 3 22 0 16 47 0 5 0 0 0 27 9 0 26 1 1 56 9 32 0 4 0 0 4 0 0 1 19 25 7 0 2 2 1 0 0 5 5 2 6 0 1 2 6 0 0 0 1 193489 45 33 1 2 0 0 0 32 1 0 0
221 AAT 1 16 5 193251 1 0 0 8 0 0 0 37 0 5 8 2 4 0 0 34 0 0 0 0 0 5 0 0 0 17 0 5 0 0 0 7 0 13 0 4 37 0 1 5 0 0 12 0 0 0 0 1 0 0 9 0 0 0 0 0 0 0 6 0
222 TAT 0 0 0 0 0 1 0 0 0 0 0 0 0 0 0 1 0 2 0 15 0 0 0 0 0 0 0 0 2 0 0 3 0 0 0 0 0 0 0 0 0 0 0 0 1 0 0 4 2 41 3 193812 0 0 1 3 0 0 0 21 4 0 0 7
223 AAC 4 193341 0 21 0 0 0 0 0 13 1 0 16 12 0 18 6 19 8 1 0 0 0 0 0 0 0 0 4 5 0 2 32 31 0 1 10 6 0 0 2 10 0 1 0 0 0 0 0 154 0 5 0 0 0 0 0 0 1 0 73 106 1 13
224 AGG 0 0 15 0 0 3 0 0 17 8 193005 25 0 0 32 0 3 10 0 13 0 0 0 0 0 62 53 6 0 0 6 0 0 0 0 0 2 0 11 0 0 0 20 1 0 0 0 0 0 0 0 0 2 2 0 0 0 0 4 0 0 0 0 0
225 AGA 21 0 0 0 1 0 0 0 194070 0 16 0 4 0 0 0 0 0 4 0 0 0 0 0 0 0 1 44 0 0 0 0 0 0 0 0 0 0 0 0 36 0 0 0 0 0 0 1 0 0 0 0 0 0 0 0 3 0 0 0 0 0 0 0
226 TTC 0 0 0 0 0 1 0 3 0 0 0 1 0 33 0 23 0 1 0 3 0 0 0 0 0 0 0 0 0 35 0 0 6 0 0 0 0 0 0 0 0 0 0 0 41 8 0 44 0 9 0 0 0 14 0 0 0 0 0 0 2 192647 0 24
227 ACC 0 8 0 0 2 193342 8 14 0 3 4 5 3 120 0 0 0 0 1 0 0 0 0 0 0 3 0 10 0 0 0 3 0 0 0 0 0 40 1 0 0 0 0 0 0 0 5 3 0 13 0 0 1 1 0 0 0 0 0 0 2 0 2 0
228 CCG 0 0 0 0 2 0 14 0 0 0 0 0 1 4 0 4 0 0 0 0 97 8 187313 23 0 0 26 0 0 0 9 0 0 0 0 0 5 1 3 6 0 0 0 0 0 0 2 4 0 0 0 0 0 0 11 0 0 0 0 0 0 0 0 0
229 GAA 14 0 0 0 51 30 3 11 0 1 1 8 0 0 0 1 1 0 0 10 0 0 0 0 0 4 0 0 0 3 0 0 143855 9 22 1 3 0 1 8 20 2 9 5 0 4 0 1 13 10 0 21 2 2 15 41 0 0 1 0 0 55 0 68
230 ATA 1 0 0 0 6 0 1 0 7 0 0 0 191859 1 50 8 0 0 1 0 0 0 0 1 1 0 0 0 4 0 0 0 0 0 0 0 0 0 0 1 0 0 0 0 49 28 59 2 0 0 0 0 0 0 0 0 0 0 0 3 0 6 0 11
231 GCT 0 10 0 0 0 21 6 118 0 0 0 21 0 1 1 0 97 13 23 0 0 0 0 0 0 0 0 0 5 6 76 16 0 0 0 4 24 32 21 193004 0 0 0 0 61 4 0 63 0 1 0 15 109 4 36 41 0 0 86 23 0 2 37 4
232 GCA 27 10 1 4 103 31 3 1 3 8 0 7 17 27 11 114 9 25 4 52 3 2 6 3 0 0 0 49 0 120 129 27 27 1 1 0 190457 2 77 3 2 14 3 29 116 39 5 16 0 4 0 6 3 0 6 0 0 5 0 2 41 2 30 20
233 AGG 0 0 10 0 0 0 0 0 53 2 193046 1 0 0 16 0 0 0 0 0 0 0 0 0 7 0 12 3 0 0 0 0 0 0 0 0 0 0 0 0 0 1 39 0 0 0 0 0 0 0 0 0 0 0 0 0 0 0 8 0 0 0 0 0
234 CCC 2 0 0 0 0 9 3 0 0 0 0 0 1 1 1 0 0 4 0 0 16 189790 1 16 0 1 0 5 0 12 9 1 0 0 0 0 0 7 0 0 0 0 0 0 24 0 0 0 0 0 0 0 0 18 0 0 0 0 0 0 0 3 7 0
235 AAA 181463 1 43 0 9 3 0 19 29 14 0 0 7 9 0 0 5 0 0 0 0 3 0 0 27 49 4 0 1 0 15 22 16 0 1 0 0 2 0 5 0 1 0 0 2 7 4 3 2 0 0 1 0 28 8 0 0 0 0 0 2 10 39 2
236 GTA 0 0 4 0 0 8 0 3 0 2 14 0 129 57 7 0 19 0 2 1 0 0 0 0 9 2 0 0 0 2 2 20 1 3 7 0 18 3 0 0 1 0 0 0 185519 6 15 32 8 5 0 0 0 0 0 4 0 0 0 6 31 3 1 3
237 AGA 33 13 0 0 0 0 0 1 176214 7 18 3 7 0 1 1 6 14 84 52 0 0 0 0 7 8 4 1 12 8 21 26 0 1 8 0 0 0 0 9 10 0 0 0 0 0 0 0 0 16 0 5 0 4 0 0 1 0 0 0 7 7 16 1
238 GAT 0 1 0 7 0 0 0 1 0 0 0 0 0 5 0 0 0 0 0 0 0 0 0 0 0 0 0 0 0 0 1 0 64 28 2 166694 0 0 0 1 1 0 1 6 0 0 0 2 0 0 0 3 3 0 0 0 0 0 0 0 0 0 0 0
239 CAA 1 15 0 0 3 0 0 0 0 0 1 0 0 0 1 0 177506 0 26 1 0 0 0 1 22 0 0 0 0 0 0 0 0 0 0 0 0 0 0 0 0 0 0 0 0 0 0 0 8 0 0 0 0 0 0 0 0 0 0 0 0 0 0 0
240 CAT 0 0 0 10 0 97 3 2 0 0 0 0 0 0 0 2 0 1 3 77858 1 0 3 2 0 0 0 2 0 0 0 4 0 0 0 0 9 0 0 0 0 0 0 0 0 2 0 0 0 0 0 13 0 0 0 0 0 0 0 0 0 0 0 0
241 GGG 0 0 0 0 0 0 0 0 0 0 6 0 0 0 0 0 0 0 0 0 0 0 0 0 0 0 0 0 0 0 0 0 0 0 0 0 0 0 0 0 26 0 119041 36 0 0 1 0 0 0 0 0 0 0 0 0 0 0 0 0 0 0 0 0
242 AGG 0 0 20 0 0 0 0 0 10 0 98762 1 0 0 1 0 0 0 0 0 0 0 0 0 3 1 12 0 0 0 0 0 0 0 0 0 0 0 0 0 0 0 15 0 0 0 0 0 0 0 0 0 0 0 0 0 0 0 0 0 0 0 0 0
243 ATG 0 0 1 0 0 0 3 0 0 0 0 0 10 1 123542 2 0 0 0 0 0 0 0 0 0 0 0 0 0 0 1 0 0 0 0 0 0 0 0 0 0 0 0 0 0 0 13 0 0 0 0 0 0 0 0 0 0 0 0 0 0 0 1 0
244 AAC 9 127409 0 7 0 4 0 0 0 5 2 1 5 4 0 0 8 0 2 0 0 0 0 0 0 0 0 0 0 0 0 1 0 10 0 0 1 1 0 0 0 0 0 1 0 0 0 5 0 4 0 3 2 0 0 0 0 0 0 0 0 0 5 2
245 TAT 0 0 0 0 0 0 0 0 0 0 0 0 0 0 0 0 0 0 0 5 0 0 0 0 0 0 0 0 0 0 0 0 0 0 0 0 0 0 0 0 0 0 0 0 0 0 0 0 3 22 2 128616 0 0 0 1 0 0 0 7 0 0 0 1
246 TAC 0 1 0 0 0 0 0 0 0 0 0 0 0 0 0 0 0 70 0 0 0 0 0 0 0 0 0 0 0 0 0 0 0 0 0 0 0 1 0 0 0 0 0 0 0 0 0 0 2 148303 0 12 0 1 0 0 0 12 0 0 1 1 0 0
247 TGG 0 0 0 0 0 0 0 0 0 0 5 0 0 0 0 0 0 0 0 0 0 0 0 0 0 0 16 0 0 0 0 0 0 0 0 0 0 0 0 0 0 0 1 0 0 0 0 0 0 0 15 0 0 0 1 0 12 0 159270 1 0 0 4 0
248 ACC 0 5 1 0 15 176616 5 29 0 3 0 0 4 19 3 0 0 0 0 0 0 0 0 0 0 0 0 0 0 0 0 7 0 0 0 0 0 14 0 2 0 0 0 0 0 5 2 0 0 0 0 0 0 8 4 3 0 0 0 0 0 0 0 0
249 TTG 0 0 0 0 0 0 2 0 1 0 0 0 4 18 11 0 0 0 0 0 0 0 1 0 0 0 0 0 3 0 22 16 0 0 0 0 0 0 0 0 0 0 0 0 3 5 4 5 0 0 2 0 0 0 8 0 0 0 0 0 45 0 181887 0
250 CTA 0 0 0 0 0 0 0 0 0 0 0 0 9 4 0 1 0 0 0 0 5 0 0 0 0 0 0 0 190717 4 25 4 0 0 0 0 0 0 0 0 0 0 0 0 5 0 2 6 0 0 0 0 0 0 0 0 0 0 0 0 93 0 1 0
251 GAA 29 1 1 6 0 4 0 0 0 0 0 5 0 0 1 0 5 0 9 0 4 1 0 0 4 0 0 0 1 1 0 14 189567 8 18 4 0 0 0 0 14 0 0 0 6 0 1 0 3 3 0 2 4 3 0 3 0 0 0 0 0 0 2 0
252 CCC 0 0 5 0 0 2 0 0 0 0 0 0 0 0 0 0 0 2 0 5 8 176846 2 12 0 0 0 0 0 3 0 0 0 0 0 1 4 2 0 1 0 0 0 0 0 0 0 0 0 0 0 0 0 10 0 5 0 0 0 0 0 0 0 0
253 GGA 1 0 0 0 0 0 0 0 30 0 0 0 0 0 0 0 0 0 0 0 0 0 0 0 5 3 0 0 0 0 0 2 26 1 2 1 0 0 4 1 186210 12 38 19 2 0 0 0 0 0 0 0 0 0 0 2 2 0 20 0 0 0 0 0
254 GAC 0 14 0 0 0 0 0 0 0 1 0 0 0 0 0 0 57 7 0 0 0 0 0 0 0 0 0 0 0 0 0 0 30 184424 8 17 18 7 14 0 0 19 14 0 0 1 0 0 0 3 0 0 0 5 0 0 0 0 0 0 0 0 0 0
255 ACA 10 2 0 0 187969 105 15 7 0 0 0 0 17 0 1 0 3 0 10 0 0 0 0 0 0 0 0 0 3 0 0 0 0 0 0 0 9 1 0 0 2 0 0 0 0 0 0 0 0 0 0 8 9 23 0 0 0 0 0 0 0 0 0 0
256 ATA 1 0 0 0 11 0 0 0 0 0 0 0 193064 37 17 20 0 0 0 0 0 0 0 0 0 0 0 0 5 1 3 2 0 0 0 0 0 0 0 0 0 0 0 0 14 1 0 0 0 0 0 0 0 0 0 0 0 0 0 0 57 0 0 0
257 ATA 1 0 0 1 26 0 0 0 3 1 0 2 193239 3 87 21 1 0 18 0 0 0 0 0 0 0 0 0 5 29 22 1 0 0 0 4 0 3 0 2 0 1 0 0 60 58 22 0 0 5 0 6 0 0 7 20 0 1 13 0 24 15 0 0
258 TTT 0 0 0 0 0 0 0 0 0 0 0 0 0 0 0 40 0 0 0 0 0 0 0 0 0 0 0 0 4 0 0 13 0 0 0 0 0 0 0 0 0 0 0 0 1 0 0 3 0 0 0 3 0 0 0 7 0 0 0 0 10 17 0 192611
259 GAG 0 0 9 0 0 0 0 0 0 0 0 0 0 0 0 0 0 2 0 0 0 0 0 0 0 0 0 0 0 0 0 0 28 0 193377 15 0 0 5 0 0 0 51 0 0 0 8 0 0 0 3 0 0 0 0 0 0 0 0 0 0 0 0 0
260 GCA 0 0 0 0 35 0 0 0 0 0 0 0 0 0 0 0 0 0 0 0 0 0 0 0 0 0 0 0 0 0 0 0 1 0 0 0 193827 0 10 5 6 0 0 6 15 0 0 0 0 0 0 0 1 6 1 2 0 0 0 0 0 0 0 0
261 ACT 0 0 0 8 19 31 3 193975 0 21 0 1 0 0 1 13 0 0 0 0 0 0 0 1 0 0 0 0 0 0 0 0 1 0 0 0 0 0 0 7 0 0 0 0 0 0 0 0 0 0 0 0 0 7 0 0 0 0 0 0 0 0 0 0
262 GGT 0 0 0 0 0 0 0 0 0 0 0 12 0 0 0 0 0 0 0 0 0 0 0 0 0 0 0 0 0 0 0 0 0 0 0 8 0 0 0 0 2 59 1 192910 0 0 0 0 0 0 0 0 0 0 0 0 0 0 0 3 0 0 0 1
263 AAT 0 17 1 193661 0 0 0 0 0 0 0 5 0 0 0 0 0 0 0 0 0 0 0 0 0 0 0 0 0 0 0 0 0 0 0 5 0 0 0 0 0 0 0 0 0 0 0 0 0 0 0 2 0 0 0 0 0 0 0 0 0 0 0 0
264 CTA 0 0 0 0 0 0 0 0 0 0 0 0 2 0 0 0 1 0 0 0 27 0 0 0 2 0 0 0 193831 1 41 0 0 0 0 0 0 0 0 0 0 0 0 0 0 0 0 0 0 0 0 5 0 0 0 0 0 0 1 0 6 1 0 0
265 ATA 1 0 0 0 8 0 0 0 0 0 0 0 194128 10 33 1 0 0 0 0 0 0 0 0 0 0 0 0 8 0 3 0 0 0 5 0 0 0 0 0 0 0 0 0 19 0 0 0 0 0 0 0 0 0 0 0 0 0 0 0 20 0 7 0
266 GCA 0 0 0 0 7 0 0 0 0 0 0 0 0 0 0 0 0 0 0 0 0 0 0 0 0 0 0 0 0 0 0 0 0 0 0 0 192621 6 13 18 0 0 0 0 12 0 0 2 0 0 0 0 7 0 0 0 0 0 0 0 0 0 0 0
267 CCA 0 0 0 0 1 0 0 0 0 0 0 0 0 0 0 0 8 0 0 0 193608 5 18 2 0 0 0 0 5 0 0 0 0 0 0 0 1 0 0 0 0 0 0 0 0 0 0 0 0 0 0 0 9 0 0 0 0 0 0 0 0 0 0 0
268 TGG 0 0 0 0 16 2 1 5 0 0 3 0 0 0 0 0 0 0 4 0 0 0 0 0 0 0 7 0 0 0 2 0 0 0 1 0 0 4 0 0 0 0 4 0 0 0 0 0 0 0 10 1 2 0 0 1 15 0 193331 4 0 0 11 0
269 TAT 0 0 0 1 0 0 0 0 0 0 0 0 0 0 1 0 0 0 0 35 0 0 0 0 0 0 0 0 0 0 0 0 0 0 0 0 0 0 0 0 0 0 0 0 0 0 0 0 2 10 2 194060 0 0 0 0 0 0 2 7 0 3 0 1
270 GCT 0 0 0 0 0 0 0 53 0 0 0 0 0 0 0 0 0 0 0 0 0 0 0 0 0 0 0 0 0 0 0 0 0 0 0 3 21 30 17 190712 0 9 0 7 0 0 0 6 0 0 0 0 0 0 1 1 0 0 0 0 0 0 0 0
271 TTC 0 0 0 0 0 0 0 0 0 0 0 0 0 0 0 0 0 0 0 0 0 0 0 0 0 0 0 0 0 7 0 0 0 0 0 0 0 0 0 0 0 0 0 0 0 1 0 0 0 5 0 0 0 7 0 0 0 0 1 0 2 190933 0 78
272 GCA 0 0 1 0 39 2 2 0 0 0 0 4 0 0 0 4 6 3 0 0 0 0 0 0 0 0 0 0 4 0 2 0 3 0 10 0 193571 14 10 3 5 0 3 20 18 4 0 3 0 0 0 0 14 3 0 0 0 0 0 0 1 0 0 0
273 CTG 0 0 0 0 0 0 2 0 0 0 0 0 59 0 4 4 0 0 2 0 0 0 58 0 0 0 3 0 28 0 193698 5 0 0 0 0 0 0 0 2 0 0 0 0 8 0 11 27 0 0 0 0 0 0 0 0 0 0 0 0 4 0 31 0
274 AGT 3 26 1 52 5 20 15 17 8 24 2 194117 5 3 19 12 7 0 0 3 0 0 0 0 1 1 0 5 0 0 0 2 0 8 3 0 1 9 0 1 13 15 0 50 0 19 5 1 0 9 0 0 55 5 7 0 0 0 3 4 0 0 5 0
275 AGA 23 0 0 0 0 0 0 0 193866 1 156 0 2 0 0 0 0 1 0 0 0 0 0 0 48 0 9 1 0 0 0 0 0 0 0 0 0 0 0 0 8 0 0 0 2 0 0 0 0 0 0 1 0 0 0 0 0 0 0 0 0 0 0 1
276 GGG 0 0 0 37 0 12 1 0 1 1 56 1 0 0 0 0 13 1 1 10 0 0 0 0 1 0 1 0 0 0 0 0 2 0 11 13 0 10 0 2 85 13 193743 11 0 0 2 0 0 0 0 0 13 10 69 8 0 7 19 0 0 1 0 0
277 TTT 7 0 7 8 13 0 4 6 3 16 40 4 37 6 29 6 16 12 2 2 0 9 1 1 2 0 0 0 96 1 5 58 4 2 5 0 0 3 109 2 2 1 0 2 2 0 23 9 0 1 0 6 6 36 4 25 0 0 12 2 7 63 8 193491
278 GAG 0 13 30 0 0 3 1 1 0 0 0 2 0 0 0 41 6 3 2 14 0 3 0 3 0 0 0 2 11 1 3 0 46 14 190986 16 3 8 3 0 6 0 51 3 1 0 8 1 0 14 2 6 0 2 4 3 0 0 15 0 19 0 0 4
279 TCC 0 0 0 0 0 1 0 0 1 0 0 0 0 0 0 0 0 0 0 1 0 17 0 0 0 0 0 0 0 0 0 0 0 0 0 0 0 3 0 0 0 5 0 0 0 0 0 0 0 1 0 0 5 189349 20 47 0 6 0 0 0 8 0 0
280 GGC 0 0 0 0 0 0 0 0 0 46 0 0 0 0 0 0 0 0 0 0 0 0 0 0 0 1 0 0 0 0 0 0 0 57 0 0 0 0 0 0 4 193158 14 34 0 0 0 0 0 0 0 0 0 0 1 0 0 4 0 0 0 0 0 0
281 ATC 0 0 0 0 0 20 0 0 0 2 0 0 9 193959 0 16 0 0 0 0 0 0 0 0 0 0 0 0 0 0 0 0 0 0 0 0 0 0 0 0 0 0 0 0 4 8 0 0 0 0 0 0 0 0 0 0 0 0 0 0 0 8 0 0
282 ATC 0 3 0 0 0 19 0 0 0 1 0 0 4 193808 0 32 0 0 0 0 0 0 0 0 0 0 0 0 0 4 0 1 0 0 0 0 0 0 0 0 0 0 0 0 0 15 0 0 0 0 0 0 0 0 0 0 0 0 0 0 0 4 0 0
283 ACC 5 2 5 0 33 193635 0 8 1 12 0 7 0 16 18 0 2 0 4 0 0 0 0 0 0 0 0 2 8 0 5 8 2 0 1 0 0 40 3 0 0 0 0 0 10 0 0 4 0 0 0 9 0 6 10 0 0 1 1 2 5 1 21 4
284 TCA 0 0 0 0 6 5 2 9 0 1 0 11 0 0 0 0 0 0 0 0 60 0 0 0 0 0 0 0 0 0 0 0 0 0 0 0 1 0 0 0 0 0 0 0 0 0 0 0 2 0 0 0 190580 16 25 21 0 0 0 0 2 0 0 0
285 AAC 4 186163 0 89 4 32 25 3 0 15 0 15 2 1 0 1 0 8 0 0 0 1 0 0 0 0 0 0 2 0 0 0 52 8 1 0 0 0 0 0 0 1 12 5 0 4 0 0 0 0 0 1 4 6 0 1 0 0 0 0 1 0 0 0
286 GCG 10 0 0 5 2 8 45 9 5 1 0 0 13 0 0 0 0 0 0 3 0 0 0 0 0 4 0 0 0 42 0 0 0 0 3 0 157 63 194113 4 0 0 1 1 0 0 17 0 0 0 0 0 0 0 19 0 0 0 0 0 9 3 0 0
287 TCA 0 0 0 1 4 0 0 0 0 0 1 0 0 0 0 0 0 2 0 0 29 1 0 4 0 0 0 0 0 0 0 0 1 0 5 2 5 0 0 0 0 0 0 0 0 0 0 1 0 0 0 0 195267 6 11 0 1 0 0 0 1 0 0 0
288 ATG 0 0 6 0 3 12 16 15 0 3 2 0 108 2 196020 4 0 0 0 0 2 5 0 0 0 0 1 0 0 0 1 6 0 0 0 0 0 0 0 0 0 0 0 0 6 0 14 0 0 0 0 5 0 0 0 0 0 0 0 0 0 0 6 1
289 CAT 0 2 0 8 0 33 0 1 0 0 0 4 0 0 0 0 1 14 2 195677 0 0 0 4 0 0 0 15 0 0 1 1 0 0 1 2 4 0 0 1 0 2 58 0 0 0 3 1 0 0 0 52 9 6 0 0 0 0 0 1 0 3 0 0
290 GAG 0 16 10 0 1 0 0 0 0 2 0 0 0 0 0 0 0 0 1 0 14 6 0 0 0 0 0 0 1 0 0 0 50 5 195891 16 1 0 0 0 0 0 35 0 0 0 0 0 0 0 6 0 0 2 0 0 0 0 0 0 0 0 0 0
291 TGT 0 0 0 0 0 0 0 0 0 0 0 2 0 0 0 0 0 0 0 0 0 0 0 0 0 0 0 3 0 0 0 0 0 0 0 0 0 0 0 0 0 0 0 1 0 0 0 0 0 0 0 33 0 0 0 3 0 33 0 193566 0 0 0 1
292 AAC 2 195871 2 28 7 16 0 0 0 43 0 2 0 1 0 0 0 15 0 0 0 0 0 0 0 0 0 0 0 0 0 0 8 64 0 0 0 0 0 0 0 0 0 0 0 0 0 0 0 4 0 0 2 75 0 9 0 0 0 0 0 0 0 0
293 ACG 0 0 2 0 76 5 195544 15 0 0 7 0 0 0 9 0 0 0 0 0 0 0 1 0 0 0 0 0 0 0 0 0 0 0 0 0 0 0 23 0 0 0 0 0 0 0 0 0 0 0 0 0 0 1 2 0 0 0 0 0 0 0 0 0
294 AAG 78 2 194474 5 0 9 12 0 1 0 34 0 0 0 1 7 0 0 1 12 0 0 0 0 6 1 0 9 1 37 9 10 0 0 50 3 0 0 3 0 0 0 0 11 0 5 1 0 0 0 1 0 0 44 11 3 0 0 0 0 8 19 15 0
295 TGT 0 0 0 0 0 0 0 0 0 0 0 2 0 0 0 0 0 0 0 0 0 0 0 0 0 0 0 4 0 0 0 0 0 0 0 0 0 0 0 0 0 0 0 1 0 0 0 0 0 0 0 15 0 0 0 0 0 50 0 195968 0 0 0 2
296 CAA 5 0 0 0 0 0 0 0 0 0 0 0 0 0 0 1 196033 2 17 0 1 0 0 0 44 0 0 0 1 0 0 0 0 0 0 0 0 0 0 0 0 0 0 0 0 0 0 0 11 0 0 0 0 0 0 0 0 0 0 0 0 0 0 0
297 ACA 4 0 0 0 194808 8 10 3 2 0 0 0 13 0 0 0 0 0 0 0 4 0 0 0 0 0 0 0 0 0 0 0 0 0 0 0 15 0 0 0 0 0 0 0 0 0 0 0 0 0 0 0 29 0 0 0 0 0 0 0 0 0 0 0
298 CCC 0 0 0 0 0 4 0 0 0 0 0 0 0 0 0 0 0 3 0 0 5 195424 1 31 0 0 0 0 0 6 0 0 0 0 0 0 0 3 0 0 0 0 0 0 0 0 0 0 0 0 0 0 0 14 0 0 0 0 0 0 0 0 0 0
299 CAG 0 0 10 11 0 4 0 0 0 5 0 23 10 6 1 1 20 2 194481 19 2 10 23 4 0 11 59 2 3 0 5 11 5 17 3 68 2 0 0 1 0 0 0 0 0 0 2 2 0 0 5 12 1 0 0 6 0 0 1 7 0 0 0 5
300 GGA 0 0 0 0 0 0 0 0 9 0 0 0 0 0 0 0 0 0 0 0 0 0 0 0 0 0 0 0 0 0 0 0 12 0 0 0 0 0 0 0 196375 5 22 4 2 0 0 0 0 0 0 0 0 0 0 0 3 0 0 0 0 0 0 0
301 GCT 0 0 0 0 0 0 0 24 0 1 0 2 0 0 0 0 0 0 0 0 0 0 0 2 0 0 0 0 0 0 0 0 0 0 0 1 2 66 6 196171 0 0 0 0 0 0 0 28 0 0 0 0 0 0 0 7 0 0 0 0 0 0 0 0
302 ATA 6 0 0 0 15 0 0 0 1 0 0 0 196582 5 5 0 0 0 0 0 0 0 0 0 0 0 0 0 2 0 0 0 0 0 0 0 0 0 0 0 0 0 0 0 5 0 0 0 0 0 0 0 0 0 0 0 0 0 0 0 0 0 5 0
303 AAC 21 195612 0 29 4 6 2 0 0 17 0 0 0 2 21 7 3 8 0 1 0 0 0 0 0 0 0 0 0 0 5 0 29 18 0 27 6 1 0 0 0 0 1 0 8 0 0 1 0 0 0 0 0 0 2 5 0 0 1 0 1 0 21 1
304 AGC 0 87 0 0 0 0 0 0 4 195608 1 47 0 2 0 0 0 0 0 0 0 0 0 0 0 4 0 0 0 0 0 0 0 0 0 0 0 0 0 0 18 1 0 0 0 0 0 0 0 0 0 0 3 0 0 0 0 0 0 0 0 0 0 0
305 AAT 3 26 19 193568 0 0 0 2 0 1 0 46 0 0 3 3 0 0 0 1 0 0 0 0 0 3 0 8 0 0 0 0 0 0 0 14 0 0 0 1 5 0 0 0 0 0 0 0 0 0 0 0 0 0 0 4 0 0 0 0 0 0 0 0
306 CTC 37 0 0 0 0 0 0 2 12 0 2 0 0 1 0 0 0 13 0 0 0 41 0 0 0 1 13 0 60 195222 2 4 0 0 0 0 7 3 0 0 0 0 0 0 0 1 1 0 0 0 0 0 0 0 13 0 0 0 0 1 5 33 0 2
307 CCT 0 0 0 0 0 0 0 1 0 0 0 0 0 0 0 0 0 0 0 10 1 31 30 196283 0 0 0 0 0 0 0 9 0 0 0 0 0 0 0 0 0 0 0 0 0 0 0 0 0 0 0 0 0 0 0 9 0 0 0 0 0 0 0 0
308 TTC 0 0 0 0 0 0 0 0 0 0 0 0 0 2 0 0 0 0 0 0 0 0 0 0 0 0 0 0 0 15 0 0 0 0 0 0 0 0 0 0 0 0 0 0 0 1 0 0 0 1 0 0 0 19 0 0 0 1 0 0 2 195649 1 14
309 CAG 0 0 3 0 0 0 0 0 0 0 0 0 0 0 0 0 32 0 195671 10 0 0 3 0 0 0 45 0 0 0 6 0 0 0 0 0 0 0 0 0 0 0 0 0 0 0 0 0 0 0 9 0 0 0 0 0 0 0 0 0 0 0 0 0
310 AAT 0 37 0 196342 0 0 0 3 0 0 0 9 0 0 0 1 0 0 0 1 0 0 0 0 0 0 0 0 0 0 0 0 0 0 0 9 0 0 0 0 0 0 0 0 0 0 0 0 0 0 0 0 0 0 0 0 0 0 0 0 0 0 0 0
311 ATA 2 0 0 0 16 0 0 0 1 0 0 0 196255 2 27 9 0 0 0 0 0 0 0 0 0 0 0 0 0 0 0 0 0 0 0 0 0 0 0 0 0 0 0 0 28 0 1 0 0 0 0 0 0 0 0 0 0 0 0 0 4 0 0 0
312 CAC 0 6 0 0 47 0 0 0 0 11 0 0 0 0 0 0 2 195884 0 22 0 4 0 0 0 8 0 0 0 1 0 0 0 5 0 0 0 0 0 19 3 1 0 4 0 0 0 0 0 34 0 0 12 3 5 10 0 0 0 0 0 0 0 0
313 CCA 0 0 0 0 1 0 0 0 0 4 0 0 0 0 0 0 6 0 1 0 196080 16 20 10 0 2 1 0 5 0 0 0 0 0 0 0 3 1 0 0 0 0 0 0 0 0 0 0 0 0 0 0 10 0 0 0 0 0 1 0 0 0 0 0
314 GTC 0 1 0 2 0 1 0 0 9 4 1 1 28 26 4 0 8 1 0 4 0 0 0 0 0 0 0 4 4 0 0 0 0 0 0 0 5 24 0 0 0 2 0 0 6 194083 11 12 0 2 0 18 2 0 0 0 0 0 0 0 0 22 1 0
315 ACA 4 0 0 0 195738 28 25 10 1 0 0 13 5 0 0 0 0 3 0 0 2 0 0 0 0 0 1 0 0 0 1 0 0 0 0 0 11 0 4 4 13 0 4 0 0 1 5 2 0 0 0 1 11 0 0 0 0 0 0 0 0 0 0 0
316 ATA 1 0 0 1 6 0 0 0 1 0 0 0 195546 14 32 10 0 0 0 0 0 0 0 0 0 0 0 0 3 0 0 1 0 0 0 0 0 0 0 0 0 0 0 0 5 0 5 0 0 0 0 0 0 0 0 0 0 0 0 0 12 0 0 0
317 GGA 0 0 0 0 0 0 0 0 8 0 0 0 0 0 0 0 0 0 0 0 0 0 0 0 0 0 0 0 0 0 0 0 5 0 0 0 0 0 0 0 195536 1 60 63 1 0 0 0 0 0 0 0 0 0 0 0 7 0 0 0 0 0 0 0
318 GAG 7 0 17 0 2 13 3 3 0 1 1 0 0 0 3 0 10 9 1 0 0 0 0 0 0 0 0 3 0 0 0 5 36 0 195300 6 3 4 2 0 0 0 13 0 1 0 1 0 0 0 8 0 16 5 0 4 0 0 0 0 0 0 3 0
319 TGC 0 0 0 0 0 0 0 0 0 2 0 0 0 0 0 0 0 0 0 0 0 0 0 0 0 7 0 0 0 0 0 0 0 0 0 0 0 0 0 0 0 0 0 0 0 0 0 0 0 80 0 0 0 2 0 0 4 195078 1 48 0 2 0 3
320 CCA 0 0 0 0 4 0 0 0 0 0 0 0 0 0 0 0 0 0 0 0 195446 22 15 32 0 0 0 0 13 0 0 0 0 0 0 0 0 0 2 0 0 0 0 0 0 0 0 0 0 0 0 0 10 0 0 0 0 0 0 0 0 0 0 0
321 AAA 194618 5 14 3 5 62 0 4 38 0 0 2 6 0 0 11 3 0 0 0 0 0 0 0 24 0 12 1 0 3 0 9 4 0 0 0 0 0 0 0 0 0 0 0 4 0 0 0 2 0 0 0 4 1 0 0 1 0 0 0 2 0 0 0
322 TAT 0 0 0 1 0 0 0 0 0 0 0 0 0 0 0 0 0 0 0 6 0 0 0 0 0 0 0 0 0 0 0 0 0 0 0 2 0 0 0 0 0 0 0 0 0 0 0 0 4 15 1 196297 0 0 0 0 0 0 0 32 0 6 0 23
323 GTC 0 0 0 0 0 1 0 0 0 0 0 0 1 147 0 0 0 0 0 0 0 0 0 0 0 0 0 0 0 1 0 0 0 0 0 0 0 3 0 0 0 0 0 0 8 193999 0 40 0 0 0 0 0 0 0 0 0 0 0 0 4 2 0 0
324 AGG 2 0 16 0 1 0 0 0 53 1 193934 4 0 0 6 0 0 0 0 1 0 0 0 0 2 28 31 0 0 0 0 0 0 0 0 0 0 0 0 0 0 0 57 0 0 0 0 0 0 0 2 0 0 0 0 0 0 0 2 0 0 0 0 0
325 AGT 0 0 0 26 0 0 0 3 2 41 2 194286 0 0 0 4 0 0 0 0 0 0 0 0 0 0 0 0 0 0 0 0 0 0 0 0 0 0 0 0 0 0 0 12 0 0 0 0 2 0 0 0 7 0 4 0 0 0 0 1 0 0 0 0
326 ACC 0 0 0 0 7 165796 5 22 0 0 0 3 0 13 1 0 0 0 0 0 0 31 2 0 0 11 3 0 0 28 0 0 0 0 3 0 2 86 0 0 1 1 2 0 0 0 0 0 0 0 0 0 0 6 0 2 0 0 0 0 0 1 0 0
327 AAA 194777 5 12 5 1 0 0 0 12 0 12 2 0 0 0 0 1 0 0 0 0 0 0 0 0 0 0 2 0 0 0 0 8 0 0 0 0 0 0 0 0 0 0 1 0 0 1 0 1 0 0 0 0 0 0 3 0 0 0 0 0 0 0 0
328 TTG 0 0 0 0 0 0 0 0 0 0 0 0 0 0 5 0 0 0 0 0 0 0 0 0 0 0 0 0 0 0 28 7 0 0 0 0 0 0 0 0 0 0 0 0 0 0 2 0 0 0 0 0 0 0 2 0 0 0 3 0 24 0 190841 3
329 AGG 1 0 18 0 0 4 0 0 107 0 184083 2 0 0 10 0 0 0 0 0 0 0 0 0 3 0 3 1 0 0 0 0 0 0 0 0 0 0 0 0 0 0 27 0 0 0 0 0 0 0 0 0 1 0 0 0 0 0 0 0 0 0 0 0
330 ATG 0 0 1 0 0 0 1 0 0 0 0 0 25 0 190439 1 0 0 0 0 0 0 0 0 0 0 0 0 0 0 4 0 0 0 0 0 0 0 0 0 0 0 0 0 0 0 30 0 0 0 0 0 0 0 0 0 0 0 0 0 0 0 0 0
331 GTT 0 0 0 0 0 0 0 0 0 0 0 0 0 0 0 19 0 0 0 0 0 0 0 0 0 0 0 0 0 0 0 0 0 0 0 1 0 0 0 7 0 0 0 1 4 32 9 185214 0 0 0 0 0 0 0 0 0 0 0 0 0 0 0 1
332 ACA 0 0 0 0 179842 13 84 7 0 0 1 0 29 0 0 0 0 0 0 0 0 0 0 0 0 0 0 0 0 0 0 0 0 0 0 0 21 0 0 0 0 0 0 0 0 0 0 0 0 0 0 0 1 0 0 0 0 0 0 0 0 0 0 0
333 GGA 0 0 0 0 0 0 0 1 4 0 0 0 0 0 0 0 0 0 0 0 0 0 0 0 1 0 0 0 0 0 0 0 29 0 0 0 0 0 0 0 167256 0 45 12 2 0 0 0 0 0 0 0 0 0 0 0 14 0 0 0 0 0 0 0
334 CTA 0 0 1 0 0 0 0 0 0 0 0 0 4 0 0 0 0 0 0 0 26 2 0 0 0 0 0 0 175017 2 21 19 0 0 0 0 0 0 0 0 0 0 0 0 0 0 0 0 6 0 0 0 0 0 0 0 0 0 0 0 3 0 1 0
335 AGA 9 2 0 0 0 0 0 0 174438 1 24 0 4 0 0 0 0 0 0 0 0 0 0 0 5 0 0 8 0 0 0 0 0 0 0 0 0 0 0 0 13 0 0 0 0 0 0 0 0 0 0 0 0 0 0 0 2 0 2 0 0 0 0 0
336 AAC 2 80275 0 10 0 0 0 0 0 0 0 0 0 0 0 0 0 2 0 0 0 0 0 0 0 0 0 0 0 0 0 0 0 3 0 0 0 0 0 0 0 0 0 0 0 0 0 0 0 0 0 0 0 0 0 0 0 0 0 0 0 0 0 0
337 ATC 6 70 0 6 0 27 0 0 6 7 2 2 2 79169 0 4 2 0 0 1 0 0 0 0 0 396 19 1 2 0 2 0 0 0 0 0 0 3 5 0 0 0 0 0 0 3 0 0 0 0 0 0 0 0 0 0 0 1 0 0 0 2 1 0
338 CCA 0 0 0 0 3 0 0 0 0 0 0 0 0 0 0 0 8 1 0 5 82663 4 5 0 1 0 0 0 2 0 0 0 0 0 0 0 1 0 0 0 0 0 0 0 0 0 0 0 0 0 0 0 4 0 0 0 0 0 0 1 0 0 0 0
339 TCC 0 0 0 0 0 1 0 0 0 0 0 1 11 4 0 0 0 0 1 0 0 16 0 0 0 0 0 3 0 1 0 0 0 0 0 0 6 18 0 5 0 0 0 2 1 0 6 0 0 3 0 0 9 79175 0 8 0 0 0 0 0 2 4 0
340 ATT 9 0 5 1 0 0 0 5 0 0 11 1 2 13 2 97681 0 0 0 0 0 0 0 0 5 0 0 1 0 1 0 0 0 0 0 0 0 0 0 0 0 0 0 0 0 0 0 3 0 0 0 0 0 0 1 0 0 0 0 0 0 0 0 1
341 CAA 4 0 0 0 0 0 0 0 0 0 0 0 0 0 0 0 82548 2 7 1 0 0 0 0 8 0 0 0 0 0 0 0 0 0 0 0 0 0 0 0 0 0 0 0 0 0 0 0 4 0 0 0 0 0 0 0 0 0 0 0 0 0 0 0
342 TAC 0 0 0 0 0 0 0 0 0 0 0 0 0 0 0 0 0 14 0 0 0 0 0 0 0 0 0 0 0 0 0 0 0 1 0 0 0 0 0 0 0 0 0 0 0 0 0 0 5 100193 0 10 0 1 0 0 0 9 0 0 0 0 0 0
343 AGA 27 0 0 0 0 0 0 0 135128 1 59 5 5 0 0 1 0 0 4 0 0 0 0 0 2 11 0 0 0 0 0 0 0 0 0 0 0 0 0 0 9 0 0 0 0 0 0 0 0 0 0 0 0 0 0 0 1 0 0 0 0 0 0 0
344 GGT 0 0 0 0 0 0 0 0 1 0 5 16 0 0 0 0 1 0 0 0 0 0 0 0 0 0 0 0 0 0 0 0 0 0 0 9 1 0 0 0 15 15 5 187399 0 0 0 2 0 0 0 0 1 0 0 0 0 0 0 4 0 0 0 0
345 CTA 0 0 0 0 0 0 0 0 0 0 0 0 7 2 0 0 1 0 0 0 32 0 0 0 0 0 0 0 175034 6 16 22 0 0 0 0 0 0 0 0 0 0 0 1 10 0 2 0 1 0 0 0 0 0 0 4 0 0 0 0 18 0 4 0
346 TTT 0 0 0 0 0 0 0 0 0 0 0 0 0 0 0 6 0 0 0 0 0 0 0 0 0 0 0 0 0 0 1 5 0 0 0 0 0 0 0 0 0 0 0 0 0 0 0 3 0 0 0 0 0 0 0 10 0 0 0 0 2 30 0 187520
347 GGA 0 0 0 0 0 0 0 0 9 0 0 0 0 0 0 0 8 0 0 0 0 0 0 0 3 0 0 0 0 2 0 2 16 0 0 0 1 0 0 0 189765 1 34 28 1 0 0 0 0 0 0 0 0 0 0 9 2 0 0 0 7 0 0 0
348 GCC 0 0 0 0 0 16 0 0 0 0 0 0 0 0 0 0 0 0 0 0 0 0 0 0 0 0 0 0 0 0 0 0 0 3 0 0 10 192023 8 2 0 0 0 0 0 72 0 0 0 0 0 0 0 9 0 0 0 0 0 0 0 0 0 0
349 ATT 0 0 0 1 0 0 0 4 0 0 0 0 5 12 1 192681 0 0 0 0 0 0 0 0 0 0 0 0 0 0 0 5 0 0 0 0 0 0 0 0 0 0 0 0 18 0 25 76 0 0 0 0 0 0 0 0 0 0 0 0 0 0 0 1
350 GCT 0 0 0 0 0 0 0 65 0 0 0 9 0 0 0 0 0 0 0 0 0 0 0 0 0 0 0 0 0 0 0 0 0 0 0 2 13 19 4 193851 0 0 0 3 0 0 0 10 0 0 0 0 0 3 0 3 0 0 0 0 0 0 0 0
351 GGT 0 0 0 0 0 0 0 0 0 0 0 14 0 0 0 0 0 0 0 0 0 0 0 0 0 0 0 1 0 0 0 0 0 0 0 14 0 0 0 0 3 20 73 186620 0 0 0 0 0 0 0 0 0 0 0 0 0 0 0 2 0 0 0 0
352 TTT 0 0 0 0 0 0 0 0 0 0 0 0 0 0 0 1 0 0 0 0 0 0 0 0 0 0 0 0 0 0 0 9 0 0 0 0 0 0 0 0 0 0 0 0 0 0 0 2 0 0 0 1 0 1 0 6 0 0 0 1 1 29 0 194803
353 ATT 0 0 0 1 0 0 0 11 0 0 0 0 2 19 2 195556 0 0 0 0 0 0 0 0 0 0 0 0 6 0 12 1 0 0 0 0 0 0 0 0 0 0 0 0 7 9 1 26 0 0 3 0 0 0 0 0 0 0 0 0 18 0 0 4
354 GAG 0 0 20 0 0 0 0 0 0 0 0 0 0 0 0 0 0 0 2 0 0 0 0 0 0 0 0 0 0 0 0 0 85 0 188186 19 0 0 1 0 0 0 39 0 0 0 6 0 0 0 4 0 0 0 0 0 0 0 0 0 0 0 0 0
355 GGG 0 0 0 0 0 0 0 0 0 0 16 0 0 0 0 0 0 0 0 0 0 0 0 0 0 0 0 0 0 0 0 0 0 0 19 0 0 0 0 0 72 26 193079 27 0 0 1 0 0 0 0 0 0 0 0 0 0 0 4 0 0 0 0 0
356 GGA 0 0 0 0 0 0 0 0 27 0 0 0 0 0 0 0 0 0 0 0 0 0 0 0 0 0 0 0 0 0 0 0 23 0 0 0 0 0 0 0 194971 10 377 19 3 0 0 0 0 0 0 0 0 0 0 0 1 0 0 0 0 0 0 0
357 TGG 0 0 0 0 0 0 0 0 0 0 2 0 0 0 0 0 0 0 0 0 0 0 0 0 0 0 9 0 0 0 0 0 0 0 0 0 0 0 0 0 0 0 0 0 0 0 0 0 0 0 39 0 0 0 0 0 25 1 196045 1 0 0 5 0
358 ACT 0 0 0 1 29 72 0 194981 0 1 0 6 2 10 0 8 0 0 0 0 1 9 0 3 0 0 0 0 17 0 1 9 0 0 0 0 0 0 0 30 0 0 0 0 0 0 0 0 0 2 0 1 0 1 0 1 0 2 0 0 4 0 0 1
359 GGA 0 0 0 0 0 0 0 0 20 0 0 0 0 0 0 0 0 0 0 0 0 0 0 0 0 0 0 0 0 0 0 0 20 0 0 0 0 0 2 0 195092 29 20 10 5 0 0 0 0 0 0 0 0 0 0 0 3 0 0 0 0 0 0 0
360 ATG 0 0 0 0 0 0 3 0 0 0 0 0 13 1 195667 3 0 0 0 0 0 0 0 0 0 0 0 0 11 14 10 6 0 0 0 0 0 0 0 0 0 0 0 0 0 0 11 0 0 0 0 0 0 0 0 0 0 0 0 0 3 0 3 0
361 ATA 91 0 48 0 7 1 0 0 0 0 0 0 195909 13 52 28 0 0 3 0 0 0 0 0 0 0 0 0 2 0 4 28 0 0 0 0 0 0 0 0 0 0 0 0 21 56 1 15 1 0 0 0 1 0 0 2 0 0 1 0 11 0 2 0
362 GAT 0 0 0 8 0 0 0 0 0 0 0 0 0 0 0 0 0 0 0 1 0 0 0 0 0 0 0 0 0 0 0 0 2 7 4 195490 0 0 0 0 0 0 0 9 0 0 0 0 0 0 0 5 0 0 0 0 0 0 0 0 0 0 0 0
363 GGA 0 0 0 0 0 0 0 0 26 0 0 0 0 0 0 0 0 0 0 0 0 0 0 0 0 0 0 0 0 0 0 0 14 0 0 0 0 0 0 0 195301 15 35 4 0 0 0 0 0 0 0 0 0 0 0 0 3 0 0 0 0 0 0 0
364 TGG 0 0 0 0 0 0 0 0 0 0 1 0 0 0 0 0 0 0 0 0 0 0 0 0 0 0 6 0 0 0 0 0 0 0 0 0 0 0 0 0 0 0 0 0 0 0 0 0 0 0 24 0 0 0 0 0 20 0 195385 1 0 0 10 0
365 TAT 0 0 0 0 0 0 0 0 0 0 0 0 0 0 0 0 0 0 0 13 0 0 0 0 0 0 0 0 0 0 0 0 0 0 0 3 0 0 0 0 0 0 0 0 0 0 0 0 2 12 0 196024 0 0 0 2 0 0 0 6 0 0 0 0
366 GGT 0 0 0 0 0 0 0 0 0 0 0 6 0 0 0 0 0 0 0 0 0 0 0 0 0 0 0 0 0 0 0 0 0 0 0 7 0 0 0 0 1 23 4 195314 0 0 0 2 0 0 0 0 0 0 0 0 0 0 0 5 0 0 0 0
367 TAT 0 0 0 0 0 0 0 0 0 0 0 0 0 0 0 0 0 0 0 12 0 0 0 0 0 0 0 0 0 0 0 0 0 0 0 2 0 0 0 0 0 0 0 0 0 0 0 0 1 10 4 196278 0 0 0 0 0 0 0 14 0 2 0 4
368 CAT 0 0 0 0 0 0 0 0 1 0 0 0 0 0 1 0 1 33 4 196036 0 0 0 2 5 0 0 6 0 0 0 3 0 0 0 0 0 3 0 0 0 0 0 0 0 0 0 0 0 0 0 16 0 0 0 0 0 0 0 0 5 0 0 13
369 CAT 0 0 0 3 0 0 0 6 0 0 0 0 20 1 4 0 11 43 3 195798 0 0 0 0 0 0 0 6 0 0 0 1 0 0 0 0 0 0 0 0 0 0 0 0 3 0 0 0 0 0 0 7 0 0 0 0 0 0 0 2 0 1 0 9
370 CAG 0 0 6 0 6 3 0 0 0 0 0 15 19 0 5 2 68 0 196110 11 0 0 5 0 2 0 25 2 14 9 3 1 0 0 2 0 0 0 0 0 0 0 0 0 24 6 1 0 0 0 16 0 5 11 5 0 0 0 14 0 0 0 0 0
371 AAT 1 8 0 196132 0 0 0 1 0 0 0 14 0 0 0 2 0 0 0 1 0 0 0 0 0 0 0 0 0 0 0 0 0 0 0 11 0 0 0 0 0 0 0 0 0 0 0 0 0 0 0 2 0 0 0 0 0 0 0 0 0 0 0 0
372 GAA 8 0 0 0 0 0 0 0 0 0 0 0 0 0 0 0 1 0 0 0 0 0 0 0 0 0 0 0 0 0 0 0 196096 15 12 4 3 15 0 4 13 0 0 0 1 0 0 0 5 0 0 0 4 5 1 19 0 0 0 0 0 0 0 0
373 CAG 0 0 5 0 0 0 0 0 0 0 0 0 0 0 1 0 12 0 195746 30 0 0 0 0 0 0 43 0 0 0 1 0 0 0 3 0 0 0 1 4 0 0 1 0 0 0 0 0 0 0 39 0 0 0 0 0 0 0 0 0 0 0 3 0
374 GGA 0 0 0 0 0 0 0 0 18 0 0 0 0 2 0 0 0 0 0 0 0 0 0 0 0 0 0 0 0 0 0 0 20 0 0 0 0 0 0 0 195985 2 43 9 2 0 0 0 0 0 0 0 0 0 0 0 2 0 0 0 0 0 0 0
375 TCA 0 0 0 0 13 1 0 0 0 3 0 0 0 0 11 0 0 0 0 2 12 0 0 0 2 0 0 0 0 0 0 0 3 0 0 0 4 0 0 0 0 0 0 0 0 0 0 0 3 0 0 0 195921 15 135 5 2 0 0 0 20 0 0 0
376 GGC 0 0 0 0 0 0 0 0 0 27 0 0 0 0 0 0 0 0 0 0 0 0 0 0 0 0 0 0 0 0 0 0 0 17 0 0 0 0 0 0 20 195641 5 20 0 5 0 0 0 0 0 0 0 0 0 0 0 13 0 0 0 0 0 0
377 TAT 0 0 0 1 0 0 0 0 0 0 0 0 0 0 0 0 0 0 0 21 0 0 0 0 0 0 0 0 0 0 0 0 0 0 0 1 0 0 0 0 0 0 0 0 0 0 0 0 2 6 1 196050 3 0 0 1 0 0 0 12 0 0 0 19
378 GCA 0 0 0 0 40 0 0 0 0 12 0 2 0 0 0 0 0 0 0 0 0 0 0 0 0 0 0 0 0 0 0 0 4 0 0 0 193846 2 28 18 1 0 0 0 120 0 1 0 0 0 0 0 4 0 0 0 0 3 0 1 0 0 0 0
379 GCG 0 0 0 0 0 0 10 0 0 0 0 0 0 0 0 0 0 0 0 0 0 0 0 0 0 0 0 0 0 0 0 0 0 0 3 0 71 4 195303 42 0 0 6 0 1 0 65 0 0 0 0 0 0 0 5 0 0 0 0 0 0 0 0 0
380 GAT 0 0 0 12 0 0 0 0 0 0 0 0 0 0 0 0 0 0 0 1 0 0 0 0 0 0 0 0 0 0 0 0 1 33 1 195890 0 0 0 1 0 0 0 7 0 0 0 0 0 0 0 0 0 0 0 0 0 0 0 0 0 0 0 0
381 CAA 15 0 4 0 0 0 0 1 0 0 1 0 0 0 1 15 181045 1 21 21 1 0 0 0 18 1 12 17 5 9 5 0 0 0 0 0 7 1 0 1 0 0 0 0 15 0 11 3 4 2 0 0 2 0 0 0 0 0 0 0 3 0 0 0
382 AAA 182057 1 25 0 4 0 0 3 7 1 2 0 3 2 0 5 2 0 0 0 0 1 0 0 9 1 6 8 1 0 0 0 11 0 2 0 0 12 0 1 0 0 0 0 0 0 0 2 0 0 0 0 0 0 0 16 0 1 3 0 1 0 0 0
383 AGC 0 60 1 0 0 3 0 1 1 181760 0 68 0 2 0 0 0 0 0 0 0 0 0 0 0 2 0 0 0 0 0 0 0 0 0 0 0 0 0 0 0 68 0 0 0 0 0 0 0 0 0 0 0 3 0 14 0 1 0 0 0 0 0 0
384 ACA 0 0 0 0 182369 14 20 12 1 0 0 0 8 0 0 0 0 1 0 0 1 0 0 0 0 0 0 0 0 0 0 0 0 0 0 0 11 0 0 0 0 0 0 0 0 0 0 0 0 0 0 0 2 0 1 0 0 0 0 0 0 0 0 0
385 CAA 7 0 0 0 1 0 0 0 0 0 0 4 0 0 0 0 182048 4 12 3 5 0 0 0 8 0 0 0 2 0 0 0 1 0 0 0 0 0 0 7 0 0 0 0 0 0 0 0 5 0 0 0 0 0 0 0 0 0 0 0 0 0 0 0
386 AAT 92 10 14 181994 9 0 7 1 15 2 28 10 22 0 0 19 15 0 54 2 0 0 0 0 47 2 5 2 1 0 1 0 4 0 0 8 0 1 0 0 0 0 0 0 0 0 2 0 0 0 0 0 0 1 5 15 0 0 0 0 5 16 6 0
387 GCC 0 0 0 0 0 14 0 0 0 0 0 0 0 0 0 0 0 0 0 0 0 1 0 0 0 0 0 0 0 0 0 0 0 1 0 0 13 179967 66 5 0 2 0 0 0 49 0 0 0 0 0 0 0 5 0 0 0 0 0 0 0 0 0 0
388 ATT 0 0 0 0 0 0 0 8 0 0 0 1 5 16 4 181957 0 0 0 0 0 0 0 0 0 0 0 0 0 0 0 3 0 0 0 0 0 0 0 0 0 0 0 0 0 4 0 23 0 0 0 0 0 0 0 0 0 0 0 0 0 0 0 0
389 AAC 4 181824 7 59 3 6 1 1 1 12 0 0 0 0 0 0 0 0 0 0 0 0 0 0 0 8 0 3 0 0 0 0 2 22 0 3 0 1 0 0 0 0 0 0 1 0 0 0 0 2 0 0 4 0 0 4 0 0 0 0 0 0 0 0
390 GGG 14 0 18 0 12 28 3 6 181 102 130 0 6 21 1 2 0 1 5 6 0 0 0 0 0 3 147 108 13 5 321 65 0 0 17 0 3 0 6 0 36 4 179342 1 4 25 11 13 0 0 0 0 28 29 293 5 0 13 30 15 13 6 33 6
391 ATT 0 0 0 0 0 0 0 7 0 0 0 1 74 32 6 181809 0 0 0 0 0 0 0 0 0 0 0 0 0 0 0 5 0 0 0 0 0 0 0 0 0 0 0 0 0 3 2 24 0 0 0 0 0 0 0 0 0 0 0 0 0 0 0 1
392 ACA 1 3 0 6 182221 15 17 4 2 0 7 0 19 0 0 0 0 4 0 3 2 0 0 0 1 0 0 0 0 0 0 0 0 0 0 0 40 1 0 0 0 0 0 0 0 0 0 0 0 0 0 0 3 0 0 7 0 0 0 0 0 0 2 0
393 AAC 6 180727 3 14 0 13 0 13 0 7 0 0 0 0 0 0 19 1 0 0 0 0 0 0 0 0 0 0 0 0 0 0 0 6 0 0 0 0 0 0 0 0 0 0 0 0 0 0 0 0 0 0 1 0 0 0 13 1 0 1 0 0 0 0
394 AAG 23 1 182035 10 0 0 3 0 0 0 12 0 0 0 2 0 0 0 2 0 0 0 0 0 0 0 0 5 0 0 0 0 0 0 14 0 0 0 0 0 0 0 0 0 0 0 0 0 0 0 0 0 0 0 0 0 0 0 0 0 0 0 0 0
395 GTG 0 0 0 0 0 0 0 0 0 0 0 0 1 0 15 17 0 0 0 0 0 0 0 0 0 0 0 0 0 0 1 0 0 0 0 0 0 0 1 0 0 0 3 0 29 11 182099 27 0 0 0 0 0 0 0 0 0 0 0 0 0 0 1 0
396 AAC 8 182826 1 33 0 1 0 0 0 4 0 0 0 2 0 0 0 1 0 0 0 0 0 0 0 0 0 0 0 0 0 0 0 10 0 0 0 0 0 0 0 0 0 0 0 0 0 0 0 1 0 0 0 0 0 0 0 0 0 0 0 0 0 0
397 TCT 0 1 0 2 0 0 0 1 0 0 0 0 0 0 0 0 0 0 2 1 0 0 0 7 0 0 0 0 0 0 0 0 0 0 0 0 0 25 0 1 0 0 0 0 0 0 0 0 0 0 0 1 3 27 10 182479 0 0 0 0 0 0 0 2
398 GTT 0 0 0 0 0 0 0 0 0 0 0 0 2 0 0 29 0 0 0 0 0 0 0 0 0 0 0 0 0 0 0 0 0 0 0 0 0 1 0 7 0 0 0 1 6 9 21 182324 0 0 0 0 0 0 0 0 0 0 0 0 0 0 1 3
399 ATC 0 3 0 0 0 4 0 0 0 0 0 0 16 182122 0 37 0 0 0 0 0 0 0 0 0 0 0 0 2 2 0 0 0 0 0 0 0 0 0 0 0 0 0 0 0 16 0 0 0 0 0 0 0 0 0 0 0 0 0 0 0 1 0 0
400 GAG 0 0 39 0 1 0 0 0 0 3 3 0 0 0 0 0 0 0 2 1 0 0 0 0 0 0 0 0 0 0 0 0 36 2 182041 2 0 0 2 1 0 0 15 0 0 0 0 0 0 0 2 0 0 0 3 0 0 0 0 0 0 0 0 0
401 AAA 179255 1 35 0 0 0 0 0 8 0 14 0 0 0 0 70 1 0 0 0 0 0 0 0 0 0 0 3 0 0 0 0 6 0 0 0 0 0 2 2 0 0 0 0 8 0 1 0 0 0 0 0 0 0 0 0 0 0 0 0 0 0 0 0
402 ATG 0 0 3 0 0 0 5 0 0 0 0 0 14 6 182065 7 0 0 0 0 0 0 0 0 0 0 0 0 1 0 4 0 0 0 0 0 0 0 0 0 0 0 0 0 0 3 19 0 0 0 0 0 0 0 0 0 0 0 0 0 7 3 2 0
403 AAC 3 182507 7 22 0 3 2 0 0 18 0 0 0 0 0 0 0 2 0 0 0 0 0 0 0 0 0 0 0 0 0 0 0 16 0 0 0 0 0 0 0 0 0 2 0 2 0 0 0 1 0 0 0 3 0 0 0 0 0 0 0 0 0 0
404 ACT 7 13 0 5 7 49 1 181753 6 3 3 5 0 0 0 6 1 0 0 0 0 0 1 1 3 0 0 0 0 23 4 9 0 0 0 0 2 2 0 4 6 1 0 10 1 0 3 4 0 0 0 0 7 4 37 10 0 0 0 0 3 0 0 0
405 CAA 3 0 0 0 0 0 0 0 0 0 1 0 0 0 0 0 182077 21 39 1 3 0 0 0 43 0 0 4 0 0 0 0 1 0 0 0 8 0 0 10 7 1 6 6 1 0 0 0 4 0 0 0 0 0 0 0 0 0 0 0 0 0 0 0
406 TTC 0 0 0 0 0 0 0 0 0 0 0 0 0 5 0 0 0 0 1 0 0 0 0 0 0 0 0 0 3 15 0 3 0 0 0 0 0 0 0 0 0 0 10 0 0 2 0 0 0 10 0 1 0 8 0 0 0 2 7 0 25 182085 3 15
407 ACA 8 0 0 0 182317 14 63 18 7 5 4 7 30 0 0 0 2 0 0 0 2 0 0 0 5 2 0 16 0 0 0 0 0 0 0 0 9 0 1 0 0 0 0 0 0 0 1 0 0 0 0 0 0 0 0 0 0 0 0 0 0 0 0 0
408 GCT 0 0 0 0 0 1 0 33 0 0 0 1 4 0 0 0 0 0 0 0 0 0 0 0 0 4 15 0 0 5 1 0 0 0 0 8 7 37 29 181983 0 1 0 1 0 0 6 6 0 2 0 8 6 0 2 14 0 0 0 0 0 0 0 7
409 GTG 0 0 0 0 2 0 2 0 0 0 0 0 6 2 21 1 0 0 0 0 0 0 0 0 0 1 2 0 0 0 26 2 0 0 1 0 0 0 6 0 3 0 5 1 58 28 181981 39 0 0 0 0 1 0 0 2 0 2 0 0 0 1 12 0
410 GGT 0 1 0 0 0 0 0 0 1 0 0 73 0 0 0 0 0 0 0 0 1 0 0 0 0 0 2 0 0 0 0 0 0 0 0 75 1 0 0 1 5 39 10 176905 0 0 1 4 0 0 0 0 0 10 0 0 0 1 0 1 0 1 0 0
411 AAA 182347 14 27 4 2 0 0 0 5 0 0 0 1 0 0 1 0 0 1 0 0 0 0 0 0 0 0 0 0 0 0 0 5 0 0 0 0 0 4 0 6 2 2 0 5 0 0 0 0 0 0 0 0 0 0 0 0 0 0 0 0 0 0 0
412 GAA 14 0 0 2 1 5 0 1 0 1 2 1 2 0 0 0 1 0 0 0 0 0 0 0 0 5 0 0 10 0 0 0 181932 3 16 0 3 11 0 1 9 0 8 0 3 0 9 3 5 0 0 0 0 1 0 0 0 0 1 0 15 0 4 4
413 TTC 0 0 0 0 0 0 0 0 0 0 0 0 0 3 0 0 0 0 0 0 0 0 0 0 0 0 0 0 0 9 0 0 0 0 0 0 0 0 0 0 0 0 0 0 0 4 0 0 0 4 0 0 0 9 0 0 0 1 1 0 3 181362 1 19
414 AAC 1 181601 3 13 0 0 0 0 0 30 0 0 0 2 0 0 0 1 0 0 0 0 0 0 0 0 0 0 0 0 0 0 0 20 0 0 0 5 0 2 11 7 2 23 0 0 0 0 0 0 0 0 1 1 0 0 0 0 0 0 0 0 0 0
415 AAC 11 181840 0 26 0 1 0 17 0 21 10 3 11 68 0 0 0 3 0 0 0 0 0 0 11 0 4 0 0 8 0 0 1 11 0 0 8 0 13 14 0 1 3 0 7 6 11 0 0 35 0 1 7 1 2 2 0 1 4 4 4 5 0 2
416 TTA 0 0 0 0 0 0 0 0 0 0 0 0 5 0 1 0 0 0 0 0 1 0 0 0 0 0 0 0 3 16 0 0 0 0 0 0 0 0 0 0 0 0 0 0 1 0 0 0 0 0 0 0 11 0 0 0 1 0 0 0 181481 4 26 1
417 GAA 7 0 0 0 0 0 0 0 0 0 0 0 0 0 0 0 0 0 0 0 0 0 0 0 0 0 0 0 0 0 0 0 182035 1 14 0 2 0 0 0 9 0 0 0 0 0 0 0 1 0 0 0 0 0 0 0 0 0 0 0 0 0 0 0
418 AAA 182554 1 15 0 0 0 0 0 14 0 2 0 1 0 0 0 2 0 0 0 0 0 0 0 0 0 0 0 0 0 0 0 3 0 0 0 0 0 0 0 0 0 0 0 0 0 0 0 4 0 0 0 0 0 0 0 0 0 0 0 0 0 0 0
419 AGG 0 0 43 0 0 0 0 0 31 0 178334 0 0 0 15 0 0 0 0 0 0 0 0 0 0 0 51 0 0 0 0 0 0 0 0 0 0 0 0 0 0 0 179 0 0 0 0 0 0 0 0 0 0 0 0 0 0 0 2 0 0 0 0 0
420 ATG 0 0 1 0 0 0 0 0 0 0 2 0 23 3 181407 5 0 0 0 0 0 0 0 0 0 0 0 0 0 0 3 0 0 0 0 0 0 0 0 0 0 0 0 0 0 0 19 0 0 0 0 0 0 0 0 0 0 0 1 0 0 0 1 0
421 GAA 23 0 0 0 0 0 0 0 0 0 0 0 0 0 0 0 0 0 0 0 0 0 0 0 0 0 0 0 0 0 0 0 151923 22 64 12 0 0 0 0 29 0 0 0 0 0 0 0 0 0 0 0 1 0 14 0 0 0 0 0 0 0 0 0
422 AAT 1 15 1 181234 0 0 0 0 0 0 0 9 0 0 0 5 0 0 0 2 0 0 0 0 0 0 0 0 0 0 0 0 0 0 0 7 0 0 0 0 0 0 0 0 0 0 0 0 0 0 0 2 0 0 0 0 0 0 0 0 0 0 0 0
423 TTA 0 0 0 0 0 0 0 0 0 0 0 0 1 0 0 0 0 0 0 0 0 0 0 0 0 0 0 0 6 0 0 0 0 0 0 0 0 0 0 0 0 0 0 0 3 0 0 0 2 0 0 0 7 0 0 0 0 0 0 0 182030 0 29 0
424 AAT 0 15 0 177069 0 0 0 2 0 0 0 8 1 0 0 0 0 1 0 0 0 0 0 0 0 0 0 0 0 0 0 0 0 0 0 6 0 0 0 0 0 0 0 0 0 0 0 0 0 0 0 0 0 0 0 0 0 0 0 0 0 0 0 0
425 AAA 177831 0 23 0 1 0 0 0 6 0 0 0 2 0 0 0 2 0 4 1 0 0 0 0 0 0 0 25 0 0 0 0 15 0 0 0 0 0 0 0 0 0 0 0 0 0 0 0 0 0 0 0 0 0 0 0 0 0 0 0 0 0 0 0
426 AAA 177742 4 330 2 2 0 0 0 19 0 0 7 0 0 0 0 1 0 0 0 0 0 0 0 0 0 0 0 0 0 0 0 7 0 0 0 0 0 0 0 0 0 0 0 0 0 0 0 3 0 0 0 0 0 0 0 0 0 0 0 0 0 0 0
427 GTT 2 0 3 0 0 0 0 0 0 0 0 77 0 0 0 59 0 0 0 0 0 0 0 0 0 0 0 0 0 0 0 0 0 0 0 0 0 0 0 6 0 0 0 0 1 18 1 167712 0 0 0 0 0 0 0 0 6 0 0 0 0 0 189 2
428 GAT 2 17 0 10 0 0 0 0 0 0 0 0 0 0 190 0 0 0 0 0 0 0 0 0 0 0 0 0 0 0 0 0 3 14 1 170580 0 0 0 1 0 0 0 7 0 0 0 0 0 0 0 1 0 0 0 0 79 0 0 0 0 0 3 0
429 GAT 0 0 0 14 0 0 0 0 0 0 0 0 0 0 187 0 0 0 0 1 0 0 0 0 0 0 0 0 0 0 0 0 5 9 0 174229 0 0 0 0 0 0 0 20 0 0 0 4 0 0 0 5 0 0 0 0 75 0 4 0 0 0 0 0
430 GGG 0 0 0 0 0 0 0 0 0 0 12 0 0 0 0 0 0 0 0 0 0 0 0 0 0 0 0 0 0 0 0 0 0 0 7 0 0 0 1 0 16 0 111607 16 0 0 1 0 0 0 0 0 0 0 0 0 0 0 2 0 0 0 0 0
431 TTT 0 0 0 0 0 0 0 0 0 0 0 0 0 0 0 1 0 0 0 0 0 0 0 0 0 0 0 0 0 0 0 6 0 0 0 0 0 0 0 0 0 0 0 0 0 0 0 3 0 0 0 0 0 0 0 1 0 0 0 0 0 9 0 140140
432 CTG 0 0 0 0 0 0 0 0 0 0 0 0 0 0 3 0 0 0 2 0 0 0 18 0 0 0 1 0 6 0 84589 4 0 0 0 0 0 0 0 0 0 0 0 0 0 0 0 0 0 1 0 0 0 0 0 0 0 0 2 0 0 0 10 0
433 GAC 0 17 0 0 0 0 0 0 0 0 0 0 0 0 0 0 0 0 0 0 0 0 0 0 0 0 0 0 0 0 0 0 4 123887 3 10 0 0 0 0 0 10 0 0 0 0 0 0 0 3 0 0 0 0 1 0 0 0 0 0 0 0 0 0
434 ATT 0 0 0 1 0 0 0 6 0 0 0 4 0 6 0 151098 0 0 0 0 0 0 0 0 0 0 0 0 0 0 0 3 0 0 0 0 0 0 0 0 0 0 0 0 0 0 2 15 0 0 0 0 0 0 0 0 0 0 0 0 0 0 0 0
435 TGG 0 0 0 0 0 0 0 0 0 0 0 0 0 0 0 0 0 0 0 0 0 0 0 0 0 0 7 0 0 0 0 0 0 0 0 0 0 0 0 0 0 0 1 0 0 0 0 0 0 0 13 0 0 0 0 0 3 0 125788 0 0 0 10 0
436 ACA 1 0 0 0 138105 10 10 4 0 0 0 0 4 0 0 0 0 0 0 0 0 0 0 0 0 0 0 0 0 0 0 0 0 0 0 0 25 0 0 0 0 0 0 0 0 0 0 0 0 0 0 0 0 0 0 0 0 0 0 0 0 0 0 0
437 TAT 0 0 0 0 0 0 0 0 0 0 0 0 0 0 0 0 0 0 0 7 0 0 0 0 0 0 0 0 0 0 0 0 0 0 0 2 0 0 0 0 0 0 0 0 0 0 0 0 2 13 0 146810 0 0 0 2 0 0 0 12 0 1 0 1
438 AAT 0 9 3 176373 0 0 0 2 0 0 0 6 0 0 0 0 46 0 3 2 0 0 0 0 0 0 0 0 0 0 0 0 1 0 0 18 0 0 0 0 0 0 0 0 0 0 0 0 0 0 0 0 0 0 0 0 0 0 0 0 0 0 0 0
439 GCA 0 0 0 0 39 0 0 0 0 0 0 0 2 0 0 0 0 0 0 0 0 0 0 0 0 0 0 0 0 2 0 0 1 0 0 0 172820 0 15 3 0 0 0 0 32 0 0 0 0 0 0 0 6 0 0 1 0 0 2 0 0 0 0 0
440 GAA 14 0 0 0 1 0 0 0 0 0 0 0 0 0 0 0 0 0 0 0 0 0 0 0 0 0 0 0 0 0 0 0 177851 2 34 0 0 0 0 0 6 0 0 0 2 0 0 1 1 0 0 0 0 0 0 0 0 0 0 0 0 0 0 0
441 TTG 0 0 0 0 1 0 0 0 0 0 0 0 0 0 5 0 0 0 0 1 0 0 0 0 0 0 0 0 0 0 11 0 0 0 0 0 0 0 0 0 0 0 0 0 1 0 4 0 0 0 2 0 0 0 5 1 0 0 1 0 43 0 180838 1
442 TTA 0 0 0 0 0 0 0 0 0 0 0 0 0 2 1 0 0 0 0 0 0 0 0 0 0 0 0 0 5 0 0 11 0 0 0 0 0 0 0 0 0 0 0 0 3 0 0 8 0 0 0 0 8 0 0 0 0 0 0 0 179949 4 33 4
443 GTT 0 0 0 0 0 0 0 0 0 0 0 0 0 0 0 22 0 0 0 0 0 0 0 0 0 0 0 0 0 0 0 0 0 0 0 1 0 0 0 7 0 0 0 3 1 18 2 179634 0 0 0 0 0 0 0 0 0 0 0 0 0 0 0 6
444 CTA 0 0 0 0 0 0 0 0 0 0 0 0 1 0 0 0 2 0 0 0 15 0 0 0 0 0 0 0 179524 0 22 3 0 0 0 0 0 0 0 0 0 0 0 0 3 0 0 0 0 0 0 0 0 0 0 0 0 0 0 0 10 0 2 0
445 CTG 0 0 0 0 0 0 0 0 0 0 0 0 1 0 10 0 0 0 6 0 0 0 40 0 0 0 2 0 19 0 177227 7 0 0 0 0 0 0 0 0 0 0 0 0 0 0 1 0 0 0 0 0 0 0 0 0 0 0 0 0 7 0 27 0
446 GAA 11 0 0 0 0 0 0 0 0 0 0 0 0 0 0 0 1 0 0 0 0 0 0 0 0 0 0 0 0 0 0 0 181285 1 41 0 0 0 0 0 16 0 0 0 0 0 0 0 3 0 0 0 0 0 0 0 0 0 0 0 0 0 0 0
447 AAT 2 37 1 182478 0 0 0 1 0 0 0 13 0 0 0 0 0 0 0 1 0 0 0 0 0 0 0 0 0 0 0 0 0 0 0 13 0 0 0 0 0 0 0 0 0 0 0 0 0 0 0 2 0 0 0 0 0 0 0 0 0 0 0 0
448 GAA 21 0 0 0 0 0 0 0 0 0 0 0 0 0 0 0 0 0 0 0 0 0 0 0 0 0 0 0 0 0 0 0 181787 0 16 0 0 0 0 0 28 0 0 0 3 0 0 0 2 0 0 0 0 0 0 0 0 0 0 0 0 0 0 0
449 AGG 0 0 31 0 0 0 0 0 32 0 181089 9 0 0 10 0 0 0 0 0 0 0 0 0 16 0 10 0 0 0 0 0 0 0 0 0 0 0 0 0 0 0 51 0 0 0 0 0 0 0 0 0 0 0 0 0 0 0 6 0 0 0 0 0
450 ACT 0 0 0 3 1 35 4 182045 0 0 0 1 0 0 0 6 0 0 0 0 0 0 0 0 0 0 0 0 0 0 0 0 0 0 0 0 0 0 0 13 0 0 0 0 0 0 0 0 0 0 0 0 0 0 0 1 0 0 0 0 0 0 0 0
451 TTG 0 0 0 0 0 0 0 0 0 0 0 0 0 0 0 0 0 0 0 0 0 0 0 0 0 0 0 0 0 0 8 25 0 0 0 0 0 0 0 0 0 0 0 0 0 0 0 0 0 0 1 0 0 0 9 0 0 0 2 0 7 1 182137 3
452 GAT 0 0 0 11 0 0 0 0 0 0 0 0 0 0 0 0 0 0 0 0 0 0 0 0 0 0 0 0 0 0 0 0 0 14 0 181098 0 0 0 0 1 0 0 28 0 0 0 0 0 0 0 1 0 0 4 0 0 0 0 0 0 0 0 0
453 TTC 0 0 0 0 0 0 0 0 0 0 0 0 0 0 0 0 0 0 0 0 0 0 0 0 0 0 0 0 0 10 0 0 0 0 0 0 0 0 0 0 0 0 0 0 0 0 0 0 0 0 0 0 0 11 0 0 0 3 0 0 6 181014 0 15
454 CAT 0 0 0 10 0 0 0 0 0 0 0 0 0 0 0 0 1 21 4 181777 0 0 0 1 0 0 0 23 0 0 0 0 0 0 0 1 0 0 0 0 0 0 0 0 0 0 0 0 0 0 0 9 0 0 0 0 0 0 0 0 0 0 0 0
455 GAC 0 17 0 0 0 0 0 0 0 0 0 0 0 0 0 0 0 0 0 0 0 0 0 0 0 0 0 0 0 0 0 0 21 182325 0 26 0 0 0 0 0 20 0 0 0 1 0 0 0 2 0 0 0 0 0 0 0 0 0 0 0 0 0 0
456 TTA 1 0 0 2 5 0 14 0 0 0 43 0 7 0 0 0 0 0 0 1 0 0 0 0 0 0 2 13 25 3 0 0 0 1 0 0 0 0 0 0 0 1 0 0 12 0 2 9 3 0 0 0 17 0 0 0 0 0 0 2 180772 3 48 1
457 AAT 2 6 3 181785 0 0 0 6 0 0 0 4 0 0 0 0 2 0 0 0 0 0 0 0 0 0 0 0 0 0 0 0 0 0 0 14 0 0 0 0 0 0 0 0 0 0 0 0 0 0 0 1 0 0 0 0 0 0 0 0 0 0 0 0
458 GTG 0 0 0 0 0 0 0 0 0 0 0 0 0 0 13 0 0 0 0 0 0 0 0 0 0 0 0 0 0 0 0 0 0 0 0 0 0 0 9 0 0 0 1 0 38 3 181535 8 0 0 0 0 0 0 0 0 0 0 0 0 0 0 0 0
459 AAG 37 0 181934 4 0 0 4 0 0 0 20 0 0 0 2 0 0 0 2 0 0 0 0 0 0 0 0 3 0 0 0 0 0 0 14 0 0 0 0 0 0 0 0 0 0 0 0 0 0 0 2 0 0 0 0 0 0 0 0 0 2 0 0 0
460 AAT 4 37 1 181710 0 3 0 2 0 0 1 17 0 0 0 0 2 0 0 0 0 0 0 0 0 0 0 0 0 0 0 0 0 0 0 17 0 4 2 0 0 0 0 0 0 0 0 0 0 0 0 0 0 0 0 8 0 0 0 0 0 0 0 0
461 CTG 0 0 0 0 0 0 0 0 0 0 0 0 0 0 4 0 0 0 1 0 0 0 6 0 0 0 1 0 31 0 182150 2 0 0 0 0 0 0 0 0 0 0 0 0 0 0 0 0 0 0 0 0 0 0 0 0 0 0 0 0 0 0 7 0
462 TAC 0 0 0 0 0 0 0 0 0 0 0 0 0 0 0 0 0 14 0 0 0 0 0 0 0 0 0 0 0 0 0 0 0 0 0 0 0 0 0 0 0 0 0 0 0 0 0 0 2 182260 1 28 0 1 0 0 0 23 0 0 0 1 0 0
463 GAG 0 0 20 0 0 0 0 0 0 0 0 1 0 0 0 0 0 0 0 0 0 0 0 0 0 0 0 0 0 0 0 0 37 8 181910 10 0 0 0 0 0 0 28 0 0 0 0 0 0 0 3 0 0 0 1 1 0 0 0 0 0 0 0 0
464 AAA 182714 4 31 1 1 0 0 0 6 0 0 0 0 0 0 2 4 0 0 0 0 0 0 0 0 0 0 0 0 0 0 0 9 0 1 0 0 0 0 0 0 0 0 0 0 0 0 0 0 0 0 0 0 0 0 0 0 0 0 0 0 0 0 0
465 GTA 0 0 0 0 0 2 0 0 0 0 0 0 19 0 0 0 0 0 0 0 0 0 0 0 0 0 0 0 0 0 0 0 2 0 0 0 11 0 0 0 0 0 0 0 182177 3 15 20 0 0 0 0 0 0 0 0 0 0 0 0 1 0 0 0
466 AAA 182143 7 29 1 2 0 0 0 14 0 0 0 1 0 0 0 1 0 0 0 0 0 0 0 0 0 0 7 0 0 0 0 5 0 0 0 0 0 0 0 0 0 0 0 0 0 0 0 2 0 0 0 0 0 0 0 0 0 0 0 0 0 0 0
467 AGC 0 57 1 0 11 0 0 0 1 181603 0 104 0 8 0 0 3 0 0 0 0 0 0 0 2 0 0 0 0 0 0 0 0 0 0 0 0 0 1 0 0 61 5 0 0 3 0 12 0 0 0 0 0 0 0 1 0 3 0 0 0 0 1 0
468 CAA 2 0 0 0 17 1 0 1 0 1 0 1 21 1 25 0 182397 3 16 1 0 0 0 0 10 0 2 0 6 1 0 0 0 0 0 2 0 3 1 0 0 0 0 0 5 1 0 2 0 0 0 0 14 0 0 1 0 0 0 0 0 0 0 0
469 TTA 0 0 0 0 0 0 0 0 0 0 0 0 4 0 0 1 0 0 0 0 0 0 0 0 0 0 0 0 16 0 0 0 0 0 0 0 0 0 0 0 0 0 0 0 2 0 0 0 0 0 0 0 8 0 0 0 2 0 0 0 182432 0 17 0
470 AAG 28 0 181814 29 0 0 2 0 2 0 25 0 0 0 4 0 0 0 2 0 0 0 0 0 0 0 0 0 0 0 0 0 0 0 11 1 0 0 0 0 0 0 0 0 0 0 0 0 0 0 0 0 0 0 0 0 0 0 0 0 0 0 0 0
471 AAT 0 10 1 182126 0 3 1 14 0 10 0 14 0 0 1 0 4 0 1 2 0 0 0 0 0 0 0 0 0 0 0 0 0 0 0 14 4 1 0 0 0 0 0 0 0 0 0 0 0 0 0 1 2 0 0 1 0 0 0 0 0 1 0 0
472 AAT 2 5 1 181850 0 0 0 0 0 0 0 18 0 0 0 0 0 0 1 2 0 0 0 0 0 0 0 0 0 0 0 0 0 0 0 29 0 0 0 0 0 0 0 0 0 0 0 0 0 0 0 0 0 0 0 0 0 0 0 0 0 0 0 0
473 GCC 0 0 0 0 0 42 0 0 0 0 0 0 0 0 0 0 0 0 0 0 0 1 0 0 0 0 0 0 0 0 0 0 0 5 0 0 10 181568 2 21 0 1 0 2 0 18 18 4 0 0 0 0 0 2 0 0 0 0 0 0 0 0 0 0
474 AAA 180822 5 28 4 0 0 0 0 28 0 7 0 5 0 17 0 32 0 1 0 0 0 0 0 0 0 3 1 1 10 18 0 72 0 0 0 19 7 0 0 0 1 0 0 2 5 7 2 2 110 0 1 0 0 0 0 0 0 3 0 128 147 65 23
475 GAA 10 0 0 0 0 0 0 0 0 0 0 0 7 0 0 0 0 0 0 0 0 0 0 0 0 0 0 0 0 0 0 0 181311 1 10 0 0 0 1 0 5 0 0 0 1 0 0 0 0 0 0 0 0 0 0 0 0 0 0 0 0 0 0 0
476 ATC 0 11 20 0 1 46 0 5 0 1 1 0 6 149671 53 29 9 0 2 0 0 0 0 0 0 0 0 0 8 2 0 1 0 0 1 0 0 0 0 0 0 1 0 0 6 8 0 1 0 0 0 0 1 0 6 0 0 0 0 1 1 2 2 0
477 GGA 0 0 0 0 0 0 0 0 13 0 0 0 0 0 0 0 3 0 0 0 0 0 0 0 1 0 0 0 1 0 0 0 7 0 0 0 0 0 0 0 149723 2 41 0 0 0 0 0 0 0 0 1 0 0 0 0 2 0 0 0 0 0 0 4
478 AAT 3 6 5 145226 0 0 0 0 0 0 0 6 0 0 0 2 0 0 0 2 0 0 0 0 0 0 0 0 0 0 0 0 0 0 0 7 0 0 0 0 0 0 0 0 0 0 0 0 0 0 0 0 0 0 0 0 0 0 0 0 0 0 0 0
479 GGG 0 0 0 0 0 0 0 0 0 0 11 0 0 0 0 0 0 0 0 0 0 0 0 0 0 0 0 1 0 0 0 0 0 0 13 0 0 0 0 0 28 3 149788 7 0 0 4 0 0 0 0 0 0 0 0 0 0 0 4 0 0 0 0 0
480 TGT 0 0 0 0 0 0 0 0 0 0 0 1 0 0 0 0 0 0 0 0 0 0 0 0 0 0 0 5 0 0 0 0 0 0 0 0 0 0 0 0 0 0 0 1 0 0 0 0 0 0 0 26 0 0 0 0 0 24 5 148466 0 0 0 1
481 TTT 0 0 0 0 0 0 0 0 0 0 0 0 0 0 1 1 0 0 0 0 0 3 0 2 0 0 0 0 0 18 0 10 0 0 0 0 0 0 0 0 0 0 0 0 0 0 0 3 0 0 0 5 0 0 0 10 0 0 0 2 3 12 4 149718
482 GAG 1 0 21 0 0 0 0 0 0 0 0 0 0 2 0 0 0 0 0 0 0 0 0 0 0 2 0 2 0 0 0 0 24 0 149918 3 0 0 0 4 0 1 31 1 0 1 5 0 0 2 3 0 4 0 0 0 0 0 0 0 0 0 0 0
483 TTC 0 0 0 0 0 0 0 0 0 0 0 0 0 1 0 0 0 0 0 0 0 0 0 0 0 0 0 0 0 8 0 0 0 0 0 0 0 0 0 0 0 0 0 0 0 1 0 0 0 0 0 0 0 5 0 0 0 1 0 0 0 149937 0 31
484 TAC 0 5 0 0 0 0 0 0 0 0 0 0 0 0 0 0 0 40 0 0 0 0 0 0 0 0 0 0 0 0 15 0 0 3 0 0 0 0 0 0 0 0 0 0 0 0 0 0 2 148993 0 21 0 0 0 0 0 28 2 0 4 0 12 0
485 CAC 0 2 0 0 0 0 0 0 0 0 0 0 0 0 0 0 0 149580 2 3 0 1 0 0 0 3 0 0 0 0 0 0 0 0 0 0 0 0 0 0 0 0 0 0 0 0 0 0 0 4 0 0 0 0 0 0 0 0 0 0 0 0 0 0
486 AAG 7 0 149531 6 0 0 5 0 1 0 23 1 5 1 2 0 0 0 8 0 0 0 0 0 0 0 2 6 0 2 0 0 0 0 13 0 6 0 0 0 0 0 0 0 4 10 0 0 0 0 0 0 0 1 3 0 0 0 0 0 0 0 2 0
487 TGT 0 0 0 0 0 0 0 0 0 0 0 1 0 0 0 0 0 0 0 0 0 0 0 0 0 0 0 11 0 0 0 0 0 0 0 0 0 0 0 0 0 0 0 0 0 0 0 0 0 0 0 11 0 0 0 0 0 6 0 150285 0 0 0 1
488 GAC 0 37 0 0 0 0 0 0 0 1 0 0 0 0 0 4 0 0 0 0 0 0 0 0 0 0 0 0 0 0 0 0 4 149928 0 8 0 2 0 0 0 45 0 0 0 0 0 0 0 2 0 0 0 0 0 4 0 0 0 0 0 0 0 0
489 AAT 1 9 0 150263 0 0 0 2 0 0 0 8 0 0 0 1 0 0 0 0 0 0 0 0 0 0 0 0 0 0 0 0 0 0 0 18 0 0 0 0 0 0 0 0 0 0 0 0 0 0 0 1 0 0 0 0 0 0 0 0 0 0 0 0
490 GAA 18 0 2 0 9 0 0 0 0 2 0 1 0 0 8 0 0 0 0 0 0 0 0 1 1 0 0 0 0 0 0 0 149176 4 9 1 3 0 6 0 11 0 0 5 0 0 0 12 2 3 0 1 0 3 2 0 0 0 2 0 9 0 0 0
491 TGC 0 0 0 0 0 0 0 0 0 4 0 0 0 0 0 0 0 0 0 0 0 0 0 0 0 4 0 0 0 0 0 0 0 0 0 0 0 0 0 0 0 0 0 0 0 0 0 0 0 12 0 0 0 1 0 0 2 149618 0 38 0 3 0 0
492 ATG 0 0 0 0 0 0 6 0 0 0 1 0 68 1 147652 10 0 0 0 0 0 0 0 0 0 0 0 0 0 0 4 0 0 0 0 0 0 0 0 0 0 0 0 0 2 0 9 0 0 0 0 0 0 0 0 0 0 0 0 0 0 0 0 0
493 GAA 27 6 0 0 0 0 0 0 0 0 0 1 0 0 0 0 3 1 0 0 0 0 0 0 0 0 0 0 0 0 0 0 149092 10 11 3 0 4 0 0 78 20 0 50 0 0 0 0 0 0 0 0 13 5 6 0 0 0 0 0 0 0 0 0
494 AGT 0 0 0 22 0 0 1 5 2 4 1 150119 0 0 0 3 0 0 0 0 0 0 0 0 0 0 0 3 0 0 0 0 2 0 15 0 0 0 0 0 0 0 0 10 0 0 0 0 0 0 0 0 0 0 3 0 0 0 0 1 0 0 0 0
495 GTA 0 0 0 0 0 0 0 0 0 0 0 0 36 0 0 0 0 0 0 0 0 0 0 0 0 0 0 0 0 0 0 0 0 0 0 0 16 0 0 0 0 0 0 0 149552 2 34 12 0 0 0 0 0 0 0 0 0 0 0 0 3 0 0 0
496 AGA 29 0 0 0 0 0 0 0 149826 1 28 0 2 0 1 0 0 0 0 0 0 0 0 0 2 0 1 0 0 0 0 0 0 0 0 0 0 0 0 0 23 0 0 0 0 0 0 0 0 0 0 0 0 0 0 0 0 0 0 0 0 0 0 0
497 AAT 9 7 4 149747 0 0 4 34 1 2 0 49 13 0 14 1 2 0 0 3 0 0 0 0 0 2 0 0 13 8 10 16 31 0 1 27 1 0 10 0 0 0 0 10 2 16 23 7 0 0 0 0 4 135 1 33 0 2 0 0 4 0 4 0
498 GGG 0 0 0 0 0 0 0 0 0 0 10 0 0 0 0 0 0 0 0 1 0 0 0 0 0 0 0 0 0 0 0 0 2 0 11 0 0 2 0 4 25 3 149822 10 0 0 5 0 0 0 0 1 0 0 0 0 0 0 6 0 0 0 0 0
499 ACT 6 0 0 7 0 13 0 149509 0 0 0 1 0 0 8 17 26 0 0 0 0 0 0 0 13 0 0 0 12 0 0 2 0 0 4 1 7 0 0 35 0 0 0 0 113 0 0 0 0 0 0 0 0 0 15 12 0 0 0 0 2 9 0 9
500 TAT 0 0 0 0 0 0 0 0 0 0 0 0 0 0 0 0 0 0 0 22 0 0 0 0 0 0 0 0 0 0 0 0 0 0 0 0 0 0 0 0 0 0 0 0 0 0 0 0 0 2 0 150381 0 0 0 1 0 0 0 10 0 0 0 2
501 GAT 1 0 0 16 0 0 0 0 3 0 0 0 0 1 0 0 0 0 0 0 0 0 0 0 0 0 0 0 9 0 5 0 1 15 0 148761 1 0 0 2 0 0 0 5 0 0 0 3 0 0 0 2 1 0 5 0 0 2 0 0 0 0 0 0
502 TAT 0 0 0 2 0 0 0 0 0 0 0 0 0 0 0 0 0 0 0 9 0 0 0 1 0 0 0 0 0 0 0 0 0 0 0 3 0 3 0 0 0 0 0 1 0 0 4 0 0 7 0 149836 0 0 0 1 0 0 3 7 0 0 0 1
503 CCA 0 5 0 1 4 0 2 2 0 0 0 0 2 0 0 0 6 0 0 0 149079 32 18 4 1 2 0 1 9 0 1 0 0 0 0 0 6 0 0 0 0 2 0 0 0 0 14 1 0 0 0 2 6 0 0 1 0 0 0 0 0 1 0 0
504 AAA 149492 3 17 1 4 0 0 0 9 0 7 0 3 0 0 1 0 8 3 16 0 0 0 0 1 1 0 0 0 0 0 0 3 0 0 0 0 1 0 0 0 0 1 5 0 0 1 0 0 1 0 0 0 0 0 15 0 0 1 0 0 0 3 0
505 TAT 0 0 0 1 0 0 0 0 0 0 0 0 0 0 0 0 0 0 0 14 0 0 0 0 0 0 0 0 0 0 0 0 0 0 0 0 0 0 0 0 0 0 0 0 0 0 0 0 0 11 1 149809 0 0 0 0 0 0 0 9 0 1 0 0
506 TCA 0 0 3 0 2 0 0 0 0 3 0 0 0 0 0 0 0 0 0 1 11 0 0 0 0 4 1 0 0 0 1 0 2 0 3 0 0 0 1 0 0 0 0 0 2 4 0 0 2 0 0 1 149388 0 71 2 0 0 1 2 15 0 5 9
507 GAA 15 0 0 1 1 0 0 0 1 0 0 0 0 0 0 0 0 0 0 0 0 1 0 0 24 0 1 0 0 3 4 0 149762 45 10 2 5 0 19 0 14 0 1 4 5 0 12 1 0 0 0 1 0 0 0 0 0 0 11 0 0 0 8 0
508 GAA 13 0 0 0 0 0 0 0 0 0 0 0 0 3 0 27 0 0 5 0 0 0 0 0 0 3 0 0 0 0 0 1 149480 2 10 0 0 2 6 9 8 0 0 0 1 0 0 2 3 0 0 0 1 0 0 0 0 0 0 0 2 0 13 0
509 TCA 0 0 0 0 0 0 2 0 0 0 0 8 6 2 0 0 0 0 0 0 5 0 0 0 0 0 0 0 0 1 4 0 0 0 0 0 3 0 9 0 0 0 0 0 1 2 13 15 2 0 0 0 150070 6 39 34 0 0 0 8 4 0 0 0
510 AAG 26 0 149253 2 0 0 16 0 1 0 33 8 0 2 5 0 0 0 2 0 0 0 0 0 3 0 0 9 0 14 3 12 0 0 22 1 0 0 0 0 0 1 0 0 0 0 0 0 0 34 0 3 1 0 0 0 0 0 2 0 67 0 2 0
511 TTG 0 0 1 0 0 0 0 0 0 0 0 2 0 0 3 0 0 2 0 0 0 0 0 0 0 0 0 0 6 0 5 1 3 0 0 0 0 16 1 3 0 1 1 0 0 0 4 0 0 0 0 0 0 0 7 0 0 3 0 1 44 3 149103 4
512 AAC 21 149069 3 17 0 7 0 0 0 100 0 0 0 1 0 0 0 0 1 6 0 0 0 0 0 2 2 0 0 6 0 3 1 19 0 0 0 0 0 0 0 1 0 5 0 13 0 5 0 2 0 1 0 5 0 0 0 0 0 0 0 0 0 0
513 AGG 0 0 15 0 0 0 0 0 45 0 125608 4 0 0 14 7 0 0 0 0 0 0 0 0 0 1 35 2 4 0 2 0 0 0 0 6 3 0 0 0 0 0 42 0 0 0 0 0 0 0 0 0 0 2 0 0 0 0 15 0 0 0 0 0
514 GAA 20 0 0 0 0 0 0 0 0 0 0 0 0 0 0 0 1 0 2 0 0 0 1 0 0 6 4 0 1 0 0 0 149278 2 13 3 0 0 0 2 26 0 0 0 1 3 0 0 1 0 0 0 0 3 4 0 0 0 0 0 0 0 0 1
515 AAG 62 0 149366 12 16 0 2 7 3 0 65 9 0 0 3 0 0 0 1 7 0 0 24 29 0 0 0 0 0 0 0 0 0 0 14 12 13 0 13 0 0 1 0 0 0 6 6 0 0 0 0 0 0 0 0 0 0 0 0 0 0 0 0 16
516 ATA 4 0 0 0 5 0 0 0 1 0 0 0 149193 5 30 12 0 0 0 0 0 0 0 0 0 0 0 0 0 2 0 0 0 0 0 0 0 0 0 0 0 0 0 0 9 2 0 0 0 0 0 0 0 0 0 0 0 0 0 0 1 0 0 0
517 GAT 3 0 0 22 0 1 0 0 5 11 2 4 10 0 0 4 0 0 0 0 0 0 0 0 0 0 0 0 0 7 0 0 4 25 6 149108 50 0 0 2 0 0 0 5 1 6 0 9 0 0 0 3 1 0 1 0 0 0 6 0 0 0 6 1
518 GGA 8 0 3 0 18 12 23 12 22 1 0 1 13 2 14 0 0 3 0 0 3 5 0 0 1 3 0 26 0 2 0 1 32 0 1 0 10 6 1 3 148054 10 47 5 4 85 7 0 0 0 0 6 13 0 0 19 0 0 4 1 1 0 2 9
519 GTG 0 0 0 0 0 0 0 0 0 0 0 0 0 0 23 0 0 0 0 0 0 0 0 0 0 0 0 0 1 0 1 0 0 0 1 0 0 0 13 2 0 0 2 0 22 0 148596 10 0 0 0 0 0 0 0 0 0 0 0 0 2 0 3 1
520 AAA 149107 21 6 3 3 2 2 0 12 4 0 0 0 1 0 0 3 4 0 7 0 0 2 0 1 0 2 0 0 0 0 0 34 1 4 0 0 0 0 0 2 1 0 0 1 0 0 1 1 0 0 0 0 1 0 2 0 0 0 0 0 1 0 0
521 TTG 0 0 0 0 9 0 0 0 0 0 0 0 25 0 10 0 0 0 0 0 0 0 0 0 0 0 0 0 0 0 6 0 0 0 0 0 0 0 0 0 0 0 0 0 0 1 8 0 0 0 1 0 0 0 4 0 0 0 14 0 17 0 147434 12
522 GAA 9 0 0 3 0 3 0 0 2 0 0 0 0 0 0 0 7 0 0 0 0 0 0 0 0 0 0 0 0 0 0 0 147567 4 15 0 1 0 0 0 53 0 0 0 0 0 0 0 3 2 0 0 0 16 0 0 0 0 4 0 0 0 0 0
523 TCA 0 0 0 5 1 0 0 1 1 0 0 0 1 1 0 0 3 0 0 2 19 1 0 0 0 0 2 0 0 0 0 0 0 0 4 1 0 0 0 0 0 0 1 0 0 0 0 0 1 0 0 1 146262 0 8 1 1 0 0 0 7 1 0 0
524 ATG 0 0 1 0 0 0 3 0 0 0 5 0 31 0 79090 6 0 0 0 0 0 0 0 0 0 0 0 0 1 0 0 16 0 0 0 0 0 0 0 0 2 0 0 0 0 2 7 3 0 0 0 0 1 0 0 0 0 0 1 0 0 0 0 1
525 GGG 0 0 0 0 0 0 0 0 0 2 6 0 0 0 0 0 0 0 0 0 0 0 0 0 0 0 0 0 0 0 1 0 0 0 9 4 0 0 0 1 11 0 82597 3 1 0 0 0 0 0 0 0 0 0 1 0 0 0 3 0 0 1 0 0
526 GTG 0 0 0 0 0 0 0 0 0 1 0 0 1 0 57 0 0 0 0 0 0 1 0 0 0 0 0 0 10 0 0 1 6 0 0 0 0 0 4 0 0 1 0 0 70 0 91496 19 0 1 0 0 0 0 0 0 0 0 3 0 6 3 6 0
527 TAT 0 0 0 1 0 0 0 0 0 0 0 1 1 0 0 1 0 0 7 27 0 0 0 0 0 0 0 0 0 0 0 0 12 0 0 0 0 0 0 0 0 0 0 0 0 0 0 1 0 16 0 72605 0 0 0 0 0 0 0 3 0 0 0 2
528 CAG 0 0 1 0 0 0 0 0 0 0 0 0 0 0 0 0 6 8 92238 3 0 0 1 0 0 0 30 0 0 0 0 0 0 2 1 0 0 0 0 0 0 0 0 0 0 0 0 0 0 0 4 0 0 0 0 0 0 0 0 0 0 0 0 0
529 ATT 0 0 1 0 0 0 0 4 0 0 0 3 0 0 1 96383 0 0 0 0 0 0 0 0 0 0 0 0 0 0 1 1 0 0 0 0 0 0 0 0 0 0 0 0 0 0 0 3 0 0 0 0 0 0 0 0 0 0 1 0 0 0 0 0
530 CTG 0 0 0 0 0 0 0 0 0 0 0 0 0 0 7 0 0 0 0 0 0 0 14 0 0 0 2 0 0 0 117947 0 0 0 0 0 0 0 1 0 0 0 0 0 0 0 0 0 0 0 0 0 0 0 0 2 0 0 1 0 0 0 5 0
531 GCG 1 0 0 0 0 0 0 0 0 0 0 0 0 0 0 0 0 0 0 0 0 0 0 0 0 0 0 0 0 0 0 0 0 0 0 0 10 1 120943 1 0 1 0 0 0 1 31 0 0 0 0 0 0 0 2 0 0 0 0 0 0 0 0 0
532 ATC 0 1 0 0 0 8 0 0 0 0 0 0 6 127540 2 1 0 0 0 0 0 0 0 0 0 0 0 0 0 0 0 0 0 0 0 0 0 0 0 0 0 0 0 0 0 22 0 0 0 0 0 0 0 0 0 0 0 0 0 0 0 3 0 0
533 TAC 0 1 0 0 0 0 0 0 0 0 0 0 0 0 0 0 0 33 0 0 0 0 0 0 0 0 0 0 1 0 0 0 0 0 0 0 0 0 0 0 0 0 0 0 0 0 0 0 3 141365 0 11 0 0 0 0 0 4 0 0 0 0 0 0
534 TCA 0 0 0 0 3 0 0 0 0 0 0 0 0 0 0 0 0 0 0 0 19 0 0 0 0 0 0 0 1 0 0 0 0 0 0 0 0 0 0 0 0 0 0 0 0 0 0 0 2 0 0 0 141716 3 11 4 1 0 0 0 2 0 0 0
535 ACT 0 0 0 4 4 14 0 128121 0 0 0 1 0 0 0 8 0 0 0 0 0 0 0 0 0 0 0 0 0 0 0 0 0 0 0 0 0 0 0 12 0 0 0 3 0 0 0 0 0 0 0 0 0 0 0 1 0 0 0 0 0 0 0 0
536 GTC 0 0 0 0 0 0 0 0 0 0 0 0 0 32 0 0 0 0 0 0 0 0 0 0 0 0 0 0 0 1 0 0 0 1 0 0 0 6 0 0 0 0 0 0 2 125877 0 7 0 0 0 0 0 0 0 0 0 0 0 0 0 2 0 0
537 GCC 0 0 0 0 0 36 0 0 0 0 0 0 0 0 0 0 0 0 0 0 0 0 0 0 0 0 0 0 0 0 0 0 0 0 0 0 0 146883 0 16 0 0 0 0 0 7 0 0 0 0 0 0 0 0 0 1 0 0 0 0 0 0 0 0
538 AGT 0 0 0 29 0 0 0 2 0 12 0 146947 0 0 0 8 0 0 0 0 0 0 0 0 0 0 0 2 0 0 0 0 0 0 0 0 0 0 1 18 0 0 0 11 0 0 0 0 0 0 0 0 1 1 5 0 0 2 0 5 0 0 0 0
539 TCA 0 0 0 0 2 1 0 0 0 3 0 0 0 0 0 0 0 0 0 0 8 0 0 0 0 0 0 0 0 0 0 0 0 0 0 0 1 0 0 0 0 0 0 0 0 0 0 0 3 0 0 0 144785 6 14 29 5 0 0 0 11 0 0 0
540 CTG 0 0 0 0 0 2 0 1 0 0 0 0 0 0 8 0 0 0 0 0 0 0 11 0 0 0 2 0 51 1 147413 7 0 0 0 0 0 0 6 0 0 0 0 0 1 2 2 0 0 0 0 0 0 0 1 1 1 0 0 0 0 0 11 26
541 GTG 0 0 0 0 0 0 0 0 0 0 0 0 1 0 18 29 0 0 0 0 0 0 0 0 0 0 0 0 0 0 0 2 0 0 2 0 0 0 0 0 0 0 0 0 44 4 148216 27 0 0 0 0 0 0 0 0 0 0 0 0 0 0 0 0
542 CTT 0 0 0 0 3 0 0 0 0 0 0 0 5 1 4 3 0 0 0 0 0 0 0 35 0 0 0 3 5 14 21 149085 0 0 0 0 0 0 3 1 0 0 0 0 1 0 3 0 0 0 0 0 0 0 0 0 0 0 0 0 4 0 0 52
543 TTG 0 0 0 0 0 0 0 0 0 0 0 1 4 0 0 0 0 0 0 0 0 0 0 0 0 0 0 0 0 0 9 0 0 0 0 0 2 0 9 6 0 0 0 0 10 0 0 0 0 12 3 0 4 0 11 0 0 0 21 0 6 0 149460 5
544 GTC 0 0 0 0 0 0 0 0 0 0 0 0 0 20 0 0 0 0 0 0 0 0 0 0 0 0 0 0 0 0 0 0 0 0 0 0 0 5 0 0 0 0 0 0 1 147140 1 15 0 0 0 0 0 0 0 0 0 0 0 0 0 1 0 0
545 TCC 0 0 0 0 0 2 0 0 0 0 0 0 0 0 0 0 0 0 0 0 0 40 0 0 0 0 0 0 0 0 0 2 0 0 0 0 0 3 0 0 0 0 0 0 0 0 0 0 0 2 0 0 10 149551 6 7 0 0 0 0 0 2 0 0
546 CTG 0 0 0 0 0 0 0 0 0 0 0 0 0 0 2 0 0 0 1 0 0 0 29 0 0 0 3 0 15 0 144737 1 0 0 0 0 0 0 0 0 0 0 0 0 0 0 0 0 0 0 0 0 0 0 0 0 0 0 0 0 0 0 7 0
547 GGG 0 0 0 0 0 0 0 0 0 0 7 0 0 0 0 0 0 0 0 0 0 0 0 0 0 0 0 0 0 0 0 0 0 0 4 0 0 0 1 0 2 0 146625 2 0 0 4 0 0 0 0 0 0 0 0 0 0 0 2 0 0 0 0 0
548 GCA 0 0 0 0 56 0 0 0 0 0 0 0 0 0 0 0 0 0 0 0 1 0 0 0 0 0 0 0 0 0 0 0 3 0 0 0 149152 0 7 2 2 0 0 0 16 0 0 0 0 0 0 0 1 0 0 0 0 0 0 0 0 0 0 0
549 ATC 0 2 0 0 0 31 0 0 0 1 0 0 1 149598 0 4 0 0 0 0 0 0 0 0 0 0 0 0 0 1 0 0 0 0 0 0 0 3 0 0 0 0 0 0 0 12 0 0 0 0 0 0 0 0 0 0 0 0 0 9 0 7 0 0
550 AGT 0 2 0 19 0 0 0 0 0 13 0 149622 0 0 0 13 0 0 0 0 0 0 0 0 0 0 0 1 0 0 8 0 0 0 0 0 0 0 0 0 0 0 0 16 0 0 0 0 0 0 0 0 0 6 0 0 0 7 0 3 0 1 0 0
551 TTC 0 0 0 0 0 0 2 0 0 0 0 1 0 0 0 1 0 0 0 0 0 0 0 0 0 0 0 0 0 8 1 1 0 0 0 0 0 0 1 0 0 0 0 0 1 5 0 0 0 2 0 0 0 13 0 0 0 0 0 0 10 148800 9 12
552 TGG 0 0 0 0 0 0 0 0 0 0 3 0 0 0 0 0 0 0 0 0 0 0 0 0 0 0 11 0 0 0 0 0 0 0 0 0 0 2 0 0 0 0 9 0 0 0 0 0 0 6 9 1 0 0 0 0 31 0 149424 0 0 2 2 1
553 ATG 0 0 2 0 0 0 2 0 0 0 0 0 4 0 149680 2 0 0 0 0 0 0 0 0 0 0 0 0 0 0 1 0 0 0 0 0 0 11 5 1 0 0 0 31 0 0 20 0 0 0 0 0 1 0 2 0 0 0 0 0 0 0 2 0
554 TGT 0 0 0 0 0 0 0 0 0 0 0 1 0 0 1 0 0 0 0 0 0 0 0 0 0 0 0 7 3 0 2 0 0 0 0 0 1 0 0 0 0 0 0 1 0 0 0 0 0 0 0 13 0 0 0 0 0 33 4 149527 0 0 1 5
555 TCT 0 0 0 2 0 1 0 1 0 0 0 42 1 0 8 0 4 0 0 0 0 0 0 4 0 0 0 0 2 0 0 0 2 0 0 0 0 0 9 3 0 0 0 0 0 0 1 0 0 0 0 4 0 11 5 149945 0 0 0 1 14 0 0 5
556 AAT 0 12 6 149729 0 2 0 3 0 0 0 5 16 2 1 0 0 0 0 2 0 0 0 0 0 0 0 0 0 0 0 0 0 0 0 9 0 1 0 0 0 0 0 1 0 7 6 0 0 0 0 1 0 0 0 0 0 0 0 0 0 0 0 0
557 GGG 0 0 0 0 0 0 0 0 0 0 8 0 0 0 0 0 0 0 0 0 0 0 0 0 0 0 0 0 0 0 0 0 0 0 5 0 0 0 4 0 28 0 149296 1 0 0 3 0 0 0 0 0 0 0 0 0 0 0 3 0 0 0 0 0
558 TCT 0 0 0 0 0 0 0 1 0 0 0 0 0 0 2 0 2 0 0 0 0 0 0 11 0 0 0 0 9 0 0 3 0 0 0 0 0 0 0 22 0 0 0 0 0 0 0 0 0 3 0 3 12 6 3 150063 0 0 0 0 0 0 0 11
559 TTG 0 0 0 0 0 0 0 0 0 0 0 0 1 0 2 0 0 0 0 0 0 0 0 0 0 0 0 0 0 0 12 0 0 0 0 0 0 0 0 0 0 0 0 0 0 0 3 0 0 0 4 0 0 0 6 0 0 0 4 1 9 0 149933 5
560 CAG 0 0 4 0 0 0 0 0 0 0 1 0 0 0 0 0 11 0 149904 2 0 0 1 0 0 0 16 0 0 0 1 0 0 0 8 0 0 0 0 0 0 0 0 0 0 0 0 0 0 0 65 0 0 0 0 0 0 0 0 0 0 0 0 0
561 TGC 0 0 0 0 0 0 0 0 0 0 0 0 0 0 0 6 0 0 0 0 0 0 0 0 0 3 0 0 3 0 0 0 0 0 0 0 0 0 0 0 0 1 0 0 0 4 0 0 0 82 0 0 0 0 0 0 2 149597 1 23 0 1 2 0
562 AGA 10 0 0 0 1 0 2 4 149846 2 9 11 1 0 0 0 1 1 0 0 0 0 0 0 7 0 0 4 0 0 0 0 0 0 0 0 0 0 0 0 11 0 0 0 0 3 0 0 0 0 0 0 0 0 0 0 5 0 0 0 0 0 0 0
563 ATA 1 0 0 0 9 0 0 0 0 0 0 0 150270 4 19 1 0 0 0 0 0 0 0 0 0 0 0 0 0 0 0 0 0 0 0 0 0 0 0 0 0 0 0 0 4 0 0 1 0 0 0 0 0 0 0 0 0 0 0 0 0 0 0 0
564 TGC 0 0 0 0 0 0 0 0 0 0 0 0 0 0 0 0 0 0 0 0 0 0 0 0 0 5 0 0 0 0 0 0 0 3 0 0 0 0 0 0 0 0 0 0 0 0 0 0 0 31 0 0 0 0 0 0 2 149798 2 59 0 4 0 0
565 ATC 0 0 0 0 0 6 0 0 0 1 0 0 2 149495 0 6 0 0 0 0 0 0 0 0 0 0 0 0 1 1 0 0 0 0 0 0 0 0 0 0 0 0 0 0 0 5 0 0 0 0 0 0 0 0 0 0 0 0 1 0 1 1 3 0
566 TGA 0 0 0 0 0 0 0 0 4 0 0 0 0 0 0 0 0 0 0 0 0 0 0 0 34 0 0 0 0 0 0 0 0 0 0 0 0 0 0 0 2 0 0 0 0 0 0 0 35 0 0 0 0 0 0 0 149834 1 24 2 2 0 0 0
