# POSITION WT AAA AAC AAG AAT ACA ACC ACG ACT AGA AGC AGG AGT ATA ATC ATG ATT CAA CAC CAG CAT CCA CCC CCG CCT CGA CGC CGG CGT CTA CTC CTG CTT GAA GAC GAG GAT GCA GCC GCG GCT GGA GGC GGG GGT GTA GTC GTG GTT TAA TAC TAG TAT TCA TCC TCG TCT TGA TGC TGG TGT TTA TTC TTG TTT
1 ATG 0 0 3 0 0 0 4 0 0 0 4 0 26 0 208278 2 0 0 0 0 0 0 0 0 0 0 0 0 0 0 3 0 0 0 0 0 0 0 0 0 0 0 0 0 0 0 12 0 0 0 0 0 0 0 0 0 0 0 0 0 0 0 6 0
2 AAG 41 0 207611 13 21 0 33 27 0 3 33 0 16 1 30 2 0 20 52 0 0 4 0 5 2 8 0 5 13 33 2 13 0 0 53 3 0 0 0 0 7 0 0 0 1 0 0 0 0 0 0 29 4 1 11 15 0 0 0 7 0 0 15 0
3 GCA 0 0 0 0 12 1 0 0 10 0 0 0 0 0 0 0 0 0 0 0 0 0 0 0 0 1 0 0 1 0 0 2 6 4 0 0 207676 11 8 6 3 0 0 0 28 0 0 0 0 16 0 0 0 3 0 2 0 1 0 0 0 0 1 0
4 AAA 204160 15 10 0 0 25 1 1 7 0 3 0 14 23 3 0 10 48 14 0 0 0 0 1 0 8 11 2 0 2 1 0 9 0 0 0 0 8 2 0 0 0 0 0 0 0 23 0 0 0 0 0 0 0 21 0 0 0 2 0 2 0 5 1
5 CTA 0 0 0 0 0 0 0 0 0 0 0 0 11 0 0 0 3 0 0 1 24 0 0 0 0 0 0 0 208367 7 48 0 0 0 0 0 3 0 0 0 0 0 0 0 4 0 1 2 0 8 0 0 0 0 0 0 0 0 0 22 14 6 0 0
6 CTG 0 0 0 0 4 0 0 0 1 0 0 0 4 9 17 0 0 0 3 0 0 0 7 0 0 0 1 0 21 14 207780 7 0 0 0 0 4 0 0 0 0 0 0 0 0 0 7 0 0 0 0 6 0 0 0 0 0 0 0 0 0 4 33 0
7 GTC 0 0 0 0 0 0 0 0 0 0 0 0 0 19 0 5 0 0 0 0 0 0 0 0 0 0 0 0 0 11 0 4 0 0 0 0 9 115 0 2 0 0 0 0 19 207380 10 31 0 0 0 0 0 0 0 0 0 0 0 3 0 5 4 0
8 CTG 0 0 0 0 0 0 0 0 0 0 0 0 0 0 9 0 0 0 1 0 0 0 50 0 0 0 2 0 36 3 207968 27 0 0 0 0 0 0 0 0 0 0 0 0 0 0 0 0 0 0 0 0 0 0 0 0 0 0 0 0 0 0 23 0
9 TTA 0 0 1 0 0 0 0 0 0 0 0 0 0 0 4 0 0 0 0 0 0 0 0 0 0 0 0 0 20 0 4 4 0 0 0 0 0 0 0 0 0 0 0 0 8 5 0 5 1 0 0 0 10 0 0 0 0 0 0 0 208150 1 37 5
10 TAT 0 0 0 2 0 0 0 0 2 0 0 0 25 0 0 1 0 0 0 39 0 0 0 0 0 0 0 0 0 0 1 0 0 0 0 0 0 0 0 0 0 0 0 0 0 0 0 0 14 18 0 206890 0 0 0 0 1 0 0 84 1 0 1 0
11 GCA 0 0 0 0 24 0 1 0 0 4 0 1 7 0 1 1 0 1 0 0 0 0 0 0 0 0 0 0 0 0 0 0 3 0 0 0 207601 0 64 53 0 0 0 0 67 2 0 0 0 3 0 0 13 0 1 0 0 0 0 4 4 20 0 74
12 TTT 0 0 0 0 0 6 0 0 0 1 0 0 0 0 0 2 0 0 0 0 0 0 0 0 0 0 0 0 0 0 1 51 0 0 0 0 0 0 0 0 0 0 0 0 10 3 0 23 0 0 0 1 0 0 0 7 0 0 0 3 1 47 8 207441
13 GTA 0 0 0 0 0 9 0 2 0 2 0 0 3 0 2 0 0 0 0 0 0 0 0 0 0 0 0 0 0 0 3 0 2 0 0 0 50 0 0 0 0 0 0 0 208388 3 60 3 0 0 0 0 0 0 0 0 0 0 0 0 4 0 1 0
14 GCT 0 0 0 0 0 1 0 7 0 1 1 0 0 0 0 0 0 0 0 0 0 0 0 0 0 0 0 0 0 0 0 0 0 0 0 5 3 31 1 208337 0 0 0 3 0 0 0 9 0 0 0 0 0 0 0 10 0 0 0 0 0 0 0 0
15 ACA 3 0 0 0 208391 16 71 10 0 0 0 0 17 15 0 0 0 0 0 0 4 0 0 0 0 0 0 0 0 0 0 0 0 0 0 0 19 0 0 0 0 0 0 0 0 0 0 0 0 0 0 0 0 0 0 0 0 0 0 0 0 0 0 0
16 GAT 0 0 0 16 0 0 0 0 0 0 0 0 0 0 0 0 0 0 0 0 0 0 0 0 0 0 0 0 0 0 0 0 6 9 5 208421 0 0 0 15 0 0 0 24 0 0 0 0 0 0 0 5 0 0 0 0 0 0 0 0 0 0 0 0
17 GCA 0 0 0 0 45 0 0 0 0 0 0 0 0 0 0 0 0 0 0 0 0 0 0 0 0 0 0 0 0 0 0 0 5 0 0 0 207280 9 122 22 6 6 0 0 40 0 0 0 0 0 0 0 5 0 0 0 0 0 0 0 0 0 0 0
18 GAC 0 5 0 0 0 0 0 0 0 0 0 0 0 0 0 0 0 0 0 0 0 0 0 0 0 0 0 0 0 0 0 0 5 207666 12 7 0 2 0 0 0 14 0 0 0 0 0 0 0 6 0 0 0 0 0 0 0 0 0 0 0 0 0 0
19 ACA 13 0 2 0 205054 6 68 4 0 0 47 11 4 0 0 0 7 0 2 9 2 0 0 0 0 0 0 4 0 0 0 0 0 0 1 0 7 0 0 0 0 0 0 0 0 0 0 2 0 0 0 2 4 6 1 0 0 0 5 0 1 7 8 0
20 ATA 0 0 0 0 10 0 0 0 0 0 0 0 208553 0 27 26 0 0 0 0 0 0 0 0 0 0 0 0 2 1 0 0 0 0 0 0 0 0 0 0 0 0 0 0 4 0 0 0 0 0 0 0 0 0 0 0 0 0 0 0 3 0 0 0
21 TGT 0 0 0 0 0 0 0 0 0 0 0 0 0 0 0 0 0 0 0 0 0 0 0 0 0 0 0 6 0 0 0 0 0 0 0 0 0 0 0 0 0 0 0 0 0 0 0 0 0 0 0 32 0 0 0 0 0 74 2 208039 0 0 0 3
22 ATA 3 0 0 0 11 0 0 0 3 0 0 0 208128 1 40 2 0 0 0 0 0 0 0 0 0 0 0 0 1 0 0 0 0 0 0 0 0 0 0 0 0 0 0 0 43 0 0 0 1 0 0 0 0 0 0 0 0 0 0 0 0 0 0 0
23 GGC 0 0 0 0 0 0 0 0 0 2 0 0 0 0 0 0 0 0 0 0 0 0 0 0 0 0 0 0 0 0 0 0 0 22 0 0 0 0 0 0 19 208188 28 10 0 6 0 0 0 0 0 0 0 0 0 0 0 12 0 0 0 0 0 0
24 TAC 0 2 0 0 0 0 0 0 0 0 0 0 0 0 0 0 0 31 0 0 0 0 0 0 0 0 0 0 0 0 0 0 0 1 0 0 0 0 0 0 0 0 0 0 0 0 0 0 3 208101 1 47 0 0 0 0 0 8 0 0 0 1 0 0
25 CAT 0 0 0 8 0 0 0 0 0 0 0 0 0 0 0 0 0 11 5 208240 0 0 0 1 0 0 0 28 0 0 4 0 0 0 0 0 10 0 0 0 0 0 0 0 0 0 0 0 0 0 0 13 0 0 0 0 0 0 0 0 0 0 0 0
26 GCG 0 0 0 0 0 0 22 0 0 0 0 0 0 0 0 0 0 0 0 0 0 0 0 0 0 0 0 0 0 0 0 0 0 0 2 0 76 3 207092 5 0 0 1 0 0 0 16 0 1 0 0 0 0 0 10 0 0 0 0 0 0 0 0 0
27 AAC 3 204169 3 9 0 4 0 0 0 7 0 0 0 1 0 0 0 0 0 0 0 0 0 0 0 0 0 0 0 0 0 0 0 6 0 0 0 0 0 0 0 0 0 0 0 0 0 0 0 2 0 0 0 0 0 1 2 0 0 0 0 0 0 0
28 AAC 1 206235 0 1 0 0 0 0 0 12 0 0 0 0 0 0 0 1 0 0 0 0 0 0 0 0 1 0 0 0 0 0 0 9 0 0 0 0 0 0 0 0 0 0 0 0 0 0 0 0 0 0 0 0 0 0 0 0 0 0 0 0 0 0
29 TCA 0 0 0 0 5 0 0 0 0 0 0 2 0 0 0 0 0 0 0 0 28 0 0 0 0 0 0 0 0 0 0 0 0 0 0 0 0 0 0 1 0 0 0 3 0 0 0 0 5 0 0 0 207565 4 23 2 0 0 0 0 5 0 0 0
30 ACC 0 18 0 0 23 207734 14 75 0 0 0 0 0 22 0 0 0 0 0 0 0 1 0 0 0 0 0 0 0 0 0 0 0 0 0 0 0 17 0 0 0 0 0 0 0 0 0 0 0 0 0 0 0 0 0 0 0 0 0 0 0 0 0 0
31 GAC 0 44 0 0 0 0 0 0 0 0 0 0 0 0 0 0 0 1 0 0 0 0 0 0 0 0 0 0 0 0 0 0 8 203454 1 7 0 3 0 0 0 22 0 0 0 1 0 0 0 9 0 0 0 0 0 0 0 0 0 0 0 0 0 0
32 ACT 0 0 0 3 38 16 3 205044 0 0 0 3 0 0 0 7 0 3 0 0 0 0 0 4 0 0 8 0 0 0 0 0 0 0 0 0 0 0 0 5 0 0 0 0 0 0 0 8 0 0 0 0 0 0 0 2 0 0 0 0 0 0 0 0
33 GTT 0 0 0 0 0 0 0 0 0 0 0 0 0 0 0 25 0 0 0 0 0 0 0 0 0 0 0 0 0 0 0 0 0 0 0 0 0 0 0 16 0 0 0 8 3 29 24 207360 0 0 0 0 0 0 0 0 0 0 0 0 0 0 0 2
34 GAC 0 12 0 0 0 0 0 0 0 0 0 0 0 0 0 0 0 0 0 0 0 0 0 0 0 0 0 0 0 0 0 0 8 207297 1 14 0 0 0 0 0 15 0 0 0 0 0 0 0 5 0 0 0 0 0 0 0 0 0 0 0 0 0 0
35 ACA 2 0 0 0 208221 0 13 5 3 0 0 0 7 0 0 0 0 0 0 0 2 0 0 0 0 0 0 0 0 0 0 0 0 0 0 0 6 0 0 0 0 0 0 0 0 0 0 0 0 0 0 0 0 0 0 0 0 0 0 0 0 0 0 0
36 ATA 0 0 0 0 13 0 0 0 3 0 0 0 207542 2 11 7 0 0 0 0 3 0 0 0 0 0 0 0 1 0 0 0 0 0 0 0 9 0 0 0 0 0 0 0 5 0 0 0 0 0 0 0 0 0 0 0 0 0 0 0 0 0 0 0
37 CTC 0 0 0 0 17 14 4 0 5 51 186 0 0 10 0 0 0 0 5 0 0 6 0 0 18 0 12 7 9 207075 8 20 0 0 0 0 0 1 0 0 0 0 0 0 0 0 0 0 0 18 0 0 0 1 0 0 0 0 0 0 0 5 5 0
38 GAG 0 0 36 0 0 0 0 0 0 0 0 0 0 0 0 0 0 0 1 0 0 0 0 0 0 1 0 0 0 0 0 0 25 0 207792 1 1 0 0 0 0 0 10 0 0 0 0 0 0 0 4 0 4 0 0 1 0 0 0 0 0 0 0 0
39 AAG 43 0 176034 1 0 0 2 0 0 0 20 0 0 0 9 0 0 0 0 0 0 0 0 0 1 0 2 0 0 0 0 0 0 0 2 0 0 0 0 0 0 0 0 0 0 0 0 0 0 0 1 0 0 0 0 0 0 0 0 0 0 0 0 0
40 AAT 5 19 2 207399 0 0 0 1 0 0 0 16 0 0 0 0 0 0 0 0 0 0 0 0 0 0 0 0 0 0 0 0 0 0 2 17 0 0 0 0 4 0 0 0 0 0 0 0 0 0 0 0 0 0 0 0 0 0 0 0 0 0 0 0
41 GTG 0 0 0 0 0 0 0 0 0 0 0 0 0 0 14 0 0 0 0 0 0 0 0 0 0 0 0 0 0 0 0 0 0 0 1 0 0 0 11 0 0 0 8 0 27 0 207121 5 0 0 0 0 0 0 0 0 0 0 0 0 0 0 3 0
42 GCA 0 0 1 0 21 0 0 0 0 0 0 0 0 0 0 0 0 0 0 0 43 2 0 0 0 1 0 0 0 0 0 0 1 0 2 0 202740 0 27 0 3 0 0 0 62 0 0 0 0 0 0 0 7 0 0 0 0 0 0 0 0 0 0 0
43 GTG 0 0 0 0 0 0 0 0 0 0 0 0 0 0 11 0 0 0 0 0 0 0 0 0 0 0 0 0 0 0 2 0 0 0 0 0 0 0 5 0 0 0 2 0 43 1 204897 2 0 0 1 0 0 0 0 0 0 0 0 0 0 0 5 0
44 ACA 5 0 0 0 198240 1 18 12 0 0 0 0 11 0 0 0 0 0 0 0 2 0 0 0 0 0 0 0 0 0 0 0 0 0 0 0 21 0 0 0 0 0 0 0 0 0 0 0 0 0 0 0 2 0 0 0 0 0 0 0 0 0 0 0
45 CAT 0 0 0 4 0 0 0 0 0 0 0 0 0 0 0 0 2 17 0 197736 0 0 0 1 0 0 0 1 0 0 0 3 0 0 0 0 0 0 0 0 0 0 0 0 0 0 0 0 0 0 0 8 1 0 0 0 0 0 0 0 0 0 0 0
46 TCT 0 0 0 0 0 0 0 3 0 0 0 0 0 0 0 0 0 0 0 0 0 0 0 9 0 0 0 0 0 0 0 1 0 0 0 0 0 0 0 0 0 0 0 0 0 0 0 0 1 0 0 4 3 91 3 198593 0 0 0 0 0 0 4 5
47 GTT 0 0 0 0 0 0 0 0 0 0 0 0 0 0 0 34 0 0 0 0 0 0 0 0 0 0 11 0 0 2 3 0 1 0 0 0 0 1 0 8 0 0 0 3 16 48 6 194282 0 11 0 3 0 0 0 0 0 0 0 0 0 0 0 7
48 AAC 6 198521 1 43 1 10 0 3 0 4 0 0 0 0 0 0 0 0 0 0 0 0 0 1 1 0 0 0 0 3 0 0 0 20 0 5 0 0 0 0 0 0 0 0 0 0 0 0 1 0 0 0 0 3 0 0 0 0 0 0 0 0 0 0
49 CTG 0 0 0 0 0 0 0 0 1 0 0 0 2 0 7 0 0 0 1 0 0 0 8 1 1 0 0 0 49 0 194860 8 1 0 0 0 0 0 0 0 0 0 0 0 0 0 0 0 0 0 0 0 0 0 0 0 0 0 0 0 0 0 26 0
50 CTC 0 0 1 0 0 0 0 0 1 0 0 0 0 4 0 0 0 1 1 0 0 5 0 0 1 0 0 0 7 190753 0 20 0 2 0 0 0 0 0 1 0 0 0 0 0 1 0 0 0 0 0 0 0 0 0 0 0 0 0 0 0 6 0 0
51 GAA 9 0 0 0 0 6 0 1 0 0 0 0 2 2 0 0 0 0 0 0 0 0 0 0 0 0 0 0 0 0 0 0 141826 0 14 2 1 2 0 0 5 0 0 0 0 3 0 0 2 0 1 0 3 0 0 0 0 0 0 1 0 0 0 0
52 GAC 0 8 0 0 0 4 0 0 0 0 0 0 0 0 0 0 0 2 0 0 0 0 0 0 0 0 0 0 0 0 0 0 6 101432 3 17 0 0 0 0 0 13 0 0 1 0 0 0 0 2 0 0 1 4 0 0 0 0 0 0 0 0 0 0
53 AGC 0 28 0 0 18 4 0 2 5 121374 7 61 4 3 0 0 0 1 0 1 0 0 0 0 0 4 0 9 0 1 2 0 1 0 0 0 0 3 0 0 3 33 3 0 0 1 0 8 0 2 0 0 2 1 0 1 0 0 0 0 0 0 1 0
54 CAC 0 2 1 0 0 0 0 0 0 0 0 2 0 0 0 0 1 101572 1 6 0 0 0 0 0 4 0 0 0 0 0 0 0 0 0 0 0 0 0 0 0 0 0 0 0 0 0 0 0 4 0 0 0 0 0 0 0 0 0 0 0 0 0 0
55 AAC 4 137649 0 34 0 0 0 0 0 5 0 0 0 1 0 0 0 1 0 0 0 0 0 0 0 0 0 0 0 0 0 0 0 13 0 0 0 0 0 0 0 0 0 0 0 0 0 0 0 0 0 0 0 0 0 0 0 0 0 0 0 0 0 0
56 GGG 0 0 0 0 0 0 0 0 0 0 13 0 0 0 0 0 3 0 0 0 0 0 0 0 0 0 9 0 0 0 0 0 0 0 12 0 0 0 5 0 25 11 170262 2 0 0 1 0 0 0 0 0 0 1 0 0 0 0 10 0 0 0 0 0
57 AAA 196754 3 17 0 0 0 0 0 17 0 0 0 0 0 0 0 0 4 0 1 0 0 0 0 2 0 4 5 0 0 0 0 24 0 0 0 0 0 4 0 0 0 0 0 4 0 0 0 3 0 0 0 0 0 0 0 0 0 0 0 0 0 0 0
58 CTA 0 1 0 0 0 0 0 4 0 0 0 0 1 0 0 0 1 0 0 0 16 0 0 0 0 0 0 0 159913 18 26 7 5 0 0 0 0 0 0 0 0 0 2 0 0 0 0 0 0 0 0 0 0 0 0 0 0 0 0 0 41 0 0 0
59 TGT 2 0 0 0 0 0 0 5 0 0 0 4 0 0 9 0 0 0 0 0 0 0 0 0 0 0 0 4 0 0 1 0 0 0 0 0 0 0 0 0 2 0 1 0 1 0 0 0 0 0 0 8 0 0 0 0 2 46 0 177652 0 0 0 1
60 AAA 203276 19 38 6 7 1 4 3 14 5 0 14 0 0 0 0 1 20 0 3 0 0 0 0 0 2 0 60 1 2 0 0 22 0 0 0 0 0 0 8 0 0 0 0 0 0 0 0 12 53 3 6 8 4 0 7 0 0 12 0 0 1 0 2
61 TTA 0 0 0 0 0 0 0 0 0 0 0 0 10 2 0 21 0 0 0 0 0 0 0 0 0 0 0 0 27 0 0 62 0 0 0 0 0 0 0 0 0 0 0 0 5 6 0 0 3 0 0 1 11 0 0 0 8 0 0 0 203406 0 46 9
62 AAA 205280 16 445 99 0 0 0 3 24 0 1 0 1 0 4 0 0 0 0 6 0 0 0 0 3 0 0 0 0 0 0 0 25 0 0 0 0 1 0 0 3 9 1 1 0 0 0 0 1 26 0 0 0 8 0 0 0 0 0 0 0 0 0 4
63 GGA 0 0 0 0 0 0 0 0 16 0 0 0 0 0 0 0 0 0 0 0 0 0 0 0 0 0 0 0 0 0 0 0 11 0 0 0 0 0 0 0 205222 3 30 4 3 0 0 0 0 0 0 0 0 0 0 0 10 0 0 0 0 0 0 0
64 ATA 2 0 0 0 18 0 0 0 1 0 0 0 193713 6 98 25 0 0 2 0 0 0 0 0 1 0 2 1 6 0 0 1 0 0 0 0 1 0 0 0 0 0 0 0 22 6 1 1 0 0 0 0 0 0 0 0 0 0 0 0 0 0 0 0
65 GCC 0 0 1 0 1 12 3 0 0 0 0 0 0 0 0 0 0 0 6 0 6 5 0 20 0 0 0 8 0 0 0 0 14 13 0 1 7 192934 1 3 1 1 0 0 0 24 0 0 0 1 0 0 0 12 0 0 0 0 1 0 0 0 3 0
66 CCA 0 0 0 0 3 0 0 0 0 0 0 0 0 0 0 0 4 0 0 0 196302 19 7 21 0 0 0 0 5 0 0 0 0 0 0 0 0 0 0 0 0 0 0 0 0 0 0 0 0 0 0 0 0 0 0 0 0 0 0 0 0 0 0 0
67 CTA 0 0 0 0 0 0 0 0 0 0 0 0 9 0 0 0 1 0 0 0 41 0 0 0 1 0 0 0 205693 0 29 5 0 0 0 0 0 0 0 0 0 0 0 0 3 0 0 0 0 0 0 0 0 0 0 0 0 0 0 0 14 0 0 0
68 CAA 1 0 0 0 1 0 2 0 1 0 0 0 0 0 0 0 207155 1 21 0 0 0 0 1 3 0 0 0 0 7 14 0 10 0 0 2 1 0 4 0 0 0 0 0 0 0 0 5 13 0 0 0 10 0 0 0 0 0 0 0 13 0 0 1
69 TTG 0 0 0 0 0 0 0 0 0 0 0 0 0 0 4 0 0 0 0 0 0 0 0 0 0 0 0 0 0 0 12 0 0 0 0 0 0 0 0 0 0 0 0 0 0 0 1 0 0 0 0 0 0 0 2 0 0 0 0 0 11 0 204350 7
70 GGG 0 2 0 4 0 0 0 0 0 0 6 0 0 0 0 0 0 0 6 4 0 0 0 0 0 0 0 1 0 0 0 0 0 0 30 5 0 0 1 0 46 6 207189 32 0 0 4 0 0 0 0 0 0 0 0 1 0 0 2 0 0 0 0 0
71 AAA 207125 3 15 36 4 0 0 0 4 0 0 0 6 12 0 0 0 19 0 0 24 0 0 4 1 0 0 0 5 0 0 0 25 0 0 0 0 0 0 0 0 0 9 0 0 0 0 5 2 0 0 0 0 4 0 0 0 0 0 0 0 0 0 0
72 TGT 0 0 0 0 0 0 0 0 0 0 0 2 0 0 0 0 0 0 0 0 0 0 0 0 0 0 0 9 0 0 0 0 0 0 0 0 0 0 0 0 0 0 0 1 0 0 0 0 0 0 0 8 0 0 0 1 0 70 0 208227 0 0 0 3
73 AAC 3 207219 5 18 0 6 0 0 0 35 0 5 0 0 0 0 10 0 0 0 0 0 0 0 0 0 0 0 0 0 0 0 0 70 0 0 0 0 0 0 0 0 0 0 0 0 0 0 0 0 0 0 23 2 5 18 0 0 0 0 0 0 0 0
74 ATC 0 0 0 0 0 18 0 0 0 3 0 0 7 199974 0 26 0 0 0 0 0 0 0 0 0 0 0 0 6 3 1 0 0 0 0 0 0 0 0 0 0 0 0 0 6 16 0 3 0 0 0 0 0 0 0 0 0 0 0 0 1 8 4 0
75 ACC 0 2 0 0 15 198525 8 114 0 1 0 0 0 23 0 3 0 0 0 0 0 0 6 0 0 0 0 0 0 6 80 1 0 0 0 0 0 12 2 2 0 0 0 0 0 0 0 0 0 0 0 0 0 0 1 0 0 0 0 0 0 0 2 0
76 GGA 0 0 0 0 0 0 0 0 28 0 0 0 0 0 0 0 0 0 0 0 0 0 0 0 0 0 0 0 0 0 0 0 14 0 0 0 1 0 0 0 207463 4 23 13 2 0 0 0 0 0 0 0 0 0 0 0 2 0 0 0 0 0 0 0
77 TGG 0 0 0 0 0 0 0 0 0 0 6 0 0 0 0 0 0 0 0 0 0 0 0 0 0 0 9 0 0 0 0 0 0 0 0 0 0 0 0 0 0 0 0 0 0 0 0 0 0 0 10 0 0 0 0 0 45 0 207860 5 0 0 4 0
78 CTC 0 0 0 0 0 0 0 0 0 0 0 0 0 1 0 0 2 1 0 0 0 25 0 0 0 1 0 0 15 206416 6 9 0 0 0 0 0 0 0 0 0 0 0 0 0 12 0 0 0 0 0 0 0 0 0 0 0 0 0 0 0 22 0 0
79 TTG 0 0 0 0 0 0 0 0 0 0 0 0 0 2 6 0 0 0 0 0 0 0 4 0 0 0 0 0 6 4 88 0 0 0 0 0 0 0 0 0 0 0 0 0 0 0 1 0 0 0 1 0 0 0 18 0 0 0 0 0 16 0 207346 3
80 GGA 0 0 0 0 0 0 0 0 8 0 0 0 0 0 0 0 0 0 0 0 0 0 0 0 1 0 0 0 0 0 0 0 11 0 0 0 1 0 0 0 207645 0 18 9 1 0 0 0 0 0 0 0 0 0 0 0 3 0 0 0 0 0 0 0
81 AAT 5 93 4 207324 0 0 0 4 0 0 0 11 0 0 0 1 0 0 0 5 0 0 0 0 0 0 0 0 0 0 0 0 0 0 0 17 0 0 0 0 0 0 0 0 0 0 0 0 0 0 0 0 0 0 0 0 0 0 0 0 0 0 0 0
82 CCA 0 0 0 0 3 0 0 0 0 0 0 0 0 0 0 0 3 0 0 0 207856 17 149 19 0 0 0 0 22 0 0 0 0 0 0 0 3 0 0 0 0 0 0 0 0 0 0 0 0 0 0 0 6 0 0 0 0 0 0 0 0 0 0 0
83 GAA 14 0 0 0 0 0 2 0 0 0 0 0 0 0 0 0 1 0 0 1 0 0 0 0 0 0 0 0 0 0 0 0 207703 10 24 0 6 0 2 0 5 1 0 0 1 0 0 0 1 0 0 0 0 0 0 0 0 0 0 0 0 0 0 0
84 TGC 0 0 0 0 0 0 0 0 0 1 0 0 0 1 0 0 0 0 0 0 0 0 0 0 0 9 0 0 0 0 0 0 0 0 0 0 0 0 0 0 0 2 0 0 0 0 0 0 0 6 0 0 0 0 0 0 12 202289 2 137 0 2 0 0
85 GAC 0 18 0 0 0 0 0 0 0 0 0 0 0 0 0 0 0 1 0 0 0 0 0 0 0 0 0 0 0 0 0 0 11 207794 4 31 0 0 0 0 0 19 0 0 0 1 0 0 0 1 0 0 0 0 0 0 0 0 0 0 0 0 0 0
86 TCA 0 10 0 1 35 0 0 0 0 0 0 1 0 11 0 0 1 0 0 25 33 0 0 4 0 0 0 0 0 0 17 0 43 1 4 5 3 0 0 0 0 0 0 5 0 0 0 1 4 6 0 52 207807 30 13 2 3 0 0 0 7 0 5 1
87 CTG 0 0 0 0 0 0 0 0 0 0 0 0 0 0 2 7 0 0 1 0 0 0 19 0 0 0 1 0 89 41 207945 5 0 0 0 0 0 0 0 0 0 0 0 0 0 0 3 0 0 0 0 0 0 0 0 0 0 0 0 0 0 0 28 0
88 CTT 0 0 0 3 0 3 0 0 0 0 0 0 3 1 0 11 1 0 0 1 0 0 0 9 0 0 0 0 4 87 1 207878 3 0 0 0 0 0 1 5 0 0 0 0 1 0 0 3 0 0 0 1 0 0 0 0 0 0 0 0 7 0 7 9
89 CCA 4 0 0 42 11 8 15 29 0 29 1 0 30 11 4 14 8 2 5 8 204507 67 45 3 1 0 0 0 21 3 53 11 1 25 0 26 0 9 0 75 6 18 0 0 16 43 0 1 0 3 0 1 24 1 47 21 0 0 1 0 7 0 3 12
90 GCG 0 0 0 10 2 36 49 21 0 9 0 19 0 22 0 1 2 0 1 0 25 4 1 8 3 23 13 0 0 9 12 1 0 0 22 18 28 70 207260 21 0 0 4 0 0 0 114 0 0 0 0 2 0 0 3 0 0 0 0 0 0 86 6 1
91 AGA 26 7 2 7 0 10 5 3 207979 10 13 0 13 0 0 1 1 3 0 1 0 0 0 0 11 0 0 0 13 0 0 1 21 0 4 0 2 0 0 7 20 0 0 0 0 0 5 0 0 8 0 0 0 0 0 0 1 0 4 0 1 0 2 0
92 TCA 0 0 0 1 5 0 0 0 0 0 0 0 0 0 0 0 11 0 2 0 23 0 0 0 0 0 0 0 0 0 4 0 19 15 2 1 1 0 0 0 3 0 0 4 4 15 0 0 1 6 0 0 207512 1 52 0 0 0 8 0 3 0 0 2
93 TGG 0 0 0 0 0 0 0 0 0 0 0 0 0 0 0 0 0 0 0 0 0 0 0 0 0 0 10 0 0 0 0 0 0 0 0 0 0 0 0 0 0 0 0 0 0 0 0 0 0 0 7 0 0 0 0 0 24 2 207938 2 0 0 2 0
94 TCC 0 0 0 0 0 0 0 0 0 12 0 52 0 0 0 0 0 0 0 0 0 10 0 0 0 0 0 0 0 0 0 0 0 0 0 0 0 2 0 7 0 0 1 2 0 0 0 0 0 1 0 0 23 207430 2 11 0 0 0 0 0 8 0 0
95 TAC 0 2 0 0 0 0 0 0 0 0 0 0 0 0 0 0 0 35 0 0 0 0 0 0 0 0 0 0 0 0 0 0 0 0 0 0 0 0 0 0 0 0 0 0 0 0 0 0 7 207980 1 34 0 0 0 0 0 21 0 0 0 0 0 0
96 ATT 0 0 0 0 0 0 0 4 0 0 0 0 8 20 1 203049 0 0 0 0 0 0 0 0 0 0 0 0 0 0 0 1 0 0 0 0 0 0 0 0 0 0 0 0 0 0 0 16 0 0 0 0 0 0 0 0 0 0 0 0 0 0 0 0
97 GTA 0 0 0 0 0 0 0 0 0 0 0 0 29 0 0 5 0 0 0 0 0 0 0 0 0 0 0 0 0 0 0 0 6 0 0 0 24 0 0 0 0 0 0 0 203297 9 73 25 0 0 0 0 0 0 0 0 0 0 0 0 4 0 0 0
98 GAA 19 0 0 0 0 0 0 0 0 0 0 0 0 0 0 0 0 0 0 0 0 0 0 0 0 0 0 0 0 0 0 0 203514 4 7 0 0 0 0 0 14 0 0 0 0 0 0 0 1 0 0 0 0 0 0 0 0 0 0 0 0 0 0 0
99 ACA 6 0 0 0 203082 5 8 18 0 1 0 2 26 1 0 0 1 0 0 0 2 0 0 0 23 0 5 0 3 0 0 0 0 13 12 0 22 0 3 0 0 0 0 10 0 0 0 0 0 6 0 0 16 1 32 0 0 0 0 0 3 0 0 0
100 CCA 0 0 0 6 7 19 0 0 0 0 0 0 0 0 4 0 2 0 2 3 202855 2 25 7 0 0 0 0 5 0 0 0 0 0 0 0 9 0 0 0 0 0 0 0 0 0 4 0 0 2 0 0 7 1 0 0 0 0 1 0 0 0 0 4
101 AAC 12 198843 0 25 0 18 0 0 1 7 3 8 0 1 0 0 0 0 0 0 0 0 0 0 0 0 0 1 1 0 0 0 13 33 0 0 0 1 8 0 0 0 0 37 0 0 1 0 0 0 0 0 0 0 4 0 0 0 0 0 0 0 0 0
102 TCT 0 0 0 0 4 13 4 15 0 0 0 0 0 0 0 0 2 0 8 0 8 5 0 14 0 0 0 0 0 0 0 0 0 0 0 0 0 0 0 1 4 6 0 0 0 0 0 0 0 0 0 4 1 44 5 203177 0 0 0 0 0 0 0 2
103 GAG 0 0 10 0 4 0 2 0 0 0 0 0 0 0 0 0 3 0 10 0 0 0 1 0 0 0 0 0 0 0 0 0 43 4 202482 7 15 3 3 0 0 0 62 0 0 1 10 1 0 0 1 0 0 0 0 0 0 0 0 0 0 1 0 0
104 AAT 4 5 0 203161 0 0 0 6 0 0 0 22 0 1 0 4 9 29 0 27 0 0 0 0 0 0 0 0 0 8 14 0 0 0 0 18 3 0 0 2 0 0 0 0 0 5 0 0 0 9 0 57 1 0 0 0 0 3 8 0 10 4 3 0
105 GGA 0 0 0 0 0 0 0 0 14 0 0 0 0 0 0 0 0 0 0 0 0 0 0 0 0 0 0 0 0 0 0 0 5 0 0 0 0 0 0 0 203125 2 33 5 2 0 0 0 0 0 0 0 0 0 0 0 4 0 0 0 0 0 0 0
106 GCA 0 0 0 0 30 0 0 0 0 0 0 0 0 0 0 0 0 0 0 0 22 3 0 0 0 0 0 0 5 0 3 1 3 0 0 0 203109 0 8 7 4 0 0 0 31 0 0 0 0 0 0 0 5 0 0 0 0 0 0 0 0 0 0 0
107 TGT 0 0 0 0 0 0 0 0 0 0 0 1 0 0 0 0 0 0 0 0 0 0 0 0 0 0 0 5 0 0 0 0 0 0 0 0 0 0 0 0 0 0 0 2 0 0 0 0 0 0 0 26 0 0 0 2 2 21 2 201919 0 0 0 1
108 TAT 0 0 0 3 0 0 0 0 0 0 0 0 0 0 0 0 0 0 0 16 0 0 0 0 0 0 0 0 0 0 0 0 0 0 0 0 0 0 0 0 0 0 0 0 0 0 0 0 3 32 1 202994 0 0 0 0 0 0 0 8 0 0 0 6
109 CCA 0 0 0 0 1 0 0 0 0 0 0 0 0 0 0 0 1 0 0 0 202477 2 45 8 0 0 0 0 7 0 0 0 0 0 0 0 0 0 0 0 0 0 0 0 0 0 0 0 0 0 0 0 4 0 0 0 0 0 0 0 0 0 0 0
110 GGA 0 0 0 0 0 0 0 0 4 0 0 0 0 0 0 0 0 0 0 0 0 0 0 0 0 0 0 0 0 0 0 0 7 0 0 0 1 0 0 0 203752 7 30 31 2 0 0 0 0 0 0 0 0 0 0 0 5 0 0 0 0 0 0 0
111 GAT 0 0 0 29 1 0 0 0 0 0 0 4 0 0 0 0 0 0 0 0 0 0 0 2 0 0 0 0 0 0 0 0 1 34 2 203387 0 0 0 0 0 0 0 22 0 0 1 1 0 0 0 3 0 0 0 0 0 0 0 0 0 0 0 0
112 CTC 0 0 0 0 0 0 0 0 0 0 0 0 9 1 0 11 0 1 0 0 0 24 0 0 0 3 0 0 7 203310 0 9 0 0 0 0 0 0 0 0 0 0 0 0 0 1 54 0 0 0 0 0 0 0 0 0 0 0 0 0 0 6 0 16
113 ATC 0 5 0 2 0 39 9 0 0 1 0 0 27 202646 0 80 0 3 18 6 0 0 0 0 0 0 0 0 0 2 0 1 0 0 3 0 1 30 0 0 39 4 7 0 0 19 0 0 0 3 0 0 2 0 11 0 0 0 0 0 8 8 0 5
114 GAC 0 22 0 0 0 0 0 0 0 0 0 0 0 0 0 0 0 2 0 0 0 0 0 0 0 0 0 0 0 0 0 0 7 201842 9 15 0 0 6 0 0 17 0 0 0 1 0 0 0 24 2 0 0 0 0 0 0 0 0 0 0 0 0 0
115 TAT 0 0 0 0 0 0 0 0 0 7 0 2 23 0 6 0 0 0 0 27 0 1 0 0 0 0 0 0 0 0 0 0 0 0 0 0 0 0 1 0 0 2 0 0 0 0 0 0 2 29 1 199032 7 0 5 1 0 0 0 8 1 0 8 2
116 GAG 0 0 5 0 0 0 0 0 0 0 0 0 0 0 0 0 0 0 0 0 0 0 2 4 0 0 0 0 0 0 0 0 17 0 202535 14 0 0 4 0 0 0 64 0 0 0 5 0 0 0 5 0 0 0 0 0 0 0 0 0 0 0 0 0
117 GAA 12 0 0 0 0 0 0 0 0 0 0 0 0 0 0 0 0 0 0 0 0 0 0 0 0 0 0 0 0 0 0 0 203537 1 54 0 2 0 0 0 15 0 0 0 1 0 0 0 3 0 0 0 0 0 0 0 0 0 0 0 0 0 0 0
118 CTG 0 0 0 0 0 0 0 0 0 0 0 0 0 0 7 0 0 0 3 0 0 0 25 0 0 0 2 0 20 2 202713 15 0 0 0 0 0 0 0 0 0 0 0 0 0 0 1 0 0 0 0 0 0 0 0 0 0 0 0 0 0 0 40 0
119 AGG 0 0 40 0 0 0 3 0 99 0 202626 5 0 0 23 0 0 0 0 0 0 0 0 0 0 0 0 0 2 0 0 0 0 0 0 0 0 0 1 0 0 0 55 0 0 0 0 0 0 0 0 5 0 0 0 0 0 0 3 0 0 3 0 5
120 GAG 0 0 13 0 0 0 0 0 0 0 0 0 0 0 0 0 0 0 0 0 0 0 0 0 0 0 0 0 0 0 0 0 35 2 203333 3 0 0 1 0 0 0 20 0 0 0 0 0 0 0 1 0 0 0 0 0 0 0 0 0 0 0 0 0
121 CAA 3 0 0 0 0 0 0 0 0 0 1 0 0 0 0 0 202973 0 31 3 0 0 0 0 8 0 0 0 4 0 0 0 0 0 0 0 0 0 0 0 0 0 0 0 0 0 0 0 131 0 0 0 0 0 0 0 0 0 0 0 0 0 0 0
122 TTG 0 0 0 0 0 0 0 0 0 0 0 0 0 0 5 0 0 0 0 0 0 0 0 0 0 0 0 0 0 30 12 0 0 0 0 0 0 0 0 0 0 0 0 0 0 0 2 0 0 0 5 0 0 0 4 0 0 0 6 0 36 0 202751 5
123 AGC 0 44 0 0 0 1 5 0 7 203534 4 32 0 6 0 8 0 0 0 0 0 0 0 0 0 0 0 0 2 0 0 0 0 0 0 3 0 0 0 0 0 35 0 0 0 2 0 0 0 0 0 0 0 0 0 0 0 0 0 0 0 12 0 1
124 TCA 0 0 0 0 4 0 0 0 0 0 0 0 0 0 0 0 0 0 0 0 14 0 0 0 0 0 0 0 0 0 0 0 0 0 0 3 3 0 0 0 0 0 1 0 0 0 1 0 6 1 0 2 201033 0 41 0 1 0 0 0 14 0 0 3
125 GTA 0 0 0 0 0 0 0 1 0 0 0 0 21 8 0 0 0 0 0 0 0 0 0 0 0 0 0 0 1 0 0 0 2 0 0 0 26 0 0 44 0 0 0 0 203158 5 23 3 0 0 0 0 0 0 0 0 0 0 0 0 6 0 0 1
126 TCA 1 0 0 2 14 0 3 0 0 0 1 0 0 4 16 0 0 0 0 0 8 0 0 0 0 0 0 0 11 0 7 0 3 1 44 0 13 0 0 0 0 0 4 3 0 0 17 0 1 0 0 0 202600 20 9 1 0 0 0 0 9 0 0 0
127 TCA 0 0 2 0 2 1 0 0 0 1 0 0 0 0 0 0 0 0 0 0 17 0 0 0 3 0 0 0 0 0 0 0 0 0 0 3 1 0 0 0 0 0 1 0 0 0 1 0 1 0 0 2 203067 5 4 1 0 0 0 0 9 0 0 0
128 TTA 0 0 0 0 0 0 0 0 0 0 0 1 0 0 35 0 0 0 0 0 0 0 0 0 0 0 0 0 82 0 0 0 0 0 0 0 0 1 0 0 0 0 0 0 7 0 0 0 0 0 0 1 27 0 0 0 0 0 0 0 202400 8 17 0
129 GAA 8 0 0 0 1 2 0 0 0 0 0 0 2 0 0 0 0 0 0 0 0 0 0 0 0 0 0 0 0 0 0 0 202436 5 21 3 5 0 3 0 16 0 0 0 0 0 0 0 3 0 0 0 0 0 0 0 0 0 0 0 0 0 0 0
130 AGA 27 0 0 0 0 0 0 0 202814 0 15 1 7 0 0 0 0 0 0 0 0 0 0 0 5 0 0 0 0 0 0 0 0 0 0 0 0 0 0 0 7 0 0 0 0 0 0 0 0 0 0 0 0 0 0 0 3 0 0 0 0 0 0 0
131 TTC 0 0 0 0 0 0 0 0 0 0 0 0 0 0 0 0 0 0 0 0 0 0 0 0 0 0 0 0 0 2 0 0 0 0 0 0 0 0 0 0 0 0 0 0 0 1 0 0 0 1 0 0 0 9 0 0 0 0 0 0 10 201786 1 30
132 GAA 13 0 0 0 0 0 0 0 0 0 0 0 0 0 0 0 0 0 0 0 0 0 0 0 0 0 0 0 0 0 0 0 203693 0 11 1 0 0 0 0 13 0 0 0 1 0 0 0 6 0 0 0 0 0 0 0 0 0 0 0 0 0 0 0
133 ATA 5 0 0 0 11 0 0 0 0 0 0 0 202186 0 12 10 0 0 0 0 0 0 0 0 0 0 0 0 12 0 0 0 0 0 0 0 0 0 0 0 0 0 0 0 17 0 0 0 0 0 0 0 0 0 0 0 0 0 0 0 0 0 0 0
134 TTT 0 0 0 0 0 0 0 0 0 0 0 0 0 0 0 0 0 0 0 0 0 0 0 2 0 0 0 0 0 0 0 4 0 0 0 0 0 0 0 0 0 0 0 0 0 0 0 1 0 0 0 1 0 0 0 3 0 0 0 1 1 42 1 202628
135 CCC 0 1 0 1 0 6 0 0 0 9 0 18 0 0 0 0 0 1 0 4 9 201090 0 14 0 0 0 0 0 3 0 0 9 0 0 0 0 0 0 0 0 0 0 0 0 0 0 0 0 0 0 0 1 9 0 0 0 0 0 0 0 0 0 0
136 AAG 36 2 169559 8 0 3 0 0 4 0 18 1 0 0 5 0 3 8 29 0 4 0 4 10 0 1 0 1 0 3 39 8 0 0 49 6 2 2 1 0 0 0 0 0 0 0 1 2 0 1 7 0 34 0 0 0 0 0 0 0 3 0 0 7
137 GAA 9 1 0 2 1 2 0 0 0 0 0 0 1 0 0 0 0 3 0 0 0 0 0 0 0 0 0 0 1 1 0 0 202403 21 16 2 0 0 0 0 16 0 0 0 3 0 0 0 2 0 0 0 2 0 0 26 0 0 0 0 0 1 0 2
138 AGT 0 0 0 25 0 12 3 0 4 25 5 201972 0 13 16 30 1 1 8 0 0 0 0 0 0 0 5 10 0 9 0 0 8 0 0 0 35 2 13 1 2 0 9 26 18 0 0 1 0 4 0 2 15 5 9 1 0 0 0 2 1 0 1 7
139 TCA 1 2 0 0 37 3 0 0 0 17 0 32 0 3 0 0 0 0 0 1 11 0 0 0 0 0 0 0 0 0 0 0 0 0 0 0 4 44 15 0 1 3 0 0 0 7 8 2 3 0 0 0 200992 10 43 70 1 0 5 0 7 6 0 1
140 TGG 0 0 0 0 0 0 0 0 0 0 8 0 0 0 0 0 0 0 0 0 0 0 0 0 0 0 6 0 0 0 0 0 0 0 0 0 0 1 0 0 0 0 1 0 0 0 0 0 0 0 13 0 0 0 0 0 26 0 202417 1 0 9 8 0
141 CCC 0 0 0 0 5 4 0 0 0 1 0 0 0 0 0 0 0 3 0 0 13 199832 0 19 0 0 0 0 1 8 0 0 0 0 4 0 0 5 2 0 0 0 3 0 8 2 0 0 0 0 0 0 0 42 0 0 0 0 0 0 0 0 0 0
142 AAC 1 201052 1 26 0 1 0 0 0 12 0 0 0 1 0 0 0 7 0 0 0 0 0 0 0 0 0 0 0 0 0 0 0 14 0 0 0 0 0 0 0 0 0 0 0 0 0 0 0 3 0 0 0 0 0 0 0 0 0 0 0 0 0 0
143 CAC 0 11 1 0 3 0 0 0 0 0 0 0 0 0 0 1 1 197667 0 5 0 3 0 0 0 3 0 0 0 0 0 4 0 0 0 0 0 0 0 0 1 0 0 0 0 0 0 0 0 59 0 48 0 0 6 0 0 0 0 0 2 9 0 0
144 ACA 3 0 0 0 149448 0 8 5 0 0 0 2 7 0 0 0 1 0 0 0 1 0 0 0 0 0 0 0 0 0 0 0 0 0 0 0 13 0 0 0 0 1 0 18 0 0 0 0 0 0 0 0 0 0 0 0 0 0 0 0 0 0 0 0
145 TTC 0 0 0 0 0 0 0 0 0 0 0 5 0 1 0 0 0 0 1 0 0 0 0 0 0 0 0 0 0 6 2 0 35 14 16 27 0 4 1 3 0 0 0 0 0 0 0 2 0 1 0 1 1 12 0 6 0 1 0 0 1 96656 0 7
146 AAC 3 152457 9 106 0 0 0 0 0 12 0 0 0 0 1 0 2 0 42 13 0 0 0 0 1 11 0 0 0 0 0 0 2 17 9 105 1 3 5 0 0 0 2 3 3 0 1 0 0 6 0 0 0 0 2 0 0 0 0 0 2 2 0 0
147 GGA 0 0 0 0 0 0 0 0 9 0 0 0 0 0 0 0 0 0 0 0 0 0 0 0 0 0 0 0 0 0 0 0 10 0 0 0 1 0 0 0 100364 45 19 5 1 0 0 0 0 0 0 0 0 1 0 0 7 0 0 0 0 0 0 0
148 GTA 0 0 0 0 11 17 10 108 0 2 0 15 102 5 1 0 0 0 0 0 0 0 0 0 0 0 0 0 0 0 0 0 0 0 0 0 19 0 0 0 0 0 0 0 138764 4 15 2 0 0 0 0 0 9 0 9 0 0 0 0 3 0 0 0
149 ACA 0 0 0 0 140496 1 31 8 0 0 0 0 7 0 0 0 0 0 0 0 0 0 0 0 0 0 0 0 0 0 0 0 0 0 0 0 5 0 0 0 0 0 0 0 1 0 0 0 0 0 0 0 35 0 0 6 0 0 0 0 0 0 0 0
150 GTA 0 0 0 0 0 0 1 0 0 0 0 40 18 0 3 0 4 0 5 0 0 0 0 0 0 0 0 0 0 48 5 0 1 0 0 0 103 24 0 5 1 0 0 0 146713 3 9 0 0 0 0 0 55 12 0 1 0 0 0 0 7 19 2 6
151 TCA 0 0 0 0 2 0 0 0 0 1 0 0 0 0 0 0 0 0 0 0 8 0 0 0 0 0 0 0 0 0 0 0 0 0 0 0 4 0 2 0 0 0 0 0 0 0 0 0 2 0 0 0 144083 3 26 1 0 0 0 0 11 0 0 0
152 TGC 0 0 0 0 0 0 0 0 0 2 0 0 0 0 0 0 0 0 0 0 0 0 0 0 0 5 0 0 0 0 0 0 0 0 0 0 0 0 0 0 0 0 0 0 0 0 0 0 0 27 0 0 0 0 0 0 5 142317 0 39 0 0 0 0
153 TCC 18 0 1 4 41 6 1 4 0 27 0 0 38 14 5 4 16 14 0 47 9 417 17 13 0 0 1 0 0 239 0 0 35 0 2 0 0 2 1 0 4 68 4 17 11 0 0 59 0 27 0 0 2 189361 0 12 0 3 0 0 0 51 0 4
154 CAT 0 12 0 82 70 9 0 0 8 0 3 3 175 0 15 5 4 9 15 188435 243 0 0 5 0 0 0 7 6 12 0 75 23 75 0 63 2 23 2 32 0 0 0 0 4 0 0 0 2 0 1 17 0 0 6 22 0 0 0 0 0 0 0 1
155 AGG 1 0 40 0 1 0 2 0 42 3 198961 6 1 0 54 0 3 0 2 0 0 0 0 0 10 0 17 0 1 3 0 0 4 23 1 1 0 0 0 26 16 0 270 4 0 0 0 14 0 11 243 24 1 0 40 26 0 0 6 0 0 0 3 8
156 GGA 4 2 0 0 0 0 0 0 7 1 0 0 0 0 0 0 0 13 0 0 0 0 0 0 0 0 0 0 0 0 0 0 164 0 1 0 2 3 0 0 200240 1 153 14 1 0 0 0 0 0 0 0 4 126 0 5 3 0 0 0 0 0 0 1
157 AAA 201018 7 14 7 13 11 0 0 11 0 0 0 20 0 3 55 6 7 0 0 0 0 0 0 0 0 1 0 0 23 0 4 22 0 1 0 0 7 0 0 0 2 0 8 4 15 1 0 0 0 0 0 21 0 0 0 0 0 0 0 11 12 1 1
158 AGC 0 47 0 0 0 5 0 0 1 199019 1 88 0 2 1 0 0 0 0 0 12 1 0 5 0 4 0 0 59 2 0 0 0 0 0 0 68 4 0 33 0 58 0 0 0 0 0 0 0 0 0 2 0 21 0 0 0 3 0 0 0 0 0 0
159 AGT 0 0 0 21 0 2 0 0 2 22 9 195591 0 0 0 4 5 0 0 3 0 0 0 0 0 0 0 2 0 0 0 0 0 0 18 0 2 0 0 0 3 37 4 18 0 0 0 0 0 0 0 0 0 0 1 0 0 0 0 3 0 0 0 0
160 TTT 0 0 0 0 0 0 0 0 0 0 0 0 0 0 0 0 0 0 0 0 0 0 0 3 0 0 0 0 0 0 0 11 0 0 0 0 0 0 0 0 0 0 0 0 0 0 0 1 0 0 0 2 0 1 0 7 0 0 0 5 0 10 4 198903
161 TAC 0 1 0 0 0 0 0 0 0 0 0 0 0 0 0 0 0 21 0 0 0 0 0 0 0 0 0 0 0 0 0 0 0 2 0 0 0 0 0 0 0 0 0 0 0 0 0 0 0 202176 0 44 0 0 0 0 0 20 0 0 0 1 0 0
162 AGA 14 1 0 0 0 0 0 0 202480 0 25 1 1 0 0 0 0 2 0 2 0 0 0 0 5 3 1 0 0 0 0 0 0 0 0 0 0 0 0 0 40 0 0 0 0 0 0 0 0 0 0 0 0 0 0 0 2 0 0 0 0 0 0 0
163 AAT 5 29 0 201264 0 0 0 2 0 0 0 16 0 0 0 3 0 0 0 53 0 0 0 0 0 0 0 0 0 0 0 0 0 0 0 8 0 0 0 0 0 0 0 0 0 0 0 0 0 0 0 0 0 0 0 0 0 0 0 0 0 0 0 0
164 TTG 0 0 0 0 0 0 0 0 0 0 0 0 0 17 3 15 0 0 0 0 0 0 0 0 0 0 0 0 1 0 9 0 0 0 0 0 0 0 0 0 0 0 0 0 0 1 1 0 0 0 0 0 0 0 3 0 0 0 8 0 25 0 202093 6
165 CTA 0 0 0 0 0 0 0 0 0 0 0 0 3 0 0 0 1 0 0 0 23 0 0 0 0 0 0 0 203173 10 22 12 0 0 0 0 0 0 0 0 0 0 0 0 0 0 8 0 0 0 0 0 0 0 0 0 0 0 0 0 50 0 0 0
166 TGG 0 0 0 0 0 0 0 0 0 0 2 0 0 0 0 0 0 0 0 0 0 0 0 0 0 0 7 0 0 0 0 0 0 0 0 0 0 0 0 0 0 0 5 0 0 0 0 0 0 0 110 0 0 0 1 0 25 0 202714 0 0 0 3 0
167 CTG 0 0 0 0 0 0 0 0 0 0 0 0 12 0 16 0 0 0 0 0 0 0 17 0 0 0 2 0 30 2 198303 27 0 0 0 0 0 0 0 0 0 0 0 0 0 7 18 0 0 0 0 0 0 0 0 0 0 0 0 0 5 0 43 0
168 ACG 0 0 3 0 65 0 201715 12 0 0 2 0 0 0 52 0 0 0 0 0 0 0 2 0 0 0 0 0 0 0 0 0 0 0 0 0 0 0 37 0 0 0 0 0 0 0 0 0 0 0 0 0 0 0 0 12 0 0 0 0 0 0 0 0
169 AAG 40 0 202296 8 4 0 4 0 0 0 14 1 0 0 10 0 0 2 3 2 0 0 0 0 0 0 0 0 0 0 2 0 0 0 22 0 0 11 47 2 0 0 4 0 3 1 0 0 0 0 0 0 0 0 4 36 0 0 0 0 0 0 0 0
170 AAG 41 7 199207 11 0 6 2 0 0 6 26 0 0 0 23 0 0 0 12 5 0 0 0 0 17 0 0 3 0 5 2 0 1 0 13 0 0 40 35 6 0 0 0 0 0 0 0 0 0 12 0 0 7 2 1 2 0 0 0 0 0 0 6 0
171 GGG 2 55 0 0 1 13 0 0 0 6 23 0 0 2 0 0 12 0 8 0 0 1 0 0 0 0 33 0 3 12 8 0 0 9 145 3 0 9 2 4 36 0 199663 2 0 0 4 0 0 0 0 7 3 0 0 0 0 0 6 0 0 11 0 2
172 GAT 0 2 0 41 0 0 0 0 0 0 0 0 0 1 1 0 0 2 0 0 1 0 0 0 0 0 0 0 0 0 2 0 10 14 68 202643 0 4 0 2 0 0 0 60 0 0 0 1 0 0 0 1 0 0 0 0 0 0 0 0 0 0 0 0
173 TCA 0 13 0 24 0 56 27 13 0 45 0 1 2 3 0 0 1 8 0 0 23 0 0 0 0 0 0 0 35 11 29 0 164 49 3 86 2 0 0 0 1 11 0 0 0 6 14 14 1 20 0 22 202216 27 35 7 2 0 0 0 20 0 0 17
174 TAC 0 0 0 0 0 0 0 0 0 0 0 0 0 0 0 0 0 13 0 0 0 0 0 0 0 0 0 0 0 0 0 0 0 0 0 0 0 0 0 0 0 0 0 0 0 0 0 0 7 202574 0 56 0 1 0 0 0 24 0 0 0 1 0 0
175 CCA 199 0 10 87 203 7 0 14 39 7 4 58 9 2 1 0 27 10 167 12 201547 8 30 23 6 43 0 0 4 26 0 24 2 1 0 7 12 0 2 0 8 28 38 0 40 2 9 3 0 7 0 17 35 2 3 1 0 0 0 0 2 0 0 0
176 AAG 46 2 203081 13 10 0 8 8 0 0 35 0 0 0 15 3 1 23 5 9 22 0 2 1 0 0 0 4 0 25 0 5 0 0 3 0 5 1 11 3 0 0 0 0 0 2 7 3 0 1 4 5 0 0 0 1 0 0 10 0 2 5 0 0
177 CTG 0 0 0 0 18 9 3 2 0 0 0 0 0 1 8 65 0 0 1 0 0 0 13 0 0 0 2 0 37 14 202874 10 0 0 0 0 0 3 2 0 0 0 0 0 1 0 10 90 0 0 0 0 0 0 0 7 0 0 0 0 0 3 19 3
178 ACC 0 16 0 0 2 202735 4 16 0 2 0 0 0 16 0 0 0 0 0 0 0 0 0 0 0 0 0 0 4 20 4 13 0 0 3 0 1 32 0 36 6 0 1 0 1 5 0 0 0 0 0 0 3 13 0 0 0 0 0 0 18 0 0 0
179 AAT 11 9 2 203262 31 0 0 3 0 0 0 9 0 0 0 9 8 0 0 0 0 0 0 0 0 0 0 0 3 0 1 0 0 0 0 3 0 8 0 1 2 0 1 0 0 0 3 0 0 0 0 1 0 0 0 0 0 0 0 0 0 0 0 0
180 TCC 1 6 0 0 1 5 10 0 5 2 0 0 0 0 0 1 8 0 4 0 0 14 0 0 3 13 0 0 1 0 0 0 11 0 20 0 0 6 5 0 0 0 0 5 0 0 0 7 0 14 0 0 3 202706 0 8 0 0 1 0 2 11 2 0
181 TAT 0 0 0 0 0 0 0 0 0 0 0 0 0 0 0 0 0 0 0 37 0 0 0 0 0 0 0 0 0 0 0 0 0 0 0 3 0 0 0 0 0 0 0 0 0 0 0 0 3 8 2 203327 0 0 0 0 0 0 0 12 0 0 0 3
182 GTG 3 20 0 0 5 47 49 0 0 3 0 0 0 0 22 0 25 5 0 7 0 0 0 0 1 0 0 0 0 44 2 0 0 0 4 0 0 0 5 0 0 0 1 0 15 6 202254 2 0 0 0 58 7 0 0 0 0 2 9 4 16 5 5 43
183 AAC 3 203345 2 18 0 1 0 0 0 7 0 0 0 1 0 0 0 0 0 0 0 0 0 0 0 0 0 0 0 0 0 0 0 17 0 0 0 0 0 0 0 0 0 0 0 0 0 0 0 1 0 0 0 0 0 0 0 0 0 0 0 0 0 0
184 AAT 0 38 3 203115 9 0 0 4 0 0 0 15 0 4 6 2 3 0 0 3 0 0 0 0 0 0 0 0 0 2 0 0 16 1 0 9 0 0 0 7 0 0 0 0 0 0 10 0 0 0 0 0 0 0 0 12 0 0 0 0 0 0 5 0
185 AAA 202272 5 50 3 4 0 0 0 29 0 0 0 8 2 12 0 0 0 0 0 0 0 0 0 0 8 0 18 0 10 0 0 31 0 0 0 0 0 0 0 0 0 4 0 0 9 0 0 2 0 0 3 0 0 0 0 0 0 0 1 1 0 1 0
186 GGG 0 0 0 0 0 1 1 0 0 0 42 0 0 0 0 0 3 0 0 0 0 0 0 0 0 0 0 0 0 0 0 0 0 12 33 0 0 1 3 0 57 0 202260 8 0 0 0 0 0 0 0 0 1 2 25 9 0 0 11 0 0 0 0 0
187 AAA 202304 5 32 2 1 1 2 0 15 0 8 0 0 0 0 0 0 0 0 0 0 0 0 0 0 0 0 0 0 0 0 0 29 0 0 0 0 0 1 0 0 0 0 0 0 2 12 6 0 0 0 0 0 0 0 0 0 0 0 0 0 0 0 0
188 GAA 17 0 0 0 0 0 0 0 0 2 0 1 0 0 0 0 4 0 20 0 10 0 0 2 0 2 0 0 0 0 0 0 202667 18 21 4 1 0 0 0 25 0 0 0 41 0 0 1 2 0 0 1 5 0 0 1 0 0 0 0 3 0 0 0
189 GTC 0 0 0 0 0 0 0 0 0 0 0 0 0 48 0 10 0 0 0 0 0 0 0 0 0 0 0 0 0 0 0 0 0 3 0 0 0 9 0 0 0 0 0 0 4 202005 1 15 0 0 0 0 0 0 0 0 0 0 0 0 0 2 0 0
190 CTT 0 0 0 0 0 0 0 0 0 0 0 0 2 0 0 14 0 0 0 12 0 2 0 41 0 0 0 8 10 14 7 202802 0 0 0 0 0 0 0 0 0 0 0 0 0 0 0 0 0 0 0 0 0 0 0 0 0 0 0 0 0 0 2 6
191 GTA 0 0 0 0 0 0 0 0 0 0 0 0 20 1 0 56 0 0 0 0 0 0 0 0 0 0 0 0 0 0 6 2 1 0 0 0 8 0 0 0 1 0 0 0 161209 10 24 0 0 0 0 0 0 0 0 0 0 0 0 0 8 0 0 0
192 CTA 0 0 0 0 0 0 0 0 0 0 0 0 10 0 0 0 0 0 0 0 19 0 0 0 0 0 0 0 161070 0 20 2 0 0 0 0 0 0 0 0 0 0 0 0 0 0 2 0 0 0 0 0 0 0 0 0 0 0 0 0 23 0 5 0
193 TGG 0 0 0 0 0 0 0 0 0 0 1 0 0 0 0 0 0 0 0 0 0 0 0 0 0 0 9 0 0 0 0 0 0 0 0 0 0 0 0 0 0 0 2 0 0 0 0 0 0 0 16 0 0 0 0 0 15 0 160860 7 0 0 2 44
194 GGT 0 0 0 0 0 0 0 0 0 0 0 12 0 0 0 0 0 0 0 0 0 0 0 0 0 0 0 1 0 0 0 0 0 0 0 17 0 0 0 5 0 34 16 158077 0 0 0 2 0 0 0 0 0 0 0 0 0 0 0 8 0 0 0 0
195 GTT 0 0 0 0 0 0 0 0 0 0 0 0 2 0 0 51 0 0 0 0 0 0 0 0 0 0 0 0 0 0 0 0 0 0 0 4 0 0 0 35 0 0 0 2 1 62 16 159751 0 0 0 0 0 0 0 0 0 0 0 0 0 0 0 3
196 CAT 0 0 0 0 0 0 0 0 0 0 0 0 0 0 0 0 1 40 0 160449 0 0 0 2 0 0 0 11 0 0 0 0 0 0 0 0 0 0 0 0 0 0 0 0 0 0 0 0 0 0 0 6 0 0 0 0 0 0 0 0 0 0 0 0
197 CAC 0 18 0 2 0 0 0 0 0 0 0 0 0 0 0 0 2 160961 1 32 0 0 0 0 0 11 0 0 0 3 0 0 0 0 0 0 0 0 0 0 0 0 0 0 0 0 0 1 0 20 0 0 0 0 0 0 0 0 1 0 0 0 0 0
198 CCG 0 0 0 0 0 0 5 0 0 0 0 0 0 0 0 0 0 0 9 0 49 3 160064 4 0 0 0 0 0 0 15 0 0 0 0 0 0 0 0 0 0 0 0 0 0 0 0 0 0 0 0 0 0 0 18 0 0 0 0 0 0 0 0 0
199 TCT 0 0 0 1 0 0 0 0 0 0 0 4 0 0 0 0 0 0 0 0 0 0 0 12 0 0 0 0 0 0 0 0 0 0 0 0 0 0 0 0 0 0 0 0 0 4 0 0 0 0 0 33 0 56 1 160941 0 0 0 0 0 0 0 6
200 AGC 0 21 0 0 0 1 0 0 5 159954 3 82 0 4 0 0 0 0 0 0 0 0 0 0 0 1 0 0 0 0 0 0 0 0 0 0 0 0 0 0 0 29 0 0 0 0 0 0 0 0 0 0 0 0 0 0 0 0 0 0 0 0 0 0
201 AGT 0 0 0 16 3 0 0 1 0 3 1 160768 4 1 0 8 3 22 0 0 1 0 0 0 0 0 0 3 0 0 0 0 0 0 0 0 1 0 0 0 0 0 0 41 2 0 0 0 0 0 0 1 5 3 0 0 0 0 0 0 4 8 0 3
202 GAT 0 0 0 27 0 0 0 0 0 0 0 1 1 0 0 0 0 0 0 0 0 0 0 0 0 0 0 0 0 0 0 0 18 15 7 160652 0 0 0 1 0 0 1 25 0 0 3 4 0 0 0 1 0 0 0 2 0 0 0 0 0 11 0 0
203 GAG 0 0 8 0 0 0 0 0 0 0 0 0 0 0 0 0 0 0 0 0 0 0 0 0 0 0 0 0 0 0 0 0 47 0 161365 5 0 0 1 0 0 0 23 0 0 0 4 0 0 0 7 0 0 0 0 0 0 0 0 0 0 0 0 0
204 CAA 1 0 0 0 0 0 0 0 0 0 0 0 0 0 0 0 161166 1 12 0 0 0 0 0 0 0 0 0 0 0 0 0 0 0 0 0 0 0 0 0 0 0 0 0 0 0 0 0 30 0 0 0 0 0 0 0 0 0 0 0 0 0 0 0
205 CAG 0 2 5 117 0 0 0 1 0 0 0 1 0 0 16 0 22 0 160993 5 0 0 3 0 0 0 37 0 0 0 3 0 0 61 0 0 2 0 0 9 0 0 0 0 0 0 2 0 0 1 9 0 2 9 0 1 0 0 0 0 0 0 0 0
206 AGT 0 0 0 11 0 9 0 1 1 8 0 160704 0 0 0 5 0 0 0 0 0 0 0 0 0 0 0 2 0 0 2 0 0 31 0 0 0 0 0 0 0 2 8 44 0 0 0 0 0 6 0 0 0 0 0 23 0 0 0 1 0 0 0 0
207 CTC 0 0 0 0 0 0 0 0 0 0 0 0 0 1 0 0 0 4 0 0 0 22 0 0 0 2 0 0 9 160587 0 11 0 0 0 0 0 0 0 0 0 0 0 0 0 4 0 0 0 0 0 0 0 0 0 0 0 0 0 0 0 4 0 0
208 TAT 0 0 0 2 0 0 0 0 0 0 0 0 0 0 0 0 0 0 0 32 0 0 0 0 0 0 0 0 0 0 0 0 0 0 0 0 0 0 0 0 0 0 0 0 0 0 0 0 1 18 6 158508 0 0 0 1 0 0 0 4 0 0 0 1
209 AGT 0 7 0 107 5 4 0 0 1 47 1 160374 0 0 0 7 0 11 0 0 0 8 0 3 0 0 0 0 5 1 0 0 0 0 55 8 13 0 22 0 0 0 3 116 0 0 2 0 0 0 0 0 3 0 0 0 0 0 0 1 10 0 0 0
210 AAT 3 14 0 161374 0 12 0 2 0 6 0 13 4 1 0 0 1 0 0 1 5 0 0 1 0 2 0 0 0 23 0 0 0 0 0 17 0 0 0 0 1 21 37 27 0 5 0 0 0 0 0 2 4 8 0 10 0 0 0 0 7 0 1 0
211 GGA 5 4 0 5 12 0 0 0 13 25 0 2 0 3 0 0 0 0 0 0 0 33 0 0 0 0 0 3 0 0 0 1 90 0 0 0 13 0 0 0 160339 0 24 0 2 0 0 0 0 0 0 0 61 4 0 7 7 0 4 0 2 3 0 11
212 AAT 2 2 9 160927 0 0 0 2 0 0 1 16 2 0 0 10 0 11 0 7 0 16 0 3 2 0 0 1 5 1 3 29 0 0 4 8 0 0 4 0 0 0 12 1 0 0 0 1 0 0 0 0 0 2 0 0 0 0 0 0 0 0 2 4
213 GCT 5 0 16 0 20 0 2 56 0 4 0 0 0 0 0 0 0 0 0 0 20 17 3 37 0 0 0 0 0 0 0 0 0 0 0 8 0 19 5 160944 8 3 0 0 0 0 2 13 0 0 0 0 1 0 1 7 0 0 0 2 0 0 1 0
214 TAT 0 0 0 1 3 0 0 0 0 0 0 0 0 0 0 0 0 0 0 50 0 0 0 0 0 0 0 0 0 0 0 0 0 0 0 0 0 0 0 0 0 0 0 0 0 0 0 0 1 8 0 161180 0 0 0 4 0 1 0 5 5 2 0 0
215 GTC 0 0 0 0 0 0 0 0 0 0 0 0 0 31 0 7 0 0 0 0 0 0 0 0 0 0 0 0 0 0 0 0 0 0 0 0 0 5 0 0 0 0 0 0 7 160896 1 59 0 0 0 0 0 0 0 0 0 0 0 0 0 0 0 0
216 TCT 0 0 0 0 0 0 1 8 0 1 3 0 0 0 0 0 8 0 0 0 0 0 0 20 0 0 2 0 0 0 0 0 0 0 0 0 0 3 0 6 0 0 0 0 0 39 0 5 0 21 0 11 7 61 4 161201 0 0 0 1 1 0 0 15
217 GTA 0 0 0 0 0 0 0 0 0 0 0 0 31 0 0 0 0 0 0 0 0 0 0 0 0 0 0 0 2 0 0 0 0 0 0 0 15 0 0 0 1 0 0 0 159505 3 31 3 0 0 0 0 0 0 0 0 0 0 0 0 0 0 0 0
218 GCG 0 0 0 0 0 0 16 0 0 8 0 18 0 0 0 0 0 4 0 43 0 0 0 0 0 0 0 0 6 1 0 0 0 0 9 0 41 7 159281 7 0 0 1 0 5 0 71 0 0 0 0 0 0 60 3 0 0 3 8 0 0 4 0 0
219 TCT 0 0 0 0 0 0 0 4 0 3 0 0 0 0 1 0 0 0 0 0 0 0 0 23 0 0 0 0 0 0 0 0 0 0 0 0 0 6 6 2 3 3 0 0 0 0 0 0 0 0 0 20 30 85 10 160439 0 0 2 2 0 0 0 5
220 TCA 0 5 12 0 6 16 0 5 52 7 38 3 0 0 19 0 0 13 1 1 61 10 11 3 4 0 0 7 0 0 4 2 37 4 0 1 5 0 1 0 0 0 3 9 0 9 5 5 2 0 0 2 160346 24 24 3 0 0 0 0 39 14 0 0
221 AAT 2 25 1 160265 2 0 0 12 0 0 0 30 0 8 5 2 4 1 0 37 0 0 0 0 0 3 0 0 0 29 0 3 0 0 0 14 0 8 0 9 20 0 0 6 0 0 5 0 0 0 0 2 0 0 5 6 0 0 0 0 0 0 6 1
222 TAT 0 0 0 0 0 0 0 0 0 0 0 0 0 3 3 0 0 7 0 26 0 0 0 0 0 0 0 0 1 0 1 5 0 0 0 0 0 0 0 0 0 0 0 0 2 0 0 2 0 42 0 160772 0 0 0 0 0 0 0 6 0 0 0 0
223 AAC 1 160165 0 27 0 0 0 0 0 32 0 0 23 3 0 6 0 12 4 2 0 0 0 0 0 0 0 0 2 7 0 0 22 30 0 2 2 0 0 0 2 7 4 8 0 1 0 0 0 191 0 1 0 0 0 0 0 2 1 4 48 142 0 9
224 AGG 0 3 26 0 0 2 0 2 14 4 160003 34 0 0 13 0 7 17 0 7 0 0 0 0 0 59 13 3 0 0 0 0 0 0 0 0 1 0 6 0 0 0 31 1 0 0 0 0 0 0 0 0 4 1 0 0 0 1 9 0 0 0 0 0
225 AGA 24 0 0 0 0 0 0 0 160905 1 15 1 5 0 0 0 0 0 3 0 0 0 0 0 1 0 0 59 0 1 0 0 1 0 0 0 0 0 0 0 27 0 0 0 0 0 0 0 0 0 0 0 0 0 0 0 1 0 0 0 0 0 0 0
226 TTC 0 0 0 0 1 2 0 6 0 0 0 0 0 11 0 15 0 0 0 6 0 0 0 0 0 0 0 0 0 29 0 0 12 0 0 0 0 0 0 0 0 0 0 0 36 1 0 32 0 6 0 0 0 14 0 0 0 3 2 0 15 159744 0 18
227 ACC 0 2 0 0 0 160371 11 13 0 0 3 4 1 106 0 3 3 0 0 0 0 3 0 0 0 0 0 11 3 0 0 0 0 0 0 0 0 55 2 0 0 0 0 0 0 0 2 0 0 8 0 0 2 7 0 0 0 0 0 1 2 0 6 3
228 CCG 0 0 0 0 2 0 11 0 0 0 0 0 1 4 0 2 0 0 9 0 76 2 154932 34 0 0 30 0 0 0 20 0 0 0 0 0 0 0 11 5 0 0 0 0 0 0 22 4 0 0 0 0 0 0 8 0 0 0 0 0 0 0 0 0
229 GAA 10 0 0 0 39 15 4 23 0 3 2 7 0 0 0 0 0 0 0 10 0 0 0 0 0 2 0 0 0 0 0 0 117525 14 7 0 3 0 2 1 28 7 7 3 1 0 0 2 8 17 0 28 5 4 9 46 0 0 0 0 2 32 2 64
230 ATA 0 0 0 0 6 1 0 0 1 0 0 0 158967 4 42 12 0 0 0 0 0 0 0 0 0 0 0 0 5 0 0 0 0 0 0 0 0 1 0 0 0 0 0 0 57 21 45 7 0 4 0 0 0 0 0 8 0 0 0 1 1 10 0 4
231 GCT 0 2 0 0 0 15 1 96 0 2 0 19 0 0 19 0 103 11 19 1 0 0 0 1 0 0 0 0 7 5 40 6 0 0 0 3 16 39 26 159859 0 0 0 1 42 10 2 96 0 1 0 7 53 2 39 30 0 0 90 14 3 1 43 2
232 GCA 77 15 0 6 103 21 1 0 1 10 3 1 8 15 9 82 38 22 0 23 7 3 3 1 0 0 0 20 0 95 66 22 28 2 1 0 157659 5 51 2 0 1 0 11 152 67 1 13 0 2 0 12 4 0 1 2 0 0 1 2 24 11 14 45
233 AGG 0 0 16 0 0 0 0 0 52 0 159903 2 0 0 28 0 0 0 0 0 0 0 0 0 1 0 9 0 0 0 0 0 0 0 0 0 0 0 0 0 0 0 53 0 0 0 0 0 0 0 0 0 0 0 0 0 0 0 7 0 0 0 0 0
234 CCC 5 0 0 0 0 11 4 0 0 0 0 0 0 1 0 0 0 7 0 0 21 156975 5 13 0 0 0 0 0 8 1 0 0 0 0 0 0 9 0 0 0 0 0 0 7 0 0 0 0 0 0 0 0 22 0 0 0 0 0 0 2 5 2 0
235 AAA 149542 8 38 5 5 7 0 7 20 24 0 0 11 8 0 0 6 0 1 0 0 0 0 0 14 52 5 0 5 0 5 25 33 0 0 0 0 0 0 6 0 0 0 0 1 18 7 2 1 2 0 1 0 28 32 0 0 0 0 0 0 4 32 4
236 GTA 0 1 0 0 0 1 0 0 0 0 19 2 160 59 10 4 16 2 1 0 0 0 0 0 10 3 0 1 0 0 5 4 2 1 9 3 24 0 0 0 0 0 0 0 153470 9 16 39 11 1 0 0 0 0 0 2 0 0 0 0 18 1 2 0
237 AGA 31 18 2 1 0 0 0 3 145180 2 34 13 3 1 2 1 0 9 46 23 0 0 0 0 5 1 0 0 5 2 30 30 0 0 14 0 0 1 0 2 32 0 2 0 1 0 0 0 0 10 0 3 0 1 0 0 1 0 0 0 2 5 15 4
238 GAT 0 1 0 11 0 0 0 1 2 0 2 0 0 12 0 0 0 0 0 0 0 0 0 0 0 0 0 0 0 0 1 0 88 29 2 136841 0 0 0 0 3 0 0 4 0 0 2 0 0 3 0 1 3 0 0 0 0 0 1 0 0 0 0 0
239 CAA 4 20 0 0 3 0 0 0 0 0 1 0 0 0 0 0 145689 0 23 8 1 0 0 2 25 1 0 0 2 0 0 0 3 0 0 0 0 0 0 0 0 0 0 0 0 1 0 0 4 0 0 0 2 0 0 0 0 0 0 0 0 0 0 0
240 CAT 1 0 0 4 0 45 0 0 0 0 0 0 0 0 3 1 0 5 0 59602 10 1 5 0 2 0 0 9 0 0 0 0 0 0 0 0 3 0 0 1 0 0 0 0 0 0 0 0 0 0 0 6 0 0 0 0 0 0 0 0 0 0 0 0
241 GGG 0 0 0 0 0 0 0 0 0 0 4 0 0 0 0 0 0 0 0 0 0 0 0 0 0 0 0 0 0 0 0 0 0 0 6 0 0 0 0 0 30 0 93433 25 0 0 1 0 0 0 0 0 0 0 0 0 0 0 2 0 0 0 0 0
242 AGG 0 0 12 0 0 0 0 0 12 0 75703 4 0 0 4 0 0 0 0 0 0 0 0 0 6 0 11 0 0 0 0 0 0 0 0 0 0 0 0 0 0 0 29 0 0 0 0 0 0 0 0 0 0 0 0 0 0 0 1 0 1 0 0 0
243 ATG 0 0 1 0 0 0 6 0 0 0 0 0 14 1 97050 3 0 0 0 0 0 0 0 0 0 0 0 0 0 0 0 0 0 0 0 0 0 0 0 0 0 0 0 0 0 0 12 0 0 0 0 0 0 0 0 0 0 0 0 0 0 0 1 0
244 AAC 2 100807 0 18 0 2 0 0 0 4 1 0 4 0 0 0 2 0 6 0 0 0 0 0 0 0 0 0 0 0 0 3 0 8 1 0 7 3 0 0 0 0 0 5 1 0 0 4 0 6 0 4 0 0 0 0 0 0 0 0 0 0 4 0
245 TAT 0 0 0 0 0 0 0 0 0 0 0 0 0 0 0 0 0 1 0 15 0 0 0 0 0 0 0 0 0 0 0 0 0 0 0 0 0 0 0 0 0 0 0 0 0 0 0 0 2 21 0 99552 0 0 0 3 0 0 0 2 0 0 0 0
246 TAC 0 2 0 0 0 0 0 0 0 0 0 0 0 0 0 0 0 57 0 0 0 0 0 0 0 0 0 0 0 0 0 0 0 4 0 0 0 0 0 0 0 0 0 0 0 0 0 0 6 118330 1 7 1 0 0 0 0 19 0 0 1 1 0 0
247 TGG 0 0 0 0 1 0 0 0 0 0 0 0 0 0 0 0 0 0 0 0 0 0 0 0 0 0 29 0 0 0 1 0 0 0 0 0 0 0 0 0 0 0 0 0 0 0 0 0 0 0 9 0 0 0 0 0 20 0 128630 3 0 0 5 0
248 ACC 0 2 1 0 14 144271 1 22 0 0 0 0 1 24 1 0 2 0 0 0 0 1 0 0 0 0 0 0 0 0 0 4 0 2 0 0 0 10 0 2 0 0 0 0 1 9 0 0 0 0 0 0 0 4 1 0 0 0 2 0 2 0 0 0
249 TTG 0 0 0 0 0 0 0 0 7 0 0 0 2 18 19 1 0 0 0 0 0 0 0 0 0 0 0 0 9 0 52 13 0 0 2 0 0 0 0 0 0 0 0 0 0 1 6 2 0 0 3 0 0 0 28 0 0 0 1 0 29 1 149529 6
250 CTA 0 0 0 0 0 0 0 0 0 0 0 0 10 5 0 0 2 0 0 0 25 0 0 0 0 0 0 0 157965 2 27 1 0 0 0 2 0 0 0 0 0 0 0 0 3 0 1 0 0 0 0 0 0 0 0 0 0 0 0 0 75 0 3 0
251 GAA 26 0 0 13 0 1 0 0 0 0 0 1 0 0 0 0 5 0 22 1 3 0 0 0 1 0 0 0 0 0 0 13 156571 2 18 0 7 6 0 0 18 0 0 0 7 0 2 0 7 0 0 2 1 3 0 0 0 0 0 2 1 0 0 1
252 CCC 0 0 3 0 0 5 0 0 0 0 0 0 0 0 0 0 0 3 0 5 6 144708 7 44 0 0 0 0 0 1 0 0 0 0 0 0 0 1 2 1 0 0 0 0 0 0 0 0 0 0 0 1 0 6 0 14 0 0 0 0 0 0 0 0
253 GGA 0 0 0 1 0 0 0 0 43 0 0 0 0 0 0 0 0 0 0 0 1 0 0 0 2 0 0 0 1 0 0 0 15 0 2 1 0 0 4 1 153699 5 46 19 0 0 0 0 0 0 0 0 3 3 0 0 1 0 13 0 0 2 0 0
254 GAC 0 15 0 0 0 0 0 0 0 0 0 0 0 0 0 0 29 2 0 2 0 0 0 0 0 0 0 0 0 0 0 0 20 151492 5 21 6 1 18 0 0 14 12 0 0 0 0 0 0 4 0 0 2 8 0 0 0 0 0 0 0 0 0 0
255 ACA 7 2 0 0 155044 49 21 10 11 0 0 0 28 0 4 1 6 0 0 0 1 0 0 0 0 0 0 0 1 0 0 0 0 0 0 0 4 4 0 0 0 0 0 0 0 0 0 0 0 0 0 9 4 19 0 0 0 0 0 0 0 0 0 0
256 ATA 2 0 0 0 23 0 0 0 0 0 0 0 160068 25 16 22 0 0 0 0 0 0 0 0 0 0 0 0 2 1 8 1 0 0 0 0 0 0 0 0 0 0 0 0 7 0 0 7 0 0 0 0 0 0 0 0 0 0 0 0 35 0 1 0
257 ATA 5 0 0 0 28 0 0 2 0 1 0 1 160087 6 90 11 7 0 16 0 0 0 0 0 0 0 0 0 6 21 20 0 0 0 0 0 0 2 0 1 0 0 1 0 67 38 0 0 0 9 0 14 1 0 1 8 0 7 6 0 30 16 0 0
258 TTT 0 0 0 0 0 0 0 0 0 0 0 0 0 0 0 27 0 0 0 0 0 0 0 0 0 0 0 0 3 0 0 13 0 0 0 0 0 0 0 0 0 0 0 0 3 0 0 8 0 0 0 0 0 3 0 11 0 0 0 1 5 11 1 159581
259 GAG 0 0 10 0 0 0 0 0 0 0 0 0 0 0 0 0 0 5 1 0 0 0 0 0 0 0 0 0 0 0 0 0 32 1 160117 21 0 0 8 0 0 0 48 0 0 0 6 0 0 0 5 0 0 0 0 0 0 0 0 0 0 0 0 0
260 GCA 0 0 0 0 16 0 0 0 0 0 0 0 0 0 0 0 0 0 0 0 0 0 0 0 0 0 0 0 0 0 0 0 0 0 0 0 160616 4 4 5 6 0 1 1 38 0 0 0 0 0 0 0 1 1 5 9 0 0 0 0 0 0 0 0
261 ACT 0 0 0 1 4 47 6 160850 0 8 0 2 0 0 0 8 0 0 2 0 0 0 0 0 0 0 0 0 0 0 0 0 0 0 0 0 0 0 0 7 0 0 0 0 0 0 0 0 0 0 0 0 0 3 0 3 0 0 0 0 0 0 0 0
262 GGT 0 0 0 0 0 0 0 0 0 0 0 18 0 0 0 0 0 0 0 0 0 0 0 0 0 0 0 0 0 0 0 0 0 0 0 18 0 0 0 0 1 57 2 159815 0 0 0 1 0 0 0 0 0 0 0 0 0 0 0 3 0 0 0 0
263 AAT 0 24 0 160490 0 0 0 0 0 0 0 4 0 0 0 2 0 0 0 0 0 0 0 0 0 0 0 0 0 0 0 0 0 0 0 13 0 0 0 0 0 0 0 0 0 0 0 0 0 0 0 0 0 0 0 0 0 0 0 0 0 0 0 0
264 CTA 0 0 0 0 0 0 0 0 0 0 0 0 2 0 0 0 2 0 0 0 33 0 0 0 1 0 0 0 160653 0 35 2 0 0 0 0 0 0 0 0 0 0 0 0 1 0 0 0 0 5 0 4 0 0 0 0 0 0 0 0 11 0 0 0
265 ATA 3 0 0 0 12 0 0 0 1 0 0 0 160956 10 39 3 0 0 0 0 0 0 0 0 0 0 0 0 3 0 4 0 0 0 0 0 0 0 0 0 0 0 0 0 9 0 0 1 0 0 0 0 0 0 0 0 0 0 0 0 21 0 0 0
266 GCA 0 0 0 0 19 0 0 0 0 0 0 0 0 0 0 0 0 0 0 0 0 0 0 0 0 0 0 0 0 0 0 0 0 0 0 0 159442 10 5 9 0 0 0 0 16 0 0 2 0 0 0 0 3 0 0 0 0 0 0 0 0 0 0 0
267 CCA 0 0 0 0 2 0 0 0 0 0 0 0 0 0 0 0 4 0 0 0 160401 6 11 5 2 0 0 0 9 0 0 0 0 0 0 0 1 0 0 0 0 0 0 0 0 0 0 0 0 0 0 0 0 0 0 0 0 0 0 0 0 0 0 0
268 TGG 0 0 0 0 5 1 0 4 0 0 8 0 0 0 0 0 0 0 0 0 0 0 0 0 0 0 12 0 0 0 1 0 0 0 1 0 0 2 0 2 0 0 7 0 0 0 0 5 0 0 8 0 0 0 1 0 20 0 160121 1 0 0 11 0
269 TAT 0 0 0 0 0 0 0 0 0 0 0 0 0 0 0 0 3 0 0 28 0 0 0 0 0 0 0 0 0 0 0 0 0 0 0 0 0 0 0 0 0 0 0 0 0 0 0 0 0 7 0 160913 0 0 0 0 0 0 0 10 0 1 0 3
270 GCT 0 0 0 0 0 0 0 42 0 0 0 0 0 0 0 0 0 0 0 0 0 0 0 0 0 0 0 0 0 0 0 0 0 0 0 3 3 36 21 157650 0 6 0 3 0 0 0 13 0 0 0 0 0 0 0 8 0 0 0 0 0 0 0 0
271 TTC 0 0 0 0 0 0 0 0 0 0 0 0 0 0 0 0 0 0 0 0 0 0 0 0 0 0 0 0 0 15 0 0 0 0 0 0 0 0 0 0 0 0 0 0 0 0 0 0 0 0 0 0 0 16 0 0 0 0 1 0 5 157815 1 44
272 GCA 0 0 0 0 49 3 2 2 0 0 0 0 0 0 0 10 3 0 4 0 0 0 0 0 0 0 0 0 0 0 0 0 1 0 16 0 160408 4 17 3 0 0 4 25 23 0 0 0 0 0 0 0 22 3 0 0 0 0 0 0 3 0 0 0
273 CTG 0 0 0 0 0 0 1 0 0 0 0 0 48 0 5 10 0 0 3 0 0 0 59 0 0 0 4 0 40 1 160415 6 0 0 0 0 0 2 0 1 0 0 0 0 45 0 12 19 0 0 0 0 0 0 0 0 0 0 0 0 3 0 39 0
274 AGT 1 14 3 39 7 20 19 14 4 14 4 160942 19 3 15 17 7 0 0 6 0 0 0 0 6 0 0 3 0 0 0 0 0 2 0 0 1 15 0 0 19 9 0 34 0 20 4 1 0 11 0 0 20 0 2 0 0 0 0 2 0 0 12 0
275 AGA 9 0 0 0 0 0 0 0 160834 0 86 3 5 0 0 0 0 0 0 0 1 0 0 0 23 0 3 0 0 0 0 0 0 0 0 0 0 0 0 0 10 0 0 0 0 0 0 0 0 0 0 1 0 0 0 0 0 0 0 0 0 0 0 1
276 GGG 0 1 0 13 0 10 0 0 0 0 50 3 0 0 0 0 5 3 0 9 0 0 0 0 0 0 1 0 0 0 0 0 4 5 12 0 0 11 0 0 29 6 160697 10 0 0 2 0 0 0 0 0 10 9 8 13 0 0 22 0 0 0 2 0
277 TTT 15 0 1 2 6 0 1 5 6 8 30 1 17 5 16 4 16 14 0 17 0 3 6 1 0 0 0 0 56 4 3 37 7 2 2 1 4 7 46 0 0 0 0 2 6 0 26 10 0 1 0 3 0 30 4 22 0 0 0 3 9 77 16 160483
278 GAG 4 7 40 4 0 0 0 1 0 0 0 0 0 4 0 33 1 0 1 23 0 0 0 5 0 0 1 2 7 1 0 1 65 10 157849 13 6 4 7 0 2 0 47 7 7 0 4 2 1 28 4 9 0 0 4 3 0 0 8 0 26 3 2 0
279 TCC 0 0 0 0 0 8 0 0 0 3 0 0 0 0 0 0 0 0 0 0 0 11 0 0 0 0 0 0 0 0 0 0 0 0 0 0 0 4 0 0 0 1 0 0 0 0 0 0 0 3 0 0 29 156522 16 36 0 7 0 0 0 4 0 0
280 GGC 0 0 0 0 0 0 0 0 0 56 0 0 0 0 0 0 0 0 0 0 0 0 0 0 0 1 0 0 0 0 0 0 0 54 0 0 0 0 0 0 7 160121 6 38 0 3 0 0 0 0 0 0 0 0 6 0 0 2 0 0 0 0 0 0
281 ATC 0 0 0 0 0 22 0 0 0 2 0 0 4 160787 0 39 0 0 0 0 0 0 0 0 0 0 0 0 0 1 0 0 0 0 0 0 0 0 0 0 0 0 0 0 0 8 0 1 0 0 0 0 0 0 0 0 0 0 0 0 0 6 0 0
282 ATC 0 1 0 0 0 19 0 0 0 1 0 0 1 160522 0 45 0 0 0 0 0 0 0 0 0 0 0 0 0 1 0 3 0 0 0 0 0 0 0 0 0 0 0 0 0 17 0 0 0 0 0 0 0 0 0 0 0 0 0 0 0 5 0 0
283 ACC 6 2 2 0 25 160489 0 23 0 3 0 5 0 29 18 0 4 0 3 0 0 5 0 0 0 0 0 4 4 0 0 5 0 0 0 0 0 17 1 0 0 0 0 0 9 0 2 1 0 0 0 12 1 4 3 1 0 0 1 3 2 0 15 8
284 TCA 0 0 0 0 5 1 3 9 0 0 0 18 0 0 0 0 0 0 0 0 49 0 0 0 0 0 0 0 0 0 0 0 0 0 0 0 2 2 0 0 0 0 0 0 0 0 0 0 1 0 0 0 157744 12 35 13 0 0 0 0 3 0 0 0
285 AAC 7 153341 3 77 0 27 17 2 1 19 0 12 1 8 2 1 0 4 0 0 0 1 0 0 0 0 0 0 1 0 2 0 41 29 1 0 0 0 0 0 9 5 7 3 0 1 0 0 0 1 0 5 0 12 0 0 0 0 0 0 4 0 0 0
286 GCG 24 0 0 0 0 15 31 7 1 0 0 0 18 0 0 0 0 0 1 4 0 0 0 0 0 2 0 0 0 43 0 0 0 0 2 0 81 39 187091 7 0 4 3 0 0 0 11 1 0 0 0 0 0 0 10 0 0 0 0 0 14 0 0 0
287 TCA 0 0 0 0 6 0 0 0 0 0 0 0 1 0 0 0 2 1 4 0 40 2 0 1 0 0 0 0 0 0 0 0 0 0 15 3 6 0 0 0 0 0 0 0 0 0 0 6 1 0 0 0 188035 0 18 1 4 0 0 0 5 0 0 0
288 ATG 0 1 9 0 4 12 24 3 0 3 2 0 71 1 188896 6 0 0 0 0 2 3 0 0 0 0 0 0 0 0 0 8 0 0 0 0 0 0 0 0 0 0 0 0 1 0 20 0 0 0 0 5 0 0 0 0 0 0 0 0 0 0 10 0
289 CAT 0 0 0 5 0 10 0 0 0 0 0 0 0 0 0 0 2 15 0 188547 0 0 0 4 0 0 0 26 0 0 0 1 0 0 0 8 0 0 0 0 0 14 59 0 0 0 6 0 0 0 0 49 10 0 1 0 0 1 0 1 0 1 0 0
290 GAG 0 11 12 0 0 0 0 1 0 4 0 0 0 0 1 0 0 0 4 0 15 9 0 0 0 0 0 0 0 1 0 0 43 5 188637 15 0 0 1 0 0 0 30 0 0 0 1 0 0 0 5 0 0 0 0 0 0 0 0 0 8 0 0 2
291 TGT 0 0 0 0 0 0 0 0 0 0 0 0 0 0 0 0 0 0 0 0 0 0 0 0 0 0 0 4 0 0 0 0 0 0 0 0 0 0 0 0 0 0 0 2 0 0 0 0 0 0 0 37 0 0 0 1 0 38 0 186423 0 0 0 4
292 AAC 6 188713 0 19 3 17 0 0 0 36 0 3 0 7 0 0 0 6 0 0 0 0 0 0 0 0 0 0 0 0 0 0 7 42 0 0 1 5 0 0 0 0 0 0 2 0 0 0 0 10 0 0 4 35 0 11 0 0 0 0 0 0 0 0
293 ACG 0 0 1 0 68 0 188369 20 0 0 3 0 0 0 16 0 0 0 0 0 0 0 0 0 0 0 0 0 0 0 0 0 0 0 0 0 3 0 38 1 0 0 0 0 1 0 0 0 0 0 0 0 0 0 2 0 0 0 0 0 0 0 0 0
294 AAG 69 3 187310 12 0 18 2 1 0 2 27 0 1 3 3 15 0 1 1 7 0 0 0 0 1 3 2 3 13 34 2 18 2 0 37 1 0 0 0 0 0 0 0 3 0 6 3 0 0 0 3 1 7 33 3 0 0 0 1 0 0 2 24 0
295 TGT 0 0 0 0 0 0 0 0 0 0 0 1 0 0 0 0 0 0 0 0 0 0 0 0 0 0 0 4 0 0 0 0 0 0 0 0 0 0 0 0 0 0 0 2 0 0 0 0 0 0 0 10 0 0 0 0 4 46 0 188837 0 0 0 2
296 CAA 0 0 0 0 0 0 0 0 0 0 0 0 0 0 0 0 188847 3 18 0 1 0 0 0 46 0 0 0 1 0 0 0 1 0 0 0 0 0 0 0 0 0 0 0 0 0 0 0 9 0 0 0 0 0 0 0 0 0 0 0 0 0 0 0
297 ACA 2 3 0 0 187471 10 15 4 1 0 0 0 21 0 0 0 0 0 0 0 2 0 0 0 0 0 0 0 0 0 0 0 0 0 0 0 24 0 0 0 0 0 0 0 0 0 0 0 0 0 0 0 11 0 0 1 0 0 0 0 0 0 0 0
298 CCC 0 0 0 0 0 5 0 0 0 0 0 0 0 0 0 0 0 1 0 0 9 188323 1 15 0 0 0 0 0 15 0 0 0 0 0 0 0 1 0 0 0 0 0 0 0 0 0 0 0 0 0 0 0 7 0 0 0 0 0 0 0 0 0 0
299 CAG 0 0 3 16 0 0 0 2 0 2 0 20 1 6 1 1 27 0 187216 57 3 9 32 7 0 12 97 2 0 0 5 6 6 6 0 93 0 24 0 0 0 0 0 0 0 0 0 1 0 0 6 23 1 0 0 7 0 0 2 0 0 0 0 3
300 GGA 0 0 0 0 0 0 0 0 13 0 0 0 0 0 0 0 0 0 0 0 0 0 0 0 1 0 0 0 0 0 0 0 8 0 0 0 0 0 0 0 189177 4 31 2 0 0 0 0 0 0 0 0 0 0 0 0 4 0 0 0 0 0 0 0
301 GCT 0 0 0 0 0 0 0 10 0 0 0 4 0 0 0 0 0 0 0 0 0 0 0 0 0 0 0 0 0 0 0 0 0 0 0 3 5 53 8 188939 0 0 0 2 0 0 0 28 0 0 0 0 0 0 0 3 0 0 0 0 0 0 0 0
302 ATA 0 0 0 0 12 0 0 0 0 0 0 0 189333 1 9 5 0 0 0 0 0 0 0 0 0 0 0 0 0 0 0 0 0 0 0 0 0 0 0 0 0 0 0 0 16 0 0 1 0 0 0 0 0 0 0 0 0 0 0 0 0 0 0 0
303 AAC 8 188401 0 27 5 9 3 0 0 4 0 0 0 1 21 9 1 2 0 0 0 0 0 0 0 0 0 0 0 0 8 0 27 14 4 5 3 0 0 0 0 0 0 0 10 0 0 7 0 0 0 0 0 1 2 12 0 0 0 0 3 0 27 0
304 AGC 0 56 0 0 0 1 0 0 7 188541 0 57 0 3 0 0 0 0 0 0 0 0 0 0 0 0 0 0 0 0 0 0 0 0 0 0 0 0 0 0 5 13 0 0 0 0 0 0 0 0 0 0 2 0 0 0 0 1 0 0 0 0 0 0
305 AAT 2 26 1 186323 0 0 0 0 2 0 0 34 0 0 3 10 0 0 0 2 0 0 0 0 0 4 0 4 0 0 0 0 0 0 0 10 4 0 18 2 4 0 0 0 0 0 0 0 0 0 0 5 0 0 0 6 0 0 0 0 0 0 0 0
306 CTC 40 0 3 0 0 0 0 9 4 0 8 0 0 5 0 0 0 17 0 0 0 28 0 0 0 3 9 0 64 188074 2 13 0 0 0 0 6 11 0 0 0 0 0 0 0 0 0 0 0 0 0 0 0 0 7 0 0 0 0 3 6 18 1 0
307 CCT 0 0 0 0 0 0 0 4 0 0 0 0 0 0 0 0 0 0 0 10 6 54 22 189090 0 0 0 0 0 0 0 8 0 0 0 0 0 0 0 0 0 0 0 0 0 0 0 0 0 0 0 0 0 0 0 6 0 0 0 0 0 0 0 0
308 TTC 0 0 0 0 0 0 0 0 0 0 0 0 0 0 0 0 0 0 0 0 0 0 0 0 0 0 0 0 0 13 0 0 0 0 0 0 0 0 0 0 0 0 0 0 0 2 0 0 0 10 0 3 0 21 0 0 0 0 0 0 2 188456 1 18
309 CAG 0 0 2 0 0 0 0 0 0 0 0 0 0 0 0 0 41 0 188480 11 0 0 3 0 0 0 45 0 0 0 4 0 0 0 0 0 0 0 0 0 0 0 0 0 0 0 0 0 0 0 14 0 0 0 0 0 0 0 0 0 0 0 0 0
310 AAT 1 53 0 189125 0 0 0 3 0 0 0 6 0 0 0 0 0 0 0 0 0 0 0 0 0 0 0 0 0 0 0 0 0 0 0 18 0 0 0 0 0 0 0 0 0 0 0 0 0 0 0 1 0 0 0 0 0 0 0 0 0 0 0 0
311 ATA 0 0 0 0 16 0 0 0 0 0 0 0 189031 6 20 8 0 0 0 0 0 0 0 0 0 0 0 0 0 0 0 0 0 0 0 0 0 0 0 0 0 0 0 0 38 0 1 1 0 0 0 0 0 0 0 0 0 0 0 0 0 0 0 0
312 CAC 0 6 0 0 13 0 0 0 0 9 0 0 0 0 0 0 2 188687 1 16 0 7 0 0 0 8 0 0 0 3 0 0 0 5 0 1 2 0 0 29 1 0 0 0 0 0 0 0 0 34 0 0 4 9 12 20 0 0 0 0 0 0 0 0
313 CCA 0 0 0 0 3 0 0 0 0 2 0 0 0 0 0 0 2 0 0 0 188897 20 23 7 0 0 0 0 15 0 0 0 0 0 0 0 0 0 0 0 0 0 0 0 0 0 0 0 0 0 0 0 36 0 0 0 0 0 0 0 0 0 0 0
314 GTC 0 7 0 0 0 2 0 0 1 5 0 2 25 10 2 3 9 1 1 8 0 0 0 0 0 0 0 0 11 0 0 2 0 7 0 0 3 21 0 0 0 0 0 0 7 186754 4 16 0 8 0 16 4 0 6 0 0 0 0 0 0 19 0 0
315 ACA 3 0 0 0 188544 23 29 12 0 0 0 11 6 0 0 0 0 0 0 0 0 0 0 0 0 0 0 0 0 0 0 0 0 0 0 0 9 0 0 0 9 0 1 0 2 0 10 6 0 0 0 0 13 0 0 0 0 2 0 0 0 0 0 0
316 ATA 1 0 1 0 2 0 0 0 0 0 0 0 188306 25 35 15 0 0 0 0 0 0 0 0 0 0 0 0 7 0 0 0 0 0 0 0 0 0 0 0 0 0 0 0 11 0 2 0 0 0 0 0 0 0 0 0 0 0 0 0 3 0 0 0
317 GGA 0 0 0 0 0 0 0 0 13 0 0 0 0 0 0 0 0 0 0 0 0 0 0 0 0 0 0 0 0 0 0 0 15 0 0 0 0 0 0 0 188401 1 33 43 4 0 0 0 0 0 0 0 0 0 0 0 4 0 0 0 0 0 0 0
318 GAG 0 0 13 0 2 19 0 4 1 3 1 3 0 0 6 0 13 2 0 0 0 0 0 0 1 0 1 1 0 0 0 0 42 1 188121 8 1 5 0 0 0 0 25 0 1 0 4 0 0 0 5 0 23 17 0 10 0 0 0 0 0 0 0 0
319 TGC 0 0 0 0 0 0 0 0 0 2 0 0 0 0 0 0 0 0 0 0 0 0 0 0 0 8 0 0 0 0 0 0 0 0 0 0 0 0 0 0 0 3 0 0 0 0 0 0 0 68 0 0 0 0 0 0 1 187909 3 58 0 2 0 3
320 CCA 0 0 0 0 1 0 0 0 0 0 0 0 0 0 0 0 3 0 0 0 188266 29 4 41 0 0 0 0 5 0 0 0 0 0 0 0 0 0 0 0 0 0 0 0 0 0 0 0 0 0 0 0 13 0 0 0 0 0 0 0 0 0 0 0
321 AAA 187463 2 16 1 3 55 0 5 32 0 2 0 6 0 0 0 2 0 0 0 0 0 0 0 14 0 12 1 0 0 1 8 3 0 0 0 0 0 0 0 0 0 0 0 1 0 1 1 2 0 0 0 5 1 0 0 0 0 0 0 0 0 0 0
322 TAT 0 0 0 1 0 0 0 0 0 0 0 0 0 0 0 0 0 0 0 12 0 0 0 0 0 0 0 0 0 0 0 0 0 0 0 0 0 0 0 0 0 0 0 0 0 0 0 0 2 4 0 189184 0 0 0 0 0 0 0 30 0 2 0 32
323 GTC 0 0 0 0 0 0 0 0 0 0 0 0 4 133 0 0 0 0 0 0 0 0 0 0 0 0 0 0 0 0 0 1 0 4 0 0 0 10 0 0 0 1 0 0 13 186701 2 63 0 0 0 0 0 0 0 0 0 0 0 0 34 6 0 0
324 AGG 0 0 12 0 0 0 0 0 74 2 186675 4 0 0 7 0 0 0 0 0 0 0 0 0 2 19 48 1 0 0 0 0 0 0 0 0 0 0 0 0 0 0 37 0 0 0 0 0 0 0 1 0 0 0 0 0 0 0 1 0 0 0 0 0
325 AGT 0 0 0 29 0 1 0 2 0 23 0 187049 0 0 0 10 0 0 0 0 0 0 0 0 0 0 0 0 0 0 0 0 0 0 0 0 0 0 0 0 0 0 0 14 0 0 0 0 0 0 0 0 14 0 8 0 0 0 0 2 0 0 0 0
326 ACC 2 6 0 0 2 159261 2 16 4 0 1 1 0 12 1 0 0 0 0 0 0 30 3 0 0 0 0 0 0 3 0 0 0 0 0 0 1 112 0 0 0 0 0 0 0 0 0 1 0 0 0 0 0 13 0 1 0 0 0 0 0 1 0 0
327 AAA 187519 9 12 1 0 4 0 0 11 0 3 2 0 0 0 0 1 0 0 0 0 0 0 0 0 0 0 3 0 0 0 0 16 0 0 0 0 0 0 0 0 0 0 0 0 0 1 0 2 0 0 0 0 0 0 0 0 0 0 0 0 0 0 0
328 TTG 0 0 0 0 0 0 0 0 0 0 0 0 0 0 4 0 0 0 0 0 0 0 0 0 0 0 0 0 4 0 18 3 0 0 0 0 0 0 0 0 0 0 0 0 0 0 0 0 0 0 4 0 0 0 0 0 0 0 4 0 21 1 183690 0
329 AGG 0 0 22 0 0 1 0 0 106 0 177017 3 0 0 17 0 0 0 0 0 0 0 0 0 0 0 4 0 0 0 0 0 0 0 0 0 0 0 0 0 0 0 41 0 0 0 0 0 0 0 0 0 0 0 0 0 0 0 5 0 0 0 0 0
330 ATG 0 0 3 0 0 0 4 0 0 0 0 0 22 0 182892 2 0 0 0 0 0 0 0 0 0 0 0 0 0 0 1 0 0 0 0 0 0 0 0 0 0 0 0 0 0 0 20 0 0 0 0 0 0 0 0 0 0 0 0 0 0 0 1 0
331 GTT 0 0 0 0 0 0 0 0 0 0 0 0 0 0 0 14 0 0 0 0 0 0 0 0 0 0 0 0 0 0 0 0 0 0 0 0 0 0 0 22 0 0 0 0 4 21 21 177313 0 0 0 0 0 0 0 0 0 0 0 0 1 0 0 0
332 ACA 2 0 1 0 172561 18 82 12 0 0 0 0 29 0 0 0 0 0 0 0 1 0 0 0 0 0 0 0 0 0 0 0 0 0 0 0 22 0 0 0 0 0 0 0 0 0 0 0 0 0 0 0 1 0 0 0 0 0 0 0 0 0 0 0
333 GGA 0 0 0 0 0 0 0 0 9 0 0 0 0 0 0 0 0 0 0 0 0 0 0 0 0 0 0 0 0 0 0 0 35 1 0 0 0 0 0 0 160285 0 27 16 0 0 0 0 0 0 0 0 0 0 0 0 9 0 0 0 0 0 0 0
334 CTA 0 2 0 0 2 0 0 0 0 0 0 0 7 0 2 0 2 0 1 0 51 0 2 0 0 0 0 0 167479 2 17 12 0 0 0 0 0 0 0 0 0 0 0 0 1 0 0 0 0 0 0 0 0 0 0 0 0 0 0 0 11 0 0 0
335 AGA 11 0 0 0 3 0 0 0 167226 0 15 0 0 3 0 0 0 0 0 0 0 1 0 0 3 0 9 3 0 0 0 0 2 0 0 0 0 0 0 0 9 0 0 0 0 0 0 0 0 0 0 0 0 1 0 0 2 0 0 0 0 0 0 1
336 AAC 2 73045 3 7 0 0 0 0 0 2 0 0 0 0 0 0 0 0 0 0 0 0 0 0 0 0 0 0 0 0 0 0 0 5 0 0 0 0 0 0 0 0 0 0 0 0 0 0 0 2 0 0 0 0 0 0 0 0 0 0 0 0 0 0
337 ATC 4 14 0 5 1 40 0 0 2 2 5 1 3 72870 0 9 1 0 0 0 0 0 0 0 0 309 8 1 3 1 4 0 0 0 0 0 0 1 1 0 0 0 0 0 0 6 3 0 0 0 0 0 0 0 0 0 0 2 0 0 0 0 0 0
338 CCA 0 0 0 0 3 0 0 0 0 0 0 0 0 0 0 0 3 0 0 2 75481 0 5 0 0 0 0 0 2 0 0 0 0 0 0 0 0 0 0 0 0 0 0 0 0 0 0 0 0 0 0 0 5 0 0 0 0 0 0 0 0 0 0 0
339 TCC 0 0 2 0 1 4 0 2 1 0 0 2 9 0 0 0 0 0 1 0 0 7 0 0 0 0 0 0 0 1 0 0 0 0 0 0 7 11 0 1 0 0 2 0 1 0 3 0 0 0 0 0 2 72036 0 10 0 0 0 0 0 10 3 0
340 ATT 14 0 1 0 0 0 0 8 2 0 6 1 0 16 4 90968 0 0 0 0 0 0 0 0 1 0 0 0 0 0 0 0 0 0 0 0 0 1 0 0 0 0 0 0 0 0 0 6 0 0 0 0 0 0 0 0 0 0 0 0 0 0 0 2
341 CAA 0 0 0 0 0 0 0 0 0 0 0 0 0 0 0 0 75481 3 2 0 0 0 0 0 1 0 0 0 0 0 0 0 0 0 0 0 0 0 0 0 0 0 0 0 0 0 0 0 1 0 0 0 0 0 0 0 0 0 0 0 0 0 0 0
342 TAC 0 0 0 0 0 0 0 0 0 0 0 0 0 0 0 0 0 10 0 0 0 0 0 0 0 0 0 0 1 0 0 0 0 0 0 0 0 0 0 0 0 0 0 0 0 0 0 0 5 93008 2 5 0 0 0 0 0 8 0 0 0 1 0 0
343 AGA 16 0 0 0 6 0 0 0 126719 0 56 4 4 0 0 0 1 0 5 1 1 0 0 0 4 21 0 0 0 0 0 0 0 0 0 0 0 0 0 0 15 0 0 0 0 0 0 0 0 0 0 0 0 0 0 0 1 0 0 0 0 0 0 0
344 GGT 0 0 0 1 1 0 0 0 3 0 8 17 0 0 0 2 0 0 4 0 0 0 0 0 0 0 0 0 0 0 0 0 0 0 4 9 1 0 0 0 6 15 10 179601 0 0 0 0 0 1 0 0 1 0 0 0 0 0 0 8 0 2 0 0
345 CTA 0 0 0 0 1 0 0 0 2 0 2 0 15 1 0 15 4 0 0 0 29 0 0 0 0 0 0 0 166702 0 18 7 0 0 0 0 0 0 0 0 0 0 0 2 1 2 4 0 0 0 0 0 0 0 0 9 0 0 0 0 14 0 2 0
346 TTT 0 0 0 0 0 0 0 0 1 0 0 0 5 0 4 9 0 0 0 0 0 0 0 4 0 0 0 0 0 0 0 30 0 0 1 0 0 0 0 0 0 0 0 0 0 0 0 7 0 0 0 3 0 0 0 4 0 0 0 0 2 12 1 180161
347 GGA 0 0 0 0 0 0 0 0 6 1 0 0 0 0 1 0 0 0 0 0 0 0 0 0 0 0 0 2 0 0 0 0 4 0 0 0 0 0 0 0 182309 4 64 27 4 0 0 0 0 0 0 0 0 0 3 0 7 0 0 0 13 0 2 0
348 GCC 0 0 0 0 0 5 0 0 0 0 0 0 0 0 0 0 0 0 0 0 0 0 0 0 0 0 0 0 0 0 0 0 0 2 0 0 11 184524 16 9 0 0 0 0 0 65 0 0 0 0 0 0 0 8 0 0 0 0 0 0 0 0 0 0
349 ATT 0 0 0 0 0 1 0 9 0 0 0 1 9 12 2 185451 0 0 0 0 0 0 0 0 0 0 0 0 0 0 0 0 0 0 0 0 0 0 0 0 0 0 0 0 31 1 3 22 0 0 0 0 0 0 0 0 0 0 0 0 0 0 0 1
350 GCT 0 0 0 0 0 0 0 64 0 0 0 5 0 0 0 0 0 0 0 0 0 0 0 1 0 0 0 0 0 0 0 0 0 0 0 7 2 34 12 186518 0 0 0 1 0 0 0 7 0 0 0 0 0 0 0 2 0 0 0 0 0 0 0 0
351 GGT 0 0 0 0 0 0 0 0 0 0 0 13 0 0 0 0 0 0 0 0 0 0 0 0 0 0 0 0 0 0 0 0 0 0 0 13 0 0 0 0 4 21 56 179190 0 0 0 12 0 0 0 0 0 0 0 0 0 0 0 3 0 0 0 0
352 TTT 0 0 0 0 0 0 0 0 0 0 0 0 0 0 0 0 0 0 0 0 0 0 0 0 0 0 0 0 0 4 0 10 0 0 0 0 0 0 0 0 0 0 0 0 0 0 0 0 0 0 0 3 0 5 0 10 0 0 0 0 3 26 0 187621
353 ATT 0 0 0 2 0 0 0 2 0 0 0 0 4 19 0 188320 0 0 0 0 0 0 0 0 0 0 0 0 3 1 8 18 0 0 0 0 0 0 0 0 0 0 0 0 1 11 0 25 0 0 0 0 0 0 0 0 0 0 0 0 5 0 0 4
354 GAG 0 0 8 0 0 0 0 0 0 0 0 0 0 0 0 0 0 0 0 0 0 0 0 0 0 0 0 0 0 0 0 0 70 0 180678 19 0 0 2 0 0 0 44 0 0 0 7 0 0 0 4 0 0 0 0 0 0 0 0 0 0 0 0 0
355 GGG 0 0 0 0 0 0 0 0 0 0 15 0 0 0 0 0 0 0 0 0 0 0 0 0 0 0 0 0 0 0 0 0 0 0 21 0 0 0 0 0 45 15 185882 20 0 0 0 0 0 0 0 0 0 0 0 0 0 0 2 0 0 0 0 0
356 GGA 0 0 0 0 0 0 0 0 29 0 0 0 0 0 0 0 0 0 0 0 0 0 0 0 0 0 0 0 0 0 0 0 34 0 0 2 0 0 0 0 187759 7 365 8 7 0 0 0 0 0 0 0 0 0 0 0 2 0 0 0 0 0 0 0
357 TGG 0 0 0 0 0 0 0 0 0 0 0 0 0 0 0 0 0 0 0 0 0 0 0 0 0 0 5 0 0 0 0 0 0 0 0 0 0 0 0 0 0 0 1 0 0 0 0 0 0 0 36 0 0 0 0 0 21 0 188821 3 0 0 11 0
358 ACT 0 0 0 3 12 53 1 187775 0 1 0 8 2 6 0 5 0 2 0 0 0 0 0 7 0 0 0 0 19 0 1 0 0 0 0 0 0 0 0 20 0 0 0 0 0 2 0 0 0 5 0 0 0 1 0 3 0 0 0 0 1 0 0 0
359 GGA 0 0 0 0 0 0 0 0 32 0 0 0 0 0 0 0 0 0 0 0 0 0 0 0 0 0 0 0 0 0 0 0 27 0 0 0 0 0 8 0 187839 9 37 6 4 0 0 0 0 0 0 0 0 0 0 0 3 0 0 0 0 0 0 0
360 ATG 0 0 4 0 0 0 10 0 0 0 0 0 19 0 188379 3 0 0 0 0 0 0 0 0 0 0 0 0 21 23 19 18 0 0 0 0 0 0 0 0 0 0 0 0 0 0 20 0 0 0 0 0 0 0 0 0 0 0 0 0 1 0 8 0
361 ATA 69 0 33 0 14 0 0 0 0 0 0 0 188786 22 61 14 0 0 2 0 0 0 0 0 0 0 0 0 3 3 0 0 0 0 0 0 0 0 0 0 0 0 0 0 24 60 0 6 0 0 0 0 0 0 0 0 0 0 0 0 9 0 0 0
362 GAT 0 0 0 8 0 0 0 0 0 0 0 0 0 0 0 0 0 0 0 0 0 0 0 0 0 0 0 0 0 0 0 0 1 18 2 188245 0 0 0 0 0 0 0 19 0 0 0 0 0 0 0 2 0 0 0 0 0 0 0 0 0 0 0 0
363 GGA 0 0 0 0 0 0 0 0 15 0 0 0 0 0 0 0 0 0 0 0 0 0 0 0 0 0 0 0 0 0 0 0 18 0 0 0 0 0 0 0 187967 9 64 6 0 0 0 0 0 0 0 0 0 0 0 0 3 0 0 0 0 0 0 0
364 TGG 0 0 0 0 0 0 0 0 0 0 3 0 0 0 0 0 0 0 0 0 0 0 0 0 0 0 7 0 0 0 0 0 0 0 0 0 0 0 0 0 0 0 0 0 0 0 0 0 0 0 22 0 0 0 0 0 15 4 188259 1 0 0 3 0
365 TAT 0 0 0 1 0 0 0 0 0 0 0 0 0 0 0 0 0 0 0 34 0 0 0 0 0 0 0 0 0 0 0 0 0 0 0 1 0 0 0 0 0 0 0 0 0 0 0 0 0 17 0 188829 0 0 0 0 0 0 0 6 0 0 0 0
366 GGT 0 0 0 0 0 0 0 0 0 0 0 5 0 0 0 0 0 0 0 0 0 0 0 0 0 0 0 0 0 0 0 0 0 0 0 10 0 0 0 1 2 21 8 188078 0 0 0 2 0 0 0 0 0 0 0 0 0 0 0 0 0 0 0 0
367 TAT 0 0 0 1 0 0 0 0 0 0 0 0 0 0 0 0 0 0 0 10 0 0 0 0 0 0 0 0 0 0 0 0 0 0 0 0 0 0 0 0 0 0 0 0 0 0 0 0 3 14 8 189106 0 0 0 0 0 0 0 8 0 1 0 8
368 CAT 0 0 0 2 0 0 0 0 0 0 0 0 0 0 0 0 6 33 0 188841 0 0 0 4 8 0 0 8 0 0 0 0 0 0 0 0 0 3 0 0 0 0 0 0 0 0 0 0 0 0 0 14 0 0 0 0 0 0 0 0 0 0 8 10
369 CAT 0 0 0 4 0 0 0 0 0 0 0 0 7 3 4 0 4 38 1 188645 0 0 0 2 0 0 0 13 0 0 0 0 0 0 0 0 0 0 0 0 0 0 0 0 0 0 0 0 0 0 0 5 0 0 11 0 0 0 0 4 0 2 0 1
370 CAG 4 0 9 2 1 1 4 0 0 3 0 10 10 0 3 3 101 1 188924 3 0 0 2 0 0 0 38 3 1 2 8 0 0 0 6 0 0 0 0 0 0 0 0 0 8 15 4 0 0 0 12 1 9 4 4 0 0 0 11 1 2 0 0 4
371 AAT 1 15 1 188922 0 0 0 3 0 0 0 5 0 0 0 1 0 0 0 8 0 0 0 0 0 0 0 0 0 0 0 0 0 0 0 6 0 0 0 0 0 0 0 0 0 0 0 0 0 0 0 2 0 0 0 0 0 0 0 0 0 0 0 0
372 GAA 17 0 0 0 0 0 0 0 0 0 0 0 0 0 0 0 0 0 0 0 0 0 0 0 0 0 0 0 0 0 0 0 188925 6 28 4 6 1 0 3 10 0 0 5 1 0 0 0 1 0 0 0 2 0 1 22 0 0 0 0 0 0 0 0
373 CAG 0 0 1 0 0 0 0 0 0 0 0 0 0 0 0 0 20 0 188618 9 0 0 6 0 0 0 38 0 0 0 1 0 0 0 4 0 5 0 1 0 0 0 2 0 0 0 0 0 0 0 28 2 0 0 0 0 0 0 0 0 0 0 0 0
374 GGA 0 0 0 0 0 0 0 0 14 0 0 0 0 0 0 0 0 0 0 0 0 0 0 0 1 0 0 0 0 0 0 0 12 0 0 0 0 0 0 0 188798 18 32 23 0 0 0 0 0 0 0 0 0 0 0 0 4 0 0 0 0 0 0 0
375 TCA 0 0 0 0 8 3 0 0 0 0 0 5 0 0 10 0 0 0 0 0 10 0 0 0 2 0 0 0 0 0 0 0 8 0 0 0 4 0 0 0 0 0 0 0 0 0 0 0 2 0 0 0 188732 13 143 1 0 0 0 0 29 0 0 1
376 GGC 0 0 0 0 0 0 0 0 0 25 0 0 0 0 0 0 0 0 0 0 0 0 0 0 0 2 0 0 0 0 0 0 0 35 0 0 0 2 0 0 27 188464 1 16 0 0 0 0 0 0 0 0 0 0 0 0 0 5 0 0 0 0 0 0
377 TAT 0 0 0 0 0 0 0 0 0 0 0 0 0 0 0 0 0 0 0 20 0 0 0 0 0 0 0 0 0 0 0 0 0 0 0 2 0 0 0 0 0 0 0 0 0 0 0 0 1 15 2 188794 0 0 0 0 0 0 0 11 0 0 0 26
378 GCA 0 0 0 0 22 0 0 0 0 18 0 12 0 0 0 0 0 0 0 0 0 0 0 0 0 0 0 0 0 0 0 0 5 0 0 0 186604 22 37 38 6 0 0 1 116 0 0 0 0 0 0 0 2 2 0 0 0 8 0 0 0 0 0 0
379 GCG 0 0 0 0 0 0 12 0 0 0 0 0 0 0 0 0 0 0 0 0 0 0 0 0 0 0 0 0 0 0 0 0 0 0 2 0 79 2 188250 16 0 0 2 0 0 0 53 0 0 0 0 0 0 0 1 0 0 0 0 0 0 0 0 0
380 GAT 0 0 0 15 0 0 0 0 0 0 0 0 0 0 0 0 0 0 0 0 0 0 0 0 0 0 0 0 0 0 0 0 7 31 1 188636 0 0 0 0 0 0 0 20 0 0 0 0 0 0 0 0 0 0 0 0 0 0 0 0 0 0 0 0
381 CAA 23 0 5 0 0 0 0 0 0 0 2 0 0 0 0 12 148367 1 16 18 1 0 0 0 20 0 6 8 1 0 0 2 0 0 0 0 0 1 0 0 0 0 0 0 11 0 10 1 7 0 0 1 4 0 0 0 0 0 0 0 1 0 0 0
382 AAA 149301 0 21 0 1 0 0 2 16 0 4 0 9 0 0 5 1 0 0 0 0 9 0 0 6 1 0 4 0 0 0 0 3 0 3 0 0 10 0 0 2 0 0 0 0 0 1 1 0 0 0 0 0 0 0 12 0 0 0 0 1 0 0 1
383 AGC 0 43 0 0 0 1 0 0 4 148964 1 59 0 5 0 0 0 0 0 0 0 0 0 0 0 2 0 0 0 0 0 0 0 0 0 0 0 3 0 0 0 51 0 0 0 0 0 0 0 0 0 0 0 11 0 2 0 0 0 0 0 0 0 0
384 ACA 1 0 0 0 149635 9 13 1 0 0 0 0 9 0 0 0 0 0 0 0 0 0 0 0 0 0 0 0 0 0 0 0 0 0 0 0 9 0 0 0 0 0 0 0 0 0 0 0 0 0 0 0 4 0 0 1 0 0 0 0 0 0 0 0
385 CAA 4 0 0 0 0 0 0 0 0 0 0 0 0 0 0 0 149316 1 25 2 2 0 0 0 3 0 0 0 0 0 0 0 3 0 0 0 4 0 0 0 0 0 0 0 0 0 0 0 8 0 0 0 0 0 0 0 0 0 0 0 0 0 0 0
386 AAT 104 2 4 149228 1 0 1 0 7 3 40 10 4 0 0 22 6 0 53 2 0 0 0 0 30 2 10 6 0 0 6 0 2 0 0 9 0 7 0 0 0 0 0 0 0 0 6 0 0 0 0 4 0 1 2 29 0 0 0 0 12 4 3 0
387 GCC 0 0 0 0 0 17 0 0 0 0 0 0 0 0 0 0 0 0 0 0 0 1 0 0 0 0 0 0 0 0 0 0 0 0 0 0 5 147337 44 3 0 0 0 0 0 42 0 0 0 0 0 0 0 2 0 0 0 0 0 0 0 0 0 0
388 ATT 0 0 0 3 0 1 0 7 0 0 0 2 0 20 3 149174 0 0 0 0 0 0 0 0 0 0 0 0 0 0 0 3 0 0 0 0 0 0 0 0 0 0 0 0 5 7 0 5 0 0 0 0 0 0 0 0 0 0 0 0 0 0 0 0
389 AAC 13 149138 0 47 2 3 1 1 1 22 0 0 5 2 0 0 0 1 0 1 0 0 0 0 0 3 0 7 0 0 0 0 1 19 0 0 4 0 0 0 0 0 0 0 0 0 0 0 0 1 0 0 0 0 0 0 0 0 0 0 0 0 0 0
390 GGG 8 0 15 0 1 17 0 0 165 49 90 1 4 18 3 2 0 0 0 0 0 0 0 0 4 22 87 76 13 0 204 38 0 0 11 0 2 0 1 0 18 3 147198 5 0 30 11 17 0 0 0 0 14 7 170 7 0 11 9 10 19 5 31 4
391 ATT 0 0 0 0 0 0 0 2 0 0 0 0 70 36 3 149030 0 0 0 0 0 0 0 0 0 0 0 0 0 0 0 1 0 0 0 0 0 0 0 0 0 0 0 0 0 0 2 18 0 0 0 0 0 0 0 0 0 0 0 0 0 0 0 0
392 ACA 2 0 0 5 149445 6 10 3 2 0 10 0 19 0 0 0 0 2 0 0 4 0 0 0 0 1 0 0 0 0 0 0 0 0 1 0 28 1 1 0 0 0 0 0 0 0 0 0 0 0 0 1 2 1 0 4 0 0 0 0 0 0 4 0
393 AAC 3 148083 2 12 0 14 0 9 0 9 0 0 0 0 0 0 0 2 0 0 0 0 0 0 0 0 0 0 0 0 0 0 0 5 0 0 0 0 0 0 0 0 0 0 0 0 0 0 0 0 0 0 0 0 0 0 1 0 0 1 0 0 0 0
394 AAG 25 0 149252 11 0 0 0 0 0 0 12 0 0 0 0 0 0 0 2 0 0 0 0 0 0 0 0 1 0 0 0 0 0 0 5 0 0 0 0 0 0 0 0 0 0 0 0 0 0 0 1 0 0 0 0 0 0 0 0 0 0 0 0 0
395 GTG 0 0 0 0 0 0 0 0 0 0 0 0 3 0 11 5 0 0 0 0 0 0 0 0 0 0 0 0 0 0 1 0 0 0 1 0 0 0 6 0 0 0 0 0 23 12 149238 21 0 0 0 0 0 0 0 0 0 0 0 0 0 0 1 0
396 AAC 1 149967 1 8 0 1 0 0 0 4 0 0 0 0 0 0 0 0 0 0 0 0 0 0 0 0 0 0 0 0 0 0 0 9 0 0 0 0 0 0 0 0 0 0 0 0 0 0 0 0 0 0 0 0 0 0 0 0 0 0 0 0 0 0
397 TCT 0 2 0 0 0 0 0 4 0 0 0 0 0 0 0 0 0 0 0 0 0 0 0 1 0 0 0 0 0 0 0 0 0 0 0 0 0 19 3 22 0 0 0 0 0 0 0 0 0 0 0 2 0 27 7 149687 0 0 0 0 0 0 0 3
398 GTT 0 0 0 0 0 0 0 0 0 0 0 0 2 0 0 12 0 0 0 0 0 0 0 0 0 0 0 0 0 0 1 0 0 0 0 0 0 0 0 9 0 0 0 0 2 12 9 149527 0 0 0 0 0 0 0 0 0 0 0 0 0 0 0 5
399 ATC 0 0 0 0 0 7 0 0 0 0 0 0 6 149440 1 43 0 0 0 0 0 0 0 0 0 0 0 0 1 0 0 0 0 0 0 0 0 0 0 0 0 0 0 0 0 19 0 0 0 0 0 0 0 0 0 0 0 0 0 0 0 0 0 0
400 GAG 0 0 39 0 14 0 0 0 0 0 0 0 0 0 0 0 0 0 3 3 0 0 0 0 0 0 0 0 0 0 0 0 19 0 149066 2 0 0 0 1 0 0 14 0 0 0 0 0 0 0 8 0 0 0 2 0 0 0 0 0 0 0 0 0
401 AAA 146763 0 26 6 2 1 0 0 19 0 10 0 0 0 1 81 0 0 0 0 0 0 0 0 0 0 0 0 0 0 0 0 14 0 0 0 0 0 3 0 0 0 0 0 7 0 4 0 1 0 0 0 0 0 0 0 0 0 0 0 0 0 0 0
402 ATG 0 0 2 0 0 0 3 0 0 0 2 0 21 2 149222 4 0 0 0 0 0 0 0 0 0 0 0 0 0 0 6 1 0 0 0 0 0 0 0 0 0 0 0 0 2 1 3 0 0 0 0 0 0 0 0 0 0 0 0 0 3 0 0 23
403 AAC 5 149649 7 6 0 4 0 0 0 14 0 0 0 0 0 0 0 0 0 0 0 0 0 0 0 0 0 0 0 0 0 0 0 29 0 0 0 0 0 4 0 0 0 2 0 0 0 0 0 1 0 0 0 0 0 0 0 0 0 0 0 0 0 0
404 ACT 0 1 0 8 3 52 2 148970 10 2 7 8 0 0 0 8 3 0 3 2 0 0 0 0 2 0 0 3 0 12 1 9 0 0 0 0 2 2 0 3 7 0 0 3 4 0 3 8 0 0 0 0 11 0 35 1 0 0 0 0 0 0 0 0
405 CAA 5 0 0 0 0 0 0 0 0 0 1 0 0 0 0 0 149345 9 21 2 2 0 0 0 48 0 2 3 3 0 0 0 0 0 0 0 14 0 0 3 1 0 6 1 0 0 0 0 4 0 0 0 0 0 0 0 0 1 0 0 0 0 0 0
406 TTC 0 0 0 0 0 0 0 0 0 0 0 0 0 1 2 0 0 0 4 0 0 0 0 0 0 0 0 0 11 21 0 6 0 0 0 0 0 0 0 0 0 1 5 0 0 6 0 0 0 11 0 2 0 9 0 0 0 0 10 0 18 149261 6 7
407 ACA 15 0 0 8 149523 6 37 2 2 1 6 1 25 0 0 0 6 1 0 0 0 0 0 0 0 1 0 9 0 0 0 0 0 0 0 0 9 1 0 0 0 0 0 0 0 0 4 0 0 0 0 0 0 0 0 1 0 0 0 0 0 0 0 0
408 GCT 0 0 0 0 0 1 0 26 0 1 0 5 3 0 0 0 0 0 0 0 0 0 0 0 0 1 4 0 0 3 1 1 0 0 0 7 6 29 20 149227 6 0 0 2 0 0 1 12 0 2 0 3 1 0 0 12 0 0 0 0 0 4 0 0
409 GTG 0 0 1 0 2 0 10 0 0 0 0 0 7 0 16 0 0 0 0 0 0 0 0 0 0 1 0 0 0 0 9 0 0 0 0 0 0 0 7 0 5 0 2 0 43 27 149143 30 0 0 0 0 0 0 0 2 0 0 0 0 0 0 9 0
410 GGT 0 0 0 0 0 1 0 0 0 0 0 69 0 0 0 0 0 0 1 0 0 0 0 0 0 0 0 1 0 0 0 0 0 1 0 69 1 0 0 0 0 46 9 144652 0 0 0 0 0 0 0 0 0 5 0 1 0 0 0 9 0 0 0 0
411 AAA 149522 3 40 1 0 1 0 0 4 0 0 0 0 0 0 0 2 0 0 0 1 0 0 0 0 0 0 0 0 0 0 0 9 0 0 0 0 0 0 0 4 4 2 0 4 0 0 0 1 0 0 0 0 0 0 0 0 0 0 0 0 0 0 0
412 GAA 13 0 0 0 0 6 0 0 0 7 0 0 5 2 0 0 1 0 0 0 0 0 0 0 1 2 0 0 11 0 0 1 149156 1 18 1 1 0 0 0 9 0 0 0 2 0 1 1 1 0 0 0 0 0 0 0 0 0 0 1 20 0 4 2
413 TTC 0 0 0 0 0 0 0 0 0 0 0 0 0 3 0 0 0 0 0 0 0 0 0 0 0 0 0 0 0 4 0 0 0 0 0 0 0 0 0 0 0 0 0 0 0 1 0 0 0 4 0 0 0 9 0 0 0 1 4 0 1 148672 0 7
414 AAC 2 148849 1 12 0 2 0 0 0 25 0 1 0 0 0 0 0 4 0 0 0 0 0 0 0 0 0 0 0 0 0 0 0 30 0 0 0 0 0 2 16 9 15 12 0 0 0 0 0 0 0 0 1 2 0 0 0 0 0 0 0 0 0 0
415 AAC 7 149170 0 23 0 0 0 17 2 19 6 1 3 74 0 0 0 1 0 0 0 0 0 0 9 1 0 0 0 5 0 0 0 9 0 0 6 0 0 4 1 2 12 0 2 2 9 0 0 2 0 0 2 3 0 2 0 0 4 0 2 5 1 1
416 TTA 0 0 0 0 0 0 0 0 0 0 0 0 6 0 0 0 0 0 0 0 1 0 0 0 0 0 0 0 11 7 0 0 0 0 0 0 0 0 0 0 0 0 0 0 2 0 0 0 0 0 0 0 12 0 0 0 0 0 0 0 148669 3 34 0
417 GAA 7 0 0 0 0 0 0 0 0 0 0 0 0 0 0 0 1 0 0 0 0 0 0 0 0 0 0 0 0 0 0 0 149289 1 13 0 0 0 0 0 8 0 0 0 0 0 0 0 0 0 0 0 0 0 0 0 0 0 0 0 0 0 0 0
418 AAA 149711 2 10 0 0 0 0 0 10 0 0 0 0 0 0 0 1 0 0 0 0 0 0 0 0 0 1 0 0 0 0 0 9 0 0 0 0 0 0 0 0 0 0 0 0 0 0 0 0 0 0 0 0 0 0 0 0 0 0 0 0 0 0 0
419 AGG 0 0 30 0 0 0 0 0 21 0 145858 5 0 0 17 0 0 0 0 0 0 0 0 0 0 0 40 0 0 0 0 0 0 0 0 0 0 0 0 0 0 0 107 0 0 0 0 0 0 0 0 0 0 0 0 0 0 0 0 0 0 0 0 0
420 ATG 0 0 0 0 0 0 5 0 0 0 0 0 18 0 148689 1 0 0 0 0 0 0 0 0 0 0 0 0 0 0 0 0 0 0 0 0 0 0 0 0 0 0 0 0 0 0 26 0 0 0 0 0 0 0 0 0 0 0 0 0 0 0 0 0
421 GAA 12 0 0 0 0 0 0 0 0 0 0 0 0 0 0 0 0 0 0 0 0 0 0 0 0 0 0 0 0 0 0 0 123640 14 41 11 0 0 0 0 33 0 0 0 1 0 0 0 1 0 0 0 0 0 7 0 0 0 0 0 0 0 0 0
422 AAT 1 5 0 148516 0 0 0 1 0 0 0 13 0 0 0 3 0 0 0 3 0 0 0 0 0 0 0 0 0 0 0 0 0 0 0 8 0 0 0 0 0 0 0 0 0 0 0 0 0 0 0 1 0 0 0 0 0 0 0 0 0 0 0 0
423 TTA 0 0 0 0 0 0 0 0 0 0 0 0 3 0 0 0 0 0 0 0 0 0 0 0 0 0 0 0 16 1 0 0 0 0 0 0 0 0 0 0 0 0 0 0 0 0 0 0 1 0 0 0 6 0 0 0 0 0 0 0 149201 4 42 1
424 AAT 0 23 2 144715 0 0 0 0 0 0 0 2 0 0 0 1 0 0 0 0 0 0 0 0 0 0 0 0 0 0 0 0 0 0 0 4 0 0 0 0 0 0 0 0 0 0 0 0 0 0 0 0 0 0 0 0 0 0 0 0 0 0 0 0
425 AAA 145433 1 42 0 3 0 0 0 4 0 0 0 1 0 0 0 2 0 0 0 0 0 0 0 3 0 0 12 0 0 0 0 2 0 0 0 0 0 0 0 0 0 0 0 0 0 0 0 2 0 0 0 0 0 0 0 0 0 0 0 0 0 0 0
426 AAA 145532 4 279 1 2 0 0 0 16 0 0 2 1 0 0 0 0 0 0 0 0 0 0 0 0 0 0 0 0 0 0 0 9 0 0 0 0 0 0 0 0 0 0 0 0 0 0 0 0 0 0 0 0 0 0 0 0 0 0 0 0 0 0 0
427 GTT 1 0 1 0 0 0 0 0 0 0 0 81 0 0 1 34 0 0 0 0 0 0 0 0 0 0 0 0 0 0 0 0 0 0 0 1 0 0 0 5 0 0 1 0 1 16 0 136912 0 0 0 0 0 0 0 0 2 0 0 0 0 0 175 0
428 GAT 1 0 0 10 1 0 0 0 0 0 0 0 0 0 180 0 0 0 1 0 0 0 0 0 1 0 0 0 0 0 0 0 4 11 0 139172 0 0 0 1 0 0 0 13 0 0 0 2 0 0 0 1 0 0 0 0 83 0 0 0 0 0 1 0
429 GAT 0 0 0 15 0 0 0 0 0 0 0 0 0 0 177 0 0 0 0 0 0 0 0 0 0 0 0 0 0 0 0 0 2 4 0 142997 0 0 0 3 0 0 1 15 0 0 0 0 0 0 0 1 0 0 0 0 80 0 2 0 0 0 0 0
430 GGG 0 0 0 1 0 0 0 0 0 0 2 0 0 0 0 0 0 0 0 0 0 0 0 0 0 0 0 0 0 0 0 0 0 0 11 0 0 0 0 0 15 1 86015 14 0 0 3 0 0 0 0 0 0 0 0 0 0 0 3 0 0 0 0 0
431 TTT 0 0 0 0 0 0 0 0 0 0 0 0 0 0 0 3 0 0 0 0 0 0 0 0 0 0 0 0 0 0 0 5 0 0 0 0 0 0 0 0 0 0 0 0 0 0 0 8 0 0 0 0 0 0 0 1 0 0 0 0 0 13 2 111321
432 CTG 0 0 0 0 0 0 0 0 0 0 0 0 0 0 5 0 2 0 1 0 0 0 14 0 0 0 1 0 11 1 64792 1 0 0 0 0 0 0 0 0 0 0 0 0 0 0 3 0 0 0 0 0 0 0 0 0 0 0 1 0 0 0 5 0
433 GAC 0 11 0 0 0 0 0 0 0 0 0 0 0 0 0 0 0 0 0 0 0 0 0 0 0 0 0 0 0 0 0 0 5 96931 1 11 0 0 0 0 0 6 0 0 0 0 0 0 0 1 0 0 0 0 0 0 0 0 0 0 0 0 0 0
434 ATT 0 0 0 1 0 0 0 4 0 0 0 2 1 7 3 122009 0 0 0 0 0 0 0 0 0 0 0 0 0 0 0 0 0 0 0 0 0 0 0 0 0 0 0 0 0 1 0 13 0 0 0 0 0 0 0 0 0 0 0 0 0 0 0 2
435 TGG 0 0 0 0 0 0 0 0 0 0 0 0 0 0 0 0 0 0 0 0 0 0 0 0 0 0 6 0 0 0 0 0 0 0 0 0 0 0 0 0 0 0 0 0 0 0 0 0 0 0 10 0 0 0 0 0 4 0 99692 2 0 0 9 0
436 ACA 0 0 0 0 109477 4 6 0 1 0 0 0 3 0 0 0 0 0 0 0 0 0 0 0 0 0 0 0 0 0 0 0 0 0 0 0 20 0 0 0 0 0 0 0 0 0 0 0 0 0 0 0 0 0 0 0 0 0 0 0 0 0 0 0
437 TAT 1 0 0 1 0 0 0 0 0 0 0 0 0 0 0 0 0 0 0 8 0 0 0 0 0 0 0 0 0 0 0 0 0 0 0 2 0 0 0 0 0 0 0 0 0 0 0 0 1 14 0 117056 0 0 0 4 0 0 1 14 0 0 0 0
438 AAT 2 9 0 144046 0 0 0 0 0 0 0 5 0 0 0 3 3 0 3 4 0 0 0 0 0 0 0 0 0 0 0 0 0 0 0 13 0 0 0 0 0 0 0 0 0 0 0 0 0 0 0 1 0 1 0 0 0 0 0 0 0 0 1 0
439 GCA 0 0 0 0 31 0 0 0 0 0 0 0 3 0 0 0 0 0 0 0 0 0 0 0 0 0 0 0 0 0 0 0 1 0 0 0 140524 2 13 4 2 0 0 0 24 0 0 0 0 0 0 0 1 0 0 0 0 0 0 0 0 0 0 0
440 GAA 7 0 0 0 0 0 0 0 0 0 0 0 0 0 0 0 0 0 0 0 0 0 0 0 0 0 0 0 0 0 0 0 145559 3 20 1 0 0 0 0 6 0 0 0 3 0 0 0 2 0 0 0 0 0 0 0 0 0 0 0 0 0 0 0
441 TTG 0 0 0 0 0 0 0 0 0 0 0 0 0 0 3 0 0 0 0 0 0 0 0 0 0 0 0 0 0 0 3 0 0 0 0 0 0 0 0 0 0 0 0 0 0 0 0 0 0 0 1 0 0 0 5 0 0 0 2 0 17 2 148191 3
442 TTA 0 0 0 0 0 0 0 0 0 0 0 0 1 2 0 0 0 0 0 0 0 0 0 0 0 0 0 0 10 0 0 2 0 0 0 0 0 0 0 0 0 0 0 0 0 0 0 0 1 0 0 0 5 0 0 0 0 0 0 0 147237 3 17 0
443 GTT 0 0 0 0 0 0 0 0 0 0 0 0 0 0 0 17 0 0 0 0 0 0 0 0 0 0 0 0 0 0 0 0 0 0 0 0 0 0 0 7 0 0 0 0 0 13 5 146913 0 0 0 0 0 0 0 0 0 0 0 0 0 0 0 3
444 CTA 0 0 0 0 0 0 0 0 0 0 0 0 8 0 0 0 0 0 0 0 10 0 0 0 0 0 0 0 146814 0 17 5 0 0 0 0 0 0 0 0 0 0 0 0 1 0 0 0 0 0 0 0 0 0 0 0 0 0 0 0 3 0 1 0
445 CTG 0 0 0 0 0 0 0 0 0 0 0 0 0 0 7 0 0 0 1 0 0 0 32 0 0 0 0 0 27 0 144769 6 0 0 0 0 0 0 0 0 0 0 0 0 0 0 1 0 0 0 0 0 0 0 0 0 0 0 0 0 20 0 23 0
446 GAA 15 0 0 0 0 0 0 0 0 0 0 0 0 0 0 0 0 0 0 0 0 0 0 0 0 0 0 0 0 0 0 0 148450 0 30 1 0 0 0 0 21 0 0 0 1 0 0 0 2 0 0 0 0 0 0 0 0 0 0 0 0 0 0 0
447 AAT 0 25 0 149653 0 0 0 1 0 0 0 5 0 0 0 3 0 0 0 1 0 0 0 0 0 0 0 0 0 0 0 0 0 0 0 1 0 0 0 0 0 0 0 0 0 0 0 0 0 0 0 0 0 0 0 0 0 0 0 0 0 0 0 0
448 GAA 21 0 0 0 0 0 0 0 0 0 0 0 0 0 0 0 0 0 0 0 0 0 0 0 0 0 0 0 0 0 0 0 148878 5 9 0 0 0 0 0 29 0 0 0 0 0 0 0 1 0 0 0 0 0 0 0 0 0 0 0 0 0 0 0
449 AGG 0 0 23 0 0 0 0 0 28 0 148368 2 0 0 7 0 0 0 0 0 0 0 0 0 43 0 9 1 0 0 0 0 0 0 0 0 0 0 0 0 0 0 32 0 0 0 0 0 0 0 0 0 0 0 0 0 0 0 5 0 0 0 0 0
450 ACT 0 0 0 0 4 55 8 149086 0 0 0 1 0 0 0 6 0 0 0 0 0 0 0 1 0 0 0 0 0 0 0 0 0 0 0 0 0 0 0 8 0 0 0 0 0 0 0 0 0 0 0 0 0 0 0 0 0 0 0 0 0 0 0 0
451 TTG 0 0 0 0 0 0 0 0 0 0 0 0 0 0 1 0 0 0 0 0 0 0 0 0 0 0 0 0 0 0 8 11 0 0 0 0 0 0 0 0 0 0 0 0 0 0 0 0 0 0 0 0 0 0 16 0 0 0 4 0 9 0 149254 4
452 GAT 0 0 0 13 0 0 1 0 0 0 0 0 0 0 0 0 0 0 0 1 0 0 0 0 0 0 0 0 0 0 0 0 0 13 0 148210 0 0 0 0 0 0 0 17 0 0 0 0 0 0 0 2 0 0 2 0 0 0 0 0 0 0 0 0
453 TTC 0 0 0 0 0 0 0 0 0 0 0 0 0 2 0 0 0 0 0 0 0 0 0 0 0 0 0 0 0 13 0 0 0 0 0 0 0 0 0 0 0 0 0 0 0 1 0 0 0 2 0 0 0 18 0 0 0 2 0 0 2 148181 1 6
454 CAT 0 0 0 6 0 0 0 0 0 0 0 0 0 0 0 0 3 14 1 149069 0 0 0 1 0 0 0 17 0 0 0 0 0 0 0 0 0 0 0 0 0 0 0 0 0 0 0 0 0 0 0 3 0 0 0 0 0 0 0 0 0 0 0 0
455 GAC 0 3 0 0 0 0 0 0 0 0 0 0 0 0 0 0 0 1 0 0 0 0 0 0 0 0 0 0 0 0 0 0 19 149507 0 28 0 0 0 0 0 13 0 0 0 1 0 0 0 1 0 0 0 0 1 0 0 0 0 0 0 0 0 0
456 TTA 0 0 0 1 13 0 13 0 0 0 4 0 2 0 0 0 0 67 0 0 0 0 0 0 0 0 27 23 51 4 0 0 0 0 0 0 0 0 0 0 2 0 0 1 4 2 4 9 0 0 0 0 19 0 0 0 0 0 0 0 147978 4 38 5
457 AAT 7 9 4 148934 0 0 1 0 0 0 0 2 0 0 0 0 0 0 0 1 0 0 0 0 0 0 0 0 0 0 0 0 0 0 0 5 0 0 0 0 0 0 0 0 0 0 0 0 0 0 0 1 0 0 0 0 0 0 0 0 0 0 0 0
458 GTG 0 0 0 0 0 0 0 0 0 0 0 0 0 0 14 0 0 0 0 0 0 0 0 0 0 0 0 0 0 0 0 0 0 0 2 0 0 0 7 0 0 0 1 0 29 7 148625 9 0 0 0 0 0 0 0 0 0 0 0 0 0 0 1 0
459 AAG 49 0 149004 17 0 0 4 0 0 0 17 0 0 0 3 0 0 0 0 0 0 0 0 0 0 12 0 1 0 0 0 0 0 0 8 0 0 0 0 0 0 0 0 0 0 0 0 0 0 0 1 0 0 0 0 0 0 0 0 0 0 0 0 0
460 AAT 1 34 0 148958 0 0 1 2 0 0 0 20 0 0 0 1 1 0 0 8 0 0 0 0 0 0 0 0 0 0 0 0 0 0 0 16 0 2 0 0 0 0 0 0 0 0 0 0 0 0 0 0 0 0 0 1 0 1 0 0 0 0 0 0
461 CTG 0 0 0 0 0 0 0 0 0 0 0 0 0 0 2 0 0 0 3 0 0 0 18 0 0 0 3 0 16 0 149308 3 0 0 0 0 0 0 0 0 0 0 0 0 0 0 0 0 0 0 0 0 0 0 0 0 0 0 0 0 0 0 12 0
462 TAC 0 0 0 0 0 0 0 0 0 0 0 0 0 0 0 0 0 12 0 0 0 0 0 0 0 0 0 0 0 0 0 0 0 0 0 0 0 0 0 0 0 0 0 0 0 0 0 0 1 149381 3 28 0 1 0 0 0 10 0 0 0 0 0 0
463 GAG 0 0 7 0 0 0 0 0 0 0 0 0 0 0 0 0 0 0 0 0 0 0 0 0 0 0 0 0 0 0 0 0 24 2 149056 11 0 0 2 0 2 0 3 0 0 0 0 0 0 0 2 0 0 0 0 1 0 0 0 0 0 0 0 0
464 AAA 149827 5 29 0 6 0 0 1 7 0 0 0 1 0 0 4 2 0 0 0 0 0 0 0 0 0 0 0 0 0 0 0 17 0 0 0 0 0 0 0 0 0 0 0 0 0 0 0 2 0 0 0 0 0 0 0 0 0 0 0 0 0 0 0
465 GTA 0 0 0 0 0 0 0 0 0 0 0 0 15 0 0 0 0 0 0 0 0 0 0 0 0 0 0 0 1 0 0 0 0 0 0 0 10 0 0 0 0 0 0 0 149321 11 21 7 0 0 0 0 0 0 0 0 0 0 0 0 2 0 0 0
466 AAA 149310 0 15 1 1 0 0 0 14 0 0 0 0 0 0 0 4 0 0 0 0 0 0 0 0 0 0 12 0 0 0 0 5 0 0 0 0 0 0 0 0 0 0 0 0 0 0 0 0 0 0 0 0 0 0 0 0 0 0 0 0 0 0 0
467 AGC 0 23 5 0 11 3 0 0 2 148788 2 79 0 1 0 0 0 0 0 0 0 0 0 0 1 6 0 0 0 0 0 0 0 0 0 0 4 0 0 0 1 44 5 0 0 4 0 10 0 0 0 0 0 0 0 0 0 0 0 1 0 0 0 0
468 CAA 5 0 0 1 11 1 0 0 0 7 0 0 6 0 11 0 149471 0 18 8 1 0 0 0 13 0 1 3 1 0 0 0 1 0 0 0 0 3 0 0 0 0 0 0 2 0 0 0 7 0 0 0 7 0 0 0 0 1 0 0 3 0 0 0
469 TTA 0 0 0 0 0 0 0 0 0 0 0 0 3 0 0 0 0 0 0 0 2 0 0 0 0 0 0 0 19 0 0 1 0 0 0 0 0 0 0 0 0 0 0 0 1 0 0 0 1 0 0 0 10 0 0 0 0 0 0 0 149545 0 18 2
470 AAG 16 0 149011 25 0 0 0 0 0 0 25 0 0 0 0 0 0 0 1 0 0 0 0 0 0 0 0 0 0 0 0 0 0 0 6 0 0 0 0 0 4 0 0 0 0 0 1 0 0 0 0 0 0 3 0 0 0 0 0 0 3 0 0 0
471 AAT 0 18 0 149241 0 7 2 8 0 11 0 5 0 0 2 0 0 0 0 0 0 0 0 0 0 0 0 0 0 0 0 0 0 13 0 12 1 3 0 0 0 2 0 0 0 4 0 0 0 0 0 1 0 0 0 0 0 0 0 0 0 1 0 0
472 AAT 1 4 0 149062 0 0 0 2 0 0 0 23 0 0 0 0 0 2 0 0 0 0 0 0 0 0 0 0 0 0 0 0 0 0 0 20 0 0 0 0 0 0 0 0 0 0 0 0 0 0 0 1 0 0 0 0 0 0 0 0 0 0 0 0
473 GCC 0 0 0 0 0 34 0 0 0 0 0 0 0 0 0 0 0 0 0 0 0 0 0 0 0 0 0 0 0 0 0 0 0 2 0 0 2 148826 0 40 0 0 0 3 0 6 20 6 0 0 0 0 0 2 0 0 0 0 0 0 0 0 0 0
474 AAA 148171 3 26 3 1 0 0 0 48 0 0 0 4 1 18 0 25 0 0 0 0 0 0 0 0 0 4 0 1 3 15 6 52 0 0 0 13 8 0 0 0 0 0 0 1 0 2 2 0 69 0 0 0 0 0 0 0 2 3 0 82 94 43 35
475 GAA 12 0 0 0 0 0 0 0 0 0 0 0 0 0 0 0 0 0 0 0 0 0 0 0 0 0 0 0 0 0 0 0 148513 4 7 0 0 0 0 0 7 0 0 0 1 0 0 0 5 0 0 0 0 0 0 0 0 0 0 0 0 0 0 0
476 ATC 0 6 16 0 0 70 0 3 0 0 0 0 2 153589 61 51 7 0 4 0 0 0 0 0 0 0 0 0 5 3 0 0 0 0 0 0 0 0 0 0 0 0 0 0 4 13 0 2 0 0 0 0 6 0 0 0 0 0 0 2 0 0 5 0
477 GGA 0 0 0 0 0 0 0 0 22 0 0 0 0 0 0 0 0 0 0 0 0 0 0 0 1 0 0 0 0 0 0 0 9 0 0 0 0 0 0 0 153703 4 72 2 2 0 0 0 0 0 0 1 0 0 0 0 1 0 0 0 0 0 0 0
478 AAT 4 4 1 149079 0 0 0 2 0 4 0 7 0 0 0 0 0 0 0 2 0 0 0 0 1 0 0 0 0 0 0 0 0 0 0 3 0 0 0 0 0 0 0 0 0 0 0 0 0 0 0 0 0 0 0 0 0 0 0 0 0 0 0 0
479 GGG 0 0 0 0 0 0 0 0 0 0 10 0 0 0 0 0 0 0 0 0 0 0 0 0 0 0 1 0 0 0 0 0 0 0 4 0 0 0 0 0 22 2 153829 9 0 0 5 0 0 0 0 0 0 0 0 0 0 0 5 0 0 0 0 0
480 TGT 0 0 0 0 0 0 0 0 0 0 0 0 0 0 0 0 0 0 0 0 0 0 0 0 0 0 0 7 0 0 0 0 0 0 0 0 0 0 0 0 0 0 0 1 0 0 0 0 0 0 0 26 0 0 0 0 0 26 5 152494 0 0 0 0
481 TTT 0 0 0 0 0 0 0 0 0 0 0 0 0 0 0 0 0 0 0 0 0 0 0 1 0 0 0 0 0 9 0 22 0 0 0 0 0 0 0 0 0 0 0 0 0 0 0 2 0 0 0 0 0 0 0 10 0 0 0 0 0 24 1 153750
482 GAG 0 0 22 0 0 0 1 0 0 0 0 0 0 4 0 0 0 0 1 0 0 0 0 0 0 0 0 3 2 0 0 0 41 0 153848 7 0 0 0 5 2 0 28 0 9 0 2 0 0 1 1 0 1 0 0 0 0 0 1 0 0 0 0 0
483 TTC 0 0 0 0 0 0 0 0 0 0 0 0 0 1 0 0 0 0 0 0 0 0 0 0 0 0 0 0 0 16 0 0 0 0 0 0 0 0 0 0 0 0 0 0 0 4 0 0 0 1 0 1 0 9 0 0 0 0 0 0 3 153815 0 21
484 TAC 0 1 0 0 0 0 0 0 0 0 0 0 0 0 0 0 0 46 0 0 0 0 0 0 0 0 0 0 0 0 6 0 0 1 0 0 0 0 0 0 0 0 0 0 0 0 0 0 3 152865 0 21 0 2 0 0 0 28 3 0 0 0 9 0
485 CAC 0 5 0 0 0 0 0 0 0 0 0 0 0 0 0 0 2 153529 0 10 0 1 0 0 0 12 0 0 0 0 0 0 0 0 0 0 0 0 0 0 0 0 0 0 0 0 0 0 0 1 0 0 0 0 0 0 0 0 0 0 0 0 0 0
486 AAG 12 0 153472 9 0 0 2 0 2 1 33 1 1 2 3 0 0 0 2 0 0 0 0 0 0 1 0 2 0 5 0 0 0 0 7 1 2 0 0 0 0 0 0 0 4 8 0 22 0 0 3 0 0 0 1 0 0 0 0 0 0 0 0 0
487 TGT 0 0 0 0 0 0 0 0 0 0 0 2 0 0 0 0 0 0 0 0 0 0 0 0 0 0 0 7 0 0 0 0 0 0 0 0 0 0 0 0 0 0 0 0 0 0 0 0 0 0 0 11 0 0 0 0 0 4 0 154210 0 0 0 3
488 GAC 0 17 0 0 0 0 0 0 0 0 0 0 0 0 0 0 0 0 0 0 2 0 0 0 0 0 0 0 0 0 0 0 1 153873 1 13 0 1 0 0 0 26 4 0 0 0 0 0 0 2 0 0 0 0 0 0 0 0 0 0 0 0 0 0
489 AAT 1 9 0 154217 0 0 1 3 0 0 0 8 0 0 0 0 0 0 0 0 0 0 0 0 0 0 0 0 0 0 0 0 0 0 0 28 0 0 0 0 0 0 0 0 0 0 0 0 0 0 0 0 0 0 0 0 0 0 3 0 0 0 0 0
490 GAA 11 0 1 0 4 0 0 0 0 1 0 0 0 0 6 1 1 0 0 0 0 0 0 0 0 0 0 0 1 0 0 0 153109 1 11 0 1 0 12 0 11 2 0 9 1 0 0 4 2 0 0 0 0 1 10 0 0 0 0 0 2 0 0 0
491 TGC 0 0 0 0 0 0 0 0 0 5 0 0 0 0 0 0 0 0 0 0 0 0 0 0 0 6 0 0 0 0 0 0 0 0 0 0 0 0 0 0 0 0 0 0 0 0 0 0 0 13 0 0 0 0 0 0 2 153586 0 71 0 2 0 0
492 ATG 0 0 0 0 0 0 6 0 0 0 0 0 66 2 151573 6 0 0 0 0 0 0 0 0 0 0 0 0 0 0 0 0 0 0 0 0 0 0 0 0 0 0 0 0 0 0 6 0 0 0 0 0 0 0 0 0 0 0 0 0 0 0 0 0
493 GAA 15 7 0 0 0 0 0 0 0 0 0 0 0 0 0 0 0 0 0 0 0 0 0 0 0 0 0 4 0 0 0 0 153092 12 7 3 1 8 0 0 88 9 0 68 4 0 0 0 1 0 0 0 6 6 4 1 0 0 2 0 0 0 0 0
494 AGT 0 0 0 27 0 1 2 1 6 8 0 154152 0 0 1 1 0 0 0 0 0 0 0 0 0 0 0 2 0 0 0 0 0 0 1 0 2 0 0 0 0 3 0 12 0 0 0 0 0 0 0 0 0 0 0 0 0 0 0 0 0 0 0 0
495 GTA 0 0 0 0 0 0 0 0 0 0 0 0 18 0 0 0 0 0 0 0 0 0 0 0 0 0 0 0 2 0 0 0 1 0 0 0 24 0 0 0 1 0 0 0 153530 0 45 21 0 0 0 0 0 0 0 0 0 0 0 0 1 0 0 0
496 AGA 16 0 0 0 1 0 1 0 153806 0 44 0 5 0 1 0 0 0 0 0 0 0 0 0 4 0 1 0 0 0 0 0 0 0 0 0 0 0 0 0 21 0 0 0 0 0 0 0 0 0 0 0 0 0 0 0 2 0 0 0 0 0 0 0
497 AAT 18 9 2 153850 2 0 4 31 5 1 0 52 11 0 3 2 3 1 0 4 0 0 0 0 0 5 0 1 8 12 4 10 21 0 0 27 4 0 7 8 0 0 6 4 1 1 9 5 0 0 0 1 1 67 1 14 0 1 0 0 2 0 1 0
498 GGG 0 0 0 0 0 0 0 0 0 0 9 0 0 0 0 0 0 0 0 0 0 0 0 0 0 0 0 0 0 0 0 0 0 0 17 0 0 0 0 2 34 4 153739 7 0 0 1 0 0 0 0 1 0 0 0 0 0 0 4 0 0 0 0 0
499 ACT 10 0 0 4 0 30 3 153495 0 0 0 1 0 0 6 11 18 0 0 0 0 0 0 3 9 0 1 0 10 0 0 2 0 0 0 3 6 0 0 38 1 0 0 0 74 0 0 3 0 0 0 0 0 0 20 9 0 0 0 0 1 8 0 3
500 TAT 0 0 0 0 0 0 0 0 0 0 0 0 0 0 0 0 0 0 0 20 0 0 0 0 0 0 0 0 0 0 0 0 0 0 0 0 0 0 0 0 0 0 0 0 0 0 0 0 0 7 2 154326 0 0 0 2 0 0 0 10 0 0 0 1
501 GAT 0 0 0 42 0 0 0 2 0 0 2 0 0 0 0 0 0 0 0 0 0 0 0 0 0 0 0 0 4 0 8 1 4 10 0 152639 2 0 0 0 0 0 0 17 0 0 0 0 0 0 0 14 0 0 0 0 0 1 0 0 0 0 0 0
502 TAT 0 0 0 0 0 0 0 0 0 0 0 0 0 0 0 0 0 0 0 21 0 0 0 0 0 0 0 0 0 0 0 4 0 0 0 1 0 1 4 0 0 0 0 0 0 0 6 0 0 14 1 153763 0 0 0 0 0 0 7 5 0 0 0 1
503 CCA 0 5 0 5 2 0 3 0 0 0 0 0 6 0 0 0 4 0 0 0 152947 37 37 1 0 1 0 1 7 0 0 0 0 0 0 0 4 0 0 0 0 0 0 0 0 0 32 1 0 0 0 0 11 0 0 1 0 0 0 0 0 0 0 0
504 AAA 153435 7 9 0 2 1 0 0 13 0 4 0 0 0 0 0 0 6 0 5 0 0 0 0 3 0 0 0 0 9 0 0 7 0 0 0 0 3 0 1 0 0 0 0 0 0 0 0 3 1 0 0 0 0 0 3 0 0 1 0 0 0 3 0
505 TAT 0 0 0 1 0 0 0 0 0 0 0 0 0 0 0 0 0 0 0 9 0 0 0 0 0 0 0 0 0 0 0 0 0 0 0 0 0 0 0 0 0 0 0 0 0 0 0 0 0 9 0 153728 0 0 0 1 0 0 0 7 0 1 0 0
506 TCA 0 0 4 0 3 0 0 0 0 3 0 0 0 0 0 1 0 0 0 1 5 0 0 0 0 13 2 0 0 0 2 0 11 0 0 0 1 0 2 0 0 0 0 0 2 3 0 1 0 0 0 1 153306 1 74 0 0 0 5 1 16 0 1 12
507 GAA 14 0 0 0 3 3 0 1 5 0 0 0 0 0 0 0 0 0 0 0 0 3 0 0 37 0 2 0 0 1 14 0 153679 33 16 1 2 0 9 0 14 2 0 4 7 0 25 0 2 0 0 0 0 0 0 3 0 0 2 0 1 0 7 0
508 GAA 9 0 0 0 0 0 0 0 0 2 0 0 0 2 0 12 0 0 0 0 0 0 0 0 0 0 0 0 0 0 0 3 153452 0 11 6 0 0 18 0 8 0 0 0 0 0 0 0 6 0 0 0 1 0 0 1 0 0 0 0 2 3 1 0
509 TCA 0 0 0 0 1 0 0 0 0 0 0 7 7 0 5 12 0 0 0 0 3 0 0 0 0 0 0 0 0 0 18 0 0 0 0 0 2 0 15 0 0 0 0 0 0 5 17 2 2 0 0 0 153993 15 26 31 0 0 0 3 7 0 0 0
510 AAG 32 0 153101 1 0 0 5 0 0 0 32 12 0 0 2 0 1 0 2 0 0 0 0 0 12 0 0 9 0 29 15 20 0 0 15 3 0 0 0 0 0 1 0 0 0 0 0 0 0 37 4 5 0 0 0 0 0 0 0 0 55 2 7 0
511 TTG 0 0 0 0 0 0 0 0 0 0 0 10 0 0 1 0 0 0 0 0 0 0 0 0 0 0 0 0 0 0 16 0 2 0 0 0 0 17 3 0 0 1 3 0 0 0 3 0 0 0 2 0 0 0 6 0 0 0 0 2 40 8 153317 6
512 AAC 16 152928 4 15 0 13 0 0 0 109 0 0 0 1 0 0 0 2 1 8 0 0 0 0 0 0 4 2 0 8 0 0 0 17 0 0 0 0 0 0 0 0 0 5 0 9 0 5 0 3 0 0 0 5 0 0 0 0 0 2 0 0 0 0
513 AGG 0 0 16 0 0 3 1 0 24 0 128781 5 0 0 14 1 0 0 2 0 0 0 0 0 0 0 31 3 3 0 1 0 0 0 0 1 0 0 0 0 0 0 50 0 0 0 0 0 0 0 0 0 0 1 0 0 0 0 8 0 0 0 0 0
514 GAA 15 0 0 0 0 0 0 0 0 0 0 0 0 0 0 0 0 0 0 0 0 0 0 0 0 8 1 0 0 0 0 0 153398 5 3 12 1 0 0 0 21 0 0 0 0 0 0 0 0 0 0 0 0 1 0 0 0 0 0 0 0 0 0 4
515 AAG 41 0 153417 10 5 0 1 21 0 0 72 15 0 0 1 1 0 0 1 0 0 0 25 29 0 0 0 0 0 0 0 0 0 0 8 5 9 0 2 0 0 10 0 0 4 4 0 1 0 0 4 0 0 0 0 0 0 0 0 0 0 3 0 9
516 ATA 0 0 0 0 7 0 0 0 0 0 0 0 153220 0 42 6 0 0 0 0 0 0 0 0 0 0 0 0 0 3 1 0 0 0 0 0 0 0 0 0 0 0 0 0 12 0 0 0 0 0 0 0 0 0 0 0 0 0 0 0 0 0 0 0
517 GAT 4 0 1 20 0 0 0 1 1 19 0 0 15 0 0 2 0 0 0 0 0 0 0 1 0 0 0 0 1 4 0 1 1 22 0 153245 17 0 1 4 0 0 0 39 0 4 0 8 0 0 0 8 3 0 3 0 0 0 0 0 0 0 0 0
518 GGA 11 0 7 0 34 1 21 7 27 2 0 0 20 0 38 8 0 2 0 2 1 2 0 0 0 0 0 17 0 0 0 1 45 0 0 0 12 14 0 0 151902 4 27 6 4 96 0 0 0 0 0 11 5 0 0 8 0 0 0 0 1 5 10 28
519 GTG 0 0 0 0 0 0 0 0 0 0 0 0 0 0 12 0 0 0 0 0 0 0 0 0 0 0 2 0 0 0 1 0 0 0 0 0 0 0 9 3 0 0 0 0 18 0 152464 32 0 0 0 0 0 0 0 0 0 0 0 0 3 0 4 0
520 AAA 153089 13 17 7 8 1 0 0 11 4 0 0 0 1 0 0 3 8 0 7 0 0 2 0 0 0 0 0 0 0 0 0 56 2 2 0 0 0 0 0 2 0 0 0 0 0 0 3 0 0 0 0 0 1 0 3 0 0 2 0 0 1 0 0
521 TTG 0 0 0 0 2 0 0 0 0 0 0 0 12 0 26 2 0 0 0 0 0 0 0 0 0 0 0 0 0 0 13 0 0 0 0 0 0 0 0 0 0 0 0 0 1 1 10 0 0 0 0 0 0 0 6 0 0 0 3 0 14 0 151581 3
522 GAA 12 0 0 1 0 0 0 0 0 0 0 0 0 0 0 4 3 0 0 0 0 0 0 0 0 0 0 0 0 0 0 0 151404 11 6 2 0 0 0 0 129 0 0 0 0 0 1 0 1 0 0 0 0 14 0 0 0 0 0 1 0 0 0 0
523 TCA 0 0 0 4 2 0 0 0 0 0 0 0 2 2 0 0 1 4 1 0 26 1 0 0 0 0 5 0 0 0 0 0 4 0 0 0 1 0 0 0 0 0 0 0 0 0 0 0 5 0 0 4 150155 1 12 1 1 0 0 0 4 0 0 0
524 ATG 0 0 0 2 1 0 7 7 0 0 2 0 21 1 80001 9 0 0 0 0 0 0 1 0 0 0 0 0 0 0 1 10 0 0 0 2 0 0 1 0 0 1 0 0 8 0 7 6 0 0 0 0 0 0 0 0 0 0 0 0 0 0 0 15
525 GGG 0 0 0 0 0 0 0 0 0 2 4 1 0 0 0 0 0 0 0 0 0 0 0 0 0 0 0 0 0 0 0 0 0 0 9 3 0 0 0 0 12 0 82703 8 0 0 2 0 0 0 0 0 0 0 0 1 0 0 1 0 0 0 0 0
526 GTG 0 0 0 0 0 0 0 0 0 2 0 0 0 0 18 0 1 0 0 0 0 1 0 0 0 0 0 0 7 2 0 2 0 0 0 0 0 0 4 0 1 3 8 0 47 2 92163 9 0 0 0 0 0 0 0 1 0 0 7 0 6 10 2 0
527 TAT 0 0 0 0 0 0 0 0 0 0 0 3 1 0 0 0 0 0 5 18 0 0 0 0 0 0 0 0 0 0 0 0 9 0 0 1 0 0 0 0 0 0 0 0 0 1 0 7 0 19 0 73825 0 0 0 0 0 0 1 8 0 3 0 2
528 CAG 0 0 2 0 0 4 0 0 0 0 0 2 0 0 0 0 4 1 93905 3 0 0 0 0 0 0 25 0 0 0 1 0 1 0 0 0 0 0 0 0 0 0 0 0 0 0 0 0 0 0 4 0 0 0 0 0 0 0 0 1 0 0 0 0
529 ATT 0 0 0 1 0 0 0 8 0 2 0 2 0 3 2 101605 0 0 0 0 0 0 0 0 0 0 0 0 0 0 0 1 0 0 0 0 0 0 0 0 0 0 0 0 0 1 0 7 0 0 0 2 0 0 0 0 0 0 1 0 0 0 0 4
530 CTG 0 0 0 0 0 0 0 0 2 0 0 0 0 0 18 0 0 0 2 0 0 0 6 0 0 0 0 0 2 0 120137 0 0 0 0 2 0 0 0 0 0 0 0 0 0 0 1 0 0 0 0 0 0 0 0 1 0 0 0 0 0 0 5 0
531 GCG 0 0 0 0 0 0 4 0 0 0 0 0 0 0 0 0 0 0 0 0 0 0 0 0 0 0 0 0 0 0 0 0 0 0 0 0 8 0 124087 3 0 1 0 0 0 0 28 0 0 0 0 1 0 0 3 1 0 0 0 0 0 0 0 0
532 ATC 0 0 0 0 0 3 0 0 0 0 0 0 4 133335 1 5 0 1 0 0 0 0 0 0 0 0 0 0 0 0 0 0 0 0 0 1 0 0 0 0 0 2 0 0 0 18 0 0 0 0 0 0 0 0 0 0 0 0 2 0 0 0 0 0
533 TAC 0 1 0 0 0 0 0 0 0 0 0 0 0 0 0 0 0 26 0 0 0 0 0 0 1 0 0 0 0 0 0 0 0 0 0 2 0 0 0 0 0 0 0 0 0 0 0 0 1 144450 1 22 0 0 0 0 0 2 0 0 0 1 0 0
534 TCA 0 0 0 0 7 0 0 0 0 0 0 3 0 0 0 0 0 0 0 0 16 0 0 0 0 0 0 0 1 0 0 0 0 0 0 0 1 0 0 0 0 0 0 0 0 0 0 0 2 0 0 0 144995 4 9 2 0 0 0 0 3 0 0 0
535 ACT 0 1 0 2 2 9 2 130007 0 0 0 0 0 0 0 13 0 0 0 0 0 0 0 2 0 0 0 0 0 0 0 0 0 0 0 0 0 0 0 10 0 0 0 2 0 0 0 0 31 0 0 0 0 0 0 1 0 0 0 0 0 0 0 0
536 GTC 0 0 0 0 0 0 0 0 0 0 0 0 0 55 0 0 0 0 0 0 0 0 0 0 0 0 0 0 0 1 0 0 0 2 0 0 0 16 0 0 0 1 0 0 1 127788 0 6 0 0 0 0 0 0 0 0 0 0 0 0 0 1 0 0
537 GCC 0 0 0 0 0 39 0 0 0 0 0 0 0 0 0 0 0 0 0 0 0 0 0 0 0 0 0 0 0 0 0 0 0 1 0 0 3 150642 3 13 0 0 0 0 0 4 0 0 0 0 0 0 0 2 0 0 0 0 0 0 0 0 0 0
538 AGT 0 0 0 30 0 0 0 3 0 18 0 150694 0 0 0 19 0 0 0 0 0 0 0 0 0 0 0 3 0 0 0 0 0 0 0 0 0 0 8 6 0 0 0 10 0 0 0 3 0 0 0 0 0 0 11 0 0 3 0 1 0 0 0 0
539 TCA 0 0 0 0 1 0 0 0 1 0 0 0 0 0 0 0 0 0 0 0 11 0 0 0 0 0 0 0 0 0 0 0 0 0 0 0 0 0 0 0 0 0 0 0 0 0 0 0 2 0 0 0 148216 1 9 19 0 0 0 0 13 0 0 0
540 CTG 0 0 0 0 0 6 0 1 0 0 0 0 1 0 7 0 0 0 2 0 0 0 13 0 0 0 0 0 37 0 151144 7 0 0 0 0 0 0 0 1 0 7 0 0 6 1 2 0 0 0 0 0 0 10 0 1 0 0 0 2 1 0 11 23
541 GTG 0 0 0 0 0 0 2 1 0 0 0 0 0 1 13 24 0 0 0 0 0 0 1 0 0 0 0 0 0 0 0 1 0 0 0 0 0 0 2 0 0 0 0 0 58 9 152105 18 0 0 0 0 0 0 0 0 0 0 2 0 0 0 1 0
542 CTT 0 0 0 0 3 0 0 0 0 0 0 0 19 2 12 6 0 0 0 2 0 0 0 31 0 0 0 2 7 12 22 153066 0 0 0 0 0 0 0 3 0 0 0 0 0 0 1 0 0 0 0 0 0 1 0 1 0 0 0 0 6 0 0 26
543 TTG 0 0 0 0 0 0 0 0 0 0 0 1 0 0 0 0 0 0 0 0 0 0 0 0 0 0 0 0 0 0 8 0 0 0 0 0 5 0 14 11 1 0 0 0 4 0 0 0 0 13 0 0 13 0 9 0 0 0 25 0 4 4 153327 0
544 GTC 0 0 0 0 0 0 0 0 0 0 0 0 0 15 0 0 0 0 0 0 0 0 0 0 0 0 0 0 0 1 0 0 0 0 0 0 0 7 0 0 0 6 0 0 1 150833 0 12 0 0 0 0 0 1 0 1 0 0 0 0 0 0 0 0
545 TCC 0 0 0 0 0 1 0 0 0 0 0 0 0 0 0 0 0 0 0 0 0 45 0 0 0 0 0 0 0 0 0 1 0 0 0 0 0 0 0 1 0 0 0 0 0 0 0 0 0 2 0 0 10 153454 5 5 0 0 0 0 0 2 0 0
546 CTG 0 0 0 0 0 0 0 0 0 0 0 0 0 0 2 0 0 0 1 0 0 0 29 0 0 0 11 0 8 0 148560 2 0 0 0 0 0 0 0 0 0 0 0 0 0 0 0 0 0 0 0 0 0 0 0 0 0 0 0 1 0 0 3 0
547 GGG 0 0 0 0 0 0 0 0 0 0 12 0 0 0 0 0 0 0 0 0 0 0 0 0 0 0 0 0 0 0 0 0 0 0 2 0 0 0 2 0 5 0 150220 1 0 0 4 0 0 0 0 0 0 0 0 0 0 0 4 0 0 0 0 0
548 GCA 0 0 0 0 51 0 0 0 0 0 0 0 0 0 0 0 0 0 0 0 1 0 0 0 0 0 0 0 0 0 0 0 1 0 0 0 153114 0 7 1 1 0 0 0 20 0 0 0 0 0 0 0 1 0 0 0 0 0 0 0 0 0 0 0
549 ATC 0 1 0 0 0 17 0 0 0 2 0 0 1 153615 2 8 0 0 0 0 0 0 0 0 0 0 0 0 0 2 0 0 0 0 0 0 0 3 0 0 0 0 0 0 0 8 0 0 0 0 0 0 0 0 0 0 0 0 0 6 0 3 0 0
550 AGT 0 1 0 20 0 0 0 0 1 24 0 153571 0 0 0 6 1 0 0 0 0 0 0 0 0 0 0 2 0 0 7 1 0 0 0 0 0 0 0 0 0 0 0 28 0 0 0 0 0 0 0 0 0 4 0 0 0 5 0 0 0 0 0 0
551 TTC 0 0 0 0 0 0 0 0 0 0 0 1 0 1 0 0 1 0 0 0 0 0 0 0 0 0 0 0 0 13 0 4 0 0 0 0 0 0 0 0 0 0 0 0 0 2 0 0 0 3 0 0 0 12 0 0 0 0 0 0 6 152672 2 14
552 TGG 0 0 0 0 0 0 0 0 0 0 5 0 0 0 0 0 0 0 0 0 0 0 0 0 0 0 10 0 0 0 0 0 0 0 0 0 0 0 0 0 0 0 2 0 0 0 0 0 0 15 9 1 0 0 1 0 10 0 153347 1 0 0 3 0
553 ATG 0 0 0 0 0 0 5 0 0 0 1 1 4 0 153585 1 0 0 0 0 0 0 0 0 0 0 0 0 0 0 0 0 0 0 0 0 0 7 0 0 0 0 0 23 0 0 16 0 0 0 0 0 0 0 0 0 0 0 0 0 0 0 3 0
554 TGT 0 0 0 0 0 0 0 0 0 0 0 1 0 0 6 0 0 0 0 0 0 0 0 0 0 0 0 4 0 0 4 0 0 0 0 0 0 0 0 0 0 0 0 0 0 0 0 0 0 0 0 14 0 0 0 0 0 27 2 153374 0 1 4 2
555 TCT 0 0 1 0 0 0 0 0 0 0 0 61 26 0 0 0 8 0 0 0 0 0 0 2 0 0 0 0 0 0 0 2 0 0 0 0 10 0 11 0 0 0 0 0 0 0 1 0 0 0 0 6 4 14 14 153758 0 0 0 0 19 2 0 6
556 AAT 1 7 22 153605 0 2 0 3 0 0 0 7 10 1 0 3 0 0 0 0 0 0 0 0 0 0 0 0 0 0 0 0 0 0 0 7 0 0 0 0 0 0 0 0 0 1 2 0 0 0 0 0 1 0 0 0 0 0 0 0 0 0 0 0
557 GGG 0 0 0 0 0 0 0 0 0 0 10 0 0 0 0 0 0 0 0 0 0 0 0 0 0 0 0 0 0 0 0 0 0 0 7 0 0 0 0 0 20 0 153283 2 0 0 2 0 0 0 0 0 0 0 0 0 0 0 4 0 0 0 0 0
558 TCT 0 0 0 0 0 0 1 1 0 0 0 0 0 0 2 0 10 0 0 0 0 0 0 10 0 0 0 0 0 0 0 6 0 0 0 0 0 0 0 31 0 0 0 0 2 0 0 0 0 2 0 3 21 4 8 154030 0 0 0 0 0 0 0 4
559 TTG 0 0 0 0 0 0 0 0 0 0 0 0 2 1 1 0 0 0 0 0 0 0 0 0 0 0 0 0 0 0 16 0 0 0 0 0 0 0 0 0 0 0 0 0 0 0 1 0 0 0 3 0 0 0 7 0 0 0 0 0 32 0 153765 1
560 CAG 0 0 1 0 0 0 0 0 0 0 0 2 0 0 0 0 9 0 153827 0 0 0 1 0 0 0 14 0 0 0 0 0 0 0 6 0 0 0 0 0 0 0 0 0 2 0 0 0 0 0 83 0 2 0 0 0 0 0 0 0 0 0 0 0
561 TGC 0 0 0 0 0 0 0 0 0 1 0 0 1 4 0 0 0 0 0 0 0 0 0 0 0 8 0 0 4 0 0 0 0 0 0 0 0 0 0 0 0 1 0 0 0 0 0 0 0 57 0 0 0 1 0 0 2 153600 2 23 0 7 2 0
562 AGA 19 0 10 0 0 0 3 0 153801 0 10 0 1 0 0 0 1 0 0 0 0 0 0 0 6 0 0 3 0 0 0 0 0 0 0 0 0 0 0 0 13 0 0 0 1 0 0 0 0 1 0 2 0 0 0 0 1 0 0 0 0 0 0 0
563 ATA 3 0 0 0 7 0 0 0 0 0 0 0 154178 5 35 1 0 0 0 0 0 0 0 0 0 0 0 0 0 0 0 0 0 0 0 0 0 0 0 0 0 0 0 0 8 0 1 0 0 0 0 0 0 0 0 0 0 0 0 0 0 0 0 0
564 TGC 0 0 0 0 0 0 0 0 0 0 0 0 0 0 0 0 0 0 0 0 0 0 0 0 0 5 0 0 0 0 0 0 0 1 0 0 0 0 0 0 0 1 0 0 0 0 0 0 0 46 0 0 0 0 0 0 1 153791 2 59 0 3 0 0
565 ATC 0 0 0 0 0 10 0 0 0 3 0 0 0 153373 0 7 0 0 0 0 0 0 0 0 0 0 0 0 0 2 0 0 0 0 0 0 0 0 0 0 0 0 0 0 0 3 0 0 0 0 0 0 0 0 0 0 0 0 0 0 0 0 2 0
566 TGA 0 0 0 0 0 0 0 0 1 0 0 0 0 0 0 0 0 0 0 0 0 0 0 0 28 0 0 0 0 0 0 0 0 0 0 0 0 0 0 0 1 0 0 0 0 0 0 0 32 0 0 0 0 0 0 0 153796 1 15 1 1 0 0 0
