site,abs_diffsel,positive_diffsel,negative_diffsel
497,9.81146997879,0.843147088418,-8.96832289038
232,9.79314222926,0.940571044315,-8.85257118495
175,9.28640481624,0.579846222825,-8.70655859341
154,9.20590612146,4.47945292473,-4.72645319672
277,8.47514104308,4.95829507955,-3.51684596353
153,8.31389688421,3.31861398797,-4.99528289624
303,8.10200631947,3.2270749805,-4.87493133896
210,7.76920888113,1.42904668098,-6.34016220015
104,7.52227350435,3.58138043751,-3.94089306684
257,7.4258016436,1.25410867732,-6.17169296628
211,7.32010943525,2.76632125785,-4.5537881774
212,7.30809066278,0.664217211644,-6.64387345113
299,7.04561732151,2.00478604114,-5.04083128037
136,6.94228610332,2.2125379658,-4.72974813753
176,6.82155386674,0.686069567677,-6.13548429907
415,6.5405815512,3.75327513668,-2.78730641452
274,6.47602042452,2.23464059215,-4.24137983237
100,6.4453193723,2.09002165136,-4.35529772094
337,6.44498161298,4.24163404643,-2.20334756654
278,6.41893284374,1.82115349576,-4.59777934798
231,6.41856210868,2.34487168818,-4.0736904205
126,6.34357664336,3.5509741657,-2.79260247766
326,6.32628702974,4.18885622307,-2.13743080667
113,6.32160766436,3.39070456549,-2.93090309887
209,6.2685172541,0.851176983875,-5.41734027023
283,6.19139730955,1.38406227036,-4.80733503919
518,6.10230046571,1.70340108131,-4.3988993844
182,6.09318149695,2.06144060673,-4.03174089022
184,6.07372270132,2.03786625429,-4.03585644702
224,5.97024092899,1.57588601232,-4.39435491667
92,5.94082998723,0.8684118483,-5.07241813893
155,5.70963241895,0.520494965393,-5.18913745356
157,5.70236394709,1.62012295466,-4.08224099243
99,5.69068952134,2.75421641742,-2.93647310392
150,5.64459522285,0.622357015342,-5.02223820751
170,5.6394226022,1.71604494459,-3.92337765761
90,5.63929958809,1.16385412248,-4.47544546561
237,5.57924041372,0.951539747307,-4.62770066642
2,5.5695724447,5.19716753944,-0.372404905263
541,5.47430604731,0.900264263304,-4.57404178401
305,5.36386326794,2.92207213626,-2.44179113169
65,5.28305105604,0.785064129458,-4.49798692658
91,5.27740077981,2.68164359011,-2.5957571897
370,5.23037451104,4.01830560764,-1.2120689034
236,5.23008053764,2.04530275274,-3.1847777849
314,5.17579965141,1.81809354423,-3.35770610718
412,5.1674450717,1.00300451464,-4.16444055705
508,5.15370597825,2.64379140547,-2.50991457278
235,5.14214439649,0.149760235987,-4.9923841605
171,5.12839469141,2.17034040845,-2.95805428297
223,5.11808426687,0.316729430367,-4.8013548365
507,5.08107337964,1.75635528866,-3.32471809099
146,5.06268438392,1.34197552761,-3.72070885631
143,5.04599171955,0.887225925674,-4.15876579388
386,5.02824428156,2.45061280657,-2.57763147499
201,5.02632771812,1.12941846905,-3.89690924908
504,5.01227269324,2.22654690932,-2.78572578393
60,4.93487374759,1.7211814269,-3.21369232069
86,4.91846625857,2.09619914785,-2.82226711072
490,4.9142372584,1.41257765,-3.5016596084
244,4.84665616124,1.89177144314,-2.95488471809
404,4.84371872675,1.63274520026,-3.21097352649
216,4.77705894614,2.44464211495,-2.33241683119
285,4.76986543049,0.664459524559,-4.10540590593
510,4.73873168145,1.34939906345,-3.389332618
276,4.71158119029,2.5727920366,-2.13878915369
318,4.68637323094,0.962716304757,-3.72365692619
524,4.65185462093,1.62242078593,-3.029433835
19,4.64975460884,1.52449158499,-3.12526302385
70,4.64085822277,1.4803108687,-3.16054735407
255,4.61516158116,1.56779730733,-3.04736427383
173,4.60189418592,2.22896121895,-2.37293296697
517,4.59510683044,2.17312310069,-2.42198372975
499,4.58604510995,0.445959775872,-4.14008533408
205,4.57251468267,0.804967723881,-3.76754695879
515,4.51177139995,2.11799290989,-2.39377849006
467,4.49669624038,1.80907102326,-2.68762521712
206,4.44618198946,1.1441914353,-3.30199055415
89,4.43935785656,2.18449027927,-2.25486757729
137,4.43438254585,2.68634786422,-1.74803468162
230,4.3831987351,0.873112952848,-3.51008578225
294,4.36456178461,0.932061870306,-3.43249991431
180,4.28121052334,2.13186556825,-2.14934495508
172,4.28038222015,1.20849123027,-3.07189098988
486,4.27492299478,1.17825577149,-3.09666722329
474,4.27102037612,2.33451331581,-1.93650706031
138,4.24525832906,1.82527742398,-2.41998090507
523,4.23189188337,1.20666722224,-3.02522466113
401,4.22988917351,2.78439088583,-1.44549828767
197,4.20438606343,1.20457219549,-2.99981386794
68,4.19531153062,0.996556136959,-3.19875539366
234,4.18020837898,0.262625759896,-3.91758261908
177,4.17680334896,0.623276680463,-3.5535266685
286,4.17494595539,0.773498977478,-3.40144697791
139,4.15190031983,0.455399744896,-3.69650057493
558,4.12135104131,1.47373113436,-2.64761990695
240,4.09512063617,0.761179711633,-3.33394092454
156,4.09163323856,0.831318503213,-3.26031473535
4,4.06722286185,1.91239536389,-2.15482749796
502,4.06378225242,0.915470035073,-3.14831221735
115,3.97335804812,1.58055545041,-2.39280259771
169,3.95863523807,0.66517777352,-3.29345746454
127,3.95007416278,1.01992525743,-2.93014890535
179,3.94883181269,2.13841039378,-1.81042141891
290,3.94646397801,2.57033580741,-1.3761281706
251,3.93991327609,0.971208453176,-2.96870482291
381,3.90864900361,1.90798300121,-2.0006660024
315,3.89774169374,1.77872841869,-2.11901327505
3,3.89107349536,2.36536961074,-1.52570388462
382,3.89036477836,0.991256418755,-2.8991083596
220,3.88675226784,1.24533419544,-2.6414180724
101,3.85771783429,1.77191336862,-2.08580446568
145,3.82170843644,0.668490558026,-3.15321787842
509,3.8082532603,0.584897519689,-3.22335574061
221,3.80088244333,1.13035273296,-2.67052971037
522,3.79331007081,1.95009443047,-1.84321564034
11,3.78974018786,1.1439457875,-2.64579440036
229,3.77746829311,1.11836898549,-2.65909930762
358,3.69233453461,1.77892235774,-1.91341217688
501,3.69215675755,0.397578594883,-3.29457816266
228,3.67828736569,0.122855473092,-3.5554318926
476,3.6600270897,2.21274074963,-1.44728634007
312,3.64731600762,1.85916789103,-1.78814811659
158,3.64671083996,1.24617967242,-2.40053116754
289,3.64630120101,2.11306733128,-1.53323386973
124,3.63785435366,1.45425666593,-2.18359768773
456,3.62206203216,2.04689327193,-1.57516876024
389,3.61472783379,0.904216148413,-2.71051168538
409,3.60647199086,3.28299359539,-0.323478395469
248,3.59441365928,0.956822934236,-2.63759072505
556,3.55266859013,1.03867037717,-2.51399821296
526,3.50227672049,1.15573505398,-2.34654166651
53,3.46437544373,0.685660809801,-2.77871463393
562,3.41804495635,1.5762788308,-1.84176612554
141,3.41794285617,1.0941272118,-2.32381564436
361,3.40921287583,1.13246675857,-2.27674611726
511,3.40142549678,1.0578269862,-2.34359851058
393,3.39702776827,1.65876384568,-1.73826392259
506,3.35363099248,0.928566073247,-2.42506491923
555,3.34307955193,1.61190856963,-1.7311709823
159,3.33333716345,1.24508778354,-2.08824937991
521,3.32204593121,2.29458786786,-1.02745806336
414,3.31822755278,0.589403387833,-2.72882416495
408,3.30792521404,2.17047477146,-1.13745044258
339,3.26134930308,1.2091712991,-2.05217800398
438,3.25078735766,2.82561700843,-0.425170349233
71,3.23622953095,1.31289660295,-1.923332928
372,3.22633526219,2.08280029179,-1.1435349704
512,3.22571990544,0.669426284252,-2.55629362119
178,3.22228111208,1.12963038176,-2.09265073031
202,3.21030571982,2.12299586604,-1.08730985379
369,3.18701895873,1.74817612213,-1.43884283661
390,3.1867631625,1.63077941728,-1.55598374522
292,3.14721126811,1.25388405474,-1.89332721338
468,3.14646508874,0.71737651293,-2.42908857581
188,3.13726207023,0.235330409352,-2.90193166088
218,3.10954694946,0.768865708052,-2.34068124141
185,3.10844475694,0.361941115641,-2.7465036413
88,3.06789533714,1.13504836082,-1.93284697632
62,3.05463358148,1.20212291396,-1.85251066752
288,3.04390042788,1.60669404662,-1.43720638126
111,3.03848257407,1.71174221187,-1.3267403622
238,3.02606440839,0.324211807278,-2.70185260111
268,3.01366300493,1.61566890294,-1.39799410199
102,3.01095940801,0.499532027178,-2.51142738084
471,3.00549548895,1.07423267175,-1.9312628172
321,3.0026990915,1.1521378516,-1.85056123989
272,2.98789331531,0.588972860548,-2.39892045476
540,2.98715064631,0.421312317333,-2.56583832898
214,2.98613475029,0.906252775377,-2.07988197491
5,2.97663917573,1.52080377809,-1.45583539764
493,2.96905259989,0.918244443939,-2.05080815595
265,2.95431141449,1.10426786298,-1.85004355151
13,2.93734224288,0.571152255791,-2.36618998709
306,2.92753479642,1.54331330358,-1.38422149284
368,2.92140557212,1.51759171286,-1.40381385926
148,2.90644643786,0.034243245416,-2.87220319244
513,2.90527024554,1.21196959634,-1.6933006492
375,2.89810601036,1.46250968685,-1.43559632352
123,2.89723583663,1.37978386698,-1.51745196965
273,2.89622685942,0.681001433192,-2.21522542623
494,2.89301131901,0.706578060825,-2.18643325819
403,2.86988611749,0.620499902639,-2.24938621485
271,2.86068722545,0.0142787002622,-2.84640852518
503,2.85556590179,1.58011463575,-1.27545126605
226,2.81384240764,0.0714758355294,-2.74236657211
73,2.80844248072,1.10332768321,-1.70511479751
373,2.77685789602,1.47738526152,-1.2994726345
52,2.77397364596,1.24347218793,-1.53050145804
253,2.76898858478,1.37141854987,-1.39757003491
135,2.75047512512,1.8101272875,-0.94034783762
128,2.74723072949,0.696994253918,-2.05023647557
287,2.74466121672,0.137309473546,-2.60735174317
316,2.73613708775,1.60410083332,-1.13203625443
219,2.73577593093,0.92565457876,-1.81012135217
475,2.71750162503,0.464323725857,-2.25317789917
94,2.691699538,0.289616024338,-2.40208351366
542,2.68157112223,0.807078040231,-1.874493082
525,2.67875196958,0.849090761935,-1.82966120764
114,2.67421439944,0.794445906638,-1.8797684928
428,2.63307944187,1.49983461175,-1.13324483012
38,2.61137691783,0.916362953247,-1.69501396459
64,2.60351287819,1.18662135232,-1.41689152587
396,2.60263734113,0.908399352708,-1.69423798843
297,2.59661030175,1.70995701183,-0.886653289915
488,2.57854084023,1.60509538544,-0.973445454792
174,2.57695678911,0.676320389755,-1.90063639935
37,2.50829792178,1.55147356152,-0.956824360267
392,2.49594486984,2.09545464589,-0.400490223949
106,2.48737623832,1.02336474493,-1.46401149339
119,2.47323464191,0.745627440695,-1.72760720122
112,2.47086274928,2.05782290152,-0.413039847763
227,2.45606291045,0.571769975221,-1.88429293523
47,2.454971202,1.37540116886,-1.07957003314
553,2.44995731124,1.32270271097,-1.12725460027
520,2.43652704814,0.435930230936,-2.0005968172
103,2.42994127816,0.790415795641,-1.63952548252
125,2.38015691823,0.137237631863,-2.24291928637
464,2.36790268432,0.0,-2.36790268432
527,2.36770819158,0.513518250123,-1.85418994145
385,2.35199649413,1.69368230286,-0.658314191265
388,2.34140060193,0.762238844156,-1.57916175778
87,2.33771134146,0.514482277586,-1.82322906387
304,2.33521999228,1.24365209344,-1.09156789885
199,2.31566250673,0.511130707487,-1.80453179925
254,2.31016375771,0.302027304094,-2.00813645361
557,2.30572506081,0.611875973843,-1.69384908696
75,2.29575355695,0.804081823236,-1.49167173371
6,2.29027145658,1.97802780698,-0.312243649599
266,2.28994554623,0.325847762363,-1.96409778387
122,2.27417155007,0.540219630743,-1.73395191933
58,2.27002228846,0.909063222946,-1.36095906552
411,2.268229093,0.891737238822,-1.37649185417
529,2.26740855728,0.475398306866,-1.79201025041
41,2.26451351622,1.29460023869,-0.969913277532
347,2.2631577934,1.42797790071,-0.835179892691
459,2.25632607379,0.875681028265,-1.38064504552
397,2.2337272381,0.478772159537,-1.75495507856
7,2.22315126875,1.32963994514,-0.893511323608
83,2.21417616052,1.49708505189,-0.717091108634
186,2.20637960206,1.29933381264,-0.907045789415
550,2.15247425437,0.517118755278,-1.6353554991
324,2.14777593588,0.446842710855,-1.70093322502
538,2.13087851275,1.47810479957,-0.652773713185
12,2.1305428696,1.00001287418,-1.13052999543
470,2.12988531182,0.77469581926,-1.35518949256
452,2.12694629897,1.28653151545,-0.840414783522
85,2.11407765626,0.670258063782,-1.44381959248
162,2.08802664782,0.404574668752,-1.68345197907
453,2.08787607467,1.09269184052,-0.995184234148
14,2.08672971503,0.447653377643,-1.63907633739
405,2.08189347532,0.84609408265,-1.23579939267
395,2.08121902167,1.57939634912,-0.501822672542
167,2.07259766147,0.0,-2.07259766147
463,2.07182106079,1.02221493126,-1.04960612952
40,2.04878165288,0.688193075578,-1.3605885773
32,2.0455261384,1.41195163022,-0.633574508185
448,2.04336914512,0.986347483111,-1.057021662
279,2.04068989952,1.09570556034,-0.944984339174
554,2.03394191755,1.1561579514,-0.877783966147
25,2.03004805081,1.05833357773,-0.971714473082
383,2.02790288481,1.01788383193,-1.01001905289
239,1.99774102941,0.145130182519,-1.85261084689
484,1.98473995228,0.970267261092,-1.01447269119
335,1.97943766377,1.27237433828,-0.707063325489
302,1.97817773745,0.143829240748,-1.8343484967
543,1.97810680908,0.14348523466,-1.83462157442
442,1.96565416498,1.14205720847,-0.823596956511
551,1.95293860804,0.849709632578,-1.10322897547
407,1.94846939185,0.958920355298,-0.98954903655
44,1.94715762181,1.94715762181,0.0
400,1.94550148742,0.611054763692,-1.33444672373
54,1.94389460258,0.363114669229,-1.58077993336
26,1.93848427691,0.698173908534,-1.24031036838
348,1.93762329428,1.59485809889,-0.34276519539
10,1.92986977749,1.05544792676,-0.874421850734
63,1.92213390712,0.400266030833,-1.52186787629
129,1.92025745643,0.905518076718,-1.01473937971
49,1.90974420686,1.19426897499,-0.715475231876
51,1.90770356815,0.900097764132,-1.00760580402
327,1.90494669711,1.07202647163,-0.832920225478
249,1.90312588861,0.303457412741,-1.59966847586
293,1.88662466955,0.641687654102,-1.24493701544
269,1.88477081364,0.414493709035,-1.4702771046
560,1.8562984005,0.398447273294,-1.45785112721
84,1.85136099932,0.934167457139,-0.917193542178
259,1.84914134713,1.273971574,-0.575169773128
57,1.84851930853,0.342770019951,-1.50574928858
460,1.83678829338,0.345848398489,-1.49093989489
16,1.82986012663,0.374408460346,-1.45545166629
410,1.81272336391,0.88691793446,-0.925805429454
193,1.8073338963,0.0983425977046,-1.70899129859
455,1.79083694692,0.945313430512,-0.845523516408
346,1.78790871647,0.220758611992,-1.56715010448
284,1.7875777261,0.56318106108,-1.22439666502
349,1.78688851871,0.937313240452,-0.849575278259
439,1.78300962109,1.66828983658,-0.114719784509
496,1.77769632296,1.37628224022,-0.401414082739
457,1.773695383,1.55673022828,-0.21696515472
78,1.7708332198,1.42407934204,-0.346753877758
514,1.77004322104,0.925730934915,-0.84431228612
133,1.76509493973,0.653513973894,-1.11158096583
301,1.765044563,1.21595881655,-0.549085746454
332,1.76321917758,0.661632657207,-1.10158652038
275,1.7616199785,0.894238748126,-0.867381230377
360,1.74763361264,0.380328215358,-1.36730539728
50,1.73960848972,0.351896339202,-1.38771215052
413,1.73495222633,1.63149726021,-0.10345496612
258,1.72689674863,0.986317675825,-0.740579072808
96,1.71660501328,0.826567163412,-0.890037849872
561,1.69261929826,1.16414442296,-0.528474875306
330,1.68422721993,0.817498946729,-0.866728273198
168,1.67886302106,0.0,-1.67886302106
195,1.67130593893,0.302998805055,-1.36830713388
161,1.66347264448,0.640535812289,-1.02293683219
482,1.66310372585,0.553138148402,-1.10996557745
323,1.65945627951,0.276451877475,-1.38300440204
280,1.65885010759,0.186209884381,-1.47264022321
79,1.65729612905,0.288352529811,-1.36894359924
207,1.64569676583,0.961115863717,-0.684580902111
282,1.64433978375,0.433945492858,-1.21039429089
142,1.64406101667,0.0605803468938,-1.58348066978
30,1.64271541682,1.087744699,-0.554970717817
477,1.6425010641,0.394580450599,-1.2479206135
48,1.63962715111,0.963636392933,-0.67599075818
241,1.63632034353,0.1114928812,-1.52482746233
345,1.63625546,1.26649990585,-0.369755554147
545,1.63134675311,0.212393866411,-1.4189528867
473,1.63056512695,1.3628524472,-0.267712679744
343,1.62681148833,1.19506488106,-0.431746607272
260,1.62239537361,0.0,-1.62239537361
418,1.62028029272,0.0741326418062,-1.54614765091
74,1.60778248391,1.20713139914,-0.400651084777
359,1.59577123029,0.450971389451,-1.14479984084
56,1.58547102233,0.183202997695,-1.40226802463
481,1.5771924304,1.4082580392,-0.1689343912
478,1.57645340966,0.74537846529,-0.831074944367
309,1.57227048032,1.18561658609,-0.386653894231
465,1.56969025889,0.400270949745,-1.16941930915
270,1.56145243491,0.283665690147,-1.27778674476
549,1.55568374917,1.12902453978,-0.426659209391
416,1.55369222223,0.782988664482,-0.770703557744
281,1.55233706003,0.0262803104493,-1.52605674958
200,1.55208267208,0.366384652885,-1.18569801919
342,1.54585282881,0.712567703736,-0.833285125076
222,1.53814860619,0.763619035868,-0.774529570326
532,1.52956984725,0.981548558739,-0.54802128851
308,1.52884991539,0.532672020064,-0.996177895324
487,1.52733832725,0.545791145787,-0.981547181465
163,1.52693188229,0.142608976588,-1.3843229057
472,1.51935098132,0.887690077929,-0.631660903396
121,1.51242215693,1.26780285642,-0.244619300515
394,1.50404260662,1.29813083434,-0.205911772281
421,1.49839076767,1.27187396046,-0.226516807212
118,1.48321111679,0.918083352309,-0.565127764478
462,1.4820050692,1.15900167406,-0.323003395138
42,1.47342344254,0.527222406889,-0.946201035653
425,1.47063686617,0.940667633057,-0.529969233109
18,1.46724842509,0.141262617139,-1.32598580795
28,1.45556836233,0.953568336331,-0.502000025998
434,1.45499187084,0.576031633216,-0.878960237623
446,1.44978694424,0.79219540982,-0.657591534417
45,1.44512134709,1.15796672381,-0.28715462328
338,1.4417499014,1.0279957264,-0.413754174998
536,1.43382871521,0.280713781176,-1.15311493404
559,1.43144791702,1.27035005884,-0.161097858181
371,1.42933594865,0.959025746543,-0.470310202107
31,1.42893797023,1.31324523092,-0.115692739316
95,1.42184064205,1.02231829297,-0.399522349081
192,1.42090357932,0.239424030842,-1.18147954848
437,1.4193623584,0.730171906308,-0.689190452087
196,1.41634614083,0.279180652945,-1.13716548789
213,1.4072329586,0.452458291387,-0.954774667209
144,1.40628162494,1.06335784043,-0.342923784518
447,1.39911054039,0.982574262059,-0.41653627833
384,1.39907479426,0.874540376899,-0.524534417357
334,1.39614492735,0.186112267077,-1.21003266027
109,1.39200686031,0.565849271956,-0.826157588354
402,1.39003113232,0.514555518395,-0.875475613922
432,1.38773266424,0.423606242407,-0.964126421828
362,1.38620949884,0.933979089672,-0.452230409165
495,1.38182674896,1.26083556957,-0.120991179385
245,1.38124341577,0.49299023675,-0.888253179016
365,1.37608043509,0.641464317125,-0.734616117968
531,1.37445886435,0.433596057083,-0.94086280727
17,1.37388536149,1.37388536149,0.0
107,1.37385408049,0.645952300491,-0.727901779995
498,1.36485725055,0.470293983828,-0.894563266726
183,1.36281286779,0.716960392051,-0.645852475738
310,1.36064136004,0.278133330517,-1.08250802953
59,1.3563323751,0.303839778408,-1.05249259669
263,1.35234078071,0.400439693946,-0.951901086761
9,1.35110408626,0.383128250966,-0.967975835294
552,1.34363119881,1.043937494,-0.299693704815
505,1.33919279682,0.296424772341,-1.04276802448
132,1.33770806397,0.219501623077,-1.1182064409
322,1.32708004923,0.454157098109,-0.872922951122
344,1.32513627968,0.795844919252,-0.529291360425
443,1.32289120596,0.828590303457,-0.4943009025
351,1.32273352206,0.907766230412,-0.414967291645
225,1.32018297158,0.436573745053,-0.883609226528
296,1.31938997987,0.727667401358,-0.591722578515
451,1.31281131186,0.309234747378,-1.00357656448
319,1.3119686502,1.3119686502,0.0
491,1.31186999309,1.19075087436,-0.121119118729
152,1.29906497003,0.332026363506,-0.967038606522
66,1.29807539968,1.29807539968,0.0
445,1.28644413553,0.832843959275,-0.45360017626
519,1.28408684229,0.357995018977,-0.926091823317
108,1.28231755453,0.725468204917,-0.556849349612
420,1.27838331243,0.839948412991,-0.438434899437
43,1.26661334122,0.753618416705,-0.512994924516
313,1.2562197516,0.140755143242,-1.11546460835
530,1.25467304186,0.936815213653,-0.317857828203
441,1.25450354601,0.984535381798,-0.269968164208
329,1.25025907516,0.376557178893,-0.873701896266
190,1.2468562546,0.562514587432,-0.684341667166
1,1.24405058566,1.24405058566,0.0
435,1.23377582083,0.531339460087,-0.702436360742
151,1.22037673153,0.554699910462,-0.665676821073
120,1.21874349948,0.513203142302,-0.70554035718
35,1.21777829502,1.21777829502,0.0
291,1.21500398694,0.664401894841,-0.550602092102
22,1.20996661744,0.768131919397,-0.441834698044
548,1.20512993836,0.982583639345,-0.222546299019
24,1.20306456535,0.324978810085,-0.878085755262
426,1.20260455797,0.886537414477,-0.316067143492
341,1.19716932595,0.849214514379,-0.347954811569
423,1.19231589334,0.29276332552,-0.899552567821
528,1.19146034293,0.0343898645166,-1.15707047841
252,1.18770138888,0.334405806977,-0.853295581901
431,1.17766733793,0.208571225076,-0.969096112854
256,1.17144955585,0.683889897469,-0.48755965838
328,1.16383143137,0.893995507089,-0.269835924285
516,1.15521932206,0.990706165676,-0.164513156386
93,1.1537498709,0.785184875991,-0.368564994904
140,1.15332228827,0.481674787107,-0.671647501162
160,1.15189919185,0.500774342339,-0.651124849509
363,1.15011103806,0.788940654321,-0.361170383739
34,1.14909111054,0.509775649848,-0.639315460692
353,1.14051501004,1.01700828289,-0.123506727153
427,1.13888955818,0.863816634775,-0.275072923402
429,1.13803540228,0.496617257619,-0.641418144663
340,1.13755681056,0.177056646879,-0.960500163678
430,1.13504549735,1.02437307097,-0.110672426377
61,1.13045560948,0.162397794624,-0.968057814855
134,1.13009196213,0.514754068639,-0.615337893494
198,1.12817496842,0.768560614326,-0.359614354095
419,1.11975121586,0.717022230311,-0.40272898555
320,1.11323550002,0.306798353161,-0.806437146856
147,1.10747225481,0.289400357616,-0.818071897198
387,1.09923245059,0.773384964951,-0.32584748564
533,1.09867741156,0.137331959401,-0.961345452161
352,1.09516141157,0.943424775851,-0.151736635722
233,1.09234599872,0.249231348546,-0.843114650175
406,1.08558865641,0.726900469578,-0.358688186831
261,1.08347645781,0.15150858138,-0.931967876428
564,1.08007365119,0.713002393731,-0.367071257458
130,1.07739116622,0.351815043879,-0.725576122345
325,1.07566200899,0.501652469721,-0.574009539265
436,1.07376106117,0.461843023545,-0.611918037629
489,1.0709522418,0.619455706542,-0.45149653526
331,1.06985180641,0.137406895271,-0.932444911139
380,1.06881628191,0.261074763979,-0.807741517929
466,1.06762963977,0.383328392463,-0.684301247308
39,1.06237644475,1.00697637902,-0.0554000657335
8,1.06038700251,0.733717046665,-0.326669955845
116,1.05752125842,0.684220336866,-0.373300921552
46,1.05684474355,0.750372582727,-0.306472160827
149,1.05287218494,0.394494450131,-0.658377734813
440,1.04717657704,0.872408721695,-0.17476785534
444,1.0429626388,0.67748840241,-0.365474236388
357,1.0360405792,0.912361460223,-0.123679118979
449,1.02875956714,0.989237581802,-0.0395219853362
376,1.01167291214,0.377021648294,-0.634651263846
15,1.01085836977,0.278564156864,-0.732294212905
36,0.999349179879,0.475696795501,-0.523652384378
424,0.998573284328,0.416037726556,-0.582535557772
422,0.993245393504,0.597496557416,-0.395748836089
246,0.99122965805,0.176964285197,-0.814265372853
565,0.987609248386,0.771095488793,-0.216513759593
267,0.982233028566,0.883198035826,-0.0990349927397
298,0.981372475785,0.451790656007,-0.529581819778
378,0.980897013774,0.425164978846,-0.555732034927
21,0.973395310879,0.482318784676,-0.491076526204
367,0.970965445059,0.412942847646,-0.558022597414
131,0.970488363043,0.637785150623,-0.33270321242
243,0.961483697845,0.38017672405,-0.581306973795
295,0.952296388794,0.542595380862,-0.409701007932
354,0.935137663582,0.548410693729,-0.386726969853
350,0.92478009448,0.301566300401,-0.62321379408
203,0.92423425574,0.791849239543,-0.132385016198
479,0.921199414127,0.921199414127,0.0
215,0.918084257736,0.248657852797,-0.66942640494
433,0.916456155679,0.554678978551,-0.361777177128
242,0.910623147573,0.0347613313967,-0.875861816176
98,0.910289462942,0.254010274002,-0.65627918894
300,0.909807293574,0.607282726401,-0.302524567173
417,0.905097225363,0.703644001072,-0.201453224291
81,0.895919997822,0.38912509092,-0.506794906902
492,0.894723316782,0.608019754119,-0.286703562663
80,0.894066403063,0.160714112173,-0.73335229089
333,0.884252887597,0.761841478032,-0.122411409564
82,0.871535541636,0.572973106958,-0.298562434678
264,0.86798036499,0.318006218701,-0.549974146288
204,0.86583833502,0.274966983146,-0.590871351874
546,0.852245625127,0.252335199612,-0.599910425515
547,0.849745740861,0.81243313935,-0.0373126015104
374,0.849465569665,0.849465569665,0.0
379,0.840989462666,0.631790436293,-0.209199026373
454,0.840926110729,0.740685304488,-0.100240806241
166,0.831890046939,0.0,-0.831890046939
539,0.82043821777,0.725970717314,-0.0944675004563
27,0.81998185135,0.35285025981,-0.46713159154
398,0.812012727921,0.434873092152,-0.37713963577
262,0.808899195951,0.392883778077,-0.416015417874
77,0.795605446827,0.516547762053,-0.279057684774
20,0.793418485923,0.265506174185,-0.527912311738
69,0.788157745679,0.328748657704,-0.459409087975
29,0.786419801811,0.181312263686,-0.605107538125
217,0.779303831665,0.68045061761,-0.0988532140548
500,0.770477019002,0.553825204156,-0.216651814846
483,0.764004358314,0.305011312975,-0.458993045339
208,0.759571368728,0.555749743267,-0.203821625462
187,0.744106566415,0.0468768632622,-0.697229703153
55,0.72468673279,0.414295317215,-0.310391415575
356,0.722963374351,0.599339289978,-0.123624084373
480,0.71151829687,0.295987429134,-0.415530867736
181,0.694042724244,0.640800060658,-0.0532426635864
191,0.690869939351,0.393114468643,-0.297755470707
33,0.68989601855,0.175564154252,-0.514331864298
165,0.689749585928,0.0,-0.689749585928
391,0.688638947525,0.64840846325,-0.0402304842748
399,0.68619405124,0.600573737477,-0.0856203137623
377,0.676432072215,0.290748396097,-0.385683676118
117,0.672403345551,0.433451894601,-0.23895145095
311,0.669922363748,0.0375313082208,-0.632391055527
76,0.663263539587,0.663263539587,0.0
485,0.658822425012,0.148699672502,-0.51012275251
469,0.657010193058,0.29972707585,-0.357283117208
458,0.646306236385,0.0216290618656,-0.62467717452
307,0.645924314337,0.582787836015,-0.0631364783218
189,0.642873117726,0.144290147727,-0.498582969999
544,0.631922678547,0.189305180251,-0.442617498296
110,0.631776395897,0.566323833384,-0.0654525625122
563,0.607914113744,0.159290177331,-0.448623936413
336,0.584688842022,0.296299625533,-0.288389216489
535,0.584335232596,0.42316844184,-0.161166790756
461,0.575990227388,0.195550906646,-0.380439320742
450,0.562972991608,0.386096105139,-0.17687688647
164,0.561091686735,0.386539578322,-0.174552108413
355,0.538020684434,0.0137275666736,-0.52429311776
67,0.525424625703,0.28878602628,-0.236638599423
247,0.518758665685,0.292581179436,-0.226177486248
364,0.518016286415,0.394429193702,-0.123587092713
72,0.496884229747,0.137723044967,-0.35916118478
194,0.492470160731,0.463164535563,-0.0293056251679
250,0.46936775229,0.0,-0.46936775229
537,0.452137978282,0.332603023032,-0.11953495525
317,0.444934004252,0.227722333514,-0.217211670738
23,0.427612797124,0.0,-0.427612797124
366,0.415452630516,0.314304080265,-0.101148550251
97,0.405335649374,0.298441770481,-0.106893878893
534,0.388260522586,0.267457768489,-0.120802754097
105,0.283287192868,0.0130483969751,-0.270238795893
566,0.0,0.0,0.0
