# POSITION WT AAA AAC AAG AAT ACA ACC ACG ACT AGA AGC AGG AGT ATA ATC ATG ATT CAA CAC CAG CAT CCA CCC CCG CCT CGA CGC CGG CGT CTA CTC CTG CTT GAA GAC GAG GAT GCA GCC GCG GCT GGA GGC GGG GGT GTA GTC GTG GTT TAA TAC TAG TAT TCA TCC TCG TCT TGA TGC TGG TGT TTA TTC TTG TTT
1 ATG 0 0 3 0 0 0 4 0 0 0 1 0 25 0 202038 2 0 0 0 0 0 0 0 0 0 0 0 0 0 0 8 0 0 0 0 0 0 0 0 0 0 0 0 0 0 0 11 0 0 0 0 0 0 0 0 0 0 0 0 0 0 0 5 0
2 AAG 16 0 201415 27 8 1 18 19 2 0 38 1 26 0 43 1 0 29 33 0 0 2 0 14 0 13 0 1 5 7 0 39 0 0 36 2 0 0 0 1 6 0 0 0 8 2 0 0 0 2 1 21 15 8 19 1 0 0 0 4 0 0 12 0
3 GCA 0 0 0 0 20 1 0 0 2 0 1 0 2 0 0 3 0 0 0 0 0 0 0 1 2 4 0 0 0 0 0 0 2 8 2 0 201344 8 12 35 1 0 0 0 27 1 0 0 0 19 0 1 2 1 0 1 0 5 0 0 0 0 1 0
4 AAA 198398 23 8 1 3 12 1 3 9 0 5 0 4 3 10 0 5 17 22 0 0 0 0 7 0 1 0 0 0 1 2 0 11 0 0 0 0 8 0 0 2 0 0 0 0 0 5 0 2 1 0 0 0 0 27 0 1 0 0 0 0 0 12 0
5 CTA 0 0 0 0 0 0 3 0 0 0 0 0 7 0 0 0 5 0 0 6 22 0 0 0 0 0 0 0 202083 1 44 0 0 0 0 0 1 0 0 0 0 3 0 1 1 0 0 0 0 6 0 0 0 0 0 0 0 0 0 11 16 5 0 0
6 CTG 0 0 0 0 1 0 0 0 0 0 0 0 1 9 11 0 0 0 2 0 0 0 2 0 0 0 1 0 12 22 201553 5 0 0 0 0 5 0 0 1 0 0 0 0 0 0 0 0 0 0 0 6 0 0 0 0 0 0 0 0 0 8 35 0
7 GTC 0 0 0 0 0 0 0 0 0 0 0 0 0 20 0 2 0 0 0 0 0 0 0 0 0 0 0 0 0 9 0 2 0 0 0 0 7 76 2 1 0 0 0 0 18 201163 4 15 0 1 0 0 0 0 0 1 0 0 4 4 0 5 20 0
8 CTG 0 0 0 0 0 0 0 0 0 0 0 0 0 0 7 1 0 0 1 0 0 0 62 0 0 0 4 0 40 1 201652 26 0 0 0 0 0 0 1 0 0 0 0 0 0 0 0 0 0 0 0 0 0 0 0 0 0 0 0 0 0 0 11 0
9 TTA 0 0 1 0 0 0 0 0 0 0 0 0 0 0 1 0 0 0 0 0 0 0 0 0 0 0 0 0 15 0 1 1 0 0 0 0 0 0 0 0 0 0 0 0 4 13 0 13 1 0 0 0 11 0 0 0 1 0 0 0 201785 4 38 4
10 TAT 0 0 0 0 1 0 0 2 0 0 0 0 24 1 0 0 0 0 0 38 0 0 0 0 0 0 0 0 0 0 0 0 0 0 0 1 0 0 0 0 0 0 0 0 2 0 0 0 12 25 1 200751 0 0 0 1 0 0 0 65 7 0 6 0
11 GCA 0 0 0 0 56 0 0 0 0 2 0 0 4 0 7 3 0 1 0 0 0 2 0 0 0 0 1 0 0 0 0 1 2 0 0 0 201340 3 39 56 5 0 0 0 65 1 2 0 0 0 0 2 29 1 0 0 0 0 2 5 6 30 3 58
12 TTT 0 0 0 0 0 2 0 0 0 0 0 0 2 0 0 15 0 0 0 0 0 0 0 0 1 0 0 0 0 1 0 48 0 0 0 0 0 0 0 0 0 0 0 0 17 19 0 20 0 0 0 0 0 2 0 13 0 0 0 4 1 57 9 201163
13 GTA 0 0 0 0 1 2 0 4 0 1 0 0 9 0 1 0 0 0 0 0 0 0 0 0 0 0 0 0 0 0 3 0 0 0 0 0 31 0 0 0 0 0 0 0 202040 1 47 2 0 0 0 0 1 0 0 0 0 0 0 0 2 0 0 0
14 GCT 0 0 0 0 0 9 0 15 0 0 12 0 0 0 0 0 0 0 0 0 0 0 0 0 0 0 0 0 0 0 0 0 0 0 0 2 6 32 1 201898 0 0 0 6 0 0 0 9 0 0 0 0 0 0 0 4 0 0 0 0 0 0 0 0
15 ACA 3 0 0 0 202033 33 56 10 1 0 0 0 6 6 0 0 0 0 0 0 0 0 0 0 0 0 0 0 0 0 0 0 0 0 0 0 11 0 0 0 0 0 0 0 0 0 0 0 0 0 0 0 0 0 0 0 0 0 0 0 0 0 0 0
16 GAT 0 0 0 15 0 0 0 0 0 0 0 4 0 0 0 0 0 0 0 0 0 0 0 0 0 0 0 0 0 0 0 0 7 9 1 202059 0 0 0 1 0 0 0 16 0 0 0 0 0 0 0 8 0 0 0 0 0 0 0 0 0 0 0 0
17 GCA 0 0 0 0 42 0 0 0 0 0 0 0 0 0 0 0 0 0 0 0 1 0 0 0 0 0 0 0 0 0 0 0 2 0 0 0 201115 4 78 15 2 0 0 0 41 0 0 0 0 0 0 0 3 0 0 0 0 0 0 0 0 0 0 0
18 GAC 0 6 0 0 0 0 0 0 0 0 0 0 0 0 0 0 0 0 0 0 0 0 0 0 0 0 0 0 0 0 0 0 2 201414 2 25 0 1 0 0 0 15 0 0 0 0 0 0 0 4 0 0 0 0 0 0 0 0 0 0 0 0 0 0
19 ACA 8 0 0 0 199175 3 66 6 6 0 45 18 8 0 1 0 6 0 0 13 2 0 0 0 0 0 0 9 0 0 0 0 0 0 3 0 6 0 0 0 0 0 0 0 0 0 0 2 0 0 0 2 2 0 2 0 0 0 3 0 4 1 5 3
20 ATA 2 0 0 0 11 0 0 0 0 0 0 0 202135 1 29 24 0 0 0 0 0 0 0 0 0 0 0 0 4 0 0 0 0 0 0 0 0 0 0 0 0 0 0 0 9 0 0 0 0 0 0 0 0 0 0 0 0 0 0 0 0 0 0 0
21 TGT 0 0 0 0 0 0 0 0 0 0 0 5 0 0 0 0 0 0 0 0 0 0 0 0 0 0 0 2 0 0 0 0 0 0 0 0 0 0 0 0 0 0 0 0 0 0 0 0 0 0 0 14 0 0 0 0 2 94 0 201699 0 0 0 1
22 ATA 1 0 0 0 5 0 0 0 1 0 0 0 201724 2 35 6 0 0 0 0 0 0 0 0 0 0 0 0 0 0 0 0 0 0 0 0 0 0 0 0 0 0 0 0 60 0 2 0 0 0 0 0 0 0 0 0 0 0 0 0 1 0 0 0
23 GGC 0 0 0 0 0 0 0 0 0 5 0 0 0 0 0 0 0 0 0 0 0 0 0 0 0 0 0 0 0 0 0 0 0 14 0 0 0 0 0 0 25 201857 26 18 0 3 0 0 0 0 0 0 0 0 0 0 0 10 0 0 0 0 0 0
24 TAC 0 2 0 0 0 0 0 0 0 0 0 0 0 0 0 0 0 16 0 0 0 0 0 0 0 0 0 0 0 0 0 0 0 0 0 0 0 0 0 0 0 0 0 0 0 0 0 0 4 201682 0 35 0 1 0 0 0 8 0 0 0 4 0 0
25 CAT 0 0 0 4 0 0 0 0 0 0 0 0 0 0 0 0 1 17 11 201869 0 0 0 3 0 0 0 17 0 0 6 1 0 0 0 0 0 0 0 0 0 0 0 0 0 0 0 1 0 0 0 8 0 0 0 0 0 0 0 0 0 0 0 0
26 GCG 0 0 0 0 0 0 31 0 0 1 0 0 0 0 0 0 0 0 0 0 0 0 0 0 0 0 0 0 0 0 0 0 0 0 6 0 78 13 200902 8 0 0 1 0 0 0 31 0 0 0 0 0 1 3 1 0 0 0 0 0 0 0 0 0
27 AAC 1 198380 0 6 0 5 0 0 0 4 0 0 0 0 0 0 0 0 0 0 0 0 0 0 0 0 0 0 0 0 0 0 0 10 0 0 0 0 0 0 0 0 0 0 0 0 0 0 0 2 0 0 0 0 0 0 2 0 0 0 0 0 0 0
28 AAC 2 199899 0 16 0 0 0 0 0 4 0 0 0 0 0 0 0 0 0 0 0 0 0 0 0 0 0 0 0 0 0 0 0 4 0 0 0 0 0 0 0 0 0 0 0 0 0 0 0 1 0 0 0 0 0 0 0 0 0 0 0 0 0 0
29 TCA 0 0 0 2 1 0 0 0 0 0 0 2 0 0 0 0 0 0 0 0 20 0 0 0 0 0 0 0 0 0 0 0 0 0 0 0 2 0 0 1 2 0 0 0 0 0 0 0 4 0 0 0 201406 4 24 3 3 0 0 0 3 0 0 0
30 ACC 0 11 0 0 9 201465 7 62 0 0 0 0 0 24 0 0 0 0 0 0 0 2 0 0 0 0 0 0 0 0 0 0 0 0 0 0 0 13 0 0 0 0 0 0 0 0 0 0 0 0 0 0 0 0 0 0 0 0 0 0 0 0 0 0
31 GAC 0 36 0 0 0 3 1 0 0 0 0 0 0 0 0 0 0 2 0 0 0 0 0 0 0 0 0 0 0 0 0 0 18 197398 4 7 0 0 0 0 0 13 0 0 0 1 0 0 0 3 0 0 0 0 0 0 0 0 0 0 0 0 0 0
32 ACT 0 0 0 2 7 15 2 199107 0 0 0 1 0 0 0 5 0 0 0 0 0 0 0 4 0 0 3 0 0 0 0 0 1 0 0 0 0 0 0 10 0 0 0 0 0 0 0 12 0 0 0 0 4 0 0 1 0 0 0 0 0 0 0 0
33 GTT 0 0 0 0 0 0 0 0 0 0 0 0 0 0 0 25 0 0 0 0 0 0 0 0 0 0 0 0 0 0 0 1 0 0 0 0 0 0 0 10 0 0 0 2 16 40 4 201253 0 0 0 0 0 0 0 0 0 0 0 0 0 0 0 4
34 GAC 0 13 0 0 0 0 0 0 0 0 0 0 0 0 0 0 0 0 0 0 0 0 0 0 0 0 0 0 0 0 0 0 0 201146 1 15 0 1 0 0 0 14 0 0 0 0 0 0 0 2 0 0 0 0 0 0 0 0 0 0 0 0 0 0
35 ACA 1 0 0 0 201926 6 19 5 0 0 0 0 7 0 0 0 0 0 0 0 2 0 0 0 0 0 0 0 0 0 0 0 0 0 0 0 5 0 0 0 0 0 0 0 0 0 0 0 0 0 0 0 0 0 0 0 0 0 0 0 0 0 0 0
36 ATA 4 0 0 0 13 0 0 0 2 0 0 0 201370 10 22 11 0 0 0 0 1 4 0 0 0 0 0 0 2 0 0 0 0 0 0 0 4 0 0 0 0 0 0 0 6 0 0 0 0 0 0 0 0 0 0 0 0 0 0 0 0 0 0 0
37 CTC 0 0 0 0 18 28 6 0 1 95 76 0 0 10 0 0 2 1 0 0 0 17 0 0 9 5 19 0 4 200851 8 24 0 0 0 0 0 0 0 0 1 0 0 0 0 1 0 0 0 35 0 2 4 5 0 0 0 0 0 0 0 6 3 0
38 GAG 0 0 27 0 0 0 0 0 0 0 0 0 0 0 0 0 0 0 1 0 0 0 0 0 0 0 0 0 0 0 0 0 50 0 201466 3 0 0 0 0 0 0 18 0 0 0 2 0 0 0 10 0 3 0 1 0 0 0 0 0 0 0 0 0
39 AAG 37 0 173004 4 0 0 4 0 0 0 19 0 0 0 7 0 0 0 0 0 0 0 0 0 0 0 0 0 0 0 0 0 0 0 7 0 0 0 0 0 0 0 0 0 0 0 0 0 0 0 1 0 0 0 0 0 0 0 0 0 0 0 0 0
40 AAT 2 9 2 201205 0 0 0 1 0 0 0 9 0 0 0 0 0 0 0 0 0 0 0 0 0 0 0 0 0 0 0 0 0 0 5 20 0 0 0 0 4 0 0 0 0 0 0 0 0 0 0 2 0 0 0 0 0 0 0 0 0 0 0 0
41 GTG 0 0 0 0 0 0 0 0 0 0 0 0 0 0 10 0 0 0 0 0 0 0 0 0 0 0 0 0 0 0 0 0 0 0 1 0 0 0 7 0 0 0 6 0 46 0 200873 6 0 0 0 0 0 0 0 0 0 0 0 0 0 0 3 0
42 GCA 0 0 1 0 30 0 0 0 0 0 0 0 0 0 0 0 0 0 0 0 41 0 0 0 0 0 0 0 0 0 0 0 1 0 5 0 197271 3 35 2 1 0 0 0 61 0 0 0 0 0 0 0 5 0 0 0 0 0 0 0 0 0 0 0
43 GTG 0 0 0 0 0 0 0 0 0 0 0 0 0 0 19 0 0 0 0 0 0 0 0 0 0 0 0 0 0 0 0 0 0 0 0 0 0 0 4 0 0 0 1 0 34 0 199016 5 0 0 0 0 0 0 0 0 0 0 0 0 0 0 3 0
44 ACA 2 0 0 0 193022 0 20 5 2 0 0 0 8 0 0 0 0 0 0 0 0 0 0 0 0 0 0 0 0 0 0 0 0 0 0 0 22 0 0 0 0 0 0 0 0 0 0 0 0 0 0 0 0 0 0 0 0 0 0 0 0 0 0 0
45 CAT 0 0 0 1 0 0 0 1 0 0 0 0 0 0 0 0 0 26 2 192219 0 0 0 2 0 0 0 5 0 0 0 0 0 0 0 1 0 0 0 1 0 0 0 0 0 0 0 0 0 0 0 5 1 0 0 0 0 0 0 0 0 0 0 0
46 TCT 0 0 0 0 0 0 0 3 0 0 0 2 0 0 0 0 0 0 0 0 0 0 0 10 0 0 0 0 0 0 0 0 0 0 0 0 0 0 0 1 0 0 0 0 0 0 0 0 0 0 0 2 3 94 5 193391 0 0 0 0 0 0 3 4
47 GTT 2 0 0 0 2 0 0 0 0 0 0 0 0 0 0 26 0 0 0 0 0 0 0 0 0 3 3 0 0 1 0 1 0 0 0 0 0 1 0 14 1 0 0 1 6 48 5 189552 0 2 0 1 0 0 0 0 0 0 0 0 0 0 0 6
48 AAC 15 193398 0 41 0 2 0 0 0 17 0 0 0 0 0 0 0 0 0 0 0 0 0 0 0 0 0 0 0 0 0 0 0 17 0 1 0 0 0 0 0 0 0 0 0 0 0 0 0 0 0 0 0 4 0 0 0 0 0 0 0 0 0 0
49 CTG 0 0 0 0 0 0 0 0 0 0 0 0 5 0 2 1 0 0 3 0 0 0 10 0 0 0 0 0 57 0 190146 3 0 0 0 0 0 0 0 0 0 0 0 0 0 0 0 0 0 0 0 1 0 0 0 0 0 0 0 0 0 0 6 0
50 CTC 0 0 0 0 0 0 0 0 0 0 0 0 0 6 0 0 0 3 0 0 0 2 0 0 0 0 0 0 16 186531 0 26 0 0 0 0 0 0 0 0 0 0 0 0 1 3 0 0 0 0 0 0 0 0 0 0 0 0 0 0 0 4 0 0
51 GAA 10 0 0 0 0 3 3 0 0 0 0 0 0 3 0 0 0 0 0 0 0 0 0 0 0 0 0 0 0 0 0 0 143048 0 5 0 0 2 0 0 4 0 0 0 0 0 1 0 1 0 0 0 0 0 0 0 0 0 0 1 0 0 0 0
52 GAC 1 11 0 0 3 3 0 1 0 0 0 0 0 4 0 0 0 3 0 0 0 0 0 0 0 0 0 1 0 0 0 0 2 103452 6 16 0 0 1 2 0 11 0 0 0 0 0 0 0 0 0 0 1 5 0 0 0 0 0 0 0 0 0 0
53 AGC 0 34 0 0 8 5 0 0 4 124307 11 58 0 8 0 0 0 0 0 0 0 0 0 0 4 6 0 0 0 3 2 0 7 0 0 0 0 6 1 1 2 24 0 0 0 0 0 7 0 1 0 3 4 0 0 6 0 1 0 0 0 0 0 0
54 CAC 0 2 0 0 0 0 0 0 0 0 0 0 0 0 0 0 1 104700 0 3 0 1 0 0 0 4 0 0 0 0 0 0 0 1 0 0 0 0 0 0 0 0 0 0 0 0 0 0 0 1 0 0 0 0 0 0 0 0 0 0 0 0 0 0
55 AAC 0 139671 0 17 0 1 0 0 0 6 0 0 0 0 0 0 0 0 0 0 0 0 0 0 0 0 0 0 0 0 0 0 0 8 0 0 0 0 0 0 0 0 0 0 0 0 0 0 0 0 0 0 0 0 0 0 0 0 0 0 0 0 0 0
56 GGG 2 0 0 0 0 0 1 0 0 1 11 0 0 0 0 0 0 6 0 0 0 0 0 0 0 0 17 0 0 0 0 0 0 0 11 0 0 0 5 0 25 1 169791 0 0 0 0 0 0 0 4 0 0 6 0 0 0 0 6 0 0 0 0 0
57 AAA 192476 2 16 1 0 0 0 0 18 0 0 0 0 0 0 0 0 5 0 0 0 0 0 0 5 0 2 3 0 1 0 0 27 0 0 0 0 0 9 0 1 0 0 0 1 0 0 0 0 0 0 0 0 0 0 0 0 0 0 0 0 0 0 0
58 CTA 0 0 0 0 0 0 0 2 0 0 0 0 4 0 0 0 2 0 0 0 22 0 0 0 0 0 0 0 160639 17 16 4 1 0 0 0 0 0 0 0 0 0 0 0 1 0 0 0 0 0 0 0 0 0 0 0 0 0 0 0 16 0 0 0
59 TGT 0 0 0 0 0 0 0 1 0 0 0 2 0 0 7 0 0 0 0 0 0 0 0 0 0 0 0 1 0 0 0 0 0 0 0 0 0 0 0 0 0 0 0 0 0 0 0 0 0 0 0 5 0 0 0 0 0 42 1 175182 0 0 0 2
60 AAA 197951 37 30 11 5 5 0 7 13 15 0 9 0 0 1 0 3 7 1 8 0 0 0 0 1 4 1 28 2 5 0 0 15 0 0 0 0 0 0 1 0 0 0 0 0 0 0 0 12 65 2 6 4 2 1 11 0 0 6 0 1 2 0 0
61 TTA 0 0 0 0 0 0 0 0 0 0 0 0 4 0 0 11 0 0 0 0 0 0 0 0 0 0 0 0 24 0 0 79 0 0 0 0 0 0 0 0 0 0 0 0 11 0 0 2 2 0 0 0 6 0 0 0 1 0 0 0 197877 1 42 3
62 AAA 199369 16 454 102 4 0 0 0 34 0 0 0 1 0 1 0 3 2 0 0 0 0 0 0 4 0 0 0 0 0 0 0 10 0 0 0 0 0 0 0 2 5 0 0 0 0 0 0 2 16 0 0 0 1 2 8 0 0 0 0 0 0 0 7
63 GGA 0 0 0 0 0 0 0 0 12 0 0 0 0 0 0 0 0 0 0 0 0 0 0 0 0 0 0 0 0 0 0 0 15 0 0 0 0 0 0 0 199544 0 27 0 3 0 0 0 0 0 0 0 2 0 0 0 9 0 0 0 0 0 0 0
64 ATA 3 0 0 0 14 0 0 0 3 0 0 0 189825 4 62 29 0 0 2 3 0 0 0 0 0 0 0 0 4 0 0 0 0 0 2 0 3 0 0 0 0 0 0 0 15 11 0 0 0 0 0 0 0 0 0 0 0 0 0 0 1 0 0 0
65 GCC 0 0 2 1 9 18 4 0 0 2 0 0 0 0 1 0 1 0 0 0 12 4 0 6 0 0 1 0 0 0 0 0 30 6 0 0 8 189083 3 10 1 1 2 0 0 13 0 0 0 2 0 0 0 3 0 0 0 0 4 0 0 0 0 0
66 CCA 0 0 0 0 3 0 0 0 0 0 0 0 0 0 0 0 2 0 0 0 191702 3 7 4 1 0 0 0 2 0 0 0 0 0 0 0 1 0 0 0 0 0 0 0 0 0 0 0 0 0 0 0 2 0 0 0 0 0 0 0 0 0 0 0
67 CTA 0 0 0 0 0 0 0 0 0 0 0 0 3 0 0 0 1 0 0 0 35 0 0 0 0 0 0 0 199923 1 17 3 0 0 0 0 0 0 0 0 0 0 0 0 2 0 0 0 0 0 0 0 0 0 0 0 0 0 0 0 11 0 0 0
68 CAA 6 0 0 0 5 0 5 0 0 0 0 0 0 0 2 0 201053 0 13 2 0 0 0 1 4 2 0 0 5 12 11 4 15 0 0 17 3 0 2 0 0 0 0 0 0 2 0 4 13 0 0 1 4 0 3 0 0 0 0 0 9 0 0 2
69 TTG 0 0 0 0 0 0 0 0 0 0 0 0 0 0 2 0 0 0 0 0 0 0 0 0 0 0 0 0 0 1 12 1 0 0 0 0 0 0 0 0 0 0 0 0 0 0 1 0 0 0 2 0 0 0 3 0 0 0 3 0 12 0 198824 3
70 GGG 0 0 0 0 0 0 0 2 0 0 7 0 0 0 4 0 5 0 3 0 0 0 0 0 0 0 0 0 0 0 0 0 0 7 34 5 0 0 1 0 22 6 200999 22 0 0 3 0 0 0 0 0 0 2 0 0 0 0 4 0 0 2 0 0
71 AAA 201014 5 18 31 4 0 0 0 14 0 0 0 1 1 0 0 1 6 0 0 37 0 0 4 1 0 0 0 12 0 0 3 35 0 0 0 3 0 0 0 0 0 3 0 0 0 0 0 0 0 0 0 1 3 0 1 0 0 0 0 0 0 3 0
72 TGT 0 0 0 1 0 0 0 0 0 0 0 2 0 0 0 0 0 0 0 0 0 0 0 0 0 0 0 3 0 0 0 0 0 0 0 0 0 0 0 0 0 0 0 1 0 0 0 0 0 0 0 18 0 0 0 0 2 52 1 201930 0 0 0 3
73 AAC 5 201122 1 18 0 3 1 2 0 34 0 4 0 0 0 0 6 1 0 0 0 0 0 0 0 0 0 0 0 0 0 0 0 64 0 0 0 0 0 0 0 0 0 0 0 0 0 0 0 0 0 0 6 3 14 20 0 0 0 0 0 0 0 0
74 ATC 0 1 0 0 0 13 0 0 0 2 0 0 4 195222 0 23 0 0 0 0 0 0 0 0 0 0 0 0 11 8 3 0 0 0 0 0 0 0 0 0 0 0 0 0 0 11 0 3 0 0 0 0 0 0 0 0 0 0 0 0 5 1 10 0
75 ACC 0 4 0 0 7 193969 13 90 0 0 0 5 2 21 0 6 0 0 3 4 0 3 1 0 0 0 0 0 0 2 112 1 0 0 0 0 0 10 0 0 0 0 0 0 0 0 0 0 0 0 0 0 0 10 1 0 0 0 0 0 1 0 3 0
76 GGA 0 0 0 0 0 0 0 0 17 0 0 0 0 0 0 0 0 0 0 0 0 0 0 0 0 0 0 0 0 0 0 0 26 0 0 0 0 0 0 0 201283 1 31 4 6 0 0 0 0 0 0 0 0 0 0 0 2 0 0 0 0 0 0 0
77 TGG 0 0 0 0 0 0 0 0 0 0 3 0 0 0 0 0 0 0 0 0 0 0 0 0 0 0 9 0 0 0 0 0 0 0 0 0 0 0 0 0 0 0 1 0 0 0 0 0 0 0 22 0 0 0 0 0 57 0 201591 1 0 0 4 0
78 CTC 0 0 0 0 0 0 0 0 0 0 0 0 1 3 0 0 0 4 0 0 0 11 0 0 0 2 0 0 41 200538 11 7 0 0 0 0 0 0 0 0 0 0 0 0 2 3 0 0 0 0 0 0 0 0 0 0 0 0 0 0 1 8 1 0
79 TTG 0 0 0 0 0 0 0 0 0 0 0 0 0 0 0 0 0 0 0 0 0 0 0 0 0 0 0 0 4 11 90 3 0 0 0 0 0 0 0 0 0 0 0 0 0 0 5 0 0 0 3 0 0 0 10 0 0 0 3 0 32 0 201218 3
80 GGA 0 0 0 0 0 0 0 0 7 0 0 0 0 0 0 0 0 0 0 0 0 0 0 0 0 0 0 0 0 0 0 0 10 0 0 0 1 0 0 0 201497 4 32 3 1 0 0 0 0 0 0 0 0 0 0 0 6 0 0 0 0 0 0 0
81 AAT 7 48 0 201175 0 0 0 6 0 0 0 13 0 0 0 1 0 0 0 3 0 0 0 0 0 0 0 0 0 0 0 0 0 0 0 7 2 0 0 0 0 0 0 0 0 0 0 0 0 0 0 0 0 1 0 0 0 0 0 0 0 0 0 0
82 CCA 0 0 0 0 2 0 0 0 0 0 0 0 0 0 0 0 2 0 0 0 201644 14 98 13 0 0 0 0 6 0 0 0 0 0 0 0 0 0 0 0 0 0 0 0 0 0 0 0 0 0 0 0 5 0 0 0 0 0 0 0 0 0 0 0
83 GAA 9 0 0 0 0 0 3 0 0 0 0 0 0 0 0 0 3 1 0 0 0 0 0 0 0 0 0 0 0 0 0 0 201516 10 20 1 4 4 2 0 6 0 2 0 0 0 0 0 4 0 0 0 0 0 0 0 0 0 2 0 1 0 0 1
84 TGC 0 0 0 0 0 0 0 0 0 1 0 0 0 0 0 0 0 0 0 0 0 0 0 0 0 3 0 0 0 0 0 0 0 0 0 0 0 0 0 0 0 0 0 0 0 0 0 0 0 12 0 0 0 0 0 0 8 197211 2 129 0 1 0 0
85 GAC 0 32 0 0 0 0 0 0 0 0 0 0 0 0 0 0 0 0 0 0 0 0 0 0 0 0 0 0 0 0 0 0 17 201574 2 14 0 0 0 0 0 17 0 0 0 1 0 0 0 7 0 0 0 0 0 0 0 0 0 0 0 0 0 0
86 TCA 3 8 0 6 25 0 0 0 0 0 0 4 0 22 6 0 1 2 0 17 33 1 0 2 0 0 0 0 1 0 17 8 37 2 8 16 1 1 0 0 0 0 0 7 0 0 0 0 3 1 0 65 201499 21 12 3 3 0 0 0 11 1 20 0
87 CTG 0 0 0 0 0 0 0 0 0 0 0 0 2 0 4 1 0 0 3 0 0 0 14 0 0 0 2 0 64 25 201713 3 0 0 0 0 0 0 0 0 0 0 0 0 0 0 0 0 0 0 0 0 0 0 0 0 0 0 0 0 1 0 53 0
88 CTT 0 0 0 0 0 1 0 0 0 0 0 0 0 2 2 18 0 0 0 0 0 0 0 11 0 0 0 4 3 90 4 201597 3 1 0 0 0 0 2 0 0 0 0 0 0 0 0 2 0 1 0 0 0 0 0 0 0 0 0 0 7 0 5 15
89 CCA 8 0 0 17 12 6 11 5 0 14 0 1 27 14 16 13 14 0 3 13 198847 33 38 6 3 0 0 3 16 1 40 15 0 15 0 16 9 1 1 97 4 19 0 3 5 27 0 9 0 5 0 12 27 0 33 34 0 0 0 0 17 8 3 0
90 GCG 0 0 11 9 0 33 55 17 0 8 0 23 0 11 0 0 6 1 0 1 8 6 0 3 1 13 13 0 0 8 8 1 0 1 8 12 25 6 201063 15 0 0 2 0 0 5 126 0 0 0 0 4 0 0 10 0 0 0 0 0 0 123 2 1
91 AGA 31 16 3 8 0 3 8 6 201670 15 15 0 16 1 0 2 4 4 0 0 0 0 0 0 1 0 0 0 6 0 0 0 9 0 21 0 8 1 0 7 29 0 1 0 2 0 0 0 0 0 0 0 0 0 0 0 1 0 2 0 1 0 4 0
92 TCA 0 0 3 1 9 0 0 0 0 0 0 0 0 0 0 1 15 0 5 0 24 0 0 0 0 0 3 0 0 0 4 0 11 19 0 2 3 0 3 0 0 0 0 6 3 10 0 0 3 1 0 0 201315 0 44 0 1 0 5 0 6 0 0 0
93 TGG 0 0 0 0 0 0 0 0 0 0 2 0 0 0 0 0 0 0 0 0 0 0 0 0 0 0 12 0 0 0 0 0 0 0 0 0 0 0 0 0 0 0 3 0 0 0 0 0 0 0 17 0 0 0 0 0 19 0 201704 1 0 0 4 0
94 TCC 0 0 0 0 0 2 0 0 0 13 0 31 0 0 0 0 0 0 0 0 0 13 1 0 0 0 0 0 0 0 0 0 0 0 0 0 4 4 0 4 7 1 1 18 0 0 0 0 0 2 0 0 26 201279 4 20 0 0 0 0 0 7 0 0
95 TAC 0 1 0 0 0 0 0 0 0 0 0 0 0 0 0 0 0 41 0 0 0 0 0 0 0 0 0 0 0 0 0 0 0 1 0 0 0 0 0 0 0 0 0 0 0 0 0 0 4 201729 1 36 0 0 0 0 0 10 0 0 0 1 0 0
96 ATT 0 0 0 2 0 0 0 13 0 0 0 0 7 21 3 219904 0 0 0 0 0 0 0 0 0 0 0 0 0 0 0 6 0 0 0 0 0 0 0 0 0 0 0 0 1 0 0 10 0 0 0 0 0 0 0 0 0 0 0 0 0 0 0 1
97 GTA 0 0 0 0 0 0 0 0 0 0 0 0 28 0 0 9 0 0 0 0 0 0 0 0 0 0 0 0 0 0 0 0 1 0 0 0 21 0 0 0 0 0 0 0 220181 12 41 22 0 0 0 0 0 0 0 0 0 0 0 0 1 0 0 0
98 GAA 16 0 0 0 0 0 0 0 0 0 0 0 0 0 0 0 2 0 0 0 0 0 0 0 0 0 0 0 0 0 0 0 220443 1 10 3 0 0 0 0 11 0 0 0 0 0 0 0 1 0 0 0 0 0 0 0 0 0 0 0 0 0 0 0
99 ACA 5 11 0 0 219989 8 27 2 1 3 0 0 28 0 0 0 4 0 0 0 9 0 0 0 7 0 4 0 4 0 0 0 5 20 12 0 9 0 2 0 0 0 0 18 0 0 0 0 0 9 0 0 10 0 42 0 0 0 0 0 6 0 0 0
100 CCA 0 0 0 3 7 15 0 0 0 0 0 0 0 0 4 0 2 0 22 4 219840 3 29 2 2 0 0 2 7 0 0 0 0 0 2 0 0 0 0 0 0 2 0 0 8 0 17 0 0 1 0 0 11 4 0 0 0 0 5 0 0 0 0 2
101 AAC 4 216075 7 22 0 8 0 0 0 9 2 4 0 0 0 0 0 0 2 0 0 0 0 0 1 2 0 0 0 0 0 0 2 36 0 0 0 2 1 0 0 0 3 35 0 0 0 0 0 1 0 0 0 0 4 0 0 0 0 0 0 0 0 0
102 TCT 0 0 0 11 11 5 4 9 0 0 0 0 0 0 0 0 4 0 8 0 13 0 0 12 0 0 0 0 0 0 0 0 0 0 0 0 2 0 0 1 9 1 0 0 0 0 0 0 0 0 0 4 3 55 8 219943 0 0 0 0 0 0 0 3
103 GAG 0 0 9 0 7 0 5 0 0 0 0 1 0 0 0 0 5 0 28 0 7 0 1 0 0 0 0 0 0 0 0 0 53 4 219446 8 13 2 2 0 0 0 74 2 0 2 9 0 0 0 2 0 1 0 0 0 0 0 0 0 0 3 0 0
104 AAT 3 7 2 220014 0 0 0 11 0 0 0 30 0 0 2 0 0 20 2 21 0 0 0 0 0 0 0 0 0 4 28 0 4 1 0 20 0 0 0 1 1 0 0 0 0 17 0 0 0 4 0 62 2 0 0 0 0 3 0 0 19 7 9 0
105 GGA 0 0 0 0 0 0 0 0 10 0 0 0 0 0 0 0 0 0 0 0 0 0 0 0 1 0 0 0 0 0 0 0 7 0 0 0 0 0 0 0 219974 0 27 11 1 0 0 0 0 0 0 0 0 0 0 0 4 0 0 0 0 0 0 0
106 GCA 0 0 0 0 31 0 0 0 0 0 0 0 0 0 0 0 0 0 3 0 7 11 0 0 0 0 0 0 1 0 0 1 0 0 0 0 220105 2 11 1 3 0 0 0 32 0 0 0 0 0 0 0 3 0 0 0 0 0 0 0 0 2 0 0
107 TGT 0 0 0 0 0 0 0 0 0 0 0 2 0 0 0 0 0 0 0 0 0 0 0 0 0 0 0 5 0 0 0 0 0 0 0 0 0 0 0 0 0 0 0 0 0 0 0 0 0 0 0 33 0 0 0 0 3 26 0 218991 0 0 0 4
108 TAT 0 0 0 1 0 0 0 0 0 0 0 0 0 0 0 0 0 0 0 10 0 0 0 0 0 0 0 0 0 0 0 0 0 0 0 0 0 0 0 0 0 0 0 0 0 0 0 0 1 44 1 219936 0 0 0 3 0 0 0 4 0 0 0 2
109 CCA 0 0 0 0 5 0 0 0 0 0 0 0 0 0 0 0 4 0 0 0 219436 5 55 9 0 0 0 0 0 0 0 0 0 0 0 0 1 0 0 0 0 0 0 0 0 0 0 0 0 0 0 0 2 0 0 0 0 0 0 0 0 0 0 0
110 GGA 0 0 0 0 0 0 0 0 13 0 0 0 0 0 0 0 0 0 0 0 0 0 0 0 0 0 0 0 0 0 0 0 14 0 0 0 0 0 0 0 220617 1 39 36 2 0 0 0 0 0 0 0 0 0 0 0 13 0 0 0 0 0 0 0
111 GAT 4 0 0 26 0 0 0 2 0 0 3 0 0 0 0 0 0 0 0 0 0 0 0 1 0 0 1 0 0 0 0 0 2 32 1 220280 0 0 0 0 0 0 0 37 0 0 0 0 0 0 0 3 0 0 0 0 0 0 0 0 0 0 0 0
112 CTC 0 0 0 0 1 0 0 0 0 0 0 0 8 5 0 1 0 6 0 0 0 64 0 0 0 2 0 0 4 220159 0 9 0 0 0 0 0 0 0 0 0 0 0 0 0 1 41 0 0 0 0 0 0 0 0 0 0 0 1 0 0 10 1 9
113 ATC 0 7 0 0 0 28 11 0 0 4 0 0 17 219527 6 62 0 11 10 6 0 0 0 0 3 0 0 0 0 6 0 1 0 0 13 0 14 25 0 0 19 12 12 0 0 21 0 2 0 2 0 0 7 0 7 0 0 0 0 0 12 10 0 17
114 GAC 0 60 0 3 0 0 0 0 0 0 0 0 0 0 0 0 0 3 0 0 0 0 0 0 0 0 0 0 0 0 0 0 4 218822 2 6 0 0 1 0 0 19 0 0 0 0 0 0 0 3 7 0 0 0 0 0 0 0 0 0 0 0 0 0
115 TAT 0 0 0 3 0 1 3 0 0 6 0 0 16 1 5 0 0 0 0 29 0 0 0 0 0 0 0 0 5 0 0 0 0 0 0 2 0 0 0 2 0 2 0 0 0 0 0 0 2 14 1 216190 7 0 0 2 0 0 0 8 2 0 9 2
116 GAG 0 0 18 0 0 0 0 0 0 0 0 0 0 0 0 0 0 0 1 0 1 0 1 0 0 0 0 0 0 0 0 0 11 0 219463 17 0 1 3 0 0 0 73 0 0 0 5 0 0 0 5 0 0 0 0 0 0 0 0 0 0 0 0 0
117 GAA 16 0 0 0 0 0 0 0 0 0 0 0 0 0 0 0 0 0 0 0 0 0 0 0 0 0 0 0 0 0 0 0 220354 3 69 1 2 0 0 0 11 0 0 0 0 0 0 0 1 0 0 0 0 0 0 0 0 0 0 0 0 0 0 0
118 CTG 0 0 0 0 0 0 0 0 0 0 0 0 0 0 5 0 0 0 2 0 0 0 25 0 0 0 0 0 19 3 219707 25 0 0 0 0 0 0 0 0 0 0 0 0 0 0 3 0 0 0 0 0 0 0 0 0 0 0 0 0 0 0 14 0
119 AGG 0 0 29 0 0 0 0 0 37 0 219689 1 0 0 21 0 0 0 0 0 0 0 0 0 2 0 3 0 2 0 0 0 0 0 0 0 0 0 0 0 0 0 36 0 0 0 0 0 0 0 0 8 0 0 0 0 0 0 3 0 0 2 0 10
120 GAG 0 0 7 0 0 0 0 0 0 0 0 0 0 0 0 0 0 0 0 0 0 0 0 0 0 0 0 0 0 0 0 0 56 0 220169 4 0 0 0 0 0 0 15 0 0 0 0 0 0 0 4 0 0 0 0 0 0 0 0 0 0 0 0 0
121 CAA 3 0 0 0 0 0 0 0 0 0 0 0 0 0 0 0 219881 4 34 3 1 0 0 0 2 0 0 0 3 0 0 0 1 0 0 0 0 0 0 0 0 0 0 0 0 0 0 0 127 0 0 0 0 0 0 0 0 0 0 0 0 0 0 0
122 TTG 0 0 0 0 0 0 0 0 0 0 0 0 0 0 1 0 0 0 0 0 0 0 0 0 0 0 0 0 0 45 22 0 0 0 0 0 0 0 0 0 0 0 0 0 0 0 6 0 0 0 3 0 0 0 8 0 0 0 1 0 37 0 219584 1
123 AGC 1 25 0 0 0 0 3 0 5 220358 2 32 0 12 0 5 0 0 0 0 0 0 0 0 0 1 0 0 1 0 0 0 0 0 0 0 0 0 0 0 0 27 0 2 0 0 0 0 0 0 0 0 0 0 0 0 0 7 0 0 0 1 0 5
124 TCA 0 1 0 0 2 5 0 4 0 0 0 0 0 0 0 0 0 0 0 0 21 0 0 2 0 0 0 0 0 0 1 0 0 0 0 1 0 1 0 1 0 0 0 0 0 0 0 0 2 0 0 6 218217 1 44 7 0 0 0 0 4 0 0 1
125 GTA 0 0 0 0 1 0 0 3 0 0 0 0 30 9 0 0 0 0 0 0 0 0 0 0 0 0 0 0 0 0 0 0 0 0 0 0 17 0 0 45 0 0 0 0 220128 4 21 2 0 0 0 0 1 0 0 0 0 0 0 1 3 0 0 1
126 TCA 0 0 0 2 9 0 17 0 0 0 1 1 0 10 23 0 0 0 0 0 15 0 0 0 12 0 0 0 5 0 0 0 5 1 3 0 5 0 0 0 0 0 4 3 2 0 32 0 3 5 0 0 219441 65 20 1 1 0 0 0 4 0 0 0
127 TCA 0 0 1 0 5 0 0 0 1 5 0 0 0 0 0 0 0 0 0 0 14 0 0 0 6 0 0 0 4 0 0 0 0 0 0 0 3 0 0 0 0 0 2 0 0 0 3 0 1 0 0 4 219958 5 6 0 1 0 0 0 15 0 0 0
128 TTA 0 0 0 0 0 0 0 0 0 0 0 0 1 0 14 0 0 0 0 0 0 0 0 0 0 0 0 0 24 0 0 0 0 0 0 0 0 0 0 0 0 0 0 0 18 1 0 0 0 6 0 5 5 0 0 0 1 0 0 0 219433 8 23 0
129 GAA 17 0 0 0 0 1 0 0 0 0 0 6 0 0 0 0 0 0 0 0 0 0 0 0 0 0 0 0 0 0 0 0 219399 10 24 0 2 0 0 0 8 0 0 0 0 0 0 2 3 0 0 0 0 0 0 2 0 0 0 0 0 0 0 0
130 AGA 15 0 0 0 0 0 0 0 219871 0 14 0 2 0 0 0 0 0 0 0 0 0 0 0 11 0 0 0 0 0 0 0 0 0 0 0 0 0 0 0 10 0 0 0 0 0 0 0 0 0 0 0 0 0 0 0 2 0 0 0 0 0 0 0
131 TTC 0 0 0 0 0 0 0 0 0 0 0 0 0 0 0 0 0 0 0 0 0 0 0 0 0 0 0 0 0 6 0 0 0 0 0 0 0 0 0 0 0 0 0 0 0 0 0 0 0 3 0 0 0 8 0 0 0 0 0 0 2 218932 0 21
132 GAA 14 0 0 0 0 0 0 0 0 0 0 0 0 0 0 0 1 0 0 0 0 0 0 1 0 0 0 0 0 0 0 0 220602 4 15 0 0 0 0 0 4 0 0 0 1 0 0 0 3 0 0 0 0 0 0 0 0 0 0 0 0 0 0 0
133 ATA 2 0 0 0 9 0 0 0 0 0 0 0 219220 1 22 5 0 0 0 0 0 0 0 0 0 0 0 0 2 0 0 0 0 0 0 0 0 0 0 0 0 0 0 0 14 0 0 0 0 0 0 0 0 0 0 0 0 0 0 0 1 0 0 0
134 TTT 0 0 0 0 0 0 0 0 0 0 0 0 0 0 0 2 0 0 0 0 0 0 0 0 0 0 0 0 0 0 0 6 0 0 0 0 0 0 0 0 0 0 0 0 0 0 0 0 0 0 1 2 0 0 0 4 0 0 0 1 2 39 0 219603
135 CCC 1 10 1 0 0 2 0 0 2 5 0 32 0 0 0 0 5 4 0 5 13 218111 3 26 0 0 0 0 0 4 0 0 13 0 0 1 0 0 0 0 0 0 0 0 0 0 0 0 0 0 0 0 9 16 0 0 0 0 0 0 0 0 0 0
136 AAG 24 3 187109 6 0 3 2 0 12 0 15 3 0 0 7 0 4 12 24 0 0 0 2 5 0 0 3 0 1 0 69 12 0 0 39 1 0 6 0 0 0 0 1 0 7 0 1 4 0 0 11 0 29 1 0 0 0 0 0 0 3 2 0 32
137 GAA 10 2 0 21 2 4 0 0 0 0 0 0 1 0 0 0 0 5 1 7 0 0 0 0 0 0 0 0 10 2 0 0 219262 9 18 5 5 0 0 0 29 0 0 0 16 0 0 0 4 0 0 0 6 0 0 26 0 0 0 0 0 0 0 3
138 AGT 0 1 0 83 0 27 5 0 3 31 5 219054 0 8 4 22 0 3 8 0 3 0 0 0 0 0 5 7 0 9 0 4 1 0 0 0 41 4 15 0 1 0 2 22 10 2 0 0 0 8 0 3 7 2 5 0 0 0 4 1 0 0 1 6
139 TCA 1 1 0 0 35 16 0 0 0 4 0 25 1 0 0 0 0 5 0 0 6 0 0 0 0 0 0 0 0 0 0 0 0 0 0 0 9 79 32 0 4 0 0 0 0 36 7 0 2 4 0 0 217976 17 39 46 1 0 11 0 9 0 0 0
140 TGG 0 0 0 0 0 0 0 0 0 0 10 0 0 0 0 0 0 0 0 0 0 0 0 0 0 0 10 0 0 0 0 0 0 0 0 0 0 3 0 0 0 0 0 0 0 0 0 0 0 0 17 4 0 0 0 0 27 0 219391 0 0 12 6 0
141 CCC 0 0 0 0 11 7 1 0 0 1 0 0 1 0 0 0 0 4 0 0 19 216981 2 30 0 0 0 0 2 7 0 0 2 0 3 0 0 12 0 0 0 0 0 0 24 3 0 0 0 0 0 0 0 41 0 3 0 0 0 0 0 0 0 0
142 AAC 4 218066 0 32 0 0 0 0 0 10 0 0 0 0 0 0 0 3 0 0 0 0 0 0 0 0 0 0 0 0 0 0 0 12 0 0 0 0 0 0 0 0 0 0 0 0 0 0 0 0 0 0 0 0 0 0 0 0 0 0 0 0 0 0
143 CAC 0 10 0 0 5 0 0 0 0 0 0 0 0 0 3 0 2 215403 1 17 0 3 0 0 0 3 0 0 0 0 1 0 0 2 0 0 0 0 0 0 0 0 0 0 0 0 0 0 0 48 0 45 0 0 2 0 0 0 0 0 0 8 0 0
144 ACA 3 0 0 0 166201 8 3 4 0 0 0 0 12 0 0 0 0 0 0 0 1 0 0 0 0 0 0 0 0 0 0 0 0 0 0 0 22 0 0 0 0 4 2 25 0 0 0 0 0 0 0 0 0 0 0 0 0 0 0 0 0 0 0 0
145 TTC 0 0 0 0 0 0 0 0 0 4 0 1 0 1 2 1 0 0 0 0 0 0 0 0 0 0 0 0 0 3 9 0 30 14 14 41 0 4 2 0 1 0 0 0 0 1 2 0 0 3 0 0 3 12 0 5 0 1 0 0 0 112705 0 12
146 AAC 6 171659 3 113 0 2 0 0 0 13 2 0 0 0 3 0 2 3 24 14 1 3 0 1 0 5 0 0 0 0 0 0 1 13 17 113 2 3 6 0 1 0 4 12 6 1 1 0 0 10 0 3 0 0 3 0 0 0 0 0 0 0 0 0
147 GGA 0 0 0 0 0 0 0 0 9 0 0 0 0 0 0 0 0 0 0 0 0 0 0 0 0 0 0 0 0 0 0 0 11 0 0 1 0 0 0 0 117442 8 14 6 1 0 0 0 0 0 0 0 0 3 0 0 2 0 0 0 0 0 0 0
148 GTA 0 0 0 2 11 30 4 33 0 0 0 28 155 5 1 1 0 0 0 0 0 0 0 0 0 0 0 0 0 0 0 0 1 0 0 0 25 0 0 0 0 0 0 0 157155 7 21 2 0 0 0 0 0 10 4 1 0 0 0 0 7 0 0 0
149 ACA 3 0 0 0 158394 1 31 8 0 2 0 0 16 0 0 0 0 0 0 0 1 0 0 0 0 0 0 0 0 0 0 0 0 0 0 0 10 0 0 0 0 0 0 0 0 0 0 0 0 0 0 0 15 0 0 10 0 0 0 0 0 0 0 0
150 GTA 0 0 0 0 0 0 2 0 0 16 0 44 18 0 0 0 3 0 8 0 0 0 0 0 0 0 0 0 0 46 8 0 1 0 0 0 114 10 2 2 1 0 0 0 165028 18 17 1 0 0 0 1 34 1 0 0 0 0 0 0 2 12 9 11
151 TCA 0 0 0 0 2 0 0 0 0 0 0 0 0 0 0 0 0 0 0 0 10 0 0 0 0 0 0 0 0 0 0 0 0 0 0 0 8 0 3 0 0 0 0 0 0 0 0 0 1 0 0 0 162577 1 32 1 0 0 0 0 4 0 0 0
152 TGC 0 0 0 0 0 0 0 0 0 2 0 0 0 0 0 0 0 0 0 0 0 0 0 0 0 2 0 0 0 0 0 0 0 0 0 0 0 0 0 0 0 0 0 0 0 0 0 0 0 48 0 0 0 0 0 0 1 161150 0 40 0 1 0 0
153 TCC 36 0 5 9 33 24 13 15 5 9 0 0 32 34 4 0 5 27 0 66 12 299 12 9 0 1 0 0 2 260 0 0 42 0 1 0 0 0 0 0 8 45 30 0 25 0 0 55 0 24 0 0 7 207404 0 24 0 9 0 0 2 36 1 14
154 CAT 0 6 0 67 62 4 5 0 13 0 0 0 102 0 20 3 6 23 16 206389 266 0 0 5 1 1 0 16 10 19 1 106 13 48 0 106 4 16 6 39 0 0 1 0 1 0 0 0 0 0 1 13 1 0 11 7 0 0 5 0 0 0 0 0
155 AGG 0 0 44 0 3 0 0 0 38 3 216360 4 2 0 38 0 13 0 1 3 0 0 0 0 21 0 16 0 1 0 0 0 4 32 0 0 0 3 0 28 8 0 191 5 0 0 0 4 0 17 267 18 1 1 18 28 0 0 14 0 1 0 0 0
156 GGA 2 0 0 0 0 0 0 0 18 0 0 3 0 0 0 0 0 25 0 0 0 0 0 0 0 0 1 0 0 0 0 0 101 0 1 0 0 8 0 0 217331 2 177 8 4 0 0 0 0 0 0 0 6 132 0 20 1 0 0 0 0 0 0 4
157 AAA 218186 2 25 2 9 10 0 0 12 0 0 7 36 0 0 93 7 4 0 1 0 0 0 0 0 0 2 0 0 3 0 4 44 1 4 1 0 13 0 0 0 9 0 12 1 8 1 0 0 6 0 0 36 0 0 0 0 0 0 0 15 8 3 0
158 AGC 0 55 0 0 0 0 0 0 1 216215 1 80 0 2 4 0 0 0 0 0 6 2 1 9 0 1 0 0 55 6 0 1 0 0 0 0 73 2 0 9 0 98 0 0 0 0 0 0 0 0 0 2 0 21 1 0 0 0 0 0 0 0 0 0
159 AGT 0 0 0 16 0 3 0 2 1 46 17 212945 0 0 0 3 4 0 0 1 0 0 0 0 0 0 0 3 0 0 0 0 0 0 4 1 1 6 0 0 6 45 2 44 0 0 0 1 0 0 0 0 0 8 11 0 0 0 0 5 0 0 0 0
160 TTT 0 0 0 0 0 0 0 0 0 0 0 0 0 0 0 0 0 0 0 0 0 0 0 0 0 0 0 0 0 0 0 8 0 0 0 0 0 0 0 0 0 0 0 0 0 0 0 0 0 0 0 0 0 0 0 7 0 0 0 1 2 11 1 216115
161 TAC 0 5 0 0 0 0 0 0 0 0 0 0 0 0 0 0 0 7 0 0 0 0 0 0 0 0 0 0 0 0 0 0 0 0 0 0 0 0 0 0 0 0 0 0 0 0 0 0 1 219124 1 28 0 1 0 0 0 8 0 0 0 7 0 0
162 AGA 32 1 0 0 0 0 0 0 219501 0 18 1 0 0 0 0 0 2 0 0 0 0 0 0 1 4 4 0 0 0 0 0 0 0 0 0 0 0 0 0 44 0 0 0 0 0 0 0 0 0 0 0 0 3 0 0 4 0 0 0 0 0 0 0
163 AAT 0 13 0 218397 0 0 0 0 0 0 0 9 0 0 0 2 0 0 0 18 0 0 0 0 0 0 0 0 0 0 0 0 0 0 0 6 0 0 0 0 0 0 0 0 0 0 0 0 0 0 0 0 0 0 0 0 0 0 0 0 0 0 0 0
164 TTG 0 0 0 0 0 0 0 0 0 0 0 0 0 46 4 11 0 0 0 0 0 0 0 0 0 0 0 0 1 1 11 0 0 0 0 0 0 0 0 0 0 0 0 0 0 1 3 0 0 0 2 0 0 0 2 0 0 0 0 0 48 0 219005 2
165 CTA 0 0 0 0 0 0 0 0 0 0 0 0 3 0 0 0 0 0 0 0 14 0 0 0 0 0 0 0 220033 4 12 7 0 0 0 0 0 0 0 0 0 0 0 0 0 0 11 0 0 0 0 0 0 0 0 0 0 0 0 0 46 0 0 0
166 TGG 0 0 0 0 0 0 0 0 0 0 1 0 0 0 0 0 0 0 0 0 0 0 0 0 0 0 4 0 0 0 0 0 0 0 0 0 0 0 0 0 0 0 1 0 0 0 0 0 0 0 122 0 0 0 0 0 40 0 219672 1 0 0 4 0
167 CTG 0 0 0 0 0 0 0 0 0 0 0 0 11 0 17 0 0 0 2 0 0 0 20 0 0 0 1 0 48 2 215474 29 0 0 0 0 0 0 0 0 0 0 0 0 0 4 17 0 0 0 0 0 0 0 0 0 0 0 0 0 12 0 30 0
168 ACG 0 0 4 0 43 0 218735 15 0 0 1 0 0 0 61 0 0 0 0 0 0 0 0 0 0 0 0 0 0 0 0 0 0 0 0 0 0 0 31 0 0 0 0 0 0 0 0 0 0 0 0 0 0 0 0 4 0 0 0 0 0 0 0 0
169 AAG 26 0 219209 10 2 1 4 9 0 0 24 0 0 0 5 0 1 3 15 3 0 0 0 0 0 0 0 3 1 0 0 0 0 0 15 0 7 7 107 0 0 0 7 0 3 0 0 0 0 0 1 0 0 0 4 41 0 0 0 0 0 0 0 0
170 AAG 42 11 216459 13 3 10 4 0 2 4 29 0 0 0 32 0 0 3 12 8 0 0 0 0 5 0 7 9 0 6 2 0 0 0 21 0 0 46 43 4 0 0 1 0 5 0 0 0 0 10 0 0 2 2 0 9 0 0 0 0 0 0 6 0
171 GGG 7 47 0 5 0 10 2 0 0 9 23 5 0 1 0 5 9 1 12 0 0 0 0 0 0 0 31 0 3 13 3 0 1 4 44 19 0 4 3 4 41 0 216888 0 0 0 15 0 0 0 0 3 2 4 0 0 0 0 5 0 0 14 0 0
172 GAT 0 0 0 39 0 1 2 0 0 0 0 0 0 0 0 0 0 1 0 1 8 0 0 0 0 0 0 0 0 0 1 0 7 19 64 219630 2 3 0 1 0 0 0 43 2 0 0 9 0 0 0 2 0 0 0 2 0 0 0 0 0 0 1 0
173 TCA 0 20 0 13 4 72 27 15 0 26 1 3 14 5 0 0 4 11 1 6 22 0 0 0 4 3 0 0 13 10 54 0 121 48 4 128 3 0 0 0 0 5 0 0 7 4 20 30 4 29 0 50 218953 52 34 12 1 0 1 0 57 3 0 25
174 TAC 0 0 0 0 0 0 0 0 0 0 0 0 0 0 0 0 0 21 0 0 0 0 0 0 0 0 0 0 0 0 0 0 0 0 0 0 0 0 0 0 0 0 0 0 0 0 0 0 3 219586 1 35 0 0 0 0 0 35 2 0 0 3 0 0
175 CCA 159 2 20 84 99 14 0 10 29 1 11 55 0 0 2 0 29 10 174 17 218653 12 32 8 1 68 0 0 6 17 0 42 0 0 0 4 23 0 3 0 9 20 40 0 75 6 29 13 0 9 0 15 30 4 1 4 0 0 0 3 1 0 3 0
176 AAG 44 0 219951 2 17 3 14 4 0 0 61 0 0 0 9 1 1 13 6 17 33 11 3 1 0 0 0 11 0 17 0 7 0 0 10 0 0 0 4 3 0 0 0 0 0 3 0 2 0 5 1 1 0 0 1 1 0 0 1 0 8 1 0 2
177 CTG 0 1 0 0 6 6 4 4 0 3 0 0 0 6 6 55 0 2 2 0 0 0 11 0 0 0 3 0 32 14 219830 14 0 0 0 0 0 6 5 0 0 0 0 0 2 0 12 87 0 0 0 0 0 0 0 2 0 0 0 0 7 3 18 3
178 ACC 0 6 1 0 2 219625 1 13 0 3 0 0 0 22 0 7 0 0 1 0 0 0 0 0 0 0 0 0 0 13 6 9 0 0 0 0 7 49 0 20 10 0 0 0 2 8 1 2 0 0 0 0 9 8 0 3 0 0 0 0 19 0 0 0
179 AAT 4 15 1 220173 15 3 0 14 0 0 0 24 0 0 0 1 7 0 0 3 0 0 0 0 0 0 0 0 0 0 5 0 0 0 2 10 0 10 0 3 0 0 0 0 0 0 11 0 0 0 0 0 0 0 0 4 0 0 0 0 0 0 0 1
180 TCC 2 6 2 0 2 3 2 0 14 5 0 0 0 0 0 0 19 0 0 0 0 21 0 0 1 18 0 0 0 0 0 0 28 0 14 0 0 7 13 0 0 0 1 1 3 0 0 0 0 14 0 1 4 219648 0 12 0 0 4 0 1 23 0 1
181 TAT 0 0 0 2 0 0 0 0 0 0 0 0 0 0 0 0 0 0 0 34 0 0 0 0 0 0 0 0 0 0 0 0 0 0 0 1 0 0 0 0 0 0 0 0 0 0 0 0 1 9 0 220241 0 0 0 0 0 0 1 2 0 0 0 4
182 GTG 5 0 0 0 2 71 23 0 3 1 0 0 0 0 25 0 41 1 0 10 0 0 0 0 2 0 2 0 0 46 0 0 0 0 8 1 0 0 11 0 0 0 1 0 22 7 219118 6 0 1 0 114 13 0 3 0 0 1 12 30 11 6 4 40
183 AAC 3 220335 0 12 0 0 0 0 0 7 0 0 0 0 0 0 0 1 0 0 0 0 0 0 0 0 0 0 0 0 0 0 0 17 0 0 1 0 0 0 0 0 0 0 0 0 0 0 0 0 0 0 0 0 0 0 0 0 0 0 0 0 0 0
184 AAT 5 26 2 220054 2 3 0 5 0 4 0 19 2 0 1 1 0 0 2 6 0 0 0 0 0 0 0 0 0 0 0 0 25 0 0 10 0 0 0 8 0 0 0 0 0 0 1 0 0 0 0 1 0 0 0 29 0 0 0 0 0 2 5 0
185 AAA 219327 3 48 6 2 0 0 0 19 0 0 0 7 0 7 0 0 0 0 1 0 0 0 0 0 9 0 10 2 8 0 0 50 0 0 0 0 0 0 0 0 0 1 1 0 1 0 0 0 0 0 0 0 0 0 0 0 0 1 0 5 0 1 0
186 GGG 0 0 0 6 0 1 2 0 0 0 51 0 0 0 0 0 4 0 0 0 0 0 1 0 0 0 0 0 0 0 0 0 0 7 27 0 0 4 2 0 52 0 219205 6 0 0 5 0 0 0 0 0 0 4 56 3 0 0 16 0 0 0 0 0
187 AAA 219394 11 47 3 1 0 0 1 11 0 6 0 1 0 0 0 1 0 1 0 0 0 0 0 0 0 0 0 0 0 0 0 38 0 0 0 0 0 1 0 0 0 0 0 0 1 4 5 0 0 0 0 0 0 0 0 0 0 0 0 0 0 0 0
188 GAA 16 0 0 0 0 0 4 0 0 0 0 5 0 0 0 0 3 0 16 0 3 0 0 0 0 0 0 0 0 1 0 0 219626 10 20 4 0 0 0 0 20 0 0 0 59 0 0 1 3 0 0 6 4 0 0 0 0 0 0 0 12 0 0 0
189 GTC 0 0 0 0 0 0 0 0 0 0 0 0 0 40 0 18 0 0 0 0 0 0 0 0 0 0 0 0 0 0 0 0 0 1 0 0 0 11 0 0 0 1 0 0 0 218999 0 25 0 0 0 0 0 0 0 0 0 0 0 0 0 3 0 0
190 CTT 0 0 0 0 0 0 0 0 0 0 0 0 1 0 0 5 0 0 0 12 0 0 0 44 0 0 0 6 10 16 3 219785 0 0 0 0 0 0 0 0 0 0 0 0 0 0 0 0 0 0 0 0 0 0 0 0 0 0 0 0 0 0 0 0
191 GTA 0 0 0 0 0 0 0 0 0 0 0 0 19 6 0 114 0 0 0 0 0 0 0 0 0 0 0 0 4 1 28 5 0 0 0 0 13 0 0 0 0 0 0 0 184596 14 33 2 0 0 0 0 0 0 0 0 0 0 0 0 15 0 0 0
192 CTA 0 0 0 0 0 0 0 0 0 0 0 0 6 0 0 0 2 0 0 0 19 0 0 0 1 0 0 0 184604 2 6 3 0 0 0 0 0 0 0 0 0 0 0 0 1 0 3 0 0 0 0 0 0 0 0 0 0 0 0 0 21 0 14 0
193 TGG 0 0 0 0 0 0 0 0 0 0 1 0 0 0 0 0 0 0 0 0 0 0 0 0 0 0 4 0 0 0 0 1 0 0 0 0 0 0 0 0 0 0 0 0 0 0 0 0 0 0 10 0 0 0 1 0 7 0 184358 6 0 0 2 58
194 GGT 0 0 0 0 0 0 0 0 0 0 0 2 0 0 0 0 0 0 0 0 0 0 0 0 0 0 0 1 0 0 0 0 0 0 0 11 0 0 0 3 3 17 6 181584 0 0 0 1 0 0 0 0 0 0 0 0 0 0 0 1 0 0 0 0
195 GTT 0 0 0 0 0 0 0 0 0 0 0 0 0 0 3 47 0 0 0 0 0 0 0 0 0 0 0 0 0 0 0 0 0 0 0 0 0 0 0 23 0 0 0 0 3 67 14 183195 0 0 0 0 0 0 0 0 0 0 0 0 0 2 1 5
196 CAT 0 0 0 3 0 0 0 0 0 0 0 0 0 0 0 0 0 43 0 184054 0 0 0 0 0 0 0 10 0 0 0 0 0 0 0 2 0 0 0 0 0 0 0 1 0 0 0 0 0 0 0 8 0 0 0 0 0 0 0 0 0 0 0 0
197 CAC 0 32 0 3 0 0 0 0 0 0 0 0 0 0 0 1 1 184544 2 21 0 2 0 0 0 10 0 0 0 3 0 0 0 0 1 0 0 0 1 0 0 0 0 0 0 0 0 0 0 14 0 3 0 0 1 2 0 0 1 0 0 0 0 0
198 CCG 0 0 0 0 0 0 1 0 0 0 0 0 0 0 0 0 0 0 5 0 50 0 183634 11 0 0 0 0 0 0 12 0 0 0 0 0 0 0 0 0 0 0 0 0 0 0 0 0 0 0 0 0 0 0 19 0 0 0 0 0 0 0 0 0
199 TCT 0 0 0 0 0 0 0 2 0 0 0 0 0 0 0 0 0 0 0 0 0 0 1 24 0 0 0 0 0 0 0 0 0 0 0 0 0 0 0 3 0 0 0 0 0 1 0 0 0 0 0 39 0 43 2 184480 0 0 0 1 0 0 0 2
200 AGC 0 23 0 0 0 0 0 0 2 183538 4 57 0 6 0 0 0 0 0 0 0 0 0 0 0 1 0 0 0 0 0 0 0 0 0 0 0 0 0 0 0 18 0 2 0 0 0 0 0 0 0 0 0 0 0 0 0 0 0 0 0 0 0 0
201 AGT 0 0 1 15 0 0 0 0 0 8 1 184325 2 3 0 11 1 19 0 0 9 0 0 0 0 0 0 2 0 0 0 1 0 0 0 0 2 0 0 0 0 0 0 20 4 0 0 0 0 0 0 2 8 5 0 0 0 0 0 2 4 2 0 7
202 GAT 0 1 0 26 0 0 0 0 0 0 0 1 2 0 0 0 0 0 0 0 0 0 0 0 0 0 0 0 0 0 0 0 15 12 11 184219 0 0 0 3 0 0 0 27 0 0 12 5 0 0 0 3 0 0 0 6 0 0 0 0 0 0 0 0
203 GAG 0 0 9 0 0 0 0 0 0 0 0 0 0 0 0 0 0 0 0 0 0 0 0 0 0 0 0 0 0 0 0 0 34 0 184937 2 0 0 4 0 0 0 26 0 0 0 3 0 0 0 6 0 0 0 0 0 0 0 0 0 0 0 0 0
204 CAA 2 0 0 0 0 0 0 0 0 0 0 0 0 0 0 0 184714 0 28 1 4 0 0 0 6 0 0 0 0 0 0 0 0 0 0 0 0 0 0 1 0 0 0 0 0 0 0 0 24 0 0 0 0 0 0 0 0 0 0 0 0 0 0 0
205 CAG 0 12 2 104 0 0 0 0 0 0 0 3 0 0 4 0 23 0 184569 3 0 0 4 0 0 0 37 2 0 0 9 0 0 70 6 0 0 0 0 1 0 0 0 0 0 0 0 0 0 0 8 0 2 1 0 0 0 0 0 0 0 0 0 0
206 AGT 0 0 0 26 0 2 1 1 1 15 0 184249 0 0 1 7 0 0 0 0 0 0 0 0 0 0 0 0 0 0 0 0 0 31 4 0 0 0 0 0 0 10 17 39 0 0 0 0 0 10 0 0 0 0 0 34 0 0 0 2 0 0 0 4
207 CTC 0 0 0 0 0 0 0 0 0 0 0 0 0 1 2 0 0 5 0 0 0 6 0 0 0 0 0 0 6 184189 1 9 0 0 0 0 0 0 0 0 0 0 0 0 0 0 0 0 0 0 0 0 0 0 0 0 0 0 0 0 1 7 2 0
208 TAT 0 0 0 3 0 0 0 0 0 0 0 0 0 0 0 0 0 1 0 23 0 0 0 0 0 0 0 0 0 0 0 0 0 0 0 0 0 0 0 0 0 0 0 0 0 0 0 0 0 22 2 182039 0 0 0 0 0 0 0 3 0 0 0 0
209 AGT 0 14 0 146 9 2 2 0 0 46 2 183986 0 0 2 6 0 11 0 0 0 1 0 4 0 0 0 1 6 4 0 0 2 0 68 1 3 0 15 0 0 0 1 87 0 0 0 0 0 0 0 0 6 0 0 0 0 0 0 2 18 0 0 1
210 AAT 6 14 0 184962 0 9 0 1 0 8 0 12 4 0 1 1 5 0 0 7 4 1 0 0 0 1 0 0 0 14 1 0 0 3 0 13 1 0 0 0 2 22 46 32 0 1 0 0 0 0 0 0 0 5 0 0 0 0 0 0 8 0 0 0
211 GGA 2 4 0 12 11 0 0 1 19 31 0 2 0 0 2 0 1 1 0 1 0 51 0 0 0 0 0 0 0 0 0 6 90 1 0 3 6 1 0 3 183808 0 20 3 3 1 0 2 0 0 0 0 61 8 0 1 2 0 0 0 3 4 0 14
212 AAT 7 2 3 184441 0 0 0 4 0 0 0 17 0 0 0 2 0 5 0 14 0 14 0 0 8 0 0 1 19 0 3 18 0 0 6 23 0 0 13 3 0 0 9 0 0 0 3 0 0 2 0 0 0 0 0 0 0 0 0 0 2 0 4 8
213 GCT 4 0 1 0 29 0 6 70 0 0 0 0 0 0 0 1 0 0 0 0 27 45 5 60 0 0 0 0 0 0 0 0 0 0 0 0 1 21 4 184475 10 1 0 0 0 4 1 13 0 0 0 0 2 1 2 4 0 0 0 0 0 0 0 0
214 TAT 0 0 0 0 4 0 0 0 0 0 0 0 0 0 0 0 0 0 0 40 0 0 0 0 0 0 0 0 0 0 0 0 0 0 0 1 0 0 0 0 0 0 0 0 0 0 0 1 1 3 0 184672 0 0 0 2 0 1 0 4 3 0 0 0
215 GTC 0 0 0 0 0 0 0 0 0 0 0 0 1 36 0 11 0 0 0 0 0 0 0 0 0 0 0 0 0 0 0 0 0 0 0 0 0 8 0 0 0 0 0 0 2 184466 2 31 0 0 0 0 0 0 0 0 0 0 0 0 0 1 0 0
216 TCT 0 0 0 0 0 1 1 4 0 0 3 0 0 0 3 0 1 0 0 0 0 0 0 18 0 4 2 1 0 0 0 0 0 0 0 0 0 3 0 3 0 0 0 0 1 73 0 1 0 9 0 19 8 41 8 184736 0 0 0 4 0 0 0 21
217 GTA 0 0 0 0 0 0 0 0 0 0 0 0 17 0 0 0 0 0 0 0 0 0 0 0 0 0 0 0 0 0 0 0 0 0 0 0 11 0 0 0 1 0 0 0 183110 11 40 5 0 0 0 0 0 0 0 0 0 0 0 0 1 0 0 0
218 GCG 0 0 0 0 0 0 15 0 0 7 0 7 0 0 0 2 0 12 1 22 0 0 0 0 0 0 0 0 3 0 0 0 0 0 1 0 24 2 182931 2 0 0 2 0 1 1 47 0 0 0 0 0 0 63 12 0 0 1 0 0 0 3 0 0
219 TCT 1 0 0 0 0 0 0 2 0 0 0 0 0 0 0 0 0 0 0 0 0 0 0 10 0 0 0 0 0 0 0 0 0 0 0 0 0 2 19 0 0 7 0 0 0 0 0 0 0 0 0 14 16 154 16 183874 0 0 0 1 0 0 0 13
220 TCA 0 0 22 4 1 22 0 9 43 0 2 1 0 0 19 6 0 23 2 0 44 33 9 3 6 1 0 3 6 0 1 5 18 6 0 0 2 6 0 0 0 4 4 9 0 2 0 1 1 0 0 1 183882 37 20 1 0 0 1 0 54 0 0 0
221 AAT 6 13 5 183822 1 0 0 16 1 0 0 41 0 1 3 1 5 0 0 21 0 0 0 0 0 3 0 1 0 16 2 2 0 0 0 12 0 22 0 7 39 0 1 4 0 0 11 0 0 0 0 3 0 0 16 0 0 0 0 0 0 0 1 0
222 TAT 0 0 0 0 0 0 0 0 0 0 0 0 0 6 0 0 0 0 0 10 0 0 0 0 0 0 0 0 6 0 1 4 0 0 0 0 0 0 0 0 0 0 0 0 0 0 0 0 1 49 0 184406 0 0 2 0 0 0 0 13 3 0 0 3
223 AAC 1 183690 1 22 0 0 0 0 0 12 0 0 12 5 1 12 1 17 3 10 0 0 0 0 0 0 0 0 7 1 0 2 27 27 0 6 5 0 0 0 3 16 3 5 1 0 0 0 0 218 0 1 0 0 0 0 0 2 0 0 112 98 0 15
224 AGG 1 1 27 0 0 1 1 0 32 11 183492 17 0 0 20 0 8 19 0 4 0 0 0 0 0 84 23 8 0 0 4 0 0 0 0 0 1 0 2 0 0 0 25 4 0 0 0 0 0 0 0 0 2 2 0 1 0 0 4 0 0 0 0 1
225 AGA 35 0 0 0 0 0 0 0 184495 0 22 3 1 0 0 0 0 0 2 0 0 0 0 0 0 0 0 43 0 0 0 0 0 0 0 0 0 0 0 0 15 0 0 0 0 0 0 0 0 0 0 0 0 0 0 0 4 0 0 0 0 0 0 0
226 TTC 0 0 0 0 1 3 0 0 0 0 0 1 0 22 0 15 0 1 0 7 0 0 0 0 0 0 0 0 0 8 0 0 11 0 0 0 0 0 0 0 0 0 0 0 34 15 0 58 0 10 0 0 0 16 0 0 0 3 0 0 5 183221 0 32
227 ACC 0 3 0 0 6 183963 12 8 0 2 3 3 0 102 0 0 2 0 0 0 0 1 0 0 0 6 0 22 0 0 0 0 0 0 1 0 0 42 3 0 0 0 0 1 0 0 3 4 0 14 0 0 0 2 0 0 0 0 0 0 0 1 1 2
228 CCG 0 0 0 0 0 0 15 0 0 0 0 0 0 2 0 1 0 0 9 0 76 4 178352 26 0 0 26 0 0 0 11 0 0 0 0 0 2 0 6 5 0 0 0 0 0 0 8 4 0 0 0 0 1 0 10 0 0 0 0 0 0 0 0 0
229 GAA 9 0 0 0 44 13 9 13 0 1 2 6 0 0 0 0 0 0 3 10 0 0 0 0 0 1 0 0 0 0 0 1 137642 9 16 1 1 0 0 1 23 3 10 3 1 2 0 1 8 10 0 25 7 2 7 74 0 0 1 0 1 55 4 55
230 ATA 2 0 0 0 12 2 2 0 2 0 0 0 182683 0 53 5 0 1 11 0 0 0 0 0 0 0 0 0 7 1 0 0 0 0 0 0 0 2 0 1 0 0 0 0 63 31 28 2 0 1 0 0 0 0 1 0 0 0 0 0 3 7 1 6
231 GCT 0 5 0 0 3 31 1 151 0 11 0 15 1 0 0 0 119 23 20 0 0 0 0 0 0 0 0 0 14 7 54 35 0 0 0 0 20 25 20 183225 0 0 0 5 61 2 1 65 0 2 0 49 80 9 38 47 0 0 98 14 1 0 38 12
232 GCA 28 15 2 12 125 18 4 3 2 12 4 2 4 20 27 48 24 12 3 32 22 3 4 0 5 0 0 19 1 89 81 31 19 5 8 1 181144 5 95 8 2 3 3 25 122 45 4 9 0 9 0 4 9 0 0 2 0 5 2 0 28 13 28 37
233 AGG 0 0 20 0 0 0 1 0 47 0 183449 5 0 0 14 0 0 0 0 0 0 0 0 0 2 0 7 1 0 0 0 0 0 0 0 0 0 0 0 0 0 1 53 0 0 0 0 0 0 0 0 0 0 0 0 0 0 0 4 0 0 0 0 0
234 CCC 4 0 0 0 0 12 5 0 0 0 0 0 0 3 2 0 0 8 0 0 18 180584 6 10 0 1 0 1 0 12 0 1 0 0 0 0 1 5 0 0 0 0 0 0 15 0 0 0 0 0 0 0 1 21 0 0 0 0 0 0 4 3 10 0
235 AAA 172475 2 54 1 16 0 0 10 42 12 0 0 11 10 0 0 7 0 0 0 1 0 0 0 16 49 9 0 1 0 14 37 20 0 0 0 0 1 1 11 0 0 0 0 0 7 5 2 0 0 0 2 0 19 8 0 0 0 0 0 3 6 39 4
236 GTA 0 2 2 0 0 3 0 3 0 1 23 2 160 67 9 1 31 1 1 1 0 0 0 0 3 0 3 0 0 0 4 2 0 1 9 1 15 0 0 0 1 0 0 0 176986 11 12 46 9 1 0 0 0 0 1 5 0 0 0 2 21 1 1 3
237 AGA 28 9 1 0 0 0 1 2 168090 0 31 26 7 2 2 2 0 2 53 45 0 0 0 0 9 2 3 0 12 3 27 22 0 0 5 0 0 1 0 1 14 0 0 0 0 0 0 0 0 10 0 7 0 0 0 0 1 0 1 0 7 7 23 2
238 GAT 0 1 0 17 0 1 1 2 2 0 0 0 0 5 0 0 0 0 0 0 0 0 0 1 0 0 0 0 0 0 0 0 89 20 0 157021 0 0 0 1 2 0 0 11 0 0 0 0 0 0 0 3 0 0 0 0 1 0 0 0 0 0 0 0
239 CAA 2 27 0 0 0 0 0 0 0 0 0 0 0 0 4 0 168370 5 23 1 2 0 0 1 19 0 0 0 0 0 0 0 1 0 0 0 0 0 0 0 0 0 0 0 0 0 0 0 7 0 0 0 1 0 0 0 0 0 0 0 0 0 0 0
240 CAT 3 0 0 8 0 102 2 0 0 0 0 0 0 0 0 4 2 3 0 73406 7 0 0 0 1 0 0 5 0 0 0 1 0 0 0 1 3 0 0 0 0 0 9 0 0 1 1 0 0 0 0 3 0 0 0 0 0 0 0 0 0 0 1 0
241 GGG 0 0 0 0 0 0 0 0 0 0 8 0 0 0 0 0 0 0 0 0 0 0 0 0 0 0 0 0 0 0 0 0 0 0 7 0 0 0 0 0 53 0 113821 20 0 0 0 0 0 0 0 0 0 0 0 0 0 0 3 0 0 0 0 0
242 AGG 0 0 22 0 0 0 0 0 12 0 94230 2 0 0 6 0 0 0 0 0 0 0 0 0 4 0 17 0 0 0 0 0 0 0 0 0 0 0 0 0 0 0 15 0 0 0 0 0 0 0 0 0 0 0 0 0 0 0 1 0 0 0 0 0
243 ATG 0 0 0 0 0 0 6 0 0 0 1 0 13 0 114424 0 0 0 0 0 0 0 0 0 0 0 0 0 0 0 0 0 0 0 0 0 0 0 0 0 0 0 0 0 0 0 8 0 0 0 0 0 0 0 0 0 0 0 0 0 0 0 1 0
244 AAC 2 118879 1 14 0 1 0 0 0 5 1 0 0 2 2 0 4 1 7 0 0 0 0 0 0 0 0 0 0 0 1 5 4 14 0 0 5 4 0 0 0 0 0 4 1 0 0 1 0 11 0 6 0 0 0 0 0 0 0 0 0 0 8 1
245 TAT 0 0 0 0 0 0 0 0 0 0 0 0 0 0 0 0 0 0 0 8 0 0 0 0 0 0 0 0 0 0 0 0 0 0 0 0 0 0 0 0 0 0 0 0 0 0 0 0 6 27 0 113423 0 0 0 0 0 0 0 6 0 0 0 0
246 TAC 0 1 0 0 0 0 0 0 0 0 0 0 0 0 0 1 0 68 0 0 0 0 0 0 0 0 0 0 0 0 0 0 0 1 0 0 0 0 1 0 0 0 0 0 0 0 0 0 4 140632 0 14 0 1 0 0 0 12 0 0 1 3 0 0
247 TGG 0 0 0 0 0 0 0 0 0 0 3 0 0 0 0 0 0 0 0 0 0 0 0 0 0 0 21 0 0 0 0 0 0 0 0 0 0 0 0 0 0 0 0 0 0 0 0 0 0 0 11 0 0 0 0 0 9 0 151771 1 0 0 6 0
248 ACC 0 1 0 0 15 167794 1 31 0 1 0 0 0 11 2 0 2 0 0 0 0 0 0 0 0 0 0 0 0 0 0 15 0 0 0 0 4 31 0 7 0 0 0 0 1 6 3 0 0 2 0 0 0 3 2 0 0 0 0 0 1 0 0 0
249 TTG 0 0 0 0 0 0 0 0 0 0 0 0 20 28 13 0 0 0 0 0 0 0 0 0 0 0 0 0 10 0 28 20 0 0 0 0 0 0 0 0 0 0 0 0 5 3 7 1 0 0 0 0 0 1 12 0 0 0 0 0 31 1 173014 1
250 CTA 0 0 0 0 0 0 0 0 0 0 0 0 10 6 0 2 1 0 0 0 10 0 0 0 0 0 0 0 181419 0 27 2 0 0 0 0 0 0 0 0 0 0 0 0 8 1 6 4 0 0 0 0 0 0 0 0 0 0 0 0 81 0 2 0
251 GAA 22 0 0 5 0 8 0 0 0 0 0 3 0 0 0 0 8 0 15 0 2 1 0 0 3 0 0 0 0 0 0 15 180265 8 19 1 2 3 0 0 22 0 0 0 5 0 2 0 3 8 0 1 3 0 0 2 0 0 0 1 0 0 1 3
252 CCC 0 0 6 0 0 2 0 0 0 0 0 0 0 0 0 0 0 1 1 4 12 168306 3 21 0 0 0 0 0 3 0 0 0 0 0 0 4 0 0 1 0 0 0 0 0 0 0 0 0 0 0 0 0 13 0 2 0 0 0 0 0 0 0 0
253 GGA 1 2 0 0 0 0 0 0 46 0 0 0 0 0 2 0 0 0 0 0 0 0 0 0 2 4 0 0 2 0 0 0 22 1 0 0 0 0 4 0 177338 17 44 20 0 0 0 0 0 0 0 0 2 1 0 3 2 0 19 0 0 2 0 0
254 GAC 0 19 0 0 0 0 0 0 0 1 0 0 0 0 0 0 41 6 1 4 0 0 0 0 0 0 0 0 0 0 0 0 30 175289 5 18 18 3 26 0 5 13 22 0 0 0 0 0 0 1 0 0 0 1 0 0 0 0 0 0 0 0 0 0
255 ACA 6 0 0 0 178506 79 10 13 4 0 0 0 20 0 4 2 11 0 0 0 2 0 0 0 0 0 0 0 3 0 0 0 0 0 0 0 10 0 0 0 0 0 0 0 0 0 0 0 0 0 0 22 2 68 0 0 0 0 0 0 0 1 0 0
256 ATA 1 0 0 0 14 0 0 0 1 0 0 0 183628 10 16 19 0 0 0 0 0 0 0 0 0 0 0 0 3 2 3 1 0 0 0 0 0 0 0 0 0 0 0 0 10 0 0 0 0 0 0 0 0 0 0 0 0 0 0 0 31 0 1 0
257 ATA 2 0 0 3 26 0 0 0 5 1 0 0 183687 2 109 9 6 0 7 0 0 0 0 0 0 0 0 0 2 38 9 3 0 0 0 3 2 3 2 1 0 1 0 0 65 52 6 0 0 5 0 6 0 1 14 11 0 2 26 0 20 11 0 0
258 TTT 0 0 0 0 0 0 0 0 0 0 0 0 0 0 0 28 0 0 0 0 0 0 0 0 0 0 0 0 11 0 0 13 0 0 0 0 0 0 0 0 0 0 0 0 3 0 0 3 0 0 0 0 0 0 0 5 0 0 0 1 6 23 1 183223
259 GAG 0 0 14 0 0 0 0 0 0 0 0 0 0 0 0 0 0 4 0 0 0 0 0 0 0 0 0 0 0 0 0 0 35 1 183798 12 0 0 1 0 0 0 54 0 0 1 4 0 0 0 0 0 0 0 0 0 0 0 0 0 0 0 0 0
260 GCA 0 0 0 0 22 0 0 0 0 0 0 0 0 0 0 0 0 0 0 0 0 0 0 0 0 0 0 0 0 0 0 0 2 0 0 0 184288 0 10 5 4 0 0 4 15 0 0 0 0 0 0 0 4 1 1 2 0 0 0 0 0 0 0 0
261 ACT 0 1 0 2 10 35 1 184434 0 24 0 0 0 0 0 6 0 0 0 0 0 0 0 1 0 0 0 1 0 0 0 0 2 0 0 0 0 0 0 11 0 0 0 0 0 0 0 0 0 0 0 0 0 2 0 0 0 0 0 0 0 0 0 0
262 GGT 0 0 0 0 0 0 0 0 0 0 0 13 0 0 0 0 0 0 0 0 0 0 0 0 0 0 0 0 0 0 0 0 0 0 0 8 0 0 0 0 2 62 4 183394 0 0 0 2 0 0 0 0 0 0 0 0 0 0 0 0 0 0 0 0
263 AAT 2 23 0 184085 0 0 0 2 0 0 0 2 0 0 0 0 0 0 0 0 0 0 0 0 0 0 0 0 0 0 0 0 0 0 0 5 0 0 0 0 0 0 0 0 0 0 0 0 0 0 0 0 0 0 0 0 0 0 0 0 0 0 0 0
264 CTA 0 0 0 0 0 0 0 0 0 0 0 0 4 0 0 1 4 0 0 0 30 0 0 0 1 0 0 0 184184 1 33 0 0 0 0 0 0 0 0 0 0 0 0 0 0 0 0 0 0 1 0 13 0 0 0 0 0 0 2 0 3 1 0 0
265 ATA 4 0 0 0 4 0 0 0 0 0 0 0 184594 11 30 4 0 0 0 0 0 0 0 0 0 0 0 0 1 0 0 0 0 0 0 0 1 0 1 0 0 0 0 0 17 0 0 3 0 0 0 0 0 0 0 0 0 0 0 0 26 0 3 0
266 GCA 0 0 0 0 20 0 0 0 0 0 0 0 1 0 0 0 0 0 0 0 0 0 0 0 0 0 0 0 0 0 0 0 2 0 0 0 183098 7 8 12 1 0 0 0 15 0 0 3 0 0 0 0 2 0 0 0 0 0 0 0 0 0 0 0
267 CCA 0 0 0 0 2 0 0 0 0 0 0 0 0 0 0 0 5 0 0 0 184036 11 14 4 0 0 0 0 1 0 0 0 0 0 0 0 3 0 0 0 0 0 0 0 0 0 0 0 0 0 0 0 5 0 0 0 0 0 0 0 0 0 0 0
268 TGG 0 0 0 0 12 0 1 1 0 0 3 0 0 0 0 0 0 0 0 0 0 0 0 0 0 0 13 0 0 0 3 0 0 0 1 0 0 1 0 1 0 0 7 0 0 0 0 3 0 0 4 4 3 0 0 4 18 1 183758 3 1 0 7 0
269 TAT 0 0 0 1 0 0 0 0 0 0 0 0 0 0 0 0 0 2 0 28 0 0 0 0 0 0 0 0 0 0 0 0 0 0 0 0 0 0 0 0 0 0 0 0 0 0 0 0 7 9 0 184487 0 0 0 1 0 0 0 7 0 0 0 4
270 GCT 0 0 0 0 0 0 0 44 0 1 0 0 0 0 0 0 0 0 0 0 0 0 0 0 0 0 0 0 0 0 0 0 0 0 0 1 14 19 25 181521 0 6 1 11 0 0 0 17 0 0 0 0 0 2 2 1 0 0 0 0 0 0 0 0
271 TTC 0 0 0 0 0 0 0 0 0 0 0 0 0 0 0 0 0 4 0 0 0 0 0 0 0 0 0 0 0 7 0 0 0 0 0 0 0 0 0 0 0 0 0 0 0 2 0 0 0 0 0 0 0 9 0 0 0 0 0 0 4 181670 1 52
272 GCA 0 0 0 0 33 3 7 0 0 0 0 1 0 0 0 9 7 0 5 0 0 0 0 0 0 0 0 0 1 0 1 0 1 0 7 0 184128 5 15 9 1 0 4 12 22 0 0 0 0 0 0 0 21 4 0 0 0 0 0 0 5 0 0 0
273 CTG 0 0 0 0 1 0 2 0 0 0 0 0 69 0 8 10 0 0 5 0 0 0 54 0 0 0 4 0 27 0 184036 17 0 0 0 0 0 0 0 0 0 0 0 0 9 0 16 26 0 0 0 0 0 0 0 0 0 0 0 0 2 0 53 0
274 AGT 0 42 1 32 3 33 21 21 5 13 4 184499 12 4 20 19 3 3 0 14 0 0 0 0 1 2 0 1 0 0 0 0 0 4 6 1 1 14 0 0 22 19 0 26 0 20 4 6 0 12 0 0 28 2 2 0 0 4 3 1 1 0 2 0
275 AGA 23 0 0 0 0 0 0 0 184232 0 176 0 4 0 0 0 0 1 0 3 1 0 0 0 34 0 7 4 0 0 0 0 0 0 0 0 0 0 0 0 12 0 0 0 1 0 0 0 0 0 0 0 0 0 0 0 0 0 0 0 0 0 0 1
276 GGG 3 2 0 38 0 24 0 5 0 0 44 2 0 0 0 0 6 2 1 15 0 0 0 0 2 0 1 0 0 2 0 0 4 4 11 8 0 10 1 2 62 16 184178 22 0 0 0 0 0 0 0 0 4 3 12 5 0 0 17 0 0 0 0 0
277 TTT 30 0 3 4 6 0 3 6 4 16 28 1 27 5 30 1 20 18 0 28 1 5 3 2 0 0 0 0 98 0 5 39 11 5 0 0 1 3 105 0 0 1 0 0 5 0 25 10 0 0 0 5 6 47 2 21 0 0 9 2 8 55 11 183942
278 GAG 3 6 41 0 0 2 0 9 0 0 1 0 0 1 0 33 9 1 1 5 6 3 0 2 0 0 0 0 8 1 0 1 52 4 181599 22 4 3 1 0 1 0 64 21 7 0 9 2 0 9 2 13 2 5 2 4 0 0 9 0 15 3 10 0
279 TCC 0 0 0 0 0 3 0 0 0 0 0 0 0 0 0 0 4 0 0 5 0 13 0 0 0 0 0 0 0 0 0 0 0 0 0 0 0 0 0 0 0 2 0 0 0 0 0 0 0 1 0 1 10 180316 13 38 0 4 0 0 0 6 0 0
280 GGC 0 0 0 0 0 0 0 0 0 52 0 0 0 0 0 0 0 0 0 0 0 0 0 0 0 0 1 0 0 0 0 0 0 37 0 0 1 0 2 0 3 183701 5 29 0 1 0 0 0 0 0 0 1 0 3 0 0 4 0 0 0 0 0 0
281 ATC 0 2 0 0 0 7 0 0 0 1 0 0 3 184412 0 23 0 0 0 0 0 0 0 0 0 0 0 2 0 5 0 0 0 0 0 0 0 0 0 0 0 0 0 0 5 3 0 2 0 0 0 0 0 0 0 0 0 0 0 0 0 12 0 0
282 ATC 0 1 0 0 0 23 0 0 0 2 0 0 2 184230 0 21 0 0 0 0 0 0 0 0 0 0 0 0 2 0 0 0 0 0 0 0 0 0 0 0 0 0 0 0 2 11 0 0 0 0 0 0 0 0 0 0 0 0 0 0 0 1 0 0
283 ACC 4 1 6 1 20 184054 2 14 1 3 4 3 0 9 20 0 10 0 22 0 0 2 0 0 0 0 2 5 5 2 8 15 2 0 0 0 1 18 2 0 0 0 0 0 12 0 3 6 0 0 0 22 1 6 11 0 0 4 3 3 12 0 26 1
284 TCA 0 0 0 0 1 1 2 3 0 4 0 8 0 0 0 0 0 0 0 0 37 0 0 0 0 0 0 0 0 0 0 0 0 0 0 0 0 0 0 0 0 0 0 0 0 0 0 0 3 0 0 0 181555 27 19 24 0 0 0 0 0 0 0 0
285 AAC 6 177122 0 89 0 39 40 7 0 17 0 27 1 1 3 7 0 7 0 0 0 1 0 0 0 0 0 0 12 0 0 0 30 20 0 0 0 0 0 2 1 0 5 1 0 8 3 0 0 0 0 1 5 7 0 1 0 0 0 0 0 0 1 1
286 GCG 4 0 0 1 1 12 51 9 2 0 0 0 29 0 0 5 2 0 1 9 0 0 0 0 3 4 0 0 0 38 0 1 0 0 12 0 101 47 190383 13 0 2 2 0 0 0 19 0 0 0 0 0 0 0 19 0 0 0 0 0 14 0 0 0
287 TCA 0 0 0 0 8 0 0 0 0 0 0 0 0 0 0 0 0 7 3 0 48 11 0 8 0 0 0 0 0 0 0 0 0 0 10 0 8 0 2 0 0 0 0 0 0 0 0 2 1 0 0 0 191301 1 21 0 1 0 0 0 10 0 0 0
288 ATG 0 0 0 0 2 17 29 11 0 21 6 0 75 2 192044 6 0 0 0 2 2 3 0 0 0 0 0 0 0 0 6 9 0 0 0 0 0 0 0 0 0 0 0 0 1 0 10 0 0 0 0 1 0 0 0 0 0 0 0 0 0 1 6 0
289 CAT 0 2 0 5 0 4 0 2 0 0 0 5 0 0 0 0 5 21 9 191729 0 0 0 3 0 0 0 10 0 0 1 1 0 0 1 8 3 0 0 0 1 3 34 0 0 0 2 2 0 1 0 78 2 0 0 0 0 3 0 2 0 1 0 0
290 GAG 0 13 8 0 0 0 0 2 0 3 0 0 0 0 1 0 0 0 1 0 23 3 0 0 0 0 0 0 0 0 0 0 36 8 191836 18 0 0 2 0 0 2 23 0 0 0 3 0 0 0 4 0 0 0 0 0 0 0 0 0 1 0 0 0
291 TGT 0 0 0 0 0 0 0 0 0 0 0 1 0 0 0 0 0 0 0 0 0 0 0 0 0 0 0 9 0 0 0 0 0 0 0 0 0 0 0 0 0 0 0 0 0 0 0 0 0 0 0 42 0 0 0 0 1 50 2 189782 0 0 0 1
292 AAC 2 191883 2 28 1 33 0 0 0 47 0 3 0 2 0 0 0 12 0 0 0 0 0 0 0 0 0 0 0 0 0 0 2 43 0 0 0 0 0 0 0 0 0 0 7 0 0 0 0 2 0 0 3 72 0 13 0 0 0 0 0 0 0 0
293 ACG 0 0 6 0 43 3 191649 23 0 0 3 2 0 0 6 0 0 0 0 0 0 0 5 0 0 0 0 0 0 0 0 0 0 0 0 0 3 0 39 1 0 0 0 0 0 0 0 0 0 0 0 0 0 0 1 1 0 0 0 0 0 0 0 0
294 AAG 70 6 190534 16 0 9 9 7 1 0 26 0 0 1 5 3 0 3 1 16 0 0 0 0 3 3 7 21 0 21 2 10 1 0 47 1 0 0 3 0 0 0 0 7 0 0 0 0 0 0 1 1 2 60 16 1 0 0 0 0 0 14 17 0
295 TGT 0 0 0 0 0 0 0 0 0 0 0 1 0 0 0 0 0 0 0 0 0 0 0 0 0 0 0 4 0 0 0 0 0 0 0 0 0 0 0 0 0 0 0 2 0 0 0 0 0 0 0 11 0 0 0 0 3 43 0 192057 0 0 0 5
296 CAA 2 0 0 0 0 0 0 0 0 0 0 0 0 0 0 1 192091 1 14 0 2 0 0 0 47 0 0 0 1 0 0 0 0 0 0 0 0 0 0 0 0 0 0 0 0 0 0 0 7 0 0 0 0 0 0 0 0 0 0 0 0 0 0 0
297 ACA 1 0 0 0 190874 5 19 1 1 0 0 0 13 0 0 0 0 0 0 0 8 0 0 0 0 0 0 0 0 0 0 0 0 0 0 0 17 0 0 0 0 0 0 0 0 0 0 0 0 0 0 0 26 0 2 3 0 0 0 0 0 0 0 0
298 CCC 0 0 0 0 0 2 0 0 0 0 0 0 0 0 0 0 1 4 0 0 6 191549 4 16 0 0 0 0 0 7 0 0 0 0 0 0 0 3 0 0 0 0 0 0 0 0 0 0 0 0 0 0 0 10 0 0 0 0 0 0 0 0 0 0
299 CAG 0 1 12 6 0 3 0 2 1 15 0 29 5 3 1 1 11 0 190547 41 1 10 30 3 0 23 62 3 3 0 7 2 13 18 5 90 3 1 1 2 0 0 0 0 0 0 2 0 0 0 11 15 1 0 0 6 0 0 0 4 6 0 0 10
300 GGA 0 0 0 0 0 0 0 0 9 0 0 0 0 0 0 0 0 0 0 0 0 0 0 0 0 0 0 0 0 0 0 0 6 0 0 0 1 0 0 0 192332 5 28 0 3 0 0 0 0 0 0 0 0 0 0 0 4 0 0 0 0 0 0 0
301 GCT 0 0 0 0 0 0 0 39 0 1 0 4 0 0 0 0 0 0 0 0 0 0 0 0 0 0 0 0 0 0 0 0 0 0 0 9 2 72 9 192150 0 0 0 2 0 0 0 35 0 0 0 0 0 0 0 4 0 0 0 0 0 0 0 0
302 ATA 0 0 0 0 14 0 0 0 2 0 0 0 192496 1 4 9 0 0 0 0 0 0 0 0 0 0 0 0 0 0 0 0 0 0 0 0 0 0 0 0 0 0 0 0 19 0 0 0 0 0 0 0 0 0 0 0 0 0 0 0 2 0 1 0
303 AAC 2 191631 1 19 4 5 3 0 0 10 0 0 0 3 14 3 6 2 0 0 0 0 0 1 1 0 0 0 0 0 8 0 28 26 0 11 8 0 0 0 0 0 0 0 16 0 0 5 0 0 0 2 0 2 4 3 0 0 2 0 4 0 20 4
304 AGC 0 67 0 0 1 2 0 0 4 191717 0 60 0 5 0 0 0 0 0 0 0 0 0 0 0 5 0 0 0 0 0 0 0 0 0 0 0 0 0 0 4 7 0 0 0 0 0 0 0 0 0 0 0 0 0 0 0 1 0 0 0 0 0 0
305 AAT 0 21 2 189827 0 0 0 2 0 1 0 45 0 0 12 2 0 0 0 1 0 0 0 1 0 2 0 14 0 0 0 2 0 0 0 4 5 0 3 5 2 0 0 0 0 0 0 0 0 0 0 1 0 0 0 6 0 0 0 0 0 0 0 1
306 CTC 46 0 7 0 0 0 0 0 4 0 2 0 0 4 0 0 0 11 0 0 0 38 0 0 0 0 12 0 57 191338 1 8 0 0 0 0 13 6 0 0 0 0 0 0 0 5 1 0 0 0 0 0 0 0 1 0 0 0 0 4 7 23 1 0
307 CCT 0 0 0 0 0 0 0 4 0 0 0 0 0 0 0 0 0 0 0 8 16 50 40 192276 0 0 0 0 0 0 0 6 0 0 0 0 0 0 0 1 0 0 0 0 0 0 0 0 0 0 0 0 0 0 0 7 0 0 0 0 0 0 0 0
308 TTC 0 0 0 0 0 0 0 0 0 0 0 0 0 0 0 0 0 0 0 0 0 0 0 0 0 0 0 0 0 12 0 0 0 0 0 0 0 0 0 0 0 0 0 0 0 0 0 0 0 9 0 2 0 23 0 0 0 0 0 0 5 191654 1 24
309 CAG 0 0 3 0 0 0 0 0 0 0 0 0 0 0 0 0 33 0 191666 5 0 0 1 0 0 0 53 0 0 0 1 0 0 0 0 0 0 0 0 0 0 0 0 0 0 0 0 0 0 0 7 0 0 0 0 0 0 0 0 0 0 0 0 0
310 AAT 0 72 2 192266 0 0 0 2 0 0 0 6 0 0 0 0 0 0 0 2 0 0 0 0 0 0 0 0 0 0 0 0 0 0 0 13 0 0 0 0 0 0 0 0 0 0 0 0 0 0 0 4 0 0 0 0 0 0 0 0 0 0 0 0
311 ATA 4 0 0 0 14 0 0 0 0 0 0 0 192212 7 34 4 0 0 0 0 0 0 0 0 0 0 0 0 1 0 0 0 0 0 0 0 0 0 0 0 0 0 0 0 32 0 3 0 0 0 0 0 0 0 0 0 0 0 0 0 4 0 0 0
312 CAC 0 12 0 0 35 0 0 0 0 11 0 0 0 0 0 0 1 191821 1 26 0 3 0 0 0 11 0 0 0 1 0 0 0 4 0 0 5 0 0 22 1 0 0 5 0 0 0 0 0 28 0 0 15 0 10 7 0 0 0 0 0 0 0 0
313 CCA 0 0 0 0 1 0 0 0 0 0 2 0 0 0 0 0 9 0 1 0 192097 43 23 9 2 0 0 0 14 0 0 0 0 0 0 0 5 0 0 0 0 0 0 0 0 0 0 0 0 0 0 0 9 0 0 0 0 0 0 0 0 0 0 0
314 GTC 0 1 0 0 0 2 0 0 2 6 1 4 43 16 1 0 10 8 0 13 0 0 0 0 0 0 0 1 2 2 0 1 0 5 0 0 3 14 0 0 1 2 0 1 5 190254 8 33 0 1 0 14 2 0 11 0 0 0 0 3 0 14 0 1
315 ACA 1 0 0 0 191799 23 31 17 0 0 0 8 7 0 0 0 0 1 0 0 1 0 0 0 0 0 0 0 0 0 0 0 0 0 0 0 8 0 0 1 21 0 3 0 1 0 8 4 0 0 0 0 4 0 0 0 0 0 0 0 0 0 0 3
316 ATA 1 0 0 0 8 0 0 0 4 0 0 0 191567 10 39 21 0 0 0 0 0 0 0 0 0 0 0 0 6 0 0 0 0 0 0 0 0 0 0 0 0 0 0 0 18 0 0 0 0 0 0 0 0 0 0 0 1 0 0 0 4 0 0 0
317 GGA 0 0 0 0 0 0 0 0 5 0 0 0 0 0 0 0 0 0 0 0 0 0 0 0 0 0 0 0 0 0 0 0 12 0 0 0 0 0 0 0 191576 3 57 44 1 0 0 0 0 0 0 0 0 0 0 0 15 0 0 0 0 0 0 0
318 GAG 0 0 14 0 1 9 0 4 0 0 0 1 0 0 2 0 10 11 0 4 0 0 0 0 0 0 0 5 0 0 0 1 65 1 191355 3 9 5 0 0 0 0 8 0 0 0 3 1 0 0 0 0 36 9 0 14 0 0 0 0 0 0 3 0
319 TGC 0 0 0 0 0 0 0 0 0 0 0 0 0 0 0 0 0 0 0 0 0 0 0 0 0 2 0 0 0 0 0 0 0 0 0 0 0 0 0 0 0 0 0 0 0 0 0 0 0 68 0 0 0 0 0 0 0 191213 3 70 0 1 0 1
320 CCA 0 0 0 0 8 0 0 0 0 0 0 0 0 0 0 0 3 0 0 0 191527 26 17 18 0 0 0 0 12 0 0 0 0 0 0 0 0 0 0 0 0 0 0 0 0 0 0 0 0 0 0 0 10 0 0 0 0 0 0 0 0 0 0 0
321 AAA 190786 3 15 1 9 49 0 15 34 0 1 0 11 0 2 7 4 1 0 0 0 0 0 0 16 0 3 2 0 3 4 0 6 0 0 0 0 0 0 0 0 0 0 0 3 2 4 2 0 0 0 0 10 4 0 0 1 0 0 0 4 0 0 0
322 TAT 0 0 0 1 0 0 0 0 0 0 0 0 0 0 0 0 0 0 0 10 0 0 0 0 0 0 0 0 0 0 0 0 0 0 0 0 0 0 0 0 0 0 0 0 0 0 0 0 4 24 2 192360 0 0 0 0 0 0 0 18 0 6 0 28
323 GTC 0 0 0 0 0 4 0 0 0 0 0 0 7 183 2 0 0 0 0 0 0 0 0 0 0 0 0 0 0 0 2 0 0 3 0 0 0 11 0 0 0 3 0 0 14 190045 3 61 0 0 0 0 0 0 0 0 0 0 0 0 10 1 0 0
324 AGG 0 0 15 0 1 0 0 0 75 0 189888 1 0 0 4 0 0 0 0 0 0 0 0 0 10 30 52 1 0 12 0 0 0 0 0 0 0 2 0 0 0 0 40 0 0 0 0 0 0 0 1 0 0 0 0 0 0 0 6 0 0 0 0 0
325 AGT 0 0 0 42 0 0 0 1 1 44 0 190388 0 0 0 3 0 0 0 0 0 0 0 0 0 0 0 0 0 0 0 0 0 0 0 0 0 0 0 0 0 0 0 19 0 0 0 0 0 0 0 0 5 0 9 0 0 0 0 2 0 0 0 0
326 ACC 5 7 0 2 10 163609 2 12 0 2 0 1 0 21 0 0 0 0 0 0 7 20 2 0 0 7 1 0 1 13 0 0 0 0 3 0 0 101 0 0 0 1 1 0 3 0 0 1 0 0 0 0 0 10 0 3 0 0 0 0 0 4 0 0
327 AAA 190857 6 15 3 4 0 0 0 8 0 5 0 0 0 0 0 1 0 0 0 0 0 0 0 0 0 0 4 0 0 0 0 13 0 0 0 0 0 0 0 0 0 1 0 0 0 0 0 2 0 0 0 0 0 0 0 0 0 0 0 0 0 0 0
328 TTG 0 0 0 0 0 0 0 0 0 0 0 0 0 0 2 0 0 0 0 0 0 0 0 0 0 0 0 0 1 0 14 17 0 0 0 0 0 0 0 0 0 0 0 0 0 0 1 0 0 0 0 0 0 0 3 0 0 0 2 0 20 0 187077 1
329 AGG 1 0 24 0 0 2 0 0 102 0 180533 0 0 0 16 0 0 0 0 0 0 0 0 0 1 0 2 1 0 0 0 0 0 0 0 0 0 0 0 0 0 0 32 0 0 0 0 0 0 0 0 0 0 0 0 0 0 0 2 0 0 0 0 0
330 ATG 0 0 3 0 0 0 2 0 0 0 0 0 21 0 186344 1 0 0 0 0 0 0 0 0 0 0 0 0 0 0 3 0 0 0 0 0 0 0 0 0 0 0 0 0 0 0 21 0 0 0 0 0 0 0 0 0 0 0 0 0 0 0 0 0
331 GTT 0 0 0 0 0 0 0 0 0 0 0 0 0 0 0 23 0 0 0 0 0 0 0 0 0 0 0 0 0 0 0 1 0 0 0 0 0 0 0 15 0 0 0 1 3 19 20 180676 0 0 0 0 0 0 0 0 0 0 0 0 0 0 0 2
332 ACA 1 0 1 0 176099 11 88 14 1 0 3 0 40 0 0 0 0 0 0 0 2 0 0 0 0 0 0 0 0 0 0 1 0 0 0 0 12 0 0 0 0 0 0 0 0 0 0 0 0 0 0 0 0 0 0 0 0 0 0 0 0 0 0 0
333 GGA 0 0 0 0 0 0 0 2 10 0 0 0 0 0 0 0 0 0 0 0 0 0 0 0 0 0 0 0 0 0 0 0 36 2 0 0 1 0 0 0 164485 0 44 12 1 0 0 0 0 0 0 0 0 0 0 0 11 0 0 0 0 0 0 0
334 CTA 0 0 1 0 1 0 0 0 0 0 0 0 6 0 1 0 1 1 0 0 31 1 0 0 0 0 0 0 171695 2 12 19 0 0 0 0 0 0 0 0 0 0 0 0 2 0 0 0 2 0 0 0 0 0 0 0 0 0 0 0 7 0 2 0
335 AGA 12 0 0 0 0 0 0 0 171213 0 21 0 4 1 0 0 0 0 0 0 0 0 0 0 2 0 0 15 0 0 0 0 3 0 0 0 0 0 0 0 10 0 0 0 0 0 0 0 0 0 0 0 0 1 0 0 0 0 0 0 0 0 0 0
336 AAC 3 77937 0 7 0 0 0 0 0 3 0 0 0 0 0 0 0 0 0 0 0 0 0 0 0 0 0 0 0 0 0 0 0 2 0 0 0 0 0 0 0 0 0 0 0 0 0 0 0 1 0 0 0 0 0 0 0 0 0 0 0 0 0 0
337 ATC 14 35 0 10 0 38 0 0 12 1 3 3 4 77473 0 8 1 1 1 0 0 0 0 0 0 237 14 4 5 1 1 0 0 0 0 0 0 0 2 0 0 0 0 0 0 8 1 0 0 1 0 0 0 0 1 0 0 2 0 0 0 1 1 0
338 CCA 0 0 0 0 0 0 0 0 0 0 0 0 0 0 0 0 2 2 0 1 81152 1 1 0 0 0 0 0 0 0 0 0 1 0 0 0 0 0 0 0 0 0 0 0 0 0 0 0 0 0 0 0 4 0 0 0 0 0 0 0 0 0 0 0
339 TCC 0 0 0 0 0 4 5 3 3 2 0 1 6 1 0 0 0 0 0 0 0 10 0 0 0 0 0 2 0 2 0 0 0 0 0 0 10 12 0 4 0 0 0 0 3 0 4 0 0 3 0 0 5 76985 1 4 0 0 0 0 0 4 4 0
340 ATT 6 0 2 0 0 0 0 11 4 0 8 0 0 14 2 96927 0 0 0 0 0 0 0 0 6 0 0 3 0 1 0 0 0 0 0 0 0 0 0 0 0 0 0 0 0 0 0 7 0 0 0 0 0 0 0 0 0 0 0 0 0 0 0 1
341 CAA 0 0 0 0 0 0 0 0 0 0 0 0 0 0 0 0 82257 0 1 1 1 0 0 0 2 0 0 0 0 0 0 0 0 0 0 0 0 0 0 0 0 0 0 0 0 0 0 0 5 0 0 0 0 0 0 0 0 0 0 0 0 0 0 0
342 TAC 0 0 0 0 0 0 0 0 0 0 0 0 0 0 0 0 0 19 0 0 0 0 0 0 0 0 0 0 0 0 0 0 0 0 0 0 0 0 0 0 0 0 0 0 0 0 0 0 5 98041 6 11 0 0 0 0 0 10 0 0 0 1 0 0
343 AGA 12 0 0 1 0 0 0 0 133166 0 50 4 4 0 0 0 0 0 0 0 0 0 0 0 10 10 0 0 0 0 0 0 0 0 1 0 0 0 0 0 10 0 0 0 0 0 0 0 0 1 0 0 0 0 0 0 2 0 0 0 0 0 0 0
344 GGT 0 0 0 0 1 0 0 0 1 0 0 19 0 0 0 0 0 0 0 0 0 0 0 0 0 0 0 0 0 0 0 0 0 0 0 11 0 0 0 1 9 9 8 183774 0 1 0 1 0 0 0 0 0 0 0 0 0 0 0 1 0 0 0 0
345 CTA 0 0 0 0 0 0 0 0 0 0 0 0 13 1 0 2 0 0 0 0 32 0 0 0 1 0 0 0 171368 1 17 17 0 0 1 0 0 0 0 0 0 0 0 1 28 3 4 0 0 0 0 0 0 0 0 0 0 0 0 0 12 0 2 0
346 TTT 0 0 0 0 0 0 0 0 0 0 0 0 1 0 0 1 0 0 0 0 0 0 0 0 0 0 0 0 0 0 2 9 0 0 0 0 0 0 0 0 0 0 0 0 0 0 0 5 0 0 0 1 0 3 0 8 0 0 0 0 12 20 2 184129
347 GGA 0 0 0 0 0 0 0 0 12 5 0 0 0 0 1 0 1 0 0 0 0 0 0 0 3 0 0 0 0 1 0 0 12 0 1 0 0 0 0 0 186176 0 46 31 2 0 0 0 0 0 0 0 0 0 1 0 4 0 0 0 16 0 0 0
348 GCC 0 0 0 0 0 13 0 0 0 0 0 0 0 0 0 0 0 0 0 0 0 2 0 0 0 0 0 0 0 0 0 0 0 1 0 0 8 188169 14 4 0 1 0 0 0 56 0 0 0 0 0 0 0 10 0 0 0 0 0 0 0 0 0 0
349 ATT 0 0 0 2 0 0 0 9 0 0 0 2 10 16 3 189003 0 0 0 0 0 0 0 0 0 0 0 0 0 0 0 0 0 0 0 0 2 0 0 0 0 0 0 0 27 0 12 47 0 0 0 0 0 0 0 0 0 0 0 0 0 0 0 2
350 GCT 0 0 0 0 0 0 0 56 0 0 0 6 0 0 0 0 0 0 0 0 0 0 0 1 0 0 0 0 0 0 0 0 0 0 0 5 7 34 6 190041 0 0 0 3 0 0 0 19 0 0 0 0 0 2 3 5 0 0 0 0 0 0 0 0
351 GGT 0 0 0 0 0 0 0 0 0 0 0 10 0 0 0 0 0 0 0 0 0 0 0 0 0 0 0 1 0 0 0 0 0 0 0 4 0 0 0 3 2 15 66 183261 0 0 0 4 0 0 0 0 0 0 0 0 0 0 0 3 0 0 0 0
352 TTT 0 0 0 0 0 0 0 0 0 0 0 0 0 0 0 2 0 0 0 0 0 0 0 0 0 0 0 0 0 0 0 5 0 0 0 0 0 0 0 0 0 0 0 0 0 0 0 0 0 0 0 0 0 0 0 10 0 0 0 0 0 41 0 190899
353 ATT 0 0 0 3 0 0 0 7 0 0 0 3 2 16 1 191670 0 0 0 0 0 0 0 0 0 0 0 0 6 0 27 2 0 0 0 0 0 0 0 0 0 0 0 0 5 9 12 24 0 0 0 0 0 0 0 0 0 0 0 0 7 0 0 2
354 GAG 0 0 27 0 0 0 0 0 0 0 0 0 0 0 0 0 0 0 0 0 0 0 0 0 0 0 0 0 0 0 0 0 57 1 184607 14 0 0 2 0 0 0 31 0 0 0 15 0 0 0 1 0 0 0 0 0 0 0 0 0 0 0 0 0
355 GGG 0 0 0 0 0 0 0 0 0 0 15 0 0 0 0 0 0 0 0 0 0 0 0 0 0 0 0 0 0 0 0 0 0 0 15 0 0 0 0 0 62 20 189466 54 0 0 1 0 0 0 0 0 0 0 0 0 0 0 2 0 0 0 0 0
356 GGA 0 0 0 0 0 0 0 0 21 0 0 0 0 0 0 0 0 0 0 0 0 0 0 0 0 0 0 0 0 0 0 0 21 0 0 0 1 0 0 0 191046 10 367 6 1 0 0 0 0 0 0 0 0 0 0 0 5 0 0 0 0 0 0 0
357 TGG 0 0 0 0 0 0 0 0 0 0 3 0 0 0 0 0 0 0 0 0 0 0 0 0 0 0 10 0 0 0 0 0 0 0 0 0 0 0 0 0 0 0 0 0 0 0 0 0 0 0 41 0 0 0 1 0 20 0 192055 0 0 0 6 0
358 ACT 0 0 0 6 41 67 2 191016 0 0 0 1 5 13 0 7 0 9 0 0 0 7 0 4 0 0 0 0 33 0 1 5 0 0 0 0 0 1 0 27 0 0 0 0 0 0 0 4 0 1 0 1 0 0 0 1 0 1 0 0 2 0 0 1
359 GGA 0 0 0 0 0 0 0 0 29 0 0 0 0 0 0 0 0 0 0 0 0 0 0 0 0 0 0 0 0 0 0 0 32 0 0 0 0 0 7 0 191147 8 19 15 4 0 0 0 0 0 0 0 0 0 0 0 5 0 0 0 0 0 0 0
360 ATG 0 0 1 0 0 0 8 0 0 0 1 0 13 0 191752 1 0 0 0 0 0 0 0 0 0 0 0 0 21 18 24 6 0 0 0 0 0 0 0 0 0 0 0 0 0 0 10 0 0 0 0 0 0 0 0 0 0 0 0 0 1 0 0 0
361 ATA 100 0 36 0 9 0 0 1 2 0 0 0 191995 12 36 27 0 0 3 0 0 0 0 0 0 0 0 0 4 2 2 0 0 0 0 0 0 0 0 0 0 0 0 0 30 21 0 7 0 0 0 0 0 0 0 3 0 0 0 0 26 1 3 0
362 GAT 0 0 0 14 0 0 0 0 0 0 0 0 0 0 0 0 0 0 0 0 0 0 0 0 0 0 0 0 0 0 0 0 1 5 0 191535 0 0 0 0 0 0 0 16 0 0 0 0 0 0 0 3 0 0 0 0 0 0 0 0 0 0 0 0
363 GGA 0 0 0 0 0 0 0 0 11 0 0 0 0 0 0 0 0 0 0 0 0 0 0 0 0 0 0 0 0 0 0 0 10 0 0 0 1 0 0 0 191387 11 35 9 2 0 0 0 0 0 0 0 0 0 0 0 4 0 0 0 0 0 0 0
364 TGG 0 0 0 0 0 0 0 0 0 0 6 0 0 0 0 0 0 0 0 0 0 0 0 0 0 0 3 0 0 0 0 0 0 0 0 0 0 0 0 0 0 0 0 0 0 0 0 0 0 0 39 0 0 0 0 0 18 2 191502 1 0 0 3 0
365 TAT 0 0 0 1 0 0 0 0 0 0 0 0 0 0 0 0 0 0 0 22 0 0 1 0 0 0 0 0 0 0 0 0 0 0 0 2 0 0 0 0 0 0 0 0 0 0 0 0 4 3 2 192082 0 0 0 1 0 0 0 15 0 0 0 1
366 GGT 0 0 0 0 0 0 0 0 0 0 0 8 0 0 0 0 0 0 0 0 0 0 0 0 0 0 0 0 0 0 0 0 0 0 0 13 0 0 0 0 1 38 12 191417 0 0 0 4 0 0 0 0 0 0 0 0 0 0 0 13 0 0 0 0
367 TAT 0 0 0 2 0 0 0 0 0 0 0 0 0 0 0 0 0 0 0 11 0 0 0 0 0 0 0 0 0 0 0 0 0 0 0 0 0 0 0 0 0 0 0 0 0 0 0 0 2 20 0 192314 0 0 0 0 0 0 0 7 0 0 0 15
368 CAT 0 0 0 1 0 0 0 0 0 0 0 0 0 0 0 0 0 36 0 192063 0 0 0 0 9 0 1 8 0 0 0 1 0 0 0 0 0 5 0 0 0 0 0 0 0 0 0 0 0 0 0 20 0 0 0 0 0 0 0 0 0 0 0 6
369 CAT 0 0 0 1 0 0 0 5 0 0 0 0 14 3 5 3 16 42 2 191875 0 0 0 4 0 0 0 3 0 0 0 0 0 0 0 1 0 0 0 0 0 0 0 0 0 0 1 0 0 1 0 4 0 0 1 0 0 0 0 7 0 2 0 11
370 CAG 0 0 4 1 8 0 0 2 0 3 5 6 29 0 4 1 56 0 192137 6 0 0 2 0 1 0 36 0 7 0 2 1 0 0 8 0 0 0 0 0 0 0 0 0 31 9 1 2 0 0 11 0 15 2 4 0 0 0 3 1 0 0 0 1
371 AAT 4 4 0 192102 0 0 0 3 0 0 0 9 0 0 0 2 0 0 0 0 0 0 0 0 0 0 0 0 0 0 0 0 0 0 0 13 0 0 0 0 0 0 0 0 0 0 0 0 0 0 0 2 0 0 0 0 0 0 0 0 0 0 0 0
372 GAA 15 0 0 0 0 0 0 0 0 0 0 0 0 0 0 0 0 0 0 0 0 0 0 0 0 0 0 0 0 0 0 0 192099 2 14 1 1 8 0 0 25 0 0 0 1 0 0 0 1 0 0 0 2 2 1 14 0 0 0 0 0 0 0 0
373 CAG 0 0 6 0 0 0 0 0 0 0 1 0 0 0 1 0 35 0 191809 8 0 0 5 0 0 0 43 0 0 0 3 0 0 1 1 0 1 0 2 0 0 0 0 0 0 0 0 0 0 0 24 1 0 0 0 0 0 0 0 0 0 0 1 0
374 GGA 0 0 0 0 0 0 0 2 15 0 0 0 0 1 0 0 0 0 0 0 0 0 0 0 0 0 0 0 0 0 0 0 16 0 0 0 0 0 0 0 191978 1 44 19 2 0 0 0 0 0 0 0 0 0 0 0 4 0 0 0 0 0 0 0
375 TCA 0 0 0 0 25 2 0 0 0 5 0 1 0 0 10 0 0 0 0 1 6 0 0 0 0 0 0 0 0 0 0 0 4 0 0 2 3 0 0 0 0 0 0 0 0 0 0 0 0 0 0 0 191916 11 132 8 2 0 0 0 28 0 0 0
376 GGC 0 0 0 0 0 0 0 0 0 42 0 0 1 0 0 0 0 0 0 0 0 0 0 0 0 0 0 0 0 0 0 0 0 33 0 0 0 0 1 0 51 191640 4 20 0 0 0 0 0 0 0 2 0 0 0 0 0 15 0 0 0 0 0 0
377 TAT 0 0 0 1 0 0 0 0 0 0 0 0 0 0 0 0 0 0 0 28 0 0 0 0 0 0 0 0 0 0 0 0 0 0 0 1 0 0 0 0 0 0 0 0 0 0 0 0 1 11 0 192078 7 0 0 1 0 0 0 6 0 0 0 19
378 GCA 0 0 0 0 50 0 0 0 0 13 0 6 0 0 0 0 0 0 0 0 0 0 0 0 0 0 0 0 0 0 0 0 6 0 0 0 189973 7 36 38 3 0 2 0 125 0 1 0 0 0 0 0 2 4 1 1 0 5 0 0 0 1 0 0
379 GCG 0 0 0 0 0 0 9 0 0 0 0 0 0 0 0 0 0 0 0 0 0 0 0 0 0 0 0 0 0 0 0 0 0 0 5 0 63 2 191479 18 0 0 2 0 0 0 55 0 0 0 0 0 0 0 1 0 0 0 0 0 0 0 0 0
380 GAT 0 0 0 27 0 0 0 0 0 0 0 0 0 0 0 0 0 0 0 1 0 0 0 0 0 0 0 0 0 0 0 0 0 39 1 191901 0 0 0 0 0 0 0 11 0 0 0 0 0 0 0 1 0 0 0 0 0 0 0 0 0 0 0 0
381 CAA 25 0 13 0 0 0 0 1 0 0 6 0 0 0 1 21 189980 0 21 8 1 0 0 0 26 0 7 8 2 7 2 1 0 0 1 0 2 4 0 3 0 0 0 0 13 0 10 6 3 2 0 11 3 0 0 0 0 0 0 0 3 0 5 0
382 AAA 191071 0 32 0 0 0 0 2 10 0 8 0 1 0 0 2 4 0 1 0 0 1 0 0 2 0 1 3 2 0 0 0 24 0 3 1 0 26 0 1 0 0 0 0 0 0 4 0 2 0 0 0 0 0 1 18 0 2 1 0 2 0 0 0
383 AGC 0 60 0 0 0 4 0 0 3 190733 0 85 0 4 0 0 0 0 0 0 0 0 0 0 0 1 0 0 0 0 0 0 0 0 0 0 1 1 0 0 0 71 0 0 0 0 0 0 0 0 0 0 0 18 0 13 0 2 0 0 0 0 0 0
384 ACA 0 0 0 0 191495 21 29 7 1 0 0 0 7 0 0 0 0 0 0 0 1 0 0 0 0 0 0 0 0 0 0 0 0 0 0 0 4 0 0 0 0 0 0 0 0 0 0 0 0 0 0 0 0 0 0 0 0 0 0 0 0 0 0 0
385 CAA 12 0 0 0 0 0 0 0 0 0 0 1 0 0 0 0 191041 4 10 0 5 0 0 0 14 0 0 0 2 0 0 0 0 0 0 0 0 0 0 9 0 0 0 0 0 0 0 0 4 0 0 0 0 0 0 0 0 0 0 0 0 0 0 0
386 AAT 99 8 11 191094 4 3 7 6 10 3 35 8 1 0 0 12 11 2 38 5 0 0 0 0 24 3 12 2 0 0 1 0 5 0 0 4 0 3 0 0 0 0 0 0 0 0 1 0 0 0 0 0 0 6 10 30 0 0 0 0 11 13 0 0
387 GCC 0 0 0 0 0 16 0 0 0 0 0 0 0 0 0 0 0 0 0 0 0 1 0 0 0 0 0 0 0 0 0 0 0 1 0 0 4 188914 72 7 0 0 0 0 0 53 0 0 0 0 0 0 0 2 0 0 0 0 0 0 0 0 0 0
388 ATT 0 0 0 2 0 0 0 4 0 0 0 0 1 19 2 190973 0 0 0 0 0 0 0 0 0 0 0 0 0 0 0 9 0 0 0 0 0 0 0 0 0 0 0 0 0 15 0 27 0 0 0 0 0 0 0 0 0 0 0 0 1 0 0 4
389 AAC 10 190880 2 80 1 0 0 0 0 8 0 0 0 0 0 0 0 3 0 0 0 0 0 0 0 4 1 8 0 0 0 0 1 34 0 2 2 0 0 0 0 0 0 0 0 0 0 0 0 0 0 0 0 1 0 2 0 0 0 0 0 0 0 0
390 GGG 36 0 13 0 11 35 15 1 236 126 98 2 11 41 4 7 0 0 6 4 0 0 0 0 0 5 120 164 15 0 403 83 0 0 17 0 6 0 4 0 44 7 188102 3 4 45 14 24 0 0 0 0 37 32 306 11 0 16 11 22 36 7 28 13
391 ATT 0 0 0 0 0 0 0 7 0 0 0 1 59 25 1 190922 0 0 0 0 0 0 0 0 0 0 0 0 0 0 0 0 0 0 0 0 0 0 0 0 0 0 0 0 0 1 9 31 0 0 0 0 0 0 0 0 0 0 0 0 0 0 0 1
392 ACA 5 1 0 3 191289 7 14 5 2 0 3 0 22 0 0 0 0 1 0 0 8 0 0 0 0 0 0 1 0 3 0 0 0 0 2 0 38 3 0 0 0 0 0 0 0 0 0 0 0 0 0 0 4 0 0 10 0 0 0 0 0 0 2 0
393 AAC 5 189690 2 10 0 19 1 31 0 15 0 0 0 0 0 0 4 8 0 0 0 0 0 0 0 0 0 0 0 0 0 0 0 7 0 0 0 0 0 0 0 0 0 0 0 0 0 0 0 3 0 0 0 1 0 0 13 0 0 2 0 0 0 0
394 AAG 42 0 191024 14 0 0 0 0 0 0 10 0 0 0 3 0 0 0 1 0 0 0 0 0 0 0 0 1 0 0 0 0 0 0 8 0 0 0 0 0 0 0 0 0 0 0 0 0 0 0 1 0 0 0 0 0 0 0 0 0 0 0 0 0
395 GTG 0 0 0 0 0 0 0 0 0 0 0 0 0 0 19 11 0 0 0 0 0 0 0 0 0 0 0 0 0 0 1 0 0 0 3 0 0 0 4 0 0 0 0 0 27 13 191070 45 0 0 0 0 0 0 0 0 0 0 0 0 0 0 0 0
396 AAC 2 191851 0 20 0 3 0 0 0 8 0 0 0 0 0 0 0 0 0 0 0 0 0 0 3 0 0 0 0 0 0 0 0 19 0 0 0 0 0 0 0 0 0 0 0 0 0 0 0 2 0 0 0 0 0 0 0 0 0 0 0 0 0 0
397 TCT 0 5 0 5 0 0 0 3 0 0 0 0 0 0 0 0 0 0 1 1 0 0 0 5 0 0 0 0 0 0 0 0 0 0 0 0 0 20 0 2 0 0 0 0 0 0 0 0 0 0 0 2 2 27 3 191590 0 0 0 0 0 0 0 7
398 GTT 0 0 0 0 0 0 0 0 0 0 0 0 4 0 0 37 0 0 0 0 0 0 0 0 0 0 0 0 0 0 0 0 0 0 0 0 0 2 0 4 0 0 0 1 3 9 14 191349 0 0 0 0 0 0 0 0 0 0 0 0 0 0 0 2
399 ATC 0 1 0 0 0 7 0 0 0 0 0 0 16 191191 1 48 0 0 0 0 0 0 0 0 0 0 0 0 1 0 0 0 0 0 0 0 0 0 2 0 0 0 0 0 0 14 0 0 0 0 0 0 0 0 0 0 0 0 0 0 0 1 0 0
400 GAG 0 1 27 0 4 0 0 7 0 1 0 0 0 0 0 0 0 0 1 0 0 0 0 0 0 0 0 0 0 0 0 0 23 1 191021 6 0 0 0 0 0 0 20 0 0 0 2 0 0 0 2 0 0 0 0 0 0 0 0 0 0 0 0 0
401 AAA 188167 4 36 1 5 0 0 0 16 0 16 1 3 0 0 49 0 0 0 0 0 0 0 0 0 0 0 2 0 0 0 0 5 0 0 0 0 0 12 0 0 0 0 0 2 0 1 0 0 0 0 0 0 0 0 0 0 0 0 0 0 0 0 0
402 ATG 0 0 2 0 0 0 6 0 0 0 1 0 35 10 191051 6 0 0 0 0 0 0 0 0 0 0 0 0 2 1 7 0 0 0 0 0 0 0 0 0 0 0 0 0 0 3 2 0 0 0 0 0 0 0 0 0 0 0 0 0 3 0 1 9
403 AAC 5 191600 4 18 0 3 5 0 1 12 0 0 0 4 0 0 0 0 0 0 0 0 0 0 0 0 0 0 0 0 0 0 0 24 0 0 0 0 0 1 0 0 2 4 0 0 0 0 0 0 0 0 0 1 0 0 0 0 0 0 0 0 0 0
404 ACT 1 4 0 5 3 83 5 190695 8 3 3 3 0 0 0 11 2 1 0 1 0 1 2 1 4 0 0 0 0 23 4 6 0 0 0 0 4 1 0 8 5 0 0 19 1 0 5 13 0 0 0 0 1 0 45 10 0 0 0 0 3 0 0 1
405 CAA 3 0 0 0 0 0 0 0 0 0 6 0 0 0 0 0 191162 13 34 0 3 0 0 0 46 0 0 0 1 0 0 0 1 0 0 0 11 0 1 8 2 2 10 5 1 0 0 0 4 0 0 0 0 0 0 0 0 2 0 0 0 0 0 0
406 TTC 0 0 0 0 0 0 0 0 0 0 0 0 0 9 1 0 0 0 0 0 0 0 0 0 0 0 0 0 8 16 0 4 0 0 0 0 0 0 0 0 0 3 3 2 0 3 0 0 0 3 0 2 0 19 0 0 0 2 15 0 34 191050 3 14
407 ACA 15 0 0 4 191357 4 66 20 4 3 3 20 27 0 0 0 2 0 0 0 2 0 0 0 1 0 0 18 0 0 0 0 0 0 0 0 8 3 0 0 0 0 0 0 0 0 0 0 0 0 0 0 0 0 0 0 0 0 0 0 0 0 0 0
408 GCT 0 0 0 0 2 2 0 39 0 1 0 5 0 0 0 0 0 0 0 0 0 0 0 0 0 2 11 0 0 1 0 1 0 0 1 5 5 31 38 190967 0 1 0 0 0 1 4 10 0 5 0 12 16 0 0 7 0 0 0 0 0 1 0 1
409 GTG 0 0 0 0 0 0 9 0 0 0 0 0 7 0 21 1 0 0 0 0 0 0 0 0 0 0 0 0 0 0 18 0 0 0 1 0 0 0 4 0 2 0 3 0 29 48 191009 31 0 0 0 0 0 0 0 2 0 0 0 0 0 0 12 0
410 GGT 0 1 0 0 0 0 0 0 1 0 0 71 0 0 0 0 0 0 0 0 1 0 0 0 0 0 3 0 0 0 0 0 0 1 0 72 0 0 1 0 6 49 16 186181 0 0 0 2 0 0 0 0 0 2 0 0 0 0 0 6 0 0 0 0
411 AAA 191451 7 26 4 0 0 0 0 4 0 0 0 0 0 0 0 3 0 0 0 0 0 0 0 0 0 0 0 0 0 0 0 8 0 0 0 0 0 3 0 6 1 1 0 17 3 0 0 0 0 0 0 0 0 0 0 0 0 0 0 0 0 0 0
412 GAA 22 1 0 0 3 15 0 2 0 6 6 11 0 0 2 0 0 0 0 0 0 0 0 0 0 1 0 0 17 0 0 0 190904 2 21 0 5 10 4 2 7 0 4 0 0 0 3 3 4 0 0 0 0 1 0 0 0 4 2 1 18 0 0 7
413 TTC 0 0 0 0 0 0 0 0 0 0 0 0 0 3 0 0 0 0 0 0 0 1 0 0 0 0 0 0 0 10 0 0 0 0 0 0 0 0 0 0 0 0 0 0 0 1 0 0 0 1 0 2 0 4 0 0 0 0 3 0 1 190339 1 13
414 AAC 1 190656 1 5 1 4 1 0 0 25 0 1 0 0 0 0 0 2 0 6 0 0 0 0 0 0 0 0 0 0 0 0 0 16 0 0 0 10 0 22 16 5 1 9 0 0 0 0 0 2 0 0 3 6 0 2 0 0 0 0 0 0 0 0
415 AAC 9 190866 0 10 0 10 0 20 3 15 3 3 12 53 0 0 0 8 0 0 0 0 0 0 16 0 1 0 0 6 0 0 1 13 0 0 3 0 0 25 0 3 0 1 5 2 15 4 0 6 0 3 5 1 4 0 0 0 1 12 4 10 7 4
416 TTA 0 0 0 0 0 0 0 0 0 0 0 0 4 0 0 0 0 0 0 0 0 0 0 0 0 1 0 0 8 28 0 0 0 0 0 0 0 0 0 0 0 0 0 0 1 0 0 0 1 0 0 0 15 0 0 0 1 0 0 0 190356 3 19 1
417 GAA 5 0 0 0 0 0 0 0 0 0 0 0 0 0 0 0 0 0 0 0 0 0 0 0 0 0 0 0 0 0 0 0 191096 3 15 1 0 0 0 0 3 0 0 0 0 0 0 0 6 0 0 0 0 0 0 0 0 0 0 0 0 0 0 0
418 AAA 191591 1 18 3 3 0 0 0 10 0 4 0 0 0 0 0 2 0 0 0 0 0 0 0 0 0 0 0 0 0 0 0 2 0 0 0 0 0 0 0 0 0 0 0 0 0 0 0 0 0 0 0 0 0 0 0 0 0 0 0 0 0 0 0
419 AGG 0 0 41 0 0 0 0 0 20 0 187368 1 0 0 22 0 0 0 0 0 0 0 0 0 0 0 46 0 0 0 0 0 0 0 0 0 0 0 0 0 0 0 184 0 0 0 0 0 0 0 0 0 0 0 0 0 0 0 2 0 0 0 0 0
420 ATG 0 0 1 0 0 0 6 0 0 0 1 0 19 4 190407 2 0 0 0 0 0 0 0 0 0 0 0 0 0 0 0 0 0 0 0 0 0 0 0 0 0 0 0 0 0 0 17 0 0 0 0 0 0 0 0 0 0 0 0 0 0 0 0 0
421 GAA 14 0 0 0 0 0 0 0 0 0 0 0 0 0 0 0 0 0 0 0 0 0 0 0 0 0 0 0 0 0 0 0 160243 17 73 7 2 0 0 0 38 0 0 0 0 0 0 0 2 0 0 0 0 0 16 0 0 0 0 0 0 0 0 0
422 AAT 1 7 1 190248 0 0 0 1 0 0 0 6 0 0 0 4 0 0 0 3 0 0 0 0 0 0 0 0 0 0 0 0 0 0 0 5 0 0 0 0 0 0 0 0 0 0 0 0 0 0 0 0 0 0 0 1 0 0 0 0 0 0 0 0
423 TTA 0 0 0 0 0 0 0 0 0 0 0 0 1 0 0 0 0 0 0 0 0 0 0 0 0 0 0 0 16 0 0 0 0 0 0 0 0 0 0 0 0 0 0 0 1 0 0 0 3 0 0 0 14 0 0 0 1 0 0 0 191016 1 36 0
424 AAT 1 19 1 185794 0 0 0 4 0 0 0 1 0 0 0 1 0 0 0 0 0 0 0 0 0 0 0 0 0 0 0 0 0 0 0 9 0 0 0 0 0 0 0 0 0 0 0 0 0 0 0 1 0 0 0 0 0 0 0 0 0 0 0 0
425 AAA 186898 5 46 1 0 0 0 0 6 0 0 0 3 0 0 0 6 0 1 0 0 0 0 0 0 0 0 18 0 0 0 0 13 0 0 0 0 0 0 1 0 0 0 0 0 0 0 0 2 0 0 0 0 0 0 0 0 0 0 0 0 0 0 0
426 AAA 186817 1 267 6 2 0 0 0 39 0 0 7 0 0 0 0 5 0 0 0 0 0 0 0 0 0 0 0 0 0 0 0 6 0 0 0 0 0 0 0 0 0 0 0 0 0 0 0 0 0 0 0 0 0 0 0 0 0 0 0 0 0 0 0
427 GTT 3 0 6 1 0 0 0 0 0 0 0 65 0 0 0 64 0 0 0 0 0 0 0 0 0 0 0 0 0 0 0 0 0 0 0 1 0 0 0 6 0 0 0 2 8 14 1 175931 0 0 0 0 0 0 0 0 7 0 0 0 0 0 155 1
428 GAT 3 2 0 8 0 0 0 0 0 0 0 0 0 0 154 0 0 0 0 0 0 0 0 0 0 0 0 0 0 0 0 0 1 10 1 178928 0 0 0 3 0 0 0 9 0 0 0 0 0 0 0 3 0 0 0 0 69 0 0 0 0 0 6 0
429 GAT 0 0 0 24 0 0 0 0 0 0 0 0 0 0 160 0 0 0 0 0 0 0 0 0 0 0 0 0 0 0 0 0 9 18 0 182269 0 0 0 1 0 0 0 15 0 0 0 7 0 0 0 4 0 0 0 0 66 0 5 0 0 0 0 0
430 GGG 0 0 0 0 0 0 0 0 0 0 5 0 0 0 0 0 0 0 0 0 0 0 0 0 0 0 0 0 0 0 0 0 0 0 9 0 0 0 0 0 29 1 117801 7 0 0 0 0 0 0 0 0 0 0 0 0 0 0 4 0 0 0 0 0
431 TTT 0 0 0 0 0 0 0 0 0 0 0 0 0 0 0 0 0 0 0 0 0 0 0 0 0 0 0 0 0 0 0 7 0 0 0 0 0 0 0 0 0 0 0 0 0 0 0 7 0 0 0 1 0 0 0 1 0 0 0 1 0 10 3 148066
432 CTG 0 0 0 0 0 0 0 0 0 0 0 0 0 0 4 0 0 0 2 0 0 0 21 0 0 0 0 0 13 0 89466 2 0 0 0 0 0 0 0 0 0 0 0 0 0 0 0 2 0 0 0 0 0 0 0 0 0 0 1 0 0 0 2 0
433 GAC 0 18 0 0 0 0 0 0 0 0 0 0 0 0 0 0 0 0 0 0 0 0 0 0 0 0 0 0 0 0 0 0 9 130305 17 15 0 1 0 0 0 17 0 0 0 1 0 0 0 0 0 0 0 0 2 0 0 0 0 0 0 0 0 0
434 ATT 0 0 0 1 0 0 0 4 0 0 0 3 0 8 0 158516 0 0 0 0 0 0 0 0 0 0 0 0 1 0 0 0 0 0 0 0 0 0 0 0 0 0 0 0 0 1 3 17 0 0 0 0 0 0 0 0 0 0 0 0 0 0 5 0
435 TGG 0 0 0 0 0 0 0 0 0 0 5 0 0 0 0 0 0 0 0 0 0 0 0 0 0 0 10 0 0 0 0 0 0 0 0 0 0 0 0 0 0 0 0 0 0 0 0 0 0 0 12 0 0 0 0 0 5 2 132988 0 0 0 2 0
436 ACA 2 0 0 0 145486 12 5 3 1 0 0 0 4 0 0 0 0 0 0 0 1 0 0 0 0 0 0 0 0 0 0 0 0 0 0 0 25 0 0 0 0 0 0 0 0 0 0 0 0 0 0 0 2 0 0 0 0 0 0 0 0 0 0 0
437 TAT 0 0 0 1 0 0 0 0 0 0 0 0 0 0 0 0 0 0 0 14 0 0 0 0 0 0 0 0 0 0 0 0 0 0 0 1 0 0 0 0 0 0 0 0 0 0 0 0 2 14 0 154581 0 0 0 0 0 0 0 23 0 3 0 3
438 AAT 0 12 2 185249 0 0 0 2 0 0 0 3 0 0 0 3 31 0 2 1 0 0 0 0 0 0 0 0 0 0 0 0 0 0 0 7 0 0 0 0 0 0 0 0 0 0 0 0 0 0 0 1 1 0 0 0 0 0 0 0 0 0 0 0
439 GCA 0 0 0 0 35 0 0 0 0 0 0 0 7 0 0 0 0 0 0 0 0 0 0 0 0 0 0 0 0 10 0 0 2 0 0 0 181367 3 19 7 0 0 0 0 34 0 0 0 0 0 0 0 0 0 0 0 0 0 0 0 0 0 0 0
440 GAA 9 0 0 0 0 0 0 0 0 0 0 0 0 0 0 0 1 0 0 0 0 0 0 0 0 0 0 0 0 0 0 0 187019 0 9 0 0 0 0 0 5 0 0 0 2 0 0 0 4 0 0 0 0 0 0 0 0 0 0 0 0 0 0 0
441 TTG 0 0 0 0 0 0 0 0 0 0 0 0 0 0 2 0 0 0 0 0 0 0 0 0 0 0 0 0 0 0 12 0 0 0 0 0 0 0 0 0 0 0 0 0 0 0 2 0 0 1 0 0 0 0 2 0 0 0 4 0 15 1 189943 2
442 TTA 0 0 0 0 0 0 0 0 0 0 0 0 0 6 0 0 0 0 0 0 0 0 0 0 0 0 0 0 13 0 0 3 0 0 0 0 0 0 0 0 0 0 0 0 1 0 0 0 2 0 0 0 6 0 0 0 1 0 0 0 188856 4 45 1
443 GTT 0 0 0 0 0 0 0 0 0 0 0 0 0 0 1 13 0 0 0 0 0 0 0 0 0 0 0 0 0 0 0 0 0 0 0 1 0 0 0 6 0 0 0 0 0 20 5 188709 0 0 0 0 0 0 0 0 0 0 0 0 0 0 0 5
444 CTA 0 0 0 0 0 0 0 0 0 0 0 0 3 0 0 0 1 0 0 0 11 5 0 0 1 0 0 0 188538 0 17 7 0 0 0 0 0 0 0 0 0 0 0 0 0 0 0 0 0 0 0 0 0 0 0 0 0 0 0 0 4 0 5 0
445 CTG 0 0 0 0 0 0 0 0 0 0 0 0 0 0 8 0 0 0 6 0 0 0 27 0 0 0 2 0 33 0 186256 1 0 0 0 0 0 0 0 0 0 0 0 0 0 0 1 0 0 0 0 0 0 0 0 0 0 0 0 0 17 0 28 0
446 GAA 16 0 0 0 0 0 0 0 0 0 0 0 0 0 0 0 0 0 0 0 0 0 0 0 0 0 0 0 0 0 0 0 190363 1 41 0 0 0 0 0 18 0 0 0 1 0 0 0 0 0 0 0 0 0 0 0 0 0 0 0 0 0 0 0
447 AAT 1 36 1 191522 0 0 0 1 0 0 0 5 0 0 0 3 0 0 0 0 0 0 0 0 0 0 0 0 0 0 0 0 0 0 0 5 0 0 0 0 0 0 0 0 0 0 0 0 0 0 0 1 0 0 0 0 0 0 0 0 0 0 0 0
448 GAA 18 0 0 0 0 0 0 0 0 0 0 0 0 0 0 0 0 0 0 0 0 0 0 0 0 0 0 0 0 0 0 0 190694 2 30 1 1 0 0 0 26 0 0 0 2 0 0 0 2 0 0 0 0 0 0 0 0 0 0 0 0 0 0 0
449 AGG 0 0 48 0 0 0 0 0 36 0 190182 2 0 0 13 0 0 0 0 0 0 0 0 0 10 0 13 0 0 0 0 0 0 0 0 0 0 0 0 0 0 0 29 0 0 0 0 0 0 0 0 0 0 0 0 0 0 0 8 0 0 0 0 0
450 ACT 0 0 0 1 0 59 2 191013 0 0 0 0 0 0 0 10 0 0 0 0 0 0 0 2 0 0 0 0 0 0 0 0 0 0 0 0 0 0 0 7 0 0 0 0 0 0 0 0 0 0 0 0 0 0 0 0 0 0 0 0 0 0 0 0
451 TTG 0 0 0 0 0 0 0 0 0 0 0 0 0 0 1 0 0 0 0 0 0 0 0 0 0 0 0 0 0 0 12 5 0 0 0 0 0 0 0 0 0 0 0 0 0 0 3 0 0 0 2 0 0 0 8 0 0 0 3 0 16 0 191136 4
452 GAT 0 0 0 31 0 0 1 0 0 0 0 0 0 0 0 0 0 0 0 0 0 0 0 0 0 0 0 0 0 0 0 0 1 17 6 190088 0 0 2 0 0 0 0 20 0 0 0 4 0 0 0 1 0 0 1 0 0 0 0 0 0 0 0 0
453 TTC 0 0 0 0 0 0 0 0 0 0 0 0 0 0 0 0 0 0 0 0 0 0 0 0 0 0 0 0 0 15 0 0 0 0 0 0 0 0 0 0 0 0 0 0 0 4 0 0 0 2 0 0 0 20 0 0 0 0 0 0 3 189955 0 11
454 CAT 0 0 0 14 0 0 0 0 0 0 0 0 0 0 0 0 3 17 1 190827 0 0 0 3 0 0 0 37 0 0 0 0 0 0 0 0 0 0 0 0 0 0 0 0 0 0 0 0 0 0 0 3 0 0 0 0 0 0 0 0 0 0 0 0
455 GAC 0 12 0 0 0 0 0 0 0 0 0 0 0 0 0 0 0 0 0 0 0 0 0 0 0 0 0 0 0 0 0 0 12 191428 1 21 0 0 0 0 0 19 0 0 0 0 0 0 0 1 0 0 0 0 0 0 0 0 0 0 0 0 0 0
456 TTA 7 0 0 0 8 0 8 0 1 0 11 0 12 0 0 0 0 0 0 2 1 0 0 0 0 0 5 6 26 0 0 0 0 4 0 0 0 0 0 0 3 1 1 0 6 0 2 9 2 0 0 0 21 0 0 0 0 0 0 3 189794 1 33 1
457 AAT 6 6 1 190763 0 0 0 5 0 0 0 10 0 0 0 0 0 0 0 1 0 0 0 0 0 0 0 0 0 0 0 0 0 0 0 4 0 0 0 0 0 0 0 0 0 0 0 0 0 0 0 4 0 0 0 0 0 0 0 0 0 0 0 0
458 GTG 0 0 0 0 0 0 0 0 0 0 0 0 0 0 18 0 0 0 0 0 0 0 0 0 0 0 0 0 0 0 1 0 0 0 2 0 0 0 8 0 0 0 3 0 41 4 190534 15 0 0 0 0 0 0 0 0 0 0 0 0 0 0 1 0
459 AAG 23 0 190942 1 0 0 8 0 1 0 21 0 0 0 3 0 0 0 0 0 0 0 0 0 0 2 0 2 0 0 0 0 0 0 16 0 0 0 0 0 0 0 0 0 0 0 0 0 0 0 1 0 0 0 0 0 0 0 0 0 0 0 0 0
460 AAT 6 49 0 190743 0 0 0 3 0 0 0 22 0 0 0 0 3 0 0 2 0 0 0 0 0 0 0 0 0 0 0 0 0 0 1 24 6 5 0 0 0 0 0 0 0 0 0 0 0 0 0 0 0 0 0 4 0 0 0 0 0 0 0 0
461 CTG 0 0 0 0 0 0 0 0 0 0 0 0 1 0 1 0 0 0 3 0 0 0 2 0 0 0 0 0 40 1 191115 7 0 0 0 0 0 0 0 0 0 0 0 0 0 0 0 0 0 0 0 0 0 0 0 0 0 0 0 0 0 0 14 0
462 TAC 0 1 0 0 0 0 0 0 0 0 0 0 0 0 0 0 0 9 0 0 1 0 0 0 0 0 0 0 0 0 0 0 0 0 0 0 0 0 0 0 0 0 0 0 0 0 0 0 3 191264 3 38 0 0 0 0 0 15 0 0 0 1 0 0
463 GAG 0 0 19 0 0 0 0 0 0 0 0 1 0 0 0 0 0 0 2 0 0 0 0 0 0 0 1 0 0 0 0 0 21 8 190878 16 0 0 2 0 0 0 16 0 0 0 1 0 0 0 3 0 0 0 0 1 0 0 0 0 0 0 0 0
464 AAA 191775 2 32 0 1 0 0 0 19 0 0 0 0 0 0 0 2 0 0 0 0 0 0 0 0 0 1 0 0 0 0 0 16 0 2 0 0 0 0 0 0 0 0 0 0 0 0 0 0 0 0 0 0 0 0 0 0 0 0 0 0 0 0 0
465 GTA 0 0 0 0 0 0 0 0 0 0 0 0 33 0 0 0 0 0 0 0 0 0 0 0 0 0 0 0 2 0 0 0 0 0 0 0 16 0 0 0 1 0 0 0 191277 14 17 12 0 0 0 0 0 0 0 0 0 0 0 0 1 0 0 0
466 AAA 191176 6 16 1 3 0 0 0 9 1 0 0 1 0 0 0 0 0 0 0 0 0 0 0 0 0 0 3 0 0 0 0 9 0 0 0 0 0 0 0 0 1 0 0 0 0 0 0 0 0 0 0 0 0 0 0 0 0 0 0 0 0 0 0
467 AGC 0 47 5 1 9 0 1 0 1 190547 3 116 0 2 0 0 0 0 0 0 0 0 0 0 3 4 0 0 0 0 0 0 0 0 0 0 0 0 2 0 7 49 7 0 0 8 0 5 0 0 0 0 0 2 0 0 0 2 0 0 0 0 1 0
468 CAA 6 0 0 0 9 3 0 0 1 0 0 2 16 0 37 0 191421 6 16 6 1 0 0 0 19 0 2 6 6 2 0 1 0 0 0 0 0 9 0 0 0 0 0 0 3 0 2 0 4 0 0 0 19 0 0 1 0 0 0 0 0 0 0 0
469 TTA 0 0 0 0 0 0 0 0 0 0 0 0 1 0 0 0 0 0 0 0 1 0 0 0 0 0 0 0 22 0 0 1 0 0 0 0 0 0 0 0 0 0 0 0 1 0 0 0 2 0 0 0 10 0 0 0 0 0 0 0 191371 2 31 0
470 AAG 29 0 190806 25 1 0 6 0 0 0 20 0 0 0 2 0 0 0 2 0 0 0 0 0 0 0 2 0 0 0 0 0 0 0 2 0 0 0 0 0 7 0 0 0 0 0 0 0 0 0 2 0 0 1 0 0 0 0 0 0 0 0 0 0
471 AAT 1 18 0 191143 0 1 0 9 0 14 0 10 0 0 0 2 1 0 4 0 0 0 0 0 0 0 0 0 0 0 0 0 0 0 1 19 1 3 0 0 0 2 0 0 0 3 0 0 0 3 0 1 4 0 0 0 0 0 0 0 0 0 0 0
472 AAT 3 19 0 190911 0 0 0 2 0 0 0 27 0 0 0 1 0 0 0 1 0 0 0 0 0 0 0 0 0 0 0 0 0 0 0 25 0 0 0 0 0 0 0 0 0 0 0 0 0 0 0 1 0 0 0 0 0 0 0 0 0 0 0 0
473 GCC 0 0 0 0 0 31 0 0 0 0 0 0 0 0 0 0 0 0 0 0 0 1 0 0 0 0 0 0 0 0 0 0 0 3 0 0 2 190609 6 23 0 0 0 2 1 16 11 2 0 0 0 0 0 1 0 0 0 0 0 0 0 0 0 0
474 AAA 189978 7 35 12 4 0 0 0 20 0 2 0 4 2 6 0 33 0 3 0 0 0 0 0 0 0 4 0 3 2 16 1 66 0 1 0 23 11 0 0 0 0 0 0 1 0 8 1 1 102 0 5 0 0 0 0 0 0 6 1 112 119 30 24
475 GAA 9 0 0 0 0 0 0 0 0 0 0 0 0 0 0 0 1 0 0 0 0 0 0 0 0 0 0 0 0 0 0 0 190423 4 17 0 1 0 2 0 10 0 0 0 3 1 0 0 0 0 0 0 0 0 0 0 0 0 0 0 0 0 0 0
476 ATC 0 6 11 2 0 35 0 5 0 1 0 3 4 173929 63 38 5 0 9 0 0 0 0 0 0 0 4 0 3 4 2 0 0 0 0 0 0 0 0 0 0 0 0 1 6 15 0 0 0 0 0 0 3 0 7 0 0 0 0 1 0 4 1 0
477 GGA 0 0 0 0 0 0 0 0 27 0 0 0 0 0 0 0 0 0 0 0 0 0 0 0 0 0 0 0 2 0 0 0 14 0 0 0 0 0 0 0 174031 6 65 0 0 0 0 0 0 0 0 1 0 0 0 0 5 0 0 0 0 0 0 2
478 AAT 4 6 3 169059 0 0 0 4 1 1 0 10 0 0 0 0 0 0 0 2 0 0 0 0 0 0 0 0 0 0 0 0 0 0 0 11 0 0 0 0 0 0 0 0 0 0 0 0 0 0 0 0 0 0 0 0 0 0 0 0 0 0 0 0
479 GGG 0 0 0 0 0 0 0 0 0 0 12 0 0 0 1 0 0 0 0 0 0 0 0 0 0 0 0 6 0 0 0 0 0 0 17 0 0 0 0 0 17 3 174197 1 0 0 1 0 0 0 0 0 0 0 0 0 0 0 5 0 0 0 0 0
480 TGT 0 0 0 0 0 0 0 0 0 0 0 0 0 0 0 0 0 0 0 0 0 0 0 0 0 1 0 3 0 0 0 0 0 0 0 0 0 0 0 0 0 0 0 0 0 0 0 0 0 0 0 25 0 0 0 0 0 18 11 172792 0 0 0 4
481 TTT 0 0 0 0 0 0 0 0 0 0 0 0 0 0 0 2 0 0 0 0 0 0 0 1 0 0 0 0 3 9 0 10 0 0 0 0 0 0 0 0 0 0 0 0 0 0 0 1 0 1 0 2 0 1 0 7 1 0 0 2 4 20 1 174009
482 GAG 0 0 31 0 0 0 2 0 0 0 0 0 0 0 0 0 0 0 0 0 0 0 0 0 0 3 0 0 1 0 0 0 37 0 174224 4 0 1 1 6 0 0 37 0 9 0 3 0 0 0 3 0 1 0 0 0 0 0 0 0 0 0 0 0
483 TTC 0 0 0 0 0 0 0 0 0 0 0 0 0 6 0 0 0 0 0 0 0 0 0 0 0 0 0 0 0 14 0 0 0 0 0 0 0 0 0 0 0 0 0 0 0 0 0 0 0 0 0 0 0 8 0 0 0 0 0 0 4 174251 3 23
484 TAC 0 1 0 0 0 0 0 0 1 0 0 0 0 0 0 0 0 43 0 0 0 0 0 0 0 0 0 0 0 0 9 0 0 0 0 0 0 0 0 0 0 0 0 0 0 0 0 0 3 173276 2 14 0 0 0 0 0 25 0 0 2 0 12 0
485 CAC 0 3 0 0 0 0 0 0 0 0 0 0 0 0 0 0 3 173888 4 5 0 2 0 0 0 2 0 0 0 1 0 0 0 0 0 0 0 0 0 0 0 0 0 0 0 0 0 0 0 4 0 0 0 0 0 0 0 0 0 0 0 0 0 0
486 AAG 20 0 173894 7 0 0 1 0 6 1 30 3 4 0 5 0 0 0 5 0 0 1 0 0 0 0 2 1 0 3 0 2 0 0 9 0 11 0 0 0 0 0 0 1 7 0 0 0 0 0 0 0 0 2 6 0 0 0 0 0 0 0 0 0
487 TGT 0 0 0 0 0 0 0 0 0 0 0 1 0 0 0 0 1 0 0 0 0 0 0 0 0 0 0 7 0 0 0 0 0 0 0 0 0 0 0 0 0 0 0 1 0 0 0 0 0 0 0 10 0 0 0 0 1 10 0 174671 0 0 0 3
488 GAC 0 32 0 0 0 0 0 0 0 0 0 0 0 0 0 0 0 0 0 0 0 0 0 0 0 0 0 0 0 0 0 0 2 174266 2 10 0 0 0 0 0 28 1 0 0 0 0 0 0 4 0 0 2 0 0 1 0 0 0 1 0 0 0 0
489 AAT 0 7 1 174623 0 0 0 0 0 0 0 3 0 0 0 0 0 0 0 0 0 0 0 0 0 0 0 0 0 0 0 0 0 3 0 21 0 0 0 0 0 0 0 0 0 0 0 0 0 0 0 1 0 0 0 0 0 0 0 0 0 0 0 0
490 GAA 40 0 0 0 7 0 0 0 0 0 0 0 0 0 8 0 0 0 0 0 0 0 0 1 0 0 0 0 0 0 0 0 173384 3 10 1 1 0 8 0 14 5 1 13 2 0 0 12 5 2 0 1 0 2 4 0 0 0 0 0 9 0 0 2
491 TGC 0 0 0 0 0 0 0 0 0 2 0 0 0 0 0 0 0 0 0 0 0 0 0 0 0 4 0 0 0 0 0 0 0 0 0 0 0 0 0 0 0 0 0 0 0 0 0 0 0 16 0 0 0 0 0 0 0 173904 1 38 0 2 0 0
492 ATG 0 0 3 0 0 0 6 0 0 0 1 0 90 0 171879 4 0 0 0 0 0 0 0 0 0 0 0 0 0 0 2 0 0 0 0 0 0 0 0 0 0 0 0 0 0 0 8 0 0 0 0 0 0 0 0 0 0 0 0 0 0 0 0 0
493 GAA 28 10 0 0 0 0 1 1 0 0 0 4 0 0 2 0 1 1 0 0 0 0 0 0 0 0 0 0 0 0 0 0 173346 14 17 1 0 7 0 0 120 17 0 81 2 0 0 0 0 0 0 0 7 5 12 0 0 0 2 0 0 0 0 0
494 AGT 0 0 0 30 0 0 1 0 1 6 1 174510 0 0 0 2 0 0 0 1 0 0 0 0 0 0 0 4 0 0 0 0 2 0 6 0 4 0 3 2 0 1 0 16 0 0 0 0 0 0 0 0 0 0 1 0 0 0 0 0 0 0 0 0
495 GTA 0 0 0 0 0 0 0 0 0 0 0 0 30 0 0 0 0 0 0 0 0 0 0 0 0 0 0 0 0 0 0 0 0 0 0 0 24 0 0 0 0 0 0 0 173842 1 39 24 0 0 0 0 0 0 0 0 0 0 0 0 1 0 0 0
496 AGA 22 0 0 0 0 0 1 0 174180 1 46 0 1 0 1 0 0 0 0 0 0 0 0 0 3 0 0 0 0 0 0 0 0 0 0 0 0 0 0 0 17 0 0 0 0 0 0 0 0 0 0 0 0 0 0 0 0 0 0 0 0 0 0 0
497 AAT 10 17 7 173888 7 2 9 75 0 6 0 53 18 0 15 3 5 7 3 2 0 0 0 0 0 4 1 1 20 21 11 3 36 0 1 50 10 0 11 2 0 1 7 10 0 4 37 13 0 0 0 0 8 156 1 78 0 1 0 0 1 4 10 0
498 GGG 0 0 0 0 0 0 0 0 0 0 13 0 0 0 0 0 0 1 0 0 0 0 0 0 0 0 1 0 0 0 0 0 0 0 14 0 1 0 0 7 39 3 174152 10 0 0 5 0 0 0 0 0 0 0 0 0 0 0 10 0 0 0 0 0
499 ACT 9 0 0 11 4 23 4 173781 0 0 0 0 0 0 27 20 22 0 0 0 0 0 0 0 7 1 2 0 14 0 0 9 0 0 1 0 8 8 0 41 2 0 0 1 109 0 0 1 0 0 0 0 0 0 4 22 0 0 0 0 0 22 1 0
500 TAT 0 0 0 1 0 0 0 0 0 0 0 0 0 0 0 0 0 0 0 16 0 0 0 0 0 0 0 0 0 0 0 0 0 0 0 0 0 0 0 0 0 0 0 0 0 0 0 0 1 7 2 174680 0 0 0 0 0 0 0 13 0 0 0 2
501 GAT 3 0 0 17 0 0 0 0 3 0 0 0 0 1 0 0 0 0 0 0 0 0 0 0 0 0 0 0 3 0 3 0 0 13 0 173040 1 0 0 5 0 0 0 6 0 0 0 1 0 0 0 9 3 0 2 0 0 1 0 0 0 0 0 0
502 TAT 0 0 0 0 0 0 0 0 0 0 0 0 0 0 0 0 0 0 0 19 0 0 0 2 0 0 0 0 1 0 0 0 0 0 0 0 0 3 3 0 0 0 0 1 0 0 10 0 1 20 2 174099 0 0 0 0 0 0 4 18 0 0 0 4
503 CCA 0 0 0 4 0 0 4 0 0 0 0 0 4 0 0 0 8 0 0 0 173321 52 38 4 0 0 0 2 4 0 7 0 0 0 0 0 6 0 0 0 0 1 0 0 0 0 9 1 0 0 0 0 10 0 0 0 0 0 0 0 0 3 0 0
504 AAA 173832 2 20 1 6 0 0 0 10 0 5 0 1 0 0 2 2 4 5 7 0 0 0 0 2 0 0 0 0 5 0 0 4 0 0 0 0 3 1 0 2 0 0 4 1 0 1 0 0 1 0 0 0 1 0 12 0 0 2 0 1 1 4 0
505 TAT 0 0 0 4 0 0 0 0 0 0 0 0 0 0 0 0 0 0 0 17 0 0 0 0 0 0 0 0 0 0 0 0 0 0 0 2 0 0 0 0 0 0 0 0 0 0 0 0 1 21 1 174070 0 0 0 1 0 0 1 10 0 1 0 0
506 TCA 1 0 1 0 4 0 0 0 1 6 0 0 0 0 0 0 0 0 0 1 4 0 0 0 0 20 2 0 0 0 0 0 8 0 3 0 0 0 2 0 0 0 1 0 4 2 1 2 1 0 0 0 173692 3 73 2 0 0 0 3 28 1 2 8
507 GAA 19 0 0 0 3 0 0 0 2 0 0 0 0 0 0 0 0 0 1 0 0 1 0 0 20 0 5 0 0 16 16 0 174029 57 14 3 10 0 17 0 14 0 1 1 5 0 23 0 4 0 0 2 0 0 0 0 0 0 2 0 1 0 8 0
508 GAA 15 0 0 0 1 0 0 0 0 0 0 0 2 4 0 26 0 0 1 0 0 1 0 0 0 0 0 0 0 1 0 0 173785 1 13 3 0 2 5 4 10 0 0 0 3 0 0 1 1 0 0 0 4 0 0 4 0 0 0 0 0 5 7 0
509 TCA 0 0 0 0 4 0 1 1 0 0 1 15 8 0 0 7 0 0 0 0 6 0 0 0 0 0 0 0 0 1 0 0 0 0 0 0 4 0 11 1 1 0 0 0 0 5 20 5 1 0 0 0 174399 7 30 22 0 0 0 7 17 0 0 0
510 AAG 31 1 173494 4 0 0 15 0 1 0 38 12 0 7 5 0 0 4 1 0 0 0 0 0 12 1 0 3 15 27 10 5 0 0 11 2 0 0 0 0 0 2 0 0 0 0 0 0 0 21 0 2 1 0 0 0 0 0 3 0 79 3 6 0
511 TTG 0 0 0 0 0 0 0 0 0 0 0 9 1 0 2 0 0 0 0 0 0 0 0 0 0 0 0 0 0 0 8 0 10 0 0 0 0 10 1 2 0 1 3 0 0 0 1 0 0 0 0 0 0 0 8 0 0 2 0 1 60 9 173488 6
512 AAC 24 173132 2 27 0 11 0 0 1 137 0 0 0 3 2 0 0 3 0 11 0 0 0 0 0 1 1 0 0 9 0 2 0 25 0 1 0 0 0 0 0 0 0 4 0 20 0 2 0 4 0 0 0 5 0 2 0 0 0 3 0 0 0 0
513 AGG 0 0 12 0 0 0 2 0 58 0 147304 1 0 0 25 10 0 0 0 0 0 0 0 0 0 2 23 1 3 0 1 0 0 0 0 5 4 0 0 0 2 0 74 0 0 0 0 0 0 0 0 0 0 1 0 0 0 0 15 0 0 0 0 0
514 GAA 28 0 0 0 0 0 0 0 0 0 0 0 0 0 0 1 0 0 0 0 0 0 1 0 3 5 4 0 1 0 0 0 173614 1 11 4 0 0 0 0 31 0 0 0 2 0 0 0 1 0 0 0 0 10 1 0 0 0 0 0 0 0 0 0
515 AAG 58 0 173685 19 7 0 6 26 1 0 96 14 0 0 4 0 0 0 1 7 0 0 39 19 0 0 0 0 0 0 0 0 0 0 31 6 5 0 5 0 0 7 0 0 12 2 6 1 0 0 1 2 0 0 0 0 0 0 0 0 0 2 0 18
516 ATA 1 0 0 0 9 0 0 0 1 0 0 0 173483 4 45 31 0 0 0 0 0 0 0 0 0 0 0 0 1 2 0 2 0 0 0 0 0 0 0 0 0 0 0 0 12 1 0 0 0 0 0 0 0 0 0 0 0 0 0 0 1 0 0 0
517 GAT 4 0 0 27 0 0 0 0 3 10 0 3 11 0 0 8 0 0 1 0 0 0 0 0 2 0 0 0 1 5 0 1 4 17 6 173508 17 0 0 1 1 0 0 24 0 1 0 10 0 0 0 6 1 0 1 0 0 0 6 0 0 1 4 1
518 GGA 11 0 1 0 13 7 16 14 31 4 0 0 15 2 38 0 0 4 0 0 2 1 0 0 0 6 0 24 0 2 1 4 41 0 1 0 14 8 2 2 172212 16 41 5 7 93 7 2 0 0 0 14 19 0 0 8 3 0 2 0 1 11 2 9
519 GTG 0 0 0 0 0 0 0 0 0 0 0 0 0 0 17 0 0 0 0 0 0 0 0 0 0 0 1 0 0 0 1 0 0 0 1 0 0 0 10 5 0 0 0 0 21 0 172894 24 0 0 0 0 0 0 0 0 0 0 0 0 5 0 9 0
520 AAA 173391 15 10 10 1 5 3 1 14 7 1 0 1 0 0 0 8 7 0 7 0 0 0 0 3 3 0 0 0 0 0 0 35 4 4 0 0 1 6 1 1 0 0 0 0 0 0 0 0 0 0 0 0 1 0 4 0 0 0 0 0 4 0 0
521 TTG 0 0 0 0 2 0 0 0 0 0 0 0 11 0 19 0 0 0 0 0 0 0 2 0 0 0 0 0 2 0 10 0 0 0 0 0 0 0 0 0 0 0 0 0 0 2 16 0 0 0 0 0 1 0 2 0 0 0 7 0 5 0 171404 7
522 GAA 6 0 0 7 0 1 0 0 0 0 0 0 0 0 0 0 2 0 0 0 0 0 0 0 0 0 0 1 0 0 0 0 171672 13 17 1 1 0 0 0 55 0 0 0 1 1 0 0 0 0 0 0 0 10 0 0 0 0 0 0 0 0 0 0
523 TCA 0 0 0 2 2 0 0 0 2 0 1 0 0 0 0 0 7 0 5 3 19 0 0 0 0 0 4 0 0 0 0 0 5 0 1 0 2 0 0 0 0 0 5 0 0 0 0 0 3 0 0 0 169852 0 12 0 0 0 1 0 3 0 0 0
524 ATG 0 0 2 0 0 0 4 3 3 0 0 0 31 3 93582 10 0 0 0 0 0 1 4 0 0 0 0 0 3 0 0 13 0 0 0 0 0 1 0 0 4 0 0 0 3 0 4 2 0 0 0 0 3 2 0 0 0 3 0 0 1 0 0 0
525 GGG 0 0 0 1 0 0 0 0 0 0 16 0 0 0 0 0 0 0 0 0 0 0 0 0 0 0 1 0 0 0 0 0 0 1 5 4 0 0 0 0 18 0 99006 5 1 0 1 0 0 0 0 0 0 0 0 0 0 0 6 0 0 0 0 0
526 GTG 0 0 0 0 0 0 0 0 1 4 0 0 4 0 39 3 0 0 0 2 0 1 0 0 0 0 0 0 9 4 1 3 0 0 1 0 0 0 9 1 1 1 4 1 68 0 109414 7 0 0 0 0 0 0 0 0 0 0 4 1 8 2 4 0
527 TAT 0 0 0 0 0 0 0 0 0 0 0 3 0 0 0 1 0 0 12 54 0 0 0 0 0 0 0 0 0 0 0 0 9 0 0 3 0 0 0 0 0 0 0 14 0 0 0 0 0 14 0 87785 0 0 0 0 0 0 0 7 0 0 0 1
528 CAG 1 0 2 0 0 2 0 0 0 0 0 0 0 0 0 0 15 5 110238 0 0 0 3 0 0 0 36 0 0 0 0 0 0 0 1 0 0 0 0 0 0 0 0 0 0 0 0 0 0 0 2 0 0 0 0 0 0 0 0 0 0 0 0 0
529 ATT 0 0 9 4 0 0 0 5 0 0 0 1 1 8 5 117874 0 0 0 0 0 0 0 0 0 0 0 0 0 0 0 0 0 0 0 0 0 0 0 0 0 0 0 0 0 1 0 6 0 0 0 0 0 0 0 0 0 0 0 0 0 0 0 1
530 CTG 0 0 0 0 0 0 0 0 0 0 0 0 0 0 6 0 0 0 1 0 0 0 14 0 0 0 2 0 4 1 139023 1 0 0 0 0 0 0 1 0 0 0 0 0 0 0 0 0 0 0 0 0 0 0 0 0 0 0 0 0 0 0 4 0
531 GCG 0 0 0 0 0 0 3 0 0 0 0 0 0 0 0 0 0 0 0 0 0 0 0 0 0 0 0 0 0 0 0 0 0 0 5 0 9 0 142308 1 0 0 1 0 0 0 51 0 0 0 0 0 0 0 0 0 0 0 0 0 0 0 0 0
532 ATC 0 1 0 0 0 13 0 0 0 0 0 0 4 149964 1 9 0 0 0 0 0 0 0 0 0 0 0 0 0 0 0 1 0 0 0 0 0 0 0 0 0 0 0 0 0 11 0 0 0 0 0 0 0 0 0 0 0 0 0 0 0 0 0 0
533 TAC 0 4 0 0 0 0 0 0 0 0 0 0 0 0 0 0 0 48 0 0 0 0 0 0 0 0 0 0 0 0 0 0 0 0 0 0 0 0 0 0 0 0 0 0 0 0 0 0 1 165082 1 12 0 3 0 0 0 7 0 0 0 0 0 0
534 TCA 0 0 0 0 6 0 0 0 0 0 0 1 0 0 0 0 0 0 0 0 20 0 0 0 0 0 0 0 0 0 0 0 0 0 0 0 0 0 0 0 0 0 0 0 0 0 0 0 2 0 0 0 165478 1 16 3 0 0 0 0 2 0 0 0
535 ACT 0 0 0 5 8 12 3 150681 0 0 0 1 0 0 0 10 0 0 0 0 0 0 0 2 0 0 0 0 0 0 0 0 0 0 0 0 0 0 0 6 0 0 0 2 0 0 0 0 0 0 0 0 0 0 0 1 0 0 0 1 0 0 0 0
536 GTC 0 0 0 0 0 0 0 0 0 0 0 0 0 57 0 0 0 0 0 0 0 0 0 0 0 0 0 0 0 1 0 0 0 0 0 0 0 11 0 0 0 2 0 0 2 147974 0 11 0 0 0 0 0 0 0 0 0 0 0 0 0 0 0 0
537 GCC 0 0 0 0 0 35 0 0 0 0 0 0 0 0 0 0 0 0 0 0 0 0 0 0 0 0 0 0 0 0 0 0 0 1 0 0 0 171092 2 18 0 0 0 0 0 11 0 0 0 0 0 0 0 2 0 1 0 0 0 0 0 0 0 0
538 AGT 0 0 0 28 0 0 0 3 5 12 2 171103 0 0 0 11 0 0 0 0 0 0 0 0 0 0 0 3 0 0 0 0 0 0 0 0 0 0 1 14 0 0 0 7 0 0 2 1 0 0 0 0 0 8 4 0 0 0 0 4 0 0 0 0
539 TCA 0 0 0 0 2 0 0 0 0 0 0 0 0 0 0 0 0 0 0 0 6 0 0 0 0 0 0 0 0 0 0 0 0 0 0 0 0 0 0 0 0 0 0 0 0 0 0 0 1 0 0 0 168580 2 9 28 3 0 0 0 12 0 0 0
540 CTG 0 0 0 0 0 1 0 1 0 0 0 1 1 0 9 0 0 0 5 0 0 0 21 0 0 0 3 0 54 1 171582 10 0 0 0 0 1 1 0 0 0 3 0 0 7 1 9 0 0 0 0 0 0 2 3 0 0 0 1 0 0 0 14 66
541 GTG 0 0 0 0 0 0 10 0 0 0 0 0 1 1 12 40 0 0 0 0 0 0 0 0 0 0 0 0 0 0 3 8 0 0 3 0 0 0 5 0 0 0 0 0 51 13 172425 13 0 0 0 0 0 0 10 0 0 0 15 0 0 0 0 1
542 CTT 0 0 0 0 3 0 0 1 0 0 0 0 5 5 8 8 0 0 0 2 0 0 0 28 0 0 0 2 7 15 17 173449 0 0 0 0 1 0 9 3 0 0 0 0 0 0 1 3 0 0 0 0 0 0 0 1 0 0 0 2 8 3 0 32
543 TTG 0 0 0 0 1 0 0 0 0 0 0 1 1 0 1 0 0 0 0 0 0 0 0 0 0 0 0 0 3 0 8 0 0 0 0 0 7 0 15 4 0 0 0 0 8 0 1 0 0 17 0 0 5 0 16 0 0 0 27 0 13 5 173660 2
544 GTC 0 0 0 0 0 0 0 0 0 0 0 0 0 18 0 0 0 0 0 0 0 0 0 0 0 0 0 0 0 0 0 0 0 2 0 0 0 8 0 0 0 0 0 0 3 171294 3 15 0 0 0 0 0 0 0 0 0 0 0 0 0 0 0 0
545 TCC 0 0 0 0 0 8 0 0 0 0 0 0 0 0 0 0 0 0 0 0 0 51 0 0 0 0 0 0 0 0 0 0 0 0 0 0 0 0 0 1 0 0 0 0 0 0 0 0 0 2 0 0 9 173836 6 12 0 0 0 0 0 1 0 0
546 CTG 0 0 0 0 0 0 0 0 0 0 0 0 0 0 7 0 0 0 4 0 0 0 29 0 0 0 9 0 9 1 168863 0 0 0 0 0 0 0 0 0 0 0 0 0 0 0 0 0 0 0 0 0 0 0 0 0 0 0 0 0 0 0 6 0
547 GGG 0 0 0 0 0 0 0 0 0 0 14 0 0 0 0 0 0 0 0 0 0 0 0 0 0 0 0 0 0 0 0 0 0 0 3 0 0 0 0 0 8 0 170635 2 0 0 2 0 0 0 0 0 0 0 0 0 0 0 1 0 0 0 0 0
548 GCA 0 0 0 0 63 0 0 0 0 0 0 0 0 0 0 0 0 0 0 0 1 0 0 0 0 0 0 0 0 0 0 0 4 0 0 0 173476 2 3 2 3 0 0 0 24 0 0 0 0 0 0 0 0 0 0 0 0 0 0 0 0 0 0 0
549 ATC 0 1 0 1 0 21 0 0 0 4 0 0 3 174008 0 5 0 0 0 0 0 0 0 0 0 0 0 0 0 3 0 0 0 0 0 0 0 3 0 0 0 0 0 0 0 7 0 0 0 0 0 0 0 0 0 0 0 0 0 2 0 6 0 0
550 AGT 0 2 0 12 0 0 0 0 1 16 0 173906 4 0 0 30 0 0 0 0 0 0 0 0 0 0 0 2 0 0 8 0 0 0 0 0 0 0 0 0 0 0 0 32 3 0 0 0 0 0 0 0 0 4 0 1 0 7 0 2 0 2 0 0
551 TTC 0 0 0 0 0 0 1 0 0 0 0 0 0 3 0 1 0 0 0 0 0 0 0 0 0 0 0 0 0 17 0 8 0 0 1 0 0 0 0 0 1 1 0 0 7 11 0 0 0 2 0 2 0 5 0 2 0 0 0 0 12 172985 10 15
552 TGG 0 0 0 0 0 0 0 0 0 0 1 0 0 0 0 0 0 0 0 0 0 0 0 0 0 0 9 0 0 0 0 0 0 0 0 0 0 2 0 0 0 0 7 0 0 0 0 0 0 5 12 0 0 0 0 0 13 0 173679 3 0 0 1 0
553 ATG 0 0 0 0 0 0 8 0 0 0 2 1 10 1 173954 2 0 0 0 0 0 0 0 0 0 0 0 0 0 0 1 0 0 0 0 0 0 10 2 0 0 0 0 34 0 0 11 0 0 0 0 0 1 0 0 0 0 0 0 0 0 0 1 0
554 TGT 0 0 0 0 0 0 0 0 0 0 0 2 3 0 1 1 0 0 0 0 0 0 0 0 0 0 0 4 1 1 3 0 0 0 0 0 0 0 0 0 0 0 0 1 0 0 0 0 0 0 0 21 0 0 0 1 0 29 2 173759 0 0 1 4
555 TCT 0 0 0 4 0 0 0 3 0 0 0 15 7 0 3 0 6 0 0 0 0 0 0 11 0 0 0 0 2 0 0 1 0 0 1 0 1 0 13 1 0 0 0 0 0 0 4 0 0 0 0 1 5 26 2 174308 0 0 3 0 0 2 0 3
556 AAT 1 10 15 173967 0 5 0 1 0 0 0 13 14 3 0 3 0 0 0 0 0 0 0 0 0 0 0 0 0 0 0 0 0 0 0 19 0 0 0 0 0 0 0 0 0 15 2 0 0 0 0 1 1 0 0 0 0 0 0 0 0 0 0 0
557 GGG 0 0 0 1 0 0 0 0 0 1 8 0 0 0 0 0 0 0 0 0 0 0 0 0 0 0 0 0 0 0 0 0 0 0 13 0 0 0 0 0 33 0 173654 0 0 0 3 0 0 0 0 0 0 0 0 0 0 0 4 0 0 0 0 0
558 TCT 0 0 0 0 0 0 1 0 0 0 0 0 1 0 3 0 7 0 0 0 0 0 0 18 0 0 0 0 5 0 0 0 0 0 0 0 1 0 0 38 0 0 0 0 1 0 0 0 0 0 0 3 11 7 18 174358 0 0 0 0 0 0 0 3
559 TTG 0 0 0 0 0 0 0 0 0 0 0 0 0 0 3 0 0 0 0 0 0 0 0 0 0 0 0 0 0 0 23 0 0 0 0 0 0 0 0 0 0 0 0 0 0 0 1 0 0 0 0 0 0 0 5 0 0 0 0 4 28 1 174205 1
560 CAG 0 0 5 0 0 0 0 0 0 0 0 0 0 0 0 0 14 0 174176 2 0 0 0 0 0 0 24 0 0 0 3 0 0 0 17 0 0 0 0 0 0 0 0 0 3 0 0 0 0 0 66 0 0 0 0 0 0 0 0 0 0 0 0 0
561 TGC 0 0 0 0 0 0 0 0 0 4 0 0 0 0 0 24 0 0 0 0 0 0 0 0 0 3 0 0 6 0 0 0 0 0 0 0 0 0 0 0 0 1 0 0 0 1 0 0 0 82 0 0 0 0 0 0 4 173865 1 19 0 2 1 0
562 AGA 17 0 1 0 0 0 3 2 174095 0 15 2 7 1 0 0 0 3 0 0 0 0 0 0 20 0 1 6 2 0 0 0 0 1 2 0 0 0 0 0 18 1 0 0 0 2 0 0 0 0 0 0 0 0 0 1 5 0 0 0 0 0 0 0
563 ATA 2 0 0 0 14 0 0 0 0 0 0 0 174584 5 33 0 0 0 0 0 0 0 0 0 0 0 0 0 0 0 0 0 0 0 0 0 0 0 0 0 0 0 0 0 7 0 1 1 0 0 0 0 0 0 0 0 0 0 0 0 0 0 0 0
564 TGC 0 0 0 0 0 0 0 0 0 7 0 0 0 0 0 0 0 0 0 0 0 0 0 0 0 5 0 0 0 0 0 0 0 3 0 0 0 0 0 0 0 0 0 0 0 0 0 0 0 28 0 0 0 1 0 0 2 174149 3 64 0 1 0 0
565 ATC 0 0 0 0 0 5 0 0 0 0 0 0 1 173741 0 8 0 0 0 0 0 0 0 0 0 0 0 0 0 1 0 0 0 0 0 0 0 0 0 0 0 0 0 0 0 9 0 0 0 0 0 0 0 0 0 0 0 0 2 0 0 3 1 0
566 TGA 0 0 0 0 0 0 0 0 3 0 0 0 0 0 0 0 0 0 0 0 0 0 0 0 37 0 0 0 0 0 0 0 0 0 0 0 0 0 0 0 2 0 0 0 0 0 0 0 39 0 0 0 0 0 0 0 174199 1 28 4 4 0 0 0
