site,abs_diffsel,positive_diffsel,negative_diffsel
153,10.371152484,0.561790561019,-9.80936192297
237,9.58546620117,0.892129654349,-8.69333654683
234,9.2834190883,3.16810649265,-6.11531259565
169,8.80884694432,1.59660213235,-7.21224481197
257,8.62869268491,0.763178347152,-7.86551433776
497,8.59971831728,0.278756169317,-8.32096214797
235,8.12739478942,0.32297388417,-7.80442090525
104,8.07500708989,3.11912745488,-4.95587963501
386,7.76386248127,2.99056977892,-4.77329270235
176,7.73952482998,0.294873829054,-7.44465100092
178,7.72836114419,3.04527389733,-4.68308724686
277,7.65594055734,2.56711672824,-5.0888238291
99,7.65000276925,4.50560598504,-3.14439678421
476,7.64575938283,2.47580049832,-5.16995888451
232,7.27380935559,1.46462632733,-5.80918302826
255,7.26320591398,1.59033308259,-5.67287283139
227,7.23130758909,2.79385820005,-4.43744938905
136,7.13474456579,1.53917445118,-5.59557011462
89,7.13375610023,4.98867916853,-2.1450769317
210,7.07994724384,1.97462397498,-5.10532326886
86,7.05179812982,4.362495128,-2.68930300182
2,6.99516150107,3.16688683933,-3.82827466175
212,6.98096629953,1.53372499222,-5.44724130731
170,6.93365973775,0.596473975785,-6.33718576197
318,6.80832851063,2.615988656,-4.19233985463
303,6.79238727211,3.66778606572,-3.12460120639
490,6.77460736748,2.02750568162,-4.74710168586
100,6.75706280175,0.000735176616062,-6.75632762513
299,6.75688810678,2.04220662603,-4.71468148075
274,6.74628258775,2.92271379194,-3.82356879581
180,6.71983044614,2.04346146548,-4.67636898067
113,6.69041894363,3.94282320611,-2.74759573752
138,6.66465366772,2.69387910599,-3.97077456172
220,6.62588395762,0.719360751441,-5.90652320618
53,6.6228449998,3.02625952347,-3.59658547632
175,6.61870661805,0.124807858137,-6.49389875991
216,6.60417847489,0.344757615567,-6.25942085932
60,6.48367675248,1.33984512158,-5.1438316309
68,6.46723635072,1.32540293783,-5.1418334129
483,6.4086273912,0.332120128323,-6.07650726287
514,6.28664648895,0.82618620232,-5.46046028663
471,6.28143108396,1.66144697696,-4.619984107
62,6.25623363045,3.0664915796,-3.18974205085
123,6.24652901798,4.85520833901,-1.39132067897
201,6.14592067444,3.92242903792,-2.22349163653
173,6.12150939423,1.10650170674,-5.01500768749
171,6.09415884254,3.66539042022,-2.42876842232
146,6.08886965929,1.18521246861,-4.90365719068
288,5.99046928742,3.90672989122,-2.0837393962
236,5.96756082598,0.630296214017,-5.33726461196
209,5.95483612025,1.43626118824,-4.51857493202
251,5.88951053053,3.7368918352,-2.15261869533
218,5.8625478935,0.450835826829,-5.41171206667
408,5.78536018611,2.42968150653,-3.35567867957
370,5.67045715157,3.28838381309,-2.38207333847
499,5.64971205859,0.249269463867,-5.40044259472
11,5.64568476324,0.669302907623,-4.97638185561
315,5.63313303794,2.65083608452,-2.98229695342
507,5.50669595129,2.0420572151,-3.46463873619
285,5.50039431703,1.87093639597,-3.62945792106
415,5.50006839402,1.70726740945,-3.79280098457
155,5.4447612279,1.55648139052,-3.88827983738
390,5.41550547744,3.51705126032,-1.89845421712
504,5.40609895622,1.12987636916,-4.27622258706
286,5.33823218881,1.52342730125,-3.81480488756
4,5.33144219047,2.88014054673,-2.45130164374
510,5.32822716544,1.49747619457,-3.83075097088
71,5.313144237,0.259585992603,-5.0535582444
468,5.27106322016,1.74517736467,-3.52588585549
520,5.26629893363,3.57369586398,-1.69260306965
314,5.26488840914,2.63108588101,-2.63380252814
294,5.25628044741,2.0503737611,-3.20590668631
512,5.24579574871,1.95197127709,-3.29382447161
481,5.2368532651,0.472397799149,-4.76445546596
91,5.22624774325,0.426684760774,-4.79956298247
224,5.21401332173,2.11895123239,-3.09506208934
283,5.19560093567,2.1790838617,-3.01651707398
358,5.18460094387,1.53084687848,-3.6537540654
186,5.09377364484,1.90373835305,-3.19003529178
154,5.08656711783,1.0217515294,-4.06481558843
278,5.03533409866,1.94736908947,-3.08796500919
268,5.03231749566,1.36452902039,-3.66778847527
127,4.98044698157,1.51852881719,-3.46191816438
188,4.96772235731,0.957680728433,-4.01004162888
92,4.96516621264,0.543239754248,-4.42192645839
407,4.9631442825,3.52251500731,-1.44062927519
562,4.88448381584,2.73721159323,-2.14727222261
231,4.88265827509,2.32305785804,-2.55960041705
157,4.87473420525,2.57656459851,-2.29816960674
57,4.84841993919,1.01381837669,-3.83460156251
115,4.82391586173,2.02914347784,-2.79477238389
482,4.81893791608,0.919052173599,-3.89988574248
515,4.80407210918,1.79188372894,-3.01218838024
474,4.79956045157,2.05499902876,-2.74456142281
70,4.77059830306,2.0708610916,-2.69973721146
412,4.74009113538,0.637989922622,-4.10210121276
289,4.73706003382,2.5466176049,-2.19044242892
229,4.69068145183,1.26213490491,-3.42854654693
139,4.68891660748,0.829966607793,-3.85894999969
182,4.68314585404,3.34754294919,-1.33560290485
501,4.67279383305,1.28967791985,-3.38311591319
184,4.65854458384,1.86255858657,-2.79598599727
456,4.65354182261,3.52391750256,-1.12962432004
90,4.63877807656,2.09871093802,-2.54006713854
382,4.63348526565,1.91353062721,-2.71995463844
523,4.62642504867,1.69177814452,-2.93464690415
185,4.60572687276,0.800728811976,-3.80499806079
493,4.6037846506,2.4098988027,-2.19388584791
470,4.58499036708,2.29458218716,-2.29040817992
287,4.57118048612,1.94476341934,-2.62641706678
65,4.55391189127,0.719701078122,-3.83421081315
145,4.52837484487,1.48172711047,-3.0466477344
221,4.50688217854,1.92099716005,-2.58588501849
517,4.48734763636,1.91009791562,-2.57724972074
503,4.48537740731,2.35205981682,-2.13331759049
253,4.43186653413,2.15023963201,-2.28162690213
228,4.42967206465,1.00066056682,-3.42901149784
425,4.37115127339,1.26455257505,-3.10659869834
248,4.36145557499,0.814053478824,-3.54740209617
223,4.35531131061,1.72433377699,-2.63097753363
211,4.34334738617,2.80111830009,-1.54222908608
433,4.31915067041,1.02976149028,-3.28938918013
103,4.31614097478,1.61711579692,-2.69902517786
137,4.29300113875,0.876639930048,-3.4163612087
369,4.28074589059,2.36299715189,-1.91774873871
150,4.24971637513,0.972599970298,-3.27711640484
389,4.2451926562,1.28299107919,-2.96220157701
230,4.22219778315,1.39938613725,-2.82281164589
187,4.22205319978,1.80637593284,-2.41567726694
64,4.21866279956,1.12887951013,-3.08978328943
124,4.20548487952,0.439058945993,-3.76642593353
73,4.2033033151,1.18159914069,-3.02170417441
272,4.19118641245,0.71231548585,-3.4788709266
3,4.18296776116,1.26141806125,-2.9215496999
159,4.17834767104,0.137170172159,-4.04117749888
524,4.13802713518,1.45308765058,-2.6849394846
102,4.11107488175,1.59918908831,-2.51188579344
254,4.1078129245,1.01728559861,-3.09052732589
486,4.05766571876,2.10083444538,-1.95683127339
202,4.05602462893,1.75458312964,-2.30144149929
276,4.04029021715,0.402124020627,-3.63816619652
337,4.01800204835,0.346705933273,-3.67129611508
172,3.98839247644,0.811089257938,-3.1773032185
126,3.96996558088,0.786381583138,-3.18358399774
222,3.94983026985,0.646961545401,-3.30286872445
143,3.94869871661,1.14038583257,-2.80831288404
83,3.93702725281,1.94477064177,-1.99225661104
206,3.92382282151,2.17841175112,-1.74541107038
197,3.92264903654,0.167676039255,-3.75497299729
339,3.91400909543,1.18770402949,-2.72630506594
375,3.89948124839,1.44990151382,-2.44957973457
244,3.87121177874,0.421996687356,-3.44921509139
101,3.85006087783,2.75504530076,-1.09501557708
404,3.80579203306,1.83500785689,-1.97078417617
214,3.79707496869,0.632125435872,-3.16494953282
12,3.78165609548,1.60833203037,-2.1733240651
226,3.7788601182,0.18912458493,-3.58973553327
381,3.77512522742,1.67049125181,-2.1046339756
7,3.77425724315,1.4692769846,-2.30498025855
543,3.74834938669,1.80685532803,-1.94149405866
494,3.7472874535,1.29934834135,-2.44793911215
321,3.72183716955,1.2850358565,-2.43680131305
37,3.6888914768,2.1160893927,-1.5728020841
52,3.6805907729,0.949367898419,-2.73122287448
111,3.67222499353,2.010930864,-1.66129412953
526,3.66775903996,2.00989255143,-1.65786648852
308,3.66413415635,0.402318384559,-3.26181577179
489,3.65184910594,0.0,-3.65184910594
265,3.61767614228,0.137401656105,-3.48027448617
555,3.60752641878,0.908638243505,-2.69888817528
240,3.58579563364,1.76143936211,-1.82435627153
506,3.5851991158,1.82731702815,-1.75788208765
553,3.53346224425,2.59393585607,-0.939526388183
432,3.51608736236,1.03516421795,-2.48092314442
156,3.50675871539,1.01469474435,-2.49206397105
128,3.49367805745,0.482257867226,-3.01142019023
16,3.47411537506,1.03442157038,-2.43969380468
467,3.46729807962,0.976363045774,-2.49093503385
513,3.46525799884,1.02690674749,-2.43835125135
393,3.39870156946,1.46824235693,-1.93045921252
177,3.39460636952,0.494829306774,-2.89977706274
509,3.38227543941,0.137772226094,-3.24450321332
469,3.37952958859,0.173951999622,-3.20557758897
347,3.37657955326,1.32547272864,-2.05110682461
106,3.36476151124,0.890634453226,-2.47412705802
158,3.35923895096,0.147323426828,-3.21191552413
225,3.35525212485,1.88388182342,-1.47137030144
326,3.35520390038,1.32293763353,-2.03226626685
290,3.35155683923,0.619357223444,-2.73219961579
292,3.3412563424,2.39618484503,-0.945071497372
401,3.3309118822,0.933414241229,-2.39749764098
116,3.30600696867,1.94095660723,-1.36505036144
527,3.2903756296,1.13549137602,-2.15488425358
148,3.27599142106,0.770805888165,-2.5051855329
518,3.2607528614,1.12502965972,-2.13572320168
405,3.23985933175,1.42360609899,-1.81625323276
39,3.23203266878,2.57203252286,-0.660000145922
376,3.2256838175,1.7208881648,-1.5047956527
542,3.19331146934,1.49716340897,-1.69614806038
135,3.18719674927,1.00946518908,-2.17773156019
500,3.17144222169,0.352852375067,-2.81858984663
19,3.17096635522,1.29991073764,-1.87105561759
119,3.1469243245,0.733178993767,-2.41374533073
9,3.14334205644,2.62707652465,-0.516265531791
397,3.14328986563,1.85490279234,-1.28838707329
213,3.13396295547,0.590801695729,-2.54316125974
460,3.13376100621,2.17173893548,-0.962022070727
261,3.12740970039,0.234291024081,-2.89311867631
305,3.11784125292,1.90663196514,-1.21120928778
522,3.11100212991,1.93331260219,-1.17768952771
205,3.07772274592,1.12431629641,-1.95340644951
373,3.03819434195,2.45357278865,-0.584621553299
88,3.01991699678,0.478451578093,-2.54146541869
556,3.01833513178,0.399735939503,-2.61859919227
162,3.01404401827,0.200339407696,-2.81370461058
219,2.99273662679,0.727224837258,-2.26551178954
410,2.98436364999,1.04611500133,-1.93824864866
269,2.98093278379,0.74271127448,-2.23822150931
402,2.96154243605,2.21218642948,-0.749356006569
406,2.95944233067,0.0905615204925,-2.86888081017
25,2.95742212043,0.574210367205,-2.38321175322
10,2.95455141221,1.14664966075,-1.80790175147
238,2.92132526749,1.40092644212,-1.52039882537
239,2.90189105611,0.878139310657,-2.02375174545
488,2.88479599959,1.57377056131,-1.31102543827
259,2.8651940621,0.29655692217,-2.56863713993
190,2.8436985302,1.06194225157,-1.78175627863
554,2.82924302669,0.613724980579,-2.21551804611
475,2.82118332502,2.36164668807,-0.459536636955
409,2.8147981176,1.62439071698,-1.19040740062
411,2.78221738031,0.257857841786,-2.52435953853
353,2.77425793174,1.79504607879,-0.979211852951
302,2.73967400942,0.357928088574,-2.38174592084
345,2.73628208515,1.90474527261,-0.831536812539
293,2.73113291013,1.50121952242,-1.22991338771
340,2.71699784249,1.60482820064,-1.11216964186
141,2.69750234828,1.33285019957,-1.36465214871
466,2.69388831864,0.0,-2.69388831864
403,2.68583214135,1.72130670325,-0.9645254381
502,2.68355429017,0.700584545531,-1.98296974464
368,2.66271405881,1.30807342932,-1.35464062949
79,2.64852502643,1.0418122668,-1.60671275963
464,2.63909614406,2.1834357695,-0.455660374559
372,2.63674456496,0.361476302267,-2.27526826269
273,2.61484413209,0.594047543667,-2.02079658842
24,2.60934799761,0.337915441589,-2.27143255602
61,2.60761667882,0.98060865689,-1.62700802193
14,2.59684108859,0.379266282544,-2.21757480604
371,2.59590197642,1.32721289358,-1.26868908284
535,2.59544806116,0.953192853636,-1.64225520752
540,2.59358782211,0.914265876075,-1.67932194603
179,2.58685969045,0.694475741594,-1.89238394885
199,2.57738618542,0.32875539353,-2.24863079189
114,2.57657012138,0.916389977145,-1.66018014423
529,2.57300400188,0.864138365677,-1.7088656362
313,2.56797758896,0.796263631282,-1.77171395768
279,2.56015875697,1.69435910331,-0.865799653659
498,2.55684360607,0.623491060076,-1.933352546
508,2.55097510696,0.55351466733,-1.99746043963
455,2.54719353851,1.26117848808,-1.28601505043
463,2.54308803331,1.06120302403,-1.48188500928
13,2.54148878928,0.0,-2.54148878928
549,2.52370011195,1.57784835633,-0.945851755622
388,2.51593330533,0.286530761357,-2.22940254397
151,2.51432377059,1.47090783296,-1.04341593763
31,2.49239081976,0.0,-2.49239081976
392,2.48106529542,0.455544678043,-2.02552061738
51,2.48057643523,2.20089078249,-0.279685652736
387,2.47070622802,1.21219097272,-1.2585152553
312,2.45871455066,1.546273839,-0.912440711664
42,2.4546796694,1.6694415845,-0.785238084891
144,2.43727006505,1.61492517607,-0.822344888979
297,2.43113297843,0.676108310521,-1.75502466791
165,2.42962082614,1.44194801498,-0.987672811165
438,2.40267901902,2.40267901902,0.0
560,2.40046534698,1.69891929324,-0.701546053741
441,2.38756236224,1.17436201101,-1.21320035123
561,2.372714061,0.74799392776,-1.62472013324
528,2.37054115302,0.753805132031,-1.61673602099
310,2.35856960718,0.529753454694,-1.82881615248
112,2.34883999216,0.999546455139,-1.34929353702
400,2.34846593882,0.995957952585,-1.35250798624
47,2.34583576004,0.995917282975,-1.34991847706
5,2.32541689449,0.919005850167,-1.40641104432
281,2.32254288086,0.34685657759,-1.97568630327
56,2.31640146215,0.76336447352,-1.55303698863
541,2.31559755591,0.819940839191,-1.49565671672
32,2.30518184499,0.689663321821,-1.61551852317
252,2.30277932887,0.731175896158,-1.57160343271
414,2.30221769387,1.99334432018,-0.308873373696
343,2.29265229677,1.90780090721,-0.384851389568
429,2.28492715607,1.38898042233,-0.895946733741
280,2.2696781525,0.880521269026,-1.38915688347
538,2.24968184042,1.23381075516,-1.01587108526
327,2.24693508597,0.986400892188,-1.26053419378
125,2.2423152431,0.0,-2.2423152431
8,2.233636257,0.792346904058,-1.44128935295
354,2.22964597162,2.22964597162,0.0
59,2.21373168539,1.77741238711,-0.436319298278
249,2.21102849081,1.4345921746,-0.77643631621
325,2.20423433448,1.37210941363,-0.832124920853
78,2.19925356057,0.471529083957,-1.72772447661
200,2.18203559292,0.0,-2.18203559292
521,2.17743947158,0.36743023734,-1.81000923424
131,2.17484653219,0.648587024445,-1.52625950775
332,2.12801978948,1.06304224776,-1.06497754173
30,2.12447115791,0.85483873776,-1.26963242016
344,2.10654597319,1.61127138775,-0.495274585439
324,2.10582602511,1.25440912489,-0.85141690022
183,2.10559731975,0.402782949978,-1.70281436977
306,2.09984752457,0.689525415661,-1.41032210891
446,2.08821861797,0.67797996644,-1.41023865153
48,2.08398494312,0.262840170072,-1.82114477304
198,2.07478968304,1.46370156032,-0.611088122729
284,2.0694366356,0.888139547571,-1.18129708803
6,2.06567983399,1.46493727414,-0.600742559856
331,2.06479513489,1.18895232105,-0.87584281384
413,2.06337592335,1.48010780643,-0.583268116918
550,2.0424827718,1.58401985284,-0.458462918961
15,2.03749991068,1.52342684476,-0.514073065924
194,2.02122016551,0.864188453216,-1.15703171229
558,2.01072451853,0.978777542413,-1.03194697612
462,1.99801864002,0.928109128037,-1.06990951199
38,1.99528868992,0.337836870343,-1.65745181958
428,1.99521499898,0.64069043001,-1.35452456897
472,1.97865692308,0.550075425367,-1.42858149771
163,1.97407844589,0.341399774901,-1.63267867098
54,1.96559146884,1.21889481152,-0.746696657322
129,1.96355341487,1.42375459608,-0.539798818793
174,1.95381638174,0.498270644689,-1.45554573705
473,1.95264652641,0.927658034229,-1.02498849218
383,1.92554083203,1.53311628584,-0.392424546196
195,1.91716536415,0.768352633301,-1.14881273085
465,1.91670023752,1.43742413564,-0.479276101883
330,1.91650174781,1.3187635185,-0.597738229313
459,1.91186921929,0.340660047262,-1.57120917203
424,1.90312091388,0.332611535873,-1.570509378
416,1.90243133191,0.687464781657,-1.21496655025
282,1.89819061359,0.621201080639,-1.27698953295
333,1.89309148925,1.31725781076,-0.575833678495
118,1.88808796278,0.117065556829,-1.77102240596
108,1.88429085621,0.379621391364,-1.50466946484
256,1.85896869114,1.5218279556,-0.337140735541
449,1.85808879095,1.00106351032,-0.857025280633
329,1.84648286071,0.569779212066,-1.27670364864
511,1.82652104088,0.773823521609,-1.05269751927
359,1.81798316447,0.0,-1.81798316447
121,1.81140070853,1.01075311656,-0.80064759197
342,1.80793841221,0.751188056465,-1.05675035575
189,1.8065884955,0.377824075428,-1.42876442007
360,1.7982072846,1.32752987273,-0.470677411871
563,1.79391529706,1.04389819764,-0.750017099411
23,1.78811318449,1.30447550249,-0.483637681998
565,1.77876079441,1.22908181816,-0.549678976251
316,1.77464146042,1.08583027007,-0.68881119035
96,1.76772641084,0.487868165687,-1.27985824515
133,1.76508824171,0.4701716583,-1.29491658341
122,1.74983224537,1.74983224537,0.0
97,1.74965847604,1.03558681139,-0.71407166465
75,1.74581814419,1.11942545721,-0.626392686977
243,1.74521433959,1.19599671977,-0.549217619818
552,1.71854979605,1.15058013417,-0.567969661873
45,1.71627142547,0.921892396418,-0.794379029048
142,1.71607899813,1.33182143417,-0.38425756396
447,1.71445962617,0.773074378524,-0.941385247647
396,1.70116154745,1.65526389577,-0.0458976516836
80,1.6938204407,0.378418935086,-1.31540150561
74,1.68668744328,0.277278651939,-1.40940879134
246,1.66140731909,0.97851778362,-0.682889535474
207,1.65842197531,0.43024701881,-1.2281749565
264,1.6572675658,0.0663730301533,-1.59089453565
457,1.65270776846,1.25981401439,-0.392893754074
551,1.64859527328,0.555031731185,-1.0935635421
335,1.6465112707,1.31197099476,-0.334540275944
439,1.64647377277,1.16632481382,-0.480148958953
301,1.64187487871,0.337546437165,-1.30432844155
29,1.63812821613,1.38812947462,-0.249998741515
516,1.63575503583,0.257546241021,-1.3782087948
87,1.62601635364,0.572660443897,-1.05335590974
258,1.58409725711,1.21769776506,-0.366399492048
346,1.57835383609,0.275027578432,-1.30332625765
452,1.57822264007,0.25863239461,-1.31959024546
55,1.57492182821,0.751510806982,-0.82341102123
266,1.57383221845,0.447507606587,-1.12632461186
63,1.5702717031,0.475536428458,-1.09473527464
81,1.56748760356,1.15444434847,-0.413043255096
496,1.5660986059,0.142231541204,-1.42386706469
233,1.56331668151,0.240347199679,-1.32296948183
275,1.56322020599,0.31955230971,-1.24366789628
380,1.54782997173,1.41326647143,-0.1345635003
378,1.54761074467,0.631439575058,-0.916171169612
36,1.54723848975,0.378429397648,-1.1688090921
427,1.54400061234,1.03047796977,-0.513522642567
418,1.53740846734,0.876694827351,-0.660713639988
134,1.53316978836,1.0217667904,-0.51140299796
109,1.53136158584,0.604316121148,-0.927045464694
377,1.52786290428,1.29406045802,-0.233802446259
398,1.52607556923,1.08294935702,-0.443126212214
485,1.52344251499,0.180271979744,-1.34317053524
351,1.5185734679,0.360440408826,-1.15813305908
450,1.5152224982,0.472433329593,-1.04278916861
192,1.50857084352,0.237613006249,-1.27095783727
338,1.50609536775,0.954739455461,-0.551355912294
362,1.50411118844,0.353714427663,-1.15039676078
453,1.48719855638,1.05041835201,-0.436780204373
271,1.48508264294,0.607997967687,-0.877084675251
532,1.48242179792,0.434073544163,-1.04834825376
20,1.48068426578,0.994541675159,-0.486142590626
296,1.47874542851,0.301944372509,-1.176801056
348,1.46630476873,0.463218096599,-1.00308667213
69,1.46506843348,0.536997098485,-0.928071334999
291,1.4551124052,0.352827610214,-1.10228479498
295,1.4550995018,0.742644141598,-0.712455360198
544,1.4548412433,0.547908430921,-0.906932812384
367,1.44794654227,1.02117455918,-0.426771983088
1,1.44719064679,0.726115617339,-0.721075029447
166,1.44005357908,0.126778048458,-1.31327553062
426,1.42871723403,0.750555187403,-0.678162046631
132,1.42535130519,0.986005689543,-0.439345615645
478,1.42192321715,0.406918100721,-1.01500511643
46,1.40215615645,0.323132623186,-1.07902353327
395,1.40069160721,0.229194296447,-1.17149731076
304,1.39939660695,0.77025283175,-0.629143775201
394,1.39881313626,0.52125352109,-0.877559615165
21,1.39306567444,0.429557273952,-0.963508400484
140,1.38820037097,0.405877246008,-0.982323124961
422,1.38659448348,0.408749957125,-0.977844526351
120,1.38257480526,1.06823459976,-0.314340205503
267,1.37860857017,1.24687124409,-0.131737326082
204,1.37071834896,0.409001013215,-0.96171733575
40,1.36507447911,1.34342591625,-0.0216485628628
495,1.3633004106,1.03727847015,-0.326021940454
215,1.36292933723,0.525877357839,-0.837051979387
164,1.35436543778,0.911141242257,-0.443224195528
307,1.32241790248,0.236663533989,-1.08575436849
322,1.32153656957,1.01865424703,-0.30288232254
477,1.31396874827,0.137367534889,-1.17660121339
548,1.30653696543,0.761746660441,-0.544790304992
263,1.30158481537,0.750594252228,-0.55099056314
167,1.30143301813,0.174149404699,-1.12728361343
50,1.28901715011,0.675518424611,-0.613498725497
349,1.28073531981,0.845954574585,-0.434780745225
98,1.27606500142,0.496850507929,-0.779214493493
361,1.27360458032,1.15772912936,-0.115875450953
117,1.27122681892,0.473840287355,-0.797386531567
487,1.27078092953,0.797941087226,-0.472839842307
379,1.26717150454,1.03796954337,-0.22920196117
181,1.26108308819,1.14930704745,-0.111776040732
27,1.2592365031,0.451563334181,-0.807673168921
454,1.2579730219,0.776663215939,-0.481309805963
22,1.2572698357,0.433891519671,-0.82337831603
564,1.25435970181,0.439625322918,-0.814734378896
82,1.25385794827,1.24143239501,-0.0124255532541
421,1.24977931877,0.510931648178,-0.738847670593
530,1.23856423617,0.262940432346,-0.975623803823
149,1.23772296926,0.15059452265,-1.08712844661
480,1.23550571219,1.1412918128,-0.0942138993953
442,1.23095360185,0.985559381253,-0.245394220593
461,1.22528161271,0.889206405212,-0.336075207502
85,1.22261793907,0.824721322612,-0.397896616455
320,1.22046876332,0.815009337263,-0.405459426054
539,1.21957372341,0.16795206307,-1.05162166034
350,1.21897791987,0.425101579576,-0.793876340292
242,1.21586067552,0.665077925214,-0.550782750306
436,1.2079801358,0.437172980993,-0.770807154807
250,1.20755494148,0.137405197331,-1.07014974415
323,1.20749214709,0.240183200382,-0.967308946705
491,1.19772835831,0.156153374808,-1.0415749835
49,1.18536566346,0.316965451257,-0.868400212205
58,1.17565222647,0.588254205831,-0.587398020641
93,1.17110305504,0.701826169266,-0.469276885771
66,1.15978444069,0.0,-1.15978444069
458,1.15901441856,0.564423623999,-0.594590794557
519,1.15123382285,0.910278172126,-0.240955650725
203,1.14909303913,0.576757039555,-0.572335999575
479,1.14460871851,0.515978225258,-0.628630493249
420,1.14264075397,0.497123975294,-0.645516778677
160,1.14235632665,0.65225590393,-0.490100422723
431,1.13617840666,0.593031560337,-0.543146846322
44,1.13371458305,0.485658765521,-0.648055817533
385,1.13327030255,0.311654165818,-0.821616136734
72,1.12951802205,0.553013858508,-0.576504163546
334,1.12542267339,1.01178481522,-0.113637858166
35,1.12411451878,0.85121670403,-0.272897814751
241,1.12389437787,0.563444995036,-0.560449382829
94,1.12046708723,0.582340807501,-0.538126279733
547,1.11795799964,0.715116207507,-0.402841792137
217,1.11506945691,0.842213987735,-0.272855469178
168,1.11319728284,0.614006634401,-0.499190648444
525,1.11084843075,0.847927228956,-0.262921201794
152,1.10514134431,0.343271087796,-0.761870256517
352,1.10073012278,0.572545595452,-0.528184527329
437,1.10067001583,1.10067001583,0.0
105,1.10006709162,0.917305535155,-0.182761556463
328,1.0992771719,0.627286350687,-0.471990821215
17,1.09426330528,0.285066428646,-0.809196876639
533,1.06839555646,0.536179999746,-0.532215556714
319,1.04159464696,0.561290730444,-0.480303916514
445,1.03992143535,0.536629687371,-0.503291747974
448,1.03174998526,0.457950320638,-0.573799664626
355,1.0293104885,0.262967143469,-0.766343345029
130,1.02099483703,0.674979583569,-0.34601525346
444,1.01914629897,1.01914629897,0.0
505,1.01739614252,0.296116225317,-0.721279917202
365,1.01666408046,0.246702417244,-0.76996166322
311,1.00734071732,0.75044722326,-0.256893494055
76,1.00452705759,0.653831287821,-0.350695769767
531,1.00143241468,0.809846816366,-0.191585598311
247,0.979349335438,0.400452737167,-0.578896598271
484,0.979277541911,0.529163759726,-0.450113782186
298,0.966912919127,0.350594106141,-0.616318812986
193,0.964282354235,0.444105970388,-0.520176383847
423,0.961709100586,0.252881368507,-0.708827732079
191,0.957479543167,0.676088344557,-0.28139119861
492,0.953974357255,0.319567354001,-0.634407003254
434,0.953451128223,0.196591523701,-0.756859604523
536,0.948860531422,0.646126031622,-0.3027344998
270,0.946080593667,0.580431851638,-0.365648742029
545,0.920083646883,0.0168914827848,-0.903192164099
557,0.920072962998,0.101914794093,-0.818158168905
34,0.918386629274,0.141078906336,-0.777307722938
41,0.894796384937,0.525208093553,-0.369588291385
196,0.892445086262,0.314514300495,-0.577930785767
363,0.89019072778,0.89019072778,0.0
26,0.883985218004,0.159613415062,-0.724371802943
537,0.876921412885,0.300524085994,-0.576397326891
443,0.8723457941,0.0,-0.8723457941
364,0.865149761424,0.269748997369,-0.595400764055
107,0.854041880707,0.524258425191,-0.329783455516
391,0.821649707278,0.0,-0.821649707278
341,0.796248987706,0.538494441885,-0.257754545822
417,0.794150393354,0.267262727165,-0.52688766619
18,0.765669911369,0.612247067624,-0.153422843745
33,0.764325197337,0.192468230342,-0.571856966996
161,0.757229309824,0.374238869533,-0.382990440292
399,0.735940295171,0.381138208035,-0.354802087136
84,0.704321601089,0.457879413275,-0.246442187814
546,0.689295899245,0.0745202421089,-0.614775657136
77,0.684694939971,0.137472958063,-0.547221981907
430,0.680376105495,0.602993541328,-0.0773825641676
374,0.677792963501,0.285200406467,-0.392592557034
208,0.670787128345,0.376903079469,-0.293884048877
67,0.667596999234,0.435808102499,-0.231788896735
317,0.663400064309,0.0949248692533,-0.568475195056
384,0.662812614742,0.19721091991,-0.465601694832
28,0.659479899113,0.368117868225,-0.291362030888
245,0.652955688579,0.508568526832,-0.144387161747
262,0.640528218666,0.310103487628,-0.330424731038
419,0.632531523475,0.484585315261,-0.147946208214
357,0.629239191801,0.371345657016,-0.257893534785
43,0.626796160758,0.0,-0.626796160758
147,0.601982131306,0.347596398803,-0.254385732502
95,0.599546412176,0.394880313178,-0.204666098999
440,0.591170272309,0.137457464772,-0.453712807537
559,0.588435107515,0.0337549959549,-0.554680111561
110,0.556205699399,0.0890277181821,-0.467177981217
534,0.524662948883,0.207198569009,-0.317464379874
300,0.521962927871,0.128340206782,-0.393622721089
356,0.513197676383,0.253499678086,-0.259697998297
336,0.492465418931,0.0,-0.492465418931
366,0.482895829663,0.265688005979,-0.217207823683
451,0.461151174936,0.365871989444,-0.0952791854922
260,0.353480365345,0.0566212620396,-0.296859103305
435,0.34545301507,0.11149481438,-0.233958200689
309,0.333135034643,0.136675143203,-0.19645989144
566,0.0,0.0,0.0
