# POSITION WT AAA AAC AAG AAT ACA ACC ACG ACT AGA AGC AGG AGT ATA ATC ATG ATT CAA CAC CAG CAT CCA CCC CCG CCT CGA CGC CGG CGT CTA CTC CTG CTT GAA GAC GAG GAT GCA GCC GCG GCT GGA GGC GGG GGT GTA GTC GTG GTT TAA TAC TAG TAT TCA TCC TCG TCT TGA TGC TGG TGT TTA TTC TTG TTT
1 ATG 0 0 6 0 0 0 4 0 0 0 1 0 11 0 184378 3 0 0 0 0 0 0 0 0 0 0 0 0 0 0 3 0 0 0 0 0 0 0 0 0 0 0 0 0 0 0 9 0 0 0 0 0 0 0 0 0 0 0 0 0 0 0 2 0
2 AAG 74 0 183774 12 26 4 11 32 0 6 18 10 0 6 22 25 4 0 6 3 6 0 6 10 11 0 5 2 23 10 21 0 5 0 36 0 3 2 0 0 0 0 0 2 0 0 2 0 0 36 2 1 19 45 1 24 0 0 0 5 4 8 6 0
3 GCA 1 0 0 2 13 1 0 0 13 0 0 6 0 1 0 1 0 0 0 0 4 0 0 0 0 0 0 1 0 0 0 0 17 0 0 5 184068 4 1 8 0 0 0 0 40 0 0 10 0 0 0 7 2 0 0 0 0 3 0 0 12 0 1 0
4 AAA 182820 10 17 4 1 0 1 1 15 62 0 4 2 0 0 0 3 0 0 0 3 0 0 1 0 4 0 0 0 2 1 0 12 0 4 4 0 0 0 11 0 0 0 0 1 18 1 0 5 2 0 0 0 0 14 5 0 1 0 0 2 2 5 0
5 CTA 0 0 0 0 0 0 0 0 0 0 0 0 7 1 0 16 0 2 0 3 29 0 0 0 0 0 0 0 184256 17 44 4 0 0 0 0 2 0 0 11 0 2 0 0 3 0 0 1 0 0 0 0 0 0 0 0 0 0 13 0 8 0 0 5
6 CTG 0 0 0 0 0 0 0 0 0 0 0 0 0 0 25 0 0 0 1 0 0 0 2 0 0 0 0 0 62 1 184130 5 0 0 0 1 0 0 0 0 0 0 0 0 0 0 0 0 0 0 0 0 0 0 0 0 0 0 0 2 9 16 13 0
7 GTC 4 0 0 0 4 1 0 2 4 0 0 0 3 18 11 0 0 0 0 0 0 0 0 0 0 0 0 0 0 162 0 0 0 0 0 0 1 14 15 0 0 0 0 1 1 183922 2 15 0 3 0 1 0 0 0 0 0 0 0 5 0 7 0 1
8 CTG 0 0 0 0 0 0 0 0 0 0 0 0 4 0 4 0 0 0 2 0 0 0 47 0 0 0 6 0 20 0 184221 7 0 0 0 0 0 0 0 0 0 0 0 0 6 0 1 0 0 0 1 0 0 0 0 0 0 1 0 0 0 0 10 1
9 TTA 0 0 0 0 0 0 0 1 0 0 0 0 3 0 0 0 0 0 0 0 1 0 0 0 0 0 0 0 24 1 0 2 0 0 0 0 0 0 0 0 0 0 0 0 4 0 0 1 0 1 0 0 8 0 0 0 0 0 0 0 184290 5 20 14
10 TAT 0 0 0 1 3 0 3 6 0 0 0 0 5 9 5 0 0 0 0 29 0 0 0 0 0 0 0 2 1 1 0 11 0 0 0 2 0 0 1 0 0 0 0 0 0 5 0 0 2 30 0 183785 0 0 3 0 4 8 0 77 0 0 3 0
11 GCA 0 0 0 0 47 4 1 44 0 1 0 0 0 0 3 1 0 4 1 0 0 0 0 0 0 4 0 0 26 29 0 2 7 0 2 0 183874 2 13 4 4 0 0 0 27 5 2 0 0 2 1 3 34 9 12 0 0 4 10 24 2 0 45 20
12 TTT 0 0 0 0 0 2 0 0 0 0 0 0 7 6 0 6 0 0 0 0 0 1 2 1 0 0 0 0 1 0 7 37 0 0 0 0 0 0 0 13 0 0 0 0 0 1 19 5 0 0 0 1 0 0 0 11 0 14 0 3 10 26 1 184030
13 GTA 0 0 0 0 2 1 0 1 0 0 0 0 6 0 0 0 0 0 0 0 0 0 0 0 3 0 0 0 0 0 0 0 1 0 0 0 73 0 0 0 1 0 0 0 184261 4 36 5 0 0 0 0 5 0 1 0 0 0 0 0 3 0 0 0
14 GCT 0 0 0 0 0 0 0 12 0 1 0 0 0 0 0 0 2 0 0 0 0 0 0 0 0 0 0 0 3 0 0 0 0 0 0 6 3 133 2 184215 0 0 0 0 0 0 1 2 0 0 0 0 0 0 0 6 0 0 0 3 0 5 0 0
15 ACA 0 0 0 0 184260 17 97 12 0 0 0 0 8 0 0 1 0 0 0 0 1 0 0 0 0 0 0 0 0 0 0 0 0 0 0 0 9 0 1 0 0 0 0 0 2 0 0 0 0 0 0 0 0 0 0 0 0 0 0 0 0 0 0 0
16 GAT 0 0 0 16 0 0 0 0 0 0 0 0 0 0 0 0 0 5 0 1 0 0 0 0 1 0 0 1 0 0 0 0 3 16 4 184324 0 0 0 14 0 0 0 10 0 0 0 0 0 1 0 3 0 0 2 0 0 0 0 0 0 0 0 0
17 GCA 0 0 0 0 29 0 0 0 0 0 0 0 0 0 0 0 0 0 0 0 0 0 0 0 0 0 0 0 0 0 0 0 2 0 0 0 183933 4 54 7 3 0 0 0 42 0 0 0 0 0 1 0 11 0 0 0 0 0 0 0 0 0 0 0
18 GAC 0 7 0 0 0 0 0 0 0 0 0 0 0 0 0 0 0 3 0 0 0 0 0 0 0 0 0 0 0 0 0 0 4 184163 2 11 0 0 0 0 0 8 0 0 0 0 0 0 0 3 0 0 0 0 0 0 0 0 0 0 0 0 0 0
19 ACA 4 5 0 1 183229 6 53 8 10 0 0 0 8 0 0 0 1 1 0 2 0 0 0 0 4 4 2 2 0 2 2 0 3 0 0 0 2 0 0 0 0 0 0 0 12 10 0 3 0 0 0 0 1 1 0 10 0 0 0 0 1 0 4 0
20 ATA 1 0 0 0 14 0 0 0 1 0 0 0 184368 0 22 10 0 0 0 0 0 0 0 0 0 0 0 0 4 0 2 3 0 0 0 0 0 0 0 0 0 0 0 0 4 0 0 0 0 0 0 0 0 0 0 0 1 0 0 0 2 0 0 0
21 TGT 0 0 0 0 0 0 0 0 0 0 0 0 0 0 0 0 0 0 0 0 0 0 0 0 0 0 0 6 0 0 0 0 0 0 0 0 0 0 0 0 0 0 0 0 0 0 0 0 0 0 0 21 0 0 0 1 0 44 1 184227 0 0 0 1
22 ATA 2 0 0 0 6 0 0 0 0 0 0 0 184286 0 34 0 0 0 0 0 0 0 0 0 0 0 0 0 0 0 0 0 0 0 0 0 0 0 0 0 1 0 0 0 24 0 0 0 0 0 0 0 0 0 0 0 0 0 0 0 0 0 0 0
23 GGC 0 0 0 0 0 0 0 0 0 3 0 0 0 0 0 0 0 0 0 0 0 0 0 0 0 0 0 0 0 0 0 0 0 17 0 0 0 0 0 0 17 184283 11 9 0 5 0 0 0 0 0 0 0 0 0 0 0 14 0 0 0 0 0 0
24 TAC 1 1 0 0 18 16 0 0 0 0 0 0 0 0 0 0 0 21 0 0 0 0 0 0 0 0 0 9 0 0 0 0 0 1 0 0 0 0 0 0 0 0 0 0 0 0 0 0 3 184186 4 30 0 1 0 0 0 5 0 0 0 1 0 0
25 CAT 0 0 0 3 0 0 0 0 0 0 0 0 0 0 0 0 2 18 1 184282 0 0 0 6 0 0 0 17 0 4 0 4 0 0 0 0 0 3 0 3 0 0 0 0 0 0 0 0 1 0 0 14 0 0 0 0 0 0 0 0 1 0 4 0
26 GCG 0 2 0 2 0 0 16 0 0 6 0 2 0 0 0 0 0 0 0 0 0 0 0 0 0 0 0 0 0 0 0 0 0 0 2 0 114 9 183793 21 0 0 1 0 0 0 28 0 0 0 0 0 0 0 4 0 0 0 0 0 0 0 2 0
27 AAC 3 182946 0 22 0 4 0 0 0 9 0 0 0 0 0 0 0 3 0 0 0 0 0 0 0 0 0 0 0 0 0 0 0 5 0 0 0 0 0 0 0 0 0 0 0 0 0 0 0 1 0 0 0 0 0 0 0 0 0 0 0 0 0 0
28 AAC 3 183690 0 12 0 0 0 0 0 9 0 0 0 0 0 0 0 2 0 0 0 0 0 0 0 0 0 0 0 0 0 0 0 6 0 0 0 0 0 0 0 0 0 0 0 0 0 0 0 1 0 0 0 0 0 0 0 0 0 0 0 0 0 0
29 TCA 0 4 0 3 2 0 0 0 0 0 0 0 0 0 0 0 0 0 0 0 11 0 0 0 0 0 0 0 0 0 0 0 0 0 0 0 1 0 2 0 0 0 2 0 0 0 0 0 8 0 0 0 184134 5 25 4 2 0 0 0 5 0 0 0
30 ACC 0 19 0 2 11 184095 13 54 0 2 0 2 0 18 0 0 0 0 0 0 0 1 0 0 0 0 0 0 0 0 0 0 0 0 0 0 0 18 0 0 0 0 0 0 0 0 0 0 0 0 0 0 0 6 0 0 0 0 0 0 0 0 0 0
31 GAC 0 45 0 0 0 1 0 0 0 0 0 0 0 0 0 0 0 1 0 0 0 0 0 0 0 0 0 0 0 0 0 0 6 182675 10 22 0 0 0 0 0 8 0 0 0 1 0 0 0 3 0 0 0 0 0 0 0 0 0 0 0 0 0 0
32 ACT 0 0 0 1 11 18 0 183211 0 0 0 3 0 0 3 9 0 0 0 0 0 0 0 1 0 1 0 0 0 0 0 0 0 0 0 0 0 0 0 6 0 0 0 0 2 0 0 0 0 0 0 0 0 1 0 0 0 0 0 0 0 0 0 0
33 GTT 0 0 0 0 0 0 0 0 0 0 0 0 0 0 0 33 0 0 0 0 0 0 0 0 0 0 0 0 0 0 0 1 0 0 0 0 0 0 0 6 0 0 0 2 11 37 20 184032 0 0 0 0 0 0 0 0 0 0 0 0 0 0 0 2
34 GAC 0 12 0 0 0 0 0 0 0 0 0 0 0 0 0 0 0 0 0 0 0 0 0 0 0 0 0 0 0 0 0 0 2 184032 1 15 0 2 0 0 0 11 0 0 0 0 0 0 0 4 0 0 0 0 0 0 0 0 0 0 0 0 0 0
35 ACA 1 0 0 0 184360 8 20 1 0 0 0 0 7 0 0 0 0 0 0 0 2 0 0 0 0 0 0 0 0 0 0 0 0 0 0 0 7 0 0 0 0 0 0 0 0 0 0 0 0 0 0 0 0 0 0 0 0 0 0 0 0 0 0 0
36 ATA 5 0 0 0 6 0 0 0 1 0 0 0 184165 3 10 0 0 0 0 0 0 0 0 0 0 0 0 0 1 0 0 0 0 0 0 0 0 0 0 0 0 0 0 0 6 0 0 0 1 0 0 0 0 0 0 0 0 0 0 0 2 0 0 0
37 CTC 0 0 0 0 1 20 51 0 15 4 20 0 0 11 0 0 2 2 0 0 0 14 0 0 4 3 0 0 10 183924 2 37 0 0 0 0 0 0 0 0 0 0 0 0 0 1 0 0 0 4 0 2 2 14 10 5 0 0 0 0 0 3 0 0
38 GAG 0 0 25 0 0 0 0 0 0 0 0 0 0 0 0 0 12 0 0 0 0 0 0 0 0 0 0 0 0 0 0 0 35 0 184159 6 0 0 0 1 0 0 9 0 0 0 0 0 2 0 4 0 0 0 0 0 0 0 0 0 0 0 0 0
39 AAG 26 0 165719 2 0 0 3 0 0 0 13 0 0 0 2 0 0 0 0 0 0 0 0 0 0 0 0 0 0 0 0 0 0 0 5 0 0 0 0 0 0 0 0 0 0 0 0 0 0 0 0 0 0 0 0 0 0 0 0 0 0 0 0 0
40 AAT 2 1 1 184051 0 0 0 1 0 0 0 8 0 0 0 1 0 0 0 0 0 0 0 0 0 0 0 0 0 0 0 0 0 5 0 22 0 0 0 0 0 0 1 0 0 0 0 0 0 0 0 0 0 0 0 0 0 0 0 0 0 0 0 0
41 GTG 0 0 0 0 0 0 0 0 0 0 0 0 4 0 7 0 0 0 0 0 0 0 0 0 0 0 0 0 0 0 0 0 0 0 0 0 0 0 2 0 0 0 4 0 27 0 183946 11 0 0 0 0 0 0 0 0 0 0 0 0 0 0 1 0
42 GCA 0 0 0 0 16 0 0 0 0 0 0 0 0 0 0 0 0 0 1 0 2 0 0 1 0 0 0 0 0 0 0 0 4 0 0 0 182399 7 15 1 3 0 1 0 50 0 0 0 0 0 0 0 0 0 0 0 0 0 0 0 0 0 0 0
43 GTG 0 0 0 0 0 0 0 0 0 0 0 0 0 0 20 0 0 0 0 0 0 0 0 0 0 0 0 0 0 0 1 0 0 0 0 0 0 0 5 0 0 0 0 0 26 1 183194 11 0 0 2 0 0 0 0 0 0 0 0 0 0 0 5 0
44 ACA 1 0 0 0 180534 1 8 3 0 0 0 0 10 0 0 0 0 0 0 0 1 0 0 0 0 0 0 0 0 0 0 0 0 0 0 0 12 0 0 0 0 0 0 0 0 0 0 0 0 0 0 0 0 0 0 0 0 0 0 0 0 0 0 0
45 CAT 0 0 0 1 0 0 0 0 0 0 0 0 0 0 0 0 0 27 1 180506 0 0 0 0 0 0 0 0 0 0 0 1 0 0 0 0 0 0 0 0 0 0 0 0 0 0 0 0 0 0 0 4 0 1 0 2 0 0 0 0 0 0 0 1
46 TCT 0 0 0 0 0 0 0 1 0 4 0 1 0 0 0 0 0 0 0 0 0 0 0 6 0 0 0 0 0 0 0 0 0 0 0 0 0 0 0 1 0 0 0 0 0 0 0 0 0 0 0 6 3 29 2 180963 0 0 0 0 0 0 0 3
47 GTT 1 0 0 0 0 0 0 0 0 0 1 0 0 1 3 16 0 0 4 0 0 0 0 0 0 0 0 0 0 3 0 0 0 0 0 0 0 2 2 4 0 0 0 0 11 55 4 178778 2 1 0 4 0 0 0 0 0 0 0 0 4 8 1 11
48 AAC 10 180739 0 20 0 6 0 0 0 9 0 0 0 0 0 0 0 0 0 1 0 0 0 0 0 0 0 0 0 0 0 0 0 8 0 0 0 0 0 0 0 0 0 0 0 0 0 0 0 2 0 0 0 0 0 0 0 0 0 0 0 0 0 0
49 CTG 0 0 0 0 0 0 0 0 0 0 0 0 0 0 7 0 0 0 3 0 0 0 7 0 0 0 2 0 68 23 178984 7 0 0 0 0 0 0 0 0 0 0 0 0 0 0 0 0 0 0 0 0 0 0 0 0 0 1 0 0 0 0 25 0
50 CTC 0 0 0 0 0 0 0 0 0 0 0 0 0 0 3 0 0 0 0 0 0 5 0 0 0 1 0 0 12 177055 0 18 0 0 0 0 0 0 0 0 0 0 0 0 0 3 0 0 0 0 0 0 0 0 1 0 0 0 0 0 1 4 0 0
51 GAA 10 0 0 0 1 1 2 0 0 0 0 0 4 1 0 0 1 0 2 0 0 0 0 0 0 0 0 0 0 0 0 0 146239 1 8 2 0 0 26 1 4 0 0 0 0 9 0 0 4 0 0 0 0 0 0 0 0 1 0 2 0 0 0 0
52 GAC 2 16 0 0 4 0 0 0 0 0 0 3 0 0 1 0 1 4 0 2 0 0 0 0 1 0 0 0 0 0 0 0 13 105823 3 15 1 13 6 0 1 11 0 1 0 0 0 0 0 3 0 0 5 0 0 8 1 0 0 0 0 0 0 0
53 AGC 7 50 0 0 0 0 44 0 5 130222 0 45 0 6 0 7 7 2 11 0 0 0 0 0 10 10 2 0 11 0 0 0 7 0 21 4 0 8 6 2 2 32 0 0 0 0 5 0 0 0 0 1 4 4 2 0 0 0 0 0 0 0 2 0
54 CAC 0 1 0 0 0 2 7 7 0 1 0 0 0 0 0 0 2 109274 1 35 0 2 0 0 0 7 0 0 0 2 0 0 0 0 0 0 0 0 0 0 0 0 0 0 0 0 0 0 0 0 0 0 0 1 0 0 0 0 0 0 0 0 0 0
55 AAC 5 147441 0 53 0 0 0 0 0 10 0 0 0 0 0 0 0 1 0 0 0 0 0 0 0 0 0 0 0 0 0 0 0 16 0 0 0 0 0 0 0 0 0 0 0 0 0 0 0 0 0 0 0 0 0 1 0 0 0 0 0 0 0 0
56 GGG 0 0 0 0 0 0 1 0 0 6 11 0 0 0 0 0 0 0 0 0 0 0 0 0 0 0 14 0 0 0 0 0 0 0 19 0 0 0 0 0 46 0 166906 1 0 0 1 0 0 0 0 0 0 0 0 0 0 0 6 0 0 0 0 0
57 AAA 180110 1 36 0 0 0 0 0 17 0 0 0 0 0 1 0 1 1 2 0 0 0 0 0 0 1 1 0 0 0 0 0 20 0 0 0 21 0 4 0 10 0 0 0 2 1 2 0 2 1 0 0 0 0 0 0 0 0 0 0 1 0 0 0
58 CTA 1 1 0 0 0 0 0 1 0 0 0 0 7 1 0 0 0 0 0 0 2 0 0 0 1 0 0 0 159329 0 10 3 0 0 0 0 0 0 0 0 0 0 0 0 0 0 0 0 0 0 0 1 0 0 0 0 0 0 0 0 14 0 0 0
59 TGT 0 0 0 0 0 0 0 0 0 0 0 0 0 0 7 0 0 0 0 0 0 0 0 0 0 0 0 2 0 0 0 0 0 0 0 0 0 0 0 0 0 0 1 0 0 0 0 0 0 0 0 10 0 0 0 1 2 26 0 167980 0 0 0 3
60 AAA 182579 19 18 12 1 0 3 4 12 9 3 1 0 0 3 0 10 6 1 0 0 0 0 0 4 13 0 22 18 4 4 6 14 0 0 0 2 8 0 20 0 0 0 0 0 0 0 0 11 1 0 33 7 5 6 3 0 0 0 0 1 44 0 3
61 TTA 0 0 0 0 0 0 0 0 0 0 0 0 1 1 0 18 0 0 0 0 1 0 0 0 0 0 0 0 32 11 7 3 0 0 0 0 0 0 0 0 0 0 0 0 8 15 0 5 5 0 0 0 7 0 0 0 0 0 0 0 182612 3 42 1
62 AAA 183132 14 264 17 1 0 0 0 20 5 0 0 2 0 0 0 1 5 3 33 0 0 0 0 1 0 0 5 0 0 0 0 11 0 0 10 1 0 0 0 1 4 0 0 0 0 0 0 1 1 3 6 0 0 0 0 0 0 0 0 0 16 0 3
63 GGA 0 8 0 0 0 0 0 0 10 0 0 0 0 0 0 0 0 0 0 3 0 0 0 0 0 0 0 0 0 0 0 0 26 0 0 0 0 0 0 0 183404 1 35 10 1 0 0 0 0 0 0 0 0 0 0 0 5 0 0 0 0 0 0 0
64 ATA 6 0 1 2 35 0 0 0 2 0 5 0 177774 4 68 24 0 0 0 0 0 0 0 0 0 1 0 4 3 4 0 0 4 0 0 0 0 1 0 0 0 0 0 0 17 0 5 20 0 0 0 0 3 0 0 0 0 0 0 0 1 0 0 1
65 GCC 3 1 1 1 0 8 5 9 0 4 1 0 0 0 7 0 1 0 0 1 14 9 7 0 0 3 0 0 0 0 0 0 14 1 1 2 5 178344 84 20 0 1 2 0 0 13 3 0 0 0 0 3 0 7 0 0 0 0 0 0 0 0 0 0
66 CCA 0 0 0 0 1 0 0 0 0 0 0 0 0 0 0 0 4 0 0 0 179430 7 11 1 0 0 0 0 5 0 0 0 0 0 0 0 0 0 0 0 0 0 0 0 0 0 0 0 0 0 0 0 3 0 0 0 0 0 0 0 0 0 0 0
67 CTA 0 0 0 0 0 0 0 0 0 0 0 0 4 0 0 0 0 0 0 0 37 0 0 0 1 0 0 0 183506 0 19 7 0 0 0 0 0 0 0 0 0 0 0 0 1 0 0 0 0 0 0 0 0 0 0 0 0 0 0 0 10 2 0 0
68 CAA 5 0 1 3 2 7 0 5 0 2 0 0 40 13 3 12 183625 12 11 5 1 15 0 1 4 0 1 0 8 32 0 13 18 62 0 1 3 23 0 0 2 0 6 3 13 2 11 17 7 0 0 10 0 3 1 0 0 0 3 3 14 0 1 8
69 TTG 0 0 0 0 0 0 0 0 0 0 0 0 0 0 1 0 0 0 0 0 0 0 0 0 0 0 0 0 6 0 13 1 0 0 0 0 0 0 0 0 0 0 0 0 0 0 1 0 0 0 4 0 0 0 6 0 0 0 2 0 23 0 183057 0
70 GGG 0 4 1 2 0 0 0 2 0 0 11 2 0 0 0 0 0 10 6 0 0 0 0 0 4 0 0 1 1 3 1 1 2 1 31 2 2 5 2 0 27 31 183900 28 0 0 1 0 0 0 0 1 0 0 0 0 0 0 1 0 0 0 0 0
71 AAA 183797 1 65 15 6 0 0 0 20 0 0 1 0 0 0 0 0 6 2 0 0 0 0 0 5 13 0 0 0 3 0 0 87 1 0 0 4 0 42 0 5 0 0 0 0 0 3 0 0 4 0 2 6 0 0 1 0 0 0 0 1 0 0 0
72 TGT 0 0 0 0 0 0 0 0 0 0 0 5 0 0 0 0 0 0 0 0 0 0 0 0 0 0 0 2 0 0 0 0 0 0 0 0 0 0 0 0 0 0 0 0 0 0 0 0 0 0 0 16 0 0 0 0 4 75 0 184296 0 0 0 0
73 AAC 4 183864 2 80 33 15 1 1 0 30 0 7 0 1 0 0 3 1 0 0 0 0 0 0 0 0 1 0 0 0 0 0 0 34 4 1 0 0 0 0 1 8 0 0 0 0 0 0 0 0 0 0 10 12 1 0 0 0 0 0 0 0 0 0
74 ATC 0 2 0 0 0 15 0 0 0 3 0 0 65 181323 8 6 0 0 0 0 0 0 0 0 0 0 0 0 0 3 14 4 0 0 0 0 0 0 0 0 0 0 0 0 1 10 0 5 0 0 0 0 0 0 0 0 1 0 0 0 9 0 1 4
75 ACC 0 1 0 0 12 180636 15 54 0 0 0 0 0 26 1 2 1 0 0 0 0 3 0 1 0 0 0 0 2 1 0 1 0 0 0 0 0 10 152 0 5 0 0 0 1 9 0 1 0 0 0 0 0 5 0 0 1 0 3 0 0 0 1 0
76 GGA 0 0 0 0 0 0 0 0 23 0 0 0 0 0 0 0 0 0 0 0 0 0 0 0 0 0 0 0 0 0 0 0 8 0 0 0 1 1 0 3 184089 4 32 5 0 0 0 0 0 0 0 0 0 0 0 0 5 0 0 0 0 0 0 0
77 TGG 0 0 0 0 0 0 0 0 0 0 4 0 0 0 0 0 0 0 0 0 0 0 0 0 0 0 4 0 0 0 0 0 0 0 0 0 0 0 0 0 0 0 5 0 0 0 0 0 0 0 12 0 0 0 0 0 43 3 184198 1 0 0 5 0
78 CTC 0 0 0 0 0 0 0 0 0 0 0 0 0 4 0 0 0 0 0 0 0 10 0 0 0 3 0 0 21 183743 3 8 0 0 0 0 0 0 0 0 0 0 0 0 0 5 2 0 0 0 0 0 0 0 0 0 0 0 0 0 1 13 11 0
79 TTG 0 0 0 0 0 0 0 0 0 0 0 0 2 0 1 1 0 0 0 0 0 0 0 0 0 0 0 0 0 0 47 13 0 0 0 0 0 0 0 0 0 0 0 0 0 0 3 0 1 1 4 0 0 0 12 0 0 0 1 0 21 0 184074 2
80 GGA 0 0 0 0 0 0 0 0 8 0 0 0 0 0 0 0 0 0 0 0 0 0 0 0 0 0 0 0 0 0 0 0 9 0 0 0 0 0 0 0 184192 7 22 14 1 0 0 0 0 0 0 0 0 0 0 0 10 0 0 0 0 0 0 0
81 AAT 0 76 0 183985 0 0 0 1 0 0 0 8 0 0 0 2 0 2 0 2 0 0 0 0 0 0 0 0 0 0 0 0 0 0 0 3 0 0 0 0 0 0 0 0 0 0 0 0 0 0 0 0 0 0 0 0 0 0 0 0 0 0 0 0
82 CCA 0 0 0 0 1 0 0 0 0 0 0 0 0 0 0 0 5 0 0 0 184127 31 84 35 1 0 0 0 12 0 0 0 0 0 0 0 0 0 0 0 0 0 0 0 0 2 0 0 0 0 0 0 6 0 0 0 5 0 0 0 0 0 0 0
83 GAA 10 7 0 0 1 0 0 0 0 0 0 0 0 0 0 1 0 0 1 1 0 0 0 0 0 0 0 0 0 1 0 1 184067 17 17 3 5 1 45 0 17 0 0 1 2 0 0 0 7 0 0 2 0 0 0 0 0 0 0 0 3 4 0 4
84 TGC 0 1 0 0 0 0 0 0 0 6 0 0 0 0 0 0 0 0 0 0 0 0 0 0 0 1 0 0 0 0 0 0 0 0 0 0 0 0 0 0 0 2 0 0 0 0 0 0 0 11 0 0 0 0 0 0 1 182298 4 204 0 2 0 0
85 GAC 0 15 0 0 0 0 0 0 0 0 0 0 0 0 0 0 0 0 0 0 2 0 0 0 0 0 0 0 0 0 0 0 9 184198 11 8 0 1 0 0 0 15 0 0 0 0 0 0 0 3 0 0 0 0 0 0 0 0 0 0 0 0 0 0
86 TCA 0 4 1 1 4 0 0 12 0 10 0 11 3 1 0 0 8 35 10 19 24 14 0 0 0 0 0 0 0 0 0 1 24 15 7 4 0 6 3 0 5 0 0 0 29 0 0 2 6 28 0 28 183964 8 20 5 1 0 1 0 27 1 0 4
87 CTG 0 0 0 0 0 0 0 0 0 0 0 0 5 4 3 0 0 0 3 0 0 0 5 0 0 0 0 0 77 0 184167 1 0 0 0 0 0 0 0 0 0 0 0 0 0 1 3 0 0 0 0 0 0 0 0 0 0 0 0 0 8 0 28 0
88 CTT 0 3 0 0 6 0 0 3 0 1 0 0 18 9 1 10 1 0 15 1 0 0 0 3 0 0 0 0 13 75 12 184049 0 0 0 0 0 1 0 0 0 0 0 0 1 0 8 0 0 1 0 0 0 0 0 1 0 0 0 0 0 0 11 22
89 CCA 3 35 0 73 4 11 1 0 0 53 0 10 11 8 12 14 10 3 1 2 182598 25 26 22 0 2 3 0 27 18 10 4 80 21 10 44 8 0 3 0 8 3 38 0 7 5 4 3 0 5 0 1 12 15 1 2 1 0 17 0 12 1 22 27
90 GCG 4 5 0 0 7 11 12 7 4 0 2 1 9 237 14 1 0 32 0 8 0 6 19 0 0 5 1 0 3 2 0 3 4 8 42 0 50 27 183487 12 2 7 5 1 0 23 109 1 0 5 0 11 18 0 17 2 0 0 1 0 11 3 9 2
91 AGA 55 5 0 8 1 24 0 0 184108 2 10 3 11 0 12 0 6 7 0 35 0 0 0 0 2 0 0 0 7 0 1 0 0 0 0 1 0 1 0 0 14 1 2 2 7 8 1 0 0 0 0 2 5 0 4 5 1 0 0 0 0 0 0 0
92 TCA 1 15 0 1 3 0 0 0 0 0 0 6 1 1 0 0 4 0 0 1 30 0 0 0 0 6 1 6 0 0 0 0 0 0 0 1 6 2 0 1 2 0 7 0 0 0 0 0 3 1 0 0 184030 8 44 3 0 0 0 0 4 1 0 0
93 TGG 0 0 0 0 0 0 0 0 0 0 1 0 0 0 0 0 0 0 0 0 0 0 0 0 0 0 4 0 0 0 0 0 0 0 0 0 0 0 0 0 0 0 1 0 0 0 0 0 0 0 11 0 0 0 0 0 18 2 184261 1 0 3 3 5
94 TCC 0 0 0 0 0 3 0 0 0 5 0 18 0 0 0 0 0 0 0 0 0 8 0 0 0 0 0 0 0 0 0 0 0 0 0 0 2 5 27 0 2 6 0 0 0 0 0 0 0 3 0 0 58 183963 76 12 0 0 0 0 0 9 0 0
95 TAC 0 3 0 0 0 0 0 0 0 0 0 0 0 0 0 0 0 36 0 0 0 0 0 0 0 0 0 0 0 0 0 0 0 1 0 0 0 0 0 0 0 0 0 0 0 0 0 0 4 184176 0 57 0 0 0 0 0 16 0 0 0 0 0 0
96 ATT 0 0 0 1 0 1 0 10 0 0 0 1 14 27 1 202432 0 0 0 0 0 0 0 0 0 0 0 0 0 0 0 1 0 0 0 0 0 0 0 0 0 0 0 0 0 1 0 9 0 0 0 0 0 0 0 0 0 0 0 0 0 0 0 2
97 GTA 0 0 0 0 0 0 0 0 0 0 0 0 26 0 0 11 0 0 0 0 0 0 0 0 0 0 0 0 1 0 0 0 0 0 0 0 11 0 0 0 0 0 0 0 202383 89 114 2 0 0 0 0 0 0 0 0 0 0 0 0 5 0 0 0
98 GAA 17 0 0 0 0 0 0 0 0 0 0 0 0 0 0 0 0 0 0 0 0 0 0 0 0 0 0 0 0 0 0 0 202618 3 29 4 3 0 0 0 15 0 0 0 1 0 0 0 6 0 0 0 0 0 0 0 0 0 0 0 0 0 0 0
99 ACA 11 0 0 3 202280 7 20 7 6 22 26 6 53 3 0 0 0 16 3 0 12 0 0 9 4 2 0 12 0 11 0 3 16 9 0 0 13 1 0 0 0 2 3 5 0 3 6 0 0 10 0 0 3 33 5 0 0 3 6 0 0 0 0 0
100 CCA 0 0 0 0 3 6 0 0 0 14 0 0 0 0 0 0 10 15 3 7 202277 10 26 31 0 0 0 0 9 4 2 0 0 0 0 0 1 7 0 0 0 1 0 0 12 0 1 2 0 5 0 0 11 0 0 0 0 0 2 0 0 0 0 0
101 AAC 4 200909 1 14 0 6 0 1 2 13 0 0 1 1 0 0 0 4 1 0 0 0 0 0 0 0 0 0 0 0 0 0 1 26 2 3 0 0 9 0 0 7 3 0 1 0 0 1 0 0 0 2 0 2 0 0 0 0 0 0 1 0 0 0
102 TCT 0 13 0 12 0 7 0 3 0 11 0 1 1 0 0 0 8 0 0 0 0 0 13 9 0 0 0 0 0 0 0 0 0 0 0 0 7 1 0 2 0 0 4 0 0 0 0 0 0 0 0 3 38 50 7 202334 0 0 0 0 0 0 0 4
103 GAG 0 0 14 0 7 5 1 1 0 0 0 0 0 1 0 1 6 0 0 0 10 0 0 0 0 0 0 0 1 0 0 0 18 2 202240 11 0 0 3 0 0 0 32 0 6 0 6 13 0 0 3 0 0 0 0 0 0 0 0 0 1 0 0 0
104 AAT 18 28 0 202213 0 18 2 14 2 1 0 14 8 1 0 6 5 0 0 93 0 0 0 0 0 0 0 1 0 0 0 10 0 5 4 16 11 0 0 3 0 0 0 0 39 0 0 0 0 46 0 2 0 2 0 0 0 0 2 0 2 27 4 5
105 GGA 0 0 0 0 0 0 0 0 13 0 0 0 0 0 0 0 0 0 0 0 0 0 0 0 1 0 0 0 0 0 0 0 8 0 0 0 0 0 0 0 202450 19 44 3 2 0 0 0 0 0 0 0 0 0 0 0 8 0 0 0 0 0 0 0
106 GCA 1 4 0 0 28 0 0 0 0 0 0 0 0 0 0 0 0 0 0 0 0 6 1 0 0 0 0 0 0 0 0 0 5 0 0 0 202525 3 9 16 1 0 0 0 34 0 0 0 0 0 0 0 2 4 1 0 0 0 0 0 0 0 0 0
107 TGT 0 0 0 0 0 0 0 0 0 0 0 1 0 0 0 0 0 0 0 0 0 0 0 0 0 0 0 8 0 0 0 0 0 0 0 0 0 0 0 0 0 0 0 3 0 0 0 0 0 0 0 25 0 0 0 0 0 22 1 202079 0 0 0 1
108 TAT 0 0 0 0 0 0 0 0 0 0 0 0 0 0 0 0 0 0 0 13 0 0 0 0 0 0 0 0 0 0 0 0 0 0 0 2 0 0 0 0 0 0 0 0 0 0 0 0 1 49 3 202390 0 0 0 0 0 0 0 17 0 0 0 1
109 CCA 0 0 0 0 1 0 0 0 0 0 0 0 0 0 0 0 4 0 0 0 202167 28 101 12 0 0 0 0 3 0 0 0 0 0 0 0 0 0 0 0 0 0 0 0 0 0 0 0 0 0 0 0 7 0 0 0 0 0 0 0 0 0 0 0
110 GGA 0 0 0 0 0 0 0 0 6 0 0 0 0 0 0 0 0 0 0 0 0 0 0 0 0 0 0 0 0 0 0 0 7 0 0 0 0 0 0 0 202717 5 32 16 0 0 0 0 0 0 0 0 0 0 0 0 11 0 0 0 0 0 0 0
111 GAT 0 0 0 20 1 0 0 0 0 0 0 0 0 0 0 0 3 0 6 4 0 0 0 0 0 0 0 0 0 0 0 1 2 30 21 202544 0 0 0 1 0 0 3 12 12 0 0 0 0 0 0 10 0 0 0 0 0 0 0 0 0 0 3 0
112 CTC 0 0 0 0 0 0 0 0 0 0 0 0 20 29 1 31 0 2 0 0 0 33 0 0 0 0 0 0 30 202418 4 24 0 0 0 0 0 0 0 0 0 0 0 0 0 0 2 0 0 0 0 0 0 0 0 0 0 0 0 0 1 7 1 0
113 ATC 0 9 1 0 0 10 15 0 0 9 0 0 22 201947 2 61 0 52 0 2 0 0 0 0 0 0 0 0 2 10 0 27 0 0 16 0 9 10 58 10 21 100 16 0 1 24 6 0 0 1 0 0 2 0 9 7 0 14 1 0 7 11 0 0
114 GAC 0 50 0 0 0 0 0 0 0 1 0 0 0 0 1 0 1 5 0 0 0 0 0 0 0 0 0 0 0 0 0 0 59 201960 3 11 0 5 5 0 0 15 3 0 0 3 0 0 0 8 0 2 1 0 0 4 0 0 0 0 0 0 0 0
115 TAT 0 0 0 2 0 0 1 0 0 0 0 7 0 2 2 11 0 0 0 29 2 1 0 0 0 0 0 0 0 1 1 0 0 0 0 1 0 2 0 0 0 1 0 0 2 2 2 1 2 23 1 200812 0 0 6 0 0 0 0 6 10 0 11 27
116 GAG 0 0 12 0 0 0 0 0 0 0 0 0 0 0 0 0 0 1 7 0 0 1 0 0 0 0 0 0 0 0 0 0 50 0 202194 17 0 0 2 3 0 0 52 0 0 0 8 0 0 0 4 0 0 0 0 0 0 0 0 0 0 0 0 0
117 GAA 10 0 0 0 0 0 0 0 0 0 0 0 0 0 0 0 0 0 0 0 0 0 0 0 0 0 0 0 0 0 0 0 202615 2 22 0 1 0 0 0 8 0 0 0 2 0 0 0 0 0 0 0 0 0 0 0 0 0 0 0 0 0 0 0
118 CTG 0 0 0 0 0 0 0 0 0 0 0 0 0 0 10 0 0 0 3 0 0 0 20 0 0 0 0 0 32 14 202338 15 0 0 0 0 0 0 0 0 0 0 0 0 0 0 3 0 0 0 0 0 0 0 0 0 0 0 0 0 0 0 14 0
119 AGG 0 0 33 0 0 0 1 0 29 0 202137 1 0 0 15 4 0 19 0 5 0 0 0 0 14 2 2 0 0 0 0 0 0 0 0 0 0 0 0 0 0 0 30 0 0 0 0 0 0 84 0 6 0 0 0 0 0 0 13 0 0 0 0 1
120 GAG 0 0 6 0 0 0 0 2 0 0 0 0 0 0 0 0 0 0 0 0 0 0 0 0 0 0 0 0 0 0 0 0 58 0 202479 2 0 0 0 0 0 0 19 0 0 0 1 0 0 0 1 0 0 0 0 0 0 0 0 0 0 0 0 0
121 CAA 2 0 0 0 0 0 0 0 2 0 0 0 0 1 0 0 202392 1 11 7 0 0 0 0 3 0 0 0 2 0 0 0 1 0 0 0 0 0 0 0 0 0 0 0 0 0 0 0 99 0 0 0 0 0 0 0 0 0 0 0 0 0 0 0
122 TTG 0 0 0 0 0 0 0 0 0 0 0 0 0 0 0 1 0 0 0 0 0 0 0 0 0 0 0 0 1 0 48 0 0 0 0 0 0 0 0 0 0 0 0 0 1 0 4 0 0 0 1 0 0 0 11 0 0 0 2 0 36 2 202331 3
123 AGC 0 23 0 4 0 0 0 7 7 202529 2 22 2 13 0 0 0 0 6 1 0 0 0 0 0 0 0 6 0 0 1 0 1 0 0 0 0 0 6 3 7 27 0 0 2 0 0 0 0 0 0 0 3 0 0 4 0 1 1 1 0 0 0 1
124 TCA 0 0 0 0 13 2 0 4 0 0 0 0 0 0 5 1 0 0 6 0 13 0 0 0 0 0 0 0 0 0 0 3 0 5 0 2 0 0 1 6 14 0 5 1 0 0 0 0 1 0 0 0 201701 7 34 12 1 0 0 0 8 2 0 1
125 GTA 0 0 0 0 0 0 0 0 0 0 0 0 33 0 2 2 0 0 0 0 0 0 0 0 0 0 0 0 0 1 0 0 0 0 0 0 51 0 1 0 0 0 0 0 202452 1 43 9 0 0 0 0 0 0 0 0 0 0 0 0 4 0 0 0
126 TCA 0 2 0 4 11 0 3 0 2 0 0 40 1 0 0 0 3 0 7 0 11 0 0 0 2 4 0 3 0 0 1 0 8 0 0 0 0 0 0 0 0 0 0 0 0 7 2 0 4 0 0 0 202239 8 17 0 0 0 1 0 5 0 3 0
127 TCA 0 5 0 7 1 0 4 4 0 0 0 3 0 0 1 0 0 0 0 0 7 0 0 0 0 0 0 0 0 0 0 0 19 0 0 1 3 0 0 2 3 0 0 1 0 0 0 0 4 1 0 0 202440 2 9 3 0 0 0 0 12 0 0 3
128 TTA 0 0 0 0 0 0 9 0 0 0 0 0 34 8 0 0 0 0 0 0 0 0 0 0 0 0 0 0 14 4 0 0 0 0 0 0 0 4 0 4 0 0 0 0 7 7 0 0 3 2 0 1 11 0 0 0 0 0 0 0 202241 6 16 3
129 GAA 16 0 0 0 0 0 0 1 0 0 0 0 0 0 0 0 0 1 0 1 0 0 0 0 0 0 0 0 0 0 0 0 202295 1 9 1 1 0 0 0 12 0 0 0 2 0 0 0 8 0 0 0 2 0 2 0 0 0 0 0 0 0 0 0
130 AGA 22 0 0 0 0 0 0 0 202304 2 32 2 1 0 0 0 0 0 0 0 0 0 0 0 4 19 0 52 0 0 0 0 0 0 0 0 0 0 0 0 14 0 0 0 0 0 0 0 0 0 0 0 0 0 0 0 1 0 1 0 0 0 0 0
131 TTC 0 0 0 0 0 0 0 0 0 0 0 0 0 0 0 1 0 0 0 0 0 0 0 0 0 0 0 0 0 7 0 0 0 0 0 0 0 0 0 0 0 0 0 0 0 4 0 0 0 1 0 0 0 3 0 0 0 0 0 0 7 202039 0 11
132 GAA 7 0 0 0 0 0 0 0 0 0 0 0 0 0 0 0 0 0 0 0 0 0 0 0 0 0 0 0 0 0 0 0 202704 2 11 1 1 0 0 0 5 0 0 0 0 0 0 0 8 0 0 0 0 0 0 0 0 0 0 0 0 0 0 0
133 ATA 0 0 0 0 6 0 0 0 0 0 0 0 202183 1 22 6 0 0 0 0 0 0 0 0 0 0 0 0 13 0 0 0 0 0 0 0 0 0 0 4 0 0 0 0 6 0 1 0 0 0 0 0 0 0 0 0 0 0 0 0 2 0 2 0
134 TTT 0 0 0 0 0 0 0 0 0 0 0 0 0 0 0 3 0 0 0 0 0 0 0 0 0 0 0 0 0 0 0 4 0 0 0 0 0 0 0 0 0 0 0 0 0 0 0 0 0 0 0 0 0 0 0 3 0 0 0 0 1 36 2 202362
135 CCC 0 19 0 12 0 1 0 0 0 5 0 10 0 0 0 1 37 2 0 0 24 201631 6 27 0 1 0 0 0 3 0 0 1 3 0 17 5 7 0 0 0 0 1 0 0 0 0 0 0 0 0 0 2 9 0 0 0 0 0 0 0 0 0 0
136 AAG 40 0 181292 15 12 4 1 4 9 18 17 5 2 1 1 0 1 4 16 3 0 15 1 7 1 0 0 0 5 0 0 2 1 1 36 1 1 6 6 0 0 2 5 3 10 1 1 0 0 7 0 14 0 3 2 1 0 0 0 0 17 19 19 6
137 GAA 4 3 0 1 0 11 0 2 0 6 0 6 5 0 0 0 0 0 1 1 0 0 0 0 0 0 0 0 0 2 1 16 202124 4 27 29 1 2 1 1 13 0 0 0 15 7 5 0 5 0 0 0 0 0 0 0 0 0 0 0 3 1 0 0
138 AGT 6 0 0 36 1 3 2 7 4 29 9 201819 0 6 0 15 3 3 11 9 2 0 0 2 11 0 0 8 2 0 0 4 22 0 0 4 4 0 0 1 1 0 14 26 1 2 0 0 0 33 0 0 6 96 1 13 0 0 1 0 0 2 0 2
139 TCA 0 5 0 4 34 2 26 2 2 0 0 1 0 0 2 0 0 6 3 1 7 0 0 0 1 0 0 0 0 0 0 0 0 0 0 0 79 23 1 3 0 2 0 0 0 1 6 0 5 2 0 1 201532 0 46 0 0 8 31 2 4 0 0 0
140 TGG 0 0 0 0 0 0 0 0 0 0 1 0 0 0 0 0 0 0 0 0 0 0 0 0 0 0 4 0 0 0 0 0 0 0 0 0 0 0 0 0 0 0 0 0 0 0 0 0 0 0 16 0 0 0 0 0 19 1 202316 2 0 0 2 0
141 CCC 0 0 1 0 1 2 0 0 0 5 0 2 0 0 0 0 0 4 0 0 48 201269 4 22 0 2 0 0 0 11 0 4 3 0 1 4 0 2 0 1 0 0 0 0 0 0 0 0 0 0 0 0 0 36 0 2 0 0 0 0 0 0 0 0
142 AAC 3 201711 3 27 0 4 0 0 0 8 0 0 0 0 0 0 0 4 0 0 0 0 0 0 0 0 0 0 0 0 0 0 0 5 0 0 0 0 0 0 0 0 0 0 0 0 0 0 0 1 0 0 0 0 0 0 0 0 0 0 1 0 0 0
143 CAC 0 14 0 5 3 0 1 0 0 0 0 1 1 1 0 0 1 200203 1 18 0 4 0 0 0 9 0 0 6 6 0 0 0 0 0 0 0 0 0 0 0 0 0 0 0 0 0 0 0 146 0 31 0 0 0 1 0 0 0 0 0 0 0 0
144 ACA 3 0 0 0 165149 20 15 48 1 3 0 1 16 0 0 0 0 0 0 0 7 0 0 0 0 0 0 0 0 0 0 0 0 0 0 0 23 0 0 0 10 0 5 6 0 0 0 0 0 0 0 0 2 0 0 2 0 0 0 0 0 0 0 0
145 TTC 0 1 0 2 0 1 3 0 0 0 0 0 0 0 2 1 0 0 0 0 0 0 0 0 0 0 0 0 0 5 0 1 42 7 48 4 15 25 5 7 2 1 9 0 0 7 0 0 0 1 0 0 0 12 1 4 0 0 0 1 2 120574 3 10
146 AAC 12 173417 5 95 0 3 0 1 0 16 7 0 0 0 0 0 7 1 5 39 1 12 4 0 1 0 3 0 0 0 1 0 14 32 34 0 4 2 8 0 0 1 4 2 4 0 5 0 0 16 0 6 0 0 1 0 0 0 0 0 0 6 0 8
147 GGA 0 0 0 0 0 0 0 0 15 0 0 0 0 0 0 0 0 0 0 0 0 0 0 0 0 0 0 0 0 0 0 0 8 0 0 0 0 0 0 0 131800 7 15 8 1 0 0 0 0 0 0 0 0 0 0 0 4 0 0 0 0 0 0 0
148 GTA 0 0 0 0 38 16 18 12 0 2 0 0 103 28 0 5 0 0 0 0 0 0 0 0 0 0 0 1 1 0 0 3 1 0 0 0 31 2 0 0 0 0 0 0 164498 6 13 1 0 1 0 0 3 2 4 3 0 0 0 0 3 0 0 0
149 ACA 1 0 0 0 164001 8 43 13 0 25 0 2 7 0 0 0 0 0 0 0 0 0 0 0 0 0 0 0 0 0 0 0 0 0 0 0 8 0 0 0 0 0 0 0 0 0 0 0 0 0 0 0 9 6 15 7 0 0 0 0 0 0 0 0
150 GTA 1 0 0 0 0 0 0 0 0 11 0 0 13 0 0 0 8 2 0 1 0 0 0 0 0 0 0 0 25 16 2 12 0 0 0 0 60 15 3 45 2 1 0 2 171112 12 15 3 0 4 0 0 72 53 2 0 0 1 0 0 11 20 2 0
151 TCA 0 0 0 0 1 0 0 0 0 1 0 0 0 0 0 0 0 0 0 0 8 0 0 0 0 0 0 0 0 0 0 1 0 0 0 0 28 2 0 1 0 0 0 0 0 0 0 0 2 0 0 0 169746 9 48 4 0 0 0 0 8 0 20 0
152 TGC 0 0 0 0 0 0 0 0 0 2 0 0 0 0 0 0 0 0 0 0 0 0 0 0 0 4 0 0 0 0 0 0 0 0 0 0 0 0 0 0 0 0 0 0 0 0 0 0 0 30 0 0 0 0 0 0 4 167649 0 22 0 2 0 0
153 TCC 4 5 18 36 21 20 27 2 7 7 2 4 8 1 2 0 17 2 3 3 42 246 0 4 5 3 0 1 9 235 29 13 0 0 28 4 37 0 7 3 10 18 19 17 6 3 30 7 0 11 0 1 5 195864 6 11 0 4 9 0 0 8 5 0
154 CAT 0 20 0 110 62 14 28 37 15 1 13 30 164 3 17 16 15 41 14 194578 231 0 0 3 0 0 0 16 32 63 17 38 0 0 0 119 37 15 0 0 0 0 0 4 260 10 0 2 0 0 9 17 5 0 4 49 0 0 0 0 11 35 7 9
155 AGG 0 1 70 0 1 1 0 0 23 6 200332 35 14 0 35 42 2 0 12 1 0 0 0 0 16 0 1 0 3 6 1 4 0 1 0 0 28 2 11 0 13 3 252 41 0 0 0 15 0 0 229 0 3 0 6 24 0 0 7 0 0 0 0 2
156 GGA 21 8 0 0 0 0 0 0 14 1 0 3 0 0 0 0 4 0 1 0 0 0 0 0 0 0 0 0 0 0 0 0 150 1 0 0 14 24 0 0 201193 1 185 4 4 0 0 0 0 0 0 1 2 0 0 2 3 0 0 0 0 0 0 0
157 AAA 201227 2 32 2 12 51 0 21 10 0 0 11 14 6 5 1 10 143 0 4 0 0 0 0 0 0 2 34 0 32 18 0 38 0 6 2 0 0 0 0 0 3 11 96 2 0 27 0 1 0 0 0 26 8 0 2 0 0 0 0 16 0 7 3
158 AGC 0 43 0 0 0 1 0 0 1 199197 0 88 0 7 1 0 13 7 49 47 4 173 6 38 0 2 0 0 6 10 2 0 0 0 0 0 16 1265 0 65 0 74 0 0 0 0 0 0 0 0 0 0 0 4 0 0 0 2 0 0 0 10 0 0
159 AGT 0 13 0 24 5 3 0 4 0 17 12 199384 0 0 1 4 0 3 0 0 0 0 0 0 0 0 0 1 0 0 0 0 0 20 0 0 17 0 0 0 4 1 1 16 0 0 0 0 0 0 0 0 12 1 0 0 0 0 0 1 2 0 0 0
160 TTT 0 0 0 0 0 0 0 0 0 0 0 0 0 0 0 0 0 0 0 0 0 0 0 0 0 0 0 0 0 0 0 5 0 0 0 0 0 0 0 0 0 0 0 0 0 0 0 3 0 0 0 3 0 0 0 6 0 0 0 4 1 22 0 200839
161 TAC 0 3 0 0 0 0 0 0 0 0 0 0 0 0 0 0 0 9 0 0 0 0 0 0 0 0 0 0 0 0 0 0 0 0 0 0 0 0 0 0 0 0 0 0 0 0 0 0 0 202085 1 39 0 6 0 0 0 8 0 0 0 1 0 0
162 AGA 16 25 13 1 0 2 0 0 202236 0 8 3 0 0 0 0 0 0 0 0 0 0 0 0 19 1 3 0 0 0 0 0 0 0 0 0 0 0 0 0 27 0 0 0 0 0 0 0 0 0 0 0 0 1 0 0 2 0 0 0 0 0 0 0
163 AAT 1 15 1 201932 0 0 0 1 0 0 0 9 0 0 0 3 0 0 0 0 0 0 0 0 0 0 0 0 0 0 0 0 0 0 0 6 0 0 0 0 0 0 0 0 0 0 0 0 0 0 0 0 0 0 0 0 0 0 0 0 0 0 0 0
164 TTG 0 0 0 0 0 0 0 0 0 0 0 0 2 0 3 0 0 0 0 0 0 0 1 0 0 0 0 0 0 15 11 6 0 0 0 0 0 0 0 0 0 0 0 0 0 6 11 19 0 0 0 0 0 0 5 0 0 0 0 0 34 0 202079 2
165 CTA 0 0 0 1 0 0 0 0 0 0 0 0 5 0 0 0 2 1 0 1 17 0 0 0 2 0 0 0 202402 19 29 3 0 0 0 0 0 0 0 0 0 2 0 0 1 0 0 0 0 0 0 0 0 4 0 0 0 0 0 0 29 0 1 0
166 TGG 0 0 0 0 0 0 0 0 0 0 1 0 0 0 0 0 0 0 0 0 0 0 0 0 0 0 8 0 0 0 0 0 0 0 0 0 0 0 0 0 0 0 6 0 0 0 0 0 0 0 114 0 0 0 0 0 29 0 202255 5 0 0 3 0
167 CTG 0 0 0 0 0 0 0 0 0 0 0 0 2 20 7 7 0 0 1 0 0 0 11 0 0 0 1 0 33 13 200407 10 0 0 0 0 0 0 0 0 0 0 0 0 0 0 7 17 0 0 0 0 0 0 0 0 0 0 0 0 1 0 48 0
168 ACG 0 0 18 0 68 21 201892 14 0 0 2 0 0 0 33 0 0 0 0 0 0 0 2 0 0 0 0 0 0 1 0 0 0 0 0 0 0 0 22 0 0 4 0 0 0 0 0 0 0 0 0 1 0 0 1 0 0 0 0 0 0 0 0 0
169 AAG 39 6 201383 16 0 5 3 14 2 82 19 87 0 0 52 0 0 10 0 5 0 0 0 0 0 3 1 0 6 3 1 2 0 0 6 0 0 41 8 177 0 7 0 0 20 18 14 4 0 0 2 0 46 51 76 117 0 3 0 1 0 0 0 0
170 AAG 20 15 200839 16 1 0 10 3 1 17 40 4 0 1 9 2 11 8 4 4 0 0 0 0 11 13 2 5 47 14 5 2 0 0 20 1 29 20 36 0 0 0 0 3 10 0 0 0 0 2 1 0 22 9 3 0 0 0 7 0 0 3 15 0
171 GGG 0 24 0 7 0 5 2 0 0 3 12 0 8 0 0 0 0 14 0 0 0 0 0 0 0 0 2 0 5 19 10 3 0 15 95 75 4 15 13 7 27 0 201053 4 0 0 10 0 0 1 0 3 2 1 1 1 0 0 4 0 0 0 0 14
172 GAT 0 2 0 33 17 0 6 0 0 2 0 1 1 1 0 0 4 0 0 0 6 3 0 12 0 0 0 0 0 0 1 14 17 11 64 202231 3 0 2 3 0 0 0 43 0 2 0 6 0 0 1 4 0 4 1 0 0 0 0 0 0 0 0 0
173 TCA 0 10 0 38 118 24 0 3 0 1 0 0 10 39 0 9 0 3 48 10 19 0 0 4 0 0 0 2 11 16 22 25 58 28 12 0 5 0 5 7 0 1 13 2 3 43 33 9 3 3 0 33 201645 21 79 24 2 0 0 0 43 2 1 0
174 TAC 0 1 0 0 0 0 0 0 0 0 0 0 0 0 1 0 0 17 0 0 0 0 0 0 0 0 0 0 0 0 0 0 0 0 0 0 0 0 0 0 0 0 0 0 0 0 0 0 5 202236 1 62 0 1 0 0 0 29 0 0 0 9 0 0
175 CCA 30 6 87 5 26 44 0 82 5 0 9 7 0 0 0 0 55 25 215 0 201392 4 5 17 16 31 2 22 18 41 0 1 0 6 0 9 71 0 23 0 0 5 2 8 11 10 1 12 0 41 0 7 30 3 8 25 0 1 0 0 0 9 1 2
176 AAG 24 0 201701 4 7 7 63 22 1 20 75 0 11 9 40 0 23 4 65 22 18 34 29 82 28 5 0 12 16 57 0 3 0 0 9 0 3 3 0 7 1 1 2 1 21 2 44 0 0 0 1 25 3 8 0 1 0 0 8 0 5 16 0 30
177 CTG 0 0 0 0 0 39 44 2 0 0 0 5 0 3 2 0 0 0 0 0 0 0 5 0 0 0 1 0 31 1 202249 7 0 0 0 0 12 1 27 0 0 0 0 0 34 21 1 30 0 0 0 0 0 3 4 0 0 8 0 0 1 7 21 0
178 ACC 0 4 0 1 18 202196 18 6 0 4 0 3 0 32 0 4 7 9 9 45 0 0 0 0 0 0 0 0 2 1 0 15 0 0 1 0 1 37 12 1 9 0 0 0 0 1 3 20 0 0 0 0 1 11 0 0 0 0 2 0 0 4 0 1
179 AAT 25 26 2 202440 0 0 1 9 0 7 0 19 1 0 2 0 0 0 0 0 0 0 0 0 0 0 0 0 0 0 0 2 0 2 1 10 0 4 0 0 5 7 5 9 24 0 4 1 0 0 0 1 0 0 1 0 0 0 0 0 0 0 0 0
180 TCC 0 1 0 1 0 22 1 19 3 1 5 9 0 1 11 2 1 8 0 0 0 19 0 0 7 0 0 0 2 2 3 0 33 3 1 0 0 4 13 1 0 0 0 0 0 0 0 33 0 10 0 0 10 202141 36 16 0 0 0 0 0 17 1 0
181 TAT 0 0 0 4 0 0 0 0 0 0 0 0 0 0 0 0 0 0 0 49 0 0 0 0 0 0 0 0 0 0 0 0 0 0 0 3 0 0 0 0 0 0 0 0 0 0 0 0 2 9 2 202488 0 0 0 0 0 0 0 10 0 6 0 5
182 GTG 0 0 0 3 0 3 0 18 12 11 0 2 0 0 51 0 5 15 25 0 0 0 0 0 3 0 6 10 5 2 5 0 4 0 3 0 0 13 13 0 0 0 0 0 40 7 202095 7 0 2 0 0 10 0 0 0 0 0 22 0 19 0 3 1
183 AAC 1 202596 1 21 0 1 0 0 0 7 0 0 0 0 0 0 0 3 0 0 0 0 0 0 0 0 0 0 0 0 0 0 0 11 0 0 0 0 0 0 0 0 0 0 0 0 0 0 0 1 0 0 0 0 0 0 0 0 0 0 1 0 0 0
184 AAT 6 42 3 202402 0 3 1 26 0 0 0 31 0 0 0 2 2 0 1 0 0 0 0 0 0 0 1 0 2 0 0 0 1 0 0 10 0 0 0 0 6 0 0 5 0 0 1 1 0 0 0 0 9 0 0 5 0 0 0 0 0 0 0 0
185 AAA 202224 7 43 2 1 0 0 0 32 0 0 0 5 0 4 0 0 0 0 0 0 0 0 0 0 0 0 0 0 0 2 0 30 0 0 0 0 0 0 0 2 5 0 2 0 0 0 6 1 0 0 0 0 0 0 0 0 0 0 0 0 0 0 0
186 GGG 0 2 0 0 0 6 6 1 0 0 32 0 0 0 0 0 0 0 0 1 0 1 0 0 0 0 0 0 0 0 1 0 0 3 44 4 9 2 1 6 22 13 202100 6 0 0 2 0 0 0 0 0 0 4 0 33 0 0 10 0 0 0 0 0
187 AAA 202138 6 38 2 4 0 8 0 23 0 0 0 1 0 0 0 14 0 0 0 0 0 0 0 0 0 0 0 0 4 0 2 21 0 0 0 1 0 0 4 1 0 0 0 0 0 0 24 1 0 0 0 0 0 0 0 0 1 0 3 12 1 0 0
188 GAA 8 2 0 0 2 0 2 0 0 5 0 1 0 0 0 0 0 2 1 0 9 1 0 0 0 0 0 0 0 3 0 0 202276 23 20 5 7 0 0 0 22 0 0 0 1 0 0 2 4 0 0 0 0 4 0 0 0 0 0 0 6 0 0 0
189 GTC 0 0 0 0 0 0 0 0 0 0 0 0 6 48 0 0 0 0 0 0 0 0 0 0 0 0 0 0 0 0 0 2 0 1 0 0 0 7 0 0 0 0 0 0 14 202105 0 48 0 0 0 0 0 0 0 0 0 0 0 0 0 1 0 0
190 CTT 0 0 0 0 0 0 0 0 0 0 0 0 0 0 7 17 0 0 0 11 0 1 0 30 0 0 0 10 2 14 7 202374 0 0 0 0 0 0 0 0 0 0 0 0 0 0 0 0 0 0 0 0 0 0 0 0 0 0 0 0 0 0 0 5
191 GTA 0 0 0 0 0 0 0 0 0 0 0 0 27 1 0 0 0 0 0 0 0 0 0 0 0 0 0 0 20 0 3 3 1 0 0 0 9 0 0 0 2 0 0 0 193742 2 41 7 0 0 0 0 0 0 0 0 0 0 0 0 10 0 1 0
192 CTA 0 0 0 0 0 0 0 0 0 0 0 0 23 2 1 3 2 0 0 0 14 0 0 0 0 0 0 0 193654 2 19 7 0 0 0 0 0 0 0 0 0 0 0 0 2 0 0 8 0 0 0 0 0 0 0 0 0 0 0 0 30 0 5 0
193 TGG 0 0 0 0 0 0 0 0 0 0 3 0 0 0 0 0 0 0 0 0 0 0 0 0 0 0 4 0 0 0 0 0 0 0 0 0 0 0 0 0 0 0 0 0 0 0 0 0 0 0 12 0 0 0 0 0 13 0 193624 2 0 0 1 0
194 GGT 0 0 0 0 0 0 0 0 0 0 0 3 0 0 0 0 0 0 0 0 0 0 0 0 0 0 0 0 0 0 0 0 0 0 0 10 3 0 0 2 7 15 27 192199 0 0 0 2 0 0 0 0 0 0 0 0 0 0 0 3 0 0 0 0
195 GTT 0 0 0 0 0 0 0 0 0 0 0 0 0 6 0 39 0 0 0 0 0 0 0 0 0 0 0 0 6 0 0 13 0 0 0 1 0 0 0 20 0 0 0 2 5 38 19 193031 0 0 0 0 0 0 0 0 0 0 0 0 0 1 0 1
196 CAT 0 0 0 2 0 0 0 0 0 0 0 0 0 0 0 0 0 49 0 193364 0 0 0 2 0 0 0 8 0 0 0 3 0 0 0 0 0 0 0 0 0 0 0 0 0 0 0 0 0 0 0 7 0 0 0 0 0 0 0 0 0 0 0 0
197 CAC 0 137 0 5 0 5 0 2 0 0 0 0 0 0 1 0 0 193457 0 19 0 3 0 0 0 14 0 0 0 4 0 0 0 8 0 0 0 0 1 0 0 0 0 0 0 0 0 0 0 14 0 1 0 5 10 5 0 0 4 2 22 0 0 0
198 CCG 0 0 0 0 0 0 4 0 0 0 0 0 0 0 0 0 0 0 6 0 61 1 193259 9 0 0 2 0 0 0 5 0 0 0 0 0 0 0 0 1 0 0 0 0 0 0 0 0 0 0 0 0 0 0 13 0 0 0 0 0 0 0 0 0
199 TCT 0 0 0 0 0 0 0 4 0 0 0 4 0 0 2 0 0 0 0 0 0 0 0 16 0 0 0 0 0 0 0 0 0 0 0 3 0 0 0 5 0 0 0 0 0 0 0 0 0 4 0 27 1 33 9 193642 0 0 0 0 0 0 0 15
200 AGC 0 27 0 0 0 0 0 0 3 193237 1 28 0 7 0 0 0 0 0 0 0 0 0 0 0 1 0 0 0 0 0 0 0 0 0 0 0 0 0 0 0 17 0 0 0 0 0 0 0 0 0 0 0 0 0 0 0 0 0 0 0 0 0 0
201 AGT 3 6 5 29 0 40 2 2 1 7 2 193369 13 34 5 16 6 3 0 1 0 0 1 0 3 0 0 2 3 0 0 3 10 0 16 0 1 0 0 0 0 4 0 20 0 0 0 0 0 0 0 0 0 27 4 0 0 0 9 1 1 0 4 6
202 GAT 0 0 0 25 0 0 0 0 0 56 0 0 0 0 0 0 0 0 0 0 0 0 0 0 0 0 0 0 0 0 1 0 28 16 13 193410 5 0 0 2 0 0 2 30 0 1 0 5 0 0 0 4 7 0 4 3 0 0 0 0 0 0 0 0
203 GAG 0 0 17 0 0 0 0 0 0 0 0 0 0 0 0 0 0 0 0 0 0 0 0 0 0 0 0 0 0 0 0 0 48 1 193776 5 0 0 4 0 0 0 19 0 0 0 2 0 0 0 5 0 0 0 0 0 0 0 0 0 0 0 0 0
204 CAA 0 0 0 0 0 0 0 0 0 0 0 0 0 0 0 0 193723 2 7 2 2 0 0 0 3 0 0 0 1 0 0 0 3 0 0 0 0 1 2 0 0 0 0 0 0 0 0 0 19 0 0 0 0 0 0 0 0 4 0 0 0 0 0 0
205 CAG 3 0 3 26 4 2 0 0 1 1 0 6 0 0 0 0 23 1 193551 4 0 0 4 0 0 1 38 0 55 1 6 0 0 0 26 0 3 3 10 0 2 4 1 6 0 0 3 0 0 8 5 25 0 0 7 0 0 0 0 0 0 0 0 0
206 AGT 0 0 0 21 0 10 2 1 0 35 0 193400 6 2 0 7 4 0 0 0 0 0 0 0 0 0 0 1 14 0 0 1 11 34 2 51 0 0 1 0 0 11 2 28 0 0 0 1 0 0 0 0 4 1 4 1 0 0 0 2 0 0 3 0
207 CTC 0 0 0 0 0 0 0 0 0 0 0 0 0 2 52 0 0 0 0 0 0 9 0 0 0 0 0 0 9 193349 49 6 0 0 0 0 0 4 0 0 0 0 0 0 0 1 0 0 0 0 0 1 0 0 0 0 0 0 0 0 0 11 0 0
208 TAT 0 0 0 2 0 0 0 0 0 0 0 0 0 0 0 0 0 0 0 13 0 0 0 0 0 0 0 0 0 0 0 0 0 0 0 1 0 0 0 0 0 0 0 0 0 0 0 0 1 14 2 192342 0 0 0 0 0 0 0 4 0 0 0 3
209 AGT 1 6 9 54 6 7 66 32 0 12 3 192877 4 0 16 22 0 5 0 0 0 0 2 0 0 0 10 5 69 3 5 13 7 60 0 7 0 0 0 11 32 1 12 155 5 2 0 0 0 1 0 6 0 0 3 7 0 0 0 0 11 1 26 0
210 AAT 6 7 70 193312 0 2 1 16 0 7 0 20 43 3 0 3 8 0 8 9 1 10 38 1 0 5 0 1 2 0 7 0 1 0 43 30 13 0 18 76 0 20 0 0 13 0 3 34 0 1 0 5 54 54 0 1 0 0 0 0 22 1 9 1
211 GGA 0 0 0 17 3 29 0 0 19 4 0 0 7 0 0 0 1 0 1 2 6 17 0 0 0 0 1 0 0 3 0 0 31 1 0 3 0 1 0 0 193232 0 32 30 1 0 0 0 0 0 0 0 0 15 9 4 7 0 0 0 1 1 18 7
212 AAT 18 5 14 193394 0 0 0 1 0 0 0 13 8 0 4 2 16 27 2 3 6 23 0 0 0 0 0 0 0 1 3 0 7 0 0 11 23 0 1 31 0 25 0 15 0 6 2 24 0 1 0 3 0 0 0 0 0 0 0 0 0 0 11 3
213 GCT 2 0 4 0 66 30 3 120 0 0 0 10 0 0 0 0 0 0 1 0 0 20 2 118 0 0 0 0 0 0 0 0 0 0 0 3 10 24 15 193271 1 0 0 0 0 3 0 9 0 0 0 2 5 0 4 81 0 0 0 0 0 0 0 0
214 TAT 1 0 0 0 1 0 0 0 0 0 0 0 0 2 0 0 3 0 5 38 0 0 0 0 0 0 0 0 1 0 1 0 0 0 0 5 0 0 1 0 0 0 0 0 129 7 0 1 2 6 1 193539 1 1 1 1 0 0 0 16 0 7 0 4
215 GTC 0 0 0 0 0 0 0 0 0 0 0 0 7 35 0 0 0 0 0 0 0 0 0 0 0 0 0 0 0 0 0 0 0 2 0 0 0 8 0 0 0 1 0 0 15 193649 1 10 0 0 0 0 0 0 0 0 0 0 0 0 2 0 0 0
216 TCT 1 0 0 4 6 0 0 7 110 0 5 1 6 4 2 1 1 17 15 0 0 0 0 15 0 0 12 3 6 0 0 0 0 0 0 0 13 2 2 7 0 1 0 0 1 0 4 15 0 241 0 11 7 24 16 193230 0 0 15 4 0 77 6 19
217 GTA 0 0 0 0 0 0 0 0 0 0 0 0 35 0 0 1 0 0 0 0 0 0 0 0 0 0 0 0 0 0 0 0 1 0 0 0 10 0 0 0 0 0 0 0 192899 8 47 7 0 0 0 0 0 0 0 0 0 0 0 0 1 0 0 0
218 GCG 0 0 0 0 0 33 40 0 0 48 0 0 0 10 7 5 19 35 3 0 0 0 1 0 0 0 0 7 3 0 0 0 0 0 2 0 47 7 192415 26 0 0 0 0 0 11 72 0 0 2 0 4 13 6 17 32 0 6 9 4 0 2 0 3
219 TCT 7 0 2 0 2 1 0 20 0 1 0 0 0 0 0 0 0 0 0 0 0 0 0 17 0 0 0 0 0 0 0 0 0 0 0 0 4 1 2 0 21 13 1 1 0 0 0 0 0 0 0 7 6 70 28 193299 0 0 0 2 0 0 0 7
220 TCA 14 0 0 21 18 10 35 0 3 4 1 0 0 0 20 0 2 4 11 51 104 19 1 7 0 17 0 12 20 14 7 0 2 30 0 16 2 1 1 46 9 16 3 0 0 24 1 0 0 9 0 2 193001 2 13 7 0 1 1 0 54 0 5 0
221 AAT 2 23 3 193253 0 1 2 15 0 1 1 10 0 0 8 8 0 7 1 1 0 0 0 0 0 0 1 0 0 0 2 0 0 0 2 27 0 1 6 0 9 1 4 9 0 1 0 0 0 0 0 0 2 9 6 0 0 0 0 0 0 0 0 0
222 TAT 0 0 0 1 0 1 0 3 0 0 0 0 0 0 18 2 0 0 0 9 0 0 0 0 0 0 0 0 7 0 1 7 0 0 0 0 0 0 0 0 0 0 0 0 0 3 0 3 3 33 0 193500 1 0 0 3 0 0 11 14 1 10 2 0
223 AAC 2 192437 0 46 0 2 0 0 0 13 0 0 30 73 1 5 4 63 3 252 0 0 0 0 4 0 0 0 0 2 28 1 184 38 26 0 4 33 18 8 2 1 1 1 8 12 3 30 1 41 0 43 0 0 3 0 0 0 0 1 64 34 14 20
224 AGG 14 7 16 6 0 2 1 5 23 4 192999 2 0 0 7 0 3 5 42 12 0 0 0 0 21 4 6 52 0 1 3 0 0 0 0 0 7 0 0 6 0 5 18 16 0 2 0 1 0 0 0 0 22 2 1 4 0 0 7 1 0 0 0 0
225 AGA 32 0 7 0 0 0 0 0 193609 1 41 1 5 3 4 0 1 0 5 0 0 0 0 0 2 0 0 6 0 3 8 0 0 0 0 0 0 0 0 0 36 0 0 0 0 0 0 0 0 0 0 0 0 0 0 0 0 0 0 0 0 0 0 0
226 TTC 0 0 0 1 2 12 8 0 0 0 0 0 44 17 4 17 0 0 0 0 0 0 0 0 0 0 0 0 5 20 3 0 0 0 0 0 0 0 0 0 0 0 0 0 20 13 14 21 0 2 0 6 0 14 1 0 0 0 2 0 23 192908 6 30
227 ACC 20 8 1 3 15 193137 6 17 3 7 2 0 40 33 12 5 0 9 2 0 0 0 0 0 15 17 0 5 1 0 0 1 0 0 0 0 5 59 1 0 0 4 0 0 0 0 0 2 0 0 0 3 1 18 3 7 0 0 1 0 0 43 0 3
228 CCG 0 1 0 0 0 0 0 1 0 0 0 0 0 0 1 30 0 0 8 0 58 4 190096 23 0 0 14 0 0 0 16 0 0 0 0 0 0 9 3 4 0 0 1 0 23 0 13 29 0 0 0 0 2 0 22 3 0 0 0 1 0 0 0 0
229 GAA 22 2 0 0 14 0 4 23 0 4 0 0 0 0 0 0 1 1 0 0 0 0 1 1 0 0 0 0 0 1 0 0 154891 21 16 1 3 2 1 1 31 13 6 7 7 1 1 2 7 23 0 21 62 14 6 25 0 0 1 0 1 103 5 34
230 ATA 2 0 0 4 9 13 4 0 0 2 2 0 192461 4 52 27 0 2 0 1 11 11 7 1 1 0 0 0 3 2 0 6 0 0 0 0 0 1 0 0 0 0 0 0 69 21 1 4 0 14 0 6 0 1 0 6 0 1 0 0 2 0 1 11
231 GCT 5 0 0 0 56 26 118 62 18 12 13 15 0 0 3 0 58 5 76 5 0 0 0 0 0 0 0 8 44 23 32 0 0 0 0 4 3 44 8 191988 0 0 0 1 4 67 188 476 0 64 0 2 9 0 4 19 0 0 46 5 20 1 38 0
232 GCA 4 15 22 75 87 0 1 12 12 48 1 3 36 158 89 219 14 109 16 177 37 4 99 24 9 4 46 4 12 7 8 41 13 11 14 28 190288 28 68 5 1 1 12 15 10 53 60 124 0 27 0 126 15 0 10 0 0 3 24 9 52 108 79 51
233 AGG 3 0 17 0 0 0 0 0 71 0 193050 3 0 0 11 0 0 0 1 0 0 0 0 0 2 2 21 9 0 0 0 0 0 0 0 0 0 0 0 0 0 0 37 0 0 0 0 0 0 0 0 0 0 0 0 0 0 0 9 0 0 0 0 0
234 CCC 8 0 2 2 0 16 6 1 10 0 0 2 0 8 5 6 0 12 0 0 7 191305 5 57 0 35 0 14 0 3 1 9 0 0 0 0 9 40 3 0 0 0 0 0 1 0 27 0 0 2 0 0 0 10 4 1 0 0 0 0 0 1 0 1
235 AAA 185742 13 33 7 2 0 11 0 19 10 0 3 4 0 38 3 24 1 38 0 1 0 3 0 7 70 0 0 39 98 135 13 25 2 1 0 8 21 9 30 0 0 0 0 38 15 0 17 1 35 0 1 30 6 0 4 0 106 1 0 53 0 18 6
236 GTA 0 2 1 4 10 16 0 0 5 4 1 2 90 20 76 19 5 31 8 0 0 0 0 0 1 13 3 0 8 13 15 31 0 0 0 1 20 3 2 18 0 0 0 0 189180 12 42 9 6 2 0 0 0 11 3 2 0 1 0 2 33 0 1 3
237 AGA 38 63 32 31 0 1 0 1 184041 13 29 3 10 1 25 1 91 3 18 0 0 0 0 0 6 0 0 0 4 18 4 0 1 0 8 0 0 10 8 2 37 0 8 0 0 1 1 0 0 11 0 2 21 0 24 0 2 11 5 0 2 25 8 12
238 GAT 0 0 0 6 4 1 7 1 0 0 0 0 0 9 0 0 0 0 0 1 0 0 0 0 0 0 0 0 1 0 0 1 3 31 0 177469 0 0 0 0 2 0 0 13 0 0 0 2 0 0 0 1 3 0 0 0 0 0 0 0 0 0 0 0
239 CAA 3 0 1 0 3 0 0 0 0 0 0 1 0 0 15 0 185172 0 33 0 2 0 0 0 32 0 0 0 2 0 1 0 1 0 0 0 0 0 0 2 0 0 0 0 0 0 1 3 5 0 0 0 0 0 0 0 1 0 0 0 1 0 0 0
240 CAT 0 6 0 10 6 0 0 3 0 0 0 3 32 8 5 0 17 5 13 87155 7 17 1 6 0 0 5 4 6 0 1 1 0 0 0 0 1 0 0 1 0 0 0 0 15 16 8 0 0 0 0 8 2 10 0 0 0 0 0 0 2 0 15 0
241 GGG 0 0 0 0 0 0 0 0 0 0 7 0 0 0 0 0 0 0 0 0 0 0 0 0 0 0 0 0 0 0 0 0 0 0 8 0 0 0 0 0 10 0 139334 4 0 0 2 0 0 0 0 0 0 0 0 0 0 0 2 0 0 0 0 0
242 AGG 0 0 22 0 0 0 0 0 25 0 120115 1 0 0 0 0 0 0 0 0 0 0 0 0 2 0 4 1 0 0 0 0 0 0 0 0 0 0 0 0 0 0 20 0 0 0 0 0 0 0 0 0 0 0 0 0 0 0 1 0 0 0 0 0
243 ATG 0 0 1 0 0 0 8 0 0 0 0 0 11 0 143860 6 0 0 0 0 0 0 0 0 0 0 0 0 0 0 1 0 0 0 0 0 0 0 0 0 0 0 0 0 0 0 12 0 0 0 0 0 0 0 0 0 0 0 0 0 0 0 0 0
244 AAC 11 149930 0 26 1 2 0 0 0 2 1 0 5 5 3 5 3 27 0 0 0 0 0 0 1 0 0 0 1 6 0 0 0 16 0 0 2 5 1 0 0 0 1 0 0 0 0 2 0 17 0 3 0 0 0 1 0 0 0 0 22 1 11 4
245 TAT 0 0 0 0 0 1 0 0 0 0 0 0 0 0 0 1 0 0 0 10 0 0 0 0 0 0 0 0 0 0 0 0 0 0 0 1 0 0 0 0 0 0 0 0 0 0 0 0 6 8 2 145083 0 0 0 1 0 0 0 3 0 0 0 0
246 TAC 0 1 0 0 0 0 0 0 0 0 0 0 0 0 0 0 0 81 0 21 0 0 0 0 0 0 0 0 0 0 0 0 0 1 0 0 1 0 0 0 0 0 0 0 0 0 0 0 1 162011 0 14 0 2 0 0 0 10 0 0 0 1 0 5
247 TGG 0 0 0 0 0 0 0 0 0 0 1 0 0 0 0 0 0 0 0 0 0 0 0 0 0 0 16 0 0 0 0 0 0 0 0 0 0 0 0 0 0 0 1 0 0 0 0 0 0 1 9 0 0 0 0 0 9 0 171009 0 0 0 1 0
248 ACC 0 0 0 0 14 183553 9 26 0 0 0 0 1 18 3 5 5 2 0 9 0 0 0 0 0 0 0 0 0 0 10 4 0 0 0 0 5 14 1 1 0 0 0 0 0 0 7 1 0 0 0 0 9 4 1 4 0 0 0 0 0 0 1 0
249 TTG 0 0 0 0 0 0 3 0 0 0 0 0 5 0 1 27 0 0 0 0 0 0 0 0 0 0 0 1 0 12 24 2 0 0 0 0 0 0 0 0 0 0 0 0 4 4 10 1 0 0 1 0 0 0 11 0 0 0 0 0 151 1 186623 7
250 CTA 0 0 0 0 0 0 0 0 0 0 0 0 15 14 0 4 1 0 0 0 9 0 0 0 2 0 0 0 191963 37 18 22 0 0 0 0 0 0 0 0 0 0 0 0 2 1 4 0 0 0 0 0 0 0 0 0 0 0 0 0 77 0 2 0
251 GAA 30 24 8 5 13 6 1 2 37 11 0 1 1 0 35 0 16 3 1 2 13 7 70 17 5 0 7 0 1 1 0 0 190938 11 12 0 9 5 3 2 36 6 2 0 7 5 3 0 8 14 0 38 0 14 0 0 0 1 0 0 6 3 1 0
252 CCC 0 0 0 1 0 0 0 1 0 0 0 0 0 0 0 0 0 4 0 0 10 184267 4 37 0 0 0 0 0 2 0 0 4 0 0 0 0 2 0 5 0 0 0 0 0 0 0 0 0 0 0 0 0 11 3 0 0 0 0 0 0 0 0 0
253 GGA 0 2 1 2 1 0 0 0 37 4 0 1 0 0 0 0 2 0 2 0 0 0 0 0 4 0 1 2 2 0 4 1 16 2 2 0 1 0 1 4 189860 1 90 6 3 0 0 0 0 4 0 0 0 0 0 0 6 0 0 0 0 0 2 0
254 GAC 0 19 0 0 0 1 0 0 0 0 0 0 0 0 0 0 61 10 2 3 0 0 0 0 0 0 0 0 0 0 0 0 14 188244 24 16 1 0 12 0 1 27 6 0 0 0 0 0 0 3 0 0 1 4 0 0 0 0 0 0 0 0 0 0
255 ACA 3 21 0 1 190187 20 23 24 3 0 0 8 8 1 0 5 2 3 3 2 3 0 0 0 0 0 1 0 0 0 4 0 1 2 1 2 8 5 5 0 0 2 0 7 1 13 0 8 0 11 0 12 5 1 0 0 0 2 17 1 0 5 0 1
256 ATA 2 0 0 0 11 0 0 0 2 0 0 0 193174 8 21 22 0 0 0 0 0 0 0 0 0 0 0 0 1 13 0 0 0 0 0 0 3 0 0 0 0 0 0 0 18 0 2 0 0 0 0 0 0 0 0 0 0 0 0 0 18 0 5 0
257 ATA 4 0 1 12 21 7 0 1 2 15 0 4 192609 10 65 33 29 0 25 0 0 0 0 0 0 0 0 0 44 21 18 21 0 0 0 0 0 5 9 25 3 33 0 10 40 1 2 0 0 3 0 34 0 182 5 1 0 0 12 5 53 65 29 8
258 TTT 0 0 0 0 0 0 0 0 0 0 0 0 0 0 0 10 0 0 0 0 0 0 0 0 0 0 0 0 0 2 0 15 0 0 0 0 0 0 0 0 0 0 0 0 0 0 0 6 0 0 1 0 0 0 0 1 0 0 0 0 5 14 2 193055
259 GAG 0 0 11 0 1 0 2 0 0 0 0 0 0 0 0 0 0 0 0 0 0 0 0 0 0 0 0 0 0 0 0 0 15 0 193254 14 0 0 5 0 0 0 41 0 1 5 9 0 0 0 0 0 0 0 0 0 0 0 0 0 0 0 0 0
260 GCA 0 0 0 0 36 0 0 0 0 0 0 0 0 0 0 0 0 0 0 0 0 0 0 0 0 0 0 0 0 0 0 0 2 0 0 0 193433 15 19 28 1 0 0 0 12 0 0 0 0 0 0 0 1 0 0 0 0 0 0 0 0 0 0 0
261 ACT 0 1 0 13 29 36 3 193490 0 4 0 14 1 0 1 11 1 0 0 0 0 0 0 0 0 0 0 0 0 2 0 0 0 0 0 0 0 0 0 5 0 0 0 0 0 0 0 0 0 0 0 0 3 5 4 1 0 0 0 0 0 0 0 0
262 GGT 0 0 0 0 0 0 0 0 0 0 0 11 0 0 0 0 0 0 0 0 0 0 0 0 0 0 0 1 0 0 0 0 0 0 0 5 0 0 0 0 11 38 9 193042 0 0 0 1 0 0 0 0 0 0 0 0 0 0 0 0 0 0 0 0
263 AAT 0 20 0 193499 0 0 0 0 0 0 0 1 0 0 0 0 0 0 0 0 0 0 0 0 0 0 0 0 0 0 0 0 0 0 0 11 0 0 0 0 0 0 0 0 0 0 0 0 0 0 0 0 0 0 0 0 0 0 0 0 0 0 0 0
264 CTA 0 0 0 0 0 0 0 0 0 0 0 0 6 4 0 0 1 0 0 0 27 0 0 0 0 0 0 0 193500 7 11 7 0 0 0 0 0 0 0 0 0 0 0 0 1 1 0 0 0 2 0 2 0 0 0 0 0 0 1 0 8 4 0 0
265 ATA 1 0 0 0 1 0 0 0 0 0 0 0 193480 29 36 9 0 0 0 0 0 0 0 0 0 0 0 0 6 84 18 1 0 0 0 0 0 2 4 4 0 0 0 0 27 1 8 7 0 0 0 0 0 0 0 0 0 0 0 0 37 0 25 0
266 GCA 0 0 0 0 14 0 0 0 0 0 0 0 0 0 0 0 0 0 0 0 1 0 0 0 0 0 0 0 0 0 0 0 1 0 0 0 192907 24 15 11 1 0 0 0 12 0 0 0 0 0 0 0 4 0 0 0 0 0 0 0 0 0 0 0
267 CCA 0 0 0 0 2 0 0 0 0 0 0 0 0 0 0 0 2 0 0 0 193386 24 17 36 0 0 0 0 5 0 0 0 0 0 0 0 0 0 0 0 0 0 0 0 0 0 0 0 0 0 0 0 4 0 0 0 0 0 0 0 0 0 0 0
268 TGG 0 1 0 0 0 0 1 0 0 0 1 0 0 0 0 0 0 1 2 0 0 0 0 0 0 0 17 1 0 0 0 0 0 0 0 0 0 1 0 0 2 0 2 1 0 6 1 0 0 0 11 0 29 4 1 0 20 3 193251 1 1 1 3 0
269 TAT 0 0 0 1 0 0 0 1 0 0 0 0 0 0 3 0 0 4 0 34 0 0 0 0 0 0 0 0 0 0 0 0 0 0 0 1 0 0 0 0 0 0 0 0 0 0 0 0 2 10 1 193537 0 0 0 0 0 0 35 8 0 0 0 16
270 GCT 0 0 0 0 0 0 0 39 0 0 0 0 0 0 0 0 0 0 0 0 0 0 0 0 0 0 0 0 0 0 0 0 0 0 0 1 8 27 11 192087 0 0 13 6 0 0 0 13 0 0 0 0 0 0 0 5 0 0 0 0 0 0 0 0
271 TTC 0 0 0 0 0 0 0 0 0 0 0 0 0 1 0 0 0 0 0 0 0 0 0 0 0 0 0 0 0 12 0 0 0 0 0 0 0 0 0 0 0 0 0 0 0 1 0 0 0 23 0 4 0 10 0 0 0 0 0 0 6 192188 4 54
272 GCA 1 0 5 0 45 0 0 3 1 0 0 0 0 5 0 1 5 0 25 0 0 0 0 0 0 0 0 1 0 5 1 8 6 0 11 0 193180 23 19 15 1 0 0 13 19 17 16 0 0 0 0 0 9 3 2 12 0 0 0 0 0 0 45 0
273 CTG 0 0 0 0 0 0 0 0 0 0 0 0 1 4 4 23 0 0 0 0 0 0 51 0 0 0 2 0 109 14 193242 16 0 0 0 0 0 0 0 0 0 0 0 0 5 7 7 23 0 0 0 0 0 0 0 0 0 0 0 0 2 5 36 0
274 AGT 20 1 0 44 6 3 8 27 12 16 16 193475 2 23 5 7 1 0 5 3 0 0 0 0 0 1 3 1 9 5 0 2 8 20 1 2 0 1 0 0 5 0 0 19 0 1 2 16 4 1 0 2 0 25 14 15 0 0 0 2 2 0 18 2
275 AGA 33 0 3 0 0 0 0 0 193597 1 31 0 2 0 0 0 1 0 0 2 0 0 0 2 5 22 0 0 0 0 0 0 0 0 0 0 0 0 0 1 14 0 0 0 0 0 0 0 0 12 0 0 0 0 0 1 1 0 0 0 0 0 0 0
276 GGG 5 121 0 89 4 0 25 3 2 10 24 1 0 0 5 0 9 4 5 2 0 0 0 0 3 1 0 6 0 0 3 4 18 0 16 0 3 7 3 1 37 22 193082 8 0 1 6 0 0 0 0 0 59 11 42 43 0 0 18 0 0 0 1 1
277 TTT 9 7 0 7 0 7 0 12 9 65 5 20 66 4 6 16 27 72 1 7 13 13 0 7 7 2 0 0 13 7 0 20 13 9 6 0 0 1 0 87 7 2 5 12 0 12 37 26 0 5 0 3 8 15 6 30 0 0 14 1 5 78 1 192919
278 GAG 6 34 15 15 10 13 0 6 6 8 1 8 1 4 0 3 0 1 47 1 36 1 2 4 5 3 1 13 2 42 1 7 51 4 191828 29 1 1 8 6 5 1 76 13 7 0 10 1 0 33 0 1 1 6 0 0 0 0 0 0 1 4 2 2
279 TCC 0 1 0 14 0 4 0 0 2 0 0 0 0 0 0 0 0 0 0 0 0 16 0 0 0 0 0 0 0 0 0 0 0 0 0 0 0 3 0 0 0 0 0 0 0 0 0 0 0 1 0 0 19 191414 9 59 0 3 0 0 0 3 0 0
280 GGC 0 0 0 0 1 0 0 0 0 41 0 0 0 0 0 0 0 0 0 0 0 0 0 0 0 3 0 0 0 0 0 0 0 47 0 0 2 0 0 0 11 193193 0 42 0 0 0 0 0 0 0 0 0 0 0 0 0 3 0 0 0 0 0 0
281 ATC 0 3 0 0 0 16 0 0 0 3 0 0 17 193473 5 40 0 0 0 0 0 0 0 0 0 0 0 0 1 6 4 0 0 0 0 0 0 0 0 0 0 0 0 0 1 15 1 0 0 0 0 0 0 0 0 0 0 0 0 0 0 19 0 56
282 ATC 0 0 0 0 0 17 0 0 0 1 0 0 5 193469 0 30 0 0 0 0 0 0 0 0 0 0 0 0 1 4 0 0 0 0 0 0 0 0 0 0 0 0 0 0 4 8 0 0 0 0 1 0 0 0 0 0 0 0 0 0 0 29 2 9
283 ACC 0 2 1 4 29 193108 8 24 7 2 9 3 5 13 12 4 67 0 19 5 0 1 0 0 1 0 1 0 57 5 2 17 12 0 0 0 36 7 1 0 0 0 0 0 6 0 1 8 0 1 0 0 11 6 2 25 0 3 0 0 3 0 0 11
284 TCA 0 0 0 0 18 0 12 8 0 4 0 8 0 0 0 0 0 0 0 0 32 0 0 0 0 0 0 0 0 0 0 0 0 0 0 0 4 1 0 0 0 0 0 0 1 0 0 0 2 0 0 0 191942 9 110 21 0 0 0 0 5 0 0 0
285 AAC 7 189227 7 374 1 28 0 3 3 9 0 6 4 0 3 0 2 0 0 2 0 0 0 0 12 0 0 6 2 0 0 0 4 19 4 12 3 59 0 3 2 0 12 0 13 0 0 1 0 11 0 0 3 4 5 5 0 0 0 0 3 0 0 0
286 GCG 1 2 0 7 0 0 44 10 0 0 0 0 2 3 14 1 5 1 0 0 0 0 0 0 4 0 0 0 9 0 0 2 0 0 5 0 45 0 176694 10 0 0 1 0 9 0 14 4 0 0 0 0 6 4 11 4 0 0 0 0 12 7 59 1
287 TCA 1 0 12 5 17 0 0 7 0 20 0 5 4 14 0 0 0 0 0 12 35 1 0 1 0 0 0 0 6 1 0 0 4 0 2 0 0 0 0 0 0 0 0 0 1 0 0 0 1 1 0 1 177024 31 29 38 0 0 0 0 16 0 0 4
288 ATG 0 0 3 0 34 10 18 34 0 0 3 0 48 7 177291 5 0 0 16 1 0 48 2 7 0 0 0 1 0 4 37 12 0 0 2 0 0 0 0 18 0 2 2 0 0 6 13 0 0 0 0 1 2 5 2 0 0 0 9 0 7 0 8 1
289 CAT 0 0 5 7 6 8 0 63 0 3 0 1 0 0 0 0 15 23 1 177226 0 0 0 5 0 0 0 5 0 0 1 0 7 3 0 0 29 5 1 0 0 12 6 22 3 0 0 3 0 0 0 49 9 11 5 0 0 0 0 0 0 4 2 0
290 GAG 0 2 5 1 3 0 0 1 0 1 0 3 0 0 0 0 0 0 0 0 1 1 0 0 0 0 0 0 0 0 11 0 10 0 177458 28 0 2 4 0 1 0 16 0 1 0 3 0 0 0 5 0 1 0 1 1 0 0 2 0 0 1 0 0
291 TGT 0 0 0 0 0 0 0 0 0 0 0 2 0 0 0 0 0 0 0 0 0 0 0 0 0 0 0 6 0 0 0 0 0 0 0 0 0 0 0 0 0 0 0 1 0 0 0 0 0 0 0 27 0 0 0 1 2 98 0 176511 0 0 0 0
292 AAC 3 177424 0 47 9 16 1 0 0 30 0 0 1 5 0 0 0 8 0 0 0 0 0 0 0 0 0 0 0 0 0 0 6 48 0 3 0 0 0 0 0 0 0 0 0 0 0 0 1 3 0 0 2 0 0 11 0 0 2 0 0 0 0 0
293 ACG 0 0 1 0 43 0 177338 8 0 7 2 15 0 0 8 0 0 0 0 0 0 0 4 0 0 0 0 0 0 0 0 0 0 0 0 0 0 0 28 3 0 0 0 0 0 0 0 0 1 0 0 0 0 1 3 1 0 0 0 0 0 0 0 0
294 AAG 25 11 176771 9 1 5 20 3 5 0 20 0 2 21 5 1 12 12 16 2 0 0 2 1 1 0 0 1 3 6 9 14 1 1 19 1 35 0 0 1 0 4 0 0 2 0 3 0 0 0 0 14 14 11 2 14 0 1 1 0 0 9 1 4
295 TGT 0 0 0 0 0 0 0 0 0 0 0 3 0 0 0 0 0 0 0 0 0 0 0 0 0 0 0 2 0 0 0 0 0 0 0 0 0 0 0 0 0 0 0 1 0 0 0 0 0 0 0 19 0 0 0 0 1 72 0 177537 0 0 0 2
296 CAA 1 0 0 0 0 0 0 0 0 0 0 0 0 0 0 0 177530 3 29 1 2 0 0 0 37 0 0 0 0 0 0 0 0 0 0 0 0 0 0 0 0 0 0 0 0 0 0 0 5 0 0 0 0 0 0 0 0 0 0 0 0 0 0 0
297 ACA 1 0 0 0 177034 9 7 3 2 0 0 0 11 0 0 0 0 0 0 0 2 0 0 0 0 0 0 0 0 0 0 0 0 0 0 0 28 0 0 0 0 0 0 0 0 0 0 0 0 0 0 0 9 0 3 10 0 0 0 0 0 0 1 0
298 CCC 0 0 0 0 0 3 0 0 0 0 0 0 0 0 0 0 0 1 0 0 7 177374 1 18 0 0 0 0 0 6 0 0 0 0 0 0 0 2 0 0 0 0 0 0 0 0 0 0 0 0 0 0 0 8 0 0 0 0 0 0 0 0 0 0
299 CAG 0 14 1 0 2 2 15 6 5 1 1 7 0 3 43 1 25 73 176561 85 1 4 6 6 0 3 41 0 1 0 13 3 3 77 30 1 0 0 3 1 0 0 6 0 17 0 0 4 0 1 4 5 0 0 0 4 0 0 3 8 12 0 48 7
300 GGA 0 0 0 0 0 0 0 0 5 0 0 0 0 0 0 0 0 0 0 0 0 0 0 0 0 0 0 0 0 0 0 0 5 0 0 0 0 0 0 0 177628 4 20 44 4 0 0 0 0 0 0 0 0 0 0 0 0 0 0 0 0 0 0 0
301 GCT 0 0 0 0 0 0 0 7 0 4 0 14 0 0 0 0 0 0 0 0 0 0 0 1 0 0 0 0 0 0 0 0 0 0 0 4 17 31 4 177548 0 0 0 1 0 0 0 16 0 0 0 0 1 0 1 22 0 0 0 0 0 0 0 0
302 ATA 2 0 0 0 7 0 0 0 3 0 0 0 177720 4 9 12 0 0 0 0 0 0 0 0 0 0 0 0 0 3 1 1 0 0 0 0 0 0 0 0 0 0 0 0 5 3 0 9 0 0 0 0 0 0 0 0 0 0 0 0 8 0 0 0
303 AAC 2 177188 1 19 0 22 0 0 4 31 1 1 0 18 0 1 0 32 0 0 0 0 2 0 0 2 4 0 0 11 0 0 12 11 29 13 0 1 0 0 2 1 15 7 5 0 3 7 0 1 0 0 0 2 4 7 0 0 0 0 12 1 12 3
304 AGC 0 57 0 1 0 2 0 0 3 177019 0 408 0 3 0 0 0 0 0 0 0 0 0 0 0 1 0 0 0 0 0 0 0 0 0 0 0 0 0 0 3 10 1 0 0 0 0 0 0 0 0 0 0 0 1 3 0 0 0 0 0 0 0 0
305 AAT 1 9 1 176520 0 0 1 1 0 0 0 7 0 0 0 3 0 0 0 3 0 0 0 1 0 12 0 0 0 0 0 0 0 0 0 14 3 0 0 0 5 0 7 25 1 0 0 5 0 0 0 6 1 0 0 5 0 0 0 1 0 0 0 7
306 CTC 0 0 1 0 0 0 0 1 0 0 3 0 0 5 0 0 0 3 0 3 0 37 0 0 0 8 9 1 10 177211 14 25 0 0 0 0 1 10 0 0 0 0 0 0 0 0 0 0 0 5 0 1 4 0 0 0 0 0 0 0 2 50 4 0
307 CCT 0 0 0 0 0 0 0 1 0 0 0 0 0 0 0 0 0 0 0 3 2 79 18 177595 0 0 2 0 0 0 0 7 0 0 0 0 0 0 0 2 0 0 0 0 0 0 0 0 0 0 0 0 0 0 0 15 0 0 0 0 0 0 0 0
308 TTC 0 0 0 0 0 0 0 0 0 0 1 1 0 0 0 0 0 0 0 0 0 0 0 0 0 0 0 0 0 9 0 0 0 0 0 0 0 0 0 0 0 0 0 0 0 0 0 0 0 3 1 5 0 18 0 0 0 0 0 0 1 177391 0 30
309 CAG 0 0 0 0 0 0 0 0 0 0 0 0 0 0 0 0 21 0 177423 3 0 0 2 0 0 0 33 0 0 0 1 0 0 0 0 0 0 0 0 0 0 0 0 0 0 0 0 0 0 0 5 0 0 0 0 0 0 0 0 0 0 0 0 0
310 AAT 1 38 5 177645 0 0 0 4 0 0 0 12 0 0 0 1 0 0 0 0 0 0 0 0 0 0 0 0 0 0 0 0 0 0 0 7 0 0 0 0 0 0 0 0 0 0 0 0 0 0 0 1 0 0 0 0 0 0 0 0 0 0 0 0
311 ATA 2 0 0 0 13 0 0 0 1 0 0 0 177585 26 26 9 0 0 0 0 0 0 0 0 0 0 0 0 0 0 2 0 0 0 0 0 0 0 0 0 0 0 0 0 14 2 5 2 0 0 0 0 0 0 0 0 0 0 0 0 1 0 0 0
312 CAC 0 13 0 7 2 0 2 0 0 10 0 1 0 0 0 0 2 177400 0 21 0 7 0 0 0 10 0 0 0 1 0 0 0 8 0 8 3 13 8 3 0 2 1 2 0 0 0 0 0 21 0 0 4 28 3 20 0 0 1 0 0 0 0 0
313 CCA 6 0 2 0 1 0 0 0 33 0 0 0 0 0 0 1 2 0 0 0 177533 7 22 3 1 3 0 1 11 0 0 0 0 0 0 0 0 3 4 0 0 0 0 0 0 0 0 0 0 0 0 0 19 0 0 0 0 0 0 0 0 0 0 0
314 GTC 0 1 0 15 3 20 8 3 0 14 2 1 5 17 0 1 3 29 6 17 0 0 0 0 0 3 12 1 3 2 0 0 0 5 0 0 0 34 2 2 0 0 0 0 9 176545 3 27 0 18 0 3 0 1 0 3 0 0 0 0 2 13 8 11
315 ACA 0 0 0 0 177312 17 22 3 1 7 1 19 13 0 0 3 0 2 0 2 0 0 0 0 0 0 1 2 0 0 0 1 0 0 0 0 29 0 1 0 20 1 3 3 1 0 6 25 0 1 0 2 4 0 5 0 0 0 0 1 0 6 0 0
316 ATA 0 0 0 0 7 0 0 0 5 0 0 0 177317 3 32 1 0 0 0 0 0 0 0 0 0 0 0 0 2 1 1 0 0 0 0 0 0 0 0 0 0 0 0 0 6 18 4 0 0 0 0 0 0 0 0 1 0 0 0 0 4 0 0 0
317 GGA 0 0 0 0 0 0 0 0 6 0 0 0 0 0 0 0 0 0 0 0 0 0 0 0 3 0 0 0 0 0 0 0 9 0 0 0 0 0 0 0 177302 2 75 8 1 0 0 0 0 0 0 0 0 0 0 0 8 0 0 0 0 0 0 0
318 GAG 0 1 21 55 4 4 2 4 1 0 0 2 0 4 0 1 4 15 0 3 0 0 0 0 0 0 0 8 5 2 0 0 58 0 177065 22 7 1 0 6 1 0 15 0 2 0 10 0 0 0 4 0 9 6 6 32 0 0 0 0 0 0 2 0
319 TGC 0 0 0 0 0 0 0 0 0 2 0 0 0 0 0 0 0 0 0 0 0 0 0 0 0 3 0 0 0 0 0 0 0 0 0 0 0 0 0 0 0 1 0 0 0 0 0 0 0 56 0 0 0 0 0 0 1 177128 0 87 0 5 0 0
320 CCA 0 0 0 0 6 0 0 0 0 0 0 0 0 0 0 0 4 0 0 0 177319 31 5 24 0 0 0 0 19 0 0 0 0 0 0 0 0 0 0 0 0 0 1 0 0 0 0 0 0 0 0 0 7 0 0 0 0 0 0 0 0 0 0 0
321 AAA 176999 3 11 1 8 0 0 1 63 0 0 0 19 7 0 1 1 1 2 0 0 0 0 0 5 0 0 13 3 0 0 0 3 0 0 0 0 1 0 1 0 0 0 0 13 0 2 0 0 0 0 0 0 0 0 0 0 0 0 0 2 0 0 0
322 TAT 0 0 0 0 0 0 0 0 0 0 0 0 0 0 0 1 0 0 0 5 0 0 0 0 0 0 0 0 0 0 0 0 0 0 0 0 0 0 0 0 0 0 0 0 0 0 0 0 7 14 2 177618 0 0 0 2 0 0 0 21 0 30 0 10
323 GTC 0 0 0 0 0 0 0 0 0 0 0 0 0 165 0 4 0 0 0 0 0 0 0 0 0 0 0 0 1 0 2 0 0 7 0 0 0 3 0 0 0 0 0 0 14 176635 11 19 0 0 0 0 0 0 0 0 0 0 0 0 0 8 0 0
324 AGG 1 0 17 0 0 4 0 0 26 0 176531 0 0 0 13 0 0 2 0 4 0 0 0 0 0 5 8 4 0 0 0 0 0 0 0 0 1 1 0 1 0 0 38 0 0 0 0 0 0 0 0 0 0 0 0 0 0 0 1 0 0 0 9 0
325 AGT 0 0 0 27 0 0 0 0 0 44 0 176821 0 0 0 4 0 0 0 0 0 0 0 0 0 0 0 0 1 0 0 0 0 0 0 0 0 8 0 0 0 0 0 11 0 0 0 0 0 0 0 0 28 2 17 3 0 0 0 2 0 0 0 0
326 ACC 0 6 0 0 19 158217 3 12 12 2 0 0 0 29 0 22 16 0 0 2 2 11 2 0 0 0 0 0 0 5 0 6 0 2 0 0 0 37 0 1 1 1 0 4 0 2 1 0 0 0 0 0 39 7 0 1 0 0 0 0 0 0 0 0
327 AAA 176967 6 16 2 2 0 0 0 7 0 0 0 1 0 0 0 0 0 0 0 0 0 0 0 0 4 0 4 0 0 0 0 7 0 0 0 4 0 0 0 0 0 0 0 0 0 0 0 0 0 0 0 0 2 0 0 0 0 0 0 0 0 0 0
328 TTG 0 0 0 0 0 0 0 0 0 0 0 0 0 0 1 0 0 0 0 0 0 0 0 0 0 0 0 0 17 0 7 15 0 0 0 0 0 0 0 0 0 0 0 0 0 0 0 0 0 0 3 0 0 0 4 0 0 0 1 0 42 0 175146 1
329 AGG 2 0 35 0 0 0 1 5 26 0 171912 0 0 0 16 0 0 0 0 0 0 0 0 0 9 6 1 0 0 0 0 0 0 0 0 0 0 0 0 0 0 0 29 0 3 0 0 0 0 0 0 0 0 0 0 0 0 0 4 0 0 0 0 0
330 ATG 0 0 2 0 0 0 6 0 0 0 1 0 18 0 175008 1 0 0 0 0 0 0 0 0 0 0 0 0 0 0 0 0 0 0 0 0 0 0 0 0 0 0 0 0 0 0 12 0 0 0 0 0 0 0 0 0 0 0 0 0 0 0 2 0
331 GTT 0 0 0 0 0 0 0 0 0 0 0 0 0 0 0 19 0 0 0 0 0 0 0 0 0 0 0 0 0 0 0 0 0 0 0 0 0 0 0 8 0 0 0 0 1 22 10 172280 0 0 0 0 0 0 0 0 0 0 0 0 0 0 0 0
332 ACA 1 0 0 0 169053 8 108 13 0 0 1 0 17 0 0 0 0 0 0 0 0 0 0 0 0 0 0 0 0 0 0 0 0 0 0 0 8 0 0 0 0 0 0 0 0 0 0 0 0 0 0 0 1 0 0 0 0 0 0 0 0 0 0 0
333 GGA 0 0 0 0 0 0 0 0 4 0 0 0 0 0 0 0 0 0 0 0 0 0 0 0 0 0 0 0 0 0 0 0 18 1 0 0 0 0 0 0 161233 4 57 4 0 0 0 0 0 0 0 0 0 0 0 0 9 0 0 0 0 0 0 0
334 CTA 0 0 0 0 0 0 0 0 0 0 0 0 3 0 0 0 0 0 0 0 20 1 0 2 0 0 0 0 166098 14 25 8 0 0 0 1 0 0 0 0 0 0 0 0 1 0 0 0 1 0 0 0 0 0 0 0 0 0 0 0 8 0 1 0
335 AGA 4 0 0 0 2 0 0 0 166415 0 22 0 4 0 0 0 0 0 0 1 0 0 0 0 17 0 1 0 0 0 0 0 2 0 0 0 0 0 0 0 10 0 0 0 0 0 0 0 0 0 0 0 0 0 0 0 3 0 0 0 0 0 0 0
336 AAC 2 82503 2 27 0 1 0 0 0 1 0 0 0 0 0 0 0 2 0 0 0 0 0 0 0 0 0 0 0 0 0 0 0 4 0 0 0 0 0 0 0 0 0 0 0 0 0 0 0 0 0 0 0 0 0 0 0 0 0 0 0 0 0 0
337 ATC 198 224 1 15 10 42 0 0 8 4 5 46 6 78772 8 15 19 3 5 1 0 0 0 0 38 7 16 62 2 0 2 1 3 0 0 0 0 0 0 0 0 0 1 0 0 8 0 2 0 3 0 0 0 1 0 0 0 3 0 0 1 0 0 0
338 CCA 0 3 0 1 0 0 0 0 0 0 0 0 0 0 0 0 1 3 0 0 85340 7 3 2 0 0 4 0 4 0 0 0 0 0 0 0 4 0 5 0 0 0 0 0 0 0 0 0 0 0 0 0 2 0 0 0 0 0 0 0 0 0 0 0
339 TCC 2 0 0 0 1 4 0 0 16 15 0 0 2 0 1 0 36 0 6 0 0 10 4 6 5 0 0 0 0 0 0 1 0 0 0 0 4 51 4 18 1 0 0 0 5 2 0 3 0 0 0 0 11 84742 0 5 0 0 0 0 2 6 0 0
340 ATT 0 0 1 0 0 0 0 7 13 0 24 2 4 12 1 99844 0 0 5 0 0 0 0 0 5 0 28 8 0 0 1 2 0 0 0 0 0 0 0 0 0 0 0 0 0 0 0 24 0 0 0 0 0 0 0 0 0 0 0 0 0 0 0 2
341 CAA 1 0 0 3 0 0 0 0 0 0 0 0 0 0 0 0 89644 1 8 1 0 0 0 0 3 0 0 1 0 0 0 0 1 0 0 0 0 0 0 0 0 0 0 0 0 0 0 0 2 0 0 0 0 0 0 0 0 0 0 0 0 0 0 0
342 TAC 0 1 0 0 0 0 0 0 0 0 0 0 0 0 3 0 0 4 0 0 0 0 0 0 0 0 0 0 0 0 0 0 0 1 0 0 0 0 0 0 0 0 0 0 0 0 0 0 1 103045 5 15 0 0 0 0 0 9 0 0 0 0 0 2
343 AGA 28 0 8 0 3 0 0 0 132938 0 52 2 1 0 0 0 0 0 4 0 0 0 0 0 24 22 1 2 0 0 0 0 0 0 0 0 0 0 0 0 8 0 0 0 0 0 0 0 0 0 0 0 0 0 0 0 2 0 0 0 0 0 0 0
344 GGT 0 0 0 0 0 0 0 0 0 0 4 12 0 0 0 0 0 0 0 0 0 0 0 0 0 0 0 0 0 0 0 0 0 0 1 4 0 0 0 0 0 31 8 173361 0 1 0 1 0 0 0 0 0 0 0 0 0 0 0 1 0 0 0 0
345 CTA 0 0 0 0 0 0 0 0 0 0 0 0 5 1 0 0 2 0 0 0 23 0 0 0 1 0 0 0 164448 5 23 12 0 0 0 0 0 0 0 0 0 0 0 0 5 9 0 0 0 0 0 0 0 0 0 4 0 0 0 0 25 3 0 0
346 TTT 0 0 0 0 0 0 0 0 0 0 0 0 0 0 0 8 0 0 0 0 0 0 0 0 0 0 0 0 9 1 0 9 0 0 0 0 0 0 0 0 0 0 0 0 0 0 2 4 0 0 0 0 0 0 0 2 0 0 0 1 4 34 23 173596
347 GGA 0 0 0 3 0 0 0 0 11 2 0 2 0 0 0 0 0 0 0 0 0 0 0 0 1 2 3 0 0 0 0 0 11 0 0 0 11 1 3 0 174852 2 44 7 3 0 0 0 0 0 0 0 0 0 0 0 1 0 0 0 0 0 0 0
348 GCC 0 0 0 0 0 14 0 0 0 0 0 0 0 0 0 0 0 0 0 0 0 0 0 0 0 0 0 0 0 0 0 0 0 4 0 0 23 175769 0 12 0 0 0 0 0 39 0 0 0 0 0 0 0 3 0 0 0 0 0 0 0 0 0 0
349 ATT 0 0 0 1 0 0 0 8 0 0 0 2 11 15 2 176110 0 0 0 0 0 0 0 0 0 0 0 0 0 0 0 1 0 0 0 0 0 0 0 0 0 0 0 0 26 0 15 42 0 0 0 0 0 0 0 0 0 0 0 0 0 0 0 2
350 GCT 0 0 0 0 1 0 0 73 0 2 0 3 0 0 0 0 0 0 0 0 0 0 0 0 0 0 0 0 0 0 0 0 0 0 0 4 38 37 17 176583 0 0 0 1 0 0 0 16 0 0 0 0 7 0 2 8 0 0 0 0 0 0 0 0
351 GGT 0 0 0 0 0 0 0 0 0 0 0 9 0 0 0 0 0 0 0 0 0 0 0 0 0 0 0 0 0 0 0 0 0 0 0 11 0 0 0 1 2 28 43 173089 0 0 0 2 0 0 0 0 0 0 0 0 0 0 0 6 0 0 0 0
352 TTT 0 0 0 0 0 0 0 0 0 0 0 0 0 0 0 2 0 0 0 0 0 1 0 0 0 0 0 0 0 0 0 6 0 0 0 0 0 0 0 0 0 0 0 0 0 0 0 1 0 0 0 0 0 0 0 6 0 0 0 0 0 20 0 177048
353 ATT 0 0 0 7 0 0 0 1 0 0 0 1 7 5 1 177369 0 0 0 0 0 0 0 0 0 0 0 0 5 14 3 0 0 0 0 0 0 0 0 0 0 0 0 0 12 3 32 27 0 0 0 0 0 0 0 0 0 0 0 0 5 0 5 0
354 GAG 0 0 10 0 0 0 0 0 0 0 0 0 0 0 0 0 0 0 0 0 0 0 0 0 0 0 0 0 0 0 0 0 42 0 173952 15 0 0 1 0 0 0 22 0 0 0 3 0 0 0 1 0 0 0 0 0 0 0 0 0 0 0 0 0
355 GGG 0 0 0 0 0 0 0 0 0 0 14 0 0 0 0 0 0 0 0 0 0 0 0 0 0 0 0 0 0 0 0 0 0 0 11 0 0 0 0 0 74 13 176354 18 0 0 1 0 0 0 0 0 0 0 0 0 0 0 4 0 0 0 0 0
356 GGA 0 0 0 0 0 0 0 0 31 0 0 0 0 0 0 0 0 0 0 0 0 0 0 0 0 0 0 0 0 0 0 0 26 0 0 0 0 0 0 0 177047 0 280 22 0 0 0 0 0 0 0 0 0 0 0 0 0 0 0 0 0 0 0 0
357 TGG 0 0 0 0 0 0 0 0 0 0 0 0 0 0 0 0 0 0 0 0 0 0 0 0 0 0 8 0 0 0 0 0 0 0 0 0 0 0 0 0 0 0 0 0 0 0 0 0 0 0 25 0 0 0 0 0 6 1 177535 2 0 0 2 0
358 ACT 0 0 0 13 25 104 0 176966 0 0 0 1 3 3 0 10 1 8 3 1 1 0 1 15 0 0 0 0 10 5 0 2 4 6 0 0 0 3 0 17 0 0 0 0 0 0 0 0 0 2 0 12 0 0 0 3 0 0 0 4 15 0 0 0
359 GGA 0 0 0 0 0 0 0 0 29 0 0 0 0 0 0 0 1 0 1 0 0 0 0 0 0 0 0 0 0 0 0 0 24 0 0 0 0 0 0 0 177180 7 15 7 3 0 0 0 0 0 0 0 0 0 0 0 2 0 0 0 0 0 0 0
360 ATG 0 0 0 0 0 0 13 0 0 0 0 0 13 0 177310 1 0 0 0 0 0 0 0 0 0 0 0 0 15 30 11 7 0 0 0 0 0 0 0 0 0 0 0 0 0 0 9 0 0 0 0 0 0 0 0 0 0 0 0 0 89 1 11 0
361 ATA 96 0 95 0 15 1 0 0 3 0 0 0 177133 82 72 58 0 0 3 0 0 0 0 0 0 1 0 0 3 1 1 12 0 0 0 0 0 0 0 0 0 0 0 0 61 11 3 28 0 0 0 0 0 0 0 0 0 0 0 0 7 2 6 0
362 GAT 0 0 0 7 0 0 0 0 0 0 0 0 0 0 0 0 0 0 0 0 0 0 0 0 0 0 0 0 0 0 0 0 1 14 0 177351 0 0 0 0 0 0 0 10 0 0 0 0 0 0 0 2 0 0 0 0 0 0 2 0 0 0 0 0
363 GGA 0 0 0 0 0 0 0 0 11 0 0 0 0 0 0 0 0 0 0 0 0 0 0 0 1 0 0 0 0 0 0 0 10 0 0 0 1 0 0 0 177212 8 37 4 0 0 0 0 0 0 0 0 0 0 0 0 7 0 0 0 0 0 0 0
364 TGG 0 0 0 0 0 0 0 0 0 0 0 0 0 0 0 0 0 0 0 0 0 0 0 0 0 0 6 0 0 0 0 0 0 0 0 0 0 0 0 0 0 0 2 0 0 0 0 0 0 0 16 0 0 0 0 0 20 0 177336 1 0 0 5 0
365 TAT 0 0 0 2 0 0 0 0 0 0 0 0 0 0 0 0 0 0 0 25 0 0 0 0 0 0 0 0 0 0 0 0 0 0 0 3 5 0 0 0 0 0 0 0 0 0 0 0 2 8 0 177550 0 0 0 1 0 0 0 3 0 0 0 3
366 GGT 0 0 0 0 0 0 0 0 0 0 0 7 0 0 0 0 0 0 0 0 0 0 0 0 0 0 0 0 0 0 0 0 0 0 0 11 0 0 0 0 3 18 31 177238 0 0 0 3 0 0 0 0 0 0 0 0 0 0 0 6 0 0 0 0
367 TAT 0 0 0 1 0 0 0 0 0 0 0 0 0 0 0 0 0 0 0 19 0 0 0 0 0 0 0 0 0 0 0 0 0 0 0 0 0 0 0 2 0 0 0 0 0 0 0 0 2 10 0 177649 0 0 0 0 0 0 0 15 0 0 0 10
368 CAT 0 0 0 0 0 0 0 0 2 0 0 0 0 0 0 0 2 53 0 177528 0 0 0 1 0 2 3 12 1 0 1 0 0 0 0 0 2 3 1 0 0 0 0 0 0 0 0 0 0 0 0 22 1 0 0 0 0 0 0 0 1 0 0 1
369 CAT 0 0 0 3 2 0 1 2 0 0 0 0 5 0 6 0 138 18 0 177341 0 0 0 1 0 0 0 12 0 0 0 3 0 0 0 1 0 0 0 0 0 0 0 0 1 0 1 0 0 5 0 4 1 0 0 1 0 0 0 12 0 0 0 0
370 CAG 0 4 2 0 1 0 7 2 0 9 3 243 3 0 0 7 36 1 177195 7 0 0 1 0 2 3 16 11 0 5 10 7 0 0 23 0 8 4 1 1 0 0 0 0 16 6 10 7 0 1 21 0 2 16 3 9 0 0 0 0 1 1 2 0
371 AAT 3 8 0 177626 0 0 0 1 0 0 0 4 0 0 0 2 0 0 0 0 0 0 0 0 0 0 0 0 0 0 0 0 0 0 0 9 0 0 0 0 0 0 0 0 0 0 0 0 0 0 0 3 0 0 0 0 0 0 0 0 0 0 0 0
372 GAA 19 0 0 0 0 0 0 0 0 0 0 0 0 0 0 0 0 0 0 0 0 0 0 0 0 0 2 0 0 0 0 0 177553 11 18 1 1 3 0 2 17 0 3 0 3 0 0 0 2 0 0 0 0 2 1 4 0 0 0 0 0 0 0 0
373 CAG 0 0 4 0 1 0 0 0 0 0 0 0 0 0 0 0 27 0 177389 9 0 0 4 0 0 0 32 0 0 0 8 4 1 0 12 0 2 5 0 1 0 0 0 0 0 0 0 0 0 0 25 7 0 0 0 0 0 0 2 0 0 0 1 0
374 GGA 0 0 0 0 0 0 0 0 10 0 0 2 0 0 0 0 0 0 0 0 0 0 0 0 0 0 0 0 0 0 0 0 10 0 0 0 0 0 0 0 177532 18 36 1 1 0 0 0 0 0 0 0 0 0 0 0 3 0 0 0 0 0 0 0
375 TCA 0 1 0 0 2 0 3 2 0 4 0 8 0 0 2 0 0 13 0 0 6 0 0 0 0 0 0 0 0 0 0 0 0 6 8 2 7 5 2 0 0 1 0 0 0 0 1 0 5 0 0 0 177374 14 115 9 0 0 0 0 18 0 0 0
376 GGC 0 0 0 0 0 0 1 0 0 30 0 2 1 0 0 0 3 0 0 0 0 0 0 0 0 0 0 0 0 0 1 0 0 27 0 0 2 0 1 0 13 177323 23 45 0 2 0 0 0 0 0 0 1 0 1 0 0 8 0 0 0 0 0 0
377 TAT 0 0 0 1 0 0 0 0 0 0 0 0 0 0 0 0 0 0 0 15 0 0 0 0 0 0 0 0 0 0 0 0 0 0 0 1 0 0 0 0 0 0 0 0 0 0 0 0 2 10 1 177586 0 0 0 1 0 0 0 6 0 0 0 4
378 GCA 0 0 0 0 46 0 0 0 0 0 0 3 0 0 0 1 0 0 1 0 0 0 0 0 0 0 0 0 0 0 0 0 5 0 0 0 176635 8 41 10 0 0 0 0 106 14 5 6 0 0 0 0 4 7 0 1 0 0 0 2 2 1 0 0
379 GCG 0 0 0 0 0 0 9 0 0 0 0 0 0 0 0 0 0 0 0 0 0 0 0 0 0 0 0 0 0 0 0 0 0 0 0 0 141 6 177198 9 0 0 6 0 0 0 71 0 0 0 0 0 0 0 4 0 0 0 0 0 0 0 0 0
380 GAT 0 0 0 14 0 0 0 0 0 0 0 0 0 0 0 0 0 0 0 0 0 0 0 0 0 0 0 0 0 0 0 0 1 23 1 177497 0 0 0 1 0 0 0 11 0 0 0 0 0 0 0 0 0 0 0 0 0 0 0 0 0 0 0 0
381 CAA 16 0 4 1 0 0 0 0 1 0 4 0 3 8 7 6 178541 26 32 11 2 0 0 0 34 4 2 0 10 3 2 3 1 0 18 0 0 0 2 3 0 0 0 0 1 0 0 0 2 13 0 0 1 0 0 0 0 0 4 0 5 1 7 2
382 AAA 178968 1 39 1 9 3 2 0 12 3 0 3 3 0 0 0 5 0 19 0 3 0 0 0 2 4 1 25 0 0 0 2 13 0 1 0 0 4 0 4 0 0 0 2 0 0 1 5 1 1 0 1 14 0 0 0 0 2 0 0 0 0 6 3
383 AGC 0 40 0 0 10 5 2 0 1 178883 3 65 0 5 0 0 0 0 0 0 0 0 0 0 0 3 0 0 0 0 0 0 0 0 0 0 0 4 2 3 0 55 0 0 0 0 0 0 0 0 0 0 5 5 3 0 0 2 0 0 0 0 0 0
384 ACA 3 0 0 0 179270 26 16 1 2 0 0 0 3 0 0 0 0 0 0 0 2 0 0 0 0 0 0 0 0 0 0 0 0 0 0 0 3 0 0 0 0 0 0 0 0 0 0 0 0 0 0 0 1 0 0 0 0 0 0 0 0 0 0 0
385 CAA 0 0 0 0 0 0 0 0 0 0 0 0 0 0 0 0 179175 0 17 1 0 0 0 0 8 0 0 0 1 0 0 0 4 0 1 0 0 0 0 0 0 0 1 0 2 0 0 2 1 0 0 0 0 0 0 0 0 0 0 0 0 0 0 0
386 AAT 82 15 67 178587 2 0 0 1 18 2 58 20 11 6 22 145 20 0 0 5 0 0 0 0 75 2 38 0 7 1 0 9 9 7 3 13 2 0 3 0 1 4 3 1 2 0 6 0 0 0 0 11 11 6 0 4 0 0 0 4 3 0 8 1
387 GCC 0 0 0 0 0 9 0 0 0 0 0 0 0 0 0 0 0 0 0 0 0 0 0 0 0 0 0 0 0 0 0 0 0 1 0 0 2 178191 0 11 0 3 0 0 0 44 0 0 0 0 0 0 0 7 0 0 0 0 0 0 0 0 0 0
388 ATT 0 0 0 1 0 1 0 4 0 0 0 2 7 20 31 178990 0 0 0 0 0 0 0 0 0 0 0 0 0 0 1 6 0 0 0 0 0 0 0 0 0 0 0 0 0 17 1 19 0 4 0 0 0 0 0 0 0 0 0 0 0 1 0 1
389 AAC 5 178997 1 54 0 0 0 2 2 16 0 7 3 2 1 0 0 2 0 1 0 0 0 0 0 0 3 1 0 0 1 0 11 13 2 0 0 0 0 0 0 0 0 0 5 0 0 0 0 8 0 0 10 2 0 0 0 0 0 0 0 0 0 0
390 GGG 30 0 13 0 4 6 1 5 100 2 120 93 4 2 77 17 14 0 249 13 0 0 0 0 29 31 34 28 8 18 5 81 0 0 18 0 1 0 16 10 36 4 177113 12 0 5 9 15 0 0 0 1 56 34 260 131 0 23 10 4 3 0 26 3
391 ATT 0 0 0 1 0 0 0 6 0 0 0 0 6 20 3 179057 0 0 0 0 0 0 0 0 0 0 0 0 0 2 1 2 0 0 0 0 0 0 0 0 0 0 0 0 14 1 1 28 0 0 0 0 0 0 0 0 0 0 0 0 0 0 0 1
392 ACA 2 2 0 1 179107 22 9 1 0 0 0 0 8 0 2 2 12 1 0 0 1 0 0 0 5 0 0 9 0 0 0 0 0 0 0 0 29 0 0 1 0 0 0 0 0 0 0 0 0 1 0 6 3 3 0 7 0 0 0 0 0 0 0 0
393 AAC 2 178457 2 25 11 21 0 3 0 4 1 0 0 0 0 0 0 12 0 0 0 0 0 0 1 0 1 1 0 0 0 0 0 5 0 0 0 0 0 0 0 0 0 0 0 2 0 1 0 0 0 0 0 0 0 0 0 0 0 0 0 0 0 0
394 AAG 35 0 179077 6 0 0 0 0 0 0 12 0 0 0 0 0 0 0 1 0 0 0 0 0 0 0 1 2 0 0 0 0 0 0 10 0 0 0 0 0 0 0 0 0 0 0 0 0 0 0 0 0 0 0 0 0 0 0 0 0 0 0 0 0
395 GTG 0 0 0 0 0 0 0 0 0 0 0 0 5 38 8 0 0 0 0 0 0 0 0 0 0 0 0 0 0 1 0 0 0 0 0 0 0 0 8 0 0 0 2 0 35 19 179084 4 0 0 0 0 0 0 0 0 0 0 0 0 0 0 4 2
396 AAC 2 179411 0 32 0 0 0 0 0 11 0 1 0 0 0 0 0 2 0 0 0 0 0 0 0 0 0 0 0 0 0 0 0 11 0 0 0 0 0 0 0 0 0 0 0 0 0 0 0 1 0 0 1 0 1 0 0 0 0 0 0 0 0 0
397 TCT 0 0 0 0 0 0 0 3 0 0 0 3 0 0 0 0 0 0 0 0 0 0 0 9 0 0 0 0 0 0 0 0 0 0 0 0 1 2 0 1 4 0 0 0 0 0 0 1 0 0 0 9 9 37 17 179263 0 0 0 1 0 0 0 3
398 GTT 0 0 0 0 0 0 0 0 0 0 0 0 1 0 0 120 0 0 0 0 0 0 0 0 0 0 0 0 1 4 0 1 0 0 0 0 0 1 0 11 0 0 0 3 9 13 4 179105 0 0 0 0 0 0 0 0 0 0 0 0 0 0 0 4
399 ATC 0 0 0 0 0 6 0 0 0 0 0 0 23 179137 0 36 0 0 0 0 0 0 0 0 0 0 0 0 0 2 0 0 0 0 0 0 0 0 0 0 0 0 0 0 4 25 5 2 0 0 0 0 0 0 0 0 0 0 0 0 2 0 0 0
400 GAG 0 0 29 0 0 0 1 1 0 0 0 0 0 0 0 0 0 0 6 1 0 0 0 0 0 0 0 0 0 0 0 0 36 1 179074 10 0 0 0 0 0 1 21 0 0 0 0 0 0 0 3 0 1 0 1 0 0 0 0 0 0 0 0 0
401 AAA 177862 1 18 1 3 0 0 0 16 0 0 0 7 0 0 0 1 2 1 0 0 0 0 0 0 8 7 0 0 0 0 0 6 0 0 0 0 2 0 2 0 0 0 0 1 0 0 0 0 0 0 0 0 0 0 0 0 0 0 0 0 0 4 0
402 ATG 0 0 2 0 0 0 11 0 0 0 1 0 26 2 179112 10 0 0 0 0 0 0 0 0 0 0 0 0 0 0 2 5 0 0 0 0 0 0 0 1 0 0 0 0 0 0 10 0 0 0 0 0 0 0 0 0 0 0 1 0 1 0 7 2
403 AAC 6 179306 1 32 0 14 0 0 0 6 0 0 0 1 0 0 4 1 0 2 0 0 0 0 2 0 0 0 0 0 0 0 0 15 0 0 1 1 0 3 0 0 0 2 0 0 0 0 0 5 0 0 0 7 0 3 0 0 0 3 0 0 0 0
404 ACT 2 17 0 8 13 55 2 178601 9 2 19 23 0 0 5 9 1 1 0 2 0 0 2 4 4 0 2 3 17 2 3 3 2 0 0 0 3 21 12 8 5 3 25 4 0 1 4 0 0 0 0 0 143 14 9 28 0 0 0 2 0 0 1 0
405 CAA 3 0 5 0 0 0 0 0 1 0 2 0 0 0 1 0 179002 9 84 1 1 0 0 0 28 2 6 2 0 0 0 0 0 0 0 0 2 44 0 0 2 0 20 0 0 0 1 0 4 0 0 0 0 0 0 0 0 0 0 3 0 0 0 0
406 TTC 0 0 0 0 0 0 0 0 0 0 0 3 0 6 2 0 0 0 0 0 0 0 0 0 0 0 0 0 0 8 2 0 0 0 0 0 0 0 0 0 0 1 1 0 0 2 0 1 0 8 0 2 1 21 0 0 0 0 2 0 13 179119 3 22
407 ACA 6 4 0 2 179125 22 39 5 1 0 4 0 22 0 0 0 7 9 0 8 0 0 2 0 25 0 4 2 0 0 0 0 1 1 0 0 11 0 0 0 0 0 0 0 0 0 0 0 0 0 0 0 6 0 0 0 0 0 1 0 0 0 0 0
408 GCT 0 0 0 0 0 0 0 29 0 18 5 0 2 0 6 0 2 0 3 0 0 3 0 2 0 0 19 0 0 7 18 0 3 0 0 5 12 64 25 178939 0 0 2 1 0 0 0 23 0 0 0 6 0 5 0 9 0 0 0 0 2 0 0 15
409 GTG 1 0 0 0 0 3 0 2 5 0 3 0 3 0 11 0 0 0 2 0 0 0 0 0 1 5 0 0 0 0 5 0 0 0 2 0 0 0 11 0 0 4 6 0 19 0 179085 34 0 0 0 0 0 2 0 0 0 0 0 0 1 0 7 0
410 GGT 0 4 0 0 0 1 0 0 0 0 2 36 0 0 0 0 0 0 0 0 0 0 0 0 0 2 0 3 0 0 0 0 0 7 0 46 0 2 1 2 5 33 23 176581 0 0 0 5 0 0 0 13 2 0 2 27 0 0 0 1 0 0 0 0
411 AAA 179233 0 30 4 3 0 0 0 3 1 0 0 3 0 0 0 1 2 0 0 0 0 0 0 0 0 0 0 0 2 0 0 9 0 0 0 0 2 1 0 14 0 1 1 0 2 0 0 0 0 0 0 0 0 0 0 0 0 0 0 0 0 0 0
412 GAA 12 0 1 5 33 3 17 0 1 1 4 3 2 3 0 0 63 22 70 6 0 0 0 0 2 8 1 0 2 0 10 0 178675 8 34 2 22 2 4 4 17 0 0 0 17 6 0 5 5 0 0 6 0 5 0 0 0 1 0 0 8 0 5 29
413 TTC 0 0 0 0 0 0 0 0 0 0 0 0 0 1 0 0 0 0 0 0 0 0 0 0 0 0 0 0 0 3 0 0 0 0 0 0 0 0 0 0 0 0 0 0 0 0 0 0 0 12 0 0 0 3 0 0 0 0 3 0 4 178806 0 14
414 AAC 3 178751 1 65 0 21 12 3 0 34 0 2 0 2 0 0 0 1 0 0 0 0 0 0 0 0 0 0 0 0 0 0 0 22 0 0 12 0 0 0 23 9 0 22 0 0 0 0 0 1 0 0 2 4 6 4 0 0 0 0 0 0 0 0
415 AAC 3 178818 1 45 0 1 0 0 1 15 1 1 13 14 6 3 4 10 0 0 0 7 0 0 2 0 3 0 7 0 6 1 0 6 0 1 0 1 18 0 0 2 2 14 6 78 11 0 0 6 0 2 3 10 5 0 0 1 1 3 7 4 5 18
416 TTA 0 0 0 0 0 0 0 0 0 0 0 0 1 0 0 0 0 0 0 0 0 0 0 0 0 0 0 0 6 0 10 0 0 0 0 0 0 0 0 0 0 0 0 0 3 0 1 0 1 3 0 4 14 0 0 0 2 0 0 4 178787 3 49 5
417 GAA 3 0 0 0 0 0 0 0 0 0 0 0 0 0 0 0 0 0 0 0 0 0 0 0 0 0 0 0 0 0 0 0 179125 2 20 0 0 0 0 0 9 0 0 0 0 0 0 0 3 0 0 0 0 0 0 0 0 0 0 0 0 0 0 0
418 AAA 179319 1 19 1 0 0 0 0 11 0 2 0 0 0 0 0 0 0 0 0 0 0 0 0 10 0 0 0 7 0 0 0 5 0 0 0 0 0 0 0 0 0 0 0 0 0 0 0 3 0 0 0 0 0 0 0 0 0 0 0 0 0 0 0
419 AGG 0 0 33 0 0 0 0 0 28 1 177343 3 0 0 17 0 0 0 0 0 0 0 0 0 8 0 3 0 0 0 0 0 0 0 0 0 0 0 0 0 0 0 132 0 0 0 0 0 0 0 0 0 0 0 0 0 0 0 1 0 0 0 0 0
420 ATG 0 0 2 0 0 0 4 0 0 0 0 0 20 0 178727 1 0 0 0 0 0 0 0 0 0 0 0 0 0 0 3 0 0 0 0 0 0 0 0 0 0 0 0 0 0 0 21 0 0 0 0 0 0 0 0 0 0 0 0 0 0 0 5 0
421 GAA 14 0 1 0 0 0 0 0 0 0 0 0 0 0 0 0 11 0 0 0 0 0 0 0 1 0 0 0 0 0 0 0 158581 6 17 2 2 0 1 0 25 0 0 0 0 0 0 0 1 0 0 0 0 0 0 0 0 0 0 0 0 0 0 0
422 AAT 0 26 0 178690 0 0 0 2 0 0 0 11 0 0 0 5 0 0 0 0 0 0 0 0 0 0 0 0 0 0 0 0 0 0 0 5 0 0 11 1 0 0 0 0 0 0 0 0 0 0 0 0 0 0 0 1 0 0 0 0 0 0 0 0
423 TTA 0 0 0 0 0 0 0 0 0 0 0 0 1 0 0 0 0 0 0 0 0 0 0 0 0 0 0 0 24 0 0 0 0 0 0 0 0 0 0 0 0 0 0 0 0 0 0 0 4 0 0 0 11 0 0 0 0 0 0 0 179070 1 33 1
424 AAT 1 42 1 176692 0 0 0 0 0 0 0 3 0 0 0 0 0 0 0 9 0 0 0 0 0 0 0 0 0 0 0 0 0 1 0 9 0 0 0 0 0 0 0 0 0 0 0 0 0 0 0 0 0 0 0 0 0 0 0 0 0 1 0 0
425 AAA 177068 2 14 1 1 0 0 0 7 0 0 0 0 0 0 0 2 1 0 0 0 0 0 0 2 0 0 34 0 0 0 0 9 0 0 0 0 0 0 0 0 0 0 0 0 0 0 0 1 0 0 0 0 0 0 0 0 0 0 0 0 0 0 0
426 AAA 176952 2 280 1 0 0 0 0 18 0 2 0 2 0 0 0 2 0 0 0 0 0 0 0 0 0 1 0 0 0 0 0 4 0 0 0 0 0 0 0 0 0 0 0 0 0 0 0 0 0 0 0 0 0 0 0 0 0 0 0 0 0 0 0
427 GTT 1 0 1 0 0 0 0 0 0 0 0 66 0 0 0 28 0 0 0 0 0 0 0 0 0 0 1 0 0 1 0 0 0 0 0 0 0 0 0 4 0 0 0 1 1 6 0 171311 0 0 0 0 0 0 0 0 0 0 0 0 0 0 145 1
428 GAT 1 0 0 7 0 0 0 0 0 0 0 0 0 0 147 0 0 0 0 0 0 0 0 0 0 0 0 0 0 0 0 0 2 7 0 173221 0 0 0 0 0 0 0 15 0 0 0 0 0 0 0 1 0 0 0 0 63 0 0 0 0 0 1 0
429 GAT 0 0 0 26 0 0 0 0 0 0 0 0 0 0 147 0 0 0 0 1 0 0 0 0 0 0 0 0 0 0 0 0 3 19 4 175197 0 0 0 0 0 0 0 23 0 0 0 1 0 0 0 1 0 0 0 0 66 0 0 0 0 0 0 0
430 GGG 0 0 0 0 0 0 0 0 0 0 13 0 0 0 0 0 0 0 0 0 0 0 0 0 0 0 0 0 0 0 0 0 0 0 15 0 0 0 0 0 23 1 129264 13 0 0 1 0 0 0 0 0 0 0 0 0 0 0 0 0 0 0 0 0
431 TTT 0 0 0 0 0 0 0 0 0 1 0 0 0 0 0 1 0 0 0 0 0 0 0 0 0 0 0 0 0 1 0 17 0 0 0 0 0 0 0 0 0 0 0 0 0 0 0 5 0 0 0 3 0 0 0 4 0 0 0 0 3 10 0 152328
432 CTG 0 0 0 0 0 0 0 0 0 0 36 0 0 0 3 0 0 0 2 0 0 0 8 0 0 0 2 0 21 0 97075 5 0 0 0 0 0 0 0 0 0 0 0 0 0 0 2 2 0 0 0 0 0 0 0 0 0 0 0 0 0 0 4 0
433 GAC 0 15 0 0 1 0 0 0 0 0 0 0 0 0 0 0 1 0 0 0 0 0 0 0 0 0 0 0 0 0 0 0 1 137150 1 10 1 0 29 1 0 14 0 0 0 1 0 0 0 2 0 0 3 0 0 0 0 0 0 0 0 0 0 0
434 ATT 0 0 0 1 0 0 0 3 0 0 0 3 2 12 1 160927 0 0 0 0 0 0 0 0 0 0 0 0 10 1 0 232 0 0 0 0 0 0 0 0 0 0 0 0 0 0 1 10 0 0 0 0 0 0 0 0 0 0 0 0 2 0 1 0
435 TGG 0 0 0 0 0 0 0 0 0 0 0 0 0 0 0 0 0 0 0 0 0 0 0 0 0 0 14 0 0 0 0 0 0 0 0 0 0 0 0 0 0 0 0 0 0 0 0 0 0 0 2 0 0 0 0 0 5 1 143969 3 0 0 4 0
436 ACA 3 0 0 0 151557 5 11 6 1 0 0 0 2 0 0 0 1 0 0 0 1 0 0 0 0 0 0 0 0 0 0 0 0 0 0 0 27 0 0 0 0 0 0 0 0 0 0 0 0 0 0 0 0 0 0 0 0 0 0 0 0 0 0 0
437 TAT 0 0 0 0 0 0 0 0 0 0 0 0 0 0 0 0 0 0 0 5 0 0 0 0 0 0 0 0 0 0 0 0 0 0 0 1 0 0 0 0 0 0 0 0 0 0 0 0 2 25 0 158825 0 0 0 4 0 0 0 7 0 0 0 2
438 AAT 0 7 1 176415 0 0 0 2 0 0 0 9 0 0 0 0 0 4 22 2 0 0 0 0 0 0 0 0 0 0 0 0 0 0 0 11 0 0 0 0 0 0 0 0 0 0 0 0 0 0 0 1 1 0 0 0 0 0 0 0 0 0 0 0
439 GCA 0 0 0 0 39 0 0 1 0 0 0 0 0 0 0 5 0 0 0 0 0 0 0 0 0 0 0 0 0 0 0 0 1 0 0 0 174068 7 16 10 1 0 0 0 25 0 0 0 0 0 0 0 4 0 0 0 0 2 0 0 0 0 1 0
440 GAA 12 0 0 0 0 0 0 0 2 0 0 0 0 0 0 0 0 0 0 0 0 0 0 0 0 0 0 0 0 0 0 0 177090 5 30 1 5 0 0 0 5 0 0 0 2 0 0 0 0 0 0 0 0 0 0 0 0 0 0 0 0 0 0 0
441 TTG 0 0 0 0 0 0 0 0 0 0 0 0 5 0 1 5 0 0 0 0 0 0 0 0 0 0 0 0 4 0 8 0 0 0 0 0 0 0 0 0 0 0 0 0 0 0 8 0 0 0 1 0 0 0 1 0 0 0 0 0 28 0 178540 5
442 TTA 0 0 0 0 0 0 0 0 0 0 0 0 1 17 0 2 0 0 0 0 0 0 0 0 0 0 0 0 15 1 1 2 0 0 0 0 0 0 0 0 0 0 0 0 6 0 3 1 0 0 0 0 5 0 0 0 1 0 0 0 178131 5 25 3
443 GTT 0 0 0 0 0 0 0 0 0 0 0 0 0 7 0 12 0 0 0 0 0 0 0 0 0 0 0 0 0 2 0 1 0 0 0 1 0 0 0 4 0 0 0 1 2 17 0 177951 0 0 0 0 0 0 0 0 0 0 0 0 0 0 0 2
444 CTA 0 0 0 0 0 0 0 0 0 0 0 0 4 0 0 0 4 0 0 0 14 0 0 0 1 0 0 0 177846 5 14 2 0 0 0 0 0 0 0 0 0 0 0 0 0 0 0 0 0 0 0 0 0 0 0 0 0 0 0 0 14 0 0 0
445 CTG 0 0 0 0 0 0 0 0 0 0 0 0 0 0 5 0 0 0 2 0 0 0 21 0 0 0 2 0 47 0 176876 3 0 0 0 0 0 0 0 0 0 0 0 0 0 0 0 0 0 0 0 0 0 0 0 0 0 0 0 0 3 0 10 0
446 GAA 6 0 0 0 0 0 0 0 0 0 0 0 0 0 0 0 0 0 0 0 0 0 0 0 0 0 0 0 0 0 0 0 178800 0 14 0 0 0 0 0 21 0 0 0 1 0 0 0 4 0 0 0 0 0 0 0 0 0 0 0 0 0 0 0
447 AAT 2 22 2 179286 0 0 0 2 0 0 0 7 0 0 0 9 0 0 0 1 0 0 0 0 0 0 0 0 0 0 0 0 0 0 0 6 0 0 0 0 0 0 0 0 0 0 0 0 0 0 0 2 0 0 0 0 0 0 0 0 0 0 0 0
448 GAA 24 0 0 0 0 0 0 0 0 0 0 0 0 0 0 0 0 0 0 0 0 0 0 0 0 0 0 0 0 0 0 0 178951 5 18 0 1 0 0 0 11 0 0 0 1 0 0 0 0 0 0 0 0 0 0 0 0 0 0 0 0 0 0 0
449 AGG 0 0 38 0 0 0 1 0 29 0 178660 1 0 0 7 0 0 0 0 0 0 0 0 0 3 1 25 0 0 0 0 0 0 0 0 0 0 0 0 0 0 0 38 0 0 0 0 0 0 0 0 0 0 0 0 0 0 0 1 0 0 0 0 0
450 ACT 0 0 0 1 14 15 5 179120 0 0 0 0 0 0 0 2 0 0 0 0 0 0 0 1 0 0 0 0 0 0 0 0 0 0 0 0 0 0 0 15 0 0 0 0 0 0 0 0 0 0 0 0 0 0 0 0 0 0 0 0 0 0 0 0
451 TTG 0 0 0 0 0 0 0 0 0 0 0 0 0 0 1 0 0 0 0 0 0 0 0 0 0 0 0 0 0 0 15 5 0 0 0 0 0 0 0 0 0 0 0 0 0 0 0 0 0 0 0 0 0 0 9 0 0 0 1 0 11 0 179114 4
452 GAT 0 0 0 14 0 0 0 0 0 0 0 1 0 0 0 0 0 0 0 0 0 0 0 0 0 0 0 0 0 0 0 2 1 13 3 178653 0 0 3 1 0 0 0 12 0 0 0 6 0 0 0 1 0 0 0 0 0 0 0 0 0 0 0 0
453 TTC 0 0 0 0 0 2 0 0 0 0 2 0 0 0 0 0 0 0 0 0 0 0 0 0 0 0 0 0 0 18 1 0 0 0 0 0 0 0 0 0 0 0 0 0 0 1 0 0 0 1 0 0 0 21 0 0 0 0 0 0 3 178552 1 8
454 CAT 0 0 0 9 0 0 0 0 0 0 0 0 0 0 0 0 3 6 0 179035 0 0 0 3 0 0 0 19 0 0 0 0 0 0 0 2 0 0 0 0 0 0 0 0 0 0 0 0 0 0 0 4 0 0 0 0 0 0 0 0 0 0 0 0
455 GAC 0 15 0 0 1 0 0 0 0 0 0 0 0 0 0 0 0 0 0 0 0 0 0 0 0 0 0 0 0 0 0 0 22 179225 5 11 0 1 0 4 1 7 0 0 0 0 0 0 0 2 0 0 0 0 0 0 0 0 0 0 0 0 0 0
456 TTA 0 5 0 1 1 0 0 0 3 0 0 0 3 0 0 0 0 1 2 0 1 0 0 0 12 0 3 1 11 2 0 0 0 0 1 6 0 0 0 0 0 0 0 5 4 0 0 6 3 0 0 10 13 0 0 1 0 0 0 0 178488 6 30 10
457 AAT 1 3 3 179007 0 0 0 1 0 0 0 9 0 0 0 0 0 0 0 1 0 0 0 0 0 0 0 0 0 0 0 0 0 0 0 6 0 0 0 0 0 0 0 0 0 0 0 0 0 0 0 0 0 0 0 0 0 0 0 0 0 0 0 0
458 GTG 0 0 0 0 0 0 0 0 0 0 0 0 0 0 24 5 0 0 0 0 0 0 0 0 0 0 0 0 3 0 0 0 0 0 0 0 0 0 6 0 0 0 2 0 44 0 178784 5 0 0 0 0 0 0 0 0 0 0 0 0 2 0 4 0
459 AAG 30 0 179013 6 0 0 1 0 0 0 8 0 0 0 3 0 0 1 12 0 0 0 0 0 3 0 0 0 0 0 0 0 0 0 20 0 0 0 0 0 0 0 0 0 0 0 0 0 0 0 1 0 0 0 0 0 0 0 0 0 0 0 0 0
460 AAT 0 18 10 178929 3 4 1 6 0 0 1 24 0 0 0 1 4 0 0 2 0 0 0 0 0 0 0 0 0 0 0 0 0 0 0 14 1 0 0 10 0 0 1 1 0 0 0 2 0 0 0 1 0 4 0 5 0 0 0 0 0 0 0 0
461 CTG 0 0 0 0 0 0 0 0 0 0 0 0 0 0 4 0 0 0 2 0 0 0 5 0 0 0 0 0 36 0 179144 4 0 0 0 0 0 0 0 0 0 0 0 0 0 0 0 0 0 0 0 0 0 0 0 0 0 0 0 0 0 0 3 0
462 TAC 0 2 0 0 0 0 0 0 0 0 0 0 13 0 0 0 0 9 0 0 0 0 0 0 0 0 0 0 0 0 0 0 0 0 0 0 0 0 0 0 0 0 0 0 0 0 0 0 1 179139 4 58 0 0 0 0 0 15 0 0 0 1 0 0
463 GAG 0 0 20 1 0 0 0 0 0 0 0 0 0 0 0 1 0 0 2 0 0 0 0 0 0 0 0 0 0 0 1 0 45 0 179022 9 0 0 1 1 0 1 7 0 0 0 1 0 0 0 1 1 2 0 0 0 0 0 0 0 0 0 0 0
464 AAA 179375 4 26 1 3 0 1 0 10 0 0 0 0 0 0 0 4 0 0 0 0 0 0 0 0 0 1 1 0 0 0 0 6 0 0 0 0 1 0 0 0 6 0 0 0 0 0 0 1 0 0 0 0 1 0 0 0 0 0 0 0 0 3 0
465 GTA 0 0 0 0 0 2 0 0 0 0 0 1 31 0 0 0 0 0 0 0 0 0 0 0 0 0 0 0 0 0 0 0 3 0 0 0 26 0 0 0 2 0 0 0 179120 3 23 6 0 0 0 0 0 0 0 0 0 0 0 7 1 0 0 0
466 AAA 179143 2 25 0 2 0 0 0 9 0 0 0 3 0 0 0 1 0 0 0 0 0 0 0 2 0 0 5 0 0 0 0 13 0 0 0 0 0 7 3 4 3 3 0 0 0 0 0 1 0 0 0 0 0 2 0 0 0 2 0 0 0 0 0
467 AGC 0 29 0 0 0 2 7 2 1 178793 5 57 0 8 0 0 2 0 0 0 0 0 0 0 0 4 0 0 0 0 0 0 6 0 0 0 3 2 1 0 13 51 0 13 0 6 1 0 0 0 0 0 0 0 0 1 0 0 0 0 0 0 0 1
468 CAA 12 1 2 2 12 0 5 4 27 2 1 0 11 9 80 0 178956 4 9 0 4 0 0 0 14 1 0 0 2 74 13 0 0 0 0 0 9 1 0 1 0 2 0 0 0 7 0 2 51 0 0 0 0 0 1 5 0 0 0 2 8 0 0 0
469 TTA 0 0 0 0 0 0 0 0 0 0 0 0 3 0 0 0 0 12 0 0 1 0 0 0 0 0 0 0 8 0 2 1 0 0 0 0 0 0 0 0 0 0 0 0 12 2 0 0 2 0 0 0 8 0 0 0 1 0 0 0 179266 1 24 0
470 AAG 29 11 178906 14 0 0 1 0 0 1 21 2 0 0 2 2 0 0 32 0 0 0 0 0 0 0 0 0 0 0 0 0 0 0 7 0 0 0 1 1 2 1 5 0 0 0 2 9 0 0 0 0 0 0 0 0 0 0 26 1 0 0 0 0
471 AAT 2 13 2 179011 0 0 1 5 0 1 2 22 0 0 0 1 22 0 13 2 0 0 0 0 0 0 0 0 0 0 6 0 0 0 11 32 0 0 0 0 5 0 5 3 1 0 0 0 0 0 0 2 0 0 5 0 0 0 0 0 0 1 2 1
472 AAT 1 4 0 179052 0 0 0 0 0 0 0 21 0 0 0 0 0 1 0 0 0 0 0 0 0 0 0 0 0 0 0 0 0 0 0 19 0 0 0 0 0 0 0 0 0 0 0 0 0 0 0 5 0 0 0 0 0 0 0 0 0 0 0 0
473 GCC 0 0 0 0 0 26 0 0 0 0 0 0 0 0 0 0 0 0 0 0 0 0 0 0 0 0 0 0 0 0 0 0 0 1 0 0 11 178889 0 9 0 7 0 0 3 10 0 0 0 0 0 0 0 1 0 0 0 0 0 0 0 0 0 0
474 AAA 178461 10 19 24 2 0 0 0 20 0 45 0 1 2 1 7 2 0 8 0 0 0 0 0 2 0 5 0 3 1 3 17 29 0 0 0 8 5 1 2 0 0 2 1 11 1 0 5 0 79 0 1 0 0 0 0 0 0 9 0 82 12 2 26
475 GAA 15 0 0 0 1 0 0 0 0 0 0 0 0 1 0 2 0 0 0 0 0 0 1 0 0 0 0 0 0 0 0 2 178766 4 13 9 1 0 0 0 15 0 0 0 0 12 0 5 1 0 0 1 0 0 0 0 0 0 0 0 0 0 0 0
476 ATC 3 6 2 1 7 32 101 8 3 24 1 0 23 163709 30 49 3 0 1 0 0 0 0 0 12 2 0 0 16 6 3 0 0 0 2 0 0 0 0 0 0 0 21 0 4 17 0 3 0 8 0 3 1 0 13 2 0 0 1 0 0 1 13 1
477 GGA 0 0 0 1 0 0 0 0 22 0 0 0 0 0 0 0 0 0 0 0 0 0 0 0 0 0 0 0 0 0 1 0 17 0 0 0 0 0 0 0 164055 4 18 14 0 0 0 0 0 0 0 0 0 1 0 0 3 0 0 0 0 1 0 0
478 AAT 6 6 5 162162 0 0 0 1 0 0 0 5 0 0 1 1 0 0 2 1 0 0 0 0 0 0 0 0 0 0 0 0 0 0 0 7 0 0 0 0 0 0 0 0 0 0 0 0 0 0 2 0 0 0 0 0 0 0 0 0 0 0 0 0
479 GGG 0 0 0 0 0 0 0 0 2 0 15 0 0 0 0 0 0 0 0 0 0 0 0 0 0 0 8 0 0 0 0 0 0 0 6 0 0 0 0 0 25 7 164115 3 0 0 2 0 0 0 0 0 0 0 0 0 0 1 3 0 0 0 0 0
480 TGT 0 0 0 0 0 0 0 0 0 0 0 3 0 0 0 0 0 0 0 0 0 0 0 0 0 0 0 2 0 0 0 0 0 0 0 0 0 0 0 0 0 0 0 0 0 0 0 0 0 0 0 17 0 0 0 0 0 20 10 163625 0 0 0 1
481 TTT 0 0 0 0 0 54 0 0 0 0 0 0 0 0 0 0 0 0 0 0 0 0 0 0 0 0 0 0 8 0 0 8 0 0 0 0 0 0 0 0 0 0 0 0 0 0 0 5 0 0 0 1 0 0 0 5 0 0 0 0 1 12 4 164044
482 GAG 11 0 34 1 0 1 0 0 1 0 0 0 0 0 0 0 0 0 12 0 0 0 0 0 0 0 0 0 0 0 17 0 29 3 164037 9 0 3 12 0 0 0 41 0 0 1 1 0 0 0 2 0 0 0 0 2 0 0 1 0 0 0 2 0
483 TTC 0 0 0 0 0 0 0 0 0 0 0 0 0 178 0 0 0 0 0 0 0 0 0 0 0 0 0 0 0 14 0 0 0 0 0 0 0 0 0 0 0 0 0 0 0 2 0 0 0 1 0 72 0 7 0 0 0 0 0 0 4 163902 1 17
484 TAC 0 2 0 0 0 0 0 0 0 0 3 0 0 0 0 1 0 53 0 0 0 0 0 0 0 0 0 0 0 1 0 0 0 0 0 0 0 0 0 0 0 0 0 0 0 0 0 0 2 163753 0 17 0 2 0 5 0 18 0 0 8 4 14 8
485 CAC 0 3 0 0 0 0 0 0 10 0 0 0 0 0 0 0 0 164026 1 7 0 4 0 0 0 2 0 0 0 0 0 0 0 3 1 0 0 0 0 0 0 0 0 0 0 0 0 0 0 9 0 0 0 0 0 0 0 0 0 0 0 0 0 0
486 AAG 11 0 163927 9 0 4 2 0 0 0 12 2 3 0 8 0 63 0 6 0 0 0 0 0 0 0 5 12 0 0 2 0 1 0 6 0 10 2 0 0 0 0 1 0 4 0 0 0 0 0 1 0 3 0 0 0 0 0 0 0 0 0 12 0
487 TGT 0 0 0 0 0 0 0 0 0 0 0 1 0 0 0 0 0 0 0 0 0 0 0 0 0 0 0 2 0 0 0 0 0 0 0 0 0 0 0 0 0 0 0 2 0 0 0 0 0 0 0 14 0 0 0 0 2 15 0 164259 1 0 0 0
488 GAC 0 30 0 0 0 0 2 6 0 0 0 7 0 0 0 0 0 0 0 0 1 0 0 0 0 0 0 0 0 0 0 0 5 164098 0 13 0 0 0 0 0 31 0 0 0 1 0 0 0 5 0 0 0 0 0 0 0 0 0 0 0 0 0 0
489 AAT 1 10 0 164042 0 0 213 2 0 0 0 4 0 0 0 2 0 0 0 3 0 0 0 0 0 0 0 0 0 0 0 0 0 4 0 27 0 0 0 0 0 0 0 1 0 0 0 0 0 0 0 3 0 0 0 0 0 0 0 0 0 0 0 0
490 GAA 13 2 0 24 4 0 2 0 1 0 0 0 1 0 2 0 5 38 1 0 0 0 0 9 0 1 5 0 14 1 0 0 163715 7 14 1 0 3 15 0 13 6 13 0 1 2 0 1 1 0 0 0 1 3 0 0 0 0 32 0 6 0 1 5
491 TGC 0 0 0 0 0 0 0 0 0 1 0 0 0 0 0 0 0 0 0 0 0 0 0 0 0 4 0 0 0 0 0 0 0 0 0 0 0 0 0 0 0 0 0 0 0 0 0 0 0 14 0 0 0 0 0 0 2 164024 0 54 0 3 0 0
492 ATG 0 0 1 0 0 0 4 0 0 0 0 0 46 0 163281 7 0 0 0 0 0 0 0 0 0 0 0 0 0 0 2 0 0 0 0 0 0 0 0 0 0 0 0 0 0 0 8 0 0 0 0 0 0 0 0 0 0 0 0 0 0 0 4 0
493 GAA 16 0 0 3 2 0 0 0 0 7 0 3 17 0 8 0 14 1 0 0 0 0 0 0 0 0 2 0 0 0 1 0 163622 8 8 11 36 0 4 5 24 1 0 122 1 0 0 0 0 0 0 0 10 19 0 0 0 0 1 0 0 1 0 1
494 AGT 1 0 2 35 0 0 1 1 2 6 0 164061 0 0 7 2 0 1 0 2 0 0 0 0 0 3 0 3 0 0 0 0 0 0 0 0 8 9 2 2 0 1 0 9 0 0 0 0 0 0 0 0 0 0 94 0 0 0 22 2 0 0 0 0
495 GTA 0 0 0 0 0 0 0 0 0 0 0 0 42 0 0 0 0 0 0 0 0 0 0 0 0 0 0 0 0 0 0 0 0 0 0 0 11 0 0 0 3 0 0 0 163941 17 40 1 0 0 0 0 0 0 0 0 0 0 0 0 2 0 0 0
496 AGA 59 0 5 0 0 0 0 0 164030 1 18 0 3 0 0 0 0 0 2 0 0 0 0 0 20 7 0 0 0 0 0 0 0 0 0 0 0 0 0 0 14 0 0 0 0 0 0 0 5 0 0 0 0 0 0 0 1 0 0 0 0 0 0 0
497 AAT 68 19 1 163087 10 28 10 87 0 3 9 36 11 10 8 57 27 0 22 17 0 0 0 0 0 0 2 10 2 4 0 8 24 3 18 51 79 0 23 61 6 30 16 29 4 66 54 8 0 12 0 5 29 67 63 68 0 0 0 0 0 6 42 4
498 GGG 0 0 0 0 0 0 0 0 0 0 12 0 0 0 0 0 0 0 0 0 0 0 0 0 0 0 0 6 0 0 0 0 0 0 15 2 1 0 2 0 34 7 164059 18 0 0 2 0 0 0 0 0 0 0 0 2 0 0 8 0 0 0 0 0
499 ACT 0 2 0 17 0 9 2 163451 0 0 33 6 0 0 39 24 0 0 4 6 0 0 0 1 0 0 0 4 0 0 38 32 91 10 95 10 3 0 0 55 2 2 1 10 40 0 18 49 0 26 0 7 0 0 0 2 0 0 2 0 13 12 20 5
500 TAT 0 0 0 3 0 0 0 0 0 0 0 0 0 0 0 0 0 0 0 16 0 0 0 0 0 0 0 0 0 0 0 30 0 0 22 1 0 0 0 0 0 0 0 0 0 0 0 0 1 3 2 164264 0 0 0 2 0 0 0 14 0 0 0 0
501 GAT 19 0 1 13 1 0 0 0 0 0 0 0 0 0 2 0 0 0 0 0 2 0 0 0 0 0 0 0 0 0 0 0 1 8 5 163614 2 0 2 3 0 2 0 15 0 3 0 3 0 2 0 12 5 0 5 13 0 8 2 0 3 0 0 0
502 TAT 0 0 0 3 0 0 0 0 0 0 0 0 0 0 0 0 0 0 0 13 0 0 0 0 3 0 0 0 0 0 0 0 0 0 0 0 3 18 10 4 0 0 2 0 2 0 0 0 0 21 2 164067 0 0 1 0 0 0 0 12 0 1 1 5
503 CCA 1 0 1 3 4 0 0 0 0 0 1 0 0 3 0 4 13 1 4 0 163874 6 11 4 0 1 0 0 3 0 0 0 1 0 0 0 0 0 0 0 0 0 3 0 0 0 0 0 0 0 0 1 4 0 0 0 0 0 0 0 1 0 0 2
504 AAA 163852 2 12 12 3 0 8 0 16 0 41 1 7 0 4 2 2 0 0 1 0 0 0 0 6 0 0 8 21 0 0 5 5 0 0 3 0 0 8 0 5 3 8 1 2 1 2 0 0 0 0 8 0 0 10 3 0 0 1 0 0 0 1 9
505 TAT 0 0 0 0 0 0 0 0 0 0 0 0 0 0 0 0 0 0 0 5 0 0 0 0 0 0 0 0 0 0 0 0 0 0 0 0 0 0 0 0 0 0 0 0 0 0 0 0 0 15 1 164112 0 0 0 4 0 0 0 4 0 0 0 2
506 TCA 0 0 0 0 4 0 0 0 0 0 0 0 0 0 2 0 0 0 0 0 5 0 0 0 0 0 12 0 0 0 6 0 6 0 2 0 30 0 0 19 0 2 5 0 0 0 6 4 2 0 0 0 163756 0 90 5 0 2 4 9 42 7 0 1
507 GAA 12 0 0 0 0 0 0 0 0 0 0 0 4 3 0 3 7 0 0 0 0 6 3 0 3 0 0 0 0 1 4 0 163977 3 19 6 0 0 0 0 16 3 67 4 4 0 8 0 2 0 0 0 0 0 0 1 0 0 8 0 0 0 0 1
508 GAA 8 0 0 0 0 0 0 0 0 3 0 2 0 0 0 17 21 0 5 0 0 0 0 0 0 0 0 0 0 6 3 0 163925 1 8 0 0 3 15 1 12 0 0 0 0 0 0 1 1 0 0 0 0 1 0 0 0 0 0 0 7 5 0 0
509 TCA 0 0 0 0 3 1 0 1 0 1 0 14 4 38 3 39 0 0 0 0 8 0 0 0 0 0 0 0 92 0 0 7 0 0 0 0 5 0 0 1 0 0 4 1 1 42 2 19 2 0 0 0 163960 2 19 0 1 0 0 0 22 0 7 0
510 AAG 35 0 163795 1 0 0 17 0 0 0 20 0 0 0 15 0 0 17 20 3 0 0 0 0 2 0 8 0 0 3 2 2 0 0 19 0 1 0 2 0 2 0 2 0 5 0 0 0 0 0 0 6 0 0 0 8 0 0 0 0 3 18 2 5
511 TTG 0 0 0 4 0 0 0 1 0 0 0 0 0 0 11 0 1 0 0 2 0 0 0 0 0 0 0 0 0 0 10 1 2 0 4 0 3 0 1 2 1 3 0 0 0 1 8 1 0 0 2 0 0 0 16 4 0 1 2 1 51 0 163852 14
512 AAC 7 163453 1 19 0 11 0 49 4 67 1 0 20 47 0 0 0 9 0 1 0 0 0 0 0 12 0 0 0 0 0 3 9 22 0 8 36 23 3 2 3 4 0 4 6 0 0 7 0 9 0 0 2 9 0 0 0 1 0 6 8 7 2 4
513 AGG 0 2 11 0 0 0 2 2 65 1 147209 3 2 0 11 1 10 0 0 2 0 0 0 0 1 0 17 6 0 0 1 1 0 0 0 0 1 3 0 0 0 0 41 0 2 0 0 0 0 0 0 2 1 0 1 1 0 0 3 0 0 3 16 0
514 GAA 33 0 0 1 83 0 0 0 0 0 0 0 0 0 0 0 1 0 0 0 0 0 0 0 0 0 0 0 0 0 0 4 163820 0 30 0 1 4 0 0 36 0 0 0 2 1 0 0 0 0 0 0 0 7 0 1 0 0 0 0 0 0 0 1
515 AAG 39 0 163820 36 1 0 4 0 1 0 51 44 2 0 3 4 1 0 0 0 10 0 6 2 0 4 0 0 0 0 2 0 0 0 15 11 6 0 0 0 3 3 0 1 4 2 1 6 0 1 0 2 0 0 0 0 0 0 1 0 0 5 0 0
516 ATA 1 0 0 0 2 0 0 0 1 0 0 0 163821 2 36 35 0 0 0 0 0 0 0 0 0 0 0 0 1 0 0 0 0 0 0 0 0 0 0 0 0 0 0 0 27 4 0 29 0 0 0 0 0 0 0 0 0 0 0 0 1 0 0 0
517 GAT 26 0 1 38 5 0 2 2 7 0 0 0 0 0 1 0 13 11 0 0 0 0 2 2 0 1 9 0 0 2 0 4 1 19 8 163675 3 14 8 5 1 0 1 32 3 12 2 1 0 4 0 4 1 4 1 29 0 0 1 0 8 17 6 0
518 GGA 3 5 0 0 8 48 13 17 37 19 3 10 13 4 0 54 2 6 6 0 0 1 6 0 4 7 9 0 6 5 5 3 48 0 9 1 2 10 5 27 163083 1 45 14 1 2 17 5 0 0 0 0 43 0 3 4 0 0 3 0 7 8 14 5
519 GTG 0 0 0 0 0 0 0 6 0 0 0 0 1 0 15 5 0 0 0 0 0 0 0 0 0 1 0 0 0 4 1 0 0 0 0 0 0 0 8 0 0 0 0 0 34 1 163538 35 0 0 0 0 0 0 0 0 0 0 0 0 0 0 12 0
520 AAA 163783 3 13 9 7 5 0 1 20 0 0 0 1 2 0 0 0 0 2 4 0 0 1 2 6 9 2 0 1 1 3 0 19 0 0 0 0 0 11 0 0 0 0 0 0 3 0 1 3 0 0 1 0 0 0 3 0 0 0 0 1 1 1 0
521 TTG 0 0 0 0 0 1 1 0 0 0 0 0 7 1 1 0 0 0 0 0 22 0 0 0 1 0 0 0 12 0 19 0 0 0 0 0 0 0 0 0 0 0 0 0 8 0 8 0 0 0 1 2 0 0 8 0 0 0 7 0 14 3 163065 2
522 GAA 8 5 0 5 0 2 0 0 0 1 0 0 0 0 0 0 0 0 0 0 0 0 0 0 0 0 0 0 0 0 0 0 163177 6 9 1 3 0 0 0 14 0 0 0 1 0 0 0 1 0 0 0 0 0 6 0 0 0 0 0 0 0 0 0
523 TCA 0 0 5 0 3 0 0 30 0 0 0 0 0 10 0 0 5 0 6 0 14 1 0 1 0 0 0 0 0 0 0 2 1 2 0 0 0 1 0 0 0 0 2 0 1 1 0 0 0 4 0 3 162324 42 13 18 0 0 0 0 2 0 1 0
524 ATG 2 2 0 0 0 0 14 0 0 0 3 1 24 1 96217 2 0 0 0 0 1 0 1 0 0 0 0 1 0 0 2 0 0 2 0 0 0 0 0 0 1 0 3 0 2 0 6 1 0 0 0 0 2 1 0 0 0 1 1 0 9 0 4 11
525 GGG 0 0 0 0 0 3 0 0 0 0 8 0 0 0 0 0 0 0 0 0 0 0 0 0 0 0 0 0 0 0 0 0 0 0 8 0 0 0 0 0 12 0 108583 30 0 0 4 0 0 0 0 0 4 1 0 0 0 0 3 0 0 0 0 0
526 GTG 0 0 0 0 2 0 0 0 0 0 0 0 23 3 25 0 0 0 0 2 0 1 2 6 0 0 0 1 0 0 6 1 0 0 1 0 0 0 9 6 0 0 2 0 42 4 120412 22 0 8 0 0 2 0 0 0 0 0 10 0 0 0 12 1
527 TAT 0 0 0 1 0 0 1 0 0 0 0 2 0 0 3 0 2 0 0 17 0 0 0 0 0 0 0 0 0 0 0 0 0 0 0 2 0 0 0 0 0 0 0 0 3 0 0 0 0 16 0 95392 0 0 3 0 0 0 0 5 0 0 0 0
528 CAG 0 0 3 0 2 0 0 2 0 0 3 2 0 0 0 0 14 23 121754 0 0 0 2 0 0 0 22 0 0 0 2 0 1 0 4 0 0 0 0 0 0 0 0 0 0 0 0 0 0 1 3 1 0 0 1 0 0 0 0 0 0 0 0 0
529 ATT 0 0 1 4 0 0 0 4 0 0 0 2 2 9 3 129702 0 0 0 1 0 0 0 0 0 0 0 0 0 0 0 0 0 0 0 0 0 0 0 0 0 0 0 0 0 0 1 4 0 1 0 1 1 0 0 0 0 0 9 0 0 0 0 2
530 CTG 0 0 0 0 0 0 0 0 0 0 0 0 0 0 8 0 0 0 1 0 0 0 10 0 0 0 2 0 3 0 144134 5 0 0 0 0 0 0 0 0 0 0 0 0 0 0 0 0 0 0 0 0 0 0 0 0 0 0 0 0 0 0 5 0
531 GCG 0 0 0 0 0 0 3 0 0 0 0 0 0 0 0 0 0 0 0 0 0 0 0 0 1 0 0 0 0 0 0 0 0 0 1 0 7 0 146347 3 0 0 1 0 0 0 33 0 0 0 0 0 0 0 1 1 0 0 0 0 0 0 0 0
532 ATC 0 0 0 0 0 13 0 0 0 1 0 0 2 150087 0 17 0 0 0 0 0 0 0 0 0 0 0 0 0 3 0 0 0 0 0 0 0 0 0 0 0 0 0 0 0 27 0 0 0 0 0 0 0 0 0 0 0 0 0 0 0 1 0 0
533 TAC 0 5 0 0 0 0 0 0 0 0 0 0 0 0 0 0 0 43 0 0 0 0 0 0 0 0 0 0 0 0 0 0 0 2 0 0 0 0 0 0 0 0 0 0 0 0 0 0 3 159511 0 12 0 0 0 0 0 7 0 0 0 0 0 0
534 TCA 0 0 0 0 4 0 0 0 0 0 0 0 0 0 1 0 0 0 0 0 20 0 0 0 0 0 0 0 0 0 0 0 0 0 0 0 0 0 0 0 0 0 0 0 0 0 0 0 3 0 0 0 159970 1 30 0 2 0 0 0 2 0 0 0
535 ACT 0 0 0 3 5 37 1 150921 0 0 0 1 0 0 0 11 0 0 0 0 0 0 0 0 0 0 0 0 0 0 0 0 0 0 0 0 0 0 0 25 9 0 0 0 0 0 0 1 0 0 0 0 0 0 0 2 0 10 0 0 0 0 0 1
536 GTC 0 0 0 0 0 0 0 1 0 0 0 0 0 33 0 0 0 0 0 0 0 0 0 0 0 0 0 0 0 0 0 0 0 0 0 0 0 10 0 0 0 0 0 0 2 150231 0 4 0 0 0 0 0 0 0 0 0 2 0 0 0 1 0 0
537 GCC 0 0 0 0 0 32 0 0 0 0 0 0 0 0 0 0 0 0 0 0 0 0 0 0 0 0 0 0 0 0 0 0 0 2 0 0 5 162618 5 23 0 0 0 0 0 9 0 1 0 0 0 0 0 3 0 0 0 0 0 1 0 0 0 0
538 AGT 0 0 0 18 0 0 0 0 1 7 5 162618 0 3 0 9 0 0 0 0 0 0 0 0 0 0 0 4 0 0 0 0 0 0 0 0 3 9 17 0 0 0 0 6 0 0 8 0 0 0 0 0 2 21 12 5 0 0 0 6 0 0 0 0
539 TCA 0 0 0 0 1 0 0 0 0 0 0 0 0 0 0 0 0 0 0 0 15 0 0 0 0 0 0 0 0 0 0 0 0 0 0 0 0 0 0 0 0 0 0 0 0 0 0 0 1 0 0 0 161680 7 10 1 1 0 0 0 9 0 0 0
540 CTG 0 0 0 0 0 5 0 2 0 0 0 1 0 0 3 0 0 0 2 0 0 0 6 0 0 0 1 0 26 25 162951 9 0 0 0 0 1 0 0 4 1 0 0 4 1 1 16 1 0 0 0 0 0 24 8 0 0 0 0 0 0 0 9 9
541 GTG 0 0 0 0 0 0 4 1 0 0 0 0 0 3 24 0 0 0 0 0 3 0 0 2 0 0 0 0 0 0 0 6 0 0 2 0 0 0 6 0 0 0 0 0 48 2 163286 23 0 0 0 0 0 0 0 0 0 0 1 0 2 2 2 0
542 CTT 0 0 0 0 0 0 0 3 0 0 0 0 1 3 22 5 0 0 0 1 0 0 0 25 0 0 0 2 3 9 16 163701 0 0 0 0 0 0 0 0 0 0 0 0 0 1 1 2 0 0 0 0 0 0 0 2 0 0 0 1 10 0 5 34
543 TTG 0 0 0 0 10 0 1 0 0 0 0 0 7 0 3 0 0 0 0 0 0 0 0 0 0 0 0 0 2 0 8 0 0 0 0 0 4 0 4 0 0 0 0 2 0 0 0 0 0 0 4 0 7 0 5 0 0 0 20 0 26 2 163939 1
544 GTC 0 0 0 0 0 0 0 0 0 0 0 0 0 24 0 0 0 0 0 0 0 0 0 0 0 0 0 0 0 0 0 0 0 1 0 0 0 8 0 0 0 0 0 0 1 162919 1 21 0 0 0 0 0 3 0 0 0 0 0 0 0 2 0 0
545 TCC 0 0 0 0 0 3 0 0 0 0 0 0 0 0 0 0 0 0 0 0 0 55 0 0 0 0 0 0 0 2 0 0 0 0 0 0 0 1 0 0 0 0 0 0 0 0 0 0 0 0 0 0 4 163959 2 3 0 0 0 0 0 7 0 0
546 CTG 0 0 0 0 0 0 0 0 0 0 0 0 0 0 4 0 0 0 0 0 0 0 25 0 0 0 12 0 10 0 162033 4 0 0 0 0 0 0 0 0 0 0 0 0 0 0 2 0 0 0 0 0 0 0 0 0 0 0 1 0 0 0 7 0
547 GGG 0 0 0 0 0 0 0 0 0 0 6 0 0 0 0 0 0 0 0 0 0 0 0 0 0 0 0 0 0 0 0 0 0 0 6 0 0 0 6 0 6 0 162911 0 0 0 1 0 0 0 0 0 0 0 0 0 0 0 2 0 0 0 0 0
548 GCA 0 0 0 0 41 0 0 0 0 0 0 0 0 0 0 0 0 0 0 0 0 0 0 0 0 0 0 0 0 0 0 0 0 0 0 0 163828 1 5 0 3 0 0 0 28 0 0 0 0 0 0 0 2 0 0 0 0 0 0 0 0 0 0 0
549 ATC 0 1 0 0 0 30 0 0 0 4 0 0 4 163988 0 7 0 0 0 0 0 0 0 0 0 0 0 0 0 10 0 0 0 0 0 0 0 1 0 0 0 0 0 0 0 44 0 0 0 0 0 0 0 4 0 0 0 0 0 0 0 2 0 0
550 AGT 0 0 0 14 0 0 0 0 1 18 0 163973 0 0 0 6 0 0 0 0 0 0 0 0 0 0 0 0 0 3 0 1 0 0 0 0 4 0 0 4 0 0 0 39 2 0 0 0 0 0 0 0 0 0 5 3 0 9 0 4 34 1 1 0
551 TTC 0 0 0 0 1 0 0 0 0 0 0 0 0 2 1 0 0 0 0 0 0 0 0 0 0 2 0 0 0 6 0 1 0 0 0 0 0 0 0 0 1 6 6 0 0 3 0 0 0 2 0 0 0 11 0 0 0 0 0 0 2 163743 0 9
552 TGG 0 0 0 0 0 0 0 0 0 0 2 0 0 0 0 0 0 0 0 0 0 0 0 0 0 0 13 0 0 1 0 0 0 0 0 0 0 0 0 0 0 0 12 0 0 0 0 0 0 3 7 0 0 0 0 0 3 0 163966 2 0 5 3 2
553 ATG 0 0 2 0 0 0 5 0 0 0 1 0 8 1 164056 0 0 0 0 0 0 0 0 0 0 0 0 0 0 0 0 0 0 0 0 0 0 0 7 0 4 0 8 2 0 0 10 0 0 0 0 0 1 0 0 10 0 0 0 0 0 0 3 0
554 TGT 0 0 0 0 0 0 0 0 0 0 0 1 0 3 0 3 0 0 0 0 0 0 0 0 0 0 0 6 0 0 1 0 0 1 0 0 0 0 0 0 0 0 0 0 0 1 4 0 0 0 0 8 0 0 0 1 2 34 0 163955 1 0 2 2
555 TCT 0 0 0 2 0 0 0 5 0 1 1 44 6 0 0 0 7 0 0 0 0 0 0 3 0 0 1 0 0 0 20 1 0 0 7 6 0 0 4 2 0 1 0 0 0 0 0 0 0 0 0 10 4 33 9 164047 0 0 0 0 3 0 2 4
556 AAT 2 21 17 164025 0 0 0 4 0 0 0 8 4 2 0 0 0 2 0 0 0 0 0 0 0 0 0 0 0 0 2 0 0 0 0 24 0 0 0 0 0 0 0 3 4 1 0 16 0 0 0 1 0 0 0 0 0 0 0 0 0 0 0 0
557 GGG 0 0 0 0 0 0 0 0 0 0 8 0 0 0 0 0 0 0 1 0 0 0 0 0 0 0 2 0 0 0 0 0 0 0 8 0 0 0 1 0 32 0 163940 3 0 0 1 0 0 0 0 0 0 0 1 0 0 0 3 0 0 0 0 0
558 TCT 0 0 0 0 0 0 0 8 0 0 0 0 0 0 0 0 0 0 0 0 0 0 0 6 0 0 0 0 4 0 1 0 0 0 0 0 0 0 0 0 0 0 0 0 0 0 2 0 0 0 0 5 5 8 12 164163 0 0 0 0 1 4 1 11
559 TTG 0 0 0 0 0 0 0 0 0 0 0 0 0 0 1 0 0 0 0 0 0 0 0 0 0 0 0 0 0 0 19 0 0 0 0 0 0 0 0 0 0 0 0 0 0 0 1 1 0 0 0 0 0 0 6 0 0 0 1 0 25 0 164101 2
560 CAG 0 0 3 0 0 0 15 0 0 0 0 0 0 0 0 0 14 0 164037 0 0 0 2 0 0 0 13 0 0 0 1 0 0 0 13 0 0 0 0 0 0 0 0 0 0 2 0 0 0 0 66 0 0 0 0 0 0 0 0 0 0 0 0 0
561 TGC 0 0 0 0 0 0 0 0 0 2 0 0 0 0 0 9 0 0 0 0 0 0 0 0 0 6 0 0 2 0 3 0 0 0 0 0 0 0 0 0 0 0 0 0 3 0 0 0 0 69 0 0 0 0 0 0 4 163976 1 25 4 3 0 0
562 AGA 15 7 0 0 0 1 4 3 164050 0 6 2 6 0 0 0 0 1 1 2 0 0 0 0 5 0 4 9 0 0 0 5 5 1 0 4 0 1 3 0 6 0 0 0 9 0 7 1 0 0 0 0 0 0 0 0 4 0 0 0 0 0 1 0
563 ATA 0 0 0 0 3 0 0 0 1 0 0 0 164297 0 15 3 0 0 0 0 0 0 0 0 0 0 1 0 0 0 0 0 0 0 0 0 0 0 0 0 0 0 0 0 6 0 0 0 0 0 0 0 0 0 0 0 0 0 0 0 0 0 0 0
564 TGC 0 0 0 0 0 0 0 0 0 2 0 0 0 0 0 0 0 0 0 0 0 0 0 0 0 2 0 0 0 0 0 0 0 0 0 0 0 0 0 0 0 0 0 0 0 0 0 0 0 25 0 0 0 0 0 0 2 164081 0 54 0 0 0 0
565 ATC 0 0 0 0 0 3 0 0 0 0 0 0 7 163965 1 6 0 0 0 0 0 0 0 0 0 0 0 0 3 0 2 0 0 0 0 0 0 0 0 0 0 0 0 0 0 3 0 1 0 0 0 0 0 0 0 0 0 0 0 0 0 0 2 1
566 TGA 0 0 0 0 0 0 0 0 3 0 0 0 0 0 0 0 0 0 0 0 0 0 0 0 31 0 0 0 0 0 0 0 0 0 0 0 0 0 0 0 2 0 0 0 0 0 0 0 15 0 0 0 0 0 0 0 164133 0 10 2 2 0 0 0
