# POSITION WT AAA AAC AAG AAT ACA ACC ACG ACT AGA AGC AGG AGT ATA ATC ATG ATT CAA CAC CAG CAT CCA CCC CCG CCT CGA CGC CGG CGT CTA CTC CTG CTT GAA GAC GAG GAT GCA GCC GCG GCT GGA GGC GGG GGT GTA GTC GTG GTT TAA TAC TAG TAT TCA TCC TCG TCT TGA TGC TGG TGT TTA TTC TTG TTT
1 ATG 0 0 10 0 0 0 3 0 0 0 0 0 19 0 195668 1 0 0 0 0 0 0 0 0 0 0 0 0 0 0 4 0 0 0 0 0 0 0 0 0 0 0 0 0 0 0 7 0 0 0 0 0 0 0 0 0 0 0 0 0 0 0 1 0
2 AAG 47 5 195138 33 31 1 44 2 22 0 22 0 2 1 30 26 0 1 22 0 0 1 10 8 0 0 22 0 2 10 0 0 0 0 15 1 0 0 0 0 0 1 0 0 1 1 1 5 0 0 0 1 10 9 3 0 0 20 0 8 1 10 37 0
3 GCA 1 0 0 4 19 0 0 1 0 0 0 0 0 1 0 0 0 1 2 0 1 0 0 0 0 0 0 0 0 0 0 0 7 0 0 0 195359 9 5 7 0 3 0 0 21 0 11 0 0 6 0 1 3 4 0 0 0 0 5 0 0 0 0 0
4 AAA 194015 12 14 0 5 2 7 0 7 2 3 1 0 4 1 2 5 0 0 0 0 0 0 0 0 0 0 0 0 1 0 0 9 0 0 0 1 0 4 1 1 0 0 0 1 3 0 0 1 0 0 0 0 0 5 0 0 0 0 1 0 0 0 0
5 CTA 0 0 0 0 0 0 0 0 0 0 0 0 8 2 1 1 1 0 4 2 12 0 0 0 1 0 0 0 195626 5 6 1 0 0 0 0 0 0 6 0 1 0 0 0 3 0 0 0 0 0 0 2 0 0 0 0 0 0 1 11 7 0 0 0
6 CTG 0 0 0 0 0 0 0 0 0 0 0 0 0 0 6 0 0 0 4 0 0 0 3 0 0 0 1 0 23 0 195449 4 0 0 0 0 0 0 0 0 0 0 0 0 0 0 0 0 0 1 0 0 0 0 0 0 0 0 0 0 0 0 37 0
7 GTC 0 1 0 0 0 0 0 0 0 0 0 0 0 14 2 0 0 0 0 0 0 0 0 0 0 0 0 0 0 0 0 0 0 0 0 0 0 35 0 0 0 0 0 0 3 195205 19 34 0 0 0 0 0 0 0 0 0 0 7 0 0 32 7 5
8 CTG 0 0 0 0 0 0 0 0 0 0 0 0 3 0 8 0 0 2 11 0 0 0 41 0 0 0 6 0 36 2 195444 11 0 0 0 0 0 0 0 0 0 0 0 0 0 0 4 0 0 0 0 0 0 0 0 0 0 0 0 0 19 0 10 0
9 TTA 0 0 0 0 0 0 0 0 0 0 0 0 3 2 0 0 0 0 0 0 1 0 0 0 1 0 0 0 36 1 1 0 0 0 0 0 0 0 0 0 0 0 0 0 3 0 0 1 0 3 0 0 7 0 0 0 1 0 0 0 195544 2 25 12
10 TAT 0 0 0 1 0 0 1 0 0 6 0 3 0 1 2 0 0 0 0 41 0 0 0 0 0 0 0 0 0 0 0 0 0 0 0 3 0 0 0 0 0 0 0 0 0 0 0 1 5 18 3 195029 30 0 3 2 0 10 0 78 3 0 0 3
11 GCA 0 0 0 4 71 3 0 33 0 0 0 0 0 0 0 0 1 5 0 1 0 0 0 0 0 0 0 0 10 24 0 0 6 0 0 0 195166 18 10 2 0 0 0 0 122 13 1 0 0 0 0 2 5 0 2 14 0 1 0 0 0 0 0 0
12 TTT 0 0 0 0 0 0 0 0 0 0 0 0 0 0 6 15 0 0 0 0 0 0 0 0 0 1 0 2 1 0 4 22 0 0 0 0 0 4 0 0 0 0 0 0 1 1 0 17 0 0 0 1 0 2 0 4 0 0 0 3 1 30 19 195279
13 GTA 0 0 0 0 2 0 0 0 0 0 0 0 7 0 0 0 0 0 0 7 0 0 0 0 0 0 0 0 0 0 0 0 1 0 0 0 39 0 0 0 0 0 0 0 195574 6 68 1 0 0 0 4 0 0 0 0 0 0 0 0 3 0 0 0
14 GCT 0 0 0 0 0 0 0 18 0 0 0 0 0 0 0 0 0 0 0 0 0 0 0 1 0 0 0 0 0 0 0 0 0 0 0 4 0 21 5 195591 0 0 0 1 0 0 0 6 0 0 0 0 0 0 0 19 0 0 0 0 0 0 0 0
15 ACA 3 0 0 0 195592 9 49 35 2 0 0 0 14 0 0 0 0 0 0 0 1 0 0 0 0 0 0 0 0 0 0 0 0 0 0 0 17 0 0 0 0 0 0 0 0 3 0 0 0 0 0 0 1 3 0 0 0 0 0 0 0 0 0 0
16 GAT 0 0 0 11 0 0 0 0 0 0 0 0 0 0 0 0 0 0 0 0 0 0 0 0 0 0 1 0 0 0 0 0 4 19 2 195637 0 0 0 3 0 0 0 7 0 0 0 1 0 0 0 4 0 0 0 0 0 0 0 0 0 0 0 0
17 GCA 0 0 0 0 42 0 0 0 0 0 0 0 0 0 0 0 0 0 0 0 0 0 0 0 0 0 0 0 0 0 0 0 3 0 0 0 195155 9 51 5 4 0 0 0 22 0 0 0 0 0 0 0 3 0 0 0 3 0 0 0 0 0 0 0
18 GAC 0 8 0 0 0 0 0 0 0 0 0 0 0 0 0 0 0 1 0 0 0 0 0 0 0 0 0 0 0 0 0 0 2 195416 0 12 0 2 0 0 0 10 0 0 0 0 0 0 0 5 0 0 0 0 0 0 0 0 0 0 0 0 0 0
19 ACA 2 0 0 0 194343 2 19 0 4 0 0 0 9 0 2 0 0 3 0 0 1 0 0 0 38 0 6 1 4 0 1 1 0 0 0 0 3 0 0 0 0 0 0 0 0 0 0 1 0 0 0 0 1 14 0 0 0 0 0 0 1 0 0 0
20 ATA 4 0 0 0 11 0 0 0 2 0 0 0 195666 1 34 10 0 0 0 0 0 0 0 0 0 0 0 0 1 0 0 0 0 0 0 0 0 0 0 0 0 0 0 0 6 0 0 0 2 0 0 0 0 0 0 0 0 0 0 0 1 0 0 0
21 TGT 0 0 0 0 0 0 0 0 0 0 0 0 0 0 0 0 0 0 0 0 0 0 0 0 0 0 0 4 0 0 0 0 0 0 0 0 0 0 0 0 0 0 0 0 0 0 0 0 0 0 0 24 0 0 0 1 3 100 1 195450 0 0 0 1
22 ATA 2 0 0 0 6 0 0 0 0 0 0 0 195538 7 39 0 0 0 0 0 0 0 0 0 0 0 0 0 3 0 0 0 0 0 0 0 0 0 0 0 0 0 0 0 24 0 3 0 0 0 0 0 0 0 0 0 0 0 0 0 2 0 0 0
23 GGC 0 0 0 0 0 0 0 0 0 6 0 0 0 0 0 0 0 0 0 0 0 0 0 0 0 0 0 0 0 0 0 0 0 12 0 0 0 0 0 0 9 195550 2 20 0 0 0 0 0 0 0 0 0 0 0 0 0 20 0 0 0 0 0 0
24 TAC 0 2 0 0 0 0 0 0 0 0 0 0 0 0 2 0 0 22 0 0 0 0 0 0 0 0 0 0 0 0 0 0 0 1 0 0 0 0 0 0 0 0 0 0 0 1 0 0 3 195497 1 27 0 2 0 0 0 5 0 0 0 0 0 0
25 CAT 0 0 0 4 1 0 0 0 0 0 0 0 0 0 2 0 3 9 8 195557 0 0 0 5 0 0 0 15 1 0 0 3 0 0 0 0 0 0 0 0 0 0 0 0 0 2 0 0 0 0 0 5 0 0 0 0 0 0 0 0 0 0 7 0
26 GCG 0 0 0 0 0 0 22 0 0 0 0 0 0 0 0 0 0 0 0 0 0 0 0 0 0 0 0 0 0 0 0 0 0 0 5 0 70 2 195101 4 0 0 2 0 0 0 35 0 0 0 0 0 0 1 1 0 0 0 0 0 0 0 0 0
27 AAC 0 193976 2 18 0 4 0 0 0 12 0 0 0 0 0 0 0 0 0 2 0 0 0 0 0 0 0 0 0 0 0 0 0 8 0 0 0 0 0 0 0 0 0 0 0 0 0 0 0 0 0 0 0 0 0 0 0 0 0 0 0 0 0 0
28 AAC 12 194797 0 21 0 2 0 0 0 5 0 0 0 0 0 0 0 0 0 0 0 0 0 0 0 0 0 0 0 0 0 0 0 7 0 0 0 0 0 0 0 0 0 0 0 0 0 0 0 0 0 0 0 0 0 0 0 0 0 0 0 0 0 0
29 TCA 0 0 0 3 5 0 0 0 0 0 0 0 0 0 0 0 0 0 0 0 23 0 0 0 0 0 0 0 0 0 0 0 0 0 0 0 7 0 0 0 0 0 0 0 0 0 0 0 3 0 0 0 195349 6 7 1 0 0 0 0 2 0 0 0
30 ACC 0 17 0 0 18 195413 0 40 0 0 0 0 0 15 0 0 0 0 0 0 0 1 0 0 0 0 0 0 0 0 0 0 0 0 0 0 0 9 0 0 0 0 0 0 0 0 0 0 1 0 1 0 0 0 0 0 0 0 0 0 0 0 0 0
31 GAC 0 49 0 0 0 0 0 0 0 0 0 0 0 0 0 0 0 3 0 0 0 0 0 0 0 0 0 0 3 0 0 0 0 193619 2 13 0 0 0 0 0 7 0 0 0 0 0 0 0 2 0 0 0 0 0 0 0 0 0 0 0 0 0 0
32 ACT 0 0 0 2 2 13 2 194313 0 0 0 1 0 0 0 9 0 0 0 0 0 0 0 1 0 2 3 0 1 0 0 0 0 0 0 0 0 0 0 7 0 0 0 0 0 0 0 0 0 0 0 0 0 0 0 0 0 0 0 0 0 0 0 0
33 GTT 0 0 0 0 0 0 0 0 0 0 0 0 0 0 0 16 0 0 0 0 0 0 0 0 0 0 0 0 0 0 0 0 0 0 0 0 0 0 0 6 0 0 0 0 3 37 6 195278 0 0 0 0 0 0 0 0 0 0 0 0 0 0 0 2
34 GAC 0 22 0 0 0 0 0 0 0 0 0 0 0 0 0 0 0 1 0 0 0 0 0 0 0 0 0 0 0 0 0 0 5 195222 0 23 0 1 0 0 0 12 0 0 0 3 0 0 0 2 0 0 0 0 0 0 0 0 0 0 0 0 0 0
35 ACA 1 0 0 1 195600 1 12 0 0 0 0 0 0 0 0 0 0 0 0 0 0 0 0 0 0 0 0 0 0 0 0 0 0 0 0 0 3 0 0 0 0 0 0 0 0 0 0 0 0 0 0 0 1 0 0 0 0 0 0 0 0 0 0 0
36 ATA 2 0 0 0 14 0 0 0 1 0 0 0 195345 1 21 0 0 0 0 0 0 0 0 0 0 0 0 0 2 0 0 0 0 0 0 0 0 0 0 0 0 0 0 0 7 0 0 0 0 0 0 0 0 0 0 0 0 0 0 0 0 0 0 0
37 CTC 0 0 0 0 1 0 0 3 5 150 0 0 0 6 0 4 1 2 1 0 0 14 0 0 1 0 11 0 53 195022 2 28 0 0 0 0 0 0 0 0 0 0 0 0 0 1 0 0 0 0 0 5 23 2 0 8 0 0 0 0 0 3 0 0
38 GAG 0 0 19 0 0 0 0 0 0 0 0 0 0 0 0 0 4 0 6 0 0 0 0 0 0 0 0 0 0 0 0 0 12 0 195414 5 0 0 0 0 0 0 8 0 0 0 2 0 0 0 12 0 0 2 0 0 0 0 0 0 0 0 0 0
39 AAG 121 0 175226 3 0 0 3 0 0 0 25 0 0 0 1 0 0 0 0 0 0 0 0 0 0 1 0 0 0 0 0 0 0 0 5 0 0 0 0 0 0 0 0 0 0 0 0 0 0 0 0 0 0 0 0 0 0 0 0 0 0 0 0 0
40 AAT 2 7 2 195305 0 0 0 7 0 0 0 11 0 0 0 0 0 0 0 0 0 0 0 0 0 0 0 0 0 0 0 0 0 2 0 8 0 0 0 0 0 0 0 0 0 0 0 0 0 0 0 0 0 0 0 0 0 0 0 0 0 0 0 0
41 GTG 0 0 0 0 0 0 0 0 0 0 0 0 0 0 10 0 0 0 0 0 0 0 0 0 0 0 0 0 0 0 0 0 0 0 1 0 0 0 4 0 0 0 4 0 18 0 195099 4 0 0 0 0 0 0 0 0 0 0 0 0 0 0 2 0
42 GCA 0 0 0 0 28 2 0 0 0 0 0 0 0 0 0 0 0 0 0 0 1 0 0 0 0 0 0 0 0 0 1 0 1 0 0 0 193287 2 17 1 1 0 0 0 64 0 0 0 0 0 0 0 2 0 0 0 0 0 0 0 0 0 0 0
43 GTG 0 0 0 0 0 0 0 0 0 0 0 0 0 0 16 0 0 0 0 0 0 0 0 0 0 0 0 0 0 0 0 0 0 0 0 0 0 0 1 0 0 0 0 0 19 8 194305 1 0 0 0 0 0 0 0 0 0 0 0 0 0 0 4 0
44 ACA 1 0 0 0 191013 3 17 4 0 0 0 0 11 0 0 0 0 0 0 0 2 0 0 0 0 0 0 0 0 0 0 0 0 0 0 0 13 0 0 0 0 0 0 0 0 0 0 0 0 0 0 0 1 0 0 0 0 0 0 0 0 0 0 0
45 CAT 0 0 0 3 0 0 0 0 0 0 0 0 0 0 0 0 3 20 2 190872 0 0 0 1 0 0 0 6 0 0 0 0 0 0 0 1 0 0 0 0 0 0 0 0 0 0 0 0 0 0 0 2 0 1 0 0 0 0 0 0 0 0 0 0
46 TCT 0 0 0 0 0 0 0 0 0 0 0 0 0 0 0 0 0 0 0 0 0 0 0 7 0 0 0 0 0 0 0 0 0 0 0 0 0 0 0 2 0 0 0 0 0 0 0 0 0 0 0 4 2 51 1 191482 0 0 0 0 0 0 0 3
47 GTT 0 0 7 0 0 0 0 0 0 0 0 0 6 0 0 46 0 0 0 0 0 0 0 0 0 0 0 0 0 0 2 0 0 0 0 1 0 1 0 7 0 0 0 0 4 100 2 189120 0 9 0 0 0 0 0 0 0 0 0 0 25 4 0 11
48 AAC 2 191279 0 42 0 5 0 0 0 13 0 2 0 0 0 0 0 2 0 0 0 0 0 0 0 0 0 0 0 0 0 0 0 10 0 0 0 0 0 0 0 0 0 0 0 0 0 0 0 0 0 0 1 0 0 0 0 0 0 0 0 0 0 0
49 CTG 0 0 0 0 0 0 0 0 0 0 0 0 0 0 6 0 0 0 5 0 0 0 11 0 0 0 1 0 45 6 189336 8 0 0 0 0 0 0 0 0 0 0 0 0 0 0 0 0 0 0 0 0 0 0 0 0 0 1 0 0 0 0 5 0
50 CTC 0 0 0 0 0 0 0 0 0 0 0 0 0 9 0 0 0 1 0 0 0 10 0 0 0 0 0 0 14 187247 4 21 0 0 0 0 0 0 0 0 0 0 0 0 0 1 0 0 0 0 0 0 0 0 1 0 0 0 0 0 1 5 1 0
51 GAA 22 0 0 0 0 1 3 0 0 0 0 0 0 1 0 0 0 0 0 0 0 0 0 0 0 0 0 0 0 0 0 0 153537 4 15 1 1 0 0 0 5 0 0 0 0 0 0 0 0 0 0 0 0 0 0 0 0 0 0 0 0 0 0 0
52 GAC 0 12 0 3 0 0 0 0 0 0 0 13 1 0 0 0 0 0 0 0 0 0 0 0 0 0 0 0 0 0 0 0 24 122781 4 36 0 0 0 0 0 15 0 0 0 1 0 0 0 2 0 0 0 3 7 0 0 0 0 0 0 0 0 0
53 AGC 10 103 0 0 0 0 0 0 3 141383 12 82 0 24 5 2 0 0 12 0 0 0 0 0 0 3 0 0 0 0 3 0 8 0 0 3 0 0 0 5 0 32 0 0 0 0 0 0 0 0 0 0 0 0 0 0 0 2 0 0 0 1 1 0
54 CAC 0 2 0 0 0 0 0 0 0 0 0 0 0 0 0 0 6 116549 3 4 1 2 0 0 0 2 0 0 0 0 0 0 0 0 0 0 0 0 0 0 0 0 0 0 0 0 0 0 0 2 0 0 0 0 0 0 0 0 0 0 0 0 0 0
55 AAC 1 158295 0 18 0 0 0 0 0 4 0 0 0 0 0 0 0 1 0 0 0 0 0 0 0 0 0 0 0 0 0 0 0 16 0 0 0 0 0 0 0 0 0 0 0 0 0 0 0 0 0 0 0 0 0 0 0 0 0 0 0 0 0 0
56 GGG 0 2 0 0 0 0 0 0 0 0 21 0 0 0 0 0 0 0 0 0 0 0 0 0 0 0 10 0 0 0 0 0 0 0 15 0 0 0 6 0 31 13 175961 1 0 0 1 0 0 0 0 0 0 0 3 0 0 0 3 0 0 0 0 0
57 AAA 190891 2 15 0 6 0 0 0 15 0 0 0 1 0 2 0 0 0 1 0 0 0 0 0 0 0 0 0 0 0 0 0 29 0 0 0 2 0 0 0 0 0 0 0 0 0 0 0 0 0 0 0 0 0 0 0 0 0 0 0 0 0 0 0
58 CTA 0 0 0 0 1 0 0 2 0 0 0 0 1 0 0 0 0 0 0 0 16 0 0 0 0 0 0 0 167143 0 28 1 0 0 0 0 0 0 0 0 0 0 0 0 0 0 0 0 0 0 0 0 0 0 0 0 0 0 0 0 13 0 0 0
59 TGT 0 0 0 0 0 0 2 0 0 0 0 2 0 0 7 0 0 0 0 0 0 0 0 0 0 0 0 3 0 0 0 0 0 0 0 0 0 0 0 0 0 0 0 4 0 0 0 0 0 0 0 13 0 0 0 0 1 62 0 181372 0 0 0 4
60 AAA 193533 78 34 19 3 0 3 5 11 0 4 0 0 0 10 0 7 2 0 0 0 0 0 0 0 12 1 0 2 5 0 9 14 0 0 0 3 1 7 6 2 0 0 0 0 0 0 0 9 8 0 17 0 3 0 0 0 0 0 0 8 1 2 0
61 TTA 0 2 0 0 0 0 0 0 0 0 0 0 10 17 5 7 0 0 0 0 0 0 0 0 0 0 0 0 2 0 0 0 0 0 0 0 0 0 0 0 0 0 0 0 0 5 5 0 0 0 0 0 11 0 0 0 0 0 0 0 193806 0 42 0
62 AAA 194298 17 295 13 2 0 0 0 19 0 0 0 2 0 0 0 2 13 0 0 0 0 0 0 1 0 0 0 0 0 0 0 12 8 0 0 0 2 0 0 0 0 0 0 0 0 0 0 0 0 0 0 1 0 1 2 0 0 3 0 0 0 0 5
63 GGA 0 0 0 0 0 0 0 0 15 0 0 0 0 0 0 0 0 0 0 0 0 0 0 0 0 0 0 0 0 0 0 0 9 0 0 2 0 0 0 0 194526 2 21 7 1 0 0 0 0 0 0 0 0 0 0 0 6 0 0 0 0 0 0 0
64 ATA 4 0 1 0 50 0 0 0 2 0 0 0 188066 2 68 9 2 1 0 0 0 0 0 0 1 16 0 0 3 0 0 0 0 0 0 0 0 0 0 0 0 0 0 0 17 0 0 0 0 0 0 0 0 0 0 0 0 0 0 0 1 0 1 0
65 GCC 0 0 0 1 7 11 0 0 0 0 0 0 0 0 0 0 1 0 0 0 37 6 0 0 0 3 0 0 1 0 0 0 6 7 0 0 1 189789 4 15 0 13 4 0 0 23 2 0 0 1 0 0 0 2 0 0 0 0 0 0 2 0 0 0
66 CCA 0 0 0 0 2 0 0 0 0 0 0 0 0 0 0 0 7 0 0 0 190056 2 4 1 0 0 0 0 5 0 0 0 0 0 0 0 0 0 0 0 0 0 0 0 0 0 0 0 0 0 0 0 7 0 0 0 0 0 0 0 0 0 0 0
67 CTA 0 0 0 0 0 0 0 0 0 0 0 0 28 0 0 0 1 0 0 0 34 0 0 0 3 0 0 0 194721 0 13 2 0 0 0 0 0 0 0 0 0 0 0 0 0 0 0 0 0 0 0 0 0 0 0 0 0 0 0 0 13 0 0 0
68 CAA 6 0 0 0 0 0 0 0 0 0 0 0 6 0 0 0 195039 2 7 2 1 0 2 0 18 1 0 4 0 0 0 1 32 0 1 0 37 0 0 0 0 0 0 0 0 7 1 9 12 0 0 0 0 0 3 0 0 0 0 0 0 0 0 0
69 TTG 0 0 0 0 0 0 0 0 0 0 0 0 0 0 4 0 0 0 0 0 0 0 0 0 0 0 0 0 3 18 6 0 0 0 0 0 0 0 0 0 0 0 0 0 0 0 4 0 0 0 5 0 0 0 11 0 0 0 2 0 11 0 194253 1
70 GGG 2 0 7 0 0 0 0 0 0 0 13 2 0 0 0 0 1 1 2 2 0 0 0 0 0 0 1 1 0 0 0 5 0 1 16 0 1 1 12 1 60 0 195101 2 0 0 0 0 0 0 0 0 0 0 0 0 0 0 2 0 9 0 1 0
71 AAA 195153 13 26 28 2 0 0 1 12 5 0 0 0 0 0 0 0 8 0 0 0 0 0 10 0 0 0 0 0 0 4 0 38 0 0 1 0 0 0 0 0 0 0 1 0 0 0 0 1 0 0 0 0 0 0 0 0 0 0 0 0 0 0 2
72 TGT 0 0 0 0 0 0 0 0 0 0 0 4 0 0 0 0 0 0 0 0 0 0 0 0 0 0 0 7 0 0 0 0 0 0 0 0 0 0 0 0 0 0 0 0 0 0 0 0 0 0 0 10 0 0 0 0 0 45 0 195596 0 0 0 3
73 AAC 7 195187 1 16 2 2 1 0 0 32 2 0 0 0 0 0 0 0 0 0 0 0 0 0 0 0 3 0 0 0 0 0 0 34 0 0 2 0 3 3 8 0 0 0 0 0 0 0 0 0 0 0 8 5 0 8 0 0 0 0 0 0 0 0
74 ATC 0 1 0 0 0 22 0 0 0 2 0 0 18 192478 1 9 0 0 0 0 0 0 0 0 0 0 0 0 1 2 24 11 0 0 0 0 0 0 0 0 0 0 0 0 3 8 0 1 0 0 0 0 0 0 0 0 0 0 0 0 0 1 1 3
75 ACC 0 0 0 0 27 192133 54 67 0 0 0 0 2 29 0 0 0 2 0 0 5 0 0 1 0 0 0 0 0 1 0 4 0 0 2 0 0 13 0 0 0 0 0 0 18 2 1 0 0 0 0 0 0 1 0 1 2 0 0 0 4 0 0 0
76 GGA 0 0 0 0 0 0 0 0 18 0 0 0 0 0 0 0 0 0 0 0 0 0 0 0 0 0 0 0 0 0 0 0 30 0 0 0 0 0 0 0 195230 31 18 0 2 0 0 0 0 0 0 0 0 0 0 0 5 0 0 0 0 0 0 0
77 TGG 0 0 0 0 0 0 0 0 0 0 2 0 0 0 0 0 0 0 0 0 0 0 0 0 0 0 5 0 0 0 0 0 0 0 0 0 0 0 0 0 0 0 1 0 0 0 0 0 0 0 9 0 0 0 0 0 36 0 195474 1 0 0 4 0
78 CTC 0 0 0 0 0 0 0 0 0 0 0 0 0 3 0 0 0 0 0 0 0 6 0 0 0 1 0 0 7 194922 23 4 0 0 0 0 0 0 0 0 0 0 0 0 0 0 0 0 0 0 0 0 0 0 0 0 0 0 0 0 2 14 18 0
79 TTG 0 0 0 0 0 0 0 0 0 0 0 0 0 0 0 0 0 0 0 0 0 0 0 0 0 0 0 0 1 1 49 0 0 0 0 0 0 0 0 0 0 0 0 0 0 0 0 0 2 0 2 0 0 0 14 0 0 0 3 0 28 1 195242 3
80 GGA 0 0 0 0 0 0 0 0 8 0 0 0 0 0 0 0 0 0 0 0 0 0 0 0 0 0 0 0 0 0 0 0 15 0 0 0 0 0 0 0 195417 0 57 0 2 0 0 0 0 0 0 0 0 0 0 0 4 0 0 0 0 0 0 0
81 AAT 1 18 3 195298 0 0 0 2 0 0 0 11 0 0 0 2 0 2 0 2 0 0 0 0 0 0 0 0 0 0 0 0 0 0 0 7 0 0 0 0 0 0 0 0 0 0 0 0 0 0 0 1 0 0 0 0 0 0 0 0 0 0 0 0
82 CCA 0 0 0 0 4 0 0 0 0 0 0 0 0 0 0 0 2 2 0 0 195312 20 181 12 0 0 0 0 5 0 0 0 0 0 0 0 0 0 0 0 0 0 0 0 0 0 0 0 0 0 0 0 4 0 0 0 0 0 0 0 0 0 0 0
83 GAA 13 0 0 6 0 0 0 0 0 0 0 0 0 0 0 0 1 0 2 0 0 0 0 0 0 0 0 0 0 0 0 0 195361 9 10 9 1 0 9 0 13 0 0 0 0 0 1 0 5 0 0 3 2 0 0 0 0 0 0 0 0 1 0 0
84 TGC 0 0 0 0 0 0 0 0 0 2 0 0 0 0 0 0 0 0 0 0 0 0 0 0 0 0 0 0 0 0 0 0 0 0 0 0 0 0 0 0 0 0 0 0 0 0 0 0 0 17 0 0 0 0 0 0 1 193580 5 144 0 1 0 0
85 GAC 0 20 0 0 0 0 0 0 0 0 0 0 0 0 0 0 0 1 0 0 0 0 0 0 0 0 0 0 0 0 0 0 5 195451 3 7 0 1 0 0 0 24 0 0 0 0 0 0 0 7 0 0 0 0 0 0 0 0 0 0 0 0 0 0
86 TCA 0 0 0 2 5 0 0 0 0 0 0 0 2 8 2 0 0 148 0 0 17 0 3 1 0 1 0 0 0 3 2 0 9 0 13 0 24 2 1 1 1 2 0 0 0 3 0 3 1 82 0 6 195120 8 16 0 0 0 18 0 7 5 47 1
87 CTG 0 0 0 0 0 0 0 0 0 0 0 0 0 0 2 0 0 0 5 0 0 0 13 0 0 0 0 0 56 0 195444 18 0 0 0 0 0 0 0 0 0 0 0 0 0 0 1 0 0 0 0 0 0 0 0 0 0 0 0 0 0 0 46 0
88 CTT 0 0 0 0 0 0 0 0 0 0 0 0 0 0 0 7 5 0 3 3 0 0 0 10 0 0 0 5 9 20 3 195485 0 0 0 0 0 0 0 0 0 0 0 0 0 0 0 0 0 0 0 0 0 0 0 0 0 0 0 0 0 0 0 11
89 CCA 0 0 0 7 4 1 0 4 0 7 0 1 1 26 7 0 15 9 0 54 194061 4 28 6 10 0 0 0 48 0 0 0 23 2 0 38 1 9 0 28 0 11 6 70 1 0 37 30 0 3 0 6 10 0 0 0 0 0 8 0 12 0 9 2
90 GCG 0 17 0 0 4 0 14 0 0 0 2 7 70 0 11 0 22 6 93 0 0 2 0 25 0 32 0 1 0 1 0 1 3 21 167 4 59 7 194664 12 0 0 2 0 1 0 145 21 0 1 0 6 0 0 17 2 0 0 0 0 0 0 52 2
91 AGA 21 0 16 0 0 7 0 0 195303 5 27 2 12 0 4 0 35 0 14 0 0 0 0 0 31 8 0 6 0 0 0 2 34 1 0 31 0 6 2 0 34 8 4 0 0 3 0 0 0 0 0 0 0 0 18 1 2 0 0 0 0 0 0 0
92 TCA 0 1 0 0 5 1 0 0 0 6 0 0 0 1 0 2 0 4 0 0 27 0 2 0 0 0 0 0 3 3 0 0 0 0 4 0 0 0 7 0 1 0 0 0 0 0 0 0 3 0 0 0 195288 4 21 1 1 0 0 0 11 0 0 0
93 TGG 0 0 0 0 0 0 0 0 0 0 3 0 0 0 0 0 0 0 0 0 0 0 0 0 0 0 11 0 0 0 0 0 0 0 0 0 0 0 0 0 0 0 2 0 0 0 0 0 0 0 17 0 0 0 0 0 42 1 195495 0 0 0 4 0
94 TCC 0 0 0 0 0 2 0 0 0 0 0 1 0 0 0 0 0 0 0 0 0 14 0 0 0 0 0 0 0 0 0 0 0 0 0 0 0 10 0 0 12 0 0 0 0 0 0 0 2 4 0 0 17 195329 0 10 0 0 0 0 0 3 0 0
95 TAC 0 3 0 0 0 0 0 0 0 0 0 0 0 0 0 0 0 40 0 0 0 0 0 0 0 0 0 0 0 0 0 0 0 2 0 0 0 0 0 0 0 0 0 0 0 0 0 0 3 195499 0 19 0 0 0 0 0 18 1 0 0 0 0 0
96 ATT 0 0 0 2 0 0 0 4 0 0 0 4 13 9 1 209509 0 0 0 0 0 0 0 0 0 0 0 0 0 1 0 4 0 0 0 0 0 0 0 0 0 0 0 0 1 0 0 6 0 0 0 0 0 0 0 0 0 0 0 0 0 0 0 0
97 GTA 0 0 0 0 0 0 0 0 0 0 0 0 30 2 0 0 0 0 0 0 0 0 0 0 0 0 0 0 1 0 0 0 1 0 0 0 10 0 0 0 3 0 0 0 209542 23 43 8 0 0 0 0 0 0 0 0 0 0 0 0 4 0 0 0
98 GAA 22 0 0 0 0 0 0 0 0 0 0 0 0 0 0 0 0 0 0 0 0 0 0 0 0 0 0 0 0 0 0 0 209709 3 17 1 2 0 0 0 9 0 0 0 0 0 0 0 6 0 0 0 0 0 0 0 0 0 0 0 0 0 0 0
99 ACA 8 0 7 0 209515 2 13 1 1 0 23 0 25 0 0 0 0 0 0 0 10 0 0 0 2 1 0 0 0 1 0 0 1 0 3 1 35 1 0 0 0 0 5 0 1 0 1 0 0 0 0 0 0 0 2 0 0 0 10 0 0 0 0 0
100 CCA 1 1 9 0 2 0 0 3 0 2 0 0 0 0 2 0 15 0 0 0 209377 0 15 1 0 0 0 0 2 0 0 0 6 7 1 0 0 0 1 4 0 4 0 0 0 0 0 0 0 0 0 0 18 0 0 0 0 0 0 0 0 1 0 14
101 AAC 9 207608 2 21 2 13 0 0 0 10 0 6 1 0 0 1 0 3 0 4 0 0 0 0 8 1 0 0 0 1 0 0 0 15 0 0 0 0 10 0 36 15 0 0 0 0 0 0 0 0 0 0 0 0 0 0 0 0 0 0 0 0 0 0
102 TCT 0 0 0 0 0 0 0 0 0 0 0 0 0 0 0 0 0 0 2 0 0 4 0 43 0 0 0 0 0 0 0 0 0 0 0 0 0 5 0 3 0 0 0 0 0 0 0 0 0 0 0 6 2 60 12 209452 0 0 2 0 0 0 0 3
103 GAG 0 0 4 0 0 8 1 0 0 0 0 0 0 0 0 0 0 0 0 0 2 0 0 0 0 0 0 0 0 0 0 0 27 2 209246 6 0 0 5 0 1 0 50 0 0 0 5 0 0 0 3 0 0 0 0 0 0 0 0 0 0 0 0 0
104 AAT 9 7 1 209342 4 1 0 8 0 0 0 15 0 1 4 16 23 0 1 0 0 0 0 0 0 1 0 0 0 0 0 0 0 0 0 17 0 0 0 0 0 0 0 0 1 17 0 0 0 4 0 43 0 0 3 0 0 0 89 0 0 28 0 0
105 GGA 0 0 0 0 0 0 0 0 10 0 0 0 0 0 0 0 0 0 0 0 0 0 0 0 1 0 0 0 0 0 0 0 8 0 0 0 0 1 0 0 209501 1 61 3 4 0 0 0 0 0 0 0 0 0 0 0 4 0 0 0 0 0 0 0
106 GCA 0 0 0 0 29 0 0 0 0 0 0 0 0 0 0 0 0 0 0 0 0 0 0 2 0 0 0 0 0 0 0 0 4 0 0 0 209566 8 8 3 3 0 0 0 34 0 0 0 0 0 0 1 8 0 0 1 0 0 0 0 0 0 0 0
107 TGT 0 0 0 0 0 0 0 0 0 0 0 0 0 0 0 0 0 0 0 0 0 0 0 0 0 0 0 3 0 0 0 0 0 0 0 0 0 0 0 0 0 0 0 0 0 0 0 0 0 0 0 33 0 0 0 1 2 15 2 209061 0 0 0 4
108 TAT 0 0 0 4 0 0 0 0 0 0 0 0 0 0 0 0 0 0 0 19 0 0 0 0 0 0 0 0 0 0 0 0 0 0 0 0 0 0 0 0 0 0 0 0 0 0 0 0 3 17 3 209461 0 0 0 0 0 0 0 13 0 0 0 2
109 CCA 0 0 0 0 5 0 0 0 0 0 0 0 0 0 0 0 3 0 0 0 209241 18 54 2 0 0 0 0 3 0 0 0 0 0 0 0 1 0 0 0 0 0 0 0 0 0 0 0 0 0 0 0 3 0 0 0 0 0 0 0 0 0 0 0
110 GGA 0 0 0 0 0 0 0 0 14 0 0 0 0 0 0 0 0 0 0 0 0 0 0 0 0 0 0 0 0 0 0 0 10 0 0 0 0 0 0 0 209775 0 20 1 1 0 0 0 0 0 0 0 0 0 0 0 11 0 0 0 0 0 0 0
111 GAT 0 0 0 28 2 10 0 0 0 1 3 0 0 0 1 0 1 1 11 0 0 2 0 0 1 0 0 0 0 0 2 0 4 22 0 209566 0 0 0 0 0 0 3 25 2 0 2 1 0 0 0 6 0 0 0 0 0 0 0 0 0 0 0 0
112 CTC 0 0 0 0 0 0 0 0 0 0 0 0 2 8 0 84 0 5 0 0 0 43 0 0 0 0 0 0 8 209470 1 13 0 0 0 0 0 0 0 0 0 0 0 0 0 0 6 4 0 0 0 0 0 0 0 0 0 0 0 0 0 8 1 1
113 ATC 1 41 2 0 7 23 0 0 0 2 0 0 9 209265 1 55 0 2 0 1 0 0 0 0 1 0 0 0 0 8 0 0 0 0 0 0 0 1 0 0 0 9 0 0 0 8 0 0 0 0 0 25 4 17 0 0 0 5 0 0 0 5 0 0
114 GAC 0 49 0 0 0 0 0 0 0 0 0 0 0 0 0 0 0 31 0 0 0 0 0 0 0 0 0 0 0 0 0 0 7 208943 6 23 0 1 0 3 0 20 0 0 0 0 0 0 0 7 0 0 0 0 0 0 0 0 0 0 1 0 0 0
115 TAT 0 0 0 8 0 0 0 0 0 0 0 0 10 0 0 1 0 0 0 19 0 0 0 1 0 0 0 0 2 3 0 0 0 0 0 2 0 0 7 0 0 0 0 0 0 0 0 0 4 14 0 207686 1 0 2 1 0 0 0 15 0 0 1 2
116 GAG 0 0 7 0 0 0 0 0 0 0 0 0 0 0 0 0 5 0 0 0 3 0 0 0 0 0 0 0 0 0 0 0 17 0 209205 14 0 0 8 0 0 0 48 0 0 0 3 0 0 0 3 0 0 0 0 0 0 0 0 0 0 0 0 0
117 GAA 16 0 0 0 0 0 0 0 0 0 0 0 0 0 0 0 0 0 0 0 0 0 0 0 0 0 0 0 0 0 0 0 209693 2 17 0 0 0 0 0 8 0 0 0 2 0 0 0 7 0 0 0 0 0 0 0 0 0 0 0 0 0 0 0
118 CTG 0 0 0 0 0 0 0 0 0 0 0 0 1 0 5 0 0 0 2 0 0 0 18 0 0 0 2 0 21 2 209375 3 0 0 0 0 0 0 0 0 0 0 0 0 0 0 4 0 0 0 0 0 0 0 0 0 0 0 0 0 0 0 5 0
119 AGG 1 0 38 0 0 0 0 0 73 0 209268 2 0 0 14 0 0 2 0 1 0 0 0 0 0 0 6 0 0 0 0 0 0 0 0 0 0 0 0 0 0 0 28 0 0 0 0 0 0 4 0 0 0 0 0 0 0 0 1 0 0 0 0 3
120 GAG 0 0 12 0 0 0 0 0 0 0 0 0 0 0 0 0 0 0 0 0 0 0 0 0 0 0 0 0 0 0 0 0 65 0 209538 5 0 0 0 0 0 0 19 0 0 0 2 0 0 0 1 0 0 0 0 0 0 0 0 0 0 0 0 0
121 CAA 2 0 0 0 0 0 0 0 0 0 0 0 0 0 0 0 209376 2 18 4 2 0 0 0 10 0 0 0 0 0 0 0 1 0 0 0 0 0 0 0 0 0 0 0 0 0 0 0 105 0 0 0 0 0 0 0 0 0 0 0 0 0 0 0
122 TTG 0 0 0 0 0 0 0 0 0 0 0 0 0 0 4 0 0 0 0 0 0 0 0 0 0 0 0 0 3 0 20 0 0 0 0 0 0 0 0 0 0 0 0 0 0 0 2 0 0 0 1 0 0 0 3 0 0 0 3 0 26 1 209398 3
123 AGC 0 32 0 2 3 0 0 1 7 209647 1 12 2 5 2 0 0 1 2 0 0 0 0 0 0 1 0 0 0 0 0 0 1 0 0 0 0 0 0 0 0 29 0 0 0 2 0 0 0 1 0 0 1 0 0 16 0 1 0 0 2 0 4 0
124 TCA 0 0 0 0 2 0 0 0 0 3 0 2 0 0 0 2 5 0 7 0 22 0 0 0 0 0 0 0 0 0 0 0 1 5 2 1 1 0 0 0 0 0 0 3 0 0 0 0 2 0 0 0 208624 3 40 3 0 0 0 0 8 0 0 0
125 GTA 0 0 0 0 47 1 17 2 0 0 0 0 55 3 1 0 0 0 0 0 0 0 0 0 0 0 0 0 0 0 0 0 0 0 0 0 20 0 1 0 0 0 0 0 209457 6 16 3 0 0 0 0 0 0 0 0 0 0 0 0 6 0 0 6
126 TCA 5 2 0 0 4 0 3 0 0 0 0 0 0 0 0 0 10 0 0 0 12 0 0 0 0 0 0 0 0 0 0 0 1 0 0 0 31 0 0 0 0 0 3 0 15 0 0 0 0 24 0 1 209271 3 17 3 0 0 0 0 10 0 0 0
127 TCA 1 0 0 0 1 0 1 0 0 2 2 1 0 0 0 0 0 0 26 0 11 0 0 0 0 19 0 0 0 19 0 0 33 0 4 0 0 2 0 0 0 1 0 0 1 0 0 0 0 2 0 0 209377 11 8 2 0 0 0 0 10 0 0 0
128 TTA 0 0 0 0 0 0 0 0 0 0 0 1 0 0 47 1 0 1 0 0 0 0 0 0 0 0 0 0 22 0 0 0 0 0 0 0 0 0 0 0 0 0 0 0 1 0 0 0 0 0 0 0 7 1 0 0 0 0 0 0 209210 4 37 4
129 GAA 22 0 0 0 0 0 2 0 0 0 0 0 1 0 0 0 0 0 0 0 0 0 0 0 0 0 0 0 0 0 0 0 209264 2 24 1 1 0 0 0 10 0 0 0 2 0 0 0 4 0 0 0 0 0 0 0 0 0 0 0 0 0 0 0
130 AGA 26 0 0 0 0 0 0 0 209415 0 23 1 6 0 0 0 0 0 0 0 0 0 0 0 4 0 0 0 0 0 0 0 0 0 0 0 0 0 0 0 14 0 0 0 0 0 0 0 0 0 0 0 0 0 0 0 2 0 0 0 0 0 0 0
131 TTC 0 0 0 0 0 0 0 0 0 0 0 0 0 1 0 0 0 0 0 0 0 0 0 0 0 0 0 0 0 4 0 0 0 0 0 0 0 0 0 0 0 0 0 0 0 0 0 0 0 1 0 0 0 8 0 0 0 0 0 0 3 209051 0 14
132 GAA 14 0 0 0 0 0 0 0 0 0 0 0 0 0 0 0 0 0 0 0 1 0 0 0 0 0 0 0 0 0 0 0 209790 2 14 0 0 0 0 0 3 0 0 0 0 0 0 0 6 0 0 0 0 0 0 0 0 0 0 0 0 0 0 0
133 ATA 1 0 0 0 8 0 0 0 1 0 0 0 209127 1 39 0 0 0 0 0 0 0 0 0 0 0 0 0 17 1 0 0 0 0 0 0 0 0 0 0 0 0 0 0 17 0 0 0 0 0 0 0 0 0 0 0 0 0 0 0 2 0 0 0
134 TTT 0 0 0 0 0 0 0 0 0 0 0 0 0 0 0 3 0 0 0 0 0 0 0 0 0 0 0 0 0 0 0 7 0 0 0 0 0 0 0 0 0 0 0 0 0 0 0 1 0 0 0 0 0 0 0 8 0 0 0 0 0 30 0 209356
135 CCC 0 22 0 0 0 1 0 0 0 0 0 0 0 0 0 0 0 3 0 3 2 208681 0 6 0 2 0 0 0 8 0 0 9 28 0 0 0 0 0 0 0 0 0 0 0 0 0 0 0 0 0 0 0 14 0 12 0 0 0 0 0 0 0 0
136 AAG 30 0 187037 8 3 0 3 7 0 0 14 1 1 0 0 6 0 0 7 0 2 0 0 0 1 0 0 0 1 0 6 0 0 5 46 1 7 3 0 10 1 5 0 0 12 0 1 11 0 2 2 0 3 8 3 1 0 0 2 0 0 2 0 4
137 GAA 11 0 0 0 0 0 0 12 0 0 0 12 0 1 0 0 0 0 0 0 1 0 0 0 0 0 0 0 0 6 2 0 209152 15 14 12 12 0 0 0 35 0 0 0 3 0 0 0 8 0 0 1 2 0 3 1 0 0 0 0 0 0 4 0
138 AGT 0 30 0 23 0 26 0 14 3 12 0 208820 4 11 0 4 0 6 0 0 0 0 3 0 0 9 0 8 0 0 0 0 0 0 40 0 0 2 20 1 0 15 1 30 0 0 11 0 0 37 0 0 12 0 0 67 0 0 2 0 0 0 0 0
139 TCA 0 1 0 0 32 20 0 0 0 22 0 0 0 0 1 0 10 0 2 0 7 0 0 0 0 0 0 0 0 0 0 0 0 0 0 0 47 1 0 92 0 0 0 0 0 1 0 0 4 0 0 1 208503 13 44 2 0 0 0 0 1 0 0 0
140 TGG 0 0 0 0 0 0 0 0 0 0 4 0 0 0 0 0 0 0 0 0 0 0 0 0 0 0 2 0 0 0 0 0 0 0 0 0 0 0 0 0 0 0 1 0 0 0 0 0 0 0 13 0 0 0 0 0 31 2 209184 4 0 6 4 0
141 CCC 0 0 1 0 9 30 0 0 0 1 0 3 0 0 25 0 1 3 0 0 116 208014 15 20 0 0 0 0 0 9 0 0 0 0 0 0 0 16 0 0 0 0 15 0 0 0 0 1 0 0 0 0 0 30 0 0 0 0 0 0 1 0 3 0
142 AAC 2 208601 0 21 1 2 0 0 0 9 0 0 0 0 0 0 0 1 0 0 0 0 0 0 0 0 0 0 0 0 0 0 0 13 0 0 0 1 0 0 0 0 0 0 0 0 0 0 0 5 0 0 0 0 0 0 0 0 0 0 0 0 0 0
143 CAC 0 26 0 2 3 9 8 3 0 0 1 2 0 0 0 0 11 207161 1 7 0 2 0 0 0 7 0 0 0 3 0 0 0 0 0 0 0 0 0 0 0 0 0 0 0 0 0 0 0 28 0 68 0 0 0 2 0 0 0 0 0 4 0 0
144 ACA 2 0 0 0 176292 1 25 21 0 0 0 0 16 0 0 0 0 0 0 0 1 0 0 0 0 0 0 0 0 0 0 0 0 0 0 0 17 0 0 0 14 5 0 12 0 0 0 0 0 0 0 0 5 0 0 0 0 0 0 0 0 0 0 0
145 TTC 0 3 0 0 0 0 0 0 0 0 0 0 0 0 1 0 2 0 1 0 0 0 0 0 0 0 0 0 0 3 0 0 16 20 8 91 0 0 1 0 0 0 3 4 1 2 0 0 0 0 0 0 0 13 0 0 0 0 0 0 1 120737 0 3
146 AAC 6 178309 1 53 0 4 0 0 3 15 1 0 0 0 1 0 19 13 23 16 0 0 0 1 0 0 0 0 0 0 0 0 2 24 129 14 0 32 3 17 3 0 8 0 0 7 5 0 0 5 0 4 0 2 0 0 0 0 0 0 0 4 0 0
147 GGA 0 0 0 0 0 0 0 0 20 0 0 0 0 0 0 0 0 0 0 0 0 0 0 0 0 0 0 0 0 0 0 0 9 0 0 0 0 0 0 2 134879 0 27 8 6 0 0 0 0 0 0 0 0 0 0 0 4 0 0 0 0 0 0 0
148 GTA 0 0 0 0 170 79 3 1 0 15 0 10 115 55 0 0 0 0 0 0 0 0 0 0 0 0 0 0 2 0 0 0 1 1 0 0 12 0 0 0 2 0 1 0 168652 3 13 0 0 0 0 0 55 0 0 0 0 0 0 0 1 0 0 0
149 ACA 1 0 0 0 168262 1 43 7 1 0 0 13 8 0 0 0 0 0 0 0 2 0 0 0 0 0 0 1 0 0 0 0 0 0 0 0 6 0 0 0 0 0 0 0 0 0 0 0 0 0 0 0 32 11 5 4 0 0 0 0 0 0 0 0
150 GTA 0 0 0 0 0 0 0 0 0 0 0 68 19 0 9 0 0 0 17 0 0 0 0 0 0 0 0 0 20 0 0 28 0 0 0 0 18 36 36 42 2 0 4 0 176136 0 12 7 0 3 0 0 0 21 0 1 0 0 0 0 2 0 0 20
151 TCA 0 0 0 0 3 0 0 0 0 0 0 1 0 0 0 0 0 0 0 0 9 0 0 0 0 0 0 0 0 0 0 0 0 0 0 0 4 2 0 0 0 0 0 0 0 0 0 0 3 0 0 0 173891 2 55 2 0 0 0 0 3 0 0 0
152 TGC 0 0 0 0 0 0 0 0 0 0 0 0 0 0 0 0 0 0 0 0 0 0 0 0 0 6 0 0 0 0 0 0 0 0 0 0 0 0 0 0 0 2 0 0 0 0 0 0 0 33 0 0 0 1 0 0 4 171008 1 56 0 2 0 0
153 TCC 4 63 155 18 6 1 0 1 0 0 0 1 1 37 0 7 9 2 43 22 66 216 99 5 0 0 0 0 4 295 1 4 0 0 127 0 0 2 0 5 13 38 10 0 47 1 21 2 0 20 0 0 7 202446 1 11 0 1 0 0 0 25 20 14
154 CAT 0 0 0 105 20 2 6 2 0 18 0 11 182 5 43 0 15 51 2 201588 296 1 0 3 2 0 0 9 12 0 0 15 0 30 99 9 23 10 0 2 0 0 0 0 102 15 2 0 0 0 3 10 54 0 76 14 0 0 2 0 22 5 0 0
155 AGG 0 75 32 0 0 0 4 0 17 9 207192 35 7 0 33 1 0 0 0 6 0 0 0 0 0 1 1 1 0 3 0 0 0 0 12 0 0 0 0 7 10 1 281 0 0 0 6 0 0 33 296 1 3 0 5 9 0 0 9 0 0 40 0 0
156 GGA 1 1 0 2 0 0 0 0 10 0 0 0 0 0 0 0 10 0 4 0 0 0 0 0 0 0 0 0 0 0 0 0 167 0 0 10 0 0 0 4 208229 4 195 9 0 0 0 0 0 0 0 0 0 0 0 3 2 0 0 0 0 0 0 0
157 AAA 208570 10 18 2 11 3 0 0 4 1 0 0 2 0 0 9 39 0 0 8 0 0 0 0 0 1 0 2 0 2 0 0 25 0 0 0 0 0 0 0 0 0 0 11 8 0 61 0 0 27 0 0 0 34 5 0 0 0 0 0 1 5 1 2
158 AGC 0 57 0 0 0 2 0 0 2 207221 0 56 0 4 0 0 0 0 0 35 0 404 0 39 0 3 0 0 3 0 0 3 0 0 0 0 0 251 0 0 0 107 0 0 0 0 0 0 0 0 0 0 0 0 0 3 0 0 0 0 0 0 0 0
159 AGT 0 0 0 18 6 0 0 1 1 8 21 206367 0 0 1 1 1 0 8 0 0 0 0 0 0 0 0 0 0 0 0 1 0 44 0 2 6 6 6 1 9 8 0 10 0 0 0 0 0 0 0 0 0 0 0 0 0 0 0 1 0 0 0 0
160 TTT 0 0 0 0 0 0 0 0 0 0 0 0 0 0 0 1 0 0 0 0 0 0 0 1 0 0 0 0 0 1 0 12 0 0 0 0 0 0 0 0 0 0 0 0 0 0 0 4 0 0 0 1 0 0 0 2 0 0 0 1 1 30 0 207805
161 TAC 0 5 0 0 0 0 0 0 0 0 0 0 0 0 0 0 0 16 0 0 0 0 0 0 0 0 0 0 0 0 0 0 0 0 0 0 0 0 0 0 0 0 0 0 0 0 0 0 0 209131 0 41 0 1 0 0 0 10 0 0 0 2 0 0
162 AGA 24 5 2 9 1 0 0 0 209111 0 11 0 0 0 0 0 0 0 0 0 0 0 0 0 90 42 0 0 0 0 0 0 0 0 0 0 0 0 0 0 32 0 0 0 0 0 0 0 0 0 0 0 3 0 0 0 2 0 0 0 0 0 0 0
163 AAT 0 6 3 208919 0 0 0 2 0 0 0 10 0 0 0 2 0 0 0 1 0 0 0 0 0 0 0 0 0 0 0 0 0 0 0 8 0 0 0 0 0 0 0 0 0 0 0 0 0 0 0 0 0 0 0 0 0 0 0 0 0 0 0 0
164 TTG 0 0 0 0 0 0 0 0 0 0 0 0 1 0 0 0 0 0 0 0 0 0 0 0 0 0 0 0 0 0 23 18 0 0 0 0 0 0 0 0 0 0 0 0 0 0 0 0 0 0 3 0 0 0 6 0 0 0 0 0 18 0 209100 3
165 CTA 0 0 0 1 0 0 0 0 0 0 0 0 7 0 0 3 1 0 0 0 18 0 0 0 4 0 0 0 209404 47 31 11 0 0 0 0 0 0 0 0 3 0 0 0 2 0 0 0 0 0 0 0 0 0 2 0 0 0 0 0 56 0 1 0
166 TGG 0 0 0 0 0 0 0 0 0 0 4 0 0 0 0 0 0 0 0 0 0 0 0 0 0 0 2 0 0 0 0 0 0 0 0 0 0 0 0 0 0 0 1 0 0 0 0 0 0 0 135 0 0 0 0 0 28 0 209265 1 0 0 1 0
167 CTG 0 0 0 0 0 0 0 0 0 0 0 0 77 6 10 5 0 0 3 0 0 0 20 0 0 0 0 0 36 7 207128 20 0 0 0 0 0 0 0 0 0 0 0 0 7 1 33 0 0 0 0 0 0 0 0 0 0 0 0 0 0 0 61 0
168 ACG 0 0 9 0 47 1 208945 25 0 0 2 0 0 0 57 0 0 0 0 0 0 0 0 0 0 0 0 0 0 0 5 0 0 0 0 0 0 0 21 0 0 0 0 0 0 0 0 0 0 0 0 0 0 0 13 0 0 0 0 0 0 0 0 0
169 AAG 35 2 208993 8 11 2 1 3 0 0 17 2 0 0 2 0 0 2 7 0 0 0 0 0 0 0 0 18 0 0 0 2 0 0 23 0 0 27 6 41 0 5 0 0 0 1 36 0 0 0 1 0 1 6 0 3 0 0 0 0 0 0 0 0
170 AAG 51 10 207452 50 0 0 18 0 0 29 30 62 0 0 1 0 0 0 4 2 0 0 0 0 3 47 21 5 1 0 3 0 3 0 21 0 3 5 57 0 0 0 0 1 1 0 0 0 0 6 1 0 0 66 0 1 0 0 7 0 0 0 0 0
171 GGG 0 5 0 73 3 0 7 10 0 0 18 16 2 2 0 0 5 0 5 18 0 0 0 0 0 0 0 0 2 0 4 2 2 5 27 25 0 0 0 0 17 4 208001 6 1 0 2 0 0 0 0 2 2 17 0 0 0 0 1 0 9 0 2 0
172 GAT 0 0 0 43 2 4 4 0 0 0 0 15 2 1 0 0 0 0 0 0 0 10 4 0 0 0 0 0 0 0 0 0 4 13 27 209255 0 0 8 0 0 0 0 65 1 0 1 3 0 0 0 2 0 0 0 5 0 0 0 0 7 0 0 0
173 TCA 0 194 0 3 50 0 71 0 0 9 0 7 0 0 0 46 0 73 4 12 16 0 0 0 0 0 0 0 0 3 0 1 22 47 0 26 8 0 0 0 0 0 0 0 20 9 8 0 3 11 0 23 208717 4 47 2 2 0 0 0 12 1 0 32
174 TAC 0 3 0 0 0 0 0 0 0 0 0 0 0 0 0 0 0 9 0 0 0 0 0 0 0 0 0 0 0 0 0 0 0 1 0 0 0 0 0 0 0 0 0 0 0 0 0 0 1 209260 0 83 0 0 0 0 0 23 3 0 0 1 0 0
175 CCA 0 17 0 13 17 0 6 0 146 0 0 3 0 2 3 16 32 61 36 31 208403 3 10 0 112 79 1 3 72 3 40 20 2 1 30 2 25 18 6 1 5 7 0 6 1 0 0 2 0 0 0 14 37 14 13 1 0 0 0 0 38 0 13 0
176 AAG 18 0 208947 9 0 2 4 0 10 0 58 1 0 3 7 1 2 20 14 68 14 8 1 23 0 4 0 0 2 1 116 201 3 0 11 0 7 8 0 0 3 0 1 0 4 0 0 0 0 3 1 13 0 1 7 0 0 0 0 13 1 4 16 23
177 CTG 0 0 0 0 3 6 2 11 0 0 0 0 0 0 15 7 0 0 0 2 0 0 5 0 0 0 1 0 20 0 209125 9 0 0 0 0 0 24 0 12 0 0 0 0 28 0 324 0 0 0 0 0 0 0 0 0 0 0 0 0 0 0 18 0
178 ACC 0 1 0 0 2 209315 5 8 0 5 0 0 31 12 0 0 0 0 0 0 0 1 0 0 4 0 0 0 4 15 0 2 0 0 0 0 15 50 0 0 0 0 0 0 0 0 0 0 0 1 0 14 0 4 0 0 0 0 0 4 0 0 0 0
179 AAT 6 25 1 209583 0 3 0 20 0 0 0 18 0 0 0 0 0 1 1 1 0 0 0 0 0 0 0 0 1 0 0 0 0 0 0 3 13 1 0 0 14 0 0 2 1 0 0 0 0 0 0 2 8 0 3 2 0 0 0 0 2 0 0 0
180 TCC 0 0 4 14 2 3 0 5 0 0 0 1 1 0 0 1 0 0 2 0 0 20 0 0 0 0 0 0 0 4 0 0 0 1 2 0 0 2 2 0 0 0 0 0 0 1 1 0 0 3 0 0 24 209310 2 8 0 1 0 0 0 9 0 13
181 TAT 0 0 0 1 0 0 0 0 0 0 0 0 0 0 0 0 0 0 0 55 0 0 0 0 0 0 0 0 0 0 0 0 0 0 0 0 0 0 0 0 0 0 0 0 0 0 0 0 5 6 0 209551 0 0 0 0 0 0 0 4 0 1 0 2
182 GTG 2 2 5 0 0 2 0 8 0 2 0 0 0 1 54 0 94 0 0 0 0 0 0 0 0 0 10 0 0 1 0 0 0 0 6 0 0 16 3 0 0 0 0 0 18 4 209090 15 0 9 0 0 0 0 2 1 0 0 0 0 26 10 25 6
183 AAC 3 209672 1 14 0 1 0 0 0 9 0 0 0 1 0 0 0 1 0 0 0 0 0 0 0 0 0 0 0 0 0 0 0 14 0 0 0 0 0 0 0 0 0 0 0 0 0 0 0 0 0 0 0 0 0 0 0 0 0 0 0 0 0 0
184 AAT 3 13 6 209490 0 0 0 4 0 0 0 13 0 0 8 1 0 0 2 2 0 0 0 0 0 0 13 0 0 0 0 0 11 0 0 16 0 0 0 1 3 0 1 0 0 1 1 0 0 0 0 1 0 0 0 4 0 0 0 0 1 0 4 5
185 AAA 209172 5 50 5 3 0 0 0 19 0 4 0 1 1 0 0 1 0 0 0 0 0 0 0 0 0 0 0 1 0 0 0 28 0 0 0 0 1 0 0 0 1 0 0 0 0 0 0 0 0 0 0 0 0 0 0 0 0 0 0 3 2 0 6
186 GGG 0 0 0 5 0 1 0 0 0 0 41 0 0 0 0 0 0 0 2 0 0 0 0 0 0 1 0 0 3 0 0 0 0 0 23 0 0 0 0 0 30 37 209170 0 0 0 2 0 0 3 0 0 0 0 0 0 0 0 19 0 0 0 0 0
187 AAA 209166 8 49 5 5 4 0 0 12 0 0 0 2 0 0 1 2 0 1 0 0 0 0 0 0 0 0 0 0 9 0 0 34 0 0 0 0 0 0 0 0 0 0 0 0 0 0 0 2 0 0 0 0 1 0 0 0 0 0 0 0 0 0 0
188 GAA 9 0 0 0 0 0 0 0 0 0 5 7 0 0 0 2 5 0 0 0 0 0 0 0 0 0 0 0 0 0 0 0 209333 19 16 49 0 0 0 0 15 0 0 0 8 0 0 0 3 2 0 0 0 0 0 0 0 0 0 0 0 0 6 1
189 GTC 0 0 0 0 0 0 0 0 0 0 0 0 8 59 0 0 0 0 0 0 0 0 0 0 0 0 0 0 0 0 5 0 0 0 0 0 0 15 0 0 0 0 0 0 41 209045 3 13 0 0 0 0 0 0 0 0 0 0 0 0 0 2 0 0
190 CTT 0 0 0 0 0 0 0 0 0 0 0 0 0 0 0 10 0 0 0 9 0 0 0 35 0 0 0 7 5 18 5 209335 0 0 0 0 0 0 0 0 0 0 0 0 0 0 0 0 0 0 0 0 0 0 0 0 0 0 0 0 25 0 2 1
191 GTA 0 0 0 0 0 0 0 0 0 0 0 0 20 0 0 2 0 0 0 0 0 0 0 0 0 0 0 0 3 0 0 0 1 0 0 0 16 0 0 0 0 0 0 0 198576 4 19 1 0 0 0 0 0 0 0 0 0 0 0 0 3 0 0 0
192 CTA 0 0 0 0 0 0 0 0 0 0 0 0 9 0 0 0 1 0 0 0 13 0 0 0 3 0 0 0 198491 1 42 0 0 0 0 0 0 0 0 0 0 0 0 0 3 0 2 0 0 0 0 0 0 0 0 0 0 0 0 0 9 2 0 0
193 TGG 0 0 0 0 0 0 0 0 0 0 2 0 0 0 0 0 0 0 0 0 0 0 0 0 0 0 9 0 0 0 0 0 0 0 0 0 0 0 0 0 0 0 0 0 0 0 0 0 0 7 10 0 0 0 0 0 13 0 198443 7 0 0 1 0
194 GGT 0 0 0 0 0 0 0 0 0 0 0 11 0 0 0 0 0 0 0 0 0 0 0 0 0 0 0 0 0 0 0 0 0 0 0 19 17 0 0 0 7 10 13 196927 0 0 0 0 0 0 0 0 0 0 0 0 0 0 0 1 0 0 0 0
195 GTT 0 0 0 0 0 0 0 0 0 0 0 0 0 0 0 36 0 0 0 0 0 0 0 0 0 0 0 0 0 0 0 1 0 0 0 2 0 0 0 21 0 0 0 2 8 43 1 197848 0 0 0 0 0 0 0 0 0 0 0 0 0 0 0 6
196 CAT 0 0 0 2 0 0 0 0 0 0 0 0 0 0 0 0 1 39 0 198185 0 0 0 1 0 0 0 8 0 0 0 2 0 0 0 1 0 0 0 0 0 0 0 0 0 0 0 0 0 0 0 11 0 0 0 0 0 0 0 0 0 0 0 0
197 CAC 0 13 0 16 0 0 0 0 0 0 0 41 0 0 0 0 2 198397 2 21 0 2 0 0 0 10 0 0 0 0 0 0 0 0 0 0 0 0 0 0 0 0 0 0 0 1 0 0 0 16 0 0 0 6 0 0 0 5 1 0 0 3 0 0
198 CCG 0 0 0 0 0 0 0 0 0 0 0 0 0 0 0 0 0 0 7 0 32 0 198029 5 0 0 0 0 0 0 2 0 0 0 0 0 0 0 0 0 0 0 0 0 0 0 0 0 0 0 0 0 0 0 15 0 0 0 0 0 0 0 0 0
199 TCT 0 0 0 0 0 0 0 4 0 0 0 0 0 0 0 1 0 0 0 0 0 0 0 21 0 0 0 0 0 0 0 0 0 0 0 0 0 0 0 1 0 0 0 0 0 0 0 0 0 0 0 5 6 25 0 198426 0 0 0 1 0 0 0 26
200 AGC 0 26 0 0 0 0 0 0 1 197882 2 46 0 15 0 0 0 0 0 0 0 0 0 0 0 2 0 0 0 0 0 0 0 0 0 0 0 0 0 0 0 15 0 0 0 0 0 0 0 0 0 0 0 0 0 0 0 1 0 0 0 0 0 0
201 AGT 0 0 1 22 0 1 0 0 0 14 1 198290 0 1 0 3 0 9 0 0 2 0 0 0 0 0 0 2 3 0 0 0 0 4 0 0 0 0 7 0 0 0 0 20 0 0 0 0 0 0 0 0 0 28 0 12 0 0 0 0 3 0 4 0
202 GAT 0 0 0 19 0 0 0 0 0 0 0 3 0 0 0 0 0 0 0 0 0 0 0 0 0 0 0 0 0 0 1 0 4 17 18 198291 4 3 1 2 0 0 0 19 0 0 0 2 0 0 0 2 0 0 0 0 0 0 0 0 0 0 0 0
203 GAG 0 0 8 0 0 0 0 0 0 0 0 0 0 0 0 0 0 0 0 0 0 0 0 0 0 0 0 0 0 0 0 0 48 0 198617 4 0 0 1 0 0 0 26 0 0 0 2 0 0 0 5 0 0 0 0 0 0 0 0 0 0 0 0 0
204 CAA 2 0 0 0 0 0 0 0 0 0 0 0 0 0 0 0 198558 0 23 0 0 0 0 0 8 0 0 0 3 0 0 0 3 0 0 0 0 1 0 0 0 0 0 0 0 0 0 0 19 0 0 0 0 0 0 0 0 0 0 0 0 0 0 0
205 CAG 0 16 5 40 3 0 0 0 0 0 0 13 0 0 5 0 17 5 198379 6 0 0 3 0 0 0 35 0 2 0 6 0 4 0 51 0 0 3 0 0 0 2 0 48 5 0 0 0 0 1 7 0 0 0 0 4 0 0 2 0 0 0 0 0
206 AGT 0 0 0 25 0 0 2 5 4 82 0 198232 2 0 0 18 0 0 0 0 0 0 0 0 0 0 0 1 0 0 0 0 71 0 4 0 0 7 0 0 1 0 22 30 0 1 1 0 0 0 0 0 0 0 0 3 0 0 0 2 0 0 0 1
207 CTC 0 0 0 0 0 0 0 0 0 0 0 0 0 5 0 0 0 1 0 0 0 13 0 0 0 0 0 0 17 198197 10 7 0 0 0 0 0 0 0 0 0 0 0 0 0 2 0 0 0 0 0 0 0 0 0 0 0 0 0 0 4 12 21 0
208 TAT 0 0 0 1 0 0 0 0 0 0 0 0 0 0 0 0 0 2 0 18 0 0 0 0 0 0 0 0 0 0 0 0 0 0 0 3 0 0 0 0 0 0 0 0 0 0 0 0 0 32 2 197047 0 0 0 0 0 0 0 3 0 0 0 0
209 AGT 2 2 0 48 1 17 2 8 1 15 0 198112 0 0 2 1 37 8 0 1 0 11 0 0 0 0 0 4 0 1 0 0 0 0 0 0 13 0 0 0 6 0 0 82 0 0 0 0 0 0 0 0 8 12 2 0 0 3 0 1 5 2 0 0
210 AAT 16 5 4 198182 24 4 63 60 0 0 0 25 62 1 0 1 0 0 66 3 1 0 10 0 0 20 0 0 0 6 0 10 0 0 0 19 24 0 0 34 0 0 0 18 4 10 6 0 0 0 0 0 0 21 0 33 0 0 0 0 7 0 16 6
211 GGA 0 0 0 11 0 0 0 48 14 2 0 0 0 1 0 0 0 0 0 0 6 9 0 0 1 0 0 0 0 22 0 0 22 0 0 0 0 19 0 0 198058 3 36 2 1 0 0 1 0 0 0 0 3 0 11 3 4 0 0 0 13 0 0 0
212 AAT 4 5 5 198287 0 0 0 3 0 0 0 17 22 0 0 3 8 0 6 6 52 0 0 0 0 0 0 0 0 0 0 0 0 0 0 21 0 0 13 0 0 12 0 0 0 36 0 0 0 4 0 1 0 0 0 0 0 0 0 0 0 0 3 0
213 GCT 5 0 7 0 0 14 0 66 0 2 0 0 2 0 0 0 0 0 0 0 1 5 33 1 0 0 0 0 0 0 0 0 0 0 0 5 1 36 3 198368 0 0 0 0 0 3 0 54 0 3 0 0 0 0 0 7 0 0 0 0 0 0 1 0
214 TAT 0 0 1 0 0 0 0 0 0 0 0 0 0 10 0 7 0 0 0 35 0 0 0 0 0 0 0 0 0 0 0 0 0 0 0 3 0 0 0 0 0 0 0 0 7 0 0 0 4 5 2 198467 0 0 0 18 0 0 0 11 0 0 0 1
215 GTC 0 0 0 0 0 0 0 0 0 0 0 0 0 10 0 0 0 0 0 0 0 0 0 0 0 0 0 0 0 1 0 0 0 1 0 0 0 11 0 0 0 1 0 0 7 198422 17 16 0 0 0 0 0 0 0 0 0 0 0 0 0 6 0 0
216 TCT 0 0 0 0 4 0 0 4 0 0 5 0 0 0 0 2 0 0 0 0 0 0 0 22 0 9 1 0 0 3 0 1 0 0 0 0 0 0 7 4 0 0 0 0 0 0 1 0 0 8 0 53 1 52 3 198484 0 0 1 3 0 45 9 21
217 GTA 0 0 0 0 0 0 0 0 0 0 0 0 21 0 0 0 0 0 0 0 0 0 0 0 0 0 0 0 0 0 0 0 0 0 0 0 10 0 0 0 0 0 0 0 197663 1 33 5 0 0 0 0 0 0 0 0 0 0 0 0 0 0 0 0
218 GCG 0 0 0 0 1 0 15 0 0 0 0 0 0 0 0 0 0 9 12 0 0 0 0 0 0 0 0 0 0 0 0 0 0 0 6 0 76 0 197410 2 0 0 2 0 0 0 119 0 0 0 0 0 0 4 24 0 0 0 0 0 6 0 0 0
219 TCT 0 0 1 0 0 0 0 5 0 0 0 0 0 0 0 0 0 0 0 0 0 0 0 14 0 0 0 0 0 0 0 0 0 0 0 0 6 10 0 6 3 0 0 0 0 0 0 0 0 0 0 12 14 70 31 198150 0 0 0 2 0 0 0 8
220 TCA 33 17 0 1 6 2 0 0 2 0 5 0 0 0 0 0 0 0 34 0 60 0 1 0 0 13 0 0 0 5 23 3 0 0 5 6 1 2 0 2 12 1 0 5 0 0 0 0 2 0 0 1 198064 13 11 2 1 0 1 0 27 1 4 6
221 AAT 3 66 0 198040 1 0 0 16 0 1 4 21 0 0 2 2 2 0 0 3 0 0 0 0 1 0 9 0 0 7 0 0 0 1 0 7 0 0 0 0 0 0 0 1 0 0 0 0 0 1 0 6 4 29 0 0 0 0 0 0 0 1 0 0
222 TAT 0 0 0 0 0 0 0 0 0 0 0 0 0 0 2 0 0 4 0 9 0 0 0 0 0 0 0 0 9 0 1 0 0 0 0 1 0 0 0 0 0 0 0 0 0 0 0 0 3 25 1 198326 0 0 0 1 0 0 0 24 1 2 0 4
223 AAC 6 197715 2 31 0 1 0 0 0 13 0 0 4 9 0 0 2 46 3 6 0 0 0 0 0 0 0 2 1 0 9 23 37 107 17 17 16 8 0 54 5 4 8 2 1 0 0 0 0 169 0 44 0 0 0 0 0 0 0 1 2 7 5 4
224 AGG 5 0 42 0 0 2 1 0 22 0 197914 0 0 0 6 0 0 2 1 1 0 0 0 0 0 2 5 7 0 0 0 0 0 0 0 0 0 0 0 0 0 0 21 1 0 0 0 3 0 0 0 2 0 2 6 0 0 0 17 0 0 0 0 0
225 AGA 36 0 1 0 0 0 0 0 198421 0 24 2 6 0 0 0 3 0 0 0 0 0 0 0 1 0 0 0 4 0 0 0 0 0 0 0 0 0 0 0 26 0 0 0 0 0 1 0 0 0 0 0 0 0 0 0 4 0 0 0 0 0 0 0
226 TTC 0 0 0 0 0 0 0 0 0 0 0 0 0 10 0 30 0 1 1 0 0 0 0 0 0 0 0 0 0 28 0 0 0 0 0 0 0 0 0 0 0 0 0 0 5 21 2 1 0 5 0 4 2 22 0 0 0 5 0 0 7 197745 3 19
227 ACC 9 9 0 1 5 197788 8 29 0 0 0 10 29 35 0 3 0 0 2 0 0 1 0 0 0 0 0 0 64 0 0 0 0 0 0 0 0 34 0 2 2 0 0 0 2 6 0 180 0 1 0 4 1 7 0 2 0 0 0 0 13 0 0 0
228 CCG 0 1 0 0 1 2 4 0 0 0 0 0 0 0 0 3 0 0 7 0 62 2 194686 31 0 0 25 1 0 1 13 0 0 0 0 0 8 26 6 0 0 0 0 0 29 0 1 10 0 0 0 0 2 0 25 0 0 0 0 0 0 0 0 0
229 GAA 21 0 0 3 17 2 8 6 0 6 0 7 0 0 0 0 3 1 2 0 0 0 0 0 0 0 0 0 1 0 0 0 158574 9 33 3 3 1 0 0 61 2 84 0 2 0 0 4 7 3 0 83 2 6 3 10 0 0 13 0 1 33 0 60
230 ATA 3 0 1 1 13 7 0 0 0 0 0 0 197365 13 37 16 0 0 7 0 0 0 0 2 2 0 0 0 3 8 1 3 1 0 0 0 0 0 0 0 0 0 0 0 55 0 14 19 0 2 0 3 2 0 0 0 0 0 0 0 4 0 0 0
231 GCT 0 7 0 9 92 67 0 38 0 6 0 8 1 0 96 0 10 8 138 8 0 0 0 0 0 0 0 0 0 33 113 2 0 0 0 6 9 55 125 196873 0 0 0 0 50 109 2 151 0 0 0 14 2 225 0 15 0 2 26 3 1 2 41 1
232 GCA 0 105 2 14 81 8 3 0 3 0 0 6 0 21 57 187 0 36 9 0 16 0 0 3 0 17 7 4 12 24 7 79 22 1 0 11 195776 9 63 6 1 0 6 1 38 3 12 174 0 35 0 4 12 0 8 0 0 0 106 10 13 21 128 62
233 AGG 0 0 15 0 0 0 0 0 57 1 197813 1 0 0 18 0 0 0 0 0 0 0 0 0 6 0 13 2 0 0 0 0 0 0 0 0 0 0 0 0 0 0 49 0 0 0 0 0 0 0 0 0 1 0 0 0 0 0 2 0 0 0 0 0
234 CCC 8 0 0 0 8 9 1 0 0 0 0 0 0 0 0 0 0 12 0 0 6 196131 8 7 0 3 0 0 0 16 0 0 0 0 0 0 1 29 0 1 0 0 0 0 1 0 6 0 0 0 0 0 0 12 0 0 0 0 0 3 0 0 31 0
235 AAA 190509 4 35 1 7 13 0 1 17 0 0 0 2 4 0 0 4 0 0 0 0 0 0 2 265 0 0 0 79 0 0 33 27 0 0 0 0 0 1 7 0 0 0 0 32 37 30 22 2 0 0 0 0 18 2 3 0 0 0 0 3 0 0 0
236 GTA 0 0 4 16 0 0 0 0 4 0 0 0 196 0 4 25 6 2 0 4 0 0 0 0 6 3 0 2 7 0 0 13 2 1 0 0 33 10 20 0 1 0 0 0 193818 38 34 4 11 0 0 0 0 0 0 6 0 0 2 5 0 0 0 1
237 AGA 37 0 13 57 1 0 0 7 188361 12 37 2 13 0 8 0 4 2 3 0 0 0 0 0 0 0 0 0 8 39 4 5 0 1 11 1 1 0 8 0 23 0 3 6 0 0 0 0 0 2 0 9 0 6 1 0 2 0 2 0 3 4 8 11
238 GAT 0 1 0 18 18 1 0 0 0 0 1 0 0 10 0 1 0 0 0 0 0 0 0 0 0 0 0 0 0 0 1 0 1 14 2 180888 0 0 0 3 7 0 0 12 1 0 0 3 0 1 2 4 0 0 0 0 0 0 2 0 0 0 0 0
239 CAA 3 0 0 0 0 0 0 0 0 0 0 0 9 0 0 1 188814 1 65 4 1 0 0 5 11 0 0 0 0 0 1 0 0 0 0 0 0 0 0 0 0 0 0 0 0 0 0 0 12 0 0 0 0 0 0 0 0 0 0 0 0 0 0 0
240 CAT 0 44 1 6 2 30 7 1 0 0 0 0 5 13 0 0 4 12 8 85863 2 1 0 37 0 0 0 5 0 0 0 7 0 0 0 1 0 3 0 6 0 0 0 0 0 0 0 0 0 0 0 4 0 1 0 0 0 0 0 0 0 0 0 0
241 GGG 0 0 0 0 0 0 0 0 0 0 5 0 0 0 0 0 0 0 0 0 0 0 0 0 0 0 0 0 0 0 0 0 0 0 13 0 0 0 0 0 37 0 142294 5 0 0 1 0 0 0 0 0 0 0 0 0 0 0 2 0 0 0 0 0
242 AGG 0 0 15 0 0 0 0 0 20 1 120571 0 0 0 6 0 0 0 0 0 0 0 0 0 0 0 1 0 0 0 0 0 0 0 0 0 0 0 0 0 0 0 19 0 0 0 0 0 0 0 0 0 0 0 0 0 0 0 2 0 0 0 0 0
243 ATG 0 0 2 0 0 0 8 0 0 0 0 0 24 0 141326 3 0 0 0 0 0 2 0 0 0 0 0 0 0 0 0 0 0 0 0 0 0 0 0 0 0 0 0 0 0 0 4 0 0 0 0 0 0 0 0 0 0 0 0 0 0 0 1 0
244 AAC 6 152809 0 7 0 4 5 0 0 2 0 0 2 0 3 3 0 0 0 0 0 0 0 0 0 0 0 0 0 0 0 0 0 16 1 0 1 1 0 0 3 1 0 0 0 0 2 0 0 1 0 0 0 0 0 0 0 0 2 0 1 0 1 0
245 TAT 0 0 0 3 0 0 0 0 0 0 0 0 0 0 0 0 0 0 0 14 0 0 0 0 0 0 0 0 0 0 0 0 0 0 0 0 0 0 0 0 0 0 0 0 0 0 0 0 9 7 3 150054 0 0 0 0 0 0 0 7 0 0 0 1
246 TAC 0 4 0 0 0 0 0 0 0 1 1 0 0 0 0 0 0 38 0 0 0 0 0 0 0 0 0 0 0 0 0 0 0 1 0 0 0 0 0 0 0 0 0 0 0 0 0 0 2 169033 0 72 0 0 0 0 0 17 0 0 0 1 0 9
247 TGG 0 0 0 0 0 0 0 0 0 0 4 0 0 0 1 0 0 0 0 0 0 0 0 0 0 0 29 0 0 0 0 0 0 0 0 0 0 0 0 0 0 0 0 0 0 0 0 0 0 0 18 0 0 0 0 0 6 0 175644 2 0 0 6 0
248 ACC 0 1 0 1 16 189162 4 28 0 2 3 0 1 17 0 1 0 3 0 6 0 1 0 0 0 2 0 0 3 0 0 0 0 0 0 0 2 29 0 0 0 0 0 0 0 1 1 0 0 0 0 0 0 1 3 2 0 0 0 0 6 0 3 4
249 TTG 0 0 0 0 0 0 0 0 0 0 0 0 3 0 2 7 0 0 0 0 0 0 0 0 0 0 0 0 23 18 19 7 0 0 0 0 0 0 0 0 0 0 0 0 0 0 3 6 0 0 2 0 0 0 16 0 0 0 1 0 57 0 190983 2
250 CTA 0 0 0 0 0 0 0 0 0 0 0 0 9 11 0 10 1 0 0 0 13 0 0 0 0 0 0 0 196242 25 28 130 0 0 0 0 0 0 0 0 0 0 0 0 2 0 0 0 0 0 0 0 0 0 0 0 0 0 0 0 85 0 8 0
251 GAA 39 0 7 4 1 2 19 0 20 0 9 0 10 0 0 0 1 31 3 0 3 7 0 1 2 3 0 4 2 0 2 0 196137 11 30 1 0 5 0 0 10 0 13 0 0 0 3 0 4 1 0 1 2 1 1 1 0 0 1 0 0 2 2 0
252 CCC 0 6 0 0 0 5 0 0 0 0 0 1 0 0 0 0 0 1 0 0 91 188367 1 37 0 0 2 0 0 4 0 0 0 0 0 0 2 0 0 0 0 0 0 0 0 0 0 1 0 0 0 0 0 5 0 0 0 0 0 0 0 0 0 0
253 GGA 0 12 0 0 1 0 0 0 36 0 0 0 0 0 0 0 0 0 5 7 0 0 0 0 1 0 0 0 0 0 6 0 45 0 6 0 0 0 0 0 194118 3 40 15 2 0 0 0 0 0 0 0 1 1 0 1 4 0 0 0 0 0 0 1
254 GAC 0 8 0 0 0 0 0 0 0 0 0 0 0 0 0 0 11 3 3 3 0 0 0 0 0 0 0 0 0 0 0 0 31 192604 28 14 0 7 2 0 0 27 4 0 0 3 0 0 0 6 0 0 2 1 0 0 0 0 0 0 0 0 0 0
255 ACA 3 1 0 0 195333 1 12 8 0 0 0 7 6 0 0 0 2 5 0 0 3 0 0 0 0 0 0 0 1 0 0 0 6 0 5 0 9 1 3 0 0 0 0 0 0 0 0 0 0 0 0 12 8 0 0 0 0 0 8 0 0 0 0 93
256 ATA 1 0 0 0 17 0 0 0 0 0 0 0 197959 8 23 45 0 0 0 0 0 0 0 0 0 0 0 0 4 0 1 3 0 0 0 0 0 0 0 0 0 0 0 0 7 0 4 0 0 0 0 0 0 0 1 0 0 0 0 0 18 0 1 0
257 ATA 6 0 0 0 11 205 0 0 2 0 0 6 197606 3 29 9 26 0 61 0 0 0 0 0 0 1 0 0 28 64 3 7 0 0 0 0 2 3 4 0 0 0 0 4 13 9 16 0 0 5 0 7 0 0 0 0 0 0 52 0 65 2 6 2
258 TTT 0 0 0 0 0 0 0 0 0 0 0 0 3 0 0 2 0 0 0 0 0 0 0 0 0 0 0 0 2 0 0 18 0 0 0 0 0 0 0 0 0 0 0 0 1 0 0 6 0 0 0 5 0 0 0 4 0 0 0 2 3 7 2 197792
259 GAG 0 0 12 0 1 0 0 3 0 0 0 0 0 0 0 0 0 0 0 0 0 0 0 0 0 0 0 0 0 0 0 0 24 0 198075 8 0 0 4 0 0 0 43 0 0 0 7 0 0 0 3 0 0 0 0 0 0 0 0 0 0 0 0 0
260 GCA 0 0 0 0 44 0 0 0 0 0 0 0 0 0 0 0 0 0 0 0 0 0 0 0 0 0 0 0 0 0 0 0 1 0 0 0 198303 0 10 5 1 0 0 0 16 0 0 0 0 0 0 0 2 0 0 0 0 0 0 0 0 0 0 0
261 ACT 0 0 0 3 21 25 5 198355 0 1 0 2 0 0 0 10 2 0 0 0 0 0 0 1 0 0 0 0 0 0 0 0 0 0 0 0 0 0 0 14 0 0 0 0 0 0 4 0 0 0 0 0 1 0 0 3 0 0 0 0 0 0 0 0
262 GGT 0 0 0 0 0 0 0 0 0 0 0 16 0 0 0 0 0 0 0 0 0 0 0 0 0 0 0 0 0 0 0 0 0 0 0 14 0 0 0 0 3 40 6 197875 0 0 0 3 0 0 0 0 0 0 0 0 0 0 0 1 0 0 0 0
263 AAT 2 8 0 198316 0 0 0 2 0 0 0 6 0 0 0 0 0 0 0 0 0 0 0 0 0 0 0 0 0 0 0 0 0 0 0 9 0 0 0 0 0 0 0 0 0 0 0 0 0 0 0 0 0 0 0 0 0 0 0 0 0 0 0 0
264 CTA 0 0 0 0 0 0 0 0 0 0 0 0 5 0 0 0 1 0 0 0 34 0 0 0 1 0 0 0 198231 6 27 2 0 0 0 0 0 0 0 0 0 0 0 0 0 0 0 0 0 2 0 1 0 0 0 0 0 0 27 0 8 0 0 6
265 ATA 3 0 0 0 3 0 0 0 0 0 0 0 198455 3 32 2 0 0 0 0 0 0 0 0 0 0 0 0 3 5 0 2 0 0 0 0 6 9 0 0 0 0 0 0 10 1 0 0 0 0 0 0 0 0 0 0 0 0 0 0 3 0 3 0
266 GCA 0 0 0 0 15 0 0 0 0 0 0 0 0 0 0 6 0 0 0 0 0 0 0 0 0 0 0 0 0 0 0 0 2 0 0 0 197709 3 18 8 3 0 0 0 6 4 0 0 0 0 0 0 1 0 0 0 0 0 0 0 0 0 0 0
267 CCA 0 0 0 0 1 0 0 0 0 0 0 0 0 0 0 0 4 0 0 0 198240 12 11 0 0 0 0 0 6 0 0 0 0 0 0 0 2 0 0 0 0 0 0 0 0 0 0 0 0 0 0 0 4 0 0 0 0 0 0 0 0 0 0 0
268 TGG 0 0 0 0 0 1 0 0 0 0 4 0 0 0 0 0 0 0 0 0 0 0 0 0 0 0 7 0 0 0 39 0 0 0 0 0 0 0 3 0 0 3 7 2 0 2 0 4 0 0 9 0 0 0 0 0 16 0 198043 2 0 0 8 0
269 TAT 0 0 0 2 0 0 0 0 0 0 0 0 0 0 0 0 0 0 0 31 0 0 0 0 0 0 0 0 0 0 0 0 0 0 0 0 0 0 0 0 0 0 0 0 0 0 0 0 2 43 0 198389 0 0 0 0 1 0 2 10 0 5 0 18
270 GCT 0 0 0 0 0 0 0 34 0 1 0 0 0 0 0 0 0 0 0 0 0 0 0 0 0 0 0 0 0 0 0 0 0 0 0 2 3 26 14 196831 1 6 7 0 0 0 0 9 0 0 0 0 0 0 0 3 0 0 0 0 0 0 0 0
271 TTC 0 0 0 0 0 0 0 0 0 0 0 0 0 0 0 0 0 0 0 0 0 1 0 0 0 0 0 0 1 6 0 0 0 0 0 0 0 0 0 0 0 0 0 0 0 1 0 0 0 1 0 9 0 12 0 0 0 0 0 0 7 196930 0 31
272 GCA 0 0 0 0 80 4 0 9 0 0 0 0 0 0 0 25 0 2 0 0 0 0 0 0 0 0 0 0 1 0 1 0 5 0 0 0 198057 11 14 7 3 4 1 7 23 2 0 13 0 0 0 0 9 0 11 15 0 0 0 0 0 0 1 0
273 CTG 0 0 0 0 0 0 0 0 0 0 0 0 4 3 6 29 0 0 6 0 0 0 59 0 0 0 3 0 37 6 198157 20 0 0 0 0 0 3 0 5 0 0 0 0 0 1 7 0 0 0 0 0 0 0 0 0 0 0 0 0 8 0 15 0
274 AGT 6 0 0 36 0 16 0 17 2 9 5 198339 0 1 1 4 0 0 0 18 0 0 0 0 6 2 0 1 0 0 0 0 5 43 11 9 0 0 0 0 0 1 3 33 0 0 0 7 0 2 0 0 0 0 7 64 0 0 0 4 0 0 5 0
275 AGA 19 0 0 0 0 0 2 0 198407 1 33 3 1 0 0 0 0 0 0 3 0 0 0 0 8 0 0 7 0 0 0 0 0 0 0 0 0 0 0 0 22 1 0 0 0 0 0 0 0 0 0 1 0 0 0 0 1 0 0 0 0 0 0 0
276 GGG 0 41 0 1 2 24 5 2 0 1 33 0 0 4 1 0 8 2 1 0 0 0 0 0 0 0 3 0 0 0 0 0 1 0 15 33 0 0 0 9 40 0 198141 28 0 0 4 0 0 0 0 0 0 9 6 0 0 1 15 5 0 0 0 0
277 TTT 9 0 6 0 457 13 1 2 6 6 2 3 16 2 0 2 2 9 0 5 13 5 13 10 0 5 5 0 13 146 2 18 3 0 0 0 18 0 18 0 2 4 13 8 6 7 1 6 0 0 0 8 3 3 7 17 0 0 0 0 13 63 14 197536
278 GAG 11 5 14 1 35 2 6 0 0 7 0 0 0 2 0 5 0 2 7 8 7 5 3 9 0 0 1 1 0 0 6 6 66 0 196924 7 0 0 3 11 0 0 51 5 2 4 14 0 0 3 2 3 0 8 25 0 0 0 7 0 0 1 3 0
279 TCC 0 0 0 28 0 3 1 0 0 0 0 0 0 0 0 0 4 0 1 0 0 17 0 0 0 0 0 0 0 0 0 0 0 0 0 0 0 3 0 0 0 0 0 0 0 0 0 0 0 1 0 0 14 196126 2 51 0 0 0 0 0 14 0 0
280 GGC 0 0 0 0 0 0 0 0 0 64 0 0 0 0 0 0 0 0 0 0 0 0 0 0 0 4 0 0 0 0 0 0 0 46 0 0 0 0 0 0 8 197976 6 33 0 0 0 0 0 0 0 0 0 4 0 0 0 4 0 0 0 0 0 0
281 ATC 0 2 0 0 0 24 0 0 0 3 0 0 11 198392 0 17 0 0 0 0 0 0 0 0 0 0 0 0 0 1 0 0 0 0 0 0 0 0 0 0 0 0 0 0 0 17 0 2 0 1 0 1 0 0 0 0 0 0 0 0 0 3 0 6
282 ATC 0 1 0 0 0 25 0 0 0 0 0 0 50 198257 1 25 0 0 0 0 0 0 0 0 0 0 0 0 1 8 0 0 0 0 0 0 0 0 0 0 0 0 0 0 0 11 0 0 0 0 0 0 0 0 0 0 0 0 0 0 9 3 0 0
283 ACC 3 4 0 0 56 198043 8 21 5 1 14 13 0 13 28 2 8 0 4 2 0 2 0 0 0 0 0 2 0 1 8 9 0 0 0 0 1 7 0 0 0 0 0 2 3 2 1 0 0 0 0 35 0 12 0 4 0 8 1 0 31 3 0 1
284 TCA 0 0 0 0 12 0 1 0 0 3 0 26 0 0 0 0 0 0 0 0 45 0 0 0 0 0 0 0 0 0 0 0 0 0 0 0 2 0 1 1 0 0 0 0 0 0 0 0 1 0 0 0 196467 2 24 4 0 0 0 0 0 0 0 0
285 AAC 7 195145 3 56 20 29 0 19 2 10 14 0 3 1 18 0 1 0 1 0 0 0 0 0 0 0 0 0 0 0 0 1 29 26 3 15 0 8 3 0 5 0 0 7 0 0 0 0 0 0 0 0 0 19 0 0 0 0 0 0 5 0 0 0
286 GCG 2 17 0 0 0 2 28 0 0 0 0 0 4 21 0 5 1 0 1 0 0 0 0 0 0 0 0 0 0 4 0 0 0 0 10 0 46 0 181989 12 0 0 0 0 4 0 38 0 0 0 0 3 0 0 18 0 0 5 0 5 12 0 0 1
287 TCA 0 0 0 0 7 0 0 0 0 0 0 0 0 6 0 0 0 0 0 0 32 0 0 0 0 0 0 0 0 0 0 1 1 11 0 7 5 0 0 0 0 0 0 0 0 0 0 6 6 0 0 0 182410 3 25 3 1 0 0 0 6 0 0 0
288 ATG 0 0 2 0 0 0 5 0 0 0 2 2 77 8 182796 6 0 0 0 0 1 0 2 6 0 0 0 1 1 8 3 0 0 0 0 0 0 0 0 0 3 0 0 0 8 0 15 2 0 10 0 0 1 9 0 0 0 0 0 0 0 0 3 0
289 CAT 0 0 0 36 0 5 0 0 0 11 0 0 0 0 21 0 32 22 2 182463 0 0 0 0 0 0 0 22 0 0 0 1 1 0 0 0 77 1 0 0 2 7 1 18 0 0 0 0 0 1 0 26 0 4 0 1 0 0 0 10 0 4 0 1
290 GAG 0 15 3 1 1 0 1 0 0 0 0 0 0 0 0 2 0 0 1 0 0 3 7 0 0 0 0 0 2 0 0 2 33 32 182730 9 1 1 1 0 0 0 20 0 0 0 2 0 0 1 2 0 0 6 3 4 0 0 0 0 1 0 0 0
291 TGT 0 0 0 0 0 0 0 0 0 0 0 2 0 0 0 0 0 0 0 0 0 0 0 0 0 0 0 4 0 0 0 0 0 0 0 0 0 0 0 0 0 0 0 0 0 0 0 0 0 0 0 26 0 0 0 0 1 50 0 181717 0 0 0 1
292 AAC 2 182788 0 15 0 0 0 0 0 15 0 0 0 1 0 0 0 9 0 2 0 0 0 0 0 0 0 0 0 0 0 0 0 72 0 0 0 0 0 0 0 0 0 0 1 0 0 0 0 2 0 1 5 0 0 25 0 0 0 0 0 1 0 0
293 ACG 0 0 2 0 28 16 182633 16 0 2 2 0 0 0 8 0 0 0 0 0 0 0 3 0 0 0 0 0 0 2 0 0 0 0 0 0 0 0 14 0 0 0 0 0 0 0 0 0 0 0 0 0 0 0 0 1 0 0 0 0 0 0 0 0
294 AAG 18 3 182020 10 3 6 3 0 0 0 19 9 4 14 6 1 0 0 0 3 0 0 0 3 0 0 0 28 3 5 5 4 0 0 32 1 2 1 13 9 0 0 0 0 1 0 0 11 0 0 1 0 0 5 0 49 0 0 0 0 0 0 21 3
295 TGT 0 0 0 0 0 0 0 0 0 0 0 2 0 0 0 0 0 0 0 0 0 0 0 0 0 0 0 6 0 0 0 0 0 0 0 0 0 0 0 0 0 0 0 0 0 0 0 0 0 0 0 10 0 0 0 0 0 57 1 182791 0 0 0 3
296 CAA 1 0 0 0 0 0 0 0 0 0 0 0 0 0 0 0 182838 1 30 1 2 0 0 0 45 0 0 0 1 0 0 0 0 0 0 0 0 0 0 0 0 0 0 0 0 0 0 0 4 0 0 0 0 0 0 0 0 0 0 0 0 0 0 0
297 ACA 0 0 0 0 182296 7 11 0 2 0 0 0 10 0 0 0 0 0 0 0 2 0 0 0 0 0 0 0 0 0 0 0 0 0 0 0 16 0 0 0 0 0 0 0 0 0 0 0 0 0 0 0 0 0 0 0 0 0 0 0 0 0 0 0
298 CCC 0 0 0 0 0 3 0 0 0 0 0 0 0 0 0 0 0 2 0 0 1 182608 2 13 0 0 0 0 0 7 0 0 0 0 0 0 0 2 0 0 0 0 0 0 0 0 0 0 0 0 0 0 0 12 0 0 0 0 0 0 0 0 0 0
299 CAG 5 3 0 33 0 3 0 14 0 0 1 0 0 0 0 8 39 8 181821 51 0 0 12 1 2 0 53 1 0 1 15 1 2 2 0 3 10 0 11 24 0 0 0 0 1 0 3 11 0 2 6 115 0 0 1 4 0 0 0 2 54 1 8 1
300 GGA 0 0 0 0 0 0 0 0 12 0 0 0 0 0 0 0 0 0 0 0 0 0 0 0 1 0 0 0 0 0 0 0 5 0 0 0 0 0 0 0 182956 59 20 2 1 0 0 0 0 0 0 0 0 0 0 0 6 0 0 0 0 0 0 0
301 GCT 0 0 0 0 0 0 0 10 0 0 0 2 0 0 0 0 0 0 0 0 0 0 0 0 0 0 0 0 0 0 0 0 0 0 0 5 2 41 43 182843 0 0 0 2 0 0 0 22 0 0 0 0 0 0 0 6 0 0 0 0 0 0 0 0
302 ATA 1 0 0 0 21 0 0 0 2 0 0 0 183060 8 7 4 1 0 0 0 0 0 0 0 0 0 0 0 2 0 0 0 0 0 0 0 0 0 0 0 0 0 0 0 26 0 0 0 0 0 0 0 0 0 0 0 0 0 0 0 2 0 0 0
303 AAC 8 182467 0 16 0 36 1 0 0 13 0 0 6 0 6 0 0 4 133 0 0 0 0 2 0 0 0 0 0 0 0 21 11 5 9 1 8 0 3 18 0 2 0 0 0 1 2 0 0 1 0 30 0 0 1 0 0 0 0 0 1 0 0 0
304 AGC 0 44 0 0 0 0 0 0 0 182657 0 53 0 4 0 0 0 0 0 0 0 0 0 0 0 1 0 0 0 0 0 0 0 0 0 0 0 0 0 0 0 6 4 1 0 0 0 0 0 0 0 0 3 0 1 0 0 2 0 0 0 0 0 0
305 AAT 1 15 2 181666 0 0 0 0 0 0 19 21 0 0 0 8 0 0 0 1 0 0 0 0 0 1 0 0 0 0 0 0 0 0 0 18 0 0 0 0 0 0 0 0 0 0 4 0 0 0 0 1 0 0 0 5 0 0 0 0 0 0 0 0
306 CTC 0 0 11 0 0 0 0 0 0 0 7 0 0 0 0 0 0 1 0 0 0 37 0 0 2 1 20 0 1 182427 0 39 0 0 0 0 2 0 0 6 0 0 0 0 0 1 0 0 0 0 0 0 0 0 0 0 0 0 0 5 1 35 0 1
307 CCT 0 0 0 0 0 0 0 6 0 0 0 0 0 0 0 0 0 0 0 14 7 96 2 182888 0 0 0 0 0 0 0 14 0 0 0 0 0 0 0 0 0 0 0 0 0 0 0 0 0 0 0 0 0 0 0 10 0 0 0 0 0 0 0 0
308 TTC 0 0 0 0 0 0 0 0 0 0 0 0 0 0 0 0 0 0 0 0 0 0 0 0 0 0 0 0 0 16 0 0 0 0 0 0 0 0 0 0 0 0 0 0 0 5 0 0 0 2 0 0 0 28 0 0 0 0 0 0 1 182646 0 33
309 CAG 0 0 0 0 0 0 0 0 0 0 0 0 0 0 0 0 15 0 182713 6 0 0 2 0 0 0 32 0 0 0 3 0 0 0 0 0 0 0 0 0 0 0 0 0 0 0 0 0 0 0 3 0 0 0 0 0 0 0 0 0 0 0 0 0
310 AAT 1 33 2 182963 0 0 0 2 0 0 0 18 0 0 0 1 0 0 0 0 0 0 0 0 0 0 0 0 0 0 0 0 0 0 0 12 0 0 0 0 0 0 0 0 0 0 0 0 0 0 0 2 0 0 0 0 0 0 0 0 0 0 0 0
311 ATA 0 0 0 0 23 0 0 0 0 0 0 0 182882 2 20 6 0 0 0 0 0 0 0 0 0 0 0 0 1 0 0 0 0 0 0 0 0 0 0 0 0 0 0 0 29 2 1 3 0 0 0 0 0 0 0 0 0 0 0 0 1 0 0 0
312 CAC 0 7 0 0 1 2 0 0 0 0 0 0 0 0 0 0 3 182689 1 68 0 3 0 0 0 5 0 0 0 0 0 0 0 6 0 3 7 0 1 1 1 0 0 0 0 0 0 0 0 25 0 0 26 1 12 3 0 0 0 4 0 0 0 0
313 CCA 10 0 0 0 2 0 0 0 1 0 0 0 0 0 0 0 4 0 0 4 182800 1 13 32 0 0 2 3 11 0 0 0 0 0 0 0 0 0 0 3 0 0 0 0 0 0 0 0 0 0 0 0 19 0 0 0 0 0 0 0 0 0 0 0
314 GTC 0 1 0 0 1 0 0 0 0 2 0 0 0 70 0 1 0 100 18 2 0 0 0 0 0 6 0 2 0 1 0 0 0 1 0 0 0 22 0 1 0 0 0 0 4 181744 8 35 0 0 1 36 0 0 0 0 0 0 0 0 1 29 0 3
315 ACA 4 0 0 0 182658 2 31 4 0 3 0 4 9 0 0 0 0 0 0 0 0 0 0 0 0 0 0 0 0 0 0 0 0 0 0 0 8 0 0 1 43 0 10 7 5 1 0 2 0 3 0 13 2 3 0 1 0 0 0 1 0 0 0 0
316 ATA 5 0 0 1 16 0 0 0 1 0 0 0 182613 1 33 6 0 0 0 0 0 0 0 0 0 0 0 0 6 0 0 0 0 0 0 0 0 0 0 0 0 0 0 0 9 1 4 1 0 0 0 0 0 0 0 0 0 0 0 0 11 0 0 0
317 GGA 0 0 0 0 0 0 0 0 3 0 0 0 0 0 0 0 0 0 0 0 0 0 0 0 0 0 0 0 0 0 0 0 12 0 0 0 0 0 0 0 182636 0 54 6 2 0 0 0 0 0 0 0 0 0 0 0 6 0 0 0 0 0 0 0
318 GAG 2 0 17 4 7 110 3 31 0 0 0 1 0 0 0 0 6 2 7 9 0 0 0 0 1 0 0 0 2 0 0 0 31 2 182367 7 0 0 2 0 0 0 19 0 9 0 5 0 0 0 6 0 7 0 5 1 0 0 0 0 1 1 0 0
319 TGC 0 0 0 0 0 0 0 0 0 0 0 0 0 0 0 0 0 0 0 0 0 0 0 0 0 3 0 0 0 0 0 0 0 0 0 0 0 0 0 0 0 0 0 0 0 0 0 0 0 81 0 0 0 0 0 0 1 182388 0 61 0 0 0 0
320 CCA 0 0 0 0 3 0 0 0 0 0 0 0 0 0 0 0 3 0 0 0 182553 30 23 1 0 0 0 0 12 0 0 0 0 0 0 0 0 0 0 0 1 0 0 0 0 0 0 0 0 0 0 0 14 0 0 0 0 0 0 0 0 0 0 0
321 AAA 182239 3 8 2 13 0 0 12 26 0 10 0 1 0 0 10 2 1 2 0 0 0 0 0 0 0 4 0 4 0 0 0 0 0 0 0 0 0 1 0 0 0 0 0 4 2 7 9 2 0 0 0 0 0 0 0 0 0 0 0 0 0 0 0
322 TAT 0 0 0 1 0 0 0 0 0 0 0 0 0 0 0 0 0 0 0 12 0 0 0 0 0 0 0 0 0 0 0 0 0 0 0 1 0 0 0 0 0 0 0 0 0 0 0 0 11 13 1 182961 0 0 0 0 0 0 0 24 0 9 0 2
323 GTC 0 0 0 0 0 0 0 0 0 0 0 0 0 298 0 0 0 0 0 0 0 0 0 0 0 0 0 0 0 1 0 0 0 6 0 0 0 10 0 0 0 2 0 0 1 181706 6 11 0 0 0 0 0 0 0 0 0 0 0 0 5 3 0 0
324 AGG 1 0 26 0 0 2 0 0 45 0 181634 2 0 0 2 0 0 0 0 0 0 0 0 0 0 44 7 0 0 0 0 0 0 0 0 0 0 0 0 0 0 0 51 0 0 0 0 0 0 0 0 0 0 0 0 0 0 0 4 0 0 0 0 0
325 AGT 0 0 0 33 0 0 0 1 1 28 0 181858 0 0 0 3 0 0 0 0 0 0 0 0 0 0 0 4 0 0 0 0 0 0 0 0 0 0 0 0 0 0 0 23 0 0 0 0 0 0 0 0 29 10 33 1 0 0 0 0 0 0 0 0
326 ACC 0 3 0 0 11 162324 0 24 2 0 0 5 0 19 3 0 1 3 0 0 0 9 0 1 0 1 0 0 1 0 0 1 0 0 2 0 0 36 0 26 0 0 1 0 1 0 3 0 0 0 0 0 0 11 0 0 0 0 0 0 0 0 0 0
327 AAA 182251 0 9 1 3 1 0 0 3 1 0 0 1 0 0 0 1 0 0 0 0 0 0 0 0 0 0 0 0 0 0 0 14 0 0 0 0 0 0 0 0 0 0 0 0 0 0 0 1 0 0 0 2 5 0 0 0 0 0 0 0 0 0 0
328 TTG 0 0 0 0 0 0 0 0 0 0 0 0 0 0 1 0 0 0 0 0 0 0 0 0 0 0 0 0 0 4 23 42 0 0 0 0 0 0 0 0 0 0 0 0 0 0 2 0 0 0 1 0 0 0 6 0 0 0 1 0 20 0 180147 4
329 AGG 0 0 23 0 1 0 0 0 33 0 176341 4 0 0 9 0 0 0 0 0 0 0 0 0 0 0 9 0 0 0 0 0 0 0 0 0 0 0 0 1 0 0 36 0 0 0 0 0 0 0 0 0 0 0 0 0 0 0 3 0 0 0 0 0
330 ATG 0 0 0 0 0 0 5 0 0 0 0 0 17 0 179774 3 0 0 0 0 0 0 0 0 0 0 0 0 0 0 0 0 0 0 0 0 0 0 0 0 0 0 0 0 0 0 22 0 0 0 0 0 0 0 0 0 0 0 0 0 0 0 0 0
331 GTT 0 0 0 0 0 0 0 0 0 0 0 0 0 0 0 29 0 0 0 0 0 0 0 0 0 0 0 0 0 0 0 0 0 0 0 0 0 3 0 20 0 0 1 1 0 24 6 176730 0 0 0 0 0 0 0 0 0 0 0 0 0 0 0 1
332 ACA 0 0 0 0 173393 12 70 22 0 0 0 0 29 0 0 0 0 0 0 0 1 0 0 0 0 0 0 0 0 0 0 0 0 0 0 0 8 0 0 0 0 0 0 0 0 0 0 0 0 0 0 0 0 0 0 0 0 0 0 0 0 0 0 0
333 GGA 0 0 0 0 0 0 0 1 7 0 0 0 0 0 0 0 0 0 0 0 0 0 0 0 0 0 0 0 0 0 0 0 27 0 0 0 1 0 0 0 164599 1 92 7 1 0 0 0 0 0 0 0 0 0 0 0 6 0 0 0 0 0 0 0
334 CTA 0 0 1 0 0 0 0 0 0 0 0 0 6 0 0 0 2 0 0 0 27 0 2 0 0 0 0 0 170202 1 6 0 0 0 0 0 0 0 0 0 0 0 0 0 0 0 0 1 0 0 0 0 0 0 0 0 0 0 0 0 9 0 1 0
335 AGA 12 0 0 0 0 0 0 0 170025 1 22 0 2 0 0 0 0 0 1 2 0 0 0 0 8 0 0 0 0 0 0 0 1 0 0 0 0 0 0 0 8 0 0 0 0 0 0 0 0 0 0 0 0 1 0 0 4 0 0 0 0 0 0 0
336 AAC 2 84525 0 4 0 0 0 0 0 2 0 0 0 0 0 0 0 1 0 0 0 0 0 0 0 0 0 0 0 0 0 0 0 0 0 0 0 0 0 0 0 0 0 0 0 0 0 0 0 0 0 0 0 0 0 0 0 0 0 0 0 0 0 0
337 ATC 2 22 3 0 0 24 2 0 0 0 8 0 0 83919 10 5 28 0 1 0 0 0 0 0 8 0 13 5 0 8 0 0 2 0 0 0 0 0 0 0 0 3 0 0 0 2 0 0 0 0 0 0 25 0 1 0 0 0 0 0 0 0 1 2
338 CCA 0 0 0 0 1 0 0 0 0 0 0 0 0 0 0 0 5 0 0 0 87891 2 4 5 0 0 0 0 3 0 0 0 0 0 0 0 0 0 0 0 0 0 0 0 0 0 0 0 0 0 0 0 6 0 0 0 0 0 0 0 0 0 0 0
339 TCC 4 0 0 0 0 31 0 0 0 0 0 2 4 0 0 0 0 0 0 1 0 6 4 0 0 0 2 0 1 0 0 0 0 0 0 0 2 2 0 0 0 0 0 7 0 0 0 1 0 2 0 0 14 88498 1 4 0 0 0 0 1 4 0 0
340 ATT 3 0 12 0 0 0 0 5 0 0 1 4 2 7 0 106125 0 0 0 0 0 0 0 0 8 1 4 0 0 0 0 5 0 0 0 0 0 0 0 0 0 0 0 0 0 0 0 16 0 0 0 0 0 0 0 0 0 0 0 0 0 0 1 0
341 CAA 1 0 0 0 0 0 0 0 0 0 0 0 0 0 3 0 88736 1 1 0 0 0 0 0 3 0 0 0 0 0 0 0 1 0 0 0 0 0 0 0 0 0 0 0 0 0 0 0 3 0 0 0 0 0 0 0 0 0 0 0 0 0 0 0
342 TAC 0 1 0 0 0 0 0 0 0 0 0 0 0 0 0 0 0 4 0 0 0 0 0 0 0 0 0 0 0 0 0 0 0 0 0 0 0 0 0 0 0 0 0 0 0 0 0 1 0 108234 3 6 0 2 0 0 0 8 0 0 0 1 0 0
343 AGA 44 0 4 0 2 0 0 0 136344 1 49 3 4 0 0 0 0 0 3 0 0 0 0 0 1 0 20 0 0 0 0 0 0 0 0 0 0 0 0 0 11 0 0 0 0 0 0 0 0 0 0 0 0 0 0 0 1 0 0 0 0 0 0 0
344 GGT 0 0 0 0 0 0 0 0 0 0 4 16 0 0 0 0 0 0 0 0 0 0 0 0 0 0 0 0 0 0 0 0 0 0 2 7 0 0 7 0 18 11 1 179038 0 0 0 2 0 0 0 0 0 0 0 0 0 0 0 1 0 0 0 0
345 CTA 0 0 0 0 0 0 0 0 0 0 0 0 11 0 2 5 4 0 0 0 28 0 0 0 3 0 0 0 170721 3 13 6 0 0 0 0 0 0 0 0 0 0 0 0 0 2 0 1 0 0 0 0 0 0 0 5 0 0 0 0 17 0 0 0
346 TTT 0 0 0 0 0 0 0 0 0 0 0 0 0 0 0 9 0 0 0 0 0 0 0 0 0 0 0 0 0 0 6 6 0 0 0 0 0 0 0 0 0 0 0 0 0 0 0 2 0 0 0 3 0 0 0 4 0 0 0 0 3 15 3 177699
347 GGA 3 0 0 0 0 0 0 0 10 0 0 0 0 0 0 0 0 0 4 0 0 0 0 0 0 0 3 0 2 0 0 0 11 0 0 0 0 4 0 1 179456 7 38 31 4 0 0 0 0 0 0 0 0 0 0 0 3 0 1 0 0 0 0 0
348 GCC 0 0 0 0 0 7 0 0 0 0 0 0 0 0 0 0 0 0 0 0 0 3 0 0 0 0 0 0 0 0 0 0 0 2 0 0 6 180821 13 24 0 0 0 0 0 30 0 0 0 0 0 0 0 7 0 0 0 0 0 0 0 0 0 0
349 ATT 0 0 0 0 0 0 0 12 0 0 0 1 13 7 0 181308 0 0 0 1 0 0 0 0 0 0 0 0 0 0 0 2 0 0 0 0 0 0 0 0 0 0 0 0 4 0 13 8 0 0 0 0 0 0 0 0 0 0 0 0 0 0 0 4
350 GCT 0 0 0 0 0 0 0 52 0 0 0 0 0 0 0 0 0 0 0 0 0 0 0 1 0 0 0 0 0 0 0 0 0 0 0 2 9 21 34 181832 0 0 0 1 0 0 0 15 0 0 0 0 0 0 0 6 0 0 0 0 0 0 0 0
351 GGT 0 0 0 0 0 0 0 0 0 0 0 8 0 0 0 0 0 0 0 0 0 0 0 0 0 0 0 0 0 0 0 0 0 0 0 19 0 0 0 1 38 27 30 179086 0 0 0 0 0 0 0 0 0 0 0 0 0 0 0 2 0 0 0 0
352 TTT 0 0 0 0 0 0 0 0 0 0 0 0 0 0 0 1 0 0 0 0 0 0 0 0 0 0 0 0 0 0 0 11 0 0 0 0 0 0 0 0 0 0 0 0 0 0 0 0 0 0 0 0 0 0 0 7 0 0 0 1 1 30 0 182346
353 ATT 0 0 0 1 0 0 0 3 0 0 0 3 12 20 0 182700 0 0 0 0 0 0 0 0 0 0 0 0 1 4 0 4 0 0 0 0 0 0 0 0 0 0 0 0 0 11 0 21 0 0 0 0 0 0 0 0 0 0 0 0 0 0 0 4
354 GAG 0 0 14 0 0 0 0 0 0 0 0 0 0 0 0 0 0 0 1 0 0 0 0 0 0 0 0 0 0 0 0 0 53 0 178485 10 0 0 1 0 0 0 29 0 0 0 5 0 0 0 2 0 0 0 0 0 0 0 0 0 0 0 0 0
355 GGG 0 0 0 0 0 0 0 0 0 0 13 0 0 0 0 0 0 0 0 0 0 0 0 0 0 0 0 0 0 0 0 0 0 0 12 0 0 0 4 0 35 4 181471 42 0 0 3 0 0 0 0 0 0 0 0 0 0 0 3 1 0 0 0 0
356 GGA 0 0 0 0 0 0 0 0 28 0 0 0 0 0 0 0 0 0 0 0 0 0 0 0 1 0 0 0 0 0 0 0 27 0 0 0 0 0 0 0 182228 5 298 6 2 0 0 0 0 0 0 0 0 0 0 0 1 0 0 0 0 0 0 0
357 TGG 0 0 0 0 0 0 0 0 0 0 4 0 0 0 0 0 0 0 0 0 0 0 0 0 0 0 7 0 0 0 0 0 0 0 0 0 0 0 0 0 0 0 0 0 0 0 0 0 0 0 30 0 0 0 0 0 24 2 182830 1 0 0 12 0
358 ACT 0 0 0 0 6 50 0 182240 0 0 0 0 0 5 0 18 0 4 0 0 5 6 0 0 0 0 0 0 0 2 0 127 0 0 0 0 0 0 0 21 0 0 0 0 0 1 0 6 0 0 0 0 0 2 0 2 0 0 0 0 0 0 0 0
359 GGA 0 0 0 0 0 0 0 0 27 0 0 0 0 0 0 0 0 0 0 0 0 0 0 0 0 0 0 0 0 0 0 0 22 0 0 0 0 0 1 0 182406 0 18 2 1 0 0 0 0 0 3 0 0 0 0 0 3 0 0 0 1 0 0 0
360 ATG 0 0 5 0 0 0 3 0 0 0 1 0 12 0 182512 5 0 0 0 0 0 0 0 0 0 0 0 0 1 179 8 26 0 0 0 0 0 0 0 0 0 0 0 0 0 0 17 0 0 0 0 0 0 0 0 0 0 0 0 0 2 0 5 0
361 ATA 152 0 38 0 10 0 0 0 1 0 2 0 182539 8 40 15 0 0 0 0 0 0 0 0 0 0 0 0 11 5 2 0 0 0 0 0 0 0 0 0 0 0 0 0 22 2 40 54 0 0 0 0 0 0 0 0 0 0 0 0 2 0 0 0
362 GAT 0 0 0 11 0 0 0 0 0 0 0 0 0 0 0 0 0 0 0 0 0 0 0 0 0 0 0 0 0 0 0 0 2 13 2 182614 0 0 0 0 0 0 0 13 0 0 0 0 0 0 0 2 0 0 0 0 0 0 0 0 0 0 0 0
363 GGA 0 0 0 0 0 0 0 0 9 0 0 0 0 0 0 0 0 0 0 0 0 0 0 0 0 0 0 0 0 0 0 0 7 0 0 0 0 0 0 0 182515 18 45 15 0 0 0 0 0 0 0 0 0 0 0 0 4 0 0 0 0 0 0 0
364 TGG 0 0 0 0 0 0 0 0 0 0 1 0 0 0 0 0 0 0 0 0 0 0 0 0 0 0 1 0 0 0 0 0 0 0 0 0 0 0 0 0 0 0 0 0 0 0 0 0 0 0 26 0 0 0 2 0 21 0 182605 0 0 0 3 0
365 TAT 0 0 0 0 0 0 0 0 0 0 0 0 0 0 0 0 0 0 0 19 0 0 0 0 0 0 0 0 0 0 0 0 0 0 0 2 0 0 0 0 0 0 0 0 0 0 0 0 1 7 2 182850 0 0 0 1 0 0 0 11 0 0 0 2
366 GGT 0 0 0 0 0 0 0 0 0 0 0 6 0 0 0 0 0 0 0 0 0 0 0 0 0 0 0 0 0 0 0 0 0 0 0 6 0 0 0 1 15 29 1 182527 0 0 0 3 0 0 0 0 0 0 0 0 0 0 0 4 0 0 0 0
367 TAT 0 0 0 0 0 0 0 0 0 0 0 0 0 0 0 0 0 0 0 15 0 0 0 0 0 0 0 0 0 0 0 0 0 0 0 1 0 0 0 0 0 0 0 0 0 0 0 0 5 14 2 182954 0 0 0 1 0 0 0 13 0 0 0 5
368 CAT 0 0 0 1 0 0 0 0 0 0 2 0 0 0 0 0 1 33 4 182841 0 0 0 2 0 0 0 15 0 0 0 2 0 0 0 2 0 0 0 0 0 0 0 0 0 0 0 0 0 0 0 16 0 0 0 0 0 0 3 1 1 0 0 0
369 CAT 0 0 0 4 0 0 0 0 0 0 0 0 4 0 3 0 5 17 4 182821 0 0 0 1 0 0 0 3 0 0 0 0 0 0 0 0 0 0 0 0 0 0 0 0 0 2 1 0 0 0 0 2 0 0 0 0 0 5 0 0 0 10 0 0
370 CAG 6 0 9 0 0 0 0 0 2 0 0 0 10 0 0 0 21 0 182798 10 0 0 0 0 0 0 38 0 0 2 2 0 3 0 7 0 1 0 0 0 0 0 0 0 1 3 4 5 0 0 10 0 6 1 2 9 0 1 0 9 2 0 0 44
371 AAT 0 17 1 182879 0 0 0 5 0 0 0 7 0 0 0 1 0 0 0 1 0 0 0 0 0 0 0 0 0 0 0 0 0 0 0 12 0 0 0 0 0 0 0 0 0 0 0 0 0 0 0 0 0 0 0 0 0 0 0 0 0 0 0 0
372 GAA 9 0 0 0 0 0 0 0 0 0 0 0 0 0 0 0 0 0 0 0 0 0 0 0 0 0 0 0 0 0 0 0 182855 4 18 0 1 51 6 6 19 0 0 0 3 0 0 0 1 0 0 0 0 7 0 0 0 0 0 0 0 0 0 0
373 CAG 0 0 5 0 0 0 0 0 0 0 0 0 0 0 0 0 28 0 182671 11 0 0 7 0 0 0 39 0 0 0 0 0 0 0 43 0 0 0 0 0 0 0 0 0 0 0 0 0 0 3 17 0 0 0 0 0 0 0 0 0 0 4 0 9
374 GGA 0 0 0 0 0 0 0 0 16 0 0 0 0 0 0 0 0 0 0 0 0 0 0 0 1 0 0 0 0 0 0 0 15 0 0 0 0 0 0 0 182841 2 39 19 0 0 0 0 0 0 0 0 0 0 0 0 4 0 0 0 0 0 0 0
375 TCA 0 0 0 0 5 0 0 0 0 1 0 5 0 0 0 0 0 0 0 0 9 0 0 0 0 0 0 0 0 0 0 0 1 0 0 2 8 0 0 0 0 0 0 0 0 7 0 0 5 0 0 0 182728 1 95 41 2 0 1 0 28 0 0 0
376 GGC 0 0 0 0 0 2 0 0 0 25 0 0 0 0 0 0 0 0 0 0 0 0 0 0 0 0 0 0 0 0 0 0 0 19 0 0 0 10 0 0 15 182661 1 27 0 3 0 0 0 0 0 0 0 0 0 0 0 10 0 0 0 0 0 0
377 TAT 0 0 0 0 0 0 0 0 0 0 0 0 0 0 0 0 0 0 0 15 0 0 0 0 0 0 0 0 0 0 0 0 0 0 0 4 0 0 0 0 0 0 0 0 0 0 0 0 1 7 0 182853 0 0 0 0 0 0 0 4 0 0 0 3
378 GCA 0 0 0 0 33 0 0 0 0 1 0 19 0 0 0 0 0 0 0 0 2 0 0 0 0 0 0 0 0 0 0 0 5 0 0 0 181718 22 29 3 6 0 0 0 123 0 0 6 0 0 0 0 4 0 0 0 0 1 0 1 0 0 0 0
379 GCG 0 0 0 0 0 0 8 0 0 0 0 0 0 0 0 0 0 0 0 0 0 0 0 0 0 1 0 0 0 0 0 0 0 0 1 0 168 8 182430 9 0 0 7 0 0 0 57 0 0 0 0 0 0 0 1 0 0 0 0 0 0 0 0 0
380 GAT 0 0 0 16 0 0 0 0 0 0 0 0 0 0 0 0 0 0 0 0 0 0 0 0 0 0 0 0 0 0 0 0 4 30 0 182765 0 0 0 0 0 0 0 12 0 0 0 1 0 0 0 1 0 0 0 0 0 0 0 0 0 0 0 0
381 CAA 20 0 0 0 0 0 0 0 2 3 0 2 5 0 5 4 188061 0 15 4 0 0 0 0 25 0 0 0 18 2 6 2 0 0 0 0 0 1 9 3 0 0 0 0 1 0 0 9 4 4 0 0 4 0 0 0 0 0 0 0 16 0 5 7
382 AAA 188503 2 27 0 3 3 0 0 20 0 5 0 6 0 13 0 3 0 0 5 0 0 0 0 0 0 8 3 0 3 0 1 12 0 0 1 0 10 2 1 0 4 0 0 10 4 0 7 1 0 0 0 0 0 0 0 0 0 1 0 0 0 6 0
383 AGC 0 42 0 0 0 0 0 0 4 188411 0 51 0 5 0 0 0 0 0 0 0 0 0 0 0 2 0 0 0 0 0 0 0 0 0 0 5 0 0 0 0 42 0 0 0 0 0 0 0 0 0 0 0 1 4 0 0 2 0 0 0 0 0 0
384 ACA 0 0 0 0 188709 24 13 1 2 0 0 0 9 0 0 0 0 0 0 0 0 0 0 0 0 0 0 0 0 0 0 0 0 0 0 0 7 0 0 0 0 0 0 0 0 0 0 0 0 0 0 0 1 0 0 0 0 0 0 0 0 0 0 0
385 CAA 4 0 0 0 0 0 0 0 0 0 0 0 0 0 0 0 188586 2 15 0 2 0 0 0 9 0 0 0 0 0 0 0 2 0 0 0 0 0 0 4 0 0 0 0 0 0 0 0 4 0 0 0 0 2 0 0 0 0 0 0 0 0 0 0
386 AAT 16 13 29 188314 11 0 0 3 135 12 29 24 1 1 17 19 23 5 0 4 0 0 0 0 11 0 2 0 1 0 3 1 0 0 20 8 1 1 1 0 4 0 0 0 1 0 0 0 0 0 0 0 3 0 1 20 0 0 0 0 22 0 14 0
387 GCC 0 0 0 0 0 9 0 0 0 0 0 0 0 0 0 0 0 0 0 0 0 0 0 0 0 0 0 0 0 0 0 0 0 2 0 0 6 187668 10 1 0 0 0 0 0 48 0 0 0 0 0 0 0 3 0 0 0 0 0 0 0 0 0 0
388 ATT 0 0 0 1 0 0 0 5 0 0 0 0 3 59 1 188490 0 0 0 0 0 0 0 0 0 0 0 0 4 0 1 8 0 0 0 0 0 0 0 0 0 0 0 0 6 0 4 18 0 0 0 0 0 0 0 0 0 0 0 0 0 0 2 2
389 AAC 7 188484 0 41 0 6 1 0 0 13 4 0 0 0 0 0 0 0 0 0 0 0 0 0 0 8 5 2 0 0 0 0 1 22 0 1 1 0 0 7 0 0 0 0 0 0 0 0 0 0 0 0 0 2 0 0 0 0 0 0 0 0 0 0
390 GGG 31 0 2 0 2 0 22 12 56 19 129 3 22 73 20 3 0 1 0 0 0 0 0 0 23 49 5 16 65 3 29 28 0 0 15 0 0 5 5 7 57 6 186943 11 0 10 16 9 0 0 0 0 3 136 267 3 0 0 9 3 29 0 19 22
391 ATT 0 0 0 0 0 2 0 2 0 0 0 5 48 17 12 188396 0 0 0 0 0 0 0 0 0 0 0 0 1 0 0 1 0 0 0 0 0 0 0 0 0 0 0 0 0 1 0 62 0 0 0 0 0 0 0 0 0 0 0 0 0 0 0 0
392 ACA 1 10 0 6 188579 6 33 6 1 0 0 0 13 0 0 0 0 0 0 0 0 0 0 0 11 5 1 1 0 0 0 0 0 0 3 0 41 1 0 0 0 0 0 0 0 0 0 0 0 1 0 0 0 3 0 0 0 0 0 0 0 0 0 0
393 AAC 1 188046 2 2 0 42 0 0 0 6 0 0 0 1 0 0 0 0 0 0 0 0 0 0 0 0 0 0 0 0 0 0 0 7 0 0 0 0 0 0 0 0 0 0 0 0 0 0 0 0 0 0 0 0 0 0 0 0 0 0 0 0 0 0
394 AAG 22 0 188554 7 0 0 3 0 0 0 9 0 0 0 3 0 0 0 0 0 0 0 0 0 0 0 0 0 0 0 0 0 0 0 13 0 0 0 0 0 0 0 0 0 0 0 0 0 0 0 1 0 0 0 0 0 0 0 0 0 0 0 0 0
395 GTG 0 0 0 0 0 0 0 0 0 0 0 0 0 2 15 11 0 0 0 0 0 0 0 0 0 0 0 0 0 0 0 0 0 0 0 0 0 0 5 0 0 0 2 0 116 6 188483 39 0 0 0 0 0 0 0 0 0 0 0 0 0 0 1 0
396 AAC 3 188897 1 13 0 1 0 0 0 8 0 0 0 0 0 0 0 1 0 0 0 0 0 0 0 0 0 0 0 0 0 0 0 10 0 0 0 0 0 0 0 0 0 0 0 0 0 0 0 0 0 0 0 0 0 0 0 0 0 0 0 0 0 0
397 TCT 0 3 0 3 0 0 0 1 0 0 0 2 0 0 0 0 2 0 3 2 0 0 0 7 0 0 0 0 0 0 0 0 0 0 0 0 0 0 7 4 0 0 0 0 0 0 0 0 0 0 0 3 8 37 2 188754 0 0 0 2 0 0 0 5
398 GTT 0 0 0 0 0 0 0 0 0 0 0 0 0 0 0 50 0 0 0 0 0 0 0 0 0 0 0 0 0 0 0 0 0 0 0 2 0 0 0 8 0 0 0 4 4 9 3 188707 0 0 0 0 0 0 0 0 0 0 0 0 1 0 0 2
399 ATC 0 2 0 0 0 4 0 0 0 1 0 0 9 188533 0 111 0 0 0 0 0 0 0 0 0 0 0 0 0 4 0 0 0 0 0 0 0 0 0 0 0 0 0 0 0 10 8 1 0 0 0 0 0 0 0 0 0 0 0 0 0 0 0 0
400 GAG 0 0 38 0 0 0 0 0 0 0 0 0 0 0 0 0 0 0 9 0 0 0 0 0 0 0 0 0 0 0 0 0 37 0 188580 10 0 0 2 0 0 0 20 0 0 0 0 0 0 0 1 0 0 0 3 0 0 0 0 0 0 0 0 0
401 AAA 187343 2 10 0 3 0 0 0 20 0 2 0 2 0 0 0 4 0 0 0 0 0 0 0 0 0 2 6 0 0 1 0 12 0 0 0 0 0 0 1 0 0 0 0 0 2 0 0 0 0 0 0 0 0 0 0 0 0 0 0 0 0 0 0
402 ATG 0 0 5 0 0 0 5 0 0 0 1 0 25 1 188577 15 0 0 0 0 0 0 0 0 0 0 0 0 0 0 4 2 0 0 0 0 0 0 0 0 0 0 0 0 0 0 14 0 0 0 0 0 0 0 0 0 0 0 1 0 3 0 3 0
403 AAC 2 188761 1 22 0 1 0 0 0 20 0 0 0 0 0 0 7 1 0 1 0 0 0 0 0 0 0 0 0 0 0 0 0 29 0 0 2 2 0 0 0 0 0 0 0 0 0 0 0 2 0 0 0 4 0 0 0 0 0 0 0 0 0 0
404 ACT 1 11 0 19 2 33 10 188143 0 12 41 7 0 1 0 12 9 0 0 2 0 0 1 3 1 0 6 0 0 6 1 104 0 0 0 0 0 13 0 13 0 1 3 33 1 0 12 0 0 0 0 0 2 31 3 2 0 6 0 0 6 26 9 0
405 CAA 7 0 0 0 0 0 0 0 3 0 0 0 0 0 0 0 188571 4 23 8 4 0 0 0 26 0 13 0 0 0 0 0 1 0 0 0 5 6 3 0 2 0 6 17 0 0 0 0 5 0 0 0 0 0 0 0 0 0 0 1 0 0 0 0
406 TTC 0 0 0 0 0 0 0 0 0 0 0 0 0 0 0 0 0 0 0 0 0 0 0 0 0 0 0 0 0 23 0 0 0 0 0 0 0 0 0 0 2 0 1 0 1 6 0 0 0 4 0 4 0 17 0 0 0 2 0 0 5 188578 0 22
407 ACA 2 0 4 0 188571 2 125 26 0 0 0 0 25 0 0 0 0 0 0 15 2 0 0 0 4 0 0 2 0 0 0 0 0 0 0 0 13 0 0 1 0 0 0 0 0 0 0 0 0 0 0 0 0 0 0 0 0 0 0 0 0 0 0 0
408 GCT 0 0 0 0 3 0 2 38 0 0 0 0 0 0 0 0 8 0 3 0 0 0 0 0 4 0 0 0 2 1 0 14 0 0 0 10 1 23 6 188547 0 3 0 2 0 0 0 7 0 0 0 0 0 0 0 4 0 3 0 0 0 0 0 0
409 GTG 0 2 0 0 3 0 0 0 0 0 0 1 0 0 32 0 0 0 0 0 0 0 0 0 0 0 0 0 0 0 1 0 0 0 0 0 0 0 21 1 0 0 4 8 18 0 188611 10 0 0 0 0 0 0 0 1 0 5 0 0 0 0 8 0
410 GGT 0 0 0 0 0 0 0 0 0 0 0 32 0 0 2 0 0 1 0 31 0 0 0 0 2 0 8 3 0 0 0 0 0 0 0 33 0 9 0 4 17 41 36 186063 0 0 0 7 0 0 0 2 0 0 0 0 0 0 0 6 0 0 0 0
411 AAA 188654 7 45 5 0 0 0 5 11 0 0 0 3 0 0 0 3 0 0 2 0 0 0 0 0 0 0 0 0 0 0 0 9 0 0 0 0 0 0 0 0 11 0 0 0 0 0 0 2 0 0 0 0 0 0 0 0 0 0 0 0 0 0 0
412 GAA 21 1 0 0 26 72 6 0 0 0 11 0 0 12 1 1 9 1 0 0 0 0 0 0 0 0 3 1 0 0 0 7 188369 3 23 0 2 1 10 1 14 0 0 0 1 5 5 11 2 2 0 0 0 1 0 0 0 1 0 0 0 0 2 3
413 TTC 0 0 0 0 0 0 0 0 0 0 0 0 0 4 0 0 0 0 0 0 0 0 0 0 0 0 0 0 0 8 0 0 0 0 0 0 0 0 0 0 0 0 0 0 0 0 0 0 0 0 0 5 0 7 0 0 0 0 8 0 2 188263 1 20
414 AAC 14 188295 0 6 0 5 0 0 0 44 0 7 0 0 0 0 0 0 0 0 0 0 0 0 0 0 0 0 0 0 0 0 0 17 0 0 0 0 0 0 26 2 4 3 0 0 0 0 0 0 0 0 4 17 0 6 0 0 0 0 0 0 0 0
415 AAC 4 188373 0 11 6 1 2 0 0 40 0 4 12 56 0 4 2 1 5 0 1 0 0 0 0 0 0 0 6 1 1 0 0 4 0 0 1 0 0 0 15 6 0 13 4 0 4 0 0 4 0 0 14 24 14 0 0 3 0 0 7 1 12 0
416 TTA 0 0 0 0 0 0 0 0 0 0 0 0 1 0 0 0 0 0 0 0 2 0 0 0 0 2 0 0 8 4 0 30 0 0 0 0 0 0 0 0 0 0 0 0 1 0 0 0 0 5 0 9 4 0 0 0 0 0 0 0 188195 28 22 2
417 GAA 8 0 0 0 0 0 0 0 0 0 0 0 0 0 0 0 0 0 0 0 0 0 0 0 0 0 0 0 0 0 0 0 188572 1 25 1 3 0 0 0 5 0 1 0 2 0 0 0 1 0 0 0 0 0 0 0 0 0 0 0 0 0 0 0
418 AAA 188808 2 22 0 0 0 0 0 8 0 0 0 0 0 0 0 3 0 0 0 0 0 0 0 0 0 0 2 1 0 0 1 6 0 0 0 0 0 0 0 0 0 0 0 0 0 0 0 1 0 0 0 0 0 0 0 0 0 0 0 0 2 0 0
419 AGG 0 0 30 0 0 0 0 0 27 0 186765 1 0 0 12 0 0 0 0 0 0 0 0 0 0 0 6 0 0 0 0 0 0 0 0 0 0 0 0 0 0 0 142 0 0 0 0 0 0 0 0 0 0 0 0 0 0 0 2 0 0 0 0 0
420 ATG 0 0 1 0 0 0 2 0 0 0 1 0 11 0 188168 5 0 0 0 0 0 0 0 0 0 0 0 0 5 0 0 0 0 0 0 0 0 0 0 0 0 0 0 0 0 0 26 0 0 0 0 0 0 0 0 0 0 0 0 0 0 1 6 4
421 GAA 18 0 0 0 0 0 0 0 0 0 0 0 0 0 0 0 0 0 0 0 0 0 0 0 0 0 0 0 0 0 0 0 167509 8 18 4 2 0 0 0 38 0 0 0 0 0 0 0 3 0 0 1 0 0 0 0 0 0 0 0 0 0 0 0
422 AAT 0 7 0 188149 0 0 0 1 0 0 0 17 0 0 0 5 0 0 0 5 0 0 0 0 0 0 0 0 0 0 0 0 0 0 0 2 0 0 0 0 0 0 0 0 0 0 0 0 0 0 0 2 0 0 0 0 0 0 0 0 0 0 0 0
423 TTA 0 0 0 0 0 0 0 0 0 0 0 0 1 2 0 0 0 0 0 0 0 0 0 0 0 0 0 0 12 0 0 0 0 0 0 0 0 0 0 0 0 0 0 0 1 0 3 0 1 0 0 0 6 0 0 0 2 0 0 0 188522 2 42 0
424 AAT 0 16 3 186116 0 0 0 2 0 0 0 2 1 0 0 0 0 0 0 2 0 0 0 0 0 0 0 0 0 0 0 0 0 0 0 6 0 0 0 0 0 0 0 0 0 0 0 0 0 0 0 1 0 0 0 0 0 0 0 0 0 0 0 0
425 AAA 186612 4 12 1 2 0 0 0 13 0 0 0 0 0 0 0 4 0 0 1 0 0 0 0 1 11 0 0 0 1 0 0 5 0 0 0 0 0 0 0 0 0 0 0 0 2 0 0 0 0 0 0 0 0 0 0 0 0 0 0 0 0 0 0
426 AAA 186519 0 288 5 2 0 0 0 22 0 0 2 0 0 0 0 1 0 0 0 0 0 0 0 0 0 0 0 0 0 0 0 10 0 0 0 0 0 0 0 0 0 0 0 0 0 0 0 1 0 0 0 0 0 0 0 0 0 0 0 0 0 0 0
427 GTT 5 0 0 0 0 0 0 0 0 0 0 69 0 0 24 15 0 0 0 0 0 0 0 0 0 0 0 0 0 0 0 0 0 0 0 0 0 0 0 4 0 0 0 0 6 17 0 180862 0 0 0 0 0 0 0 0 2 0 0 0 0 0 162 2
428 GAT 5 0 0 9 0 0 0 0 0 0 0 0 0 0 166 0 0 0 0 1 0 0 0 0 0 0 0 0 0 0 0 0 4 3 0 182240 0 0 0 0 0 0 0 17 0 0 0 4 0 0 0 1 0 0 0 0 73 0 0 0 0 0 0 0
429 GAT 0 0 0 15 0 0 0 0 0 0 0 0 0 0 163 0 0 0 0 0 0 0 0 0 0 0 0 0 0 0 0 0 1 12 0 184292 0 0 0 0 0 0 0 26 0 0 0 7 0 0 0 3 0 0 0 0 72 0 2 0 0 0 0 0
430 GGG 0 0 0 0 0 0 0 0 0 0 7 0 0 0 0 0 0 0 0 0 0 0 0 0 0 0 0 0 0 0 0 0 0 0 15 0 0 0 0 0 33 0 136759 6 0 0 5 0 0 0 0 0 0 0 0 0 0 0 3 0 0 0 0 0
431 TTT 0 0 0 0 0 0 0 0 0 0 0 0 0 0 0 0 0 0 0 0 0 0 0 0 0 0 0 0 0 0 1 9 0 0 0 0 0 0 0 0 0 0 0 0 0 0 0 4 0 0 0 1 0 0 0 1 0 0 0 1 1 14 4 163234
432 CTG 0 0 0 0 0 0 0 0 0 0 0 0 0 0 2 0 0 0 0 0 0 0 22 0 0 0 0 0 10 2 107947 2 0 0 0 0 0 0 0 0 0 0 0 0 0 0 0 0 0 2 0 0 0 0 0 0 0 0 0 0 0 1 24 0
433 GAC 0 10 0 0 0 0 0 0 0 0 0 0 0 0 0 0 0 1 0 0 0 0 0 0 0 0 0 0 0 0 0 0 4 139758 9 21 0 3 0 0 0 11 0 0 0 0 0 0 0 1 0 0 0 0 0 0 0 0 0 0 0 0 0 0
434 ATT 0 0 0 2 0 0 0 9 0 0 0 0 0 10 1 170433 0 0 0 0 0 0 0 0 0 0 0 0 0 0 3 9 0 0 0 0 0 0 0 0 0 0 0 0 0 0 0 14 0 0 0 0 0 0 0 0 0 0 0 0 0 0 0 2
435 TGG 0 0 0 0 0 0 0 0 0 0 1 0 0 0 0 0 0 0 0 0 0 0 0 0 0 0 11 0 0 0 0 0 0 0 0 0 0 0 0 0 0 0 0 0 0 0 0 0 0 0 3 0 0 0 0 0 14 0 146709 0 0 0 3 0
436 ACA 2 0 0 0 160773 2 4 3 2 0 0 0 5 0 0 0 0 0 0 0 0 0 0 0 0 0 0 0 0 0 0 0 0 0 0 0 20 0 0 0 0 0 0 0 0 0 0 0 0 0 0 0 2 0 0 0 0 0 0 0 0 0 0 0
437 TAT 0 0 0 1 0 0 0 0 0 0 0 0 0 0 0 0 0 0 0 14 0 0 0 0 0 0 0 0 0 0 0 0 0 0 0 0 0 0 0 0 0 0 0 0 0 0 0 0 2 10 2 168460 0 0 0 1 0 0 0 15 0 0 0 1
438 AAT 1 28 3 185659 0 0 0 3 0 0 0 6 0 0 0 1 0 0 0 0 0 0 0 0 0 0 0 0 0 0 0 0 0 0 0 23 0 0 0 0 0 0 0 0 0 0 0 0 0 0 0 3 0 0 0 4 0 0 0 0 0 0 0 0
439 GCA 0 0 0 0 26 0 0 0 0 0 0 0 0 0 0 0 0 0 0 0 1 0 0 0 0 0 0 0 0 0 0 0 2 0 0 0 183429 1 12 12 1 0 0 0 30 0 0 0 0 0 0 0 3 0 0 0 0 0 0 0 0 0 0 0
440 GAA 14 0 0 0 0 0 0 0 0 0 0 0 0 0 0 0 0 0 0 0 0 0 0 0 0 0 0 0 0 0 0 0 186305 5 33 0 1 0 0 0 8 0 0 0 0 0 0 0 0 0 0 0 0 0 0 0 0 0 0 0 0 0 0 0
441 TTG 0 0 0 0 0 0 0 0 0 0 0 0 5 0 3 0 0 0 0 0 0 0 0 0 0 0 0 0 0 0 4 2 0 0 0 0 0 0 0 0 0 0 0 0 0 0 5 0 0 0 0 0 0 1 4 0 0 0 0 0 13 2 188114 2
442 TTA 0 0 0 0 0 0 0 0 0 0 0 0 0 0 0 2 0 0 0 0 0 0 0 0 0 0 0 0 11 0 0 0 0 0 0 0 0 0 0 0 0 0 0 0 3 0 0 0 1 0 0 0 10 0 0 0 0 0 0 0 187600 0 25 0
443 GTT 0 0 0 0 0 0 0 0 0 0 0 0 0 0 0 18 0 0 0 0 0 0 0 0 0 0 0 0 0 0 0 0 0 0 0 1 0 0 0 10 0 0 0 5 4 39 1 187242 0 0 0 0 0 0 0 0 0 0 0 0 0 0 0 5
444 CTA 0 0 0 0 0 0 0 0 0 0 0 0 5 0 0 0 2 0 0 0 16 0 0 0 1 0 0 0 187182 0 69 0 0 0 0 0 0 0 0 0 0 0 0 0 0 0 0 0 0 0 0 0 0 0 0 0 0 0 0 0 13 0 0 0
445 CTG 0 0 0 0 0 0 0 0 0 0 0 0 0 0 8 0 0 0 3 0 0 0 39 0 0 0 2 0 23 2 186320 8 0 0 0 0 0 0 0 0 0 0 0 0 0 0 0 0 0 0 0 0 0 0 0 0 0 0 0 0 10 0 7 0
446 GAA 8 0 0 0 0 0 0 0 0 0 0 0 0 0 0 0 0 0 0 0 0 0 0 0 0 0 0 0 0 0 0 0 188253 0 15 0 0 0 0 0 17 0 0 0 0 0 0 0 2 0 0 0 0 0 0 0 0 0 0 0 0 0 0 0
447 AAT 6 9 1 188781 0 0 0 1 0 0 0 6 0 0 0 1 0 0 0 0 0 0 0 0 0 0 0 0 0 0 0 0 0 0 0 6 0 0 0 0 0 0 0 0 0 0 0 0 0 0 0 3 0 0 0 0 0 0 0 0 0 0 0 0
448 GAA 31 0 0 0 0 0 0 0 0 0 0 0 0 0 0 0 0 0 0 0 0 0 0 0 0 0 0 0 0 0 0 0 188438 5 12 2 1 0 0 0 17 0 0 0 2 0 0 0 3 0 0 0 0 0 0 0 0 0 0 0 0 0 0 0
449 AGG 0 0 26 0 0 0 1 0 69 0 188057 1 0 0 7 0 0 0 0 0 0 0 0 0 1 1 55 0 0 0 0 0 0 0 0 0 0 0 0 0 0 0 40 0 0 0 0 0 0 0 0 0 0 0 0 0 0 0 2 0 0 0 0 0
450 ACT 0 0 0 1 1 20 7 188589 0 0 0 0 0 0 0 7 0 0 0 0 0 0 0 3 0 0 0 0 0 0 0 0 0 0 0 0 0 0 0 13 0 0 0 0 0 0 0 0 0 0 0 0 0 0 0 0 0 0 0 0 0 0 0 0
451 TTG 0 0 0 0 0 0 0 0 0 0 0 0 0 0 1 0 0 0 0 0 0 0 0 0 0 0 0 0 0 0 15 8 0 0 0 0 0 0 0 0 0 0 0 0 0 0 0 0 0 0 2 0 0 0 11 0 0 0 1 0 19 0 188566 5
452 GAT 0 0 0 15 0 0 0 0 0 0 0 0 0 0 0 0 0 0 0 0 0 0 0 0 0 0 0 0 0 0 0 0 5 7 1 188008 0 0 0 0 0 0 0 16 0 0 0 4 0 0 0 3 0 0 0 1 0 0 0 0 0 0 0 0
453 TTC 0 0 0 0 0 0 0 0 0 0 0 0 0 5 0 0 0 0 0 0 0 0 0 0 0 0 0 0 0 9 0 0 0 0 0 0 0 0 0 0 0 0 0 0 0 2 0 0 0 2 0 0 0 11 0 0 0 0 0 0 1 188044 0 13
454 CAT 0 0 0 12 0 0 0 0 0 0 0 0 0 0 0 0 3 10 1 188386 0 0 0 0 0 0 0 26 0 0 0 2 0 0 0 0 0 0 0 0 0 0 0 0 0 0 0 0 0 0 0 6 0 0 0 0 0 0 0 0 0 0 0 0
455 GAC 0 9 0 0 0 0 0 0 0 0 0 0 0 0 0 0 0 0 0 0 0 0 0 0 0 0 0 0 0 0 0 0 26 188673 4 17 0 1 0 0 0 17 2 0 0 0 0 0 0 3 0 0 0 0 0 0 0 0 0 0 0 0 0 0
456 TTA 0 0 0 0 2 0 0 0 0 0 0 0 0 3 0 0 0 0 0 0 0 0 0 0 0 0 0 1 16 0 6 0 3 3 1 6 0 0 0 0 0 0 2 0 6 0 0 0 0 0 0 0 27 0 0 0 0 0 0 0 188040 1 37 1
457 AAT 3 12 3 188399 0 1 0 4 0 0 0 6 0 0 0 0 0 0 0 0 0 0 0 0 0 0 0 0 0 0 0 0 0 0 0 13 0 0 0 0 0 0 0 0 0 0 0 0 0 0 0 1 0 0 0 0 0 0 0 0 0 0 0 0
458 GTG 0 0 0 0 0 0 0 0 0 0 0 0 2 0 18 4 0 0 0 0 0 0 0 0 0 0 0 0 0 0 0 0 0 0 1 0 0 0 13 0 0 0 0 0 25 0 188330 7 0 0 0 0 0 0 0 0 0 0 0 0 0 0 1 0
459 AAG 14 1 188488 4 0 0 0 0 0 0 23 0 0 0 2 0 0 0 1 0 0 0 0 0 0 0 0 0 0 0 0 0 0 0 25 0 0 0 1 0 0 4 0 0 0 0 0 0 0 0 1 0 0 0 0 0 0 0 0 0 0 0 0 0
460 AAT 7 10 2 188441 3 0 0 3 0 0 0 15 0 0 1 1 3 0 0 0 0 0 0 0 0 0 0 0 0 0 0 0 0 0 0 9 7 0 0 6 0 0 0 0 0 0 0 0 0 0 0 0 0 0 0 0 0 0 0 0 0 0 0 0
461 CTG 0 0 0 0 0 0 0 0 0 0 0 0 8 0 9 0 0 0 0 0 0 0 9 0 0 0 1 0 23 0 188626 5 0 0 0 0 0 0 0 0 0 0 0 0 0 0 0 0 0 0 0 0 0 0 0 0 0 0 0 0 0 0 7 0
462 TAC 0 0 0 0 0 0 0 0 0 0 0 0 0 0 0 0 0 14 0 0 0 0 0 0 0 0 0 0 0 0 0 0 0 1 0 0 0 0 0 0 0 0 0 0 0 0 0 0 5 188667 2 40 0 0 0 0 0 11 0 0 0 0 0 0
463 GAG 0 3 17 0 2 0 1 0 0 0 0 1 0 0 0 0 0 0 0 0 0 0 0 0 0 0 0 0 0 0 0 0 29 0 188468 30 4 0 1 0 0 0 13 1 0 0 2 0 0 0 3 0 0 0 0 0 0 0 0 0 0 0 0 0
464 AAA 188804 3 45 9 3 0 0 0 11 0 0 5 0 0 0 0 3 0 0 0 0 0 0 0 0 0 0 6 0 0 0 0 15 0 0 0 0 0 0 0 0 4 0 0 0 0 0 0 2 0 0 0 0 0 0 3 0 0 0 0 0 0 0 0
465 GTA 0 0 0 0 1 0 0 0 0 0 0 0 27 0 0 0 0 0 0 0 0 0 0 0 0 0 0 0 0 0 0 0 0 0 0 0 12 0 0 0 1 0 0 0 188560 0 81 3 0 0 0 0 0 0 1 0 0 0 0 0 0 0 0 0
466 AAA 188551 7 37 0 2 0 0 0 9 0 0 0 1 0 0 0 1 0 0 0 0 0 0 0 1 0 0 0 0 0 0 0 5 0 0 0 0 0 0 4 0 4 0 3 0 0 0 0 1 0 0 0 0 0 4 0 0 0 0 0 0 0 0 0
467 AGC 0 95 3 0 0 0 0 0 3 188217 4 37 0 3 0 0 0 0 0 0 0 0 0 0 8 3 0 0 0 1 0 0 0 0 0 0 0 0 22 2 7 36 2 0 3 0 0 0 0 0 0 0 9 0 1 0 0 0 0 0 0 0 1 0
468 CAA 13 0 0 0 5 0 1 37 0 1 1 0 0 0 24 2 188655 1 6 1 0 0 0 0 8 0 2 8 2 0 0 0 0 0 0 0 0 0 0 0 0 0 0 1 0 10 2 0 1 0 0 0 1 0 6 2 0 0 0 0 0 0 0 0
469 TTA 0 0 0 0 0 0 0 0 0 0 0 0 6 0 0 0 0 0 0 0 0 0 0 0 0 0 0 0 25 8 0 0 0 0 0 0 0 0 0 0 0 0 0 0 5 0 0 0 1 0 0 0 2 0 0 0 0 0 0 0 188705 1 11 1
470 AAG 14 0 188412 1 0 0 2 0 0 0 34 3 0 0 4 0 49 0 3 0 0 0 0 0 0 0 0 0 0 0 0 0 0 0 12 0 0 0 10 0 0 0 0 0 0 0 0 1 0 0 0 0 0 0 0 0 0 0 1 0 1 0 0 3
471 AAT 3 35 0 188576 0 0 2 3 0 0 0 14 0 0 0 1 0 0 0 0 0 0 0 0 0 0 0 0 0 0 0 0 0 0 4 7 0 0 0 0 0 0 2 0 0 0 0 0 0 0 0 0 0 0 3 0 0 0 23 0 0 0 0 0
472 AAT 2 8 0 188440 0 0 0 0 0 0 0 25 0 0 0 0 0 0 0 0 0 0 0 0 0 0 0 0 0 0 0 0 0 0 0 20 0 0 0 0 0 0 0 0 0 0 0 0 0 0 0 0 0 0 0 0 0 0 0 0 0 0 0 0
473 GCC 0 0 0 0 0 33 0 0 0 0 0 0 0 0 0 0 0 0 0 0 0 0 0 0 0 0 0 0 0 0 0 0 0 0 0 0 17 188329 0 11 0 1 1 0 0 7 0 0 0 0 0 0 0 4 0 0 0 0 0 0 0 0 0 0
474 AAA 178667 9 32 10 1 0 0 0 15 0 0 0 0 39 0 4 3 5 1 2 0 0 0 0 0 0 1 10 0 13 0 14 9460 0 1 2 0 2 0 25 0 0 0 0 0 0 5 0 0 22 0 3 0 0 0 0 0 0 0 1 42 11 0 11
475 GAA 15 0 0 0 0 0 0 0 0 0 0 0 0 1 0 0 11 0 0 0 0 0 0 0 0 0 0 0 0 0 0 0 188266 3 13 1 1 0 0 2 10 0 0 0 0 0 0 0 2 0 0 0 0 0 1 0 0 0 0 0 0 0 0 0
476 ATC 0 5 0 1 0 16 0 0 10 4 0 0 17 172125 2 41 0 0 0 0 0 0 0 0 12 0 0 0 0 10 27 0 0 0 0 0 0 0 0 2 0 0 0 0 3 18 0 2 0 0 0 0 0 0 0 0 0 0 1 0 31 1 0 0
477 GGA 0 0 0 0 0 0 0 0 27 0 0 0 0 0 0 0 0 0 0 0 0 0 0 0 0 0 0 0 0 0 0 0 10 0 0 0 0 0 0 0 172321 4 22 0 0 0 0 0 0 1 0 0 0 0 0 0 0 0 0 0 0 0 0 0
478 AAT 2 13 0 169705 0 0 0 2 0 0 0 5 0 0 0 1 0 0 0 3 0 0 0 0 0 0 0 0 0 0 0 0 0 0 0 8 0 0 0 0 0 0 0 0 0 0 0 0 0 0 0 1 0 0 0 0 0 0 0 0 0 0 0 0
479 GGG 0 0 0 0 0 0 0 0 0 0 17 0 0 0 0 0 0 0 0 0 0 0 0 0 0 1 0 0 0 1 0 0 0 0 3 0 0 0 1 0 25 0 172391 2 0 0 2 0 0 0 0 0 0 0 0 0 0 0 1 0 0 0 0 0
480 TGT 0 0 0 0 0 0 0 0 0 0 0 1 0 0 0 0 0 0 0 0 0 0 0 0 0 0 0 1 0 0 0 0 0 0 0 0 0 0 0 0 0 0 0 1 0 0 0 0 0 0 0 21 0 0 0 0 0 34 8 171637 0 0 0 0
481 TTT 0 0 0 0 0 0 0 0 0 0 0 0 0 0 0 0 0 0 0 0 0 0 0 1 0 0 0 0 0 0 0 12 0 0 0 0 0 0 0 0 0 0 0 0 0 0 0 4 0 0 0 3 0 0 0 5 0 0 0 2 0 13 3 172350
482 GAG 0 0 34 0 0 0 0 0 0 0 0 0 0 0 0 0 0 0 0 0 0 0 0 0 0 0 1 0 0 0 0 3 26 12 172321 40 0 0 1 0 0 8 21 0 0 0 2 1 0 0 1 0 0 0 1 0 0 0 0 0 0 0 0 0
483 TTC 0 0 0 0 0 0 0 0 0 0 0 0 0 2 0 0 0 0 0 0 0 0 0 0 0 0 0 0 0 7 0 0 0 0 0 0 0 0 0 0 0 0 0 0 0 3 0 0 0 1 0 0 0 5 0 0 0 0 0 0 0 172404 3 19
484 TAC 0 4 0 0 0 0 0 0 0 0 0 0 0 0 0 0 0 33 0 0 0 0 0 0 0 0 0 0 1 0 3 0 0 1 0 0 0 0 0 0 0 0 0 0 0 0 0 0 0 171921 0 26 0 0 0 0 0 21 6 0 0 0 1 3
485 CAC 0 3 0 0 0 0 0 0 0 0 0 0 0 0 0 0 1 172228 5 19 0 1 0 0 0 1 0 0 0 1 0 0 0 1 0 0 0 0 0 0 0 0 0 0 0 0 0 0 0 5 0 0 0 0 0 0 0 0 0 0 0 0 0 0
486 AAG 24 0 172179 6 0 0 3 0 0 2 26 0 0 0 1 0 2 0 7 0 0 0 0 0 0 0 0 0 0 1 0 0 3 0 11 0 1 0 2 0 0 0 0 0 0 0 0 1 0 0 0 0 2 1 0 6 0 0 0 0 1 0 2 0
487 TGT 0 0 0 0 0 0 0 0 0 0 0 1 0 0 0 0 0 0 0 0 0 0 0 0 0 0 0 10 0 0 0 0 0 0 0 0 0 0 0 0 0 0 0 3 0 0 0 0 0 0 0 16 0 0 0 0 0 6 1 172597 0 0 0 0
488 GAC 0 22 0 0 0 0 0 0 0 0 0 5 0 0 0 0 0 0 0 0 0 0 0 1 0 0 0 0 0 0 0 0 5 172395 1 24 0 0 0 0 0 37 0 0 0 0 0 0 0 1 0 0 0 0 0 0 0 0 0 0 0 0 0 0
489 AAT 1 10 1 172553 0 0 0 1 0 0 0 5 0 0 0 2 0 0 0 1 0 0 0 0 0 0 0 0 0 0 0 0 0 3 0 18 0 0 0 0 0 0 0 0 0 0 0 0 0 0 0 0 0 0 0 0 0 0 0 0 0 0 0 0
490 GAA 23 0 0 0 6 0 0 0 31 0 3 7 0 0 1 6 1 2 0 0 0 0 0 0 0 0 0 8 0 0 0 0 171877 5 25 2 0 3 0 0 54 0 18 0 3 0 0 2 5 0 0 0 8 0 25 0 0 1 1 0 0 0 3 0
491 TGC 0 0 0 0 0 0 0 0 0 6 0 0 0 0 0 0 0 0 0 0 0 0 0 0 0 9 0 0 0 0 0 0 0 0 0 0 0 0 0 0 0 1 0 0 0 0 0 0 0 17 0 0 0 0 0 0 2 172178 1 38 0 5 0 0
492 ATG 0 0 1 0 0 0 8 0 0 0 1 0 42 2 171234 8 0 0 0 0 0 0 0 0 0 0 0 0 0 0 2 0 0 0 0 0 0 0 0 0 0 0 0 0 0 0 7 0 0 0 0 0 0 0 0 0 0 0 0 0 0 0 0 0
493 GAA 39 0 0 23 0 2 2 0 4 0 0 1 0 0 4 1 0 2 0 0 0 0 0 0 1 0 0 0 0 0 0 0 171910 7 24 2 7 0 0 4 44 1 1 0 3 0 0 0 1 0 0 0 9 20 1 0 0 0 0 0 0 0 0 1
494 AGT 0 0 0 30 1 0 0 0 0 11 2 172466 0 0 0 2 0 0 6 3 0 0 0 0 1 0 0 5 0 0 0 0 1 0 0 1 2 0 1 1 0 0 0 14 0 0 0 0 0 0 0 0 0 1 0 1 0 0 0 1 0 0 0 0
495 GTA 0 0 0 0 0 0 0 0 0 0 0 0 34 0 0 0 0 0 0 0 0 0 0 0 0 0 0 0 0 0 0 0 0 0 0 0 8 0 0 0 0 0 0 0 172190 1 69 9 0 0 0 0 0 0 0 0 0 0 0 0 1 0 0 0
496 AGA 20 0 0 0 0 0 0 0 172360 0 9 2 3 0 0 0 0 0 0 0 0 0 0 0 3 1 0 1 0 0 0 0 0 0 0 0 0 0 0 0 9 0 0 0 0 0 0 0 0 0 0 0 0 0 0 0 0 0 0 0 0 0 0 0
497 AAT 8 7 0 171873 24 8 4 5 0 73 0 33 2 5 28 1 116 0 21 17 0 0 0 0 2 1 4 6 1 1 0 6 0 0 0 27 34 0 0 0 1 0 0 22 11 18 5 18 0 0 0 0 1 0 140 16 0 0 0 0 0 0 0 39
498 GGG 0 0 0 0 0 0 0 0 0 1 26 0 0 0 0 0 0 0 0 2 0 0 0 0 0 0 0 0 0 0 0 0 0 0 25 0 0 6 0 2 17 4 172319 2 0 0 7 0 0 0 0 0 0 0 0 0 0 0 6 0 0 0 0 0
499 ACT 21 1 0 27 0 12 7 172073 15 0 0 7 0 0 24 18 0 0 0 0 0 0 0 0 0 1 0 7 5 0 3 4 0 17 0 0 0 0 8 36 0 0 0 0 33 0 1 0 0 0 0 21 0 1 0 7 0 0 0 0 7 0 5 0
500 TAT 0 0 0 0 0 0 0 0 0 0 0 0 0 0 0 0 0 0 0 17 0 0 0 0 0 0 0 0 0 0 0 0 0 0 0 0 0 0 0 0 0 0 0 0 0 0 0 0 1 14 1 172610 0 0 0 0 0 0 0 9 0 0 0 1
501 GAT 11 0 0 52 0 0 0 1 0 0 0 9 0 0 0 0 0 0 0 9 3 6 0 0 0 0 0 0 0 0 0 1 4 9 1 171656 0 0 0 11 0 0 0 11 0 0 0 6 0 0 0 11 0 0 0 0 0 1 0 0 1 1 0 0
502 TAT 0 0 0 3 0 0 0 0 1 0 0 0 0 0 0 0 0 3 0 22 0 0 0 0 0 0 0 0 8 0 1 0 0 0 0 0 1 0 9 0 0 0 6 1 0 0 0 0 0 24 2 172293 0 1 0 1 0 0 1 17 0 0 0 1
503 CCA 0 0 0 0 1 4 0 0 2 0 0 0 3 0 12 0 5 0 0 0 171970 15 10 2 0 2 0 8 4 0 0 0 0 0 0 2 0 0 0 1 0 0 1 0 0 0 1 0 0 0 0 0 10 0 0 0 0 0 0 0 2 0 0 0
504 AAA 172113 0 9 5 8 0 0 8 8 0 6 0 0 0 2 0 0 3 0 9 0 0 0 0 0 0 0 0 17 3 0 0 4 0 0 0 0 0 6 3 0 0 0 0 0 0 0 0 0 0 0 6 0 2 2 2 0 0 0 0 29 0 5 1
505 TAT 0 0 0 2 0 0 0 0 0 0 0 0 0 0 0 0 0 0 0 16 0 0 0 0 0 0 0 0 0 0 0 0 0 0 0 0 0 0 0 0 0 0 0 0 0 0 0 0 2 6 0 172306 0 0 0 1 0 0 1 8 0 0 0 1
506 TCA 0 0 7 0 4 5 0 0 0 0 2 0 1 0 0 0 0 0 0 11 6 0 0 0 0 0 0 0 2 0 2 0 3 0 0 0 0 0 0 0 1 0 2 0 0 0 0 3 0 0 0 0 172063 6 74 3 1 0 42 0 14 0 2 0
507 GAA 62 0 0 0 0 0 1 0 0 0 0 1 4 1 0 0 0 0 0 0 3 0 0 0 0 0 0 0 0 21 4 0 172239 6 13 1 1 0 0 0 14 0 1 0 2 0 4 0 5 4 0 0 0 0 0 0 0 0 0 0 7 0 0 0
508 GAA 13 0 0 0 0 0 0 0 0 0 0 0 0 0 1 3 0 0 0 0 0 0 0 0 0 0 0 0 3 1 9 0 172071 3 12 0 1 1 0 0 11 0 0 0 5 26 29 3 5 0 0 0 0 6 1 0 0 0 0 0 0 1 0 0
509 TCA 0 0 0 0 3 0 0 1 0 1 0 0 77 5 0 26 0 0 0 0 3 0 0 0 0 0 0 0 0 0 0 4 0 0 0 0 8 0 23 0 0 0 0 0 11 0 0 1 2 0 0 0 172371 4 33 19 1 0 0 0 5 0 0 0
510 AAG 42 1 171877 7 0 0 5 0 0 5 51 0 2 0 3 3 0 0 0 0 0 0 0 0 1 0 7 0 11 0 0 9 0 0 2 0 0 20 18 0 0 0 4 0 0 0 0 0 0 0 0 1 1 0 0 5 0 0 20 1 0 130 3 7
511 TTG 0 0 0 0 0 0 0 2 0 0 0 3 0 0 25 0 0 0 0 0 0 0 1 0 0 0 0 0 0 0 17 0 0 0 0 0 0 0 0 0 0 0 0 0 0 0 4 0 0 0 2 0 0 0 7 0 0 0 0 2 30 0 172150 2
512 AAC 24 171812 11 16 0 1 0 1 0 43 1 1 0 4 32 0 2 1 0 0 0 0 0 0 1 0 0 0 2 0 0 1 0 14 0 0 0 2 0 0 0 1 0 1 0 18 5 10 0 5 0 0 6 3 1 0 0 0 0 0 0 3 3 0
513 AGG 0 0 24 2 1 1 0 0 31 0 152979 6 0 0 10 0 2 0 4 0 0 0 0 0 4 0 21 5 1 0 0 0 0 0 0 0 0 0 2 4 0 0 44 0 0 1 1 1 0 0 0 0 0 0 0 0 0 0 8 0 0 1 2 7
514 GAA 14 0 0 0 0 3 0 0 0 0 0 0 0 0 2 0 6 0 0 0 0 0 0 0 0 0 0 0 0 0 0 2 172053 7 25 0 1 0 0 1 42 1 0 0 5 0 0 0 2 0 0 0 0 0 3 0 0 0 0 0 0 0 0 3
515 AAG 23 0 171947 8 5 0 20 0 0 15 61 1 0 0 3 0 1 0 1 0 0 4 0 0 0 1 4 0 0 0 0 0 0 0 51 0 0 0 0 0 3 0 15 2 0 1 19 79 0 0 0 0 0 9 0 1 0 0 0 0 14 0 1 11
516 ATA 1 0 0 0 4 0 0 0 0 0 0 0 172017 31 31 3 0 0 0 0 0 0 0 0 0 0 0 0 1 0 0 0 0 0 0 0 0 0 0 0 0 0 0 0 15 0 0 0 0 0 0 0 0 0 0 0 0 0 0 0 4 0 0 0
517 GAT 8 0 0 34 3 0 2 0 1 5 3 0 0 0 0 3 0 0 37 7 0 0 1 0 8 0 1 0 2 0 2 0 5 9 8 171950 3 0 1 8 9 0 0 13 5 2 0 1 0 0 0 10 1 3 0 20 0 0 1 0 5 0 4 0
518 GGA 1 8 2 0 2 0 5 2 63 0 0 100 0 14 0 0 3 0 0 4 3 1 0 3 1 0 0 17 0 0 12 0 18 1 0 0 25 1 0 0 171220 5 47 7 5 4 33 12 0 0 0 0 1 0 0 4 3 0 1 0 21 11 1 0
519 GTG 0 0 0 0 2 2 1 1 0 0 0 0 3 0 20 0 0 0 0 0 0 0 0 0 0 0 0 0 2 0 2 0 0 0 0 0 0 0 10 0 0 0 5 0 22 0 171660 3 0 0 0 0 0 0 0 0 0 0 0 0 4 0 4 0
520 AAA 171987 14 12 12 1 0 0 0 2 0 0 8 0 0 0 0 2 0 0 0 0 0 0 0 1 0 3 0 0 0 0 0 13 0 0 0 0 0 0 0 0 0 0 0 0 0 1 3 2 0 0 0 3 1 3 0 0 0 0 0 0 0 0 0
521 TTG 0 0 0 0 0 0 0 0 0 0 0 0 3 0 4 1 0 0 0 0 0 0 0 0 0 0 0 0 0 7 7 4 0 0 0 0 0 0 0 0 0 0 1 0 0 0 1 1 0 0 5 1 0 0 9 0 0 0 11 0 13 0 171079 10
522 GAA 19 0 0 9 1 1 4 0 0 0 0 1 0 0 0 0 1 0 0 0 0 0 0 0 0 0 0 0 0 0 0 0 170972 3 24 6 2 1 0 0 24 0 3 0 4 0 0 0 1 0 0 0 0 0 0 0 0 0 0 0 0 0 0 0
523 TCA 0 0 6 2 5 0 1 0 0 0 0 3 0 2 0 0 9 0 0 0 26 1 0 1 0 28 0 0 1 0 3 2 0 0 0 13 0 35 0 0 0 0 0 0 0 0 1 0 2 0 0 0 170036 4 6 0 3 0 1 0 8 0 27 0
524 ATG 0 0 1 0 2 0 4 0 0 10 5 1 10 2 111096 12 6 0 1 0 0 0 0 0 0 0 0 0 0 0 4 0 0 0 0 0 0 0 0 0 0 1 0 0 0 0 1 13 0 0 0 0 0 0 0 0 0 0 0 0 0 0 1 0
525 GGG 0 0 0 0 0 0 0 0 0 0 6 0 0 0 0 0 0 0 0 0 0 0 0 0 0 0 0 0 0 0 0 0 0 0 8 3 0 0 0 0 13 0 113082 10 0 0 1 0 0 0 0 0 0 0 0 0 0 0 4 0 0 0 0 0
526 GTG 0 0 0 0 0 0 0 0 0 0 0 3 1 0 27 0 0 3 0 0 0 0 0 0 0 0 0 0 0 0 2 0 0 0 3 0 0 3 8 3 0 1 0 1 40 1 121949 4 0 0 0 0 0 1 1 0 0 0 1 0 12 0 5 1
527 TAT 0 0 0 1 0 0 0 0 0 0 0 0 0 0 3 1 0 0 0 24 0 0 0 0 0 0 0 0 1 0 0 0 0 0 1 3 0 0 0 0 1 0 0 0 0 0 0 0 1 12 0 106135 0 0 0 1 0 0 1 10 0 0 0 0
528 CAG 0 3 2 3 0 0 0 0 0 0 0 0 1 0 0 0 6 13 123489 6 1 0 2 0 0 0 55 0 0 0 4 0 0 0 0 0 0 0 0 0 0 0 23 0 0 0 0 0 0 0 2 0 0 4 0 0 0 0 0 0 0 0 0 0
529 ATT 0 0 0 2 0 0 0 6 0 1 0 1 3 2 0 136907 3 0 0 0 0 0 0 0 0 0 0 0 0 0 0 3 0 0 0 0 0 1 0 0 0 0 0 0 0 0 0 10 0 0 0 0 0 0 0 0 0 0 0 0 0 0 0 1
530 CTG 0 0 0 0 0 0 0 0 0 0 0 0 0 0 2 0 0 0 1 0 0 0 13 0 0 0 0 0 6 4 148429 0 0 0 0 0 0 0 0 0 0 0 0 0 0 0 0 0 0 0 0 0 0 0 0 0 0 0 0 0 0 0 7 0
531 GCG 0 0 0 0 0 0 3 0 0 0 0 0 0 0 0 0 0 0 0 0 0 0 0 0 0 0 0 0 0 0 0 0 0 0 1 0 7 0 151297 3 0 0 1 1 0 0 33 0 0 0 0 0 0 0 0 1 0 0 0 0 0 0 0 0
532 ATC 0 1 0 0 0 19 0 0 0 1 0 0 6 156089 1 8 0 0 0 0 0 0 0 0 0 0 0 0 0 1 0 0 0 0 0 0 0 0 0 0 0 0 0 0 0 7 0 0 0 0 0 0 0 0 0 0 0 0 0 0 0 3 0 0
533 TAC 0 0 0 0 0 0 0 0 0 0 0 0 0 0 0 0 0 32 0 0 0 0 0 0 0 0 0 0 0 0 0 0 0 2 0 0 0 0 0 0 0 0 0 0 0 0 0 0 1 166755 2 19 0 2 0 0 0 9 0 0 0 0 0 0
534 TCA 0 0 0 0 5 0 0 0 0 0 0 0 0 0 0 0 0 0 0 0 18 0 0 0 0 0 0 0 0 0 0 0 0 0 0 0 3 0 0 0 0 0 0 0 0 0 0 0 2 0 0 0 166798 4 67 1 0 0 0 0 2 0 0 0
535 ACT 0 1 0 8 14 13 87 158973 0 0 0 3 0 0 0 13 0 0 0 0 0 0 0 2 0 0 0 0 0 0 0 0 0 0 0 0 0 0 0 20 0 0 0 0 0 0 0 0 0 0 0 0 0 1 4 1 0 0 0 0 0 0 0 0
536 GTC 0 0 0 0 0 1 0 0 0 0 0 0 1 25 0 0 0 0 0 0 0 0 0 0 0 0 0 0 0 0 0 0 0 0 0 0 0 11 0 0 0 1 0 0 3 156017 0 16 0 0 0 0 0 0 0 0 0 0 0 2 0 2 0 0
537 GCC 0 0 0 0 1 37 0 0 0 0 0 0 2 0 0 0 0 0 0 0 0 0 0 0 0 0 0 0 0 0 0 0 0 2 0 0 2 170457 8 28 0 0 0 0 0 4 0 0 0 0 0 0 0 1 0 0 0 0 0 0 0 0 0 0
538 AGT 0 0 0 26 0 0 42 3 0 13 1 170689 0 0 0 4 0 0 0 0 0 0 0 0 0 0 0 3 0 0 0 0 0 0 0 0 0 0 0 0 0 0 0 14 0 0 0 0 0 0 0 0 2 0 0 3 0 0 0 3 0 0 0 0
539 TCA 0 0 0 0 3 0 0 0 0 3 0 3 0 0 0 0 0 0 0 0 7 0 0 0 0 0 0 0 0 0 0 0 0 0 0 0 1 0 0 0 0 0 0 0 0 0 34 0 4 0 0 0 169476 0 3 2 1 0 0 0 17 0 0 0
540 CTG 0 0 0 0 0 1 1 0 0 6 0 0 0 2 6 5 0 0 2 0 0 0 18 0 0 0 1 0 31 2 171056 2 0 0 0 0 0 0 0 0 0 0 0 0 0 0 7 2 0 0 0 0 6 4 0 2 0 0 0 0 0 0 11 0
541 GTG 0 0 0 0 0 0 0 0 0 0 0 0 0 1 20 0 0 0 0 0 1 0 2 0 0 0 0 0 0 0 3 0 0 0 0 0 0 0 4 0 0 0 0 0 44 19 171362 40 0 0 0 0 0 0 0 0 0 0 4 0 0 0 1 0
542 CTT 0 0 0 0 0 0 0 0 0 0 0 0 0 0 0 3 0 0 0 0 0 0 0 23 0 0 0 2 117 11 2 171881 0 0 0 0 2 0 0 0 0 0 0 0 0 0 0 6 0 0 0 0 0 0 0 0 0 1 0 0 0 0 3 16
543 TTG 0 0 0 0 0 0 0 0 0 0 0 0 0 0 4 0 0 0 0 0 0 0 0 0 0 0 0 0 0 0 12 0 0 0 0 0 2 0 6 0 1 0 0 0 0 0 0 0 0 0 3 0 0 0 22 0 0 0 20 1 26 0 172164 2
544 GTC 0 0 0 0 0 0 0 0 0 0 0 0 0 33 0 0 0 0 0 0 0 0 0 0 0 0 0 0 0 0 0 0 0 3 0 0 0 3 0 0 0 1 0 0 1 170819 4 13 0 0 0 0 0 0 0 0 0 0 0 0 0 1 0 0
545 TCC 0 0 0 0 0 0 0 0 0 0 0 0 0 0 0 0 0 0 0 0 0 63 0 0 0 0 0 0 0 0 0 0 0 0 0 0 0 0 0 1 0 0 0 0 0 0 0 0 0 1 0 0 8 172026 11 10 0 0 0 0 0 5 0 0
546 CTG 0 0 0 0 0 0 0 0 0 0 0 0 0 0 5 0 0 0 2 0 0 0 20 0 0 0 3 0 8 13 169510 6 0 0 0 0 0 0 0 0 0 0 0 0 0 0 0 0 0 0 0 0 0 0 0 0 0 0 0 0 0 0 4 0
547 GGG 0 0 0 0 0 0 0 0 0 0 6 0 0 0 0 0 0 0 0 0 0 0 0 0 0 0 0 0 0 0 0 0 0 0 9 0 0 0 1 0 3 0 170810 0 0 0 2 0 0 0 0 0 0 0 0 0 0 0 2 0 0 0 0 0
548 GCA 0 0 0 0 59 0 0 0 0 0 0 0 0 0 0 0 0 0 0 0 0 0 0 0 0 0 0 0 0 0 0 0 3 0 0 0 172006 2 4 2 7 0 0 0 17 0 0 0 0 0 0 0 0 0 0 0 0 0 0 0 0 0 0 0
549 ATC 0 3 0 0 0 23 0 0 0 1 0 0 2 172203 2 10 0 0 0 0 0 0 0 0 0 0 0 0 1 4 0 2 0 0 0 0 0 0 0 0 0 0 0 0 0 12 0 0 0 0 0 0 0 0 0 0 0 0 0 0 0 1 0 0
550 AGT 0 0 0 14 1 0 0 1 0 12 1 172189 0 0 0 10 0 0 0 0 0 0 0 0 0 0 0 0 0 0 0 0 0 0 0 0 12 0 1 7 9 0 0 18 1 0 21 3 0 0 0 0 1 0 1 0 0 0 0 2 0 1 0 5
551 TTC 0 0 0 0 4 0 0 2 0 0 0 0 0 7 0 0 0 0 0 0 0 0 0 0 0 0 0 0 0 6 0 0 0 0 0 0 0 0 0 1 0 0 0 0 0 1 2 0 0 10 0 0 0 11 0 0 0 1 0 0 10 171828 0 18
552 TGG 0 0 0 0 0 0 0 0 0 0 1 0 0 0 0 0 0 0 0 0 0 0 0 0 0 0 12 0 0 0 0 0 0 0 0 0 0 0 0 0 0 0 19 0 0 0 0 0 0 0 8 0 0 0 1 0 10 0 172140 2 0 0 0 0
553 ATG 0 0 1 0 0 0 4 0 0 0 1 2 19 0 172275 2 0 0 0 0 0 0 0 0 0 0 0 0 0 0 1 0 0 0 0 0 3 0 0 21 0 1 0 0 0 0 20 0 0 0 0 0 1 0 0 0 0 0 0 0 0 0 2 0
554 TGT 0 0 0 0 0 0 2 0 0 0 0 0 0 4 11 0 0 0 0 0 0 0 0 0 0 0 0 7 0 0 2 0 0 0 0 0 0 0 0 0 0 0 0 0 0 0 0 0 0 0 0 19 0 0 0 1 2 10 4 172179 5 0 0 3
555 TCT 7 0 0 0 0 0 0 0 0 0 0 1 0 2 0 0 0 0 3 0 0 0 0 7 0 0 0 0 6 4 0 1 0 1 1 0 1 0 0 0 0 0 0 0 6 0 0 0 0 0 0 4 0 21 11 172407 0 0 16 0 0 1 0 2
556 AAT 1 4 34 172218 0 0 0 7 0 0 0 6 5 0 0 1 0 0 0 3 0 0 0 0 0 3 0 0 0 0 0 0 0 0 0 28 0 0 0 0 0 0 0 11 0 0 2 5 0 0 0 3 0 0 0 0 0 0 0 0 0 0 0 0
557 GGG 0 0 0 0 0 0 0 0 0 0 3 0 0 0 0 0 0 0 0 0 0 0 0 0 0 0 0 0 0 0 0 0 0 0 15 0 0 0 1 0 25 2 172133 0 0 0 0 0 0 0 0 0 0 0 0 0 0 0 8 0 0 0 0 0
558 TCT 0 0 0 0 0 0 0 2 0 0 0 0 0 0 0 0 0 0 0 0 0 0 0 10 0 0 0 0 4 0 1 0 0 0 0 0 0 0 0 8 0 0 0 0 0 0 1 0 0 0 0 9 15 7 6 172459 0 0 0 0 0 0 0 10
559 TTG 0 0 0 0 0 0 0 0 0 0 0 0 0 0 6 0 0 0 0 0 0 0 1 0 0 0 0 0 0 0 9 0 0 0 0 0 0 0 0 0 0 0 0 0 0 0 1 0 0 0 0 0 0 0 7 0 0 0 0 0 28 0 172371 0
560 CAG 0 0 4 0 0 0 0 0 0 0 0 0 0 0 0 0 20 0 172308 1 0 0 3 0 0 0 17 0 0 0 2 0 0 0 10 0 0 0 0 0 0 0 0 0 0 0 0 0 0 0 81 0 0 0 0 0 0 0 0 0 0 0 0 0
561 TGC 0 0 0 0 0 0 0 0 0 0 0 0 1 0 0 0 0 0 0 0 0 0 0 0 0 6 0 0 3 0 0 0 0 0 0 0 0 0 0 0 0 2 0 0 2 0 0 11 0 75 0 0 0 1 0 0 5 172228 0 15 0 1 0 15
562 AGA 13 0 0 0 1 0 0 6 172327 2 10 1 4 0 0 0 2 0 0 0 0 0 0 0 7 0 0 0 0 0 0 0 0 1 0 0 0 0 0 0 8 0 0 0 0 0 0 0 0 0 0 0 0 0 0 1 0 0 0 0 2 4 0 0
563 ATA 2 0 0 0 7 0 0 0 2 0 0 0 172546 2 19 2 0 0 0 0 0 0 0 0 0 0 0 0 0 0 0 0 0 0 0 0 0 0 0 0 0 0 0 0 6 3 1 4 0 0 0 0 0 0 0 0 0 0 0 0 0 0 0 0
564 TGC 0 0 0 0 0 0 0 0 0 0 0 0 0 0 0 0 0 0 0 0 0 0 0 0 0 5 0 0 0 0 0 0 0 0 1 0 0 0 0 0 0 0 0 0 0 0 0 0 0 31 0 0 0 0 0 0 3 172308 0 69 0 0 0 0
565 ATC 0 0 0 0 0 5 0 0 0 2 0 0 4 172141 1 6 0 0 0 0 0 0 0 0 0 0 0 0 0 2 0 0 0 0 0 0 0 0 0 0 0 0 0 0 0 5 0 0 0 0 0 0 0 0 0 0 0 0 0 0 0 5 0 0
566 TGA 0 0 0 0 0 0 0 0 3 0 0 0 0 0 0 0 0 0 0 0 0 0 0 0 34 0 0 0 0 0 0 0 0 0 0 0 0 0 0 0 1 0 0 0 0 0 0 0 19 0 0 0 0 0 0 0 172370 0 15 0 2 0 0 0
