site,abs_diffsel,positive_diffsel,negative_diffsel
232,8.04762635295,2.65111656394,-5.39650978901
173,6.15685946232,4.32577751977,-1.83108194255
136,5.90243176476,1.9812822248,-3.92114953996
91,5.81870351203,2.94890276044,-2.86980075159
497,5.6269730907,0.245080613983,-5.38189247672
153,5.61738179558,1.07809832119,-4.53928347439
278,5.60443464235,1.44369586941,-4.16073877294
257,5.55936843498,0.322735286398,-5.23663314859
231,5.55598368445,1.91494093088,-3.64104275357
157,5.45836552862,1.84420356036,-3.61416196826
176,5.45448866173,1.37406049486,-4.08042816687
90,5.44691609979,1.55357268865,-3.89334341114
212,5.43084759106,2.58938165468,-2.84146593637
507,5.41501887198,0.849194330829,-4.56582454115
104,5.36070080683,1.10562578481,-4.25507502202
175,5.29086178351,1.06637047131,-4.2244913122
113,5.13968805415,3.76760153541,-1.37208651873
303,5.11927709935,2.00707082123,-3.11220627812
286,5.10972104201,2.56472660605,-2.54499443596
155,5.06280368558,2.19027011621,-2.87253356938
277,5.05185280103,2.18661340492,-2.86523939611
70,5.04025330217,0.923401712995,-4.11685158917
138,4.92219032147,1.34132677366,-3.58086354781
251,4.9182579157,1.08004588208,-3.83821203363
404,4.88572703327,2.00397226092,-2.88175477235
289,4.84064772351,2.30691614877,-2.53373157474
5,4.83345137646,3.6439239407,-1.18952743576
236,4.79804657888,0.72687898631,-4.07116759257
499,4.73968826839,0.282797422587,-4.4568908458
170,4.72969842933,0.970524690413,-3.75917373891
126,4.72619693656,2.84456017811,-1.88163675845
223,4.72388771607,1.57659237652,-3.14729533955
182,4.71241152231,1.85410881,-2.85830271231
294,4.6711040505,2.10321119875,-2.56789285175
205,4.66363750048,2.22175721086,-2.44188028963
518,4.61908813594,3.03264581412,-1.58644232182
99,4.613337432,2.41502986634,-2.19830756565
2,4.59135404048,2.96127373423,-1.63008030624
237,4.5857824386,1.06722616874,-3.51855626986
299,4.43919357669,1.23413363634,-3.20505994034
318,4.43682794035,1.91138134709,-2.52544659326
382,4.39075525534,2.00987121186,-2.38088404348
158,4.3889544523,2.39380139704,-1.99515305527
89,4.37538729141,2.15302498478,-2.22236230663
154,4.32535405287,1.25500400679,-3.07035004608
517,4.32155538285,1.38970003473,-2.93185534812
53,4.31828672113,1.62213659426,-2.69615012686
283,4.30166206569,2.160276481,-2.14138558469
288,4.29257203092,2.30282821207,-1.98974381885
326,4.25931126371,2.18788431543,-2.07142694827
197,4.24735205672,0.808183704662,-3.43916835206
493,4.19396763442,1.53101610582,-2.6629515286
221,4.17026020238,3.05707782713,-1.11318237525
216,4.15634188494,0.751323446664,-3.40501843828
229,4.10238038669,1.30603621431,-2.79634417238
285,4.08489609549,0.468751535554,-3.61614455993
188,4.04137534316,0.822627904685,-3.21874743848
504,3.9010039978,0.720339071823,-3.18066492598
390,3.88475697545,2.34213117006,-1.54262580539
83,3.88352073012,1.56752441362,-2.3159963165
321,3.86589284636,1.65677839718,-2.20911444918
381,3.83539842404,2.17608178044,-1.6593166436
513,3.83356530268,1.1714977358,-2.66206756688
411,3.8173856969,1.29935539494,-2.51803030196
4,3.80232507818,2.34965364639,-1.45267143178
514,3.76912750732,2.12516300758,-1.64396449973
210,3.76758983976,0.0874690462161,-3.68012079355
184,3.73894111341,2.2806028662,-1.45833824721
556,3.73568214797,0.0277132071785,-3.70796894079
290,3.7313868061,2.1633998118,-1.5679869943
468,3.72800803503,2.11717094104,-1.61083709399
227,3.68853575467,1.17529512539,-2.51324062929
306,3.67352040854,1.93358337924,-1.73993702931
172,3.65730246547,0.986916065174,-2.6703864003
135,3.64561741051,0.0,-3.64561741051
146,3.63424749705,0.570042112577,-3.06420538447
520,3.63138894695,1.86994443763,-1.76144450932
501,3.62576133983,0.973410053402,-2.65235128643
75,3.61746305961,2.39115104489,-1.22631201472
550,3.61308387468,2.05838466175,-1.55469921293
539,3.5743228335,1.12057219489,-2.45375063862
255,3.56418670975,0.892869548954,-2.6713171608
150,3.52609659763,1.16841089598,-2.35768570164
3,3.52448123946,1.50430416939,-2.02017707007
274,3.50952482843,0.986815135377,-2.52270969306
86,3.47727929336,1.67349521906,-1.80378407431
7,3.45158029223,0.722471278299,-2.72910901394
111,3.44439687233,1.38187981885,-2.06251705347
201,3.43571913235,2.66587661382,-0.769842518527
211,3.41878075786,1.85955666816,-1.5592240897
60,3.38984576246,0.320641489969,-3.06920427249
235,3.36299497699,0.423118404754,-2.93987657224
137,3.337939632,1.96119708451,-1.37674254749
386,3.32840354446,2.31203820559,-1.01636533887
476,3.324284863,0.387430398561,-2.93685446444
11,3.32275666576,1.77961945939,-1.54313720637
209,3.31534971196,1.45516729275,-1.86018241921
254,3.30959057966,0.515327787366,-2.7942627923
253,3.28744877669,1.09433787751,-2.19311089918
405,3.28731248947,1.82564029507,-1.46167219439
230,3.28147833445,0.755743149461,-2.52573518499
272,3.25911045013,0.384872816514,-2.87423763362
185,3.24042260867,0.122393984462,-3.1180286242
248,3.23152150029,0.63631103887,-2.59521046142
100,3.22363581707,0.579254675146,-2.64438114193
228,3.20341253662,1.02782109651,-2.17559144011
515,3.19102864553,0.856488339931,-2.33454030559
327,3.17450449415,1.3561997449,-1.81830474926
401,3.15581328355,1.29456752715,-1.8612457564
412,3.13895502225,0.682713792327,-2.45624122993
101,3.13468452361,0.939537256147,-2.19514726746
73,3.13171224868,0.839114201312,-2.29259804737
314,3.10680963757,0.914040695747,-2.19276894182
62,3.10496069545,2.37202834879,-0.732932346652
68,3.09683097318,0.613228657215,-2.48360231596
171,3.09395642706,0.816587840113,-2.27736858694
169,3.09185875136,0.255277541942,-2.83658120942
218,3.07796095906,0.984905414057,-2.093055545
202,3.0741519046,1.07124861554,-2.00290328907
238,3.06141657498,0.45173715173,-2.60967942325
510,3.06101259703,1.54796563389,-1.51304696314
124,3.05988406894,0.818766154258,-2.24111791468
180,3.05625118607,1.58717399841,-1.46907718766
179,3.04910347924,1.12465316961,-1.92445030963
522,3.02514395452,1.22437911613,-1.80076483839
71,3.02080796495,1.21110973382,-1.80969823112
156,3.01750109514,0.0407652127787,-2.97673588236
220,3.00015345067,0.750905209584,-2.24924824109
403,2.96634060287,0.800531508534,-2.16580909434
312,2.95372326757,2.61927479961,-0.334448467964
337,2.94750005186,0.707078759241,-2.24042129262
240,2.94668665191,1.40048253588,-1.54620411602
123,2.91835778199,0.0,-2.91835778199
339,2.90136226699,1.21237271191,-1.68898955508
474,2.88389806608,1.46284872221,-1.42104934387
315,2.87087084298,1.46285537647,-1.4080154665
375,2.86290077287,0.374717803718,-2.48818296915
502,2.83957425922,0.944353126986,-1.89522113223
486,2.83802138734,1.20695749683,-1.6310638905
19,2.8336228216,1.39342068682,-1.44020213478
65,2.83010024347,0.220891138422,-2.60920910504
475,2.8174547366,0.747183212461,-2.07027152414
115,2.80534629352,0.805618273505,-1.99972802002
503,2.79964924413,2.21873821803,-0.580911026099
372,2.79162260496,0.657517912876,-2.13410469208
482,2.73587093914,0.315962605574,-2.41990833357
92,2.73462549538,0.599352578143,-2.13527291724
206,2.73091202141,1.857757921,-0.873154100411
370,2.72383888699,0.879008090732,-1.84483079625
470,2.71527370164,0.999006077725,-1.71626762391
400,2.71211538922,0.299204293927,-2.41291109529
369,2.69935710514,1.46619434638,-1.23316275876
139,2.69910649219,1.01177308725,-1.68733340494
361,2.67049913258,1.64315860968,-1.0273405229
494,2.66203965032,0.819998215941,-1.84204143438
239,2.6535782158,0.242063332096,-2.4115148837
186,2.64055623667,0.515751745537,-2.12480449114
508,2.63739122324,0.693825504979,-1.94356571826
167,2.62893032057,0.954015121803,-1.67491519877
190,2.62666631979,2.16324066223,-0.463425657554
64,2.6135429325,0.661707371746,-1.95183556075
249,2.60256852159,1.81517142413,-0.787397097459
276,2.59779178127,1.63359104753,-0.964200733741
219,2.59338542039,0.359828940939,-2.23355647945
118,2.59219894536,0.738442946321,-1.85375599904
471,2.573631911,1.22115515232,-1.35247675867
159,2.56158023515,1.73352119301,-0.82805904214
551,2.55753424102,1.63696045241,-0.920573788613
268,2.5291811399,1.16978090927,-1.35940023063
168,2.52178126031,1.04643313708,-1.47534812323
148,2.51826227609,1.86468801224,-0.653574263848
558,2.5179701738,0.977989645774,-1.53998052803
125,2.51418446402,0.605349923519,-1.9088345405
456,2.50500467958,0.783920259023,-1.72108442056
292,2.48923872454,1.07937585244,-1.4098628721
143,2.48384224911,0.218135107551,-2.26570714156
116,2.47617107749,1.66227086846,-0.813900209028
273,2.45295562165,0.867196643975,-1.58575897768
523,2.44198741677,0.289503361382,-2.15248405539
408,2.43720382458,0.943601828476,-1.49360199611
224,2.42262171453,1.92087134171,-0.501750372818
344,2.41682443496,2.05404987453,-0.362774560433
226,2.41624118952,1.20349836183,-1.21274282769
509,2.41454973611,0.282147015235,-2.13240272088
287,2.41441897908,1.48178369778,-0.932635281292
490,2.40807121473,1.82290615684,-0.585165057888
264,2.40043824075,0.030962349197,-2.36947589156
102,2.39918712601,1.09304488801,-1.306142238
59,2.39833234378,1.63847995965,-0.759852384131
506,2.3968722252,1.01748988054,-1.37938234466
305,2.37374126023,1.64079525614,-0.732946004095
358,2.36478995164,0.928457336431,-1.43633261521
313,2.36184088669,0.671551533983,-1.6902893527
56,2.36177606681,0.291258313187,-2.07051775362
555,2.35839380715,0.699126007414,-1.65926779974
524,2.35225219082,0.937935641179,-1.41431654965
540,2.32753535338,0.579145995682,-1.7483893577
31,2.31744662421,0.65329086998,-1.66415575423
129,2.31659270317,0.400296306329,-1.91629639684
407,2.31423761029,0.430386202044,-1.88385140824
561,2.31169314388,1.22878262923,-1.08291051464
279,2.30677590447,0.79528533942,-1.51149056505
466,2.29245766065,0.843882134959,-1.44857552569
250,2.29114178603,0.810226175286,-1.48091561075
103,2.27265922811,1.18799327098,-1.08466595713
127,2.27137796107,0.632311048609,-1.63906691246
94,2.2713409332,1.19988399131,-1.07145694189
142,2.26477014318,1.63489967846,-0.629870464721
178,2.24878487208,0.962643736956,-1.28614113513
422,2.24518697872,0.707151923071,-1.53803505565
214,2.24020002963,0.378293885316,-1.86190614431
308,2.23905058895,0.698495166188,-1.54055542276
378,2.23160344972,0.262489324478,-1.96911412524
141,2.23010070121,1.16182859866,-1.06827210256
22,2.21877790543,0.683941025497,-1.53483687993
368,2.21713645473,0.274949384208,-1.94218707052
512,2.21234408076,1.32000760699,-0.892336473765
88,2.21002067302,1.4616894782,-0.748331194825
350,2.20572299358,0.682978190345,-1.52274480323
460,2.19028625917,1.53069311156,-0.659593147617
414,2.18875068751,0.324867907454,-1.86388278006
553,2.18241982316,1.13751073396,-1.0449090892
222,2.17105733931,0.631615118737,-1.53944222057
189,2.15875567913,0.137188798387,-2.02156688074
334,2.15546797328,0.889246832354,-1.26622114092
177,2.13150815122,0.523096802612,-1.60841134861
535,2.12795012748,1.523457637,-0.604492490479
434,2.11932294588,0.468575423553,-1.65074752232
61,2.11802650268,0.963973378058,-1.15405312462
108,2.10591199902,2.10591199902,0.0
234,2.08955722701,1.01929069439,-1.07026653262
281,2.08843968278,0.378368107778,-1.710071575
57,2.08535622502,0.546248669778,-1.53910755524
266,2.05536915889,0.860087797351,-1.19528136154
25,2.05278332813,1.10111378082,-0.951669547309
225,2.04853817613,1.30968041308,-0.738857763054
347,2.03236302542,1.733614804,-0.298748221423
13,2.02935272585,0.601127372471,-1.42822535338
8,2.0259350608,1.2965296926,-0.729405368199
538,2.01543312063,1.16840360429,-0.847029516343
425,2.01048170551,0.461301978871,-1.54917972664
252,1.99755202931,0.137337797489,-1.86021423182
464,1.99339693671,0.611623169217,-1.38177376749
463,1.98169828041,0.295644013274,-1.68605426714
20,1.98156102616,0.169523282247,-1.81203774391
145,1.97385015524,0.942482506183,-1.03136764906
345,1.96904991301,1.58569242098,-0.383357492029
325,1.95936429422,0.693388627535,-1.26597566668
304,1.95610673862,1.78511150936,-0.170995229268
410,1.95131503855,1.39064937557,-0.560665662985
183,1.94854006924,1.75975987678,-0.188780192452
505,1.94653910982,0.137348560529,-1.8091905493
307,1.94036305349,0.252980931142,-1.68738212234
10,1.93399401821,1.27349920587,-0.660494812341
270,1.91754021809,0.378290180913,-1.53925003718
47,1.91215295704,0.673629412353,-1.23852354469
429,1.90794288899,0.514411964337,-1.39353092465
389,1.90087024613,1.2185748588,-0.682295387329
114,1.89614532665,0.736723454715,-1.15942187193
140,1.89213553443,0.55334669443,-1.33878884
58,1.88984292393,1.36244929468,-0.527393629255
349,1.88351635336,0.276741811459,-1.6067745419
301,1.88306670563,0.504792699385,-1.37827400624
256,1.88148177114,0.308991323347,-1.57249044779
532,1.87697498979,0.847226586743,-1.02974840304
85,1.86325252453,0.745458710562,-1.11779381397
12,1.83540159217,0.548663822052,-1.28673777011
320,1.83532080205,0.966119963108,-0.869200838942
393,1.83518319091,1.23923232519,-0.595950865714
415,1.82953798014,0.766051277688,-1.06348670245
484,1.81499648939,0.567817280601,-1.24717920879
246,1.81456058375,0.994968179087,-0.819592404663
549,1.80851288239,0.513423616005,-1.29508926638
34,1.8065847924,1.15958169782,-0.647003094582
455,1.79983392857,1.30632396891,-0.493509959663
469,1.79598951127,1.66567635401,-0.130313157269
213,1.79436230282,0.234995463472,-1.55936683935
562,1.7926716619,1.05890140206,-0.733770259844
45,1.78627741586,0.86519452045,-0.921082895408
1,1.78618508978,0.624345762278,-1.1618393275
528,1.78190535612,0.506118773537,-1.27578658259
96,1.78147298593,0.896518046055,-0.884954939879
267,1.78089778013,1.17327786413,-0.607619915999
542,1.78001940589,0.844944438607,-0.935074967279
428,1.76066552554,1.15695163148,-0.603713894061
377,1.75659731874,1.22526829708,-0.531329021668
311,1.75004135873,1.34407618645,-0.405965172281
149,1.74342034495,0.759043486981,-0.984376857971
128,1.73977481149,1.26663935279,-0.4731354587
18,1.73773291841,0.899321036615,-0.838411881796
97,1.73677381049,1.61971888411,-0.117054926378
519,1.73515985636,0.506521118846,-1.22863873751
526,1.72786250887,0.566847449997,-1.16101505888
9,1.72736649693,0.397136471194,-1.33023002574
295,1.71814351926,1.12528859478,-0.592854924475
119,1.71659209778,0.551635799924,-1.16495629785
565,1.7163960785,1.09043348768,-0.62596259082
199,1.710315846,0.357620281195,-1.35269556481
42,1.6982298463,1.35097788705,-0.347251959248
244,1.6945881102,0.344784075393,-1.34980403481
131,1.69210882289,0.536962175345,-1.15514664754
14,1.6820000457,0.66010636881,-1.02189367689
259,1.67989599494,0.543891724669,-1.13600427027
454,1.65933230541,1.04136925071,-0.617963054695
525,1.64717470952,0.647463953354,-0.999710756164
28,1.61187611519,1.27865084273,-0.333225272458
165,1.60900856492,1.00780858007,-0.601199984855
360,1.5869686162,1.03930681489,-0.547661801304
335,1.58435976014,0.291049185495,-1.29331057465
200,1.58042555781,0.408131888882,-1.17229366893
544,1.57936335753,0.0284129634204,-1.55095039411
37,1.57681424316,0.956091295645,-0.620722947513
560,1.5767943802,0.769667536092,-0.807126844105
269,1.57315241944,0.205684081626,-1.36746833781
105,1.56452293255,0.1924643779,-1.37205855465
112,1.56249862291,1.32839289056,-0.234105732343
440,1.56172544017,1.4797846189,-0.0819408212727
130,1.55232852848,1.08188056032,-0.470447968153
40,1.54952126519,0.0,-1.54952126519
107,1.54122614794,0.820716649171,-0.720509498768
310,1.53586828217,1.29521136147,-0.240656920707
548,1.53458910645,0.826105963551,-0.708483142902
426,1.53223106052,0.525957314628,-1.00627374589
485,1.53023202943,0.714442291904,-0.815789737526
416,1.52753563738,0.305361816041,-1.22217382134
109,1.52454244488,0.493325469212,-1.03121697567
50,1.51602596813,0.814130377154,-0.701895590972
543,1.51379541506,0.823945641915,-0.689849773142
271,1.50717674281,0.852807442546,-0.654369300262
323,1.50509373017,0.0,-1.50509373017
87,1.49772189812,0.605636856388,-0.892085041734
293,1.49552312923,0.244699110027,-1.2508240192
46,1.4876509484,0.531571393705,-0.956079554696
204,1.48532422198,0.187650248866,-1.29767397312
392,1.48199092721,0.445568878104,-1.0364220491
134,1.48156924961,0.21533046884,-1.26623878077
536,1.4811093871,0.75681243855,-0.724296948554
52,1.47483380532,0.149055537037,-1.32577826828
413,1.47433761241,0.882228113602,-0.592109498809
439,1.47160897296,1.35462278378,-0.116986189172
479,1.46999420456,1.46999420456,0.0
498,1.44664553152,0.167276202935,-1.27936932858
66,1.44655234511,0.419016034183,-1.02753631092
402,1.43265656413,0.779490935316,-0.653165628811
432,1.43211264746,0.698517419142,-0.733595228318
521,1.42670322624,0.564908899879,-0.861794326365
467,1.42327289763,0.946052693455,-0.477220204171
545,1.42000284121,0.188950776759,-1.23105206446
547,1.41825486544,0.368681811404,-1.04957305404
354,1.41644031973,0.956347491716,-0.460092828011
72,1.40955562435,0.895625743453,-0.513929880898
383,1.40925785313,1.06551764111,-0.343740212018
15,1.40913499377,0.136631863986,-1.27250312978
492,1.40678261857,0.538837609362,-0.867945009204
427,1.39782217197,0.611421698143,-0.786400473831
441,1.39724543092,0.592445440326,-0.804799990599
333,1.39718081056,1.03860382413,-0.35857698643
379,1.38744966445,0.276275526656,-1.11117413779
51,1.38690890685,1.27197096508,-0.114937941774
121,1.38599801225,0.655573944417,-0.730424067832
480,1.38122195189,1.30829088159,-0.0729310703006
187,1.38096980692,0.667421394228,-0.713548412691
302,1.37923669969,0.716753988374,-0.662482711317
343,1.37820345815,0.672981357728,-0.705222100419
365,1.37439845361,0.834723339176,-0.539675114432
478,1.36759907768,0.757400974303,-0.610198103373
406,1.36729452343,0.871867969751,-0.495426553677
541,1.36691786052,0.677975724369,-0.68894213615
449,1.3636026122,1.35611952838,-0.00748308382227
262,1.36341770222,0.320865310606,-1.04255239161
280,1.36233534557,0.397873947459,-0.964461398108
496,1.35593713328,1.18740477254,-0.168532360738
207,1.35046028466,0.780969834979,-0.569490449681
448,1.34865265339,1.25399347972,-0.0946591736646
160,1.34801003249,1.2345496401,-0.113460392387
324,1.34507362327,0.0122745790802,-1.33279904419
44,1.34467264953,0.546665436409,-0.798007213118
348,1.34246451451,0.776285805472,-0.566178709036
436,1.34147665861,0.502102129063,-0.839374529543
554,1.33248444474,0.455950639219,-0.876533805525
489,1.32081513716,0.619218949498,-0.701596187664
397,1.32045281102,0.778704792017,-0.541748019003
82,1.31619951878,0.0286686950943,-1.28753082368
120,1.31010360517,0.391974366463,-0.918129238705
363,1.30983250439,0.641904779232,-0.667927725157
387,1.29942777576,0.89177379396,-0.407653981805
144,1.29741138869,0.47477676852,-0.822634620172
500,1.29676385297,0.580688896831,-0.716074956134
332,1.29267826707,0.0140734166515,-1.27860485041
409,1.27589885184,0.604943147858,-0.670955703983
481,1.27419943129,0.723640141912,-0.550559289375
353,1.27097962007,0.85964630361,-0.41133331646
340,1.26594645871,0.943529498383,-0.32241696033
93,1.26583602949,1.01354375598,-0.252292273505
54,1.26512801031,0.576162026052,-0.688965984262
527,1.26396747805,0.0388152838863,-1.22515219416
420,1.26374346346,0.918584901742,-0.345158561721
217,1.26176825959,0.897205768696,-0.364562490893
453,1.2547150233,0.206518647772,-1.04819637553
32,1.25298728925,0.537877789,-0.715109500249
80,1.24991845743,0.331590434251,-0.918328023176
477,1.24855629429,0.209757965182,-1.03879832911
74,1.24828502654,0.264365225071,-0.983919801474
300,1.24710578271,0.485407774438,-0.76169800827
133,1.24625027144,1.08402156524,-0.162228706198
163,1.24581936076,0.223337965841,-1.02248139492
162,1.24574291214,0.575507543792,-0.670235368351
487,1.24339563652,0.153414102409,-1.08998153411
298,1.24100215232,1.04248942524,-0.198512727078
385,1.23760596897,0.89315744847,-0.344448520501
452,1.23678938214,1.09633572321,-0.140453658937
297,1.23434145497,0.59000261946,-0.644338835512
457,1.22236518579,1.12764014785,-0.0947250379404
275,1.21759891056,0.435052567398,-0.782546343163
36,1.20634052813,0.847522819899,-0.358817708234
203,1.199881677,0.590916634839,-0.608965042165
258,1.19489506009,0.40978779381,-0.78510726628
265,1.19480673563,0.0592257859219,-1.13558094971
423,1.18762953065,0.745715160563,-0.441914370087
442,1.18537721031,0.0797951512552,-1.10558205906
424,1.18512145101,0.961616102116,-0.223505348894
529,1.18308708356,0.497882029882,-0.685205053682
395,1.17734710416,0.951678118106,-0.225668986056
371,1.17419697051,0.964433949438,-0.209763021069
511,1.17092093418,0.600157205538,-0.570763728645
491,1.16758864178,0.831219822013,-0.336368819762
78,1.16656931648,0.612551299747,-0.554018016729
49,1.16369275618,0.792776429058,-0.370916327122
38,1.16303544368,0.489695033007,-0.673340410676
419,1.15886438586,0.947447147094,-0.21141723877
17,1.15883236451,0.87925582609,-0.27957653842
95,1.14333222206,1.01718672737,-0.126145494689
359,1.13802662332,0.829360631599,-0.308665991724
282,1.13322695325,0.897366838971,-0.235860114276
533,1.12997644476,0.918341860851,-0.211634583906
81,1.11959480495,0.136169641131,-0.983425163819
164,1.11800435305,0.103253051291,-1.01475130176
391,1.11689374755,0.789424985208,-0.327468762339
488,1.11608465564,0.453004161655,-0.663080493985
39,1.11602218284,0.958601120956,-0.157421061881
6,1.11574168355,0.308866479161,-0.806875204388
462,1.11541219878,0.83666363067,-0.278748568109
329,1.11210881593,0.751303395808,-0.360805420119
445,1.10975495964,1.10975495964,0.0
196,1.1081474465,0.286174746876,-0.821972699622
351,1.10707535476,0.540146928313,-0.566928426449
438,1.10499993689,0.604441002949,-0.500558933945
380,1.1000077494,0.653397020874,-0.446610728531
243,1.09993073415,0.142846451769,-0.957084282379
433,1.09325639051,0.540798285094,-0.552458105418
384,1.08456051545,0.501552744008,-0.583007771444
106,1.08266231256,0.387232773386,-0.695429539174
398,1.07341293501,0.742252565129,-0.331160369882
530,1.07048488489,0.302107277357,-0.768377607533
317,1.06832163602,0.523782973049,-0.544538662971
357,1.0662938381,1.0662938381,0.0
531,1.06615795785,0.476708259935,-0.589449697919
316,1.05781745021,0.201255463533,-0.856561986673
483,1.0536708382,0.623776805019,-0.429894033184
516,1.04373024087,0.133010009224,-0.910720231644
563,1.04046580748,0.621040514237,-0.419425293248
132,1.03864273893,0.348602500976,-0.690040237954
367,1.03431044237,0.748554546164,-0.285755896205
233,1.03317894297,0.392305546719,-0.640873396255
373,1.02739408591,0.361323271494,-0.666070814415
537,1.0220046829,0.450258076675,-0.571746606224
376,1.01394723291,0.220439916278,-0.793507316632
355,1.01351832486,0.54998857844,-0.463529746421
77,1.01344855773,0.678443097535,-0.335005460192
552,1.00943212271,0.0586114319509,-0.950820690756
458,1.00928365144,0.608284806771,-0.400998844672
330,1.00647523784,0.537530893772,-0.46894434407
23,1.00601971665,0.954579781863,-0.0514399347857
261,1.00421623048,0.117547700622,-0.886668529857
208,1.00030931155,0.433593244039,-0.566716067515
291,0.996009842603,0.138734167156,-0.857275675447
388,0.993564128761,0.527261907958,-0.466302220803
495,0.987478589194,0.602129926066,-0.385348663128
472,0.972307605112,0.454538586254,-0.517769018858
352,0.963046114493,0.069422157067,-0.893623957426
174,0.962916888408,0.530732632766,-0.432184255642
342,0.961773824918,0.57301637007,-0.388757454848
35,0.957695023966,0.622351029157,-0.335343994809
364,0.954429803816,0.713932422655,-0.240497381161
336,0.946877538271,0.290178179447,-0.656699358824
296,0.945704879155,0.390859166342,-0.554845712813
195,0.942650209481,0.0785904559414,-0.864059753539
84,0.940581911333,0.0853397751393,-0.855242136194
27,0.935633892255,0.902351439682,-0.0332824525726
260,0.931187666713,0.683125839961,-0.248061826752
374,0.922227061159,0.306931073216,-0.615295987943
394,0.910892398085,0.137412047487,-0.773480350598
30,0.9034117845,0.476197006553,-0.427214777947
242,0.899082805548,0.802109091573,-0.0969737139746
338,0.896667020527,0.896667020527,0.0
29,0.891792684749,0.54726145906,-0.34453122569
309,0.890829574803,0.521059794991,-0.369769779812
67,0.887273065319,0.783380148375,-0.103892916944
16,0.88559621581,0.669853718023,-0.215742497787
418,0.878064208179,0.477930939384,-0.400133268795
241,0.871589655402,0.0426211936218,-0.828968461781
366,0.8711672713,0.566304918413,-0.304862352887
161,0.862619376333,0.774920804433,-0.0876985719
117,0.862079428209,0.250713980424,-0.611365447785
191,0.858698686546,0.168934913009,-0.689763773537
559,0.85585359906,0.269075226597,-0.586778372464
446,0.852028557436,0.782406815665,-0.069621741771
98,0.851766424175,0.617337291006,-0.234429133169
21,0.840482908424,0.391988305025,-0.448494603399
151,0.839447469209,0.148401709124,-0.691045760084
362,0.834889616849,0.438370467233,-0.396519149616
152,0.83127119937,0.320577166107,-0.510694033263
247,0.823591489904,0.704013998724,-0.11957749118
245,0.81420246177,0.568632525599,-0.245569936171
346,0.812574353501,0.0951030371329,-0.717471316368
431,0.80744488705,0.641116487151,-0.166328399898
122,0.804108129076,0.485551255831,-0.318556873246
55,0.801798588233,0.465526588722,-0.33627199951
473,0.795949605806,0.303267842706,-0.4926817631
396,0.79419132767,0.247177958772,-0.547013368898
43,0.781904571174,0.656317631518,-0.125586939656
33,0.781125789979,0.550617770787,-0.230508019192
331,0.771169071028,0.648570512303,-0.122598558725
263,0.769161904527,0.409749159504,-0.359412745023
328,0.768436778322,0.138187961585,-0.630248816737
110,0.762361923652,0.252279847772,-0.51008207588
451,0.761740859861,0.330803531537,-0.430937328324
546,0.761004213687,0.443945867691,-0.317058345996
69,0.757181276416,0.653667280141,-0.103513996275
41,0.752148787702,0.228189369788,-0.523959417914
26,0.750299566152,0.0113948301829,-0.738904735969
459,0.746027790278,0.0,-0.746027790278
193,0.745776006588,0.536224742143,-0.209551264444
399,0.744848537016,0.317474259907,-0.427374277109
166,0.742435251002,0.371552968967,-0.370882282034
147,0.72522251832,0.0,-0.72522251832
63,0.717695942726,0.4101738196,-0.307522123126
215,0.70641584839,0.524011085286,-0.182404763104
461,0.694834517448,0.536937916634,-0.157896600814
421,0.691393369991,0.652449891217,-0.0389434787733
437,0.68760496115,0.393133781319,-0.294471179831
192,0.684726054623,0.160234546051,-0.524491508572
564,0.673421028721,0.131790162449,-0.541630866272
319,0.643490704522,0.435413580018,-0.208077124503
534,0.640752393846,0.0843948870817,-0.556357506764
447,0.639984687246,0.273359173681,-0.366625513565
435,0.634613119186,0.568994080864,-0.0656190383219
465,0.611833520333,0.326925705216,-0.284907815116
48,0.609261731237,0.0467244076692,-0.562537323568
443,0.605686259745,0.255447422623,-0.350238837123
79,0.600480476845,0.364147489616,-0.236332987229
356,0.58722252728,0.0,-0.58722252728
181,0.586819057406,0.338558241074,-0.248260816332
322,0.578904885167,0.300416421336,-0.278488463831
24,0.551997308366,0.104990034712,-0.447007273654
284,0.537791876121,0.220361211035,-0.317430665085
76,0.528937621989,0.020899564825,-0.508038057165
341,0.514541435568,0.407681001438,-0.10686043413
417,0.478175699772,0.107768778136,-0.370406921636
450,0.462298551969,0.288282322505,-0.174016229465
444,0.393411550903,0.351143054611,-0.042268496292
194,0.391696987331,0.278226402984,-0.113470584347
557,0.361517029564,0.288186478149,-0.073330551415
198,0.337355323943,0.0,-0.337355323943
430,0.267440792168,0.17083633148,-0.0966044606878
566,0.0,0.0,0.0
