site,abs_diffsel,positive_diffsel,negative_diffsel
382,7.29717196166,3.00919440075,-4.28797756091
237,6.75750432348,3.75763693498,-2.9998673885
412,6.70093034266,5.00656847572,-1.69436186694
136,6.62008470091,1.40528111993,-5.21480358097
212,6.29663504405,4.64669311176,-1.64994193229
146,6.11360035602,5.06513777779,-1.04846257823
404,6.02207564173,4.36942124743,-1.6526543943
171,5.91274746901,4.0556348119,-1.85711265711
415,5.77353900085,3.63443784558,-2.13910115528
89,5.64983726981,3.70320406187,-1.94663320794
155,5.63153914556,2.42192379424,-3.20961535132
153,5.50688470446,3.84446869683,-1.66241600764
90,5.49670188962,3.9128187541,-1.58388313552
230,5.46047544927,3.59827713533,-1.86219831394
318,5.44986232496,2.379358519,-3.07050380596
389,5.36818894609,2.323596967,-3.04459197909
409,5.25454486735,2.02013512526,-3.23440974209
460,5.24488994103,2.80446854615,-2.44042139488
474,5.2358129821,2.65875940666,-2.57705357544
232,5.16934437376,3.74553977556,-1.4238045982
176,5.09133142015,2.59550674362,-2.49582467653
205,5.06945857759,2.1386139385,-2.93084463909
154,5.0518431985,4.29870729363,-0.753135904867
386,5.010827558,2.95122895813,-2.05959859987
370,4.98331389477,3.58435278072,-1.39896111404
278,4.84507237387,2.69685842147,-2.1482139524
113,4.79585359943,3.01101281372,-1.78484078571
231,4.76606994638,2.55473271635,-2.21133723003
236,4.75699851563,2.50343445502,-2.25356406061
326,4.74871998445,1.71754974274,-3.03117024172
223,4.74500091808,3.66346583582,-1.08153508226
429,4.68215547255,0.968458691442,-3.71369678111
504,4.67104916531,1.47031129403,-3.20073787127
555,4.57458275579,2.42231707169,-2.1522656841
53,4.5721483585,2.15403113338,-2.41811722511
390,4.50918428173,3.03304360849,-1.47614067324
283,4.41492164338,3.20199421529,-1.21292742809
188,4.40098779654,2.60763630737,-1.79335148917
513,4.38618515689,2.90163981089,-1.484545346
235,4.38468296914,3.17604696913,-1.20863600001
2,4.38401075022,1.68130480313,-2.70270594709
501,4.37907880325,3.12321628651,-1.25586251675
65,4.36703611474,2.16797779773,-2.19905831701
497,4.35137265498,1.951297216,-2.40007543897
523,4.33362205959,4.14151526944,-0.192106790157
306,4.30544264805,2.31563076338,-1.98981188468
83,4.28861934986,1.12284178798,-3.16577756187
175,4.26580025258,3.31230787242,-0.953492380156
299,4.26146545413,2.12715464305,-2.13431081109
277,4.24194382619,1.84771499708,-2.39422882911
251,4.23340311575,2.27827864133,-1.95512447442
542,4.19926159568,0.857635617173,-3.3416259785
201,4.17684433094,1.83672936861,-2.34011496233
126,4.17580665907,1.75575651033,-2.42005014874
405,4.16136345667,2.84168352679,-1.31967992987
466,4.1505223039,0.622392031195,-3.52813027271
157,4.13151969447,1.55652511591,-2.57499457855
150,4.10756752325,3.88317666688,-0.22439085637
476,4.08874534921,2.45482967475,-1.63391567446
257,4.08532476296,2.44999027887,-1.63533448409
138,4.08196316761,1.92489158119,-2.15707158643
410,4.07931984516,3.90624968362,-0.173070161543
99,4.07162678523,1.3763430377,-2.69528374753
228,4.06121415727,3.1335455405,-0.927668616777
276,4.05379450716,3.41788349972,-0.635911007437
528,3.98839745528,3.57792272723,-0.410474728046
62,3.94626202378,2.32953416898,-1.6167278548
3,3.93306963551,2.21646102732,-1.71660860819
397,3.92812428685,2.79185103141,-1.13627325544
303,3.92512707921,2.49801027442,-1.4271168048
180,3.90830653967,3.34349955015,-0.564806989527
510,3.90723072844,1.15467298842,-2.75255774003
294,3.89176900329,3.05453740719,-0.837231596099
123,3.89167143011,2.10397289798,-1.78769853213
506,3.87966210273,2.55708604051,-1.32257606222
459,3.84102734083,2.64561359753,-1.1954137433
471,3.79008508461,2.98488120355,-0.805203881062
381,3.78530240557,2.5122706487,-1.27303175687
100,3.76698213995,2.15333283498,-1.61364930497
224,3.75344702379,2.25593859323,-1.49750843056
220,3.72140122619,1.88081802375,-1.84058320244
173,3.72036474212,2.56475417978,-1.15561056234
170,3.70489175098,1.89586365717,-1.80902809381
518,3.70013592559,2.72985371402,-0.970282211562
37,3.67824366682,0.925631626392,-2.75261204042
499,3.6766258203,0.784932465018,-2.89169335528
145,3.67144545501,2.14556621869,-1.52587923632
289,3.65833793005,1.99350940342,-1.66482852663
512,3.63631417701,1.77338640756,-1.86292776946
5,3.6180109391,2.01062605759,-1.60738488151
421,3.61668292249,1.10066567943,-2.51601724306
226,3.60847275638,0.990387427449,-2.61808532893
369,3.59350248846,2.60881623534,-0.984686253117
428,3.57860248496,2.1508544081,-1.42774807686
197,3.57858704608,1.45782942599,-2.12075762009
517,3.57297492302,1.55706718057,-2.01590774245
562,3.55645140774,1.90339208272,-1.65305932502
337,3.5267799146,2.66610737415,-0.86067254044
493,3.50612794152,1.97772453704,-1.52840340448
490,3.50052810892,2.80586449721,-0.694663611714
470,3.49041521976,1.02893267433,-2.46148254543
503,3.48409413434,2.40432321107,-1.07977092327
290,3.48200413525,2.16573417582,-1.31626995943
214,3.47963159163,2.36097079142,-1.11866080021
169,3.46805932674,1.15784098447,-2.31021834227
411,3.45747324233,2.6324670906,-0.825006151725
111,3.45491855985,1.36821903684,-2.086699523
424,3.41680864886,0.915657422391,-2.50115122647
340,3.40460034751,1.38221143897,-2.02238890854
434,3.39803342043,1.99224419921,-1.40578922121
240,3.39584865819,2.19445534462,-1.20139331358
221,3.38840614414,2.58102106534,-0.8073850788
408,3.38837838343,1.7850295795,-1.60334880393
446,3.35866732731,1.43290955991,-1.92575776741
488,3.3495598034,0.661415293758,-2.68814450964
502,3.33558456204,1.80571625522,-1.52986830681
507,3.33135078195,1.28667926718,-2.04467151478
104,3.31915966714,1.67351758966,-1.64564207748
210,3.28658123588,2.35956288282,-0.927018353065
286,3.25231133328,0.955432013092,-2.29687932019
70,3.21686949969,2.13856396797,-1.07830553172
285,3.21318948491,2.80703015479,-0.406159330118
475,3.20225093665,1.52285350552,-1.67939743113
185,3.19856993836,0.965800020789,-2.23276991757
239,3.19790610229,0.817359933668,-2.38054616862
91,3.18771522957,2.04051424428,-1.14720098529
246,3.16491609126,3.16491609126,0.0
498,3.15845798027,1.9875910947,-1.17086688556
456,3.14960372693,3.098328476,-0.0512752509302
314,3.14397464671,1.39198529862,-1.75198934809
216,3.1431177326,2.41244386573,-0.730673866869
19,3.13014262106,0.832426153176,-2.29771646789
156,3.11066389293,1.57645460148,-1.53420929145
124,3.10633234324,1.93245173212,-1.17388061111
305,3.09229680077,0.950580024407,-2.14171677636
227,3.09049176952,1.92386371276,-1.16662805676
86,3.08916927329,2.07362381099,-1.01554546231
255,3.088998599,1.96928439158,-1.11971420742
10,3.08023139556,1.72151103999,-1.35872035557
158,3.06733588251,1.54219302937,-1.52514285315
463,3.05842534449,2.52400026228,-0.534425082208
184,3.03656543057,2.68859019852,-0.347975232049
522,3.01658363884,2.54431231472,-0.472271324119
12,3.01406248988,2.16656627389,-0.847496215997
165,3.01241284653,2.65730175169,-0.355111094844
274,3.01168165674,1.63620129186,-1.37548036487
486,3.00676093335,2.05464105632,-0.952119877025
60,3.00143620881,2.75609423825,-0.245341970555
178,2.99384287836,0.936089111978,-2.05775376638
172,2.99198817971,2.8035281337,-0.188460046011
433,2.96147294106,1.85165059845,-1.10982234261
68,2.95080923855,1.62302642927,-1.32778280928
438,2.9469022492,1.06179832496,-1.88510392424
179,2.94095838136,1.51877593816,-1.4221824432
253,2.94083238137,1.88509457549,-1.05573780588
527,2.93929267254,0.818950822985,-2.12034184956
358,2.92973197714,1.45690842514,-1.472823552
373,2.92868335344,2.34494227723,-0.583741076208
467,2.92696138626,1.67817771479,-1.24878367147
182,2.92478398412,2.1970333687,-0.727750615422
115,2.87131141019,1.15952031432,-1.71179109588
556,2.8674119292,2.2125894619,-0.654822467296
206,2.8668384801,1.49268578309,-1.37415269702
478,2.8630022565,0.984172675084,-1.87882958141
449,2.85396959508,0.274257082949,-2.57971251213
127,2.83958734149,2.33152417068,-0.508063170812
244,2.83564329054,1.3373176753,-1.49832561524
417,2.83009595473,2.1692707285,-0.660825226227
71,2.82529638959,1.7384339176,-1.08686247199
402,2.81216941996,2.03382478206,-0.778344637901
114,2.78870604395,1.55786508835,-1.23084095561
425,2.78407878506,0.408215631982,-2.37586315307
211,2.77541257538,1.47844341467,-1.29696916071
159,2.76265162716,1.28108822138,-1.48156340578
168,2.74693938951,2.09730344694,-0.649635942572
209,2.74669169188,1.94155775969,-0.805133932187
135,2.73504240018,1.52801196869,-1.20703043148
526,2.71863890695,2.56826930182,-0.150369605126
321,2.713378519,1.45112294046,-1.26225557855
452,2.7051584717,1.67951145886,-1.02564701283
7,2.70508768352,1.52066425406,-1.18442342947
275,2.68324196216,2.68324196216,0.0
75,2.66215332557,1.93968778316,-0.722465542411
395,2.64247495142,0.978989504964,-1.66348544645
254,2.6396284975,2.1231225893,-0.516505908193
8,2.63416582021,2.3119084466,-0.322257373614
213,2.62128319533,0.615183627038,-2.00609956829
420,2.60827888848,1.84787603594,-0.760402852537
455,2.60131667462,1.90329125076,-0.69802542386
524,2.59626958346,1.19880006679,-1.39746951667
464,2.59367576518,1.37307637607,-1.22059938911
514,2.56785045073,1.79409742391,-0.773753026815
234,2.56384074576,2.11815647203,-0.445684273724
403,2.5633729271,1.66602390207,-0.89734902503
282,2.55684635106,2.33034274712,-0.226503603946
447,2.50214553599,2.10634791489,-0.3957976211
515,2.49558938337,0.883411466072,-1.6121779173
393,2.48606369061,1.40005198605,-1.08601170456
133,2.48211859101,2.41788986625,-0.0642287247569
141,2.47982141906,1.37360972478,-1.10621169428
494,2.46454282126,1.87026865988,-0.594274161376
551,2.45160460864,1.37731856211,-1.07428604653
119,2.44694930697,1.23156420771,-1.21538509926
204,2.44496532623,1.61867513691,-0.826290189316
399,2.44060160742,0.0545559554247,-2.386045652
268,2.43945992332,1.42315719433,-1.01630272899
448,2.4387607971,1.20414548429,-1.23461531281
61,2.43610811132,0.771140843611,-1.66496726771
249,2.43351464748,1.36309453049,-1.07042011699
103,2.43254576895,0.712717621585,-1.71982814736
450,2.42987477295,0.608635585216,-1.82123918774
287,2.42163790273,2.18909373283,-0.232544169898
339,2.41373257144,1.18738577117,-1.22634680027
553,2.41060441739,2.33510361834,-0.0755007990543
229,2.4082778452,1.87696562058,-0.531312224613
401,2.40119684573,1.62145323089,-0.77974361484
4,2.39231841218,1.71432912044,-0.677989291739
292,2.38598785184,0.316490110662,-2.06949774118
521,2.38012875635,1.60250756424,-0.777621192113
529,2.37738643682,1.30643791138,-1.07094852544
73,2.37626715324,0.564664590538,-1.8116025627
238,2.37423983957,1.95758946039,-0.416650379178
468,2.35834518885,1.31128762089,-1.04705756796
550,2.35077459953,1.06499887799,-1.28577572153
102,2.3412375967,1.77591255509,-0.565325041614
413,2.33917452453,1.43194715634,-0.907227368195
546,2.33675471563,0.262798143682,-2.07395657195
207,2.32720207334,1.48874208059,-0.838459992746
439,2.31825738801,0.400061162506,-1.9181962255
74,2.31598825905,0.910955693718,-1.40503256533
392,2.30498505147,1.6180732769,-0.686911774567
558,2.29829687211,1.27482741963,-1.02346945248
101,2.2961818734,1.12267813148,-1.17350374193
38,2.29508268619,0.69606530683,-1.59901737936
39,2.29043314277,1.0658542245,-1.22457891827
520,2.27958014396,0.647449661643,-1.63213048232
383,2.27869900624,1.22480706807,-1.05389193817
59,2.26957361954,1.59395753588,-0.675616083664
13,2.2524357884,1.32005539206,-0.932380396345
560,2.23848497811,0.936772465112,-1.30171251299
414,2.23502418766,1.51466704862,-0.720357139032
416,2.23236241405,1.57078458169,-0.661577832362
192,2.21802823899,0.874470820326,-1.34355741866
313,2.21299771023,1.38844202163,-0.824555688603
142,2.21027521465,1.42384538721,-0.786429827437
451,2.19037029902,1.2589497687,-0.931420530325
281,2.17925525312,1.77350401253,-0.405751240587
167,2.1743534099,0.907901318838,-1.26645209106
11,2.16897179445,1.36835902704,-0.800612767407
31,2.15467010417,1.04590192842,-1.10876817575
511,2.15398745773,1.43624847761,-0.717738980123
284,2.15146775224,1.00649555018,-1.14497220206
187,2.14927180317,1.03065735193,-1.11861445124
6,2.12507130262,0.824937519849,-1.30013378277
139,2.1246003749,0.845180373088,-1.27942000181
177,2.11416900361,1.88456843854,-0.229600565065
441,2.11322601234,0.632972570438,-1.4802534419
302,2.11250083032,0.402831392428,-1.70966943789
52,2.1086723441,0.716660432141,-1.39201191196
422,2.09835720806,1.75764731505,-0.340709893007
418,2.0975185207,1.67204631801,-0.425472202684
143,2.09654414255,2.09654414255,0.0
384,2.09337810013,1.55997248894,-0.533405611188
435,2.09052591216,1.13805132119,-0.952474590966
116,2.09023638847,0.657189912006,-1.43304647646
316,2.06347593655,1.27891942662,-0.784556509932
315,2.06130878079,0.578549186218,-1.48275959457
400,2.05323514525,1.03224321921,-1.02099192604
344,2.03778490832,1.27975611376,-0.758028794555
219,2.03579328471,1.03106285795,-1.00473042677
215,2.0324391783,1.09035204338,-0.942087134924
552,2.03228953741,0.402877003728,-1.62941253369
248,2.03181721531,1.60055529764,-0.431261917668
540,2.02451216442,0.503325880141,-1.52118628428
394,2.02358258316,0.756803574377,-1.26677900878
544,2.00776039717,0.968924700921,-1.03883569625
347,2.00584957558,1.352036874,-0.65381270158
98,2.0051678239,0.859400725468,-1.14576709843
272,2.00183529594,1.749802199,-0.252033096941
222,1.99729680932,1.07850966609,-0.918787143233
312,1.9932599625,1.57215261063,-0.42110735187
407,1.98841377792,0.681322602029,-1.3070911759
218,1.98761657808,0.234934500426,-1.75268207765
134,1.98343862144,0.857833334657,-1.12560528678
88,1.97847513049,0.690341075896,-1.2881340546
186,1.97721157556,1.64362239271,-0.333589182846
132,1.95713781147,0.623782444698,-1.33335536677
327,1.94291517119,1.00945187482,-0.933463296368
50,1.92943407253,1.92943407253,0.0
195,1.92400707605,1.28031540185,-0.643691674197
256,1.92097121382,1.39508895376,-0.525882260055
47,1.90813169425,1.16959441395,-0.738537280303
54,1.89369705637,0.991956590294,-0.901740466077
535,1.8933194562,1.68723484395,-0.206084612248
398,1.87102762052,1.14885540632,-0.722172214201
94,1.8702462145,1.1530227253,-0.717223489201
431,1.86578797722,0.137372198881,-1.72841577833
200,1.84715131809,0.8521338696,-0.995017448492
208,1.84701811121,0.515849664003,-1.3311684472
308,1.84616986427,1.1606072772,-0.685562587075
564,1.84089690002,0.535828039691,-1.30506886033
25,1.83606843878,1.51446857219,-0.321599866588
440,1.83146031073,0.722261786382,-1.10919852435
189,1.82589872565,1.39285239653,-0.433046329116
225,1.81675903895,1.32674796973,-0.490011069213
273,1.81480243523,1.28413817111,-0.530664264127
388,1.80534848973,0.67918777523,-1.1261607145
391,1.80016465214,0.827422077724,-0.972742574419
258,1.7974447079,0.950300520877,-0.847144187023
199,1.79373996445,0.940147571374,-0.853592393073
266,1.78347138695,0.601012075016,-1.18245931193
262,1.78189081357,1.09167868867,-0.690212124899
368,1.78126375317,0.765921607951,-1.01534214522
538,1.77998609403,0.995883580857,-0.784102513175
484,1.7798035719,1.23639262365,-0.543410948256
16,1.77411125153,1.29944561918,-0.474665632352
45,1.76977700025,1.0442382548,-0.725538745452
353,1.76855889671,0.822187303873,-0.946371592839
32,1.76678357141,1.58501010802,-0.18177346339
304,1.76636579856,0.350544855259,-1.4158209433
261,1.75813488757,0.667687597012,-1.09044729056
242,1.75371690043,1.42546443659,-0.328252463841
264,1.75245114929,1.18833813397,-0.564113015328
454,1.75001942713,1.50469175964,-0.245327667492
69,1.74505639728,1.46398713346,-0.281069263823
137,1.74269088393,0.648495794225,-1.0941950897
87,1.74179317098,0.137372898752,-1.60442027223
345,1.74088784039,1.60939577792,-0.131492062473
164,1.74054161044,1.00501982423,-0.73552178621
35,1.73770988321,0.412325097967,-1.32538478524
259,1.73215058589,0.912782174816,-0.819368411078
297,1.71944728968,0.315032211658,-1.40441507803
267,1.71172863318,1.09965427907,-0.612074354115
202,1.70283972101,0.565465040481,-1.13737468053
149,1.69956271541,0.525551635261,-1.17401108015
427,1.6968505108,0.803313828936,-0.893536681869
371,1.68808745883,1.30620167829,-0.381885780542
509,1.68604400643,0.776699972512,-0.909344033921
85,1.67798139487,1.26431555075,-0.41366584412
118,1.67676342103,1.22522179209,-0.451541628942
505,1.67086044145,0.926989344412,-0.743871097038
445,1.66701288989,1.50259459279,-0.1644182971
519,1.66652488437,1.26630028598,-0.400224598384
67,1.66503500685,1.37450884486,-0.290526161994
128,1.66463178992,0.479267835294,-1.18536395463
148,1.66277820858,1.20236161388,-0.460416594706
541,1.66254597683,0.747795594887,-0.914750381939
469,1.66048370026,0.728781618703,-0.931702081554
125,1.6478326041,1.16173605895,-0.48609654515
481,1.64472391076,1.3458209356,-0.298902975157
57,1.64339461601,0.886759600989,-0.756635015017
561,1.64101465196,1.09982491667,-0.541189735291
343,1.64036880734,1.59916345023,-0.0412053571096
34,1.63859865933,1.21072416718,-0.427874492147
396,1.63837122884,1.20229380533,-0.436077423509
543,1.63393319372,0.738812269066,-0.895120924658
203,1.62230552017,0.69085894707,-0.931446573102
547,1.61879036458,0.606704364331,-1.01208600025
288,1.61469025808,0.662376501904,-0.952313756173
491,1.61293272771,1.18856945611,-0.424363271608
406,1.60693161074,1.18503054241,-0.421901068329
385,1.59074835765,1.54221241693,-0.0485359407227
545,1.58762986995,0.765466582412,-0.822163287541
151,1.58638972864,0.540044131824,-1.04634559682
162,1.58457895387,0.159551549644,-1.42502740422
378,1.5808174867,0.852680944075,-0.728136542626
42,1.58050415579,0.332944433471,-1.24755972232
482,1.57782783321,0.500905776109,-1.0769220571
508,1.57722341403,1.00209923047,-0.575124183564
375,1.5750447081,1.28085432813,-0.294190379975
419,1.56923074412,0.969385890682,-0.599844853434
147,1.56713431942,1.02590279613,-0.541231523287
72,1.54465700509,0.749634501789,-0.795022503298
48,1.54172826951,0.776135266846,-0.765593002661
271,1.53716938193,0.510853390265,-1.02631599167
387,1.53099361983,0.592425850826,-0.938567769
473,1.53080377052,1.37184859792,-0.158955172602
280,1.53052075299,1.2794462069,-0.251074546092
79,1.52819528687,0.602061167843,-0.926134119022
453,1.52204146679,0.847972535008,-0.674068931785
335,1.52093822991,0.926314137358,-0.594624092549
293,1.51033101749,1.20785817092,-0.302472846571
549,1.50880764175,0.671317975346,-0.837489666407
265,1.50064650857,0.989746400652,-0.510900107921
78,1.49477825038,0.568987062399,-0.925791187983
457,1.49285808239,1.00019306477,-0.492665017625
121,1.49245931598,0.88616624399,-0.60629307199
349,1.4915953979,0.960704947437,-0.530890450468
140,1.49014263807,0.772903461391,-0.717239176677
554,1.48674374881,0.849047279689,-0.637696469121
64,1.48198530735,0.886281801519,-0.595703505833
56,1.4691539089,0.734261085844,-0.734892823052
354,1.46714701536,0.581472384762,-0.885674630596
15,1.46325209,0.615442046038,-0.847810043962
355,1.46025366369,1.24053692207,-0.219716741624
361,1.45650640855,0.577861318523,-0.878645090029
194,1.45378703641,0.42572521046,-1.02806182595
436,1.45195796694,1.06057949942,-0.39137846752
107,1.44480985671,1.09723991592,-0.34756994079
198,1.44188272163,0.223142997597,-1.21873972403
301,1.44129838451,0.666186968543,-0.775111415969
1,1.43752477042,0.00470953190959,-1.43281523851
351,1.43411281407,1.15550346166,-0.278609352409
496,1.42549259495,0.0,-1.42549259495
49,1.41738011004,1.41738011004,0.0
106,1.41312570554,1.16428342199,-0.24884228355
20,1.40392347587,0.95599771528,-0.447925760588
332,1.40197464492,0.453271161714,-0.948703483204
489,1.39070643717,0.210505179795,-1.18020125738
432,1.38817705989,0.663483709644,-0.724693350241
376,1.38141980797,0.410391593441,-0.971028214529
319,1.37264007829,0.586462767071,-0.786177311223
84,1.36833062978,0.676969800623,-0.691360829154
330,1.36543168778,0.598566904915,-0.766864782867
217,1.36382317652,0.533735141067,-0.830088035451
307,1.35853245736,1.09396506886,-0.264567388505
310,1.34595893951,1.01869846471,-0.327260474797
487,1.3321489287,0.633559356468,-0.698589572232
530,1.32942392811,0.224415945679,-1.10500798244
365,1.32823137628,0.8178969651,-0.510334411178
443,1.32330410942,0.73590588528,-0.587398224141
372,1.31553700747,0.602171419087,-0.713365588386
76,1.3009444219,0.998325366705,-0.302619055195
58,1.30073709684,0.44822764866,-0.852509448183
437,1.29371403863,0.6998356119,-0.593878426735
9,1.29342737542,0.759918992362,-0.533508383054
129,1.29105125944,0.719319643027,-0.571731616416
96,1.28683851484,0.878744721481,-0.408093793363
477,1.28655795166,0.185546599846,-1.10101135181
557,1.28366183606,0.891266252967,-0.39239558309
537,1.2753936962,0.644454786196,-0.630938910001
80,1.2729321977,1.24737801234,-0.0255541853582
33,1.26684378689,0.263405936325,-1.00343785057
458,1.2608605734,0.69283124728,-0.568029326118
533,1.24606178028,0.664675579056,-0.581386201224
196,1.24585125803,0.707794467542,-0.538056790492
243,1.24142938469,1.15450838164,-0.0869210030526
461,1.23623760516,1.23623760516,0.0
18,1.23428284212,0.854099870817,-0.380182971301
329,1.23064297323,0.78391371583,-0.446729257395
82,1.22708773494,0.597060253402,-0.630027481536
144,1.22128374389,0.438066193725,-0.783217550164
40,1.22049598792,0.547006373118,-0.6734896148
252,1.21672781016,0.0,-1.21672781016
516,1.21658737868,0.63185356776,-0.584733810921
323,1.21572381151,0.669014439325,-0.546709372182
181,1.21176592144,0.287954218325,-0.923811703113
92,1.21176142698,1.05747388423,-0.154287542754
324,1.21060771932,0.483097376596,-0.727510342719
279,1.20880596325,0.867951134192,-0.340854829056
331,1.2066434258,1.05643815493,-0.15020527087
380,1.19602016638,0.713718999794,-0.482301166591
333,1.19566541459,1.03201556821,-0.163649846379
161,1.19472329083,0.837492896185,-0.357230394641
247,1.19400397292,1.17772524321,-0.0162787297093
565,1.19367469342,1.09800831208,-0.0956663813445
479,1.17124940789,0.810052690815,-0.361196717076
263,1.167877551,0.966215016803,-0.201662534193
152,1.16664431559,0.904561844815,-0.262082470777
348,1.1585037391,0.360147290143,-0.79835644896
97,1.1530567222,1.1530567222,0.0
174,1.14821214779,0.326869371356,-0.821342776435
122,1.14730318745,0.486097638666,-0.66120554878
360,1.14370154862,1.13216156084,-0.0115399877785
531,1.12940469713,0.607775569743,-0.521629127384
444,1.12625237944,1.12625237944,0.0
548,1.12496276047,0.55797564547,-0.566987114996
532,1.11941192996,0.799539170877,-0.319872759079
364,1.10756248052,0.502640483743,-0.604921996776
442,1.10388778103,1.10388778103,0.0
480,1.09676631158,0.255839487571,-0.840926824008
359,1.09117006766,0.42884921701,-0.66232085065
525,1.09080111423,0.734563037263,-0.356238076962
95,1.09049013987,0.394072746409,-0.696417393461
341,1.08696662669,1.03425102928,-0.0527155974096
563,1.08674059466,0.336168904101,-0.750571690554
377,1.08561683981,0.72563028948,-0.359986550335
55,1.06516506561,0.137423484357,-0.927741581253
322,1.05622169275,0.591577796604,-0.464643896145
367,1.04858209327,0.889534671245,-0.159047422023
269,1.04690234717,0.376341132316,-0.670561214851
77,1.04110626122,0.614703431808,-0.426402829408
270,1.03525768401,0.0547222359413,-0.980535448069
28,1.02863641038,0.442210980753,-0.586425429624
63,1.02837429652,0.717550913974,-0.310823382541
26,1.02208009752,0.6487497779,-0.373330319618
29,1.01934035437,0.718073940838,-0.301266413531
483,1.01715421037,0.272011650966,-0.745142559405
334,1.01132751603,1.00060415921,-0.0107233568161
328,1.00986332192,0.644133571479,-0.365729750442
296,1.00863844742,0.438148974027,-0.570489473388
130,1.00669603845,0.848413846458,-0.158282191995
166,1.00614573203,0.0,-1.00614573203
426,1.00399325245,0.442945845567,-0.561047406879
44,1.00238819725,0.558006011406,-0.444382185848
495,0.997301771356,0.0,-0.997301771356
534,0.997027300687,0.919426403792,-0.0776008968952
311,0.992822539133,0.578629626445,-0.414192912688
81,0.990704886776,0.605529762511,-0.385175124265
183,0.987373607609,0.463813839339,-0.52355976827
346,0.978943792154,0.519964426284,-0.45897936587
465,0.97629109549,0.416789189504,-0.559501905986
163,0.957194807371,0.277064560199,-0.680130247173
191,0.955260874299,0.455093513973,-0.500167360325
131,0.954471843626,0.137456013016,-0.81701583061
338,0.953822242834,0.953822242834,0.0
485,0.949310369382,0.783648757594,-0.165661611788
300,0.938379068865,0.811233056517,-0.127146012348
423,0.937396623072,0.6417455714,-0.295651051672
93,0.936703206842,0.771528967667,-0.165174239175
559,0.924402734931,0.457586187334,-0.466816547598
500,0.922879678884,0.582969251832,-0.339910427052
295,0.921695740409,0.251008925145,-0.670686815264
46,0.907442133445,0.698723597485,-0.20871853596
366,0.89983832836,0.894352519007,-0.00548580935252
22,0.896801017899,0.296563833754,-0.600237184145
30,0.894371944472,0.212904240339,-0.681467704132
462,0.892336273479,0.67454095556,-0.217795317919
260,0.888018135985,0.57908029169,-0.308937844295
241,0.884863577518,0.1374207121,-0.747442865418
350,0.878578580061,0.377405492199,-0.501173087862
108,0.869472479015,0.627158433673,-0.242314045342
539,0.868891572557,0.610881023378,-0.258010549178
336,0.864874198737,0.0865193763188,-0.778354822418
325,0.86054053849,0.58781151661,-0.27272902188
536,0.856438720016,0.782787215726,-0.0736515042897
117,0.848610729355,0.545751314194,-0.30285941516
51,0.845152202097,0.73380601166,-0.111346190436
362,0.84010148324,0.119084834738,-0.721016648502
160,0.838635753745,0.211607062865,-0.627028690881
43,0.836242489671,0.285245492581,-0.55099699709
193,0.834684405464,0.230923379934,-0.603761025531
379,0.833595626917,0.137418044165,-0.696177582752
14,0.833509338865,0.590437373926,-0.24307196494
112,0.824392038448,0.824392038448,0.0
23,0.811092032492,0.811092032492,0.0
109,0.807177903009,0.807177903009,0.0
352,0.806065214113,0.421997692398,-0.384067521716
21,0.797238603886,0.346783289038,-0.450455314848
27,0.789603442981,0.5769711978,-0.212632245181
36,0.771205282521,0.529684264348,-0.241521018173
492,0.763608414343,0.530570554162,-0.233037860181
430,0.749052908557,0.659062392653,-0.0899905159046
342,0.748808593505,0.680215125776,-0.0685934677291
233,0.742122203099,0.297724137324,-0.444398065775
245,0.74056387642,0.717183560334,-0.023380316086
24,0.734787426973,0.526255325509,-0.208532101464
357,0.732554401193,0.113506040795,-0.619048360398
472,0.701193808742,0.587153793427,-0.114040015315
105,0.672557970936,0.485606342943,-0.186951627993
363,0.653525947471,0.0,-0.653525947471
309,0.640490912196,0.312967247863,-0.327523664333
320,0.639285158512,0.315961203708,-0.323323954804
298,0.636022731743,0.496937471969,-0.139085259774
110,0.632206156654,0.500640616648,-0.131565540005
356,0.573336881679,0.571128648924,-0.00220823275507
250,0.545827255565,0.518820482017,-0.027006773548
120,0.526986098037,0.308735916682,-0.218250181355
291,0.507842803608,0.505700745914,-0.00214205769364
374,0.487565104706,0.0,-0.487565104706
41,0.478226903291,0.0706332558723,-0.407593647419
317,0.382561254413,0.130499186776,-0.252062067637
190,0.294883600948,0.0153568317305,-0.279526769218
17,0.293706384364,0.249582313213,-0.0441240711505
66,0.193354218133,0.157711206979,-0.0356430111549
566,0.0,0.0,0.0
