0  0.25260 -0.65070 -0.39810  0.90330 
1  4.24537 -2.21842  2.02695  6.46379 
2  1.31323 -2.04928 -0.73605  3.36251 
3  1.63335 -3.03357 -1.40022  4.66692 
4  2.06841 -1.20256  0.86585  3.27097 
5  1.21034 -1.04247  0.16787  2.25281 
6  2.53561 -1.76261  0.77300  4.29822 
7  1.10612 -0.25284  0.85328  1.35896 
8  0.19992 -1.61182 -1.41190  1.81174 
9  1.11278 -1.27763 -0.16485  2.39041 
10  2.74247 -2.18924  0.55323  4.93171 
11  2.72768 -1.05673  1.67095  3.78441 
12  0.89600 -0.35059  0.54541  1.24659 
13  0.99327 -0.54618  0.44709  1.53945 
14  0.77584 -0.73400  0.04184  1.50984 
15  0.91827 -1.66528 -0.74701  2.58355 
16  0.53483 -0.98626 -0.45143  1.52109 
17  0.48053 -0.95026 -0.46973  1.43079 
18  1.49444 -1.50911 -0.01467  3.00355 
19  0.22139 -1.44849 -1.22710  1.66988 
20  0.32010 -0.84244 -0.52234  1.16254 
21  0.29294 -0.15614  0.13680  0.44908 
22  0.00000 -1.05325 -1.05325  1.05325 
23  0.44201 -1.18403 -0.74202  1.62604 
24  1.18643 -1.11026  0.07617  2.29669 
25  0.49856 -0.64880 -0.15024  1.14736 
26  0.80260 -0.57641  0.22619  1.37901 
27  0.34336 -0.06299  0.28037  0.40635 
28  0.54839 -2.00241 -1.45402  2.55080 
29  0.52470 -0.75417 -0.22947  1.27887 
30  1.54523 -0.01689  1.52834  1.56212 
31  1.48018 -0.64712  0.83306  2.12730 
32  0.29882 -0.31828 -0.01946  0.61710 
33  0.20937 -0.45348 -0.24411  0.66285 
34  0.26297 -1.16514 -0.90217  1.42811 
35  1.48924 -0.93857  0.55067  2.42781 
36  1.47553 -1.14319  0.33234  2.61872 
37  0.96424 -0.46206  0.50218  1.42630 
38  0.36434 -0.46852 -0.10418  0.83286 
39  1.26287 -0.29722  0.96565  1.56009 
40  0.65721 -0.82158 -0.16437  1.47879 
41  0.52100 -1.47415 -0.95315  1.99515 
42  0.08729 -0.37026 -0.28297  0.45755 
43  0.99877 -0.15743  0.84134  1.15620 
44  0.62746 -0.76093 -0.13347  1.38839 
45  0.49430 -0.15336  0.34094  0.64766 
46  1.60550 -1.47521  0.13029  3.08071 
47  1.47220 -0.35245  1.11975  1.82465 
48  0.08864 -0.53440 -0.44576  0.62304 
49  0.89876 -0.14822  0.75054  1.04698 
50  0.12977 -2.62142 -2.49165  2.75119 
51  0.92810 -1.98553 -1.05743  2.91363 
52  1.99952 -2.98755 -0.98803  4.98707 
53  0.80479 -1.29047 -0.48568  2.09526 
54  0.03140 -0.57341 -0.54201  0.60481 
55  0.52708 -0.85804 -0.33096  1.38512 
56  2.46325 -1.23129  1.23196  3.69454 
57  1.65749 -0.11715  1.54034  1.77464 
58  0.65495 -0.74570 -0.09075  1.40065 
59  1.62647 -2.29403 -0.66756  3.92050 
60  0.92925 -0.45332  0.47593  1.38257 
61  2.53907 -2.66357 -0.12450  5.20264 
62  0.48624 -0.53864 -0.05240  1.02488 
63  2.81423 -1.95425  0.85998  4.76848 
64  1.96505 -0.52010  1.44495  2.48515 
65  0.74642 -0.37660  0.36982  1.12302 
66  0.18155 -0.41681 -0.23526  0.59836 
67  1.34052 -4.58998 -3.24946  5.93050 
68  0.73973 -0.54408  0.19565  1.28381 
69  0.84091 -2.32804 -1.48713  3.16895 
70  3.26981 -1.41754  1.85227  4.68735 
71  0.86885 -0.46667  0.40218  1.33552 
72  1.46469 -0.98262  0.48207  2.44731 
73  0.29022 -0.85010 -0.55988  1.14032 
74  0.27423 -1.90051 -1.62628  2.17474 
75  0.78626 -0.16594  0.62032  0.95220 
76  0.06820 -0.42489 -0.35669  0.49309 
77  0.40786 -0.94760 -0.53974  1.35546 
78  1.38824 -0.17415  1.21409  1.56239 
79  0.83716  0.00000  0.83716  0.83716 
80  1.55143 -0.46687  1.08456  2.01830 
81  0.22222 -1.31888 -1.09666  1.54110 
82  1.34742 -2.58537 -1.23795  3.93279 
83  0.22444 -0.67499 -0.45055  0.89943 
84  0.18244 -0.65903 -0.47659  0.84147 
85  2.12811 -2.96090 -0.83279  5.08901 
86  0.75103 -0.42260  0.32843  1.17363 
87  1.56559 -1.29013  0.27546  2.85572 
88  2.06097 -3.90993 -1.84896  5.97090 
89  2.54008 -2.28851  0.25157  4.82859 
90  2.59650 -1.72482  0.87168  4.32132 
91  4.70095 -1.30974  3.39121  6.01069 
92  0.64475 -0.49856  0.14619  1.14331 
93  0.44795 -0.22807  0.21988  0.67602 
94  0.61370 -0.15363  0.46007  0.76733 
95  0.94191 -0.51814  0.42377  1.46005 
96  0.25026 -0.66350 -0.41324  0.91376 
97  0.13087 -0.60110 -0.47023  0.73197 
98  1.32400 -3.84468 -2.52068  5.16868 
99  3.05644 -1.15759  1.89885  4.21403 
100  1.10245 -1.06613  0.03632  2.16858 
101  3.13602 -0.66612  2.46990  3.80214 
102  2.58852 -1.42677  1.16175  4.01529 
103  2.78150 -1.92917  0.85233  4.71067 
104  0.32847 -0.06644  0.26203  0.39491 
105  1.53030 -0.18558  1.34472  1.71588 
106  1.02913 -0.99007  0.03906  2.01920 
107  0.61522 -0.49248  0.12274  1.10770 
108  0.77618 -0.39021  0.38597  1.16639 
109  0.59114 -0.06289  0.52825  0.65403 
110  1.25474 -2.48183 -1.22709  3.73657 
111  1.47605 -0.06209  1.41396  1.53814 
112  3.48949 -3.38680  0.10269  6.87629 
113  0.51976 -2.94213 -2.42237  3.46189 
114  1.92210 -2.09875 -0.17665  4.02085 
115  1.15695 -2.03699 -0.88004  3.19394 
116  0.84750 -0.15110  0.69640  0.99860 
117  0.54151 -0.30426  0.23725  0.84577 
118  1.99315 -1.97485  0.01830  3.96800 
119  0.26515 -0.02711  0.23804  0.29226 
120  0.74108 -0.15083  0.59025  0.89191 
121  0.13741 -0.81173 -0.67432  0.94914 
122  1.74149 -2.98745 -1.24596  4.72894 
123  2.50246 -0.88872  1.61374  3.39118 
124  1.92234  0.00000  1.92234  1.92234 
125  3.59865 -0.70970  2.88895  4.30835 
126  2.60285 -0.92204  1.68081  3.52489 
127  1.17362 -1.08031  0.09331  2.25393 
128  0.81209 -1.46134 -0.64925  2.27343 
129  0.43370 -0.93180 -0.49810  1.36550 
130  1.01790 -0.86146  0.15644  1.87936 
131  1.00607 -0.30228  0.70379  1.30835 
132  1.37665 -0.84316  0.53349  2.21981 
133  0.68970 -0.03440  0.65530  0.72410 
134  1.77633 -1.07839  0.69794  2.85472 
135  3.86399 -1.75159  2.11240  5.61558 
136  2.12356 -1.30999  0.81357  3.43355 
137  3.41505 -1.86037  1.55468  5.27542 
138  1.48729 -2.63130 -1.14401  4.11859 
139  2.11393 -0.03405  2.07988  2.14798 
140  1.09685 -1.19097 -0.09412  2.28782 
141  0.34316 -0.68575 -0.34259  1.02891 
142  1.28701 -1.76654 -0.47953  3.05355 
143  0.00000 -1.58082 -1.58082  1.58082 
144  0.55201 -0.74500 -0.19299  1.29701 
145  0.77815 -2.04553 -1.26738  2.82368 
146  0.78419  0.00000  0.78419  0.78419 
147  1.25816 -0.51805  0.74011  1.77621 
148  0.89363  0.00000  0.89363  0.89363 
149  1.89863 -0.45614  1.44249  2.35477 
150  0.64415 -0.51269  0.13146  1.15684 
151  0.76550 -0.11795  0.64755  0.88345 
152  2.66641 -1.22619  1.44022  3.89260 
153  2.69006 -1.46628  1.22378  4.15634 
154  1.27022 -4.21998 -2.94976  5.49020 
155  0.93855 -2.08173 -1.14318  3.02028 
156  1.79412 -2.22134 -0.42722  4.01546 
157  2.92631 -1.50883  1.41748  4.43514 
158  1.22522 -1.85391 -0.62869  3.07913 
159  0.67255 -0.38907  0.28348  1.06162 
160  0.63377 -0.61987  0.01390  1.25364 
161  1.72391 -0.33365  1.39026  2.05756 
162  1.31891 -0.17254  1.14637  1.49145 
163  0.17241 -1.36530 -1.19289  1.53771 
164  0.76770 -1.11860 -0.35090  1.88630 
165  0.26809 -0.74638 -0.47829  1.01447 
166  0.17462 -0.66108 -0.48646  0.83570 
167  0.73593 -1.28085 -0.54492  2.01678 
168  3.83490 -0.48189  3.35301  4.31679 
169  2.87797 -1.85189  1.02608  4.72986 
170  1.13128 -3.13682 -2.00554  4.26810 
171  1.71279 -1.28980  0.42299  3.00259 
172  3.11839 -1.31764  1.80075  4.43603 
173  0.70732 -0.10614  0.60118  0.81346 
174  5.78262 -0.26514  5.51748  6.04776 
175  3.16325 -3.03968  0.12357  6.20293 
176  3.15050 -0.82662  2.32388  3.97712 
177  1.45337 -3.64781 -2.19444  5.10118 
178  3.07542 -2.41202  0.66340  5.48744 
179  1.35772 -1.31537  0.04235  2.67309 
180  0.00000 -1.57957 -1.57957  1.57957 
181  1.37360 -1.27586  0.09774  2.64946 
182  1.62670 -0.30233  1.32437  1.92903 
183  3.33433 -1.34047  1.99386  4.67480 
184  2.16341 -0.21719  1.94622  2.38060 
185  2.32709 -0.98622  1.34087  3.31331 
186  2.73843 -2.07122  0.66721  4.80965 
187  2.55918 -1.50407  1.05511  4.06325 
188  1.15566 -0.15083  1.00483  1.30649 
189  0.06437 -1.17150 -1.10713  1.23587 
190  0.00000 -0.84212 -0.84212  0.84212 
191  0.26582 -1.18251 -0.91669  1.44833 
192  1.27191  0.00000  1.27191  1.27191 
193  1.72784  0.00000  1.72784  1.72784 
194  0.49786 -0.29528  0.20258  0.79314 
195  1.11590 -0.50750  0.60840  1.62340 
196  0.70821 -1.12921 -0.42100  1.83742 
197  0.80461 -0.28283  0.52178  1.08744 
198  1.05897 -1.54575 -0.48678  2.60472 
199  0.61973 -0.18329  0.43644  0.80302 
200  1.27009 -3.94133 -2.67124  5.21142 
201  0.76957 -1.55520 -0.78563  2.32477 
202  0.34255 -0.99351 -0.65096  1.33606 
203  0.59094 -0.76627 -0.17533  1.35721 
204  0.86018 -3.56433 -2.70415  4.42451 
205  1.32576 -1.57011 -0.24435  2.89587 
206  0.87364 -0.67371  0.19993  1.54735 
207  0.61352 -0.13776  0.47576  0.75128 
208  1.24997 -4.07597 -2.82600  5.32594 
209  2.82518 -2.12760  0.69758  4.95278 
210  0.95918 -3.17966 -2.22048  4.13884 
211  4.97627 -1.07739  3.89888  6.05366 
212  1.55232 -0.22391  1.32841  1.77623 
213  1.00726 -0.25670  0.75056  1.26396 
214  1.09188 -0.42408  0.66780  1.51596 
215  1.77892 -2.39338 -0.61446  4.17230 
216  0.12502 -0.53085 -0.40583  0.65587 
217  1.79784 -2.21891 -0.42107  4.01675 
218  0.54854 -0.89679 -0.34825  1.44533 
219  1.45922 -1.89999 -0.44077  3.35921 
220  2.70234 -1.71206  0.99028  4.41440 
221  1.80984 -0.89864  0.91120  2.70848 
222  2.11753 -1.46696  0.65057  3.58449 
223  1.17104 -1.27886 -0.10782  2.44990 
224  0.84331 -0.91695 -0.07364  1.76026 
225  1.77693 -0.77651  1.00042  2.55344 
226  2.61252 -1.39143  1.22109  4.00395 
227  1.43148 -0.36787  1.06361  1.79935 
228  1.67053 -1.88876 -0.21823  3.55929 
229  1.74360 -1.56088  0.18272  3.30448 
230  1.64488 -2.56369 -0.91881  4.20857 
231  2.64245 -3.04564 -0.40319  5.68809 
232  0.43980 -0.62181 -0.18201  1.06161 
233  2.37004 -1.56520  0.80484  3.93524 
234  2.91903 -0.72943  2.18960  3.64846 
235  3.54578 -2.05005  1.49573  5.59583 
236  2.91583 -1.11035  1.80548  4.02618 
237  1.34169 -0.89020  0.45149  2.23189 
238  1.60339 -0.93038  0.67301  2.53377 
239  0.90188 -2.73138 -1.82950  3.63326 
240  0.12622 -0.00216  0.12406  0.12838 
241  0.59868 -0.18283  0.41585  0.78151 
242  0.11356 -0.53499 -0.42143  0.64855 
243  2.16541 -0.97251  1.19290  3.13792 
244  0.69812 -0.12110  0.57702  0.81922 
245  0.93015 -0.24176  0.68839  1.17191 
246  0.95443  0.00000  0.95443  0.95443 
247  2.34973 -0.42905  1.92068  2.77878 
248  1.07921 -1.46184 -0.38263  2.54105 
249  1.07688 -0.77991  0.29697  1.85679 
250  3.06455 -1.47030  1.59425  4.53485 
251  1.05358 -0.78134  0.27224  1.83492 
252  1.45916 -0.83393  0.62523  2.29309 
253  0.88248 -1.00273 -0.12025  1.88521 
254  3.47740 -1.48210  1.99530  4.95950 
255  0.36138 -1.11000 -0.74862  1.47138 
256  2.20845 -2.12123  0.08722  4.32968 
257  0.54631 -0.33188  0.21443  0.87819 
258  1.18079 -0.33938  0.84141  1.52017 
259  1.32723 -0.21730  1.10993  1.54453 
260  0.72762 -0.63800  0.08962  1.36562 
261  0.89490 -0.27602  0.61888  1.17092 
262  0.88531 -0.07528  0.81003  0.96059 
263  0.98251 -0.11026  0.87225  1.09277 
264  0.84417 -0.34971  0.49446  1.19388 
265  0.88452 -0.27983  0.60469  1.16435 
266  0.00000 -0.23056 -0.23056  0.23056 
267  1.92555 -0.98497  0.94058  2.91052 
268  1.00715 -0.51127  0.49588  1.51842 
269  0.09552 -0.69739 -0.60187  0.79291 
270  0.52206 -0.41324  0.10882  0.93530 
271  1.79786 -0.87785  0.92001  2.67571 
272  1.92656 -0.33696  1.58960  2.26352 
273  3.53738 -1.84903  1.68835  5.38641 
274  0.74227 -0.28677  0.45550  1.02904 
275  2.60819 -1.69336  0.91483  4.30155 
276  5.15822 -1.63960  3.51862  6.79782 
277  2.13928 -1.63404  0.50524  3.77332 
278  1.05038 -0.10429  0.94609  1.15467 
279  2.15032 -0.43791  1.71241  2.58823 
280  0.91267 -0.51317  0.39950  1.42584 
281  1.43280 -0.06028  1.37252  1.49308 
282  1.70781 -1.74819 -0.04038  3.45600 
283  1.04189 -0.34241  0.69948  1.38430 
284  3.69822 -2.55133  1.14689  6.24955 
285  3.17200 -2.58699  0.58501  5.75899 
286  1.26139 -2.59650 -1.33511  3.85789 
287  2.49743 -3.58876 -1.09133  6.08619 
288  2.34280 -2.19732  0.14548  4.54012 
289  1.25565 -1.49660 -0.24095  2.75225 
290  0.74111 -0.42550  0.31561  1.16661 
291  0.58557 -1.94547 -1.35990  2.53104 
292  1.34061 -0.88558  0.45503  2.22619 
293  3.45992 -1.95253  1.50739  5.41245 
294  1.02552 -0.79676  0.22876  1.82228 
295  0.23800 -0.01547  0.22253  0.25347 
296  0.65651 -0.84984 -0.19333  1.50635 
297  1.05018 -0.44621  0.60397  1.49639 
298  4.62443 -2.86656  1.75787  7.49099 
299  0.65538 -0.40896  0.24642  1.06434 
300  1.29147 -0.01948  1.27199  1.31095 
301  1.56426 -0.55475  1.00951  2.11901 
302  1.74421 -4.79918 -3.05497  6.54339 
303  0.56477 -0.47495  0.08982  1.03972 
304  1.55396 -2.09409 -0.54013  3.64805 
305  0.62157 -2.27879 -1.65722  2.90036 
306  1.13717 -0.62212  0.51505  1.75929 
307  2.24500 -0.17462  2.07038  2.41962 
308  1.26226 -0.03529  1.22697  1.29755 
309  0.32484 -0.50344 -0.17860  0.82828 
310  0.31266 -0.51649 -0.20383  0.82915 
311  1.76002 -1.39416  0.36586  3.15418 
312  1.70732 -0.72081  0.98651  2.42813 
313  1.79805 -2.45998 -0.66193  4.25803 
314  2.28636 -3.58354 -1.29718  5.86990 
315  1.16558 -0.35861  0.80697  1.52419 
316  0.37443 -0.25892  0.11551  0.63335 
317  2.05880 -1.60967  0.44913  3.66847 
318  0.13897 -0.36102 -0.22205  0.49999 
319  0.35055 -1.33843 -0.98788  1.68898 
320  2.32777 -1.10496  1.22281  3.43273 
321  0.80304 -1.58217 -0.77913  2.38521 
322  2.38130 -0.43477  1.94653  2.81607 
323  0.98184 -1.48128 -0.49944  2.46312 
324  1.84434 -0.35651  1.48783  2.20085 
325  1.53635 -2.00548 -0.46913  3.54183 
326  0.90915 -0.42075  0.48840  1.32990 
327  0.91827 -0.01762  0.90065  0.93589 
328  0.92887 -0.69055  0.23832  1.61942 
329  0.70147 -0.54372  0.15775  1.24519 
330  0.52213 -0.05607  0.46606  0.57820 
331  0.68621 -0.16545  0.52076  0.85166 
332  0.80571 -0.03453  0.77118  0.84024 
333  0.70176 -0.24969  0.45207  0.95145 
334  1.00626 -0.53607  0.47019  1.54233 
335  0.12337 -0.12245  0.00092  0.24582 
336  1.89845 -2.64091 -0.74246  4.53936 
337  0.49161 -1.59154 -1.09993  2.08315 
338  0.93968 -1.48840 -0.54872  2.42808 
339  0.00000 -1.13274 -1.13274  1.13274 
340  0.12036 -0.60828 -0.48792  0.72864 
341  0.45603 -0.12865  0.32738  0.58468 
342  0.14812 -0.16243 -0.01431  0.31055 
343  0.42748 -0.15838  0.26910  0.58586 
344  0.94252 -0.95838 -0.01586  1.90090 
345  0.93949 -0.17722  0.76227  1.11671 
346  1.07379 -0.22538  0.84841  1.29917 
347  0.57676 -0.69718 -0.12042  1.27394 
348  0.91606 -0.44029  0.47577  1.35635 
349  0.03540 -1.18672 -1.15132  1.22212 
350  0.25476 -0.67117 -0.41641  0.92593 
351  0.11654 -0.28914 -0.17260  0.40568 
352  1.19675 -2.15440 -0.95765  3.35115 
353  0.06464 -0.57102 -0.50638  0.63566 
354  0.59201 -0.43446  0.15755  1.02647 
355  0.00000 -0.72126 -0.72126  0.72126 
356  0.62727 -0.52113  0.10614  1.14840 
357  0.96892 -2.28660 -1.31768  3.25552 
358  1.06082 -0.22566  0.83516  1.28648 
359  0.60185 -1.12079 -0.51894  1.72264 
360  0.26978 -1.78569 -1.51591  2.05547 
361  0.97890  0.00000  0.97890  0.97890 
362  0.45560 -0.15668  0.29892  0.61228 
363  0.24364 -0.84505 -0.60141  1.08869 
364  0.97281 -1.11475 -0.14194  2.08756 
365  0.14905 -0.44882 -0.29977  0.59787 
366  0.37841 -0.97657 -0.59816  1.35498 
367  1.27185 -1.51455 -0.24270  2.78640 
368  1.31583 -2.48862 -1.17279  3.80445 
369  0.81374 -1.04126 -0.22752  1.85500 
370  0.37286 -0.06859  0.30427  0.44145 
371  1.11477 -0.73959  0.37518  1.85436 
372  0.88370 -2.87039 -1.98669  3.75409 
373  0.48035 -0.26583  0.21452  0.74618 
374  1.39018 -2.47899 -1.08881  3.86917 
375  0.95106 -0.74183  0.20923  1.69289 
376  0.22289 -0.37602 -0.15313  0.59891 
377  0.67794 -1.13741 -0.45947  1.81535 
378  0.69266 -0.66885  0.02381  1.36151 
379  0.29716 -0.91362 -0.61646  1.21078 
380  1.63032 -2.74753 -1.11721  4.37785 
381  2.17632 -1.44788  0.72844  3.62420 
382  0.74108 -1.03595 -0.29487  1.77703 
383  0.34060 -0.00001  0.34059  0.34061 
384  1.09152 -0.42676  0.66476  1.51828 
385  1.15657 -3.96760 -2.81103  5.12417 
386  1.07008 -0.94209  0.12799  2.01217 
387  1.10154 -0.95497  0.14657  2.05651 
388  1.84413 -1.50798  0.33615  3.35211 
389  0.88717 -3.15941 -2.27224  4.04658 
390  0.30747 -0.38391 -0.07644  0.69138 
391  1.07765 -0.43175  0.64590  1.50940 
392  1.06767 -0.75125  0.31642  1.81892 
393  1.24711  0.00000  1.24711  1.24711 
394  0.90912 -0.02442  0.88470  0.93354 
395  0.32180 -0.96083 -0.63903  1.28263 
396  0.88490 -1.33841 -0.45351  2.22331 
397  0.57902 -0.61868 -0.03966  1.19770 
398  0.26444 -0.23651  0.02793  0.50095 
399  1.45732 -0.97806  0.47926  2.43538 
400  1.53646 -0.75633  0.78013  2.29279 
401  0.42641 -0.78931 -0.36290  1.21572 
402  1.48499 -1.32869  0.15630  2.81368 
403  0.91881 -1.73062 -0.81181  2.64943 
404  0.72564 -1.03718 -0.31154  1.76282 
405  1.62995 -0.70244  0.92751  2.33239 
406  1.08091 -1.55175 -0.47084  2.63266 
407  2.28334 -1.32717  0.95617  3.61051 
408  1.03250 -0.82545  0.20705  1.85795 
409  0.95378 -1.53414 -0.58036  2.48792 
410  1.86105 -0.61785  1.24320  2.47890 
411  2.98893 -2.04179  0.94714  5.03072 
412  1.37607 -0.86971  0.50636  2.24578 
413  0.00057 -2.52362 -2.52305  2.52419 
414  3.03947 -2.91841  0.12106  5.95788 
415  0.14956 -0.45185 -0.30229  0.60141 
416  0.54820 -0.67104 -0.12284  1.21924 
417  0.40073 -0.80899 -0.40826  1.20972 
418  0.20335 -0.24580 -0.04245  0.44915 
419  0.00301 -0.84848 -0.84547  0.85149 
420  1.44440 -0.60060  0.84380  2.04500 
421  0.62512 -0.52747  0.09765  1.15259 
422  0.37899 -0.06903  0.30996  0.44802 
423  1.88302 -0.63740  1.24562  2.52042 
424  1.00861 -0.20334  0.80527  1.21195 
425  0.66437 -0.40438  0.25999  1.06875 
426  1.22015 -0.40370  0.81645  1.62385 
427  1.43472  0.00000  1.43472  1.43472 
428  1.15119 -0.99556  0.15563  2.14675 
429  0.60666 -0.23765  0.36901  0.84431 
430  0.23582 -0.17444  0.06138  0.41026 
431  0.74108 -0.06910  0.67198  0.81018 
432  1.53779 -0.38632  1.15147  1.92411 
433  1.51758 -0.56602  0.95156  2.08360 
434  0.14303 -0.28522 -0.14219  0.42825 
435  0.61175 -0.55449  0.05726  1.16624 
436  0.35957 -0.68454 -0.32497  1.04411 
437  1.14698 -1.04674  0.10024  2.19372 
438  0.35851 -0.30806  0.05045  0.66657 
439  0.82191 -0.55132  0.27059  1.37323 
440  0.36779 -1.07451 -0.70672  1.44230 
441  0.00396 -0.10907 -0.10511  0.11303 
442  1.07496  0.00000  1.07496  1.07496 
443  0.00000 -1.23333 -1.23333  1.23333 
444  0.73137 -0.12146  0.60991  0.85283 
445  0.65793 -0.04290  0.61503  0.70083 
446  0.28060 -0.18030  0.10030  0.46090 
447  0.89714 -0.36365  0.53349  1.26079 
448  0.44800 -0.49572 -0.04772  0.94372 
449  0.50358 -0.05662  0.44696  0.56020 
450  0.39767 -0.34705  0.05062  0.74472 
451  0.64778 -0.90436 -0.25658  1.55214 
452  0.00152 -1.02367 -1.02215  1.02519 
453  0.90099 -0.81898  0.08201  1.71997 
454  0.54279 -1.30360 -0.76081  1.84639 
455  0.69391 -2.17113 -1.47722  2.86504 
456  0.43502 -0.54411 -0.10909  0.97913 
457  0.17201 -0.73302 -0.56101  0.90503 
458  1.37116 -0.87259  0.49857  2.24375 
459  0.45211 -1.08910 -0.63699  1.54121 
460  0.37918 -0.57182 -0.19264  0.95100 
461  0.49850 -0.48962  0.00888  0.98812 
462  1.23496 -0.55454  0.68042  1.78950 
463  0.00000 -1.85976 -1.85976  1.85976 
464  0.12552 -1.44967 -1.32415  1.57519 
465  1.38121 -0.99968  0.38153  2.38089 
466  2.11743 -0.56902  1.54841  2.68645 
467  0.59633 -2.70587 -2.10954  3.30220 
468  2.03993 -0.28828  1.75165  2.32821 
469  1.30270 -0.99719  0.30551  2.29989 
470  1.94126 -1.56064  0.38062  3.50190 
471  0.88843 -0.14395  0.74448  1.03238 
472  0.45491 -0.62634 -0.17143  1.08125 
473  2.80402 -1.61946  1.18456  4.42348 
474  0.68290 -2.03567 -1.35277  2.71857 
475  1.94133 -1.70418  0.23715  3.64551 
476  1.15060 -0.16478  0.98582  1.31538 
477  1.10488 -0.53905  0.56583  1.64393 
478  0.52898 -1.17980 -0.65082  1.70878 
479  0.28627 -0.52021 -0.23394  0.80648 
480  2.86759 -0.77944  2.08815  3.64703 
481  2.16172 -2.38088 -0.21916  4.54260 
482  0.18413 -2.13243 -1.94830  2.31656 
483  0.59644 -2.02036 -1.42392  2.61680 
484  1.20768 -1.12237  0.08531  2.33005 
485  2.49387 -1.22165  1.27222  3.71552 
486  0.19683 -0.14123  0.05560  0.33806 
487  0.17985 -1.47439 -1.29454  1.65424 
488  1.25372 -1.45062 -0.19690  2.70434 
489  1.98337 -1.79445  0.18892  3.77782 
490  1.20595 -0.02591  1.18004  1.23186 
491  0.73332 -0.15004  0.58328  0.88336 
492  1.27184 -1.55349 -0.28165  2.82533 
493  1.51554 -2.05798 -0.54244  3.57352 
494  0.26291 -1.00038 -0.73747  1.26329 
495  0.84935 -0.58597  0.26338  1.43532 
496  0.63124 -4.91340 -4.28216  5.54464 
497  0.58561 -0.83682 -0.25121  1.42243 
498  0.73110 -4.30245 -3.57135  5.03355 
499  0.86432 -2.50840 -1.64408  3.37272 
500  1.93124 -1.19189  0.73935  3.12313 
501  1.54863 -0.66967  0.87896  2.21830 
502  2.94003 -1.55217  1.38786  4.49220 
503  1.40944 -4.10071 -2.69127  5.51015 
504  1.17906 -0.67862  0.50044  1.85768 
505  1.57214 -2.20517 -0.63303  3.77731 
506  2.27659 -2.62775 -0.35116  4.90434 
507  1.94042 -1.06878  0.87164  3.00920 
508  0.55321 -0.88355 -0.33034  1.43676 
509  1.62087 -1.87009 -0.24922  3.49096 
510  0.84557 -3.39535 -2.54978  4.24092 
511  0.73174 -4.64409 -3.91235  5.37583 
512  2.42261 -1.76338  0.65923  4.18599 
513  2.32640 -1.11989  1.20651  3.44629 
514  4.66098 -1.45955  3.20143  6.12053 
515  0.94272 -0.17031  0.77241  1.11303 
516  1.21834 -2.73660 -1.51826  3.95494 
517  1.01679 -2.43187 -1.41508  3.44866 
518  0.26719 -1.36196 -1.09477  1.62915 
519  1.52621 -2.42004 -0.89383  3.94625 
520  0.77480 -1.43942 -0.66462  2.21422 
521  1.73662 -0.84400  0.89262  2.58062 
522  3.81326 -0.59660  3.21666  4.40986 
523  1.23284 -1.00193  0.23091  2.23477 
524  0.56852 -0.92095 -0.35243  1.48947 
525  1.48440 -2.12294 -0.63854  3.60734 
526  2.30206 -0.23101  2.07105  2.53307 
527  2.09246 -0.47362  1.61884  2.56608 
528  1.67227 -0.70729  0.96498  2.37956 
529  0.54740  0.00000  0.54740  0.54740 
530  0.11188 -0.41705 -0.30517  0.52893 
531  0.39863 -0.25322  0.14541  0.65185 
532  0.17565 -0.70055 -0.52490  0.87620 
533  0.41226  0.00000  0.41226  0.41226 
534  0.31750 -0.91489 -0.59739  1.23239 
535  0.67533 -0.72285 -0.04752  1.39818 
536  0.26440 -0.36524 -0.10084  0.62964 
537  0.52961 -3.27055 -2.74094  3.80016 
538  0.63212  0.00000  0.63212  0.63212 
539  1.13234 -0.97015  0.16219  2.10249 
540  0.58385 -0.54252  0.04133  1.12637 
541  1.00667 -0.93444  0.07223  1.94111 
542  2.34351 -1.37309  0.97042  3.71660 
543  0.40049 -0.43841 -0.03792  0.83890 
544  0.49010 -0.46609  0.02401  0.95619 
545  0.92059 -0.20314  0.71745  1.12373 
546  0.52889 -1.07001 -0.54112  1.59890 
547  0.91247 -0.74615  0.16632  1.65862 
548  0.09027 -1.94268 -1.85241  2.03295 
549  0.66609 -1.17789 -0.51180  1.84398 
550  0.81206 -1.42837 -0.61631  2.24043 
551  0.21838 -0.85895 -0.64057  1.07733 
552  1.16630 -1.11273  0.05357  2.27903 
553  2.28337 -0.53519  1.74818  2.81856 
554  1.74223 -1.58905  0.15318  3.33128 
555  1.51019 -0.71935  0.79084  2.22954 
556  1.21788 -0.21540  1.00248  1.43328 
557  1.22743 -0.56075  0.66668  1.78818 
558  0.72624 -0.16439  0.56185  0.89063 
559  0.81296 -1.85425 -1.04129  2.66721 
560  1.30739 -0.68422  0.62317  1.99161 
561  2.36168 -1.43443  0.92725  3.79611 
562  0.92907 -0.06797  0.86110  0.99704 
563  0.77082 -0.28809  0.48273  1.05891 
564  0.47683 -0.88035 -0.40352  1.35718 
