0  0.50724  0.00000  0.50724  0.50724 
1  4.74661 -1.51356  3.23305  6.26017 
2  1.91314 -1.64334  0.26980  3.55648 
3  2.69065 -2.66745  0.02320  5.35810 
4  1.37290 -1.79248 -0.41958  3.16538 
5  1.67847 -0.37152  1.30695  2.04999 
6  1.20998 -2.11887 -0.90889  3.32885 
7  0.82244 -0.84865 -0.02621  1.67109 
8  0.83144 -1.08486 -0.25342  1.91630 
9  0.68985 -0.82261 -0.13276  1.51246 
10  0.86003 -2.47437 -1.61434  3.33440 
11  1.65366 -1.06520  0.58846  2.71886 
12  0.36957 -1.35074 -0.98117  1.72031 
13  0.72434 -1.04075 -0.31641  1.76509 
14  0.77076 -0.33848  0.43228  1.10924 
15  0.51963 -0.88861 -0.36898  1.40824 
16  0.99104 -0.23827  0.75277  1.22931 
17  0.55007 -0.66679 -0.11672  1.21686 
18  0.92587 -0.72129  0.20458  1.64716 
19  0.27670 -0.17518  0.10152  0.45188 
20  0.62475 -0.27283  0.35192  0.89758 
21  0.61514 -0.32047  0.29467  0.93561 
22  0.07749 -0.67102 -0.59353  0.74851 
23  0.13740 -1.00842 -0.87102  1.14582 
24  0.93369 -1.52310 -0.58941  2.45679 
25  0.07796 -1.31659 -1.23863  1.39455 
26  0.93739 -0.29792  0.63947  1.23531 
27  1.53937 -0.08922  1.45015  1.62859 
28  0.39050 -0.10409  0.28641  0.49459 
29  1.35217  0.00000  1.35217  1.35217 
30  1.10701 -0.41648  0.69053  1.52349 
31  0.16496 -0.73466 -0.56970  0.89962 
32  0.07807 -0.35644 -0.27837  0.43451 
33  0.38636 -0.31432  0.07204  0.70068 
34  0.56073  0.00000  0.56073  0.56073 
35  0.62282 -0.61357  0.00925  1.23639 
36  0.98388 -1.17687 -0.19299  2.16075 
37  0.48917 -1.31006 -0.82089  1.79923 
38  1.29780 -0.07632  1.22148  1.37412 
39  0.67081 -0.11994  0.55087  0.79075 
40  0.64221 -0.45276  0.18945  1.09497 
41  1.28631 -0.48281  0.80350  1.76912 
42  0.33690 -0.40211 -0.06521  0.73901 
43  0.29601  0.00000  0.29601  0.29601 
44  0.78350 -0.58999  0.19351  1.37349 
45  1.04661  0.00000  1.04661  1.04661 
46  1.09645 -0.90033  0.19612  1.99678 
47  0.68215 -0.84108 -0.15893  1.52323 
48  0.02656 -0.72853 -0.70197  0.75509 
49  0.15051 -0.77170 -0.62119  0.92221 
50  1.03293 -1.16904 -0.13611  2.20197 
51  1.34310 -0.89093  0.45217  2.23403 
52  1.77781 -1.58220  0.19561  3.36001 
53  0.00000 -1.04779 -1.04779  1.04779 
54  0.58138  0.00000  0.58138  0.58138 
55  0.46945 -0.80835 -0.33890  1.27780 
56  1.84089 -0.70327  1.13762  2.54416 
57  0.78584 -0.31827  0.46757  1.10411 
58  0.51659 -1.21189 -0.69530  1.72848 
59  1.56240 -2.59174 -1.02934  4.15414 
60  0.00000 -1.09287 -1.09287  1.09287 
61  0.57881 -1.45817 -0.87936  2.03698 
62  0.03428 -1.05035 -1.01607  1.08463 
63  1.02638 -0.13140  0.89498  1.15778 
64  0.88466 -3.41384 -2.52918  4.29850 
65  1.42775 -0.07969  1.34806  1.50744 
66  0.20929 -0.78653 -0.57724  0.99582 
67  1.53740 -3.89123 -2.35383  5.42863 
68  0.50394 -0.21782  0.28612  0.72176 
69  2.94639 -1.21415  1.73224  4.16054 
70  1.05439 -1.54036 -0.48597  2.59475 
71  0.52067 -0.02698  0.49369  0.54765 
72  0.72199 -0.44966  0.27233  1.17165 
73  1.63165 -0.37815  1.25350  2.00980 
74  0.88612 -0.75512  0.13100  1.64124 
75  0.39162 -0.40033 -0.00871  0.79195 
76  0.69240 -0.08177  0.61063  0.77417 
77  1.32276 -0.08912  1.23364  1.41188 
78  0.20043 -1.10466 -0.90423  1.30509 
79  0.80803 -0.44147  0.36656  1.24950 
80  0.77250 -0.11954  0.65296  0.89204 
81  1.11211  0.00000  1.11211  1.11211 
82  0.14219 -2.27039 -2.12820  2.41258 
83  0.49548 -0.86750 -0.37202  1.36298 
84  0.56951 -0.90233 -0.33282  1.47184 
85  1.36506 -2.20360 -0.83854  3.56866 
86  1.07122 -0.60840  0.46282  1.67962 
87  0.46235 -1.76847 -1.30612  2.23082 
88  1.24983 -1.32728 -0.07745  2.57711 
89  3.49716 -0.58281  2.91435  4.07997 
90  2.03460 -1.19467  0.83993  3.22927 
91  1.71461 -1.78503 -0.07042  3.49964 
92  0.51637 -0.31489  0.20148  0.83126 
93  0.37252 -0.79644 -0.42392  1.16896 
94  0.44496 -1.11192 -0.66696  1.55688 
95  0.59141 -0.18756  0.40385  0.77897 
96  0.32071 -0.20368  0.11703  0.52439 
97  0.19733 -0.29637 -0.09904  0.49370 
98  1.11131 -2.00683 -0.89552  3.11814 
99  2.12105 -0.88926  1.23179  3.01031 
100  1.83685 -1.40971  0.42714  3.24656 
101  1.15834 -1.21138 -0.05304  2.36972 
102  1.17740 -0.85809  0.31931  2.03549 
103  2.39440 -3.03057 -0.63617  5.42497 
104  0.13918 -0.29892 -0.15974  0.43810 
105  2.42643 -0.41717  2.00926  2.84360 
106  0.28186 -0.81845 -0.53659  1.10031 
107  0.66473 -0.38110  0.28363  1.04583 
108  0.28710 -0.51667 -0.22957  0.80377 
109  0.00000 -0.64295 -0.64295  0.64295 
110  1.00798 -1.53762 -0.52964  2.54560 
111  1.81520 -0.13294  1.68226  1.94814 
112  3.89823 -1.04292  2.85531  4.94115 
113  1.47447 -0.51575  0.95872  1.99022 
114  1.91380 -1.28886  0.62494  3.20266 
115  1.27279 -0.56215  0.71064  1.83494 
116  0.14056 -0.27419 -0.13363  0.41475 
117  0.74553 -0.43925  0.30628  1.18478 
118  0.76624 -0.50571  0.26053  1.27195 
119  0.40373 -0.09180  0.31193  0.49553 
120  0.77314 -0.27932  0.49382  1.05246 
121  0.00000 -0.95660 -0.95660  0.95660 
122  1.28208 -0.72956  0.55252  2.01164 
123  0.29849 -1.29950 -1.00101  1.59799 
124  0.48157 -1.82676 -1.34519  2.30833 
125  2.23774 -2.11809  0.11965  4.35583 
126  1.53069 -0.86528  0.66541  2.39597 
127  0.89015 -1.28052 -0.39037  2.17067 
128  0.36679 -0.53269 -0.16590  0.89948 
129  0.66927 -0.48329  0.18598  1.15256 
130  0.71204 -0.40347  0.30857  1.11551 
131  0.42283 -0.69032 -0.26749  1.11315 
132  0.81166 -0.59749  0.21417  1.40915 
133  0.43450 -0.31149  0.12301  0.74599 
134  1.13393 -0.78270  0.35123  1.91663 
135  0.98028 -2.12355 -1.14327  3.10383 
136  2.06316 -1.09657  0.96659  3.15973 
137  2.84380 -1.60727  1.23653  4.45107 
138  2.37477 -1.22665  1.14812  3.60142 
139  0.44434 -0.42340  0.02094  0.86774 
140  1.58254 -0.86901  0.71353  2.45155 
141  0.44398 -1.22858 -0.78460  1.67256 
142  1.44107 -1.44126 -0.00019  2.88233 
143  0.69300 -0.00062  0.69238  0.69362 
144  0.52449 -1.54182 -1.01733  2.06631 
145  2.57161 -0.38911  2.18250  2.96072 
146  0.21542 -0.23716 -0.02174  0.45258 
147  1.77324 -0.46343  1.30981  2.23667 
148  0.00000 -0.82101 -0.82101  0.82101 
149  0.72649 -1.26851 -0.54202  1.99500 
150  1.06333  0.00000  1.06333  1.06333 
151  0.25570 -0.52134 -0.26564  0.77704 
152  2.45881 -3.00802 -0.54921  5.46683 
153  2.13912 -3.45816 -1.31904  5.59728 
154  1.70309 -2.19527 -0.49218  3.89836 
155  0.39136 -1.67777 -1.28641  2.06913 
156  2.68932 -1.47883  1.21049  4.16815 
157  2.34980 -0.49885  1.85095  2.84865 
158  1.02867 -0.38511  0.64356  1.41378 
159  0.90783 -0.23699  0.67084  1.14482 
160  0.81247 -0.32888  0.48359  1.14135 
161  0.76688 -0.71030  0.05658  1.47718 
162  1.05513 -0.56025  0.49488  1.61538 
163  1.36446  0.00000  1.36446  1.36446 
164  0.19461 -0.37808 -0.18347  0.57269 
165  0.46596 -0.74362 -0.27766  1.20958 
166  0.67427 -1.21153 -0.53726  1.88580 
167  1.19554 -0.90742  0.28812  2.10296 
168  1.47043 -1.51084 -0.04041  2.98127 
169  4.41394 -1.32409  3.08985  5.73803 
170  1.58399 -2.77941 -1.19542  4.36340 
171  1.38864 -1.21349  0.17515  2.60213 
172  2.71092 -1.13102  1.57990  3.84194 
173  1.28620 -0.74568  0.54052  2.03188 
174  2.83186 -1.18652  1.64534  4.01838 
175  2.68905 -1.53348  1.15557  4.22253 
176  0.48520 -2.45073 -1.96553  2.93593 
177  1.64225  0.00000  1.64225  1.64225 
178  2.79608 -0.70876  2.08732  3.50484 
179  2.52041 -1.98248  0.53793  4.50289 
180  0.51893 -0.02460  0.49433  0.54353 
181  1.75520 -2.96372 -1.20852  4.71892 
182  0.51522 -0.37322  0.14200  0.88844 
183  2.10997 -1.73721  0.37276  3.84718 
184  1.24466 -1.67467 -0.43001  2.91933 
185  2.22557 -1.66967  0.55590  3.89524 
186  1.06246 -0.46090  0.60156  1.52336 
187  2.48484 -0.64578  1.83906  3.13062 
188  0.79763  0.00000  0.79763  0.79763 
189  0.52900 -0.25938  0.26962  0.78838 
190  0.38943 -0.52416 -0.13473  0.91359 
191  0.88547 -0.83491  0.05056  1.72038 
192  0.19342 -0.20094 -0.00752  0.39436 
193  0.69936 -0.43389  0.26547  1.13325 
194  0.35225 -1.55305 -1.20080  1.90530 
195  0.19697 -1.45800 -1.26103  1.65497 
196  0.94064 -1.29628 -0.35564  2.23692 
197  0.79305 -0.70505  0.08800  1.49810 
198  1.07482 -1.03278  0.04204  2.10760 
199  1.36023 -0.45387  0.90636  1.81410 
200  1.82313 -1.71971  0.10342  3.54284 
201  0.46670 -1.04559 -0.57889  1.51229 
202  0.58265 -0.32054  0.26211  0.90319 
203  1.02294 -0.55652  0.46642  1.57946 
204  2.37613 -1.92470  0.45143  4.30083 
205  2.07056 -0.35931  1.71125  2.42987 
206  0.31092 -0.65377 -0.34285  0.96469 
207  0.60707  0.00000  0.60707  0.60707 
208  1.01425 -2.37636 -1.36211  3.39061 
209  2.82780 -1.02162  1.80618  3.84942 
210  1.19811 -2.12459 -0.92648  3.32270 
211  0.74241 -2.98048 -2.23807  3.72289 
212  1.63525 -0.13077  1.50448  1.76602 
213  1.04329 -0.05517  0.98812  1.09846 
214  0.40502 -0.35941  0.04561  0.76443 
215  0.40512 -2.25987 -1.85475  2.66499 
216  0.17478 -0.39032 -0.21554  0.56510 
217  0.77282 -0.78416 -0.01134  1.55698 
218  0.72603 -0.96430 -0.23827  1.69033 
219  3.48183 -1.95183  1.53000  5.43366 
220  2.33533 -1.78038  0.55495  4.11571 
221  0.62539 -0.98598 -0.36059  1.61137 
222  1.51124 -1.51544 -0.00420  3.02668 
223  0.53289 -2.59199 -2.05910  3.12488 
224  1.04040 -0.88631  0.15409  1.92671 
225  0.82863 -0.26086  0.56777  1.08949 
226  1.05440 -2.32987 -1.27547  3.38427 
227  1.61589 -0.68295  0.93294  2.29884 
228  1.36537 -1.60610 -0.24073  2.97147 
229  2.55200 -2.09916  0.45284  4.65116 
230  1.19856 -1.76842 -0.56986  2.96698 
231  1.89541 -3.03771 -1.14230  4.93312 
232  0.25209 -1.21394 -0.96185  1.46603 
233  1.15414 -1.48032 -0.32618  2.63446 
234  1.58948 -2.60162 -1.01214  4.19110 
235  1.11305 -1.38310 -0.27005  2.49615 
236  1.23591 -1.57245 -0.33654  2.80836 
237  0.63322 -0.38461  0.24861  1.01783 
238  0.96752 -0.64468  0.32284  1.61220 
239  1.11228 -1.62164 -0.50936  2.73392 
240  0.44873 -0.71148 -0.26275  1.16021 
241  0.08930 -0.71509 -0.62579  0.80439 
242  0.37181  0.00000  0.37181  0.37181 
243  0.89301 -1.16195 -0.26894  2.05496 
244  0.37715  0.00000  0.37715  0.37715 
245  0.85915 -0.69320  0.16595  1.55235 
246  0.42226 -0.33851  0.08375  0.76077 
247  1.15415 -1.04604  0.10811  2.20019 
248  0.29399 -0.87142 -0.57743  1.16541 
249  1.56426  0.00000  1.56426  1.56426 
250  2.28716 -2.41504 -0.12788  4.70220 
251  1.07329 -0.10743  0.96586  1.18072 
252  2.24275 -0.57180  1.67095  2.81455 
253  0.52365 -0.60925 -0.08560  1.13290 
254  0.73515 -1.27472 -0.53957  2.00987 
255  1.54182  0.00000  1.54182  1.54182 
256  1.65049 -0.87667  0.77382  2.52716 
257  0.77745 -0.41773  0.35972  1.19518 
258  0.99915 -0.50758  0.49157  1.50673 
259  0.06203 -0.83826 -0.77623  0.90029 
260  1.12270 -0.12682  0.99588  1.24952 
261  0.69739 -0.41382  0.28357  1.11121 
262  0.02610 -0.50927 -0.48317  0.53537 
263  1.18247 -0.41709  0.76538  1.59956 
264  0.88762 -0.35574  0.53188  1.24336 
265  1.16940 -0.55175  0.61765  1.72115 
266  0.80725 -0.60987  0.19738  1.41712 
267  1.13767 -0.74012  0.39755  1.87779 
268  0.00000 -0.16114 -0.16114  0.16114 
269  0.00000 -0.92171 -0.92171  0.92171 
270  0.25854 -0.71422 -0.45568  0.97276 
271  1.62925 -0.91980  0.70945  2.54905 
272  0.86537 -1.63893 -0.77356  2.50430 
273  4.20866 -0.76614  3.44252  4.97480 
274  1.70173 -0.73098  0.97075  2.43271 
275  1.54109 -0.89355  0.64754  2.43464 
276  2.85440 -2.69208  0.16232  5.54648 
277  3.67938 -1.87991  1.79947  5.55929 
278  1.99022 -0.25964  1.73058  2.24986 
279  0.69962 -0.73042 -0.03080  1.43004 
280  0.46036 -0.98843 -0.52807  1.44879 
281  0.32711 -1.29970 -0.97259  1.62681 
282  2.63900 -1.66019  0.97881  4.29919 
283  0.27654 -1.09208 -0.81554  1.36862 
284  1.20470 -3.26006 -2.05536  4.46476 
285  0.56638 -2.00746 -1.44108  2.57384 
286  1.18135 -0.70161  0.47974  1.88296 
287  0.87680 -0.82234  0.05446  1.69914 
288  1.35809 -1.48857 -0.13048  2.84666 
289  1.82361 -0.18027  1.64334  2.00388 
290  0.07237 -0.32966 -0.25729  0.40203 
291  1.20456 -2.25302 -1.04846  3.45758 
292  1.20165 -0.59433  0.60732  1.79598 
293  0.28569 -3.46037 -3.17468  3.74606 
294  1.30553 -0.07661  1.22892  1.38214 
295  0.17957 -0.29531 -0.11574  0.47488 
296  1.69179 -0.08875  1.60304  1.78054 
297  0.72437 -0.59272  0.13165  1.31709 
298  2.17533 -2.82072 -0.64539  4.99605 
299  0.14950 -0.33009 -0.18059  0.47959 
300  1.33652 -0.17580  1.16072  1.51232 
301  0.00000 -0.71271 -0.71271  0.71271 
302  2.42243 -2.20072  0.22171  4.62315 
303  1.08751 -0.79726  0.29025  1.88477 
304  1.37910 -1.22460  0.15450  2.60370 
305  0.91139 -1.35429 -0.44290  2.26568 
306  0.94355 -0.20464  0.73891  1.14819 
307  0.27878 -0.87259 -0.59381  1.15137 
308  0.07032 -0.35146 -0.28114  0.42178 
309  0.59286 -0.48485  0.10801  1.07771 
310  0.00000 -1.85776 -1.85776  1.85776 
311  1.14046 -1.53831 -0.39785  2.67877 
312  0.91074 -1.53193 -0.62119  2.44267 
313  1.88401 -2.28311 -0.39910  4.16712 
314  1.11460 -0.62995  0.48465  1.74455 
315  1.24200 -0.31610  0.92590  1.55810 
316  0.55477  0.00000  0.55477  0.55477 
317  1.44289 -2.13804 -0.69515  3.58093 
318  0.49354 -0.20269  0.29085  0.69623 
319  0.88388  0.00000  0.88388  0.88388 
320  2.19598 -2.45569 -0.25971  4.65167 
321  0.28183 -0.91684 -0.63501  1.19867 
322  1.19456 -0.14198  1.05258  1.33654 
323  0.61650 -0.96435 -0.34785  1.58085 
324  0.98533 -0.25853  0.72680  1.24386 
325  2.29715 -0.22535  2.07180  2.52250 
326  0.32445 -0.88013 -0.55568  1.20458 
327  0.64610 -0.04182  0.60428  0.68792 
328  0.72623 -0.13769  0.58854  0.86392 
329  0.44322 -0.72381 -0.28059  1.16703 
330  0.49782 -0.38462  0.11320  0.88244 
331  0.07647 -1.04250 -0.96603  1.11897 
332  0.85831 -0.09482  0.76349  0.95313 
333  0.01679 -0.74024 -0.72345  0.75703 
334  0.50436 -0.53537 -0.03101  1.03973 
335  0.26047 -0.42356 -0.16309  0.68403 
336  0.59125 -0.80702 -0.21577  1.39827 
337  0.62916 -0.25235  0.37681  0.88151 
338  0.87853 -1.87894 -1.00041  2.75747 
339  0.24809 -0.97331 -0.72522  1.22140 
340  0.04255 -0.34805 -0.30550  0.39060 
341  0.09011 -0.52808 -0.43797  0.61819 
342  0.99248 -0.45971  0.53277  1.45219 
343  0.61560 -0.81135 -0.19575  1.42695 
344  0.44527 -0.64838 -0.20311  1.09365 
345  0.13739 -1.22653 -1.08914  1.36392 
346  0.75977 -0.37185  0.38792  1.13162 
347  1.47571 -0.08602  1.38969  1.56173 
348  0.14082 -0.55689 -0.41607  0.69771 
349  0.16234 -0.54314 -0.38080  0.70548 
350  0.08378 -0.29642 -0.21264  0.38020 
351  1.04020 -0.23969  0.80051  1.27989 
352  0.32003 -0.05902  0.26101  0.37905 
353  0.13729 -1.24619 -1.10890  1.38348 
354  0.38320 -0.95823 -0.57503  1.34143 
355  0.62180 -0.38332  0.23848  1.00512 
356  1.37875  0.00000  1.37875  1.37875 
357  1.27527 -1.21389  0.06138  2.48916 
358  0.27336 -0.80701 -0.53365  1.08037 
359  0.94895 -0.27201  0.67694  1.22096 
360  0.46472 -1.76745 -1.30273  2.23217 
361  0.93716 -0.05450  0.88266  0.99166 
362  0.26098 -0.65952 -0.39854  0.92050 
363  0.67140  0.00000  0.67140  0.67140 
364  0.00000 -0.68651 -0.68651  0.68651 
365  0.35859  0.00000  0.35859  0.35859 
366  0.08954 -0.68959 -0.60005  0.77913 
367  1.00663 -1.15329 -0.14666  2.15992 
368  2.06065 -1.58341  0.47724  3.64406 
369  1.39849 -0.88967  0.50882  2.28816 
370  0.61339 -0.97431 -0.36092  1.58770 
371  0.85096 -0.45971  0.39125  1.31067 
372  0.80710 -0.94973 -0.14263  1.75683 
373  0.58916 -0.00917  0.57999  0.59833 
374  1.67805 -1.07371  0.60434  2.75176 
375  0.78886 -0.07631  0.71255  0.86517 
376  0.15253 -1.03508 -0.88255  1.18761 
377  0.50334 -0.39292  0.11042  0.89626 
378  0.97408 -0.29323  0.68085  1.26731 
379  0.41902 -0.42159 -0.00257  0.84061 
380  0.83254 -1.83373 -1.00119  2.66627 
381  1.63129 -0.70285  0.92844  2.33414 
382  1.27650 -0.42606  0.85044  1.70256 
383  0.05823 -0.94705 -0.88882  1.00528 
384  0.14367 -0.32577 -0.18210  0.46944 
385  0.96319 -0.81212  0.15107  1.77531 
386  0.53168 -0.58541 -0.05373  1.11709 
387  0.63556 -1.39037 -0.75481  2.02593 
388  1.38796 -1.41430 -0.02634  2.80226 
389  1.98775 -0.59189  1.39586  2.57964 
390  0.26445 -0.77396 -0.50951  1.03841 
391  2.05189 -1.37574  0.67615  3.42763 
392  0.50960 -1.27590 -0.76630  1.78550 
393  0.78737 -0.22154  0.56583  1.00891 
394  0.63816  0.00000  0.63816  0.63816 
395  0.76844 -1.24142 -0.47298  2.00986 
396  1.09333 -0.85904  0.23429  1.95237 
397  0.67678 -0.22168  0.45510  0.89846 
398  0.84189  0.00000  0.84189  0.84189 
399  0.82236 -0.65376  0.16860  1.47612 
400  1.16012 -1.05500  0.10512  2.21512 
401  0.88561 -0.22137  0.66424  1.10698 
402  1.52816 -0.92872  0.59944  2.45688 
403  1.57030 -1.39613  0.17417  2.96643 
404  1.49010 -0.94699  0.54311  2.43709 
405  2.34422 -0.35736  1.98686  2.70158 
406  1.25380 -0.30547  0.94833  1.55927 
407  1.79837 -0.82710  0.97127  2.62547 
408  2.74532 -0.44536  2.29996  3.19068 
409  0.20067 -0.84305 -0.64238  1.04372 
410  0.84114 -1.05643 -0.21529  1.89757 
411  1.00650 -2.64419 -1.63769  3.65069 
412  0.60964 -0.14924  0.46040  0.75888 
413  0.68444 -1.27518 -0.59074  1.95962 
414  2.75486 -2.32584  0.42902  5.08070 
415  0.20671 -0.78069 -0.57398  0.98740 
416  0.41684 -0.29058  0.12626  0.70742 
417  0.69232 -0.74734 -0.05502  1.43966 
418  0.31802 -0.73814 -0.42012  1.05616 
419  0.70894 -0.05765  0.65129  0.76659 
420  1.15331 -0.18759  0.96572  1.34090 
421  0.27090 -0.31799 -0.04709  0.58889 
422  0.13745 -0.31847 -0.18102  0.45592 
423  0.50812 -1.06386 -0.55574  1.57198 
424  1.11660 -0.33963  0.77697  1.45623 
425  0.15248 -0.17299 -0.02051  0.32547 
426  0.35944 -0.10964  0.24980  0.46908 
427  0.83107 -0.04297  0.78810  0.87404 
428  0.33717 -0.65184 -0.31467  0.98901 
429  1.65974  0.00000  1.65974  1.65974 
430  0.36854 -0.83039 -0.46185  1.19893 
431  0.65533 -0.37717  0.27816  1.03250 
432  0.32446 -0.15668  0.16778  0.48114 
433  0.81132 -0.53241  0.27891  1.34373 
434  0.00000 -0.44072 -0.44072  0.44072 
435  0.36466 -0.11002  0.25464  0.47468 
436  0.40691  0.00000  0.40691  0.40691 
437  1.42390 -0.27601  1.14789  1.69991 
438  1.00731 -0.09076  0.91655  1.09807 
439  0.63607 -0.05400  0.58207  0.69007 
440  1.15582  0.00000  1.15582  1.15582 
441  0.45691 -0.32740  0.12951  0.78431 
442  0.62016  0.00000  0.62016  0.62016 
443  0.00000 -0.14818 -0.14818  0.14818 
444  0.28928 -0.35070 -0.06142  0.63998 
445  0.51247 -0.94161 -0.42914  1.45408 
446  0.19751 -0.56257 -0.36506  0.76008 
447  0.52994 -0.45008  0.07986  0.98002 
448  0.22986 -1.14447 -0.91461  1.37433 
449  0.69206 -0.26178  0.43028  0.95384 
450  0.24683 -0.44401 -0.19718  0.69084 
451  0.48283 -0.59649 -0.11366  1.07932 
452  0.41500 -0.11483  0.30017  0.52983 
453  0.54999 -0.55629 -0.00630  1.10628 
454  0.11325 -0.62923 -0.51598  0.74248 
455  1.28293 -1.08972  0.19321  2.37265 
456  0.26393 -0.53796 -0.27403  0.80189 
457  0.03569 -0.77079 -0.73510  0.80648 
458  0.59457 -1.50151 -0.90694  2.09608 
459  0.80386 -1.10787 -0.30401  1.91173 
460  0.50121  0.00000  0.50121  0.50121 
461  0.62372  0.00000  0.62372  0.62372 
462  0.78484 -0.89004 -0.10520  1.67488 
463  0.01644 -0.80278 -0.78634  0.81922 
464  0.79368 -0.16917  0.62451  0.96285 
465  0.18652 -1.22111 -1.03459  1.40763 
466  1.41351 -1.13760  0.27591  2.55111 
467  1.00940 -1.41456 -0.40516  2.42396 
468  0.40243 -0.68475 -0.28232  1.08718 
469  1.26154 -1.55732 -0.29578  2.81886 
470  2.12658 -0.75038  1.37620  2.87696 
471  0.67014 -0.64999  0.02015  1.32013 
472  0.44593 -0.08391  0.36202  0.52984 
473  2.92864 -1.75221  1.17643  4.68085 
474  0.89473 -0.52915  0.36558  1.42388 
475  0.92206 -0.66595  0.25611  1.58801 
476  1.89618 -0.26763  1.62855  2.16381 
477  0.60068 -0.18985  0.41083  0.79053 
478  0.84546  0.00000  0.84546  0.84546 
479  0.27498 -0.63532 -0.36034  0.91030 
480  1.48696 -0.30766  1.17930  1.79462 
481  1.09167 -0.91142  0.18025  2.00309 
482  0.05542 -0.26263 -0.20721  0.31805 
483  0.21702 -1.67678 -1.45976  1.89380 
484  0.89159 -0.44545  0.44614  1.33704 
485  2.20762 -2.76498 -0.55736  4.97260 
486  0.05780 -0.57320 -0.51540  0.63100 
487  0.96584 -0.71272  0.25312  1.67856 
488  0.38038 -0.14194  0.23844  0.52232 
489  3.33848 -2.30153  1.03695  5.64001 
490  0.71953 -0.30589  0.41364  1.02542 
491  0.28772 -0.69835 -0.41063  0.98607 
492  0.49076 -0.63303 -0.14227  1.12379 
493  0.89694 -1.45843 -0.56149  2.35537 
494  0.90218 -1.02354 -0.12136  1.92572 
495  0.02432 -1.00263 -0.97831  1.02695 
496  1.03691 -3.60704 -2.57013  4.64395 
497  0.81927 -0.40726  0.41201  1.22653 
498  0.97716 -2.75708 -1.77992  3.73424 
499  0.35939 -0.30210  0.05729  0.66149 
500  0.27206 -1.89823 -1.62617  2.17029 
501  0.52430 -1.52946 -1.00516  2.05376 
502  0.37421 -1.98739 -1.61318  2.36160 
503  1.95866 -1.34997  0.60869  3.30863 
504  0.13736 -1.07086 -0.93350  1.20822 
505  0.57189 -1.80369 -1.23180  2.37558 
506  0.73843 -2.14475 -1.40632  2.88318 
507  2.17504 -2.37242 -0.19738  4.54746 
508  2.04531 -1.13984  0.90547  3.18515 
509  1.93868 -1.77411  0.16457  3.71279 
510  0.87581 -1.60189 -0.72608  2.47770 
511  1.39752 -2.10099 -0.70347  3.49851 
512  1.32701 -0.59285  0.73416  1.91986 
513  0.80879 -2.62450 -1.81571  3.43329 
514  2.94681 -1.02243  1.92438  3.96924 
515  1.76778 -0.65516  1.11262  2.42294 
516  2.09847 -1.81623  0.28224  3.91470 
517  0.90689 -1.96736 -1.06047  2.87425 
518  0.21300 -0.56656 -0.35356  0.77956 
519  2.71572 -1.51294  1.20278  4.22866 
520  1.96401 -1.05185  0.91216  3.01586 
521  1.10380 -0.67858  0.42522  1.78238 
522  0.97979 -1.32885 -0.34906  2.30864 
523  1.46234 -2.07499 -0.61265  3.53733 
524  1.24835 -1.45904 -0.21069  2.70739 
525  1.46156 -1.73049 -0.26893  3.19205 
526  0.89459 -0.68389  0.21070  1.57848 
527  0.40314 -0.62101 -0.21787  1.02415 
528  0.14275 -1.74101 -1.59826  1.88376 
529  0.24350 -0.09740  0.14610  0.34090 
530  0.00000 -1.31140 -1.31140  1.31140 
531  0.48726 -0.75346 -0.26620  1.24072 
532  0.53761 -0.85747 -0.31986  1.39508 
533  0.24770 -0.94788 -0.70018  1.19558 
534  0.65464 -0.42555  0.22909  1.08019 
535  0.56649 -0.21493  0.35156  0.78142 
536  0.00000 -0.52463 -0.52463  0.52463 
537  0.59472 -0.51283  0.08189  1.10755 
538  0.68467 -0.23797  0.44670  0.92264 
539  1.15449 -1.01377  0.14072  2.16826 
540  1.22912 -2.68902 -1.45990  3.91814 
541  0.93299 -0.78629  0.14670  1.71928 
542  0.58218 -1.54484 -0.96266  2.12702 
543  0.01345 -0.39680 -0.38335  0.41025 
544  0.89648 -0.48780  0.40868  1.38428 
545  0.39618 -0.25295  0.14323  0.64913 
546  0.67858 -0.15620  0.52238  0.83478 
547  1.20579 -0.23858  0.96721  1.44437 
548  0.41564 -1.66795 -1.25231  2.08359 
549  0.99297 -0.48752  0.50545  1.48049 
550  0.54658 -0.49349  0.05309  1.04007 
551  0.65320 -0.64118  0.01202  1.29438 
552  0.74950 -0.87010 -0.12060  1.61960 
553  0.79036 -0.79117 -0.00081  1.58153 
554  1.38853 -0.80069  0.58784  2.18922 
555  0.56532 -1.39799 -0.83267  1.96331 
556  1.61862  0.00000  1.61862  1.61862 
557  0.73515 -1.72484 -0.98969  2.45999 
558  0.01325 -0.21424 -0.20099  0.22749 
559  1.63634 -0.75253  0.88381  2.38887 
560  0.58433 -0.59878 -0.01445  1.18311 
561  0.47873 -1.55519 -1.07646  2.03392 
562  0.00988 -0.77051 -0.76063  0.78039 
563  1.15869 -0.15757  1.00112  1.31626 
564  0.77714 -0.08149  0.69565  0.85863 
