0  0.00471 -1.43151 -1.42680  1.43622 
1  1.54392 -2.68858 -1.14466  4.23250 
2  1.50749 -1.56504 -0.05755  3.07253 
3  1.43885 -0.66201  0.77684  2.10086 
4  1.36917 -1.60712 -0.23795  2.97629 
5  0.82494 -0.64993  0.17501  1.47487 
6  1.51981 -1.03286  0.48695  2.55267 
7  2.04791 -0.32226  1.72565  2.37017 
8  0.75977 -0.38274  0.37703  1.14251 
9  1.07915 -1.35872 -0.27957  2.43787 
10  0.96604 -0.80061  0.16543  1.76665 
11  2.16527 -0.84751  1.31776  3.01278 
12  1.32006 -0.65663  0.66343  1.97669 
13  0.45290 -0.24307  0.20983  0.69597 
14  0.35246 -0.84717 -0.49471  1.19963 
15  1.29865 -0.03445  1.26420  1.33310 
16  0.24926 -0.04412  0.20514  0.29338 
17  0.71625 -0.38018  0.33607  1.09643 
18  0.83243 -1.33408 -0.50165  2.16651 
19  0.35764 -0.44793 -0.09029  0.80557 
20  0.07183 -0.29870 -0.22687  0.37053 
21  0.00000 -0.59923 -0.59923  0.59923 
22  0.80970  0.00000  0.80970  0.80970 
23  0.52611 -0.20852  0.31759  0.73463 
24  1.11308 -0.32160  0.79148  1.43468 
25  0.64778 -0.37333  0.27445  1.02111 
26  0.57679 -0.21263  0.36416  0.78942 
27  0.33166 -0.58643 -0.25477  0.91809 
28  0.49057 -0.30127  0.18930  0.79184 
29  0.21290 -0.68118 -0.46828  0.89408 
30  1.04544 -0.95476  0.09068  2.00020 
31  1.44640 -0.18177  1.26463  1.62817 
32  0.26341 -1.00191 -0.73850  1.26532 
33  0.83146 -0.27614  0.55532  1.10760 
34  0.13744 -1.32464 -1.18720  1.46208 
35  0.52912 -0.08995  0.43917  0.61907 
36  0.81507 -2.59446 -1.77939  3.40953 
37  0.43319 -1.41942 -0.98623  1.85261 
38  1.06526 -1.22458 -0.15932  2.28984 
39  0.19617 -0.36953 -0.17336  0.56570 
40  0.07063 -0.22910 -0.15847  0.29973 
41  0.19546 -1.09148 -0.89602  1.28694 
42  0.28524 -0.39750 -0.11226  0.68274 
43  0.55772 -0.28814  0.26958  0.84586 
44  0.90649 -0.70395  0.20254  1.61044 
45  0.43525 -0.20872  0.22653  0.64397 
46  1.16912 -0.57926  0.58986  1.74838 
47  0.51303 -0.76559 -0.25256  1.27862 
48  1.27847  0.00000  1.27847  1.27847 
49  1.51489  0.00000  1.51489  1.51489 
50  0.59536 -0.11134  0.48402  0.70670 
51  0.57918 -1.39189 -0.81271  1.97107 
52  2.15343 -1.83502  0.31841  3.98845 
53  0.92055 -0.70976  0.21079  1.63031 
54  0.13742 -0.72919 -0.59177  0.86661 
55  0.47116 -0.73489 -0.26373  1.20605 
56  0.50000 -0.75663 -0.25663  1.25663 
57  0.44823 -0.75779 -0.30956  1.20602 
58  0.84473 -0.51281  0.33192  1.35754 
59  2.22789 -0.08954  2.13835  2.31743 
60  0.77114 -1.66417 -0.89303  2.43531 
61  2.32954 -1.58874  0.74080  3.91828 
62  0.45401 -0.15775  0.29626  0.61176 
63  0.88430 -0.42634  0.45796  1.31064 
64  2.02966 -1.76725  0.26241  3.79691 
65  0.15756 -0.03564  0.12192  0.19320 
66  0.85583 -0.29053  0.56530  1.14636 
67  1.62232 -1.32778  0.29454  2.95010 
68  1.46274 -0.28107  1.18167  1.74381 
69  2.13783 -1.07829  1.05954  3.21612 
70  1.73844 -0.93447  0.80397  2.67291 
71  0.74956 -0.38189  0.36767  1.13145 
72  0.56466 -1.52202 -0.95736  2.08668 
73  0.91085 -1.37222 -0.46137  2.28307 
74  1.93857 -0.72246  1.21611  2.66103 
75  0.99635 -0.30262  0.69373  1.29897 
76  0.13752 -0.42640 -0.28888  0.56392 
77  0.56899 -0.39409  0.17490  0.96308 
78  0.37537 -0.92589 -0.55052  1.30126 
79  1.24582 -0.02555  1.22027  1.27137 
80  0.49411 -0.23352  0.26059  0.72763 
81  0.33404 -0.62983 -0.29579  0.96387 
82  1.12284 -3.16418 -2.04134  4.28702 
83  0.67697 -0.69103 -0.01406  1.36800 
84  0.98770 -0.41367  0.57403  1.40137 
85  1.80966 -1.01555  0.79411  2.82521 
86  0.13737 -1.60286 -1.46549  1.74023 
87  0.69034 -1.13607 -0.44573  1.82641 
88  3.70223 -1.94663  1.75560  5.64886 
89  3.91265 -1.55833  2.35432  5.47098 
90  2.03938 -0.99615  1.04323  3.03553 
91  0.91915 -0.14021  0.77894  1.05936 
92  0.43567 -0.01384  0.42183  0.44951 
93  1.15243 -0.45050  0.70193  1.60293 
94  0.39407 -0.25667  0.13740  0.65074 
95  0.87846 -0.35695  0.52151  1.23541 
96  1.01432  0.00000  1.01432  1.01432 
97  0.85934 -0.79057  0.06877  1.64991 
98  1.37634 -2.50648 -1.13014  3.88282 
99  2.15311 -1.61364  0.53947  3.76675 
100  1.05104 -1.17299 -0.12195  2.22403 
101  1.16499  0.00000  1.16499  1.16499 
102  0.44975 -1.71929 -1.26954  2.16904 
103  1.67353 -1.45662  0.21691  3.13015 
104  0.48544 -0.18695  0.29849  0.67239 
105  0.95205 -0.24884  0.70321  1.20089 
106  1.09590 -0.34757  0.74833  1.44347 
107  0.62677 -0.24231  0.38446  0.86908 
108  0.66899  0.00000  0.66899  0.66899 
109  0.50004 -0.13157  0.36847  0.63161 
110  1.09335 -1.89783 -0.80448  2.99118 
111  0.82192  0.00000  0.82192  0.82192 
112  2.52980 -1.59615  0.93365  4.12595 
113  1.55691 -1.23084  0.32607  2.78775 
114  0.24000 -1.29701 -1.05701  1.53701 
115  0.57827 -1.43164 -0.85337  2.00991 
116  0.28256 -0.11437  0.16819  0.39693 
117  0.47591 -0.45154  0.02437  0.92745 
118  1.23135 -1.21538  0.01597  2.44673 
119  0.30874 -0.21815  0.09059  0.52689 
120  0.62285 -0.60629  0.01656  1.22914 
121  0.48610 -0.66099 -0.17489  1.14709 
122  1.21731 -1.78770 -0.57039  3.00501 
123  1.45806 -1.17387  0.28419  2.63193 
124  1.02287 -0.48609  0.53678  1.50896 
125  1.42895 -2.23014 -0.80119  3.65909 
126  2.05451 -0.31955  1.73496  2.37406 
127  0.34185 -1.18440 -0.84255  1.52625 
128  0.44401 -0.32837  0.11564  0.77238 
129  0.84726 -0.15828  0.68898  1.00554 
130  0.13746 -0.81635 -0.67889  0.95381 
131  0.62378 -1.14476 -0.52098  1.76854 
132  2.27696 -0.06423  2.21273  2.34119 
133  0.72036 -1.12518 -0.40482  1.84554 
134  1.52710 -0.92242  0.60468  2.44952 
135  1.40528 -5.21334 -3.80806  6.61862 
136  0.37365 -1.09358 -0.71993  1.46723 
137  1.92462 -1.32605  0.59857  3.25067 
138  0.43327 -1.27782 -0.84455  1.71109 
139  0.77290 -0.49844  0.27446  1.27134 
140  1.37294 -1.10622  0.26672  2.47916 
141  1.28596 -0.78643  0.49953  2.07239 
142  1.83072  0.00000  1.83072  1.83072 
143  0.25030 -0.78279 -0.53249  1.03309 
144  2.00666 -1.02957  0.97709  3.03623 
145  4.92393 -1.04846  3.87547  5.97239 
146  0.08489 -0.54050 -0.45561  0.62539 
147  1.05648 -0.16871  0.88777  1.22519 
148  0.00000 -0.88480 -0.88480  0.88480 
149  3.72511 -0.22439  3.50072  3.94950 
150  0.54005 -0.38591  0.15414  0.92596 
151  0.73479 -0.26208  0.47271  0.99687 
152  3.69820 -1.66242  2.03578  5.36062 
153  4.02926 -0.75313  3.27613  4.78239 
154  2.41994 -3.20961 -0.78967  5.62955 
155  1.05477 -1.26837 -0.21360  2.32314 
156  1.55653 -2.57463 -1.01810  4.13116 
157  1.54220 -0.91783  0.62437  2.46003 
158  1.28109 -1.48143 -0.20034  2.76252 
159  0.21160 -0.12524  0.08636  0.33684 
160  0.11468 -0.35723 -0.24255  0.47191 
161  0.02223 -1.23385 -1.21162  1.25608 
162  0.27706 -0.58503 -0.30797  0.86209 
163  0.86723 -0.35677  0.51046  1.22400 
164  2.00847 -0.35511  1.65336  2.36358 
165  0.00000 -1.00519 -1.00519  1.00519 
166  0.90790 -1.26488 -0.35698  2.17278 
167  2.09516 -0.64964  1.44552  2.74480 
168  1.15785 -2.30964 -1.15179  3.46749 
169  1.75838 -1.75513  0.00325  3.51351 
170  3.30478 -1.85710  1.44768  5.16188 
171  2.80084  0.00000  2.80084  2.80084 
172  2.56273 -0.96750  1.59523  3.53023 
173  0.18941 -0.63176 -0.44235  0.82117 
174  2.55289 -0.76542  1.78747  3.31831 
175  2.59528 -2.49584  0.09944  5.09112 
176  1.88128 -0.22960  1.65168  2.11088 
177  0.93609 -1.86755 -0.93146  2.80364 
178  1.51878 -1.20375  0.31503  2.72253 
179  2.59430 -0.56481  2.02949  3.15911 
180  0.28768 -0.79792 -0.51024  1.08560 
181  2.19601 -0.72776  1.46825  2.92377 
182  0.18882 -0.52350 -0.33468  0.71232 
183  2.68805 -0.25576  2.43229  2.94381 
184  0.96581 -1.58920 -0.62339  2.55501 
185  1.64231 -0.14462  1.49769  1.78693 
186  0.89316 -0.99119 -0.09803  1.88435 
187  2.39611 -1.28746  1.10865  3.68357 
188  1.39106  0.00000  1.39106  1.39106 
189  0.00039 -0.27895 -0.27856  0.27934 
190  0.45495  0.00000  0.45495  0.45495 
191  0.87448 -0.33157  0.54291  1.20605 
192  0.23092 -0.02620  0.20472  0.25712 
193  0.42572 -1.02769 -0.60197  1.45341 
194  1.26816 -0.64369  0.62447  1.91185 
195  0.30727 -0.53800 -0.23073  0.84527 
196  1.07965 -2.11871 -1.03906  3.19836 
197  0.22314 -0.75252 -0.52938  0.97566 
198  0.31719 -0.27687  0.04032  0.59406 
199  0.85214 -0.99477 -0.14263  1.84691 
200  1.69931 -1.86294 -0.16363  3.56225 
201  0.18707 -1.13602 -0.94895  1.32309 
202  0.55322 -0.93144 -0.37822  1.48466 
203  1.61802 -0.82629  0.79173  2.44431 
204  1.29505 -2.93022 -1.63517  4.22527 
205  1.49269 -1.12322  0.36947  2.61591 
206  1.48795 -0.83846  0.64949  2.32641 
207  0.00000 -1.33001 -1.33001  1.33001 
208  1.67789 -0.55457  1.12332  2.23246 
209  2.22943 -0.92702  1.30241  3.15645 
210  1.47844 -1.29625  0.18219  2.77469 
211  4.64518 -1.64995  2.99523  6.29513 
212  0.47809 -2.00364 -1.52555  2.48173 
213  2.36046 -0.86846  1.49200  3.22892 
214  0.81546 -0.94134 -0.12588  1.75680 
215  2.26009 -0.73067  1.52942  2.99076 
216  0.53374 -0.82897 -0.29523  1.36271 
217  0.23493 -1.74831 -1.51338  1.98324 
218  1.03106 -1.00464  0.02642  2.03570 
219  1.31607 -1.84017 -0.52410  3.15624 
220  2.05405 -0.80738  1.24667  2.86143 
221  0.94104 -0.91851  0.02253  1.85955 
222  3.52381 -0.96909  2.55472  4.49290 
223  1.99224 -1.49751  0.49473  3.48975 
224  1.06234 -0.49002  0.57232  1.55236 
225  0.40559 -1.57067 -1.16508  1.97626 
226  1.65801 -0.96549  0.69252  2.62350 
227  2.99274 -0.92766  2.06508  3.92040 
228  1.77683 -0.53131  1.24552  2.30814 
229  3.11231 -1.35741  1.75490  4.46972 
230  2.55472 -2.21134  0.34338  4.76606 
231  3.74554 -1.42381  2.32173  5.16935 
232  0.29773 -0.44415 -0.14642  0.74188 
233  2.11602 -0.44568  1.67034  2.56170 
234  3.17129 -0.94761  2.22368  4.11890 
235  2.36067 -1.91428  0.44639  4.27495 
236  3.49452 -2.46719  1.02733  5.96171 
237  1.10452 -0.41665  0.68787  1.52117 
238  0.81736 -1.38832 -0.57096  2.20568 
239  2.05457 -0.88950  1.16507  2.94407 
240  0.00000 -0.74620 -0.74620  0.74620 
241  1.16047 -0.32825  0.83222  1.48872 
242  0.48892 -0.08692  0.40200  0.57584 
243  0.74937 -1.49826 -0.74889  2.24763 
244  0.57879 -0.02338  0.55541  0.60217 
245  2.03403  0.00000  2.03403  2.03403 
246  1.03808 -0.01628  1.02180  1.05436 
247  1.60005 -0.43126  1.16879  2.03131 
248  1.36267 -1.07042  0.29225  2.43309 
249  0.51828 -0.02701  0.49127  0.54529 
250  2.14078 -1.95512  0.18566  4.09590 
251  0.00000 -1.08527 -1.08527  1.08527 
252  1.60906 -0.79815  0.81091  2.40721 
253  2.12109 -0.51651  1.60458  2.63760 
254  1.83046 -1.11972  0.71074  2.95018 
255  1.25685 -0.52588  0.73097  1.78273 
256  2.44997 -1.63533  0.81464  4.08530 
257  0.68703 -0.84715 -0.16012  1.53418 
258  0.91263 -0.81937  0.09326  1.73200 
259  0.57824 -0.30894  0.26930  0.88718 
260  0.29528 -0.88906 -0.59378  1.18434 
261  1.09093 -0.43868  0.65225  1.52961 
262  0.96551  0.00000  0.96551  0.96551 
263  1.18780 -0.56411  0.62369  1.75191 
264  0.98888 -0.51090  0.47798  1.49978 
265  0.21160 -0.92931 -0.71771  1.14091 
266  0.83643 -0.61207  0.22436  1.44850 
267  1.42204 -0.65143  0.77061  2.07347 
268  0.36386 -0.41952 -0.05566  0.78338 
269  0.05473 -0.97873 -0.92400  1.03346 
270  0.37338 -0.65592 -0.28254  1.02930 
271  1.48446 -0.00128  1.48318  1.48574 
272  1.28341 -0.44505  0.83836  1.72846 
273  1.49844 -1.31170  0.18674  2.81014 
274  2.68045  0.00000  2.68045  2.68045 
275  2.49047 -0.63591  1.85456  3.12638 
276  1.84772 -2.39332 -0.54560  4.24104 
277  2.69680 -2.14820  0.54860  4.84500 
278  0.86714 -0.08584  0.78130  0.95298 
279  1.27714 -0.25107  1.02607  1.52821 
280  1.77190 -0.29281  1.47909  2.06471 
281  2.32728 -0.11325  2.21403  2.44053 
282  2.53764 -1.21292  1.32472  3.75056 
283  1.00476 -1.14497 -0.14021  2.14973 
284  2.54150 -0.40616  2.13534  2.94766 
285  0.95543 -2.29356 -1.33813  3.24899 
286  1.98425 -0.09382  1.89043  2.07807 
287  0.66237 -0.68712 -0.02475  1.34949 
288  1.99302 -1.39999  0.59303  3.39301 
289  1.68631 -1.17777  0.50854  2.86408 
290  0.50520  0.00000  0.50520  0.50520 
291  0.31649 -1.79933 -1.48284  2.11582 
292  0.81960 -0.30247  0.51713  1.12207 
293  2.67479 -0.69714  1.97765  3.37193 
294  0.11356 -0.67000 -0.55644  0.78356 
295  0.43746 -0.57049 -0.13303  1.00795 
296  0.31503 -1.03619 -0.72116  1.35122 
297  0.49665 -0.13417  0.36248  0.63082 
298  2.12717 -2.13041 -0.00324  4.25758 
299  0.81025 -0.12715  0.68310  0.93740 
300  0.66619 -0.77446 -0.10827  1.44065 
301  0.40284 -1.25739 -0.85455  1.66023 
302  2.23376 -1.28879  0.94497  3.52255 
303  0.35055 -1.27621 -0.92566  1.62676 
304  0.95058 -1.78610 -0.83552  2.73668 
305  2.31357 -1.98878  0.32479  4.30235 
306  1.09255  0.00000  1.09255  1.09255 
307  0.83954 -0.68556  0.15398  1.52510 
308  0.31297 -0.21651  0.09646  0.52948 
309  0.61708 -0.32727  0.28981  0.94435 
310  0.57828 -0.41420  0.16408  0.99248 
311  1.35103 -0.42111  0.92992  1.77214 
312  1.38776 -0.68610  0.70166  2.07386 
313  1.25426 -1.48550 -0.23124  2.73976 
314  0.57855 -1.21592 -0.63737  1.79447 
315  1.14120 -0.78456  0.35664  1.92576 
316  0.13050 -0.11326  0.01724  0.24376 
317  2.37936 -3.06972 -0.69036  5.44908 
318  0.58489 -0.64740 -0.06251  1.23229 
319  0.31577 -0.32206 -0.00629  0.63783 
320  1.45036 -1.26226  0.18810  2.71262 
321  0.59110 -0.19916  0.39194  0.79026 
322  0.54514 -0.54670 -0.00156  1.09184 
323  0.48293 -0.72750 -0.24457  1.21043 
324  0.58696 -0.00461  0.58235  0.59157 
325  1.71754 -3.02875 -1.31121  4.74629 
326  0.87169 -0.93346 -0.06177  1.80515 
327  0.50633 -0.36573  0.14060  0.87206 
328  0.64566 -0.44673  0.19893  1.09239 
329  0.59814 -0.49705  0.10109  1.09519 
330  1.05450  0.00000  1.05450  1.05450 
331  0.31569 -0.52348 -0.20779  0.83917 
332  0.89255 -0.16365  0.72890  1.05620 
333  0.88424 -0.01072  0.87352  0.89496 
334  0.52583 -0.59431 -0.06848  1.12014 
335  0.00000 -0.33370 -0.33370  0.33370 
336  2.40071 -0.69168  1.70903  3.09239 
337  0.95174  0.00000  0.95174  0.95174 
338  0.70973 -1.17787 -0.46814  1.88760 
339  0.89695 -1.00670 -0.10975  1.90365 
340  0.37875  0.00000  0.37875  0.37875 
341  0.27863 -0.03430  0.24433  0.31293 
342  1.54129 -0.04121  1.50008  1.58250 
343  1.01621 -0.75803  0.25818  1.77424 
344  1.60807 -0.13149  1.47658  1.73956 
345  0.41442 -0.31600  0.09842  0.73042 
346  0.87016 -0.51229  0.35787  1.38245 
347  0.12234 -0.79728 -0.67494  0.91962 
348  0.60520 -0.53089  0.07431  1.13609 
349  0.37741 -0.49969 -0.12228  0.87710 
350  1.01637 -0.27082  0.74555  1.28719 
351  0.42181 -0.13907  0.28274  0.56088 
352  0.33681 -0.94570 -0.60889  1.28251 
353  0.44398 -0.63221 -0.18823  1.07619 
354  0.61684 -0.21972  0.39712  0.83656 
355  0.56941 -0.00221  0.56720  0.57162 
356  0.11351 -0.61788 -0.50437  0.73139 
357  1.45507 -0.70037  0.75470  2.15544 
358  0.29138 -0.66180 -0.37042  0.95318 
359  1.12857 -0.01063  1.11794  1.13920 
360  0.57786 -0.87314 -0.29528  1.45100 
361  0.11909 -0.72054 -0.60145  0.83963 
362  0.00000 -0.65248 -0.65248  0.65248 
363  0.23961 -0.60482 -0.36521  0.84443 
364  0.69255 -0.50848  0.18407  1.20103 
365  0.75598 -0.00549  0.75049  0.76147 
366  0.75111 -0.15905  0.59206  0.91016 
367  0.50293 -0.87532 -0.37239  1.37825 
368  2.22951 -0.30330  1.92621  2.53281 
369  3.58245 -1.39895  2.18350  4.98140 
370  1.16767 -0.24347  0.92420  1.41114 
371  0.60091 -0.71336 -0.11245  1.31427 
372  1.96441 -0.58374  1.38067  2.54815 
373  0.00000 -0.34795 -0.34795  0.34795 
374  1.27981 -0.16701  1.11280  1.44682 
375  0.41039 -0.96941 -0.55902  1.37980 
376  0.72544 -0.35999  0.36545  1.08543 
377  0.44148 -0.72735 -0.28587  1.16883 
378  0.13742 -0.69507 -0.55765  0.83249 
379  0.71354 -0.34365  0.36989  1.05719 
380  2.51127 -1.27303  1.23824  3.78430 
381  3.00919 -4.28743 -1.27824  7.29662 
382  1.22480 -1.05171  0.17309  2.27651 
383  1.29579  0.00000  1.29579  1.29579 
384  1.54123 -0.04854  1.49269  1.58977 
385  2.95122 -2.05959  0.89163  5.01081 
386  0.59242 -0.93843 -0.34601  1.53085 
387  0.54176 -1.12517 -0.58341  1.66693 
388  2.18616 -1.44181  0.74435  3.62797 
389  3.03083 -1.47614  1.55469  4.50697 
390  0.56341 -0.97274 -0.40933  1.53615 
391  1.61773 -0.68691  0.93082  2.30464 
392  1.26085 -0.54901  0.71184  1.80986 
393  0.37840 -1.26535 -0.88695  1.64375 
394  0.97898 -1.66216 -0.68318  2.64114 
395  1.06409 -0.43608  0.62801  1.50017 
396  2.26480 -1.13628  1.12852  3.40108 
397  0.66347 -0.72171 -0.05824  1.38518 
398  0.05456 -1.72374 -1.66918  1.77830 
399  1.03225 -1.01995  0.01230  2.05220 
400  0.99793 -0.77974  0.21819  1.77767 
401  1.89458 -0.77834  1.11624  2.67292 
402  1.26423 -0.89735  0.36688  2.16158 
403  4.23095 -1.65265  2.57830  5.88360 
404  2.70244 -0.39658  2.30586  3.09902 
405  0.54277 -0.42190  0.12087  0.96467 
406  0.68132 -0.23941  0.44191  0.92073 
407  1.20002 -1.60335 -0.40333  2.80337 
408  0.83134 -2.30921 -1.47787  3.14055 
409  2.95937  0.00000  2.95937  2.95937 
410  2.25251 -0.55445  1.69806  2.80696 
411  4.72987 -1.69436  3.03551  6.42423 
412  1.43157 -0.90723  0.52434  2.33880 
413  1.46490 -0.71920  0.74570  2.18410 
414  2.98168 -2.13834  0.84334  5.12002 
415  1.30641 -0.66158  0.64483  1.96799 
416  1.78938 -0.66083  1.12855  2.45021 
417  1.67107 -0.42547  1.24560  2.09654 
418  0.70642 -0.59889  0.10753  1.30531 
419  1.71002 -0.76040  0.94962  2.47042 
420  0.70075 -1.93812 -1.23737  2.63887 
421  1.75625 -0.34071  1.41554  2.09696 
422  0.00000 -0.29565 -0.29565  0.29565 
423  0.77838 -2.21641 -1.43803  2.99479 
424  0.13357 -2.09387 -1.96030  2.22744 
425  0.17994 -0.28122 -0.10128  0.46116 
426  0.80331 -0.89307 -0.08976  1.69638 
427  1.39086 -1.42627 -0.03541  2.81713 
428  0.96846 -1.77455 -0.80609  2.74301 
429  0.65815  0.00000  0.65815  0.65815 
430  0.13737 -1.72671 -1.58934  1.86408 
431  0.26300 -0.06050  0.20250  0.32350 
432  1.47320 -1.10918  0.36402  2.58238 
433  1.99184 -1.40579  0.58605  3.39763 
434  1.13754 -0.95247  0.18507  2.09001 
435  0.53323 -0.03473  0.49850  0.56796 
436  0.28745 -0.59336 -0.30591  0.88081 
437  0.92432 -1.17065 -0.24633  2.09497 
438  0.26280 -0.94773 -0.68493  1.21053 
439  0.72226 -1.10766 -0.38540  1.82992 
440  0.00000 -0.94250 -0.94250  0.94250 
441  0.72408  0.00000  0.72408  0.72408 
442  0.69076 -0.24017  0.45059  0.93093 
443  0.98746  0.00000  0.98746  0.98746 
444  1.23738 -0.16442  1.07296  1.40180 
445  1.43291 -1.92502 -0.49211  3.35793 
446  1.96736 -0.39580  1.57156  2.36316 
447  0.94115 -1.23409 -0.29294  2.17524 
448  0.13713 -2.57484 -2.43771  2.71197 
449  0.60864 -1.81949 -1.21085  2.42813 
450  1.25847 -0.39696  0.86151  1.65543 
451  1.54201 -0.48880  1.05321  2.03081 
452  0.84797 -0.67390  0.17407  1.52187 
453  1.24015 -0.24533  0.99482  1.48548 
454  1.90114 -0.30204  1.59910  2.20318 
455  2.83285 -0.05128  2.78157  2.88413 
456  0.86222 -0.49266  0.36956  1.35488 
457  0.41791 -0.56744 -0.14953  0.98535 
458  2.02063 -0.92385  1.09678  2.94448 
459  2.66698 -1.50686  1.16012  4.17384 
460  1.23468  0.00000  1.23468  1.23468 
461  0.53660 -0.21780  0.31880  0.75440 
462  2.38443  0.00000  2.38443  2.38443 
463  1.37308 -0.67755  0.69553  2.05063 
464  0.00445 -0.55878 -0.55433  0.56323 
465  0.48516 -1.93415 -1.44899  2.41931 
466  1.67789 -0.71373  0.96416  2.39162 
467  1.17384 -1.04673  0.12711  2.22057 
468  0.72878 -0.93139 -0.20261  1.66017 
469  1.02894 -1.67429 -0.64535  2.70323 
470  2.35984 -0.27108  2.08876  2.63092 
471  0.58635 -0.11404  0.47231  0.70039 
472  1.36981 -0.15896  1.21085  1.52877 
473  2.65876 -2.09451  0.56425  4.75327 
474  1.52285 -1.67940 -0.15655  3.20225 
475  2.18956 -1.63392  0.55564  3.82348 
476  0.18555 -1.10040 -0.91485  1.28595 
477  0.84678 -1.87778 -1.03100  2.72456 
478  0.53426 -0.36120  0.17306  0.89546 
479  0.25584 -0.84056 -0.58472  1.09640 
480  1.20720 -0.29890  0.90830  1.50610 
481  0.36364 -1.02213 -0.65849  1.38577 
482  0.19902 -0.74466 -0.54564  0.94368 
483  1.23526 -0.54342  0.69184  1.77868 
484  0.64557 -0.16567  0.47990  0.81124 
485  1.91672 -0.89943  1.01729  2.81615 
486  0.49607 -0.47849  0.01758  0.97456 
487  0.52405 -1.85180 -1.32775  2.37585 
488  0.13736 -0.79775 -0.66039  0.93511 
489  2.53029 -0.69466  1.83563  3.22495 
490  1.18739 -0.42437  0.76302  1.61176 
491  0.52980 -0.23303  0.29677  0.76283 
492  1.97696 -1.28539  0.69157  3.26235 
493  1.54370 -0.54200  1.00170  2.08570 
494  0.00000 -0.99491 -0.99491  0.99491 
495  0.00000 -1.42276 -1.42276  1.42276 
496  1.95130 -2.39751 -0.44621  4.34881 
497  1.72269 -1.17087  0.55182  2.89356 
498  0.78493 -2.52969 -1.74476  3.31462 
499  0.44508 -0.33991  0.10517  0.78499 
500  2.98542 -0.48417  2.50125  3.46959 
501  1.53017 -1.09743  0.43274  2.62760 
502  2.00319 -1.02676  0.97643  3.02995 
503  0.65508 -2.69074 -2.03566  3.34582 
504  0.78924 -0.33322  0.45602  1.12246 
505  2.41852 -1.13234  1.28618  3.55086 
506  1.28645 -1.85458 -0.56813  3.14103 
507  0.86428 -0.57512  0.28916  1.43940 
508  0.77645 -0.90934 -0.13289  1.68579 
509  1.15422 -2.53142 -1.37720  3.68564 
510  1.29763 -0.71774  0.57989  2.01537 
511  1.31148 -1.64140 -0.32992  2.95288 
512  2.90163 -1.48443  1.41720  4.38606 
513  0.82979 -0.77375  0.05604  1.60354 
514  0.58851 -1.61089 -1.02238  2.19940 
515  0.63175 -0.58474  0.04701  1.21649 
516  1.41981 -1.96190 -0.54209  3.38171 
517  1.79457 -0.97028  0.82429  2.76485 
518  1.26508 -0.40022  0.86486  1.66530 
519  0.64745 -1.44096 -0.79351  2.08841 
520  1.46406 -0.77762  0.68644  2.24168 
521  2.54225 -0.47227  2.06998  3.01452 
522  3.99999  0.00000  3.99999  3.99999 
523  1.19880 -1.39667 -0.19787  2.59547 
524  0.73394 -0.11397  0.61997  0.84791 
525  2.02723 -0.15037  1.87686  2.17760 
526  0.40709 -1.48222 -1.07513  1.88931 
527  2.89547 -0.06781  2.82766  2.96328 
528  0.65256 -0.83780 -0.18524  1.49036 
529  0.22442 -1.10423 -0.87981  1.32865 
530  0.60702 -0.52164  0.08538  1.12866 
531  0.52378 -0.31987  0.20391  0.84365 
532  0.66467 -0.58090  0.08377  1.24557 
533  0.91825 -0.07760  0.84065  0.99585 
534  1.68479  0.00000  1.68479  1.68479 
535  0.72999 -0.07365  0.65634  0.80364 
536  0.64431 -0.63094  0.01337  1.27525 
537  0.99478 -0.49307  0.50171  1.48785 
538  0.61055 -0.20103  0.40952  0.81158 
539  0.50332 -1.52082 -1.01750  2.02414 
540  0.74750 -0.05078  0.69672  0.79828 
541  0.85763 -3.14887 -2.29124  4.00650 
542  0.60133 -0.89487 -0.29354  1.49620 
543  0.96865 -1.03884 -0.07019  2.00749 
544  0.76460 -0.82217 -0.05757  1.58677 
545  0.26280 -1.70460 -1.44180  1.96740 
546  0.60670 -0.81848 -0.21178  1.42518 
547  0.55729 -0.56698 -0.00969  1.12427 
548  0.40832 -0.83702 -0.42870  1.24534 
549  1.06480 -1.19064 -0.12584  2.25544 
550  1.23936 -1.02080  0.21856  2.26016 
551  0.26549 -1.43725 -1.17176  1.70274 
552  2.19458 -0.07551  2.11907  2.27009 
553  0.84880 -0.63770  0.21110  1.48650 
554  2.42196 -1.90997  0.51199  4.33193 
555  1.46001 -0.65483  0.80518  2.11484 
556  0.75285 -0.39240  0.36045  1.14525 
557  1.27463 -0.83354  0.44109  2.10817 
558  0.32009 -0.46676 -0.14667  0.78685 
559  0.93678 -0.92104  0.01574  1.85782 
560  1.09865 -0.48853  0.61012  1.58718 
561  1.76591 -1.65291  0.11300  3.41882 
562  0.33617 -0.74970 -0.41353  1.08587 
563  0.39828 -1.30506 -0.90678  1.70334 
564  0.95955 -0.09567  0.86388  1.05522 
