0  0.25485 -0.69407 -0.43922  0.94892 
1  3.51197 -2.14019  1.37178  5.65215 
2  1.57795 -1.75255 -0.17460  3.33051 
3  1.92095 -2.12101 -0.20006  4.04196 
4  1.60349 -1.53405  0.06944  3.13755 
5  1.23792 -0.68797  0.54994  1.92589 
6  1.75513 -1.63811  0.11702  3.39325 
7  1.32549 -0.47458  0.85091  1.80007 
8  0.59704 -1.02647 -0.42943  1.62352 
9  0.96059 -1.15299 -0.19239  2.11358 
10  1.52285 -1.82141 -0.29856  3.34425 
11  2.18220 -0.98981  1.19239  3.17202 
12  0.86188 -0.78599  0.07589  1.64786 
13  0.72350 -0.61000  0.11350  1.33350 
14  0.63302 -0.63988 -0.00686  1.27290 
15  0.91218 -0.86278  0.04940  1.77496 
16  0.59171 -0.42288  0.16883  1.01459 
17  0.58228 -0.66574 -0.08346  1.24803 
18  1.08425 -1.18816 -0.10391  2.27241 
19  0.28524 -0.69053 -0.40529  0.97578 
20  0.33889 -0.47132 -0.13243  0.81022 
21  0.30269 -0.35861 -0.05592  0.66131 
22  0.29573 -0.57476 -0.27903  0.87049 
23  0.36851 -0.80032 -0.43182  1.16883 
24  1.07773 -0.98499  0.09275  2.06272 
25  0.40810 -0.77957 -0.37147  1.18767 
26  0.77226 -0.36232  0.40994  1.13458 
27  0.73813 -0.24621  0.49192  0.98434 
28  0.47649 -0.80259 -0.32610  1.27908 
29  0.69659 -0.47845  0.21814  1.17504 
30  1.23256 -0.46271  0.76985  1.69527 
31  1.03051 -0.52118  0.50933  1.55170 
32  0.21343 -0.55888 -0.34544  0.77231 
33  0.47573 -0.34798  0.12775  0.82371 
34  0.32038 -0.82993 -0.50955  1.15031 
35  0.88039 -0.54736  0.33303  1.42776 
36  1.09149 -1.63817 -0.54668  2.72967 
37  0.62887 -1.06385 -0.43498  1.69271 
38  0.90913 -0.58981  0.31933  1.49894 
39  0.70995 -0.26223  0.44772  0.97218 
40  0.45668 -0.50115 -0.04446  0.95783 
41  0.66759 -1.01615 -0.34856  1.68374 
42  0.23648 -0.38996 -0.15348  0.62643 
43  0.61750 -0.14852  0.46898  0.76602 
44  0.77248 -0.68496  0.08753  1.45744 
45  0.65872 -0.12069  0.53803  0.77941 
46  1.29036 -0.98493  0.30542  2.27529 
47  0.88913 -0.65304  0.23609  1.54217 
48  0.46456 -0.42098  0.04358  0.88553 
49  0.85472 -0.30664  0.54808  1.16136 
50  0.58602 -1.30060 -0.71458  1.88662 
51  0.95013 -1.42278 -0.47266  2.37291 
52  1.97692 -2.13492 -0.15800  4.11184 
53  0.57511 -1.01601 -0.44089  1.59112 
54  0.25007 -0.43420 -0.18413  0.68427 
55  0.48923 -0.80043 -0.31120  1.28966 
56  1.60138 -0.89706  0.70432  2.49844 
57  0.96385 -0.39774  0.56612  1.36159 
58  0.67209 -0.82347 -0.15138  1.49556 
59  1.80559 -1.65844  0.14715  3.46402 
60  0.56680 -1.07012 -0.50332  1.63692 
61  1.81581 -1.90349 -0.08769  3.71930 
62  0.32484 -0.58225 -0.25740  0.90709 
63  1.57497 -0.83733  0.73764  2.41230 
64  1.62646 -1.90040 -0.27394  3.52685 
65  0.77724 -0.16398  0.61327  0.94122 
66  0.41556 -0.49796 -0.08240  0.91351 
67  1.50008 -3.26966 -1.76958  4.76974 
68  0.90214 -0.34766  0.55448  1.24979 
69  1.97504 -1.54016  0.43488  3.51520 
70  2.02088 -1.29746  0.72342  3.31834 
71  0.71303 -0.29185  0.42118  1.00487 
72  0.91711 -0.98477 -0.06765  1.90188 
73  0.94424 -0.86682  0.07742  1.81106 
74  1.03297 -1.12603 -0.09306  2.15900 
75  0.72474 -0.28963  0.43511  1.01437 
76  0.29937 -0.31102 -0.01165  0.61039 
77  0.76654 -0.47694  0.28960  1.24347 
78  0.65468 -0.73490 -0.08022  1.38958 
79  0.96367 -0.15567  0.80800  1.11934 
80  0.93935 -0.27331  0.66604  1.21266 
81  0.55612 -0.64957 -0.09345  1.20569 
82  0.87082 -2.67331 -1.80250  3.54413 
83  0.46563 -0.74451 -0.27888  1.21014 
84  0.57988 -0.65834 -0.07846  1.23823 
85  1.76761 -2.06002 -0.29241  3.82763 
86  0.65321 -0.87795 -0.22475  1.53116 
87  0.90609 -1.39822 -0.49213  2.30432 
88  2.33768 -2.39461 -0.05694  4.73229 
89  3.31663 -1.47655  1.84008  4.79318 
90  2.22349 -1.30521  0.91828  3.52871 
91  2.44490 -1.07833  1.36658  3.52323 
92  0.53226 -0.27576  0.25650  0.80803 
93  0.65763 -0.49167  0.16596  1.14930 
94  0.48424 -0.50741 -0.02316  0.99165 
95  0.80393 -0.35422  0.44971  1.15814 
96  0.52843 -0.28906  0.23937  0.81749 
97  0.39585 -0.56268 -0.16683  0.95853 
98  1.27055 -2.78600 -1.51545  4.05655 
99  2.44353 -1.22016  1.22337  3.66370 
100  1.33011 -1.21628  0.11384  2.54639 
101  1.81978 -0.62583  1.19395  2.44562 
102  1.40522 -1.33472  0.07051  2.73994 
103  2.28314 -2.13879  0.14436  4.42193 
104  0.31770 -0.18410  0.13359  0.50180 
105  1.63626 -0.28386  1.35240  1.92012 
106  0.80230 -0.71870  0.08360  1.52099 
107  0.63557 -0.37196  0.26361  1.00754 
108  0.57742 -0.30229  0.27513  0.87972 
109  0.36373 -0.27914  0.08459  0.64286 
110  1.11869 -1.97243 -0.85374  3.09112 
111  1.37106 -0.06501  1.30605  1.43607 
112  3.30584 -2.00862  1.29722  5.31446 
113  1.18371 -1.56291 -0.37919  2.74662 
114  1.35863 -1.56154 -0.20291  2.92017 
115  1.00267 -1.34359 -0.34092  2.34626 
116  0.42354 -0.17989  0.24365  0.60343 
117  0.58765 -0.39835  0.18930  0.98600 
118  1.33025 -1.23198  0.09827  2.56223 
119  0.32587 -0.11235  0.21352  0.43823 
120  0.71236 -0.34548  0.36688  1.05784 
121  0.20784 -0.80977 -0.60194  1.01761 
122  1.41363 -1.83490 -0.42128  3.24853 
123  1.41967 -1.12070  0.29897  2.54037 
124  1.14226 -0.77095  0.37131  1.91321 
125  2.42178 -1.68598  0.73580  4.10776 
126  2.06268 -0.70229  1.36039  2.76497 
127  0.80187 -1.18174 -0.37987  1.98362 
128  0.54096 -0.77413 -0.23317  1.31510 
129  0.65008 -0.52446  0.12562  1.17453 
130  0.62247 -0.69376 -0.07129  1.31623 
131  0.68423 -0.71245 -0.02823  1.39668 
132  1.48842 -0.50163  0.98680  1.99005 
133  0.61485 -0.49036  0.12450  1.10521 
134  1.47912 -0.92784  0.55128  2.40696 
135  2.08318 -3.02949 -0.94631  5.11268 
136  1.52012 -1.16671  0.35341  2.68684 
137  2.72782 -1.59790  1.12993  4.32572 
138  1.43178 -1.71192 -0.28015  3.14370 
139  1.11039 -0.31863  0.79176  1.42902 
140  1.35078 -1.05540  0.29538  2.40618 
141  0.69103 -0.90025 -0.20922  1.59129 
142  1.51960 -1.06927  0.45033  2.58887 
143  0.31443 -0.78808 -0.47364  1.10251 
144  1.02772 -1.10546 -0.07774  2.13318 
145  2.75790 -1.16103  1.59686  3.91893 
146  0.36150 -0.25922  0.10228  0.62072 
147  1.36263 -0.38340  0.97923  1.74602 
148  0.29788 -0.56860 -0.27073  0.86648 
149  2.11674 -0.64968  1.46706  2.76642 
150  0.74918 -0.29953  0.44964  1.04871 
151  0.58533 -0.30046  0.28487  0.88579 
152  2.94114 -1.96554  0.97560  4.90668 
153  2.95281 -1.89252  1.06029  4.84534 
154  1.79775 -3.20829 -1.41054  5.00604 
155  0.79489 -1.67596 -0.88106  2.47085 
156  2.01332 -2.09160 -0.07828  4.10492 
157  2.27277 -0.97517  1.29760  3.24794 
158  1.17833 -1.24015 -0.06182  2.41848 
159  0.59733 -0.25043  0.34689  0.84776 
160  0.52031 -0.43533  0.08498  0.95563 
161  0.83767 -0.75927  0.07841  1.59694 
162  0.88370 -0.43927  0.44443  1.32297 
163  0.80137 -0.57402  0.22734  1.37539 
164  0.99026 -0.61726  0.37300  1.60752 
165  0.24468 -0.83173 -0.58705  1.07641 
166  0.58560 -1.04583 -0.46023  1.63143 
167  1.34221 -0.94597  0.39624  2.28818 
168  2.15439 -1.43412  0.72027  3.58852 
169  3.01676 -1.64370  1.37306  4.66047 
170  2.00668 -2.59111 -0.58443  4.59779 
171  1.96742 -0.83443  1.13299  2.80185 
172  2.79735 -1.13872  1.65863  3.93607 
173  0.72764 -0.49453  0.23312  1.22217 
174  3.72246 -0.73903  2.98343  4.46148 
175  2.81586 -2.35633  0.45953  5.17219 
176  1.83899 -1.16898  0.67001  3.00798 
177  1.34390 -1.83845 -0.49455  3.18236 
178  2.46343 -1.44151  1.02192  3.90494 
179  2.15748 -1.28755  0.86992  3.44503 
180  0.26887 -0.80070 -0.53183  1.06957 
181  1.77494 -1.65578  0.11916  3.43072 
182  0.77691 -0.39968  0.37723  1.17660 
183  2.71078 -1.11115  1.59964  3.82193 
184  1.45796 -1.16035  0.29761  2.61831 
185  2.06499 -0.93350  1.13149  2.99849 
186  1.56468 -1.17444  0.39025  2.73912 
187  2.48004 -1.14577  1.33427  3.62581 
188  1.11478 -0.05028  1.06451  1.16506 
189  0.19792 -0.56994 -0.37202  0.76786 
190  0.28146 -0.45543 -0.17397  0.73689 
191  0.67526 -0.78300 -0.10774  1.45825 
192  0.56542 -0.07571  0.48970  0.64113 
193  0.95097 -0.48719  0.46378  1.43817 
194  0.70609 -0.83067 -0.12458  1.53676 
195  0.54005 -0.83450 -0.29445  1.37455 
196  0.90950 -1.51473 -0.60523  2.42423 
197  0.60693 -0.58013  0.02680  1.18707 
198  0.81699 -0.95180 -0.13481  1.76879 
199  0.94403 -0.54398  0.40006  1.48801 
200  1.59751 -2.50799 -0.91048  4.10550 
201  0.47445 -1.24560 -0.77116  1.72005 
202  0.49281 -0.74850 -0.25569  1.24130 
203  1.07730 -0.71636  0.36094  1.79366 
204  1.51045 -2.80642 -1.29596  4.31687 
205  1.62967 -1.01755  0.61212  2.64722 
206  0.89084 -0.72198  0.16886  1.61282 
207  0.40686 -0.48926 -0.08239  0.89612 
208  1.31404 -2.33563 -1.02160  3.64967 
209  2.62747 -1.35875  1.26872  3.98622 
210  1.21191 -2.20017 -0.98826  3.41208 
211  3.45462 -1.90261  1.55201  5.35723 
212  1.22189 -0.78611  0.43578  2.00799 
213  1.47034 -0.39344  1.07689  1.86378 
214  0.77079 -0.57494  0.19584  1.34573 
215  1.48138 -1.79464 -0.31326  3.27602 
216  0.27785 -0.58338 -0.30553  0.86123 
217  0.93520 -1.58379 -0.64860  2.51899 
218  0.76854 -0.95524 -0.18670  1.72379 
219  2.08571 -1.89733  0.18838  3.98304 
220  2.36391 -1.43327  0.93063  3.79718 
221  1.12542 -0.93438  0.19105  2.05980 
222  2.38419 -1.31716  1.06703  3.70136 
223  1.23206 -1.78945 -0.55740  3.02151 
224  0.98202 -0.76443  0.21759  1.74644 
225  1.00372 -0.86935  0.13437  1.87306 
226  1.77498 -1.56226  0.21271  3.33724 
227  2.01337 -0.65949  1.35388  2.67286 
228  1.60424 -1.34206  0.26219  2.94630 
229  2.46930 -1.67248  0.79682  4.14179 
230  1.79939 -2.18115 -0.38176  3.98054 
231  2.76113 -2.50239  0.25875  5.26352 
232  0.32987 -0.75997 -0.43009  1.08984 
233  1.88007 -1.16373  0.71633  3.04380 
234  2.55993 -1.42622  1.13371  3.98615 
235  2.33983 -1.78248  0.55736  4.12231 
236  2.54875 -1.71666  0.83209  4.26542 
237  1.02648 -0.56382  0.46266  1.59030 
238  1.12942 -0.98779  0.14163  2.11722 
239  1.35624 -1.74751 -0.39126  3.10375 
240  0.19165 -0.48661 -0.29496  0.67826 
241  0.61615 -0.40872  0.20743  1.02487 
242  0.32476 -0.20730  0.11746  0.53207 
243  1.26926 -1.21091  0.05836  2.48017 
244  0.55135 -0.04816  0.50319  0.59951 
245  1.27444 -0.31165  0.96279  1.58610 
246  0.80492 -0.11826  0.68666  0.92319 
247  1.70131 -0.63545  1.06586  2.33676 
248  0.91196 -1.13456 -0.22260  2.04652 
249  1.05314 -0.26897  0.78417  1.32211 
250  2.49750 -1.94682  0.55068  4.44432 
251  0.70896 -0.65801  0.05094  1.36697 
252  1.77032 -0.73463  1.03570  2.50495 
253  1.17574 -0.70950  0.46624  1.88524 
254  2.01434 -1.29218  0.72216  3.30652 
255  1.05335 -0.54529  0.50806  1.59864 
256  2.10297 -1.54441  0.55856  3.64738 
257  0.67026 -0.53225  0.13801  1.20252 
258  1.03086 -0.55544  0.47541  1.58630 
259  0.65583 -0.45483  0.20100  1.11067 
260  0.71520 -0.55129  0.16391  1.26649 
261  0.89441 -0.37617  0.51823  1.27058 
262  0.62564 -0.19485  0.43079  0.82049 
263  1.11759 -0.36382  0.75377  1.48141 
264  0.90689 -0.40545  0.50144  1.31234 
265  0.75517 -0.58696  0.16821  1.34214 
266  0.54789 -0.48417  0.06373  1.03206 
267  1.49509 -0.79217  0.70291  2.28726 
268  0.45700 -0.36398  0.09303  0.82098 
269  0.05008 -0.86594 -0.81586  0.91603 
270  0.38466 -0.59446 -0.20980  0.97912 
271  1.63719 -0.59964  1.03755  2.23683 
272  1.35845 -0.80698  0.55147  2.16543 
273  3.08149 -1.30896  1.77254  4.39045 
274  1.70815 -0.33925  1.36890  2.04740 
275  2.21325 -1.07427  1.13898  3.28752 
276  3.28678 -2.24167  1.04511  5.52845 
277  2.83849 -1.88738  0.95110  4.72587 
278  1.30258 -0.14992  1.15266  1.45250 
279  1.37569 -0.47313  0.90256  1.84883 
280  1.04831 -0.59814  0.45017  1.64645 
281  1.36240 -0.49108  0.87132  1.85347 
282  2.29482 -1.54043  0.75438  3.83525 
283  0.77440 -0.85982 -0.08542  1.63422 
284  2.48147 -2.07252  0.40896  4.55399 
285  1.56460 -2.29600 -0.73140  3.86061 
286  1.47566 -1.13064  0.34502  2.60631 
287  1.34553 -1.69941 -0.35387  3.04494 
288  1.89797 -1.69529  0.20268  3.59326 
289  1.58852 -0.95155  0.63698  2.54007 
290  0.43956 -0.25172  0.18784  0.69128 
291  0.70221 -1.99927 -1.29707  2.70148 
292  1.12062 -0.59413  0.52649  1.71475 
293  2.14013 -2.03668  0.10345  4.17681 
294  0.81487 -0.51446  0.30041  1.32933 
295  0.28501 -0.29376 -0.00875  0.57877 
296  0.88778 -0.65826  0.22952  1.54604 
297  0.75707 -0.39103  0.36603  1.14810 
298  2.97564 -2.60590  0.36975  5.58154 
299  0.53838 -0.28873  0.24964  0.82711 
300  1.09806 -0.32325  0.77481  1.42131 
301  0.65570 -0.84162 -0.18592  1.49732 
302  2.13347 -2.76290 -0.62943  4.89636 
303  0.66761 -0.84947 -0.18186  1.51708 
304  1.29455 -1.70160 -0.40705  2.99614 
305  1.28218 -1.87395 -0.59178  3.15613 
306  1.05776 -0.27559  0.78217  1.33334 
307  1.12111 -0.57759  0.54352  1.69870 
308  0.54852 -0.20109  0.34743  0.74960 
309  0.51159 -0.43852  0.07307  0.95011 
310  0.29698 -0.92948 -0.63250  1.22646 
311  1.41717 -1.11786  0.29931  2.53503 
312  1.33527 -0.97961  0.35566  2.31489 
313  1.64544 -2.07620 -0.43076  3.72164 
314  1.32650 -1.80980 -0.48330  3.13631 
315  1.18293 -0.48642  0.69650  1.66935 
316  0.35323 -0.12406  0.22917  0.47729 
317  1.96035 -2.27248 -0.31213  4.23283 
318  0.40580 -0.40370  0.00210  0.80950 
319  0.51673 -0.55350 -0.03676  1.07023 
320  1.99137 -1.60764  0.38373  3.59901 
321  0.55866 -0.89939 -0.34073  1.45805 
322  1.37367 -0.37448  0.99918  1.74815 
323  0.69376 -1.05771 -0.36395  1.75147 
324  1.13888 -0.20655  0.93233  1.34543 
325  1.85035 -1.75319  0.09715  3.60354 
326  0.70176 -0.74478 -0.04302  1.44654 
327  0.69023 -0.14172  0.54851  0.83196 
328  0.76692 -0.42499  0.34193  1.19191 
329  0.58094 -0.58819 -0.00725  1.16914 
330  0.69148 -0.14690  0.54459  0.83838 
331  0.35946 -0.57714 -0.21769  0.93660 
332  0.85219 -0.09767  0.75452  0.94986 
333  0.53426 -0.33355  0.20071  0.86781 
334  0.67882 -0.55525  0.12357  1.23407 
335  0.12795 -0.29324 -0.16529  0.42118 
336  1.63014 -1.37987  0.25027  3.01001 
337  0.69084 -0.61463  0.07621  1.30547 
338  0.84265 -1.51507 -0.67242  2.35772 
339  0.38168 -1.03758 -0.65590  1.41926 
340  0.18055 -0.31878 -0.13822  0.49933 
341  0.27492 -0.23034  0.04458  0.50527 
342  0.89396 -0.22112  0.67285  1.11508 
343  0.68643 -0.57592  0.11051  1.26235 
344  0.99862 -0.57942  0.41920  1.57804 
345  0.49710 -0.57325 -0.07615  1.07035 
346  0.90124 -0.36984  0.53140  1.27108 
347  0.72494 -0.52683  0.19811  1.25176 
348  0.55403 -0.50936  0.04467  1.06338 
349  0.19172 -0.74318 -0.55147  0.93490 
350  0.45164 -0.41280  0.03883  0.86444 
351  0.52618 -0.22263  0.30355  0.74882 
352  0.61786 -1.05304 -0.43518  1.67090 
353  0.21530 -0.81647 -0.60117  1.03178 
354  0.53068 -0.53747 -0.00679  1.06815 
355  0.39707 -0.36893  0.02814  0.76600 
356  0.70651 -0.37967  0.32684  1.08618 
357  1.23309 -1.40029 -0.16720  2.63337 
358  0.54185 -0.56482 -0.02297  1.10668 
359  0.89312 -0.46781  0.42531  1.36093 
360  0.43745 -1.47543 -1.03797  1.91288 
361  0.67838 -0.25835  0.42004  0.93673 
362  0.23886 -0.48956 -0.25070  0.72842 
363  0.38488 -0.48329 -0.09841  0.86817 
364  0.55512 -0.76991 -0.21479  1.32503 
365  0.42121 -0.15144  0.26977  0.57264 
366  0.40635 -0.60840 -0.20205  1.01476 
367  0.92714 -1.18105 -0.25392  2.10819 
368  1.86866 -1.45844  0.41022  3.32711 
369  1.93156 -1.10996  0.82160  3.04152 
370  0.71797 -0.42879  0.28918  1.14676 
371  0.85555 -0.63755  0.21799  1.49310 
372  1.21840 -1.46795 -0.24955  2.68636 
373  0.35650 -0.20765  0.14885  0.56415 
374  1.44935 -1.23990  0.20944  2.68925 
375  0.71677 -0.59585  0.12092  1.31262 
376  0.36695 -0.59036 -0.22341  0.95732 
377  0.54092 -0.75256 -0.21164  1.29348 
378  0.60139 -0.55238  0.04900  1.15377 
379  0.47657 -0.55962 -0.08305  1.03619 
380  1.65804 -1.95143 -0.29339  3.60947 
381  2.27227 -2.14605  0.12621  4.41832 
382  1.08079 -0.83791  0.24289  1.91870 
383  0.56487 -0.31569  0.24919  0.88056 
384  0.92547 -0.26702  0.65845  1.19250 
385  1.69033 -2.27977 -0.58944  3.97010 
386  0.73139 -0.82198 -0.09058  1.55337 
387  0.75962 -1.15684 -0.39722  1.91646 
388  1.80608 -1.45470  0.35139  3.26078 
389  1.96858 -1.74248  0.22610  3.71106 
390  0.37844 -0.71020 -0.33176  1.08865 
391  1.58242 -0.83147  0.75096  2.41389 
392  0.94604 -0.85872  0.08732  1.80476 
393  0.80429 -0.49563  0.30866  1.29992 
394  0.84209 -0.56219  0.27989  1.40428 
395  0.71811 -0.87944 -0.16133  1.59755 
396  1.41434 -1.11124  0.30310  2.52559 
397  0.63976 -0.52069  0.11907  1.16045 
398  0.38696 -0.65342 -0.26645  1.04038 
399  1.10398 -0.88392  0.22005  1.98790 
400  1.23150 -0.86369  0.36781  2.09519 
401  1.06887 -0.59634  0.47253  1.66521 
402  1.42579 -1.05159  0.37421  2.47738 
403  2.24002 -1.59313  0.64689  3.83315 
404  1.63939 -0.79358  0.84581  2.43298 
405  1.50565 -0.49390  1.01175  1.99955 
406  1.00534 -0.69888  0.30647  1.70422 
407  1.76058 -1.25254  0.50804  3.01312 
408  1.53639 -1.19334  0.34305  2.72973 
409  1.37127 -0.79240  0.57888  2.16367 
410  1.65157 -0.74291  0.90866  2.39448 
411  2.90843 -2.12678  0.78165  5.03521 
412  1.13909 -0.64206  0.49703  1.78115 
413  0.71664 -1.50600 -0.78936  2.22264 
414  2.92534 -2.46086  0.46447  5.38620 
415  0.55423 -0.63137 -0.07715  1.18560 
416  0.91814 -0.54082  0.37732  1.45896 
417  0.92137 -0.66060  0.26077  1.58197 
418  0.40926 -0.52761 -0.11835  0.93687 
419  0.80732 -0.55551  0.25181  1.36283 
420  1.09949 -0.90877  0.19072  2.00826 
421  0.88409 -0.39539  0.48870  1.27948 
422  0.17215 -0.22772 -0.05557  0.39986 
423  1.05651 -1.30589 -0.24938  2.36240 
424  0.75293 -0.87895 -0.12602  1.63187 
425  0.33226 -0.28620  0.04607  0.61846 
426  0.79430 -0.46880  0.32550  1.26310 
427  1.21888 -0.48975  0.72914  1.70863 
428  0.81894 -1.14065 -0.32171  1.95959 
429  0.97485 -0.07922  0.89563  1.05407 
430  0.24724 -0.91051 -0.66327  1.15776 
431  0.55314 -0.16892  0.38421  0.72206 
432  1.11182 -0.55073  0.56109  1.66254 
433  1.44025 -0.83474  0.60551  2.27499 
434  0.42686 -0.55947 -0.13261  0.98633 
435  0.50321 -0.23308  0.27013  0.73629 
436  0.35131 -0.42597 -0.07466  0.77728 
437  1.16507 -0.83113  0.33393  1.99620 
438  0.54287 -0.44885  0.09402  0.99172 
439  0.72675 -0.57099  0.15575  1.29774 
440  0.50787 -0.67234 -0.16447  1.18021 
441  0.39498 -0.14549  0.24949  0.54047 
442  0.79529 -0.08006  0.71524  0.87535 
443  0.32915 -0.46050 -0.13135  0.78966 
444  0.75268 -0.21219  0.54048  0.96487 
445  0.86777 -0.96984 -0.10207  1.83761 
446  0.81516 -0.37956  0.43560  1.19471 
447  0.78941 -0.68261  0.10680  1.47202 
448  0.27166 -1.40501 -1.13335  1.67667 
449  0.60143 -0.71263 -0.11120  1.31406 
450  0.63432 -0.39601  0.23832  1.03033 
451  0.89087 -0.66322  0.22766  1.55409 
452  0.42150 -0.60413 -0.18264  1.02563 
453  0.89704 -0.54020  0.35684  1.43724 
454  0.85239 -0.74496  0.10744  1.59735 
455  1.60323 -1.10404  0.49919  2.70727 
456  0.52039 -0.52491 -0.00452  1.04530 
457  0.20854 -0.69042 -0.48188  0.89895 
458  1.32879 -1.09932  0.22947  2.42810 
459  1.30765 -1.23461  0.07304  2.54226 
460  0.70502 -0.19061  0.51442  0.89563 
461  0.55294 -0.23581  0.31713  0.78875 
462  1.46808 -0.48153  0.98655  1.94960 
463  0.46317 -1.11336 -0.65019  1.57654 
464  0.30788 -0.72587 -0.41799  1.03376 
465  0.68430 -1.38498 -0.70068  2.06928 
466  1.73628 -0.80678  0.92949  2.54306 
467  0.92652 -1.72239 -0.79586  2.64891 
468  1.05705 -0.63481  0.42224  1.69185 
469  1.19773 -1.40960 -0.21187  2.60733 
470  2.14256 -0.86070  1.28186  3.00326 
471  0.71497 -0.30266  0.41231  1.01763 
472  0.75688 -0.28974  0.46715  1.04662 
473  2.79714 -1.82206  0.97508  4.61920 
474  1.03349 -1.41474 -0.38125  2.44823 
475  1.68432 -1.33468  0.34963  3.01900 
476  1.07744 -0.51094  0.56651  1.58838 
477  0.85078 -0.86889 -0.01811  1.71967 
478  0.63623 -0.51367  0.12257  1.14990 
479  0.27236 -0.66536 -0.39300  0.93773 
480  1.85392 -0.46200  1.39192  2.31592 
481  1.20568 -1.43814 -0.23247  2.64382 
482  0.14619 -1.04657 -0.90038  1.19276 
483  0.68291 -1.41352 -0.73061  2.09643 
484  0.91495 -0.57783  0.33712  1.49278 
485  2.20607 -1.62869  0.57738  3.83476 
486  0.25023 -0.39764 -0.14741  0.64787 
487  0.55658 -1.34630 -0.78972  1.90288 
488  0.59049 -0.79677 -0.20628  1.38726 
489  2.61738 -1.59688  1.02050  4.21426 
490  1.03762 -0.25206  0.78557  1.28968 
491  0.51695 -0.36047  0.15647  0.87742 
492  1.24652 -1.15730  0.08922  2.40382 
493  1.31873 -1.35280 -0.03408  2.67153 
494  0.38836 -1.00628 -0.61791  1.39464 
495  0.29122 -1.00379 -0.71256  1.29501 
496  1.20648 -3.63932 -2.43283  4.84580 
497  1.04252 -0.80498  0.23754  1.84751 
498  0.83106 -3.19641 -2.36534  4.02747 
499  0.55626 -1.05014 -0.49387  1.60640 
500  1.72957 -1.19143  0.53814  2.92100 
501  1.20103 -1.09885  0.10218  2.29989 
502  1.77248 -1.52211  0.25037  3.29458 
503  1.34106 -2.71381 -1.37275  4.05487 
504  0.70189 -0.69423  0.00765  1.39612 
505  1.52085 -1.71373 -0.19288  3.23458 
506  1.43382 -2.20903 -0.77520  3.64285 
507  1.65991 -1.33877  0.32114  2.99869 
508  1.12499 -0.97758  0.14741  2.10257 
509  1.57126 -2.05854 -0.48728  3.62980 
510  1.00634 -1.90499 -0.89866  2.91133 
511  1.14691 -2.79549 -1.64858  3.94241 
512  2.21708 -1.28022  0.93686  3.49730 
513  1.32166 -1.50605 -0.18439  2.82771 
514  2.73210 -1.36429  1.36781  4.09639 
515  1.11408 -0.47007  0.64401  1.58415 
516  1.57887 -2.17158 -0.59270  3.75045 
517  1.23942 -1.78984 -0.55042  3.02925 
518  0.58176 -0.77625 -0.19449  1.35800 
519  1.62979 -1.79131 -0.16152  3.42111 
520  1.40096 -1.08963  0.31133  2.49059 
521  1.79422 -0.66495  1.12927  2.45917 
522  2.93101 -0.64182  2.28920  3.57283 
523  1.29799 -1.49120 -0.19320  2.78919 
524  0.85027 -0.83132  0.01895  1.68159 
525  1.65773 -1.33460  0.32313  2.99233 
526  1.20125 -0.79904  0.40221  2.00029 
527  1.79702 -0.38748  1.40954  2.18450 
528  0.82253 -1.09537 -0.27284  1.91789 
529  0.33844 -0.40054 -0.06210  0.73898 
530  0.23963 -0.75003 -0.51040  0.98966 
531  0.46989 -0.44218  0.02771  0.91207 
532  0.45931 -0.71297 -0.25366  1.17228 
533  0.52607 -0.34183  0.18424  0.86790 
534  0.88564 -0.44681  0.43883  1.33246 
535  0.65727 -0.33714  0.32013  0.99441 
536  0.30290 -0.50694 -0.20403  0.80984 
537  0.70637 -1.42548 -0.71911  2.13185 
538  0.64245 -0.14633  0.49611  0.78878 
539  0.93005 -1.16825 -0.23820  2.09830 
540  0.85349 -1.09411 -0.24062  1.94760 
541  0.93243 -1.62320 -0.69077  2.55563 
542  1.17567 -1.27093 -0.09526  2.44661 
543  0.46086 -0.62468 -0.16382  1.08555 
544  0.71706 -0.59202  0.12504  1.30908 
545  0.52652 -0.72023 -0.19371  1.24675 
546  0.60472 -0.68156 -0.07684  1.28629 
547  0.89185 -0.51724  0.37461  1.40909 
548  0.30474 -1.48255 -1.17781  1.78729 
549  0.90795 -0.95202 -0.04406  1.85997 
550  0.86600 -0.98089 -0.11489  1.84689 
551  0.37902 -0.97913 -0.60010  1.35815 
552  1.37013 -0.68611  0.68401  2.05624 
553  1.30751 -0.65469  0.65282  1.96220 
554  1.85091 -1.43324  0.41767  3.28414 
555  1.17851 -0.92406  0.25445  2.10256 
556  1.19645 -0.20260  0.99385  1.39905 
557  1.07907 -1.03971  0.03936  2.11878 
558  0.35319 -0.28180  0.07140  0.63499 
559  1.12869 -1.17594 -0.04725  2.30463 
560  0.99679 -0.59051  0.40628  1.58730 
561  1.53544 -1.54751 -0.01207  3.08295 
562  0.42504 -0.52939 -0.10435  0.95443 
563  0.77593 -0.58357  0.19236  1.35950 
564  0.73784 -0.35250  0.38534  1.09034 
