0  0.57271 -0.75748 -0.18477  1.33019 
1  1.80500 -1.94961 -0.14461  3.75461 
2  1.68141 -1.66685  0.01456  3.34826 
3  3.34914 -2.50214  0.84700  5.85128 
4  1.09267 -0.99513  0.09754  2.08780 
5  0.40076 -1.97836 -1.57760  2.37912 
6  2.52736 -0.48846  2.03890  3.01582 
7  0.23523 -0.96539 -0.73016  1.20062 
8  0.25596 -1.09805 -0.84209  1.35401 
9  2.32541 -0.42733  1.89808  2.75274 
10  1.83592 -0.78918  1.04674  2.62510 
11  0.63142 -0.44357  0.18785  1.07499 
12  0.22004 -0.65986 -0.43982  0.87990 
13  1.41717 -0.39471  1.02246  1.81188 
14  0.45682 -0.35343  0.10339  0.81025 
15  0.30910 -0.49175 -0.18265  0.80085 
16  1.25667 -0.39757  0.85910  1.65424 
17  0.72262 -0.38437  0.33825  1.10699 
18  2.60542 -0.94732  1.65810  3.55274 
19  1.29415 -0.00763  1.28652  1.30178 
20  0.55854 -0.43893  0.11961  0.99747 
21  1.11930 -0.31716  0.80214  1.43646 
22  0.56594 -0.50260  0.06334  1.06854 
23  0.99988 -1.37172 -0.37184  2.37160 
24  0.13460 -0.64164 -0.50704  0.77624 
25  0.67274 -0.27502  0.39772  0.94776 
26  0.90095  0.00000  0.90095  0.90095 
27  0.18718 -0.98767 -0.80049  1.17485 
28  0.98880 -0.04732  0.94148  1.03612 
29  0.25735 -1.31995 -1.06260  1.57730 
30  1.07494 -1.31725 -0.24231  2.39219 
31  0.58833 -0.88356 -0.29523  1.47189 
32  1.30690 -0.01887  1.28803  1.32577 
33  0.89586 -0.04779  0.84807  0.94365 
34  0.83594  0.00000  0.83594  0.83594 
35  1.32259 -0.76193  0.56066  2.08452 
36  1.79134 -1.41439  0.37695  3.20573 
37  0.59850 -0.60201 -0.00351  1.20051 
38  0.00000 -1.68511 -1.68511  1.68511 
39  0.36141 -0.27749  0.08392  0.63890 
40  0.31450 -0.32314 -0.00864  0.63764 
41  0.40219 -0.94462 -0.54243  1.34681 
42  0.61390 -0.24827  0.36563  0.86217 
43  0.42523 -0.70784 -0.28261  1.13307 
44  0.25808 -0.74434 -0.48626  1.00242 
45  0.15167 -0.44294 -0.29127  0.59461 
46  1.30852 -1.92086 -0.61234  3.22938 
47  1.09255 -0.25526  0.83729  1.34781 
48  0.48167 -0.29303  0.18864  0.77470 
49  0.30931 -1.75705 -1.44774  2.06636 
50  0.53479 -1.03215 -0.49736  1.56694 
51  2.62020 -1.80214  0.81806  4.42234 
52  0.66529 -2.69481 -2.02952  3.36010 
53  0.00000 -0.46596 -0.46596  0.46596 
54  0.13727 -1.71788 -1.58061  1.85515 
55  1.00193 -0.78402  0.21791  1.78595 
56  1.21477 -0.37998  0.83479  1.59475 
57  0.13743 -0.91590 -0.77847  1.05333 
58  1.41057 -0.60185  0.80872  2.01242 
59  2.03463 -1.98839  0.04624  4.02302 
60  0.21806 -1.06556 -0.84750  1.28362 
61  2.45554 -1.18913  1.26641  3.64467 
62  1.08894  0.00000  1.08894  1.08894 
63  1.60681 -1.01436  0.59245  2.62117 
64  1.09831 -2.11996 -1.02165  3.21827 
65  0.34851 -0.61288 -0.26437  0.96139 
66  0.46696 -0.61709 -0.15013  1.08405 
67  3.32281 -3.65070 -0.32789  6.97351 
68  0.22106 -0.64222 -0.42116  0.86328 
69  2.90432 -0.26906  2.63526  3.17338 
70  1.31059 -1.57627 -0.26568  2.88686 
71  0.19597 -0.22653 -0.03056  0.42250 
72  0.25841 -0.32168 -0.06327  0.58009 
73  1.71715  0.00000  1.71715  1.71715 
74  1.54107 -0.99153  0.54954  2.53260 
75  0.92687 -0.84742  0.07945  1.77429 
76  1.47602 -0.04697  1.42905  1.52299 
77  1.61810 -0.03206  1.58604  1.65016 
78  1.00880 -0.44575  0.56305  1.45455 
79  0.00000 -0.79478 -0.79478  0.79478 
80  0.55034 -0.42261  0.12773  0.97295 
81  1.03762 -0.01139  1.02623  1.04901 
82  1.64987 -1.30706  0.34281  2.95693 
83  0.39885 -0.86820 -0.46935  1.26705 
84  1.78901  0.00000  1.78901  1.78901 
85  2.10826 -1.37014  0.73812  3.47840 
86  0.96296 -0.34358  0.61938  1.30654 
87  1.49781 -0.81394  0.68387  2.31175 
88  1.64319 -3.67583 -2.03264  5.31902 
89  2.83125 -2.19231  0.63894  5.02356 
90  1.64524 -3.26727 -1.62203  4.91251 
91  2.44315 -1.55766  0.88549  4.00081 
92  0.13749 -0.34370 -0.20621  0.48119 
93  0.32178 -1.01151 -0.68973  1.33329 
94  0.44536 -0.43456  0.01080  0.87992 
95  0.35557 -0.29935  0.05622  0.65492 
96  0.35066 -1.09586 -0.74520  1.44652 
97  0.43839 -0.38619  0.05220  0.82458 
98  2.47471 -0.64367  1.83104  3.11838 
99  3.72860 -2.84301  0.88559  6.57161 
100  1.56975 -1.11182  0.45793  2.68157 
101  1.14195 -0.94209  0.19986  2.08404 
102  1.77079 -1.63754  0.13325  3.40833 
103  1.79118 -1.64465  0.14653  3.43583 
104  0.25916 -0.27843 -0.01927  0.53759 
105  0.62605 -1.66295 -1.03690  2.28900 
106  0.62196 -0.66717 -0.04521  1.28913 
107  0.72858 -0.22522  0.50336  0.95380 
108  0.00000 -0.22941 -0.22941  0.22941 
109  0.71284  0.00000  0.71284  0.71284 
110  1.36340 -1.94626 -0.58286  3.30966 
111  1.03965 -0.96276  0.07689  2.00241 
112  2.37980 -2.47352 -0.09372  4.85332 
113  0.10869 -2.07119 -1.96250  2.17988 
114  1.20051 -1.78226 -0.58175  2.98277 
115  1.17844 -0.18598  0.99246  1.36442 
116  1.27504 -0.33938  0.93566  1.61442 
117  0.03257 -0.17704 -0.14447  0.20961 
118  1.70409 -0.57343  1.13066  2.27752 
119  0.16274 -0.12780  0.03494  0.29054 
120  0.80794 -0.62926  0.17868  1.43720 
121  0.54282 -0.55953 -0.01671  1.10235 
122  2.45407 -0.34671  2.10736  2.80078 
123  1.81096 -0.54152  1.26944  2.35248 
124  0.59872 -0.48317  0.11555  1.08189 
125  2.10276 -1.62705  0.47571  3.72981 
126  0.43279 -1.67136 -1.23857  2.10415 
127  1.70248 -0.53098  1.17150  2.23346 
128  0.13660 -0.38823 -0.25163  0.52483 
129  0.05795 -0.89116 -0.83321  0.94911 
130  1.15927 -0.32860  0.83067  1.48787 
131  0.00000 -0.65869 -0.65869  0.65869 
132  0.49151 -1.16311 -0.67160  1.65462 
133  0.17255 -0.19011 -0.01756  0.36266 
134  1.35058 -1.71771 -0.36713  3.06829 
135  2.68671 -3.02468 -0.33797  5.71139 
136  1.26628 -1.92560 -0.65932  3.19188 
137  1.86509 -3.46152 -1.59643  5.32661 
138  3.21543 -0.26981  2.94562  3.48524 
139  1.32728 -0.49223  0.83505  1.81951 
140  1.72810 -0.66502  1.06308  2.39312 
141  0.75837 -0.82763 -0.06926  1.58600 
142  1.80407 -0.38907  1.41500  2.19314 
143  0.59629 -0.26481  0.33148  0.86110 
144  0.86698 -2.70474 -1.83776  3.57172 
145  3.79448 -0.90587  2.88861  4.70035 
146  0.37849 -0.31971  0.05878  0.69820 
147  1.37610 -0.35721  1.01889  1.73331 
148  0.99646 -0.08288  0.91358  1.07934 
149  3.21719 -0.76938  2.44781  3.98657 
150  0.88847 -0.10659  0.78188  0.99506 
151  0.18888 -0.34171 -0.15283  0.53059 
152  4.83016 -0.77415  4.05601  5.60431 
153  3.90970 -0.82406  3.08564  4.73376 
154  1.48989 -1.84590 -0.35601  3.33579 
155  2.62089 -0.36528  2.25561  2.98617 
156  4.41359 -1.90797  2.50562  6.32156 
157  1.63304 -1.13056  0.50248  2.76360 
158  0.66418 -0.68404 -0.01986  1.34822 
159  0.83207 -0.50387  0.32820  1.33594 
160  0.90202 -0.25465  0.64737  1.15667 
161  1.16913 -0.31382  0.85531  1.48295 
162  0.73890 -0.15521  0.58369  0.89411 
163  1.19629 -0.33344  0.86285  1.52973 
164  0.78897 -0.60555  0.18342  1.39452 
165  0.91557 -1.23085 -0.31528  2.14642 
166  0.67806 -0.67127  0.00679  1.34933 
167  0.85920 -1.27717 -0.41797  2.13637 
168  2.51613 -0.75669  1.75944  3.27282 
169  3.40878 -0.88971  2.51907  4.29849 
170  2.93877 -1.92272  1.01605  4.86149 
171  0.95356 -0.98326 -0.02970  1.93682 
172  1.36053 -1.47949 -0.11896  2.84002 
173  0.54268 -1.00440 -0.46172  1.54708 
174  4.15662 -0.67542  3.48120  4.83204 
175  3.29264 -1.71417  1.57847  5.00681 
176  1.67844 -0.43311  1.24533  2.11155 
177  1.38879 -0.44934  0.93945  1.83813 
178  3.34922 -0.99910  2.35012  4.34832 
179  1.87419 -0.86922  1.00497  2.74341 
180  0.67226 -0.00871  0.66355  0.68097 
181  2.89530 -1.14666  1.74864  4.04196 
182  1.28045 -0.08704  1.19341  1.36749 
183  3.26238 -1.89964  1.36274  5.16202 
184  2.81981 -0.87609  1.94372  3.69590 
185  1.53261 -1.88527 -0.35266  3.41788 
186  2.47120 -0.80588  1.66532  3.27708 
187  2.44925 -0.58375  1.86550  3.03300 
188  0.68161  0.00000  0.68161  0.68161 
189  1.74903 -0.37551  1.37352  2.12454 
190  1.20821  0.00000  1.20821  1.20821 
191  0.63821 -0.08315  0.55506  0.72136 
192  0.39584 -0.12007  0.27577  0.51591 
193  0.50292 -0.13064  0.37228  0.63356 
194  0.27136 -1.08663 -0.81527  1.35799 
195  1.52306  0.00000  1.52306  1.52306 
196  2.60176 -1.43269  1.16907  4.03445 
197  0.80492 -0.31335  0.49157  1.11827 
198  0.48111 -1.26216 -0.78105  1.74327 
199  1.26641 -0.20325  1.06316  1.46966 
200  1.99978 -1.70852  0.29126  3.70830 
201  1.35803 -1.24244  0.11559  2.60047 
202  1.30261 -0.25984  1.04277  1.56245 
203  0.58495 -0.74349 -0.15854  1.32844 
204  1.82937 -1.76286  0.06651  3.59223 
205  0.82669 -2.65337 -1.82668  3.48006 
206  1.15700 -0.67339  0.48361  1.83039 
207  0.72691  0.00000  0.72691  0.72691 
208  2.58185 -0.60346  1.97839  3.18531 
209  3.21572 -1.30001  1.91571  4.51573 
210  1.38597 -2.66122 -1.27525  4.04719 
211  2.85312 -1.18431  1.66881  4.03743 
212  1.69618 -1.84017 -0.14399  3.53635 
213  1.30722 -0.43379  0.87343  1.74101 
214  0.83325 -0.20914  0.62411  1.04239 
215  1.86727 -2.99566 -1.12839  4.86293 
216  0.81825  0.00000  0.81825  0.81825 
217  1.50843 -1.53846 -0.03003  3.04689 
218  1.27617 -1.10223  0.17394  2.37840 
219  2.74354 -2.43891  0.30463  5.18245 
220  1.58280 -1.57850  0.00430  3.16130 
221  0.85362 -1.27250 -0.41888  2.12612 
222  1.35246 -2.50374 -1.15128  3.85620 
223  2.05980 -1.25292  0.80688  3.31272 
224  0.40030 -0.84714 -0.44684  1.24744 
225  2.69412 -0.62560  2.06852  3.31972 
226  1.56607 -0.83001  0.73606  2.39608 
227  2.16464 -0.48902  1.67562  2.65366 
228  4.49016 -0.34902  4.14114  4.83918 
229  2.10770 -0.41711  1.69059  2.52481 
230  0.93254 -2.44476 -1.51222  3.37730 
231  3.00377 -2.36683  0.63694  5.37060 
232  0.35779 -0.17098  0.18681  0.52877 
233  3.02295 -1.02652  1.99643  4.04947 
234  2.70770 -0.55491  2.15279  3.26261 
235  5.06011 -1.85126  3.20885  6.91137 
236  4.95146 -0.99603  3.95543  5.94749 
237  1.07502 -0.24399  0.83103  1.31901 
238  0.78814 -0.86237 -0.07423  1.65051 
239  1.96539 -0.71759  1.24780  2.68298 
240  0.85396 -0.28532  0.56864  1.13928 
241  0.26298 -0.68080 -0.41782  0.94378 
242  0.68577 -0.26619  0.41958  0.95196 
243  2.06564 -0.85348  1.21216  2.91912 
244  0.18818 -0.17927  0.00891  0.36745 
245  1.72483  0.00000  1.72483  1.72483 
246  0.36531 -0.15206  0.21325  0.51737 
247  1.83813 -0.62642  1.21171  2.46455 
248  1.87124 -0.37423  1.49701  2.24547 
249  0.69269 -0.57582  0.11687  1.26851 
250  1.37993 -3.70833 -2.32840  5.08826 
251  0.14923 -0.94418 -0.79495  1.09341 
252  2.29017 -0.71628  1.57389  3.00645 
253  2.32448 -0.86566  1.45882  3.19014 
254  0.98068 -0.93762  0.04306  1.91830 
255  0.47881 -0.29178  0.18703  0.77059 
256  2.63218 -1.32499  1.30719  3.95717 
257  0.89297 -0.33840  0.55457  1.23137 
258  0.84496 -0.49432  0.35064  1.33928 
259  0.39617 -0.93004 -0.53387  1.32621 
260  1.20173 -0.09968  1.10205  1.30141 
261  0.44882  0.00000  0.44882  0.44882 
262  0.92045 -0.24386  0.67659  1.16431 
263  0.42739 -0.32911  0.09828  0.75650 
264  1.34464 -0.15573  1.18891  1.50037 
265  0.84156 -0.57366  0.26790  1.41522 
266  0.96888  0.00000  0.96888  0.96888 
267  1.61008 -0.54899  1.06109  2.15907 
268  1.00432  0.00000  1.00432  1.00432 
269  1.17636 -0.39747  0.77889  1.57383 
270  0.45491 -1.28015 -0.82524  1.73506 
271  3.14867 -1.37145  1.77722  4.52012 
272  0.79646 -2.42807 -1.63161  3.22453 
273  0.91312 -3.42232 -2.50920  4.33544 
274  1.26580 -0.92424  0.34156  2.19004 
275  2.00791 -1.26456  0.74335  3.27247 
276  2.61218 -3.05028 -0.43810  5.66246 
277  2.87747 -1.82663  1.05084  4.70410 
278  1.15653 -0.91117  0.24536  2.06770 
279  2.02336 -0.33764  1.68572  2.36100 
280  0.75006 -0.80009 -0.05003  1.55015 
281  0.08226 -2.04299 -1.96073  2.12525 
282  3.50738 -2.60643  0.90095  6.11381 
283  0.38426 -0.56625 -0.18199  0.95051 
284  3.31208 -1.08539  2.22669  4.39747 
285  1.61313 -0.91218  0.70095  2.52531 
286  1.97485 -1.25069  0.72416  3.22554 
287  1.27738 -2.79953 -1.52215  4.07691 
288  1.61711 -2.41998 -0.80287  4.03709 
289  1.56185 -1.31728  0.24457  2.87913 
290  1.19910 -0.18474  1.01436  1.38384 
291  0.55296 -1.28240 -0.72944  1.83536 
292  0.61952 -0.74886 -0.12934  1.36838 
293  2.45396 -1.84858  0.60538  4.30254 
294  0.93502 -0.45713  0.47789  1.39215 
295  1.12451 -0.16204  0.96247  1.28655 
296  0.37309 -1.49225 -1.11916  1.86534 
297  0.71467 -0.86549 -0.15082  1.58016 
298  3.26621 -1.46394  1.80227  4.73015 
299  0.75411 -0.58583  0.16828  1.33994 
300  0.59287 -0.65209 -0.05922  1.24496 
301  1.37981 -0.35277  1.02704  1.73258 
302  2.64086 -2.40215  0.23871  5.04301 
303  0.39478 -0.31329  0.08149  0.70807 
304  2.03049 -1.43712  0.59337  3.46761 
305  0.13502 -2.12837 -1.99335  2.26339 
306  1.22887 -0.28865  0.94022  1.51752 
307  0.69684 -0.57135  0.12549  1.26819 
308  0.27688 -0.67982 -0.40294  0.95670 
309  0.47175 -0.14168  0.33007  0.61343 
310  1.05599 -0.69754  0.35845  1.75353 
311  1.26888 -0.63216  0.63672  1.90104 
312  0.63521 -1.71954 -1.08433  2.35475 
313  1.59350 -2.99039 -1.39689  4.58389 
314  0.23716 -2.39189 -2.15473  2.62905 
315  1.26620 -0.51167  0.75453  1.77787 
316  0.93424 -0.09947  0.83477  1.03371 
317  3.12862 -1.98971  1.13891  5.11833 
318  0.51553 -0.61450 -0.09897  1.13003 
319  1.01476 -0.03948  0.97528  1.05424 
320  1.67629 -0.60589  1.07040  2.28218 
321  0.58654 -0.74615 -0.15961  1.33269 
322  0.82393 -1.28815 -0.46422  2.11208 
323  2.22293 -0.78342  1.43951  3.00635 
324  1.06734 -0.44122  0.62612  1.50856 
325  1.17825 -2.33283 -1.15458  3.51108 
326  2.30288 -1.15223  1.15065  3.45511 
327  0.41225 -0.50501 -0.09276  0.91726 
328  1.41137 -0.10432  1.30705  1.51569 
329  0.79672 -0.58456  0.21216  1.38128 
330  0.38905 -0.37192  0.01713  0.76097 
331  0.57039 -1.07745 -0.50706  1.64784 
332  1.10315 -0.19453  0.90862  1.29768 
333  0.64150 -0.41144  0.23006  1.05294 
334  1.16879 -0.20200  0.96679  1.37079 
335  0.00005 -0.31795 -0.31790  0.31800 
336  1.64719 -0.92490  0.72229  2.57209 
337  0.74358 -0.20360  0.53998  0.94718 
338  1.43673 -1.36752  0.06921  2.80425 
339  0.37084 -0.45043 -0.07959  0.82127 
340  0.13749 -0.40311 -0.26562  0.54060 
341  0.48528 -1.04784 -0.56256  1.53312 
342  0.51684 -0.50741  0.00943  1.02425 
343  0.16350 -0.72475 -0.56125  0.88825 
344  0.94622 -0.48502  0.46120  1.43124 
345  0.00000 -1.11437 -1.11437  1.11437 
346  1.68507 -0.59854  1.08653  2.28361 
347  0.00000 -0.48517 -0.48517  0.48517 
348  0.30386 -0.27198  0.03188  0.57584 
349  0.05140 -1.26077 -1.20937  1.31217 
350  0.00000 -1.22411 -1.22411  1.22411 
351  0.15003 -0.40240 -0.25237  0.55243 
352  0.76482 -0.02465  0.74017  0.78947 
353  1.04277 -0.31117  0.73160  1.35394 
354  0.02498 -0.39112 -0.36614  0.41610 
355  0.00000 -0.99425 -0.99425  0.99425 
356  1.06755 -0.30269  0.76486  1.37024 
357  2.10506 -0.41543  1.68963  2.52049 
358  0.53990 -0.23638  0.30352  0.77628 
359  1.59970 -0.01197  1.58773  1.61167 
360  1.58787 -1.13745  0.45042  2.72532 
361  1.34417 -0.10630  1.23787  1.45047 
362  0.93926  0.00000  0.93926  0.93926 
363  0.39025 -0.19663  0.19362  0.58688 
364  0.19605 -0.37213 -0.17608  0.56818 
365  0.34779 -0.38044 -0.03265  0.72823 
366  1.03399  0.00000  1.03399  1.03399 
367  2.01233 -0.82127  1.19106  2.83360 
368  2.57524 -0.46356  2.11168  3.03880 
369  0.81222 -1.27845 -0.46623  2.09067 
370  0.60174 -0.18682  0.41492  0.78856 
371  1.15024 -0.70381  0.44643  1.85405 
372  1.83566 -0.06174  1.77392  1.89740 
373  0.30987 -0.52425 -0.21438  0.83412 
374  0.52063 -1.54442 -1.02379  2.06505 
375  1.03620 -0.35401  0.68219  1.39021 
376  0.54384 -0.69879 -0.15495  1.24263 
377  1.79446 -0.34979  1.44467  2.14425 
378  0.11753 -0.31478 -0.19725  0.43231 
379  1.08677 -0.36383  0.72294  1.45060 
380  0.91764 -1.80944 -0.89180  2.72708 
381  1.92689 -0.76686  1.16003  2.69375 
382  0.78895 -0.25224  0.53671  1.04119 
383  1.71179  0.00000  1.71179  1.71179 
384  1.25000 -0.17475  1.07525  1.42475 
385  1.54634 -2.03556 -0.48922  3.58190 
386  0.35888 -0.58023 -0.22135  0.93911 
387  1.82212 -0.19163  1.63049  2.01375 
388  1.94280 -0.51233  1.43047  2.45513 
389  0.58011 -2.74840 -2.16829  3.32851 
390  0.19220 -0.02606  0.16614  0.21826 
391  2.51001 -0.93652  1.57349  3.44653 
392  0.80912 -0.91466 -0.10554  1.72378 
393  0.00000 -1.32648 -1.32648  1.32648 
394  0.93586 -0.04810  0.88776  0.98396 
395  0.48420 -1.11177 -0.62757  1.59597 
396  0.86805 -1.25366 -0.38561  2.12171 
397  0.39013 -0.47849 -0.08836  0.86862 
398  0.39992 -0.19570  0.20422  0.59562 
399  1.03074 -1.36840 -0.33766  2.39914 
400  1.24115 -1.30316 -0.06201  2.54431 
401  2.39253 -0.26142  2.13111  2.65395 
402  1.51906 -1.09905  0.42001  2.61811 
403  1.28482 -1.78407 -0.49925  3.06889 
404  0.65281 -1.96340 -1.31059  2.61621 
405  1.61987 -0.21167  1.40820  1.83154 
406  0.64998 -1.24468 -0.59470  1.89466 
407  0.84140 -1.35073 -0.50933  2.19213 
408  0.76239 -0.91706 -0.15467  1.67945 
409  1.14943 -1.77709 -0.62766  2.92652 
410  1.82788 -1.26211  0.56577  3.08999 
411  0.85974 -3.48385 -2.62411  4.34359 
412  0.11099 -0.60927 -0.49828  0.72026 
413  0.37046 -0.86858 -0.49812  1.23904 
414  4.07231 -1.65425  2.41806  5.72656 
415  0.71196 -0.54745  0.16451  1.25941 
416  0.00000 -0.79373 -0.79373  0.79373 
417  1.86083 -0.49965  1.36118  2.36048 
418  0.65671 -1.52810 -0.87139  2.18481 
419  1.02552 -1.25210 -0.22658  2.27762 
420  0.00000 -2.52328 -2.52328  2.52328 
421  0.39290 -0.57319 -0.18029  0.96609 
422  0.50548  0.00000  0.50548  0.50548 
423  0.40044 -1.19691 -0.79647  1.59735 
424  0.99585 -1.02089 -0.02504  2.01674 
425  0.03245 -0.74247 -0.71002  0.77492 
426  1.39859 -0.12660  1.27199  1.52519 
427  0.37828 -1.41129 -1.03301  1.78957 
428  1.51816 -0.33441  1.18375  1.85257 
429  0.00000 -0.98645 -0.98645  0.98645 
430  0.45482 -1.14799 -0.69317  1.60281 
431  0.13228 -1.22792 -1.09564  1.36020 
432  1.37245 -0.54812  0.82433  1.92057 
433  0.93076 -0.30794  0.62282  1.23870 
434  0.36355 -0.11517  0.24838  0.47872 
435  1.23526  0.00000  1.23526  1.23526 
436  0.75872 -0.08245  0.67627  0.84117 
437  1.44148  0.00000  1.44148  1.44148 
438  0.25313 -1.38285 -1.12972  1.63598 
439  1.09455  0.00000  1.09455  1.09455 
440  1.45906 -0.22932  1.22974  1.68838 
441  1.23868 -0.69501  0.54367  1.93369 
442  0.50801 -0.93117 -0.42316  1.43918 
443  0.18351 -0.04935  0.13416  0.23286 
444  1.15679 -0.01889  1.13790  1.17568 
445  0.64600 -0.55056  0.09544  1.19656 
446  0.95351 -0.65484  0.29867  1.60835 
447  1.68774 -0.49243  1.19531  2.18017 
448  0.77124 -0.23828  0.53296  1.00952 
449  0.75698 -0.36928  0.38770  1.12626 
450  0.57930 -0.51787  0.06143  1.09717 
451  0.39883 -1.48455 -1.08572  1.88338 
452  1.87925  0.00000  1.87925  1.87925 
453  0.84717 -0.75488  0.09229  1.60205 
454  0.00000 -0.81641 -0.81641  0.81641 
455  0.71154 -1.43067 -0.71913  2.14221 
456  1.27213 -1.06574  0.20639  2.33787 
457  0.45863 -0.35951  0.09912  0.81814 
458  0.78059 -0.59260  0.18799  1.37319 
459  0.86922 -0.11844  0.75078  0.98766 
460  0.17526 -0.17472  0.00054  0.34998 
461  0.82037  0.00000  0.82037  0.82037 
462  1.16296 -0.28886  0.87410  1.45182 
463  1.08826 -0.40044  0.68782  1.48870 
464  0.35606 -0.36378 -0.00772  0.71984 
465  0.66431 -0.87051 -0.20620  1.53482 
466  2.14355 -1.90860  0.23495  4.05215 
467  2.16695 -1.47009  0.69686  3.63704 
468  0.70327 -0.23647  0.46680  0.93974 
469  0.96953 -1.78801 -0.81848  2.75754 
470  1.32762 -1.35306 -0.02544  2.68068 
471  0.03393 -1.76147 -1.72754  1.79540 
472  1.87933  0.00000  1.87933  1.87933 
473  2.66156 -1.79810  0.86346  4.45966 
474  1.18302 -1.66137 -0.47835  2.84439 
475  0.89560 -1.54035 -0.64475  2.43595 
476  0.64879 -0.85422 -0.20543  1.50301 
477  1.15890 -0.91552  0.24338  2.07442 
478  0.71834 -0.50380  0.21454  1.22214 
479  1.35737 -0.09130  1.26607  1.44867 
480  0.79355 -0.20811  0.58544  1.00166 
481  1.29328 -1.22909  0.06419  2.52237 
482  0.67608 -0.12943  0.54665  0.80551 
483  0.40744 -0.54979 -0.14235  0.95723 
484  0.46795 -0.74587 -0.27792  1.21382 
485  1.52217 -1.36755  0.15462  2.88972 
486  0.35418 -0.17263  0.18155  0.52681 
487  0.97615 -0.67401  0.30214  1.65016 
488  0.30843 -0.33303 -0.02460  0.64146 
489  1.27812 -3.48276 -2.20464  4.76088 
490  0.45568 -1.13583 -0.68015  1.59151 
491  1.14475 -0.78587  0.35888  1.93062 
492  1.36204 -1.21749  0.14455  2.57953 
493  1.79167 -0.66069  1.13098  2.45236 
494  0.08842 -0.36886 -0.28044  0.45728 
495  0.29836 -0.20715  0.09121  0.50551 
496  0.22320 -4.37909 -4.15589  4.60229 
497  0.62599 -0.89142 -0.26543  1.51741 
498  0.95973 -2.66325 -1.70352  3.62298 
499  0.55023 -0.33896  0.21127  0.88919 
500  1.92022 -1.30956  0.61066  3.22978 
501  0.80225 -0.76865  0.03360  1.57090 
502  1.65457 -1.45474  0.19983  3.10931 
503  0.86716 -1.86905 -1.00189  2.73621 
504  0.16787 -0.94612 -0.77825  1.11399 
505  2.08278 -1.47969  0.60309  3.56247 
506  1.70231 -1.13638  0.56593  2.83869 
507  3.26730 -1.11335  2.15395  4.38065 
508  0.33956 -2.07399 -1.73443  2.41355 
509  2.39679 -2.43481 -0.03802  4.83160 
510  1.60703 -1.65383 -0.04680  3.26086 
511  0.51861 -1.96732 -1.44871  2.48593 
512  1.25884 -0.88662  0.37222  2.14546 
513  1.18449 -0.40449  0.78000  1.58898 
514  2.61806 -2.03471  0.58335  4.65277 
515  1.31951 -0.23775  1.08176  1.55726 
516  2.17586 -1.62581  0.55005  3.80167 
517  1.90358 -2.43060 -0.52702  4.33418 
518  1.12272 -0.32023  0.80249  1.44295 
519  1.08871 -2.94769 -1.85898  4.03640 
520  1.61171 -0.64212  0.96959  2.25383 
521  1.08585 -0.26212  0.82373  1.34797 
522  1.37501 -1.46178 -0.08677  2.83679 
523  1.13905 -1.03861  0.10044  2.17766 
524  1.11370 -1.53441 -0.42071  2.64811 
525  2.13671 -1.65777  0.47894  3.79448 
526  0.66638 -1.19657 -0.53019  1.86295 
527  0.95286 -0.08143  0.87143  1.03429 
528  0.92917 -0.89498  0.03419  1.82415 
529  1.54717 -0.01750  1.52967  1.56467 
530  1.02833 -0.43571  0.59262  1.46404 
531  0.76924 -0.55840  0.21084  1.32764 
532  0.66397 -0.33749  0.32648  1.00146 
533  0.54750 -0.28887  0.25863  0.83637 
534  0.57798 -0.33568  0.24230  0.91366 
535  0.51930 -0.67443 -0.15513  1.19373 
536  0.00000 -0.24489 -0.24489  0.24489 
537  0.16235 -1.02305 -0.86070  1.18540 
538  1.20596 -0.13940  1.06656  1.34536 
539  0.24252 -1.17554 -0.93302  1.41806 
540  1.26285 -1.06350  0.19935  2.32635 
541  1.68687 -1.37362  0.31325  3.06049 
542  0.64751 -1.17765 -0.53014  1.82516 
543  0.19972 -0.51687 -0.31715  0.71659 
544  0.45861 -1.30842 -0.84981  1.76703 
545  0.12537 -0.08358  0.04179  0.20895 
546  0.46281  0.00000  0.46281  0.46281 
547  1.01670 -0.06739  0.94931  1.08409 
548  1.26845 -0.98358  0.28487  2.25203 
549  2.13957 -0.44817  1.69140  2.58774 
550  0.44230 -1.16322 -0.72092  1.60552 
551  0.41208 -0.27274  0.13934  0.68482 
552  0.26457 -0.89321 -0.62864  1.15778 
553  1.51150 -0.83987  0.67163  2.35137 
554  1.18120 -0.82525  0.35595  2.00645 
555  1.74126 -1.39571  0.34555  3.13697 
556  1.87277 -0.55233  1.32044  2.42510 
557  0.80638 -1.84348 -1.03710  2.64986 
558  0.00000 -0.19155 -0.19155  0.19155 
559  1.15955 -1.51401 -0.35446  2.67356 
560  1.20187 -0.41891  0.78296  1.62078 
561  1.20394 -1.32825 -0.12431  2.53219 
562  0.46377 -1.20256 -0.73879  1.66633 
563  0.22147 -1.62876 -1.40729  1.85023 
564  1.00426 -0.13806  0.86620  1.14232 
