0  0.71056 -1.05703 -0.34647  1.76759 
1  4.41258 -2.28538  2.12720  6.69796 
2  2.10639 -1.81206  0.29433  3.91845 
3  3.63659 -2.24962  1.38697  5.88621 
4  1.59617 -1.34861  0.24756  2.94478 
5  1.96812 -0.73273  1.23539  2.70085 
6  1.57724 -1.11557  0.46167  2.69281 
7  1.92472 -0.89768  1.02704  2.82240 
8  0.86373 -0.82678  0.03695  1.69051 
9  2.72966 -1.14914  1.58052  3.87880 
10  1.84705 -2.59365 -0.74660  4.44070 
11  2.94035 -1.01769  1.92266  3.95804 
12  0.98594 -0.70395  0.28199  1.68989 
13  0.47336 -1.90788 -1.43452  2.38124 
14  1.34113 -0.39570  0.94543  1.73683 
15  0.69086 -1.47027 -0.77941  2.16113 
16  0.63634 -1.49720 -0.86086  2.13354 
17  0.44142 -0.69163 -0.25021  1.13305 
18  2.70831 -2.16301  0.54530  4.87132 
19  0.72277 -0.90179 -0.17902  1.62456 
20  0.26225 -0.08449  0.17776  0.34674 
21  0.21735 -0.37197 -0.15462  0.58932 
22  0.73831 -0.57899  0.15932  1.31730 
23  0.85681 -1.39038 -0.53357  2.24719 
24  1.32125 -1.50057 -0.17932  2.82182 
25  0.39116 -0.12763  0.26353  0.51879 
26  0.40662 -0.59001 -0.18339  0.99663 
27  0.12706 -0.83694 -0.70988  0.96400 
28  0.99777 -1.19679 -0.19902  2.19456 
29  0.70061 -1.00586 -0.30525  1.70647 
30  0.48739 -1.11715 -0.62976  1.60454 
31  1.03463 -0.67000  0.36463  1.70463 
32  0.55392 -0.50274  0.05118  1.05666 
33  0.71799 -0.21320  0.50479  0.93119 
34  0.09145 -0.63979 -0.54834  0.73124 
35  1.39150 -1.10859  0.28291  2.50009 
36  1.33478 -0.91038  0.42440  2.24516 
37  0.27497 -1.03366 -0.75869  1.30863 
38  1.39948  0.00000  1.39948  1.39948 
39  0.74163 -0.52496  0.21667  1.26659 
40  0.84327 -0.48027  0.36300  1.32354 
41  0.64351 -0.48956  0.15395  1.13307 
42  0.00000 -0.74481 -0.74481  0.74481 
43  0.75706 -0.25792  0.49914  1.01498 
44  1.14579 -0.72593  0.41986  1.87172 
45  0.90805 -0.08608  0.82197  0.99413 
46  1.48702 -0.95287  0.53415  2.43989 
47  1.17511  0.00000  1.17511  1.17511 
48  0.11804 -0.53317 -0.41513  0.65121 
49  0.66845 -0.23736  0.43109  0.90581 
50  0.83764 -2.27434 -1.43670  3.11198 
51  0.97068 -2.81772 -1.84704  3.78840 
52  2.59306 -3.96863 -1.37557  6.56169 
53  1.23457 -0.81875  0.41582  2.05332 
54  0.60616 -0.46820  0.13796  1.07436 
55  1.09444 -0.86585  0.22859  1.96029 
56  1.32030 -1.39463 -0.07433  2.71493 
57  1.13927 -0.39722  0.74205  1.53649 
58  0.46506 -0.93044 -0.46538  1.39550 
59  2.62155 -1.21901  1.40254  3.84056 
60  1.15045  0.00000  1.15045  1.15045 
61  2.81789 -1.22091  1.59698  4.03880 
62  1.16044 -0.26940  0.89104  1.42984 
63  2.43760 -1.63240  0.80520  4.07000 
64  4.42736 -1.28634  3.14102  5.71370 
65  0.55598 -0.20153  0.35445  0.75751 
66  0.33495 -0.37098 -0.03603  0.70593 
67  2.00237 -3.99223 -1.98986  5.99460 
68  0.83649 -0.30911  0.52738  1.14560 
69  1.42260 -2.39828 -0.97568  3.82088 
70  1.26164 -2.15799 -0.89635  3.41963 
71  0.40349 -0.30517  0.09832  0.70866 
72  0.52081 -1.46575 -0.94494  1.98656 
73  0.53768 -0.80945 -0.27177  1.34713 
74  1.28719 -0.83523  0.45196  2.12242 
75  0.79800  0.00000  0.79800  0.79800 
76  0.00000 -1.33015 -1.33015  1.33015 
77  0.13741 -1.33962 -1.20221  1.47703 
78  0.66373 -0.11131  0.55242  0.77504 
79  0.28583 -0.35455 -0.06872  0.64038 
80  1.77722 -0.61461  1.16261  2.39183 
81  0.09564 -0.64339 -0.54775  0.73903 
82  1.10301 -1.06554  0.03747  2.16855 
83  0.00425 -0.48218 -0.47793  0.48643 
84  0.50790 -1.02463 -0.51673  1.53253 
85  2.57858 -2.31043  0.26815  4.88901 
86  0.98141 -0.10180  0.87961  1.08321 
87  2.75406 -1.78819  0.96587  4.54225 
88  2.56845 -2.86670 -0.29825  5.43515 
89  3.34769 -1.81245  1.53524  5.16014 
90  2.32591 -0.69043  1.63548  3.01634 
91  3.57346 -1.39965  2.17381  4.97311 
92  1.31767 -0.37434  0.94333  1.69201 
93  0.90487 -0.85387  0.05100  1.75874 
94  0.13737 -1.08127 -0.94390  1.21864 
95  0.48637 -0.61836 -0.13199  1.10473 
96  0.45477 -0.56481 -0.11004  1.01958 
97  0.38552 -0.94486 -0.55934  1.33038 
98  1.37443 -4.56437 -3.18994  5.93880 
99  2.57027 -3.06584 -0.49557  5.63611 
100  1.41151 -2.51903 -1.10752  3.93054 
101  2.57601 -0.62174  1.95427  3.19775 
102  1.79252 -0.52210  1.27042  2.31462 
103  3.35185 -1.92935  1.42250  5.28120 
104  0.56414  0.00000  0.56414  0.56414 
105  1.84793 -0.00972  1.83821  1.85765 
106  1.09767 -1.11679 -0.01912  2.21446 
107  0.50220 -0.32330  0.17890  0.82550 
108  0.10209 -0.54497 -0.44288  0.64706 
109  0.94430  0.00000  0.94430  0.94430 
110  1.54171 -2.40594 -0.86423  3.94765 
111  1.71653  0.00000  1.71653  1.71653 
112  1.11270 -3.75278 -2.64008  4.86548 
113  0.91407 -2.41185 -1.49778  3.32592 
114  3.65696 -0.33151  3.32545  3.98847 
115  1.19179 -1.32990 -0.13811  2.52169 
116  0.34038 -0.39546 -0.05508  0.73584 
117  0.03363 -0.54562 -0.51199  0.57925 
118  0.85282 -2.47951 -1.62669  3.33233 
119  0.93123  0.00000  0.93123  0.93123 
120  0.44897 -0.12892  0.32005  0.57789 
121  0.91368  0.00000  0.91368  0.91368 
122  0.71029 -2.39887 -1.68858  3.10916 
123  2.91855 -1.05969  1.85886  3.97824 
124  2.16561  0.00000  2.16561  2.16561 
125  4.04810 -1.19900  2.84910  5.24710 
126  2.00354 -2.03552 -0.03198  4.03906 
127  0.86342 -0.67323  0.19019  1.53665 
128  0.65585 -0.20821  0.44764  0.86406 
129  0.35433 -0.38966 -0.03533  0.74399 
130  0.63505 -0.23024  0.40481  0.86529 
131  0.85039 -0.12205  0.72834  0.97244 
132  1.24382 -0.36119  0.88263  1.60501 
133  0.76447 -0.00455  0.75992  0.76902 
134  1.99360 -1.12000  0.87360  3.11360 
135  3.47196 -1.48547  1.98649  4.95743 
136  1.07237 -1.49857 -0.42620  2.57094 
137  2.85188 -2.24875  0.60313  5.10063 
138  0.73393 -2.61695 -1.88302  3.35088 
139  0.84995 -0.12885  0.72110  0.97880 
140  0.96982 -1.22625 -0.25643  2.19607 
141  0.73285 -0.27011  0.46274  1.00296 
142  2.06537 -1.34789  0.71748  3.41326 
143  0.40145 -0.74651 -0.34506  1.14796 
144  0.85587 -1.51450 -0.65863  2.37037 
145  3.34514 -2.02736  1.31778  5.37250 
146  0.00000 -0.33463 -0.33463  0.33463 
147  0.92201 -0.22731  0.69470  1.14932 
148  0.89159 -0.09991  0.79168  0.99150 
149  4.03443 -0.22925  3.80518  4.26368 
150  1.74123  0.00000  1.74123  1.74123 
151  0.82163 -0.01998  0.80165  0.84161 
152  2.92502 -2.69677  0.22825  5.62179 
153  3.65792 -1.45729  2.20063  5.11521 
154  0.40783 -2.47352 -2.06569  2.88135 
155  3.15222 -1.82652  1.32570  4.97874 
156  3.33388 -1.22184  2.11204  4.55572 
157  3.64911 -0.82249  2.82662  4.47160 
158  1.88583 -1.56900  0.31683  3.45483 
159  1.21872 -0.69085  0.52787  1.90957 
160  0.34450 -0.69252 -0.34802  1.03702 
161  0.75343 -0.14362  0.60981  0.89705 
162  1.84673 -0.59586  1.25087  2.44259 
163  0.76460 -0.33807  0.42653  1.10267 
164  0.37969 -0.53108 -0.15139  0.91077 
165  0.00000 -1.25572 -1.25572  1.25572 
166  0.58629 -0.61548 -0.02919  1.20177 
167  0.27713 -0.92834 -0.65121  1.20547 
168  4.73243 -0.74914  3.98329  5.48157 
169  4.17721 -1.92949  2.24772  6.10670 
170  1.99193 -2.33112 -0.33919  4.32305 
171  1.10893 -2.13585 -1.02692  3.24478 
172  3.99576 -0.95723  3.03853  4.95299 
173  0.70084 -0.25757  0.44327  0.95841 
174  6.52388 -0.14641  6.37747  6.67029 
175  4.76783 -1.74186  3.02597  6.50969 
176  3.06120 -0.54810  2.51310  3.60930 
177  0.91154 -2.45233 -1.54079  3.36387 
178  2.21283 -2.09727  0.11556  4.31010 
179  2.50816 -2.20939  0.29877  4.71755 
180  0.15624 -1.32045 -1.16421  1.47669 
181  1.80536 -3.30821 -1.50285  5.11357 
182  0.72473 -0.15704  0.56769  0.88177 
183  2.39296 -1.49655  0.89641  3.88951 
184  2.83215 -0.76596  2.06619  3.59811 
185  1.29870 -1.74700 -0.44830  3.04570 
186  2.32434 -2.53550 -0.21116  4.85984 
187  2.64731 -1.53945  1.10786  4.18676 
188  1.12121 -0.63868  0.48253  1.75989 
189  0.81716 -0.96534 -0.14818  1.78250 
190  1.05082  0.00000  1.05082  1.05082 
191  0.39062 -0.29048  0.10014  0.68110 
192  1.13150  0.00000  1.13150  1.13150 
193  0.47907 -0.42077  0.05830  0.89984 
194  0.78038 -0.17591  0.60447  0.95629 
195  0.82682 -0.40553  0.42129  1.23235 
196  1.92902 -1.33432  0.59470  3.26334 
197  0.89039 -0.55686  0.33353  1.44725 
198  2.16522 -1.13389  1.03133  3.29911 
199  0.09302 -0.64472 -0.55170  0.73774 
200  1.80901 -2.51659 -0.70758  4.32560 
201  0.94413 -2.89981 -1.95568  3.84394 
202  0.44391 -1.08903 -0.64512  1.53294 
203  0.57048 -0.68588 -0.11540  1.25636 
204  1.91752 -0.84874  1.06878  2.76626 
205  2.37220 -1.27363  1.09857  3.64583 
206  0.28100 -0.53864 -0.25764  0.81964 
207  0.68869 -0.13522  0.55347  0.82391 
208  1.93608 -3.54846 -1.61238  5.48454 
209  6.54777 -0.82350  5.72427  7.37127 
210  1.89942 -2.90341 -1.00399  4.80283 
211  3.91806 -2.13790  1.78016  6.05596 
212  2.92981 -0.18198  2.74783  3.11179 
213  1.17848 -0.93746  0.24102  2.11594 
214  0.92033 -0.50980  0.41053  1.43013 
215  1.83620 -2.91821 -1.08201  4.75441 
216  0.39520 -0.11206  0.28314  0.50726 
217  2.28299 -1.44362  0.83937  3.72661 
218  0.46838 -0.81974 -0.35136  1.28812 
219  2.71609 -1.43549  1.28060  4.15158 
220  3.39914 -1.42197  1.97717  4.82111 
221  1.85206 -1.35686  0.49520  3.20892 
222  2.80913 -2.12053  0.68860  4.92966 
223  1.35958 -2.53386 -1.17428  3.89344 
224  1.91403 -0.13240  1.78163  2.04643 
225  2.16543 -0.39770  1.76773  2.56313 
226  2.57333 -1.82332  0.75001  4.39665 
227  3.00222 -0.51792  2.48430  3.52014 
228  1.80981 -1.03743  0.77238  2.84724 
229  3.19505 -1.49988  1.69517  4.69493 
230  3.63385 -2.30716  1.32669  5.94101 
231  3.20802 -1.75551  1.45251  4.96353 
232  1.21275  0.00000  1.21275  1.21275 
233  5.20007 -0.52456  4.67551  5.72463 
234  6.21204 -0.41762  5.79442  6.62966 
235  3.17201 -2.97783  0.19418  6.14984 
236  4.21576 -1.45751  2.75825  5.67327 
237  3.33333 -0.23513  3.09820  3.56846 
238  1.16567 -1.38055 -0.21488  2.54622 
239  2.50007 -0.71934  1.78073  3.21941 
240  0.77637  0.00000  0.77637  0.77637 
241  0.85674 -0.30903  0.54771  1.16577 
242  1.30275 -0.35516  0.94759  1.65791 
243  2.13962 -1.67060  0.46902  3.81022 
244  0.20895 -0.41961 -0.21066  0.62856 
245  1.83823 -0.19295  1.64528  2.03118 
246  0.50664 -0.13661  0.37003  0.64325 
247  2.24295 -0.54148  1.70147  2.78443 
248  1.17778 -0.69144  0.48634  1.86922 
249  0.74264 -0.27722  0.46542  1.01986 
250  3.87604 -0.99665  2.87939  4.87269 
251  1.08516 -1.20146 -0.11630  2.28662 
252  2.25931 -1.03308  1.22623  3.29239 
253  2.53564 -0.76266  1.77298  3.29830 
254  3.34629 -1.49856  1.84773  4.84485 
255  0.68519 -1.40647 -0.72128  2.09166 
256  2.38507 -2.27487  0.11020  4.65994 
257  0.43323 -0.55231 -0.11908  0.98554 
258  0.72182 -1.24992 -0.52810  1.97174 
259  0.85655  0.00000  0.85655  0.85655 
260  1.03634 -0.34985  0.68649  1.38619 
261  0.86930 -0.27038  0.59892  1.13968 
262  1.07302 -0.05714  1.01588  1.13016 
263  1.45812 -0.13508  1.32304  1.59320 
264  1.81534 -0.25266  1.56268  2.06800 
265  0.39276 -0.49357 -0.10081  0.88633 
266  0.67878 -0.12125  0.55753  0.80003 
267  0.82507 -1.28638 -0.46131  2.11145 
268  0.63433 -0.60876  0.02557  1.24309 
269  0.24319 -1.07898 -0.83579  1.32217 
270  0.89527 -0.36196  0.53331  1.25723 
271  1.28702 -0.91151  0.37551  2.19853 
272  2.65638 -0.66823  1.98815  3.32461 
273  2.68851 -1.65659  1.03192  4.34510 
274  0.53882 -1.19654 -0.65772  1.73536 
275  2.35919 -1.69740  0.66179  4.05659 
276  3.78418 -2.60457  1.17961  6.38875 
277  3.14166 -2.16897  0.97269  5.31063 
278  2.30142 -0.16221  2.13921  2.46363 
279  1.76673 -0.05719  1.70954  1.82392 
280  0.42647 -0.83318 -0.40671  1.25965 
281  1.81957 -0.03802  1.78155  1.85759 
282  3.09723 -1.19027  1.90696  4.28750 
283  0.53367 -0.45182  0.08185  0.98549 
284  3.78303 -1.81419  1.96884  5.59722 
285  2.50105 -1.98492  0.51613  4.48597 
286  1.61670 -2.92985 -1.31315  4.54655 
287  3.02810 -2.50197  0.52613  5.53007 
288  1.48396 -3.14546 -1.66150  4.62942 
289  0.85782 -1.92972 -1.07190  2.78754 
290  0.26459 -0.97360 -0.70901  1.23819 
291  1.46039 -1.47339 -0.01300  2.93378 
292  1.06932 -0.82503  0.24429  1.89435 
293  3.58202 -1.61373  1.96829  5.19575 
294  0.55369 -0.20104  0.35265  0.75473 
295  0.67110  0.00000  0.67110  0.67110 
296  0.98240 -0.92117  0.06123  1.90357 
297  0.36256 -0.67938 -0.31682  1.04194 
298  3.08363 -4.39222 -1.30859  7.47585 
299  1.20759 -0.21668  0.99091  1.42427 
300  1.10374 -0.36423  0.73951  1.46797 
301  1.13839  0.00000  1.13839  1.13839 
302  1.72424 -3.86752 -2.14328  5.59176 
303  1.11593 -0.59725  0.51868  1.71318 
304  0.24973 -2.93501 -2.68528  3.18474 
305  0.51960 -2.82789 -2.30829  3.34749 
306  0.94190 -0.63210  0.30980  1.57400 
307  0.84600 -0.29667  0.54933  1.14267 
308  1.36091 -0.12208  1.23883  1.48299 
309  0.51367 -0.56367 -0.05000  1.07734 
310  0.54676 -0.24850  0.29826  0.79526 
311  1.97432 -1.48942  0.48490  3.46374 
312  1.33546 -1.17457  0.16089  2.51003 
313  2.29025 -1.61626  0.67399  3.90651 
314  2.09825 -1.59785  0.50040  3.69610 
315  0.13733 -0.92868 -0.79135  1.06601 
316  0.39632 -0.06885  0.32747  0.46517 
317  2.28732 -0.51589  1.77143  2.80321 
318  0.33379 -0.32901  0.00478  0.66280 
319  0.41793 -1.68839 -1.27046  2.10632 
320  2.70952 -0.32971  2.37981  3.03923 
321  0.14361 -0.94013 -0.79652  1.08374 
322  1.41418 -0.73193  0.68225  2.14611 
323  1.39512 -1.53118 -0.13606  2.92630 
324  1.43634 -0.78575  0.65059  2.22209 
325  0.85530 -2.45929 -1.60399  3.31459 
326  1.05973 -0.45547  0.60426  1.51520 
327  0.26677 -0.21658  0.05019  0.48335 
328  0.60058 -0.88264 -0.28206  1.48322 
329  1.10200 -0.62842  0.47358  1.73042 
330  1.11293 -0.25734  0.85559  1.37027 
331  1.35680 -0.13551  1.22129  1.49231 
332  0.57480  0.00000  0.57480  0.57480 
333  1.41576  0.00000  1.41576  1.41576 
334  0.72394 -0.14189  0.58205  0.86583 
335  0.36026 -0.72721 -0.36695  1.08747 
336  1.08823 -3.17946 -2.09123  4.26769 
337  1.98493 -0.50597  1.47896  2.49090 
338  1.61698 -1.51716  0.09982  3.13414 
339  1.13195 -0.93577  0.19618  2.06772 
340  0.81064 -0.27430  0.53634  1.08494 
341  0.18841 -0.17133  0.01708  0.35974 
342  0.26171 -0.34331 -0.08160  0.60502 
343  1.15596  0.00000  1.15596  1.15596 
344  1.02271 -0.11237  0.91034  1.13508 
345  0.86777 -0.39443  0.47334  1.26220 
346  0.19875 -0.83479 -0.63604  1.03354 
347  0.63045 -0.46839  0.16206  1.09884 
348  0.54753 -0.28340  0.26413  0.83093 
349  0.00000 -1.07416 -1.07416  1.07416 
350  0.50565 -0.90663 -0.40098  1.41228 
351  0.80139  0.00000  0.80139  0.80139 
352  0.84232 -1.37915 -0.53683  2.22147 
353  0.31890 -0.10845  0.21045  0.42735 
354  0.49653 -0.23669  0.25984  0.73322 
355  0.00000 -0.78826 -0.78826  0.78826 
356  0.52357  0.00000  0.52357  0.52357 
357  2.26754 -1.83688  0.43066  4.10442 
358  0.58798 -1.04574 -0.45776  1.63372 
359  0.87877 -0.82790  0.05087  1.70667 
360  0.40227 -2.66877 -2.26650  3.07104 
361  0.52764 -0.13569  0.39195  0.66333 
362  0.21241 -0.27784 -0.06543  0.49025 
363  0.87841  0.00000  0.87841  0.87841 
364  0.53336 -1.10436 -0.57100  1.63772 
365  0.00000 -0.83952 -0.83952  0.83952 
366  0.00000 -0.86468 -0.86468  0.86468 
367  1.76246 -0.40749  1.35497  2.16995 
368  0.83686 -3.75837 -2.92151  4.59523 
369  1.54570 -1.20612  0.33958  2.75182 
370  0.97294 -0.47477  0.49817  1.44771 
371  1.33137 -0.75921  0.57216  2.09058 
372  0.74200 -2.43621 -1.69421  3.17821 
373  0.00000 -0.46612 -0.46612  0.46612 
374  1.80975 -1.82134 -0.01159  3.63109 
375  1.20434 -0.44004  0.76430  1.64438 
376  0.52072 -0.29205  0.22867  0.81277 
377  0.81440 -0.58335  0.23105  1.39775 
378  0.48531 -1.21061 -0.72530  1.69592 
379  0.42387 -0.33430  0.08957  0.75817 
380  2.43104 -2.12646  0.30458  4.55750 
381  1.28487 -2.17989 -0.89502  3.46476 
382  0.84036 -0.68480  0.15556  1.52516 
383  0.85687 -0.24917  0.60770  1.10604 
384  1.34712 -0.43982  0.90730  1.78694 
385  0.11473 -3.40179 -3.28706  3.51652 
386  0.82000 -0.52190  0.29810  1.34190 
387  0.00000 -1.34123 -1.34123  1.34123 
388  2.14294 -1.22347  0.91947  3.36641 
389  1.91043 -2.82529 -0.91486  4.73572 
390  0.99524 -0.72112  0.27412  1.71636 
391  1.30832 -0.86527  0.44305  2.17359 
392  1.95736 -0.93162  1.02574  2.88898 
393  0.43801 -0.23115  0.20686  0.66916 
394  0.21424 -0.14799  0.06625  0.36223 
395  1.85155 -0.86398  0.98757  2.71553 
396  0.67074 -1.33628 -0.66554  2.00702 
397  0.63160 -0.49220  0.13940  1.12380 
398  1.06901 -0.00662  1.06239  1.07563 
399  1.19546 -1.42034 -0.22488  2.61580 
400  1.79844 -0.56814  1.23030  2.36658 
401  0.61111 -1.23396 -0.62285  1.84507 
402  1.50808 -0.85359  0.65449  2.36167 
403  1.83103 -1.48990  0.34113  3.32093 
404  0.27303 -1.80648 -1.53345  2.07951 
405  2.61682 -0.87510  1.74172  3.49192 
406  1.93458 -1.99249 -0.05791  3.92707 
407  3.90277 -1.19944  2.70333  5.10221 
408  0.89034 -1.06691 -0.17657  1.95725 
409  0.50791 -0.94969 -0.44178  1.45760 
410  2.98481 -1.68034  1.30447  4.66515 
411  1.94061 -2.11938 -0.17877  4.05999 
412  1.61325 -0.46944  1.14381  2.08269 
413  0.41198 -0.95858 -0.54660  1.37056 
414  2.82234 -1.50092  1.32142  4.32326 
415  0.41377 -1.42946 -1.01569  1.84323 
416  1.40810 -0.00844  1.39966  1.41654 
417  0.84134 -0.15716  0.68418  0.99850 
418  0.30463 -0.49112 -0.18649  0.79575 
419  1.21798 -0.35318  0.86480  1.57116 
420  0.95165 -0.54607  0.40558  1.49772 
421  1.09436 -1.44491 -0.35055  2.53927 
422  0.37851 -0.34605  0.03246  0.72456 
423  0.45016 -0.28363  0.16653  0.73379 
424  0.20059 -0.12251  0.07808  0.32310 
425  1.04659 -0.26646  0.78013  1.31305 
426  1.00103 -0.28772  0.71331  1.28875 
427  2.03037 -0.41013  1.62024  2.44050 
428  2.00259 -1.14152  0.86107  3.14411 
429  1.20591 -1.08100  0.12491  2.28691 
430  0.34011 -0.68494 -0.34483  1.02505 
431  1.17424 -0.44938  0.72486  1.62362 
432  2.04058 -0.54739  1.49319  2.58797 
433  1.99513 -0.12532  1.86981  2.12045 
434  0.13745 -0.26703 -0.12958  0.40448 
435  0.10611 -0.55248 -0.44637  0.65859 
436  1.47938 -0.50733  0.97205  1.98671 
437  1.05447 -0.53081  0.52366  1.58528 
438  0.29457 -0.36860 -0.07403  0.66317 
439  0.47368 -0.43392  0.03976  0.90760 
440  1.25710 -1.00233  0.25477  2.25943 
441  0.03408 -0.63842 -0.60434  0.67250 
442  1.73695 -0.00169  1.73526  1.73864 
443  0.51432 -0.22840  0.28592  0.74272 
444  0.56954 -0.21364  0.35590  0.78318 
445  0.34360 -0.10868  0.23492  0.45228 
446  0.00000 -0.64217 -0.64217  0.64217 
447  1.28389 -1.24617  0.03772  2.53006 
448  0.00000 -0.56964 -0.56964  0.56964 
449  0.41204 -0.20884  0.20320  0.62088 
450  0.94794 -0.35304  0.59490  1.30098 
451  0.57667 -1.94718 -1.37051  2.52385 
452  0.38655 -0.74411 -0.35756  1.13066 
453  0.78716 -0.09051  0.69665  0.87767 
454  0.97765 -0.33082  0.64683  1.30847 
455  1.59634 -2.05822 -0.46188  3.65456 
456  0.24113 -0.66132 -0.42019  0.90245 
457  0.69717 -1.04427 -0.34710  1.74144 
458  1.31439 -0.46939  0.84500  1.78378 
459  2.30912 -1.15222  1.15690  3.46134 
460  0.43766 -0.23057  0.20709  0.66823 
461  0.79112 -0.45045  0.34067  1.24157 
462  1.32835 -0.27330  1.05505  1.60165 
463  0.82570 -0.96506 -0.13936  1.79076 
464  0.42093 -1.12697 -0.70604  1.54790 
465  0.41187 -3.09559 -2.68372  3.50746 
466  1.32776 -0.86409  0.46367  2.19185 
467  1.70910 -3.69124 -1.98214  5.40034 
468  1.15775 -0.37060  0.78715  1.52835 
469  2.28759 -0.76228  1.52531  3.04987 
470  1.63721 -1.98006 -0.34285  3.61727 
471  1.52597  0.00000  1.52597  1.52597 
472  0.34436 -1.39589 -1.05153  1.74025 
473  2.23686 -2.63741 -0.40055  4.87427 
474  0.71763 -1.16613 -0.44850  1.88376 
475  2.55392 -1.10691  1.44701  3.66083 
476  0.86960 -0.57136  0.29824  1.44096 
477  1.78398  0.00000  1.78398  1.78398 
478  1.86116 -0.27610  1.58506  2.13726 
479  0.01722 -0.31853 -0.30131  0.33575 
480  1.20566 -1.83488 -0.62922  3.04054 
481  1.46732 -1.71727 -0.24995  3.18459 
482  0.00000 -2.58485 -2.58485  2.58485 
483  0.48852 -1.54745 -1.05893  2.03597 
484  1.22654 -0.93211  0.29443  2.15865 
485  3.84418 -0.94583  2.89835  4.79001 
486  0.99449 -0.17396  0.82053  1.16845 
487  0.51024 -0.79727 -0.28703  1.30751 
488  1.13537 -2.01090 -0.87553  3.14627 
489  1.89859 -2.74554 -0.84695  4.64413 
490  0.38079 -0.75560 -0.37481  1.13639 
491  0.60498 -0.59248  0.01250  1.19746 
492  2.27271 -1.03849  1.23422  3.31120 
493  1.02306 -1.34726 -0.32420  2.37032 
494  0.48645 -0.57832 -0.09187  1.06477 
495  0.22084 -0.77501 -0.55417  0.99585 
496  0.61161 -5.92725 -5.31564  6.53886 
497  0.65204 -1.04927 -0.39723  1.70131 
498  0.69514 -3.54140 -2.84626  4.23654 
499  0.65123 -2.55016 -1.89893  3.20139 
500  1.01823 -2.10244 -1.08421  3.12067 
501  1.28004 -0.75465  0.52539  2.03469 
502  2.90225 -0.46516  2.43709  3.36741 
503  0.87257 -3.32003 -2.44746  4.19260 
504  1.80975 -0.31840  1.49135  2.12815 
505  3.26314 -0.81757  2.44557  4.08071 
506  2.70047 -2.22109  0.47938  4.92156 
507  1.68254 -0.70547  0.97707  2.38801 
508  1.26632 -0.93299  0.33333  2.19931 
509  1.88356 -1.95115 -0.06759  3.83471 
510  0.65649 -2.21370 -1.55721  2.87019 
511  1.07468 -2.08195 -1.00727  3.15663 
512  1.47825 -2.30610 -0.82785  3.78435 
513  1.87702 -1.87593  0.00109  3.75295 
514  3.23831 -1.36652  1.87179  4.60483 
515  0.47165 -0.42931  0.04234  0.90096 
516  1.59658 -2.78221 -1.18563  4.37879 
517  1.67528 -2.82324 -1.14796  4.49852 
518  1.58799 -0.93432  0.65367  2.52231 
519  2.79795 -2.21959  0.57836  5.01754 
520  0.90117 -1.44994 -0.54877  2.35111 
521  2.09350 -0.58062  1.51288  2.67412 
522  2.14216 -1.69851  0.44365  3.84067 
523  0.48655 -2.01088 -1.52433  2.49743 
524  0.96739 -0.38313  0.58426  1.35052 
525  1.57231 -1.31907  0.25324  2.89138 
526  2.02288 -0.35610  1.66678  2.37898 
527  2.22684 -0.44780  1.77904  2.67464 
528  0.76550 -1.38054 -0.61504  2.14604 
529  0.13698 -0.97815 -0.84117  1.11513 
530  0.00000 -0.69763 -0.69763  0.69763 
531  1.07052 -0.35214  0.71838  1.42266 
532  0.47249 -0.54626 -0.07377  1.01875 
533  0.01854 -0.02375 -0.00521  0.04229 
534  0.35802 -1.35736 -0.99934  1.71538 
535  1.05855 -0.46020  0.59835  1.51875 
536  0.15919 -0.78494 -0.62575  0.94413 
537  1.58042 -1.52367  0.05675  3.10409 
538  1.29882 -0.49152  0.80730  1.79034 
539  2.00750 -1.12785  0.87965  3.13535 
540  1.98105 -0.31767  1.66338  2.29872 
541  1.58684 -1.87784 -0.29100  3.46468 
542  1.34516 -1.31618  0.02898  2.66134 
543  0.75789 -0.58236  0.17553  1.34025 
544  0.86135 -0.13783  0.72352  0.99918 
545  0.58942  0.00000  0.58942  0.58942 
546  0.25063 -0.78723 -0.53660  1.03786 
547  0.86468 -0.58570  0.27898  1.45038 
548  0.00893 -2.53687 -2.52794  2.54580 
549  0.82073 -0.49803  0.32270  1.31876 
550  0.84744 -1.05358 -0.20614  1.90102 
551  0.40035 -1.39608 -0.99573  1.79643 
552  1.52962 -1.47291  0.05671  3.00253 
553  1.76746 -0.30369  1.46377  2.07115 
554  1.61011 -1.39304  0.21707  3.00315 
555  1.79292 -0.57512  1.21780  2.36804 
556  0.33270 -0.60548 -0.27278  0.93818 
557  2.27934 -0.77175  1.50759  3.05109 
558  0.14174 -0.16307 -0.02133  0.30481 
559  1.20253 -1.23310 -0.03057  2.43563 
560  0.16285 -1.61558 -1.45273  1.77843 
561  3.16958 -1.31194  1.85764  4.48152 
562  1.96288  0.00000  1.96288  1.96288 
563  0.67431 -0.24593  0.42838  0.92024 
564  0.83494 -0.12812  0.70682  0.96306 
