0  0.57091 -1.11325 -0.54235  1.68416 
1  2.34529 -2.31427  0.03102  4.65957 
2  1.71495 -1.69900  0.01596  3.41395 
3  2.99004 -1.82387  1.16616  4.81391 
4  1.39739 -1.35318  0.04421  2.75057 
5  1.20492 -1.09945  0.10548  2.30437 
6  2.15596 -0.57119  1.58477  2.72715 
7  1.11631 -0.89777  0.21855  2.01408 
8  0.89220 -0.74539  0.14681  1.63759 
9  2.17672 -0.92386  1.25287  3.10058 
10  1.61953 -1.78103 -0.16150  3.40057 
11  1.90514 -0.59511  1.31003  2.50025 
12  0.74825 -0.72613  0.02212  1.47438 
13  0.97952 -0.76753  0.21199  1.74705 
14  0.82005 -0.51405  0.30599  1.33410 
15  1.06745 -0.65401  0.41345  1.72146 
16  0.81930 -0.66304  0.15626  1.48233 
17  0.80636 -0.41473  0.39163  1.22109 
18  2.07395 -1.78001  0.29394  3.85395 
19  0.99977 -0.34729  0.65247  1.34706 
20  0.37717 -0.25414  0.12303  0.63131 
21  0.66716 -0.33535  0.33181  1.00251 
22  0.49385 -0.36053  0.13332  0.85438 
23  0.90245 -1.09452 -0.19207  1.99698 
24  0.99662 -0.78605  0.21057  1.78267 
25  0.42980 -0.30866  0.12113  0.73846 
26  0.60542 -0.35010  0.25532  0.95552 
27  0.10475 -0.87912 -0.77437  0.98387 
28  0.85384 -0.52059  0.33325  1.37444 
29  0.54773 -0.85160 -0.30388  1.39933 
30  0.82815 -1.04581 -0.21767  1.87396 
31  0.97155 -0.64617  0.32537  1.61772 
32  0.85714 -0.33379  0.52334  1.19093 
33  0.76621 -0.19573  0.57048  0.96194 
34  0.59725 -0.43446  0.16279  1.03171 
35  1.09399 -0.76773  0.32626  1.86172 
36  1.16507 -1.62250 -0.45743  2.78756 
37  0.35592 -1.00782 -0.65191  1.36374 
38  0.81051 -0.98936 -0.17884  1.79987 
39  0.94914 -0.26748  0.68166  1.21663 
40  0.45258 -0.27598  0.17659  0.72856 
41  0.34857 -0.83269 -0.48412  1.18125 
42  0.38679 -0.43796 -0.05117  0.82475 
43  0.49295 -0.36174  0.13120  0.85469 
44  0.79957 -0.71315  0.08642  1.51272 
45  0.76853 -0.20582  0.56271  0.97435 
46  1.12201 -1.46140 -0.33939  2.58341 
47  1.24295 -0.22853  1.01442  1.47149 
48  0.34965 -0.28715  0.06250  0.63680 
49  0.83329 -0.66480  0.16848  1.49809 
50  0.52509 -1.43754 -0.91245  1.96263 
51  1.44582 -1.66672 -0.22089  3.11254 
52  1.46236 -2.46121 -0.99885  3.92357 
53  0.45917 -0.55505 -0.09588  1.01422 
54  0.44054 -0.92809 -0.48755  1.36863 
55  1.04802 -0.61727  0.43075  1.66529 
56  0.97502 -0.77969  0.19533  1.75471 
57  0.65558 -0.62167  0.03391  1.27725 
58  0.99603 -0.96697  0.02906  1.96300 
59  2.49076 -1.22065  1.27011  3.71141 
60  0.85459 -0.57007  0.28452  1.42466 
61  1.95189 -1.66959  0.28230  3.62147 
62  1.02006 -0.14543  0.87463  1.16549 
63  1.90257 -1.03938  0.86319  2.94195 
64  2.64287 -1.25962  1.38325  3.90249 
65  0.47541 -0.43949  0.03592  0.91490 
66  0.38603 -0.39021 -0.00418  0.77624 
67  2.73557 -3.01425 -0.27868  5.74982 
68  0.44019 -0.48244 -0.04225  0.92263 
69  2.47217 -1.12113  1.35105  3.59330 
70  1.35241 -1.63570 -0.28329  2.98811 
71  0.51497 -0.37422  0.14075  0.88919 
72  0.66448 -1.18575 -0.52127  1.85023 
73  0.89436 -0.73332  0.16104  1.62768 
74  1.23521 -1.01131  0.22390  2.24652 
75  1.04032 -0.40245  0.63787  1.44277 
76  0.57969 -0.64698 -0.06729  1.22667 
77  0.82946 -0.50730  0.32216  1.33676 
78  0.68505 -0.34824  0.33681  1.03329 
79  0.55167 -0.38311  0.16856  0.93478 
80  0.96554 -0.45048  0.51506  1.41602 
81  0.62761 -0.24361  0.38400  0.87122 
82  1.41828 -1.54744 -0.12916  2.96572 
83  0.37507 -0.59364 -0.21857  0.96871 
84  0.86722 -0.54432  0.32290  1.41155 
85  2.18541 -1.82188  0.36353  4.00729 
86  0.69392 -0.70914 -0.01522  1.40306 
87  1.53166 -1.25937  0.27229  2.79103 
88  2.49858 -3.06708 -0.56850  5.56567 
89  3.02517 -2.21292  0.81225  5.23809 
90  1.72268 -2.26905 -0.54637  3.99173 
91  2.53822 -1.27056  1.26766  3.80877 
92  0.48505 -0.32297  0.16209  0.80802 
93  0.70919 -0.77810 -0.06891  1.48729 
94  0.22138 -0.79123 -0.56985  1.01260 
95  0.69155 -0.49918  0.19237  1.19073 
96  0.50526 -0.78143 -0.27617  1.28670 
97  0.39631 -0.81611 -0.41980  1.21242 
98  1.89074 -2.41904 -0.52830  4.30977 
99  3.10827 -2.35571  0.75256  5.46399 
100  1.58020 -1.73051 -0.15031  3.31071 
101  1.38263 -0.63738  0.74525  2.02001 
102  1.37681 -1.06567  0.31114  2.44247 
103  2.66913 -1.90752  0.76161  4.57666 
104  0.65292 -0.11516  0.53776  0.76808 
105  0.88087 -0.63410  0.24677  1.51497 
106  0.92375 -0.71097  0.21278  1.63472 
107  0.41026 -0.48332 -0.07306  0.89358 
108  0.54712 -0.39769  0.14943  0.94481 
109  0.74617 -0.02400  0.72217  0.77017 
110  1.47998 -2.13709 -0.65711  3.61707 
111  0.93701 -0.81989  0.11712  1.75690 
112  1.93896 -2.63548 -0.69653  4.57444 
113  0.55669 -2.14833 -1.59163  2.70502 
114  1.92053 -0.98378  0.93675  2.90431 
115  0.94151 -1.19976 -0.25825  2.14127 
116  0.76356 -0.24495  0.51862  1.00851 
117  0.40743 -0.33497  0.07246  0.74241 
118  1.14929 -1.21359 -0.06430  2.36288 
119  0.54548 -0.17855  0.36693  0.72402 
120  0.67979 -0.41405  0.26574  1.09384 
121  0.68927 -0.49039  0.19887  1.17966 
122  1.94561 -1.48101  0.46459  3.42662 
123  2.21765 -0.74950  1.46815  2.96716 
124  1.32041 -0.23104  1.08936  1.55145 
125  2.56910 -1.80938  0.75972  4.37848 
126  1.67647 -1.30287  0.37360  2.97934 
127  1.04316 -0.84632  0.19683  1.88948 
128  0.51774 -0.36504  0.15270  0.88278 
129  0.45040 -0.69908 -0.24868  1.14948 
130  0.85579 -0.26717  0.58863  1.12296 
131  0.54577 -0.50450  0.04127  1.05027 
132  1.00866 -0.73989  0.26877  1.74856 
133  0.46032 -0.23534  0.22498  0.69566 
134  1.53520 -1.09406  0.44113  2.62926 
135  3.42132 -2.80463  0.61669  6.22595 
136  0.85142 -1.81017 -0.95875  2.66159 
137  2.35238 -2.38457 -0.03219  4.73695 
138  1.69251 -1.13535  0.55716  2.82786 
139  1.09620 -0.25538  0.84082  1.35158 
140  1.19617 -1.14873  0.04744  2.34490 
141  1.10195 -0.53439  0.56756  1.63634 
142  1.71427 -0.80680  0.90747  2.52107 
143  0.33258 -0.69014 -0.35756  1.02272 
144  0.97971 -1.65214 -0.67243  2.63185 
145  3.68609 -1.21650  2.46959  4.90259 
146  0.21963 -0.40754 -0.18791  0.62717 
147  1.26358 -0.34493  0.91865  1.60851 
148  0.69987 -0.22384  0.47604  0.92371 
149  3.37660 -0.54144  2.83516  3.91803 
150  1.27829 -0.07446  1.20383  1.35275 
151  0.56531 -0.14473  0.42058  0.71004 
152  3.92192 -1.38185  2.54008  5.30377 
153  4.04021 -1.30505  2.73516  5.34526 
154  1.24817 -1.79847 -0.55030  3.04664 
155  2.53152 -0.88845  1.64306  3.41997 
156  3.77860 -1.50512  2.27348  5.28372 
157  2.23757 -0.96346  1.27411  3.20102 
158  1.16801 -1.75106 -0.58305  2.91907 
159  1.16519 -0.53949  0.62570  1.70468 
160  0.41551 -0.68883 -0.27332  1.10434 
161  0.74720 -0.32965  0.41755  1.07685 
162  1.02449 -0.41124  0.61326  1.43573 
163  0.87152 -0.30930  0.56222  1.18082 
164  0.84291 -0.50980  0.33312  1.35271 
165  0.30519 -1.03146 -0.72627  1.33665 
166  0.73219 -0.70846  0.02374  1.44065 
167  0.90057 -0.89839  0.00218  1.79896 
168  2.75195 -0.79533  1.95663  3.54728 
169  3.21018 -1.22027  1.98991  4.43045 
170  2.43596 -1.97370  0.46226  4.40965 
171  1.31997 -1.43315 -0.11318  2.75312 
172  2.11900 -1.44990  0.66910  3.56890 
173  0.86692 -0.54288  0.32404  1.40980 
174  4.67436 -0.50292  4.17144  5.17728 
175  4.09895 -2.38628  1.71267  6.48523 
176  2.43622 -0.39679  2.03943  2.83302 
177  1.17870 -1.50648 -0.32779  2.68518 
178  2.50973 -1.35310  1.15663  3.86283 
179  2.34844 -1.09321  1.25523  3.44165 
180  0.40938 -0.51024 -0.10085  0.91962 
181  3.29300 -1.83292  1.46008  5.12591 
182  0.71421 -0.53946  0.17475  1.25367 
183  2.58460 -1.24224  1.34236  3.82685 
184  2.47169 -0.81069  1.66101  3.28238 
185  1.80349 -1.36533  0.43816  3.16882 
186  1.82916 -1.37295  0.45622  3.20211 
187  2.71333 -1.03357  1.67976  3.74690 
188  1.27615 -0.21289  1.06325  1.48904 
189  0.93387 -0.78735  0.14652  1.72122 
190  0.98759 -0.01884  0.96875  1.00643 
191  0.64548 -0.12458  0.52090  0.77006 
192  0.59898 -0.07137  0.52761  0.67035 
193  0.44428 -0.47364 -0.02936  0.91792 
194  0.77648 -0.53890  0.23758  1.31537 
195  1.22981 -0.44046  0.78935  1.67027 
196  1.85572 -1.59815  0.25757  3.45387 
197  0.69925 -0.39812  0.30113  1.09736 
198  1.12691 -0.79874  0.32817  1.92565 
199  0.66368 -0.63665  0.02703  1.30033 
200  1.65184 -1.70946 -0.05762  3.36129 
201  0.93732 -1.85572 -0.91841  2.79304 
202  1.01501 -0.56177  0.45323  1.57678 
203  0.98640 -0.59245  0.39395  1.57885 
204  1.82405 -1.53976  0.28429  3.36381 
205  1.52570 -1.64150 -0.11579  3.16720 
206  0.71526 -0.73225 -0.01699  1.44751 
207  0.47187 -0.45895  0.01292  0.93081 
208  2.25171 -1.47684  0.77487  3.72855 
209  4.70988 -1.06067  3.64921  5.77056 
210  1.60117 -2.48918 -0.88801  4.09035 
211  4.10937 -1.53199  2.57737  5.64136 
212  1.92085 -1.10426  0.81658  3.02511 
213  1.50188 -0.58660  0.91528  2.08848 
214  0.67220 -0.32804  0.34416  1.00024 
215  1.73122 -2.20863 -0.47742  3.93985 
216  0.83493 -0.35348  0.48145  1.18840 
217  1.41092 -1.41031  0.00061  2.82123 
218  1.26982 -0.89263  0.37719  2.16245 
219  2.47344 -1.55231  0.92113  4.02575 
220  2.42900 -1.56887  0.86013  3.99787 
221  1.31874 -1.06002  0.25872  2.37876 
222  2.10447 -1.63712  0.46735  3.74159 
223  1.56964 -1.59409 -0.02445  3.16373 
224  1.35482 -0.61280  0.74202  1.96762 
225  1.76917 -0.58630  1.18287  2.35546 
226  1.96784 -1.15402  0.81382  3.12186 
227  2.82700 -0.69089  2.13611  3.51790 
228  2.50616 -1.02943  1.47673  3.53559 
229  3.09350 -1.00024  2.09326  4.09374 
230  2.19003 -2.16388  0.02615  4.35392 
231  3.30449 -1.97539  1.32910  5.27988 
232  0.81077 -0.25668  0.55409  1.06746 
233  3.19917 -0.64121  2.55797  3.84038 
234  4.41049 -0.55867  3.85181  4.96916 
235  3.82194 -2.10425  1.71769  5.92620 
236  4.59209 -1.68893  2.90315  6.28102 
237  2.36623 -0.35386  2.01237  2.72009 
238  1.20496 -0.93121  0.27375  2.13616 
239  2.42327 -0.60063  1.82264  3.02390 
240  0.73130 -0.34184  0.38946  1.07314 
241  0.80325 -0.32994  0.47331  1.13320 
242  0.91981 -0.20712  0.71269  1.12693 
243  2.17820 -1.28809  0.89011  3.46629 
244  0.21631 -0.22695 -0.01063  0.44326 
245  2.07951 -0.06432  2.01519  2.14383 
246  0.54240 -0.14488  0.39752  0.68728 
247  2.36176 -0.82063  1.54112  3.18239 
248  1.55319 -0.44226  1.11093  1.99545 
249  0.93586 -0.28435  0.65151  1.22020 
250  2.52175 -1.96930  0.55245  4.49105 
251  0.71116 -1.02638 -0.31521  1.73754 
252  2.39727 -1.19427  1.20300  3.59155 
253  2.32052 -0.71648  1.60404  3.03700 
254  2.16761 -1.18659  0.98102  3.35420 
255  0.74317 -0.56685  0.17631  1.31002 
256  2.68600 -1.40204  1.28397  4.08804 
257  0.86100 -0.65647  0.20454  1.51747 
258  0.77250 -0.68377  0.08874  1.45627 
259  0.79307 -0.51620  0.27687  1.30927 
260  0.92986 -0.23801  0.69184  1.16787 
261  0.94617 -0.28597  0.66020  1.23215 
262  1.14549 -0.10033  1.04516  1.24583 
263  1.10613 -0.23276  0.87338  1.33889 
264  1.61140 -0.63596  0.97544  2.24737 
265  0.74911 -0.38542  0.36368  1.13453 
266  0.59506 -0.06375  0.53131  0.65881 
267  1.37048 -0.88044  0.49004  2.25092 
268  0.87610 -0.23575  0.64034  1.11185 
269  0.69140 -0.58293  0.10847  1.27434 
270  0.79634 -0.86745 -0.07112  1.66379 
271  2.16058 -0.79692  1.36366  2.95750 
272  1.86914 -1.17153  0.69761  3.04066 
273  2.62525 -2.07982  0.54543  4.70507 
274  1.25201 -0.70727  0.54474  1.95928 
275  2.12261 -1.34307  0.77954  3.46568 
276  2.94353 -2.88825  0.05528  5.83178 
277  3.19643 -2.15683  1.03961  5.35326 
278  1.80599 -0.56538  1.24062  2.37137 
279  1.86402 -0.13161  1.73241  1.99563 
280  0.94874 -0.65719  0.29156  1.60593 
281  1.24986 -0.78152  0.46834  2.03138 
282  3.23397 -1.51981  1.71416  4.75377 
283  0.63580 -0.67619 -0.04039  1.31199 
284  3.13594 -1.25073  1.88521  4.38668 
285  1.77368 -1.97131 -0.19763  3.74499 
286  1.57314 -1.73028 -0.15714  3.30341 
287  1.97902 -2.16952 -0.19050  4.14854 
288  1.60236 -3.01447 -1.41211  4.61683 
289  1.51248 -1.76528 -0.25280  3.27776 
290  0.72643 -0.38611  0.34032  1.11255 
291  0.88663 -1.38917 -0.50254  2.27579 
292  1.10746 -0.53790  0.56956  1.64535 
293  2.61240 -1.70868  0.90372  4.32108 
294  0.62502 -0.57470  0.05033  1.19972 
295  0.81295 -0.11132  0.70163  0.92428 
296  0.75751 -0.88835 -0.13085  1.64586 
297  0.41448 -0.67023 -0.25574  1.08471 
298  2.79391 -2.75651  0.03741  5.55042 
299  0.92043 -0.38083  0.53960  1.30126 
300  0.84569 -0.36931  0.47638  1.21500 
301  0.95137 -0.57018  0.38119  1.52155 
302  2.76671 -2.35463  0.41208  5.12134 
303  0.59662 -0.95296 -0.35634  1.54959 
304  0.88221 -1.88432 -1.00211  2.76654 
305  0.47919 -2.07261 -1.59342  2.55180 
306  0.92821 -0.47675  0.45146  1.40495 
307  0.77563 -0.29899  0.47664  1.07463 
308  0.69732 -0.31838  0.37893  1.01570 
309  0.34300 -0.36233 -0.01933  0.70533 
310  0.77502 -0.52637  0.24866  1.30139 
311  1.55399 -1.07017  0.48382  2.62416 
312  1.07539 -1.22237 -0.14697  2.29776 
313  1.80117 -2.22447 -0.42330  4.02564 
314  0.99356 -1.75959 -0.76603  2.75315 
315  0.82004 -0.62483  0.19521  1.44486 
316  0.60398 -0.10758  0.49640  0.71156 
317  2.77541 -1.51229  1.26312  4.28770 
318  0.56741 -0.46365  0.10376  1.03106 
319  0.65592 -0.88567 -0.22975  1.54159 
320  2.05676 -0.80773  1.24903  2.86449 
321  0.43489 -0.56726 -0.13237  1.00215 
322  0.85112 -0.67920  0.17192  1.53031 
323  1.70089 -0.86561  0.83528  2.56650 
324  0.83456 -0.55002  0.28454  1.38458 
325  1.72025 -2.21208 -0.49183  3.93234 
326  1.52306 -0.82482  0.69824  2.34788 
327  0.25425 -0.36405 -0.10980  0.61830 
328  0.90407 -0.62247  0.28160  1.52654 
329  0.85113 -0.47968  0.37145  1.33081 
330  0.51355 -0.22103  0.29252  0.73458 
331  1.16261 -0.40432  0.75829  1.56693 
332  0.66418 -0.16761  0.49657  0.83179 
333  1.05195 -0.14278  0.90918  1.19473 
334  0.90295 -0.22464  0.67831  1.12759 
335  0.12010 -0.46507 -0.34497  0.58517 
336  1.40789 -1.54465 -0.13676  2.95254 
337  1.04781 -0.24182  0.80599  1.28963 
338  1.37886 -1.45668 -0.07782  2.83554 
339  0.61632 -0.81087 -0.19455  1.42718 
340  0.36192 -0.22580  0.13612  0.58773 
341  0.35901 -0.42000 -0.06100  0.77901 
342  0.78366 -0.28357  0.50009  1.06723 
343  0.58107 -0.64634 -0.06527  1.22741 
344  0.94716 -0.41005  0.53711  1.35722 
345  0.63374 -0.51914  0.11460  1.15288 
346  0.87989 -1.16267 -0.28278  2.04256 
347  0.24822 -0.46662 -0.21840  0.71484 
348  0.53436 -0.32142  0.21294  0.85577 
349  0.24942 -1.15607 -0.90665  1.40549 
350  0.33376 -0.73912 -0.40536  1.07288 
351  0.52615 -0.13949  0.38666  0.66565 
352  0.53571 -0.77753 -0.24182  1.31324 
353  0.51862 -0.36340  0.15522  0.88202 
354  0.31257 -0.36138 -0.04881  0.67395 
355  0.20436 -0.69147 -0.48711  0.89583 
356  0.53037 -0.60701 -0.07663  1.13738 
357  1.82882 -1.03375  0.79506  2.86257 
358  0.44028 -0.56157 -0.12130  1.00185 
359  1.14339 -0.33348  0.80991  1.47687 
360  0.86341 -1.69891 -0.83550  2.56232 
361  0.70888 -0.29313  0.41576  1.00201 
362  0.46419 -0.09508  0.36911  0.55927 
363  0.53241 -0.23397  0.29844  0.76638 
364  0.56980 -0.72868 -0.15888  1.29848 
365  0.49827 -0.40665  0.09162  0.90492 
366  0.48935 -0.37347  0.11588  0.86281 
367  1.68715 -0.51038  1.17677  2.19753 
368  1.93874 -1.75766  0.18108  3.69639 
369  1.42721 -1.10323  0.32398  2.53044 
370  0.66771 -0.36588  0.30183  1.03359 
371  1.23225 -0.77198  0.46027  2.00423 
372  1.29788 -0.92668  0.37120  2.22456 
373  0.24908 -0.48022 -0.23114  0.72930 
374  1.14107 -1.18110 -0.04003  2.32218 
375  0.91524 -0.37037  0.54487  1.28561 
376  0.66014 -0.48626  0.17389  1.14640 
377  1.21713 -0.36227  0.85486  1.57940 
378  0.54668 -0.71335 -0.16667  1.26003 
379  0.75662 -0.45174  0.30488  1.20836 
380  2.42373 -1.80956  0.61417  4.23329 
381  2.13222 -2.01979  0.11243  4.15201 
382  0.92775 -0.60293  0.32481  1.53068 
383  1.16641 -0.08306  1.08335  1.24947 
384  1.38182 -0.20486  1.17696  1.58668 
385  1.40925 -2.86890 -1.45965  4.27815 
386  0.64294 -0.58314  0.05980  1.22608 
387  0.90898 -1.06864 -0.15966  1.97762 
388  2.09219 -1.29044  0.80175  3.38263 
389  2.09096 -2.71881 -0.62785  4.80976 
390  0.67584 -0.59279  0.08305  1.26863 
391  1.97748 -0.74750  1.22998  2.72497 
392  1.39394 -0.72308  0.67086  2.11702 
393  0.36016 -0.73316 -0.37300  1.09332 
394  0.54277 -0.60957 -0.06680  1.15234 
395  1.24921 -0.76517  0.48404  2.01437 
396  1.26118 -1.42186 -0.16068  2.68304 
397  0.83068 -0.84878 -0.01810  1.67946 
398  0.65237 -0.62511  0.02726  1.27747 
399  1.08953 -1.12190 -0.03237  2.21143 
400  1.51795 -0.88533  0.63262  2.40328 
401  1.69668 -1.06439  0.63229  2.76108 
402  1.54293 -1.23880  0.30413  2.78174 
403  2.54459 -1.90547  0.63911  4.45006 
404  1.31598 -1.39355 -0.07756  2.70953 
405  1.68424 -0.47331  1.21093  2.15755 
406  1.20364 -1.22758 -0.02394  2.43122 
407  1.84565 -1.29985  0.54580  3.14551 
408  0.80104 -1.57088 -0.76984  2.37192 
409  1.43087 -0.97072  0.46015  2.40159 
410  2.56745 -1.31334  1.25410  3.88079 
411  2.76225 -2.34443  0.41782  5.10668 
412  1.00202 -0.72491  0.27711  1.72693 
413  0.96516 -0.70817  0.25699  1.67333 
414  3.48881 -1.58330  1.90551  5.07211 
415  1.23885 -0.80816  0.43069  2.04701 
416  1.18196 -0.55466  0.62730  1.73661 
417  1.65391 -0.43265  1.22126  2.08656 
418  0.56886 -0.75754 -0.18867  1.32640 
419  1.09066 -0.65439  0.43627  1.74505 
420  0.44028 -1.38649 -0.94621  1.82677 
421  1.26983 -0.75077  0.51906  2.02060 
422  0.34056 -0.26446  0.07611  0.60502 
423  0.28353 -1.28811 -1.00458  1.57165 
424  0.50129 -0.76529 -0.26400  1.26658 
425  0.43514 -0.61470 -0.17956  1.04984 
426  1.20257 -0.42506  0.77751  1.62763 
427  1.37381 -1.14430  0.22951  2.51811 
428  1.66759 -1.18764  0.47995  2.85522 
429  0.56378 -0.71564 -0.15187  1.27942 
430  0.31074 -1.41197 -1.10123  1.72271 
431  0.70715 -0.55910  0.14805  1.26625 
432  1.53629 -0.62708  0.90921  2.16337 
433  1.57726 -0.27368  1.30358  1.85094 
434  0.56812 -0.35287  0.21525  0.92099 
435  0.76656 -0.18416  0.58240  0.95072 
436  0.89804 -0.37255  0.52549  1.27059 
437  1.10507 -0.61131  0.49376  1.71638 
438  0.28470 -0.81083 -0.52614  1.09553 
439  0.61037 -0.64785 -0.03748  1.25822 
440  1.03153 -0.86467  0.16686  1.89620 
441  0.98299 -0.44448  0.53851  1.42747 
442  0.93545 -0.31095  0.62450  1.24640 
443  0.47344 -0.17806  0.29538  0.65151 
444  0.83262 -0.27412  0.55849  1.10674 
445  0.95904 -0.86065  0.09839  1.81970 
446  0.85462 -0.53913  0.31549  1.39374 
447  1.03630 -1.15772 -0.12142  2.19402 
448  0.30279 -1.02442 -0.72164  1.32721 
449  0.38972 -0.79650 -0.40678  1.18622 
450  1.12540 -0.43921  0.68619  1.56461 
451  0.53898 -1.32156 -0.78258  1.86054 
452  1.16576 -0.37629  0.78948  1.54205 
453  1.06863 -0.49312  0.57550  1.56175 
454  1.03893 -0.57655  0.46238  1.61549 
455  1.75060 -1.16296  0.58764  2.91357 
456  0.50442 -0.96555 -0.46113  1.46997 
457  0.43107 -0.72521 -0.29414  1.15628 
458  1.32123 -0.56094  0.76029  1.88217 
459  2.06600 -0.90394  1.16206  2.96993 
460  0.68072 -0.13510  0.54562  0.81581 
461  0.97441 -0.39494  0.57947  1.36935 
462  1.74293 -0.18739  1.55554  1.93032 
463  0.94863 -0.71914  0.22949  1.66776 
464  0.27152 -0.67775 -0.40624  0.94927 
465  0.50461 -1.58485 -1.08024  2.08946 
466  1.84723 -1.29377  0.55346  3.14100 
467  2.45940 -2.06154  0.39786  4.52094 
468  0.81340 -0.50411  0.30929  1.31751 
469  1.31618 -1.57231 -0.25612  2.88849 
470  1.78868 -1.30568  0.48301  3.09436 
471  0.70151 -0.58716  0.11435  1.28867 
472  1.42066 -0.46530  0.95536  1.88596 
473  2.29809 -2.45661 -0.15852  4.75470 
474  1.43285 -1.48928 -0.05642  2.92213 
475  1.59837 -1.24446  0.35391  2.84284 
476  0.74296 -0.59572  0.14724  1.33869 
477  1.21666 -0.53184  0.68482  1.74850 
478  1.00968 -0.41116  0.59852  1.42083 
479  0.68344 -0.42173  0.26171  1.10516 
480  1.12024 -0.74526  0.37498  1.86550 
481  1.27086 -1.11428  0.15658  2.38514 
482  0.29330 -1.22357 -0.93027  1.51687 
483  0.63450 -1.04961 -0.41511  1.68410 
484  0.92527 -0.66202  0.26325  1.58729 
485  2.48256 -1.07714  1.40542  3.55970 
486  0.46862 -0.17923  0.28939  0.64785 
487  0.72090 -0.80030 -0.07940  1.52120 
488  0.81231 -0.94273 -0.13043  1.75504 
489  1.78308 -2.57237 -0.78929  4.35545 
490  0.27882 -1.03943 -0.76060  1.31825 
491  1.04734 -0.49101  0.55632  1.53835 
492  1.98344 -1.28607  0.69737  3.26951 
493  1.65951 -0.95185  0.70766  2.61136 
494  0.32471 -0.68520 -0.36050  1.00991 
495  0.17307 -0.91716 -0.74409  1.09022 
496  0.67915 -4.69132 -4.01217  5.37047 
497  0.72259 -1.20936 -0.48677  1.93195 
498  0.74440 -3.65408 -2.90969  4.39848 
499  0.59358 -1.01424 -0.42066  1.60782 
500  2.10409 -1.40709  0.69700  3.51118 
501  1.01187 -0.87322  0.13865  1.88510 
502  1.91878 -0.94837  0.97041  2.86715 
503  0.79569 -2.84773 -2.05204  3.64342 
504  1.12050 -0.42151  0.69899  1.54201 
505  2.78427 -1.06129  1.72298  3.84556 
506  2.12002 -1.48442  0.63559  3.60444 
507  2.06596 -0.89407  1.17188  2.96003 
508  0.84245 -1.23201 -0.38956  2.07446 
509  1.94542 -1.98995 -0.04453  3.93537 
510  1.07109 -1.49756 -0.42648  2.56865 
511  0.91489 -2.07167 -1.15679  2.98656 
512  1.73936 -1.60998  0.12937  3.34934 
513  1.15327 -1.37983 -0.22657  2.53310 
514  2.72461 -1.49110  1.23351  4.21571 
515  1.03845 -0.22235  0.81610  1.26080 
516  1.77657 -2.15275 -0.37619  3.92932 
517  1.65306 -1.99527 -0.34222  3.64833 
518  1.33331 -0.76800  0.56532  2.10131 
519  2.07551 -1.88961  0.18590  3.96512 
520  1.30352 -1.22154  0.08198  2.52506 
521  2.03278 -0.37355  1.65923  2.40634 
522  2.29210 -1.26616  1.02594  3.55827 
523  1.30209 -1.34776 -0.04568  2.64985 
524  1.02049 -0.71082  0.30967  1.73131 
525  2.14534 -1.15430  0.99104  3.29964 
526  1.20550 -0.98373  0.22177  2.18924 
527  2.19561 -0.17733  2.01828  2.37294 
528  0.76456 -1.07681 -0.31225  1.84137 
529  0.65303 -0.56087  0.09216  1.21390 
530  0.47861 -0.48308 -0.00447  0.96170 
531  0.86707 -0.51718  0.34988  1.38425 
532  0.76328 -0.48147  0.28181  1.24475 
533  0.57479 -0.26771  0.30709  0.84250 
534  0.52513 -0.60238 -0.07725  1.12752 
535  1.04207 -0.45881  0.58326  1.50088 
536  0.20288 -0.56719 -0.36431  0.77007 
537  0.70901 -0.95922 -0.25021  1.66822 
538  1.30464 -0.21031  1.09433  1.51495 
539  1.16364 -1.11687  0.04677  2.28051 
540  1.21269 -0.58349  0.62921  1.79618 
541  1.39921 -1.85110 -0.45189  3.25030 
542  0.89939 -1.25370 -0.35431  2.15309 
543  0.75392 -0.49272  0.26119  1.24664 
544  0.84730 -0.71540  0.13190  1.56270 
545  0.32591 -0.29414  0.03177  0.62005 
546  0.56166 -0.51293  0.04873  1.07459 
547  0.74055 -0.45160  0.28895  1.19215 
548  0.78955 -1.60432 -0.81477  2.39387 
549  1.54085 -0.96277  0.57808  2.50362 
550  0.51664 -1.40947 -0.89283  1.92611 
551  0.46941 -0.71499 -0.24558  1.18440 
552  1.01598 -0.84112  0.17486  1.85710 
553  1.40905 -0.79662  0.61243  2.20567 
554  1.49333 -1.32193  0.17139  2.81526 
555  2.01768 -0.77246  1.24522  2.79014 
556  1.23182 -0.38594  0.84589  1.61776 
557  1.43615 -1.08549  0.35066  2.52164 
558  0.35450 -0.14674  0.20776  0.50125 
559  1.13139 -1.15425 -0.02286  2.28564 
560  0.95487 -0.84064  0.11423  1.79551 
561  1.72499 -1.35195  0.37304  3.07695 
562  0.98689 -0.46691  0.51998  1.45380 
563  0.51002 -0.81567 -0.30564  1.32569 
564  0.86519 -0.15295  0.71224  1.01813 
