0  1.09103 -0.42335  0.66768  1.51437 
1  3.78418 -2.75459  1.02959  6.53876 
2  0.80383 -1.99779 -1.19395  2.80162 
3  2.02774 -1.50788  0.51987  3.53562 
4  1.72639 -1.28206  0.44432  3.00845 
5  0.59253 -0.90781 -0.31528  1.50034 
6  1.98478 -1.33276  0.65202  3.31754 
7  0.58967 -1.14132 -0.55165  1.73099 
8  1.10487 -0.85994  0.24493  1.96481 
9  0.82230 -1.14597 -0.32367  1.96827 
10  1.35396 -2.59353 -1.23957  3.94748 
11  1.45201 -2.16568 -0.71366  3.61769 
12  0.57187 -1.21469 -0.64282  1.78656 
13  0.39258 -1.15582 -0.76324  1.54840 
14  1.21521 -0.59277  0.62244  1.80797 
15  0.71395 -1.20782 -0.49388  1.92177 
16  0.39299 -0.51522 -0.12223  0.90821 
17  0.47464 -0.49052 -0.01588  0.96517 
18  0.96403 -1.98495 -1.02091  2.94898 
19  0.50843 -0.51757 -0.00914  1.02600 
20  0.36275 -0.37415 -0.01139  0.73690 
21  0.25096 -0.51242 -0.26146  0.76338 
22  0.55171 -0.64239 -0.09068  1.19410 
23  0.98014 -1.05331 -0.07317  2.03345 
24  1.55809 -1.12491  0.43318  2.68301 
25  0.49984 -0.84117 -0.34133  1.34101 
26  0.53418 -0.48565  0.04853  1.01983 
27  0.23052 -0.94489 -0.71436  1.17541 
28  0.75026 -0.35107  0.39919  1.10133 
29  0.67480 -0.67764 -0.00283  1.35244 
30  0.71366 -1.46979 -0.75613  2.18345 
31  0.51705 -1.12491 -0.60785  1.64196 
32  0.36637 -0.28761  0.07876  0.65398 
33  0.39973 -0.49482 -0.09509  0.89455 
34  1.04584 -0.14126  0.90459  1.18710 
35  0.25585 -0.80490 -0.54904  1.06075 
36  1.22242 -1.55036 -0.32794  2.77278 
37  0.68285 -0.59516  0.08769  1.27801 
38  1.49184 -0.85889  0.63295  2.35073 
39  1.25400 -0.16659  1.08741  1.42059 
40  0.87288 -0.27832  0.59457  1.15120 
41  1.20076 -0.36187  0.83889  1.56263 
42  0.57331 -0.16827  0.40504  0.74158 
43  0.68885 -0.35998  0.32887  1.04883 
44  1.00298 -0.61834  0.38464  1.62132 
45  0.55840 -0.51749  0.04092  1.07589 
46  0.62390 -1.24920 -0.62530  1.87310 
47  0.63983 -1.00226 -0.36243  1.64209 
48  0.18259 -0.60241 -0.41982  0.78500 
49  0.42419 -0.57963 -0.15544  1.00383 
50  1.13372 -0.63568  0.49805  1.76940 
51  1.11403 -1.61869 -0.50466  2.73272 
52  1.49447 -2.50824 -1.01377  4.00271 
53  0.37784 -0.62980 -0.25196  1.00763 
54  0.47512 -0.50714 -0.03202  0.98227 
55  0.52658 -1.25502 -0.72845  1.78160 
56  0.78837 -2.02593 -1.23756  2.81431 
57  0.44636 -0.34128  0.10508  0.78763 
58  1.12210 -0.59534  0.52677  1.71744 
59  1.37162 -3.40559 -2.03397  4.77721 
60  0.96812 -0.74598  0.22213  1.71410 
61  1.75074 -2.70211 -0.95137  4.45285 
62  0.48586 -0.44930  0.03656  0.93515 
63  0.91865 -2.23989 -1.32124  3.15854 
64  1.04027 -2.66424 -1.62397  3.70451 
65  0.31820 -0.64510 -0.32690  0.96330 
66  0.14974 -0.37555 -0.22581  0.52530 
67  1.85502 -3.31445 -1.45943  5.16947 
68  0.35216 -0.88601 -0.53385  1.23816 
69  1.62132 -3.15525 -1.53393  4.77657 
70  1.45523 -2.96408 -1.50885  4.41931 
71  0.64254 -0.41265  0.22989  1.05519 
72  1.22524 -1.32525 -0.10001  2.55049 
73  0.67754 -1.22334 -0.54580  1.90088 
74  0.87095 -1.47719 -0.60624  2.34814 
75  0.70704 -0.23744  0.46960  0.94448 
76  0.62675 -0.24091  0.38583  0.86766 
77  0.37398 -1.20138 -0.82740  1.57536 
78  0.55262 -0.86646 -0.31384  1.41908 
79  0.25921 -0.67376 -0.41455  0.93298 
80  1.13219 -0.41757  0.71463  1.54976 
81  0.92266 -0.10587  0.81679  1.02853 
82  1.89653 -1.02044  0.87609  2.91697 
83  0.27509 -0.38080 -0.10570  0.65589 
84  0.59438 -1.06454 -0.47015  1.65892 
85  3.05653 -2.29126  0.76527  5.34779 
86  0.45269 -1.04403 -0.59134  1.49671 
87  1.30147 -1.64195 -0.34049  2.94342 
88  4.25398 -1.90878  2.34519  6.16276 
89  1.35267 -3.29986 -1.94719  4.65253 
90  0.86395 -4.01095 -3.14700  4.87489 
91  0.71124 -2.61886 -1.90761  3.33010 
92  0.35137 -0.38845 -0.03708  0.73983 
93  0.49398 -0.96846 -0.47448  1.46245 
94  0.43008 -0.65306 -0.22298  1.08315 
95  0.75375 -0.96950 -0.21575  1.72325 
96  0.67261 -0.47893  0.19367  1.15154 
97  0.63248 -0.53535  0.09713  1.16783 
98  2.92931 -2.72768  0.20163  5.65699 
99  0.43072 -5.02492 -4.59420  5.45565 
100  1.70751 -2.16872 -0.46121  3.87624 
101  0.85244 -2.18341 -1.33097  3.03585 
102  1.75692 -1.48336  0.27356  3.24027 
103  1.83763 -2.80545 -0.96782  4.64309 
104  0.44829 -0.25584  0.19245  0.70413 
105  0.93260 -1.82693 -0.89433  2.75953 
106  0.76663 -0.38903  0.37761  1.15566 
107  0.21968 -1.00917 -0.78949  1.22885 
108  0.55391 -0.67468 -0.12077  1.22859 
109  0.50509 -0.37962  0.12546  0.88471 
110  1.73871 -1.80242 -0.06370  3.54113 
111  0.49667 -1.22513 -0.72846  1.72181 
112  2.37373 -3.36740 -0.99367  5.74113 
113  0.68726 -1.50966 -0.82240  2.19691 
114  1.10390 -1.83268 -0.72878  2.93658 
115  1.02896 -0.92633  0.10263  1.95529 
116  0.80471 -0.27891  0.52580  1.08362 
117  0.33905 -0.63219 -0.29314  0.97124 
118  0.93368 -1.72035 -0.78667  2.65403 
119  0.39421 -0.53908 -0.14488  0.93329 
120  0.23248 -0.93426 -0.70177  1.16674 
121  0.48241 -0.80047 -0.31805  1.28288 
122  2.71339 -1.72354  0.98986  4.43693 
123  1.07128 -1.81816 -0.74688  2.88944 
124  0.22955 -1.67046 -1.44092  1.90001 
125  1.61210 -2.62942 -1.01732  4.24151 
126  1.06310 -3.10172 -2.03862  4.16482 
127  0.89806 -1.47752 -0.57946  2.37558 
128  0.52415 -0.43596  0.08819  0.96010 
129  0.39877 -0.45302 -0.05424  0.85179 
130  0.75938 -0.79467 -0.03529  1.55405 
131  0.79374 -0.29474  0.49900  1.08848 
132  0.45708 -1.21537 -0.75829  1.67244 
133  0.45249 -0.47499 -0.02250  0.92748 
134  0.85595 -1.77815 -0.92221  2.63410 
135  1.85809 -3.90595 -2.04786  5.76405 
136  1.12297 -2.56321 -1.44024  3.68618 
137  1.77784 -3.54634 -1.76850  5.32419 
138  0.85114 -3.02836 -2.17721  3.87950 
139  0.76855 -0.54923  0.21932  1.31779 
140  0.84972 -2.43728 -1.58756  3.28701 
141  1.19559 -0.53500  0.66059  1.73059 
142  0.38013 -3.44960 -3.06947  3.82973 
143  0.96295 -0.44060  0.52235  1.40355 
144  1.40921 -2.10114 -0.69193  3.51035 
145  0.82949 -4.08068 -3.25119  4.91017 
146  0.19623 -0.25018 -0.05395  0.44641 
147  0.48479 -1.95528 -1.47049  2.44007 
148  0.64269 -0.53103  0.11166  1.17372 
149  0.90158 -2.83945 -1.93786  3.74103 
150  0.59783 -0.70660 -0.10877  1.30443 
151  0.45510 -0.45325  0.00185  0.90835 
152  1.95296 -6.54628 -4.59333  8.49924 
153  1.35152 -4.18261 -2.83108  5.53413 
154  2.17110 -3.43915 -1.26805  5.61025 
155  1.08775 -1.73206 -0.64431  2.81981 
156  1.62817 -3.48463 -1.85646  5.11279 
157  0.43185 -2.25987 -1.82803  2.69172 
158  0.44297 -2.95992 -2.51694  3.40289 
159  0.59566 -0.35790  0.23776  0.95356 
160  0.22401 -0.28888 -0.06487  0.51289 
161  0.37892 -1.84233 -1.46341  2.22125 
162  0.96600 -0.74131  0.22469  1.70731 
163  0.49944 -0.73998 -0.24054  1.23942 
164  0.91897 -0.68726  0.23172  1.60623 
165  0.69212 -0.58551  0.10661  1.27763 
166  0.52830 -1.49633 -0.96802  2.02463 
167  0.31080 -1.00280 -0.69200  1.31360 
168  1.11971 -5.14768 -4.02797  6.26739 
169  0.93281 -5.91430 -4.98149  6.84712 
170  2.35419 -3.03900 -0.68481  5.39320 
171  0.66988 -3.27631 -2.60644  3.94619 
172  1.56233 -3.61230 -2.04997  5.17463 
173  0.45300 -1.07005 -0.61705  1.52305 
174  0.11808 -5.73220 -5.61412  5.85029 
175  0.28300 -6.92955 -6.64655  7.21255 
176  1.09875 -1.74866 -0.64992  2.84741 
177  1.61130 -2.38809 -0.77679  3.99939 
178  0.99304 -1.99169 -0.99864  2.98473 
179  2.46088 -2.74858 -0.28770  5.20946 
180  0.66861 -0.37907  0.28954  1.04767 
181  2.74251 -1.79295  0.94956  4.53545 
182  0.74479 -1.01010 -0.26531  1.75489 
183  1.73169 -2.59838 -0.86669  4.33008 
184  1.43055 -2.04047 -0.60993  3.47102 
185  0.87911 -2.26380 -1.38469  3.14292 
186  1.24397 -2.39923 -1.15526  3.64321 
187  0.71875 -3.26132 -2.54257  3.98007 
188  0.28346 -0.81108 -0.52762  1.09454 
189  0.79024 -1.15438 -0.36414  1.94462 
190  0.83768 -0.14852  0.68916  0.98620 
191  0.64320 -0.62789  0.01531  1.27109 
192  0.27274 -0.33840 -0.06566  0.61115 
193  0.72441 -0.85206 -0.12765  1.57648 
194  0.68041 -0.64975  0.03066  1.33017 
195  0.60403 -0.32788  0.27616  0.93191 
196  0.76788 -2.86258 -2.09470  3.63046 
197  0.94599 -0.57444  0.37155  1.52043 
198  0.55554 -1.61694 -1.06139  2.17248 
199  0.22766 -1.27350 -1.04584  1.50116 
200  2.65267 -2.02161  0.63106  4.67428 
201  1.09600 -1.66617 -0.57017  2.76217 
202  0.83582 -0.47895  0.35686  1.31477 
203  0.36777 -0.63045 -0.26268  0.99823 
204  0.91608 -2.20492 -1.28884  3.12100 
205  1.04057 -2.20600 -1.16543  3.24657 
206  0.50970 -0.85778 -0.34807  1.36748 
207  0.43473 -0.13556  0.29918  0.57029 
208  1.68751 -3.05089 -1.36338  4.73840 
209  1.23543 -4.37634 -3.14091  5.61176 
210  1.23235 -2.10125 -0.86890  3.33360 
211  1.72617 -4.31801 -2.59184  6.04419 
212  0.81579 -1.44894 -0.63315  2.26474 
213  0.58440 -2.16903 -1.58462  2.75343 
214  0.32471 -0.73624 -0.41152  1.06095 
215  0.50430 -3.03715 -2.53285  3.54146 
216  0.92469 -0.14441  0.78028  1.06910 
217  0.87034 -3.37656 -2.50622  4.24690 
218  0.77093 -1.56121 -0.79028  2.33214 
219  1.70015 -4.39309 -2.69295  6.09324 
220  1.98912 -2.57327 -0.58414  4.56239 
221  0.92048 -1.52701 -0.60653  2.44750 
222  1.40072 -3.13474 -1.73402  4.53546 
223  1.17069 -2.41532 -1.24463  3.58601 
224  0.82691 -0.88477 -0.05786  1.71167 
225  0.09351 -2.43859 -2.34509  2.53210 
226  1.85389 -2.59528 -0.74139  4.44917 
227  0.62706 -2.68525 -2.05819  3.31231 
228  1.08567 -2.97180 -1.88613  4.05748 
229  1.41492 -2.85998 -1.44506  4.27489 
230  1.64851 -2.66354 -1.01503  4.31205 
231  1.70857 -5.40450 -3.69593  7.11306 
232  0.71400 -0.63885  0.07515  1.35284 
233  1.18400 -4.51348 -3.32948  5.69748 
234  0.78137 -5.07881 -4.29745  5.86018 
235  1.70325 -3.84635 -2.14311  5.54960 
236  0.63880 -6.15751 -5.51871  6.79631 
237  1.24268 -1.42156 -0.17887  2.66424 
238  0.89510 -1.25200 -0.35690  2.14710 
239  1.58385 -1.59614 -0.01229  3.17999 
240  0.36090 -0.30789  0.05301  0.66880 
241  0.67778 -0.37204  0.30574  1.04983 
242  0.82740 -0.53794  0.28946  1.36534 
243  0.69015 -2.55771 -1.86755  3.24786 
244  0.22199 -0.37181 -0.14983  0.59380 
245  0.37586 -0.68029 -0.30443  1.05615 
246  0.18778 -0.47791 -0.29014  0.66569 
247  0.51238 -1.96647 -1.45408  2.47885 
248  0.78914 -0.73934  0.04980  1.52847 
249  0.60099 -0.60445 -0.00346  1.20544 
250  2.29999 -2.80049 -0.50049  5.10048 
251  0.72575 -1.48737 -0.76162  2.21313 
252  1.09831 -1.70113 -0.60281  2.79944 
253  0.84638 -2.65833 -1.81195  3.50471 
254  1.08517 -3.49170 -2.40654  4.57687 
255  0.71258 -0.90352 -0.19094  1.61611 
256  0.90860 -5.77688 -4.86829  6.68548 
257  0.39885 -1.29797 -0.89912  1.69682 
258  0.49264 -1.49632 -1.00368  1.98896 
259  0.41903 -0.67953 -0.26050  1.09857 
260  0.35337 -1.56435 -1.21098  1.91773 
261  0.35466 -0.24331  0.11135  0.59797 
262  0.68060 -0.33206  0.34854  1.01267 
263  0.35536 -1.16113 -0.80576  1.51649 
264  0.60707 -1.92000 -1.31292  2.52707 
265  0.49948 -0.97265 -0.47317  1.47213 
266  0.56777 -0.42914  0.13863  0.99691 
267  0.69240 -2.09930 -1.40690  2.79170 
268  0.59517 -0.63641 -0.04124  1.23158 
269  1.16363 -0.16856  0.99507  1.33219 
270  0.20267 -1.06383 -0.86116  1.26650 
271  0.46443 -2.24721 -1.78278  2.71165 
272  0.70449 -1.20934 -0.50485  1.91383 
273  1.77307 -3.49430 -1.72124  5.26737 
274  0.37198 -1.44633 -1.07435  1.81831 
275  0.88895 -2.85168 -1.96273  3.74063 
276  3.13638 -2.88461  0.25177  6.02099 
277  2.60968 -3.28976 -0.68007  5.89944 
278  0.96640 -1.29253 -0.32613  2.25893 
279  0.86290 -0.72994  0.13296  1.59284 
280  0.43099 -1.23161 -0.80062  1.66260 
281  0.36318 -1.05284 -0.68966  1.41602 
282  1.68375 -2.88580 -1.20205  4.56955 
283  0.60275 -0.66695 -0.06420  1.26970 
284  1.59219 -2.83311 -1.24092  4.42530 
285  1.67790 -2.13531 -0.45741  3.81321 
286  1.41224 -2.06840 -0.65616  3.48064 
287  2.59214 -1.29322  1.29892  3.88536 
288  1.59868 -2.72721 -1.12853  4.32589 
289  0.70720 -2.23448 -1.52728  2.94168 
290  0.62168 -0.52534  0.09634  1.14702 
291  1.89219 -0.90625  0.98594  2.79844 
292  0.46737 -0.98137 -0.51400  1.44874 
293  1.97621 -2.73871 -0.76250  4.71492 
294  0.58520 -0.57645  0.00875  1.16165 
295  0.86007 -0.23777  0.62230  1.09785 
296  0.98703 -1.02426 -0.03723  2.01130 
297  0.28553 -0.89593 -0.61040  1.18146 
298  2.20236 -3.85255 -1.65019  6.05491 
299  0.07194 -0.34678 -0.27484  0.41872 
300  0.59521 -1.17926 -0.58405  1.77447 
301  0.50624 -0.93100 -0.42477  1.43724 
302  2.72592 -2.60444  0.12148  5.33036 
303  0.82038 -0.59185  0.22853  1.41223 
304  1.19811 -1.62622 -0.42811  2.82432 
305  1.46002 -1.40877  0.05126  2.86879 
306  0.14143 -1.21169 -1.07025  1.35312 
307  0.33520 -1.40449 -1.06929  1.73970 
308  0.47382 -0.23859  0.23524  0.71241 
309  0.59372 -0.67226 -0.07854  1.26597 
310  0.91532 -0.36889  0.54642  1.28421 
311  1.29532 -1.43082 -0.13550  2.72613 
312  0.73052 -1.46395 -0.73343  2.19447 
313  1.19988 -2.05501 -0.85513  3.25490 
314  1.35755 -2.48244 -1.12488  3.83999 
315  0.42372 -1.16675 -0.74304  1.59047 
316  0.38451 -0.29998  0.08453  0.68449 
317  2.18375 -2.91907 -0.73532  5.10282 
318  0.69595 -0.35690  0.33904  1.05285 
319  0.67078 -0.53107  0.13971  1.20185 
320  1.25253 -1.72177 -0.46924  2.97430 
321  0.50002 -0.34373  0.15628  0.84375 
322  0.32875 -0.62074 -0.29199  0.94949 
323  1.05357 -0.64186  0.41171  1.69542 
324  0.47883 -1.15829 -0.67946  1.63712 
325  2.40355 -1.68889  0.71466  4.09244 
326  1.80730 -0.81484  0.99246  2.62213 
327  0.16717 -0.71850 -0.55133  0.88568 
328  0.34162 -1.17976 -0.83814  1.52137 
329  0.98683 -0.39751  0.58932  1.38434 
330  0.60020 -0.65239 -0.05219  1.25258 
331  0.58401 -0.52490  0.05911  1.10891 
332  1.04717 -0.36334  0.68383  1.41051 
333  0.27115 -0.55608 -0.28493  0.82722 
334  0.87004 -0.17891  0.69113  1.04895 
335  0.31797 -0.16380  0.15417  0.48176 
336  1.38914 -2.40464 -1.01550  3.79378 
337  0.32921 -0.77070 -0.44149  1.09992 
338  0.97285 -1.56812 -0.59527  2.54097 
339  0.94030 -0.52849  0.41180  1.46879 
340  0.22130 -0.22271 -0.00141  0.44401 
341  0.59571 -0.56214  0.03358  1.15785 
342  0.89712 -0.79684  0.10028  1.69396 
343  1.12104 -0.38889  0.73215  1.50993 
344  0.94400 -0.93116  0.01284  1.87516 
345  0.31609 -0.87229 -0.55620  1.18838 
346  1.21308 -1.69650 -0.48342  2.90958 
347  0.73456 -0.71436  0.02020  1.44892 
348  0.69124 -0.41844  0.27280  1.10968 
349  0.42403 -0.87244 -0.44842  1.29647 
350  0.62276 -0.55024  0.07251  1.17300 
351  0.58170 -0.30665  0.27505  0.88835 
352  1.02739 -0.84360  0.18379  1.87099 
353  1.41333 -0.22200  1.19133  1.63532 
354  0.24621 -0.75114 -0.50494  0.99735 
355  0.07426 -0.31338 -0.23912  0.38763 
356  0.29350 -0.28740  0.00610  0.58089 
357  1.15847 -2.19700 -1.03852  3.35547 
358  0.39484 -0.66820 -0.27336  1.06304 
359  0.86570 -0.54687  0.31883  1.41257 
360  0.63339 -0.70411 -0.07071  1.33750 
361  0.26480 -0.67296 -0.40815  0.93776 
362  0.75995  0.00000  0.75995  0.75995 
363  0.45706 -0.37677  0.08029  0.83383 
364  0.79655 -0.25653  0.54001  1.05308 
365  0.39917 -0.17286  0.22631  0.57203 
366  0.59859 -0.39389  0.20469  0.99248 
367  1.46035 -0.91710  0.54325  2.37745 
368  1.69275 -1.91873 -0.22598  3.61147 
369  1.78409 -2.52401 -0.73992  4.30809 
370  0.64493 -0.96165 -0.31672  1.60659 
371  0.79476 -1.05782 -0.26306  1.85258 
372  1.34548 -1.27474  0.07073  2.62022 
373  0.58667 -0.13045  0.45622  0.71713 
374  1.17337 -1.99756 -0.82420  3.17093 
375  0.85231 -0.86084 -0.00853  1.71315 
376  0.93688 -0.39329  0.54359  1.33017 
377  0.81324 -0.85184 -0.03860  1.66509 
378  1.14487 -0.71347  0.43140  1.85834 
379  0.68640 -0.28190  0.40450  0.96830 
380  2.03585 -1.60986  0.42599  3.64571 
381  1.79140 -1.81086 -0.01946  3.60226 
382  0.84996 -0.40627  0.44369  1.25624 
383  0.25740 -0.39739 -0.13999  0.65479 
384  0.23047 -0.76019 -0.52972  0.99066 
385  1.92972 -3.02130 -1.09158  4.95102 
386  0.78291 -0.54746  0.23546  1.33037 
387  0.86635 -0.83266  0.03369  1.69900 
388  0.57847 -2.34170 -1.76323  2.92017 
389  2.20593 -1.58083  0.62510  3.78676 
390  0.37687 -0.45716 -0.08029  0.83403 
391  1.23687 -1.38366 -0.14680  2.62053 
392  1.23443 -0.81867  0.41577  2.05310 
393  0.34550 -0.70122 -0.35571  1.04672 
394  0.47014 -0.62884 -0.15870  1.09898 
395  1.39836 -0.30010  1.09826  1.69846 
396  0.87266 -1.07943 -0.20677  1.95208 
397  0.67322 -0.72445 -0.05122  1.39767 
398  0.74106 -0.30022  0.44084  1.04128 
399  0.59548 -1.22031 -0.62484  1.81579 
400  1.71865 -1.45253  0.26612  3.17118 
401  1.26258 -0.95591  0.30667  2.21849 
402  0.65647 -1.71415 -1.05768  2.37061 
403  1.09755 -2.48734 -1.38979  3.58489 
404  0.92801 -1.28197 -0.35396  2.20997 
405  0.26350 -2.33094 -2.06745  2.59444 
406  1.43059 -1.15035  0.28024  2.58094 
407  1.80883 -1.78440  0.02443  3.59324 
408  1.29394 -0.90136  0.39258  2.19530 
409  1.22672 -1.14235  0.08437  2.36907 
410  0.76918 -1.55099 -0.78181  2.32017 
411  1.33906 -2.85178 -1.51272  4.19084 
412  1.02957 -0.51613  0.51344  1.54570 
413  1.01266 -1.10828 -0.09562  2.12094 
414  2.17876 -2.73661 -0.55785  4.91537 
415  0.74193 -0.71713  0.02479  1.45906 
416  0.42273 -0.23191  0.19082  0.65465 
417  1.15510 -0.54816  0.60694  1.70327 
418  0.68801 -0.08708  0.60093  0.77508 
419  0.65057 -0.60740  0.04317  1.25797 
420  0.57284 -0.75488 -0.18205  1.32772 
421  0.54873 -0.55051 -0.00178  1.09923 
422  0.23055 -0.29851 -0.06796  0.52906 
423  0.67862 -0.71665 -0.03803  1.39526 
424  0.39289 -0.90503 -0.51214  1.29792 
425  0.32962 -0.35931 -0.02969  0.68892 
426  0.97697 -0.64966  0.32732  1.62663 
427  0.64091 -0.75798 -0.11707  1.39889 
428  1.11310 -0.94376  0.16934  2.05686 
429  0.40004 -0.43379 -0.03375  0.83384 
430  0.51271 -0.25021  0.26251  0.76292 
431  0.56248 -0.87749 -0.31501  1.43997 
432  0.56221 -0.91986 -0.35765  1.48207 
433  0.62895 -0.90639 -0.27744  1.53535 
434  0.44608 -0.32840  0.11768  0.77448 
435  0.26155 -0.60041 -0.33886  0.86195 
436  0.50795 -0.15765  0.35030  0.66560 
437  0.80013 -0.84044 -0.04030  1.64057 
438  0.72256 -0.46590  0.25666  1.18845 
439  0.49093 -0.30627  0.18467  0.79720 
440  0.65733 -0.79096 -0.13362  1.44829 
441  0.33648 -0.21140  0.12508  0.54787 
442  0.03540 -0.43712 -0.40173  0.47252 
443  0.53139 -0.18238  0.34901  0.71376 
444  0.48062 -0.59064 -0.11003  1.07126 
445  1.04818 -0.45953  0.58865  1.50771 
446  0.48177 -0.58976 -0.10799  1.07153 
447  0.44049 -0.42048  0.02000  0.86097 
448  1.12510 -0.42705  0.69806  1.55215 
449  0.59894 -0.76302 -0.16409  1.36196 
450  0.39796 -0.22265  0.17531  0.62061 
451  0.86074 -0.61016  0.25057  1.47090 
452  0.53415 -0.23745  0.29671  0.77160 
453  0.76678 -0.56388  0.20290  1.33066 
454  0.83341 -0.50165  0.33176  1.33507 
455  1.41652 -1.14891  0.26761  2.56543 
456  0.73135 -0.62634  0.10501  1.35769 
457  0.54226 -0.57045 -0.02819  1.11271 
458  0.45915 -0.93636 -0.47720  1.39551 
459  1.60328 -0.85018  0.75310  2.45346 
460  0.41531 -0.66400 -0.24869  1.07930 
461  0.50398 -0.49455  0.00943  0.99853 
462  0.51528 -1.04200 -0.52672  1.55727 
463  0.88868 -0.92012 -0.03144  1.80880 
464  0.71960 -0.73014 -0.01054  1.44974 
465  0.77497 -0.93725 -0.16228  1.71222 
466  0.48728 -2.05733 -1.57005  2.54461 
467  1.51097 -2.10215 -0.59118  3.61312 
468  0.21566 -1.41685 -1.20119  1.63252 
469  1.43050 -1.48193 -0.05143  2.91243 
470  1.03572 -2.93280 -1.89708  3.96853 
471  0.70117 -0.44936  0.25180  1.15053 
472  0.96118 -0.59059  0.37060  1.55177 
473  1.62836 -2.66090 -1.03255  4.28926 
474  1.01686 -1.31360 -0.29674  2.33046 
475  1.49064 -3.22937 -1.73874  4.72001 
476  0.50594 -1.07528 -0.56933  1.58122 
477  0.79404 -0.57619  0.21785  1.37024 
478  0.84812 -0.33744  0.51068  1.18556 
479  1.03431 -0.00715  1.02716  1.04146 
480  0.52001 -2.35849 -1.83848  2.87849 
481  1.32689 -1.82999 -0.50310  3.15688 
482  0.57836 -2.23374 -1.65537  2.81210 
483  0.42110 -0.69635 -0.27526  1.11745 
484  0.58891 -0.62488 -0.03597  1.21379 
485  1.48245 -2.47188 -0.98943  3.95433 
486  0.80119 -0.47694  0.32424  1.27813 
487  0.63848 -0.82320 -0.18473  1.46168 
488  0.75584 -1.19640 -0.44057  1.95224 
489  1.13288 -3.95229 -2.81941  5.08517 
490  0.12502 -1.59472 -1.46970  1.71973 
491  0.86181 -0.39170  0.47011  1.25352 
492  1.13064 -2.07692 -0.94628  3.20757 
493  0.65682 -1.95761 -1.30079  2.61443 
494  1.09500 -0.33255  0.76245  1.42754 
495  0.78620 -0.53215  0.25406  1.31835 
496  0.48932 -7.44635 -6.95703  7.93568 
497  0.28574 -1.34704 -1.06131  1.63278 
498  0.49716 -5.81080 -5.31364  6.30796 
499  0.64961 -1.11267 -0.46306  1.76228 
500  1.08777 -2.43160 -1.34383  3.51937 
501  0.49800 -1.55147 -1.05347  2.04947 
502  1.26632 -1.37595 -0.10963  2.64226 
503  1.15623 -3.52680 -2.37057  4.68302 
504  0.58572 -0.40892  0.17680  0.99464 
505  1.57107 -1.21793  0.35314  2.78900 
506  1.68397 -3.25351 -1.56954  4.93748 
507  0.86407 -1.89502 -1.03096  2.75909 
508  0.40785 -2.36019 -1.95234  2.76803 
509  2.14873 -3.27159 -1.12286  5.42032 
510  0.74209 -1.36179 -0.61970  2.10388 
511  1.24255 -2.79255 -1.55000  4.03509 
512  0.69184 -2.27604 -1.58420  2.96787 
513  1.43501 -2.58130 -1.14628  4.01631 
514  1.30997 -2.59560 -1.28563  3.90557 
515  0.52670 -0.58234 -0.05564  1.10904 
516  1.74358 -2.60937 -0.86579  4.35296 
517  1.16843 -2.12447 -0.95604  3.29290 
518  0.48945 -0.73756 -0.24811  1.22700 
519  2.28208 -1.61917  0.66292  3.90125 
520  0.59342 -1.70596 -1.11254  2.29937 
521  1.33689 -1.27113  0.06576  2.60802 
522  1.18389 -2.76991 -1.58602  3.95380 
523  0.92107 -1.99674 -1.07567  2.91781 
524  0.86198 -0.86479 -0.00281  1.72678 
525  0.93475 -1.94893 -1.01418  2.88369 
526  0.71717 -1.49609 -0.77892  2.21326 
527  0.52486 -1.15453 -0.62967  1.67939 
528  0.85038 -0.79978  0.05060  1.65016 
529  0.23681 -0.54843 -0.31162  0.78524 
530  0.65253 -0.27209  0.38044  0.92462 
531  0.48720 -0.66221 -0.17502  1.14941 
532  0.71270 -0.53666  0.17604  1.24935 
533  0.40643 -0.35000  0.05643  0.75643 
534  0.37881 -0.91868 -0.53987  1.29749 
535  0.74411 -0.44537  0.29874  1.18948 
536  0.34309 -0.27218  0.07091  0.61528 
537  1.04225 -1.05546 -0.01321  2.09770 
538  0.28575 -0.41483 -0.12908  0.70058 
539  1.11051 -1.50296 -0.39245  2.61347 
540  0.62325 -1.28091 -0.65766  1.90416 
541  1.62800 -1.18953  0.43847  2.81753 
542  1.12885 -1.59280 -0.46395  2.72165 
543  0.62319 -0.77422 -0.15103  1.39740 
544  0.19471 -1.64441 -1.44970  1.83912 
545  0.56660 -0.49755  0.06905  1.06414 
546  0.50768 -0.60458 -0.09690  1.11225 
547  0.49552 -0.66497 -0.16945  1.16049 
548  0.81085 -0.75066  0.06019  1.56151 
549  1.65573 -0.86565  0.79008  2.52139 
550  0.72924 -1.19672 -0.46747  1.92596 
551  0.91376 -0.42931  0.48445  1.34308 
552  1.23384 -1.60032 -0.36648  2.83416 
553  0.58627 -1.74085 -1.15458  2.32712 
554  1.30082 -2.16817 -0.86736  3.46899 
555  0.77913 -1.96680 -1.18767  2.74593 
556  0.76837 -1.11141 -0.34304  1.87978 
557  1.00521 -0.92456  0.08064  1.92977 
558  0.48231 -0.24498  0.23733  0.72729 
559  1.29690 -1.23853  0.05837  2.53543 
560  0.78116 -1.02003 -0.23886  1.80119 
561  1.73022 -1.66143  0.06879  3.39165 
562  1.15567 -0.33369  0.82198  1.48937 
563  0.84694 -0.66104  0.18590  1.50798 
564  0.57942 -0.73318 -0.15376  1.31260 
