-100.00000 -0.00005 
 0.07087  0.23803 
 0.23679 -0.11134 
-0.26964  0.13784 
-0.49814 -0.11773 
 0.00013 -100.00000 
 0.00013 -0.26892 
-100.00000 -100.00000 
-0.00009  0.00008 
 0.00002  0.00048 
-0.60018  0.26330 
-0.00029  0.00031 
 0.00015 -100.00000 
-0.31679  0.12219 
-100.00000 -100.00000 
 0.35938  0.30767 
 0.86713  0.31640 
-0.08540  0.37983 
-100.00000 -100.00000 
-100.00000 -100.00000 
 0.00014  0.00004 
-0.00005 -100.00000 
 0.00000  0.00000 
 0.00008  0.00003 
-100.00000 -100.00000 
-100.00000 -0.00004 
 0.00003  0.00006 
-100.00000 -100.00000 
 0.10820  0.00010 
-100.00000  0.00003 
 0.45165 -0.12867 
-100.00000 -100.00000 
 0.57774  0.13747 
 0.03342  0.12542 
-100.00000 -100.00000 
-100.00000 -100.00000 
-0.14151 -100.00000 
-0.51414  0.54181 
-100.00000 -100.00000 
-0.01265 -100.00000 
 0.15329  0.37927 
 0.23735 -0.13886 
-100.00000 -100.00000 
-100.00000  0.00002 
-100.00000 -100.00000 
 0.00002  0.00003 
 0.10959  0.00165 
-100.00000 -100.00000 
-100.00000 -100.00000 
-100.00000 -100.00000 
 0.10311  0.53282 
 0.14600 -0.10649 
 0.46962 -0.18046 
 0.00008 -100.00000 
-100.00000 -100.00000 
 0.00000  0.00000 
-0.14047  0.13745 
-100.00000 -100.00000 
 0.37866  0.13759 
 0.00000  0.00019 
 0.00018  0.00008 
 0.48010 -0.00004 
 0.00000  0.00000 
-100.00000 -100.00000 
-0.23070  0.00657 
-100.00000 -100.00000 
-100.00000 -100.00000 
-0.00033  0.00012 
 0.00001 -0.00001 
 0.00000  0.00000 
 0.53734 -0.14045 
-0.00413 -0.14088 
-100.00000 -0.69784 
-100.00000 -0.00021 
-100.00000 -100.00000 
 0.00000  0.00000 
-0.14154 -0.01354 
-100.00000 -100.00000 
 0.00009  0.00005 
 0.00000  0.00000 
-100.00000 -100.00000 
-100.00000 -100.00000 
-0.18952  0.27653 
 0.26306  0.00001 
 0.07520  0.07654 
-0.19931  0.76579 
-100.00000 -0.00000 
-0.00006 -0.00012 
-0.11193  0.08244 
 0.21480 -0.14070 
-0.44860 -0.45299 
 0.07085 -0.26891 
-0.38880  0.26309 
-1.54091  0.66696 
 0.00002  0.00015 
-100.00000  0.00008 
-100.00000 -0.45984 
 0.25191  0.23976 
-0.41233  0.01466 
-0.24455  0.13051 
 0.06374 -0.11735 
 0.05610  0.00011 
-0.15425 -0.22093 
-0.12745  0.00034 
 0.00000  0.00000 
 0.13296  0.13045 
 0.26302  0.00003 
 0.00010  0.00020 
-100.00000 -100.00000 
 0.00000  0.00000 
-0.46479  0.36423 
-0.00008 -100.00000 
 0.27169  0.70560 
-0.02786  0.42546 
 0.01922 -0.00009 
-0.06429  0.01663 
 0.31043  0.29828 
-100.00000 -100.00000 
 0.58902  0.01536 
 0.33091 -0.50039 
 0.00002  0.00003 
 0.00004  0.00002 
 0.29084 -0.46153 
 0.13750  0.00889 
 0.00005 -0.00002 
 0.04653  0.24936 
-0.10701  0.26325 
 0.00019  0.00003 
 0.58097 -0.88932 
-0.17732 -0.40248 
 0.00005  0.00005 
 0.74818 -0.04308 
-100.00000 -100.00000 
-0.00001 -0.00003 
-100.00000 -100.00000 
-0.12532  0.22763 
-0.50013  0.21401 
 0.50788 -0.39917 
 0.03199 -0.12816 
 0.13745  0.13749 
 0.37834  0.12506 
-100.00000 -100.00000 
-100.00000 -0.00001 
-0.38524 -0.67253 
-0.11859  0.14687 
-0.74262 -0.33896 
 0.00000  0.00000 
-100.00000  1.13883 
-100.00000 -100.00000 
 0.01513  0.58496 
 0.00003 -0.00004 
-0.00013 -0.00005 
 0.26400  0.20599 
-0.12530  0.00079 
 0.60247  0.11343 
 0.00000  0.00000 
-0.55333  0.27568 
-0.55945 -0.04317 
-0.46059 -0.13645 
 0.00012  0.00011 
 0.00014  0.00001 
-0.01694 -0.06596 
-100.00000 -100.00000 
-0.00007  0.00002 
-100.00000  0.00010 
 0.45767  0.13747 
-100.00000 -100.00000 
 0.00011  0.00013 
-0.23388  0.03138 
-100.00000 -100.00000 
 0.00000  0.00000 
 0.49491 -0.22088 
 0.58932 -0.12851 
-0.00012  0.00004 
 0.19069  0.29497 
-100.00000 -0.19625 
 0.00021 -100.00000 
-0.17791 -100.00000 
 0.37842  0.53452 
 0.34042  0.26322 
 0.00010  0.00007 
 0.00975 -0.24740 
-100.00000 -100.00000 
-0.00008  0.02091 
 0.24136  0.00004 
 0.00000  0.00000 
-100.00000  0.00001 
 0.29864 -0.54433 
-100.00000 -100.00000 
 0.00016 -0.00003 
 0.13682 -100.00000 
-100.00000  0.00001 
 0.26305  0.04824 
 0.00000  0.00000 
 0.26327 -0.21442 
-100.00000 -100.00000 
-0.00007 -100.00000 
-100.00000 -100.00000 
-0.00007  0.00016 
 0.50758  0.86733 
 0.89414  0.21312 
 0.10184 -0.26660 
 0.01369  0.26303 
-0.00009  0.00001 
 0.00045  0.29711 
-0.07815 -0.13575 
-100.00000 -100.00000 
 0.00013  0.00005 
 0.57316  0.76076 
-0.04426  0.35618 
 0.00000  0.00000 
 0.36547 -0.15793 
 0.09965  0.04810 
 0.00020  0.00004 
-0.00006 -100.00000 
-0.00005  0.00003 
-100.00000 -0.11087 
-100.00000 -0.40013 
-0.00948 -0.04801 
-0.17400  0.28784 
-0.42593 -0.21415 
 0.00013 -0.00005 
-0.11369 -0.01783 
 0.25156  0.13123 
 0.68072  0.16714 
 0.00007  0.00004 
-0.12028  0.48525 
-100.00000  0.00030 
 0.34525 -0.23523 
 0.00005 -100.00000 
-0.38546  0.27094 
-0.81505  0.00307 
 0.14259 -0.07199 
-100.00000 -100.00000 
 0.00058  0.00061 
-0.11971  0.13780 
 0.99414  0.33591 
-0.32727 -0.09916 
 0.00018 -0.00013 
-100.00000 -100.00000 
 0.00000  0.00000 
 0.82274  0.19736 
-100.00000 -100.00000 
 0.16347  0.00001 
 0.00013  0.00005 
 0.00012  0.00037 
 0.00014  0.37860 
-100.00000 -0.00035 
 0.00014  0.00018 
 0.00006 -100.00000 
-0.05597  0.00209 
-100.00000 -100.00000 
 0.00000  0.00000 
-0.30817 -0.44131 
-100.00000  0.00006 
-100.00000 -100.00000 
 0.01705  0.15196 
 0.00012  0.00013 
 0.02404  0.21882 
 0.08497 -0.48666 
-100.00000 -100.00000 
 0.00000  0.00000 
-100.00000 -100.00000 
-100.00000 -0.00007 
-100.00000 -100.00000 
-0.12044 -100.00000 
-100.00000 -100.00000 
 0.07852 -0.26379 
-100.00000 -0.00005 
-0.43205 -0.36072 
 0.00013  0.00006 
 0.65272 -0.47148 
-100.00000 -100.00000 
 0.07306  0.81170 
-0.03360  0.28661 
 0.00000  0.00000 
 0.14150 -0.26823 
-0.36092 -0.31830 
-0.09346 -100.00000 
 0.00000  0.00000 
 0.00005 -0.00006 
-100.00000 -100.00000 
-0.00048  0.00069 
 0.00033  0.00005 
 1.08208 -0.83676 
 0.28707  0.67826 
-0.00018 -100.00000 
-100.00000  0.48551 
 0.80921 -0.07263 
 0.20992  0.51122 
 0.26299 -0.00001 
-0.00034 -100.00000 
-100.00000 -100.00000 
-0.37712 -0.14125 
 0.00401  0.13746 
-0.00001  0.00003 
-100.00000 -100.00000 
-100.00000  0.00011 
 0.00011 -0.00019 
 0.00000  0.00000 
 0.00377  0.13751 
-100.00000 -100.00000 
-0.00007 -0.38891 
 0.42758 -0.02700 
 0.22684 -100.00000 
-0.00002  0.00016 
-100.00000 -100.00000 
 0.00001  0.00005 
 0.00002 -0.00005 
-100.00000 -100.00000 
-100.00000 -100.00000 
-0.53169 -0.00777 
-100.00000 -100.00000 
-0.47783  0.13733 
-0.74811  0.40250 
-0.00013 -100.00000 
 0.00000  0.00000 
 0.97037 -0.32501 
 0.37863  0.26299 
-100.00000 -100.00000 
-0.00031 -100.00000 
 0.00011  0.00015 
-0.23531 -100.00000 
-0.06950 -0.00091 
-0.25631 -0.92711 
-0.25676  0.00014 
-0.13516 -0.00005 
 0.00000 -0.00006 
 0.30167  0.26700 
-100.00000 -100.00000 
-0.13509  0.12673 
-100.00000 -100.00000 
 0.00000  0.00000 
-100.00000 -100.00000 
-0.05707 -1.08319 
-100.00000 -100.00000 
-100.00000 -0.00102 
-100.00000 -100.00000 
 0.26286 -0.14097 
-100.00000 -100.00000 
-100.00000  0.00012 
-0.00013  0.00004 
 0.35733 -0.08459 
 0.00000  0.00000 
-100.00000 -100.00000 
 0.00022 -0.00003 
 0.00000  0.00000 
-100.00000 -0.14024 
-100.00000 -100.00000 
-100.00000 -0.14140 
 0.00000  0.00000 
 0.00014 -0.00006 
-100.00000 -100.00000 
 0.42064  0.63843 
 0.00000  0.00000 
 0.00000  0.00000 
 0.13751  0.00003 
-100.00000 -100.00000 
 0.00000  0.00000 
-100.00000  0.00041 
 0.00002 -100.00000 
 0.17281  0.13232 
 0.00000  0.00000 
 0.00002 -0.14161 
-0.00000  0.00002 
 0.00000  0.00000 
-0.00005  0.00003 
 0.00010 -0.00007 
-0.00016 -100.00000 
-0.00011  0.00009 
-100.00000 -100.00000 
-0.46836  0.17628 
 0.26301 -0.14174 
 0.00000  0.00000 
-0.00004  0.13729 
 0.00000  0.00000 
-0.00002  0.00008 
-100.00000 -100.00000 
 0.00404 -0.01731 
 0.52753  0.30834 
-0.00021  0.00027 
 0.26302 -0.47823 
-0.10147  0.15187 
-100.00000 -100.00000 
-0.00017  0.00011 
 0.00090  0.15756 
 0.00005 -100.00000 
-100.00000  0.00002 
-100.00000 -100.00000 
 0.00000  0.00000 
-100.00000  0.00019 
-100.00000 -100.00000 
-0.00031 -100.00000 
-100.00000 -100.00000 
-0.00002 -0.00001 
-100.00000 -100.00000 
 0.00016  0.00011 
-0.10864 -0.00001 
-100.00000 -100.00000 
-0.09344 -0.49755 
 0.00056 -100.00000 
 0.00004 -100.00000 
-0.29132 -100.00000 
-0.52340  0.11591 
-0.46481  0.63620 
-0.02228 -0.10544 
-100.00000 -100.00000 
 0.73941 -0.54809 
 0.29004 -0.20004 
 0.00000  0.00000 
 0.29961 -0.20049 
 0.03095  0.32169 
 0.00006  0.00004 
 0.85817 -0.14289 
 0.92937  0.33506 
 0.00004 -100.00000 
 0.54428  0.24057 
-100.00000 -100.00000 
-0.38936  0.11806 
-100.00000  0.00001 
 0.12922  0.02663 
-100.00000 -100.00000 
 0.00001  0.00002 
-100.00000 -100.00000 
-100.00000 -100.00000 
-100.00000 -100.00000 
-0.07061  0.26277 
 0.43648 -0.02812 
 0.25654 -0.09520 
 0.00000  0.00000 
 0.00005  0.00001 
 0.00012 -100.00000 
-0.50134  0.08600 
-0.00001 -0.00021 
 0.00004  0.05175 
-100.00000 -100.00000 
-0.00004  0.00005 
-100.00000 -100.00000 
 0.26297 -100.00000 
 0.20388  0.46091 
 0.00004  0.00002 
-100.00000 -0.00003 
 0.00007 -100.00000 
-100.00000 -100.00000 
-100.00000 -100.00000 
 0.36707  0.68273 
-100.00000 -100.00000 
 0.36437  0.34894 
 0.36419  0.33664 
-100.00000 -100.00000 
 0.00010  0.00004 
 0.07710 -0.06038 
 0.00006 -0.00007 
-100.00000 -100.00000 
-0.11104 -0.47019 
-0.09575  0.26299 
-100.00000 -100.00000 
-0.16586  0.13743 
-100.00000 -0.00005 
-100.00000 -100.00000 
-100.00000 -100.00000 
 0.00002  0.00007 
-0.58475 -0.04182 
 0.00009  0.28069 
-100.00000 -100.00000 
-100.00000 -0.20017 
 0.01963  0.07042 
-0.00035  0.00063 
-100.00000  0.00020 
-100.00000 -0.20403 
 0.05378  0.00007 
-100.00000 -100.00000 
 0.16932  0.13741 
 0.00046  0.36132 
-0.06624  0.61790 
-100.00000 -100.00000 
 0.00000  0.00000 
-100.00000 -100.00000 
 0.00000  0.00000 
 0.13751 -0.17157 
 0.00006  0.00004 
-0.09337 -0.34792 
 0.00004  0.00002 
-100.00000 -0.00010 
-100.00000 -100.00000 
-0.12189 -100.00000 
-0.12203 -0.12242 
 0.16781  0.31669 
-100.00000 -100.00000 
-0.29072 -0.16720 
 0.00004  0.00003 
-100.00000 -100.00000 
-0.21072  0.77647 
-0.00100  0.07315 
-100.00000  0.13741 
 0.30967  0.22342 
-0.37536 -0.51726 
 0.00000  0.00000 
-0.20208 -100.00000 
 0.00004  0.00006 
 0.82041 -0.16841 
-0.12216 -0.39031 
-0.12176 -0.23401 
-0.61319 -0.00018 
-0.00012  0.00006 
-0.12203  0.36340 
 0.31414  0.01697 
-0.06513 -0.09044 
-0.12201 -0.00047 
-0.09693 -0.07560 
 0.04877  0.00001 
 0.14829  0.02853 
-0.34932  0.26844 
-0.27038 -0.37741 
 0.30519 -0.02117 
-100.00000 -100.00000 
 0.61109 -0.41389 
 0.00000  0.00000 
-0.00009  0.00001 
 0.14103  0.00032 
 0.00005 -0.12094 
 1.24863 -0.40996 
-0.52806  0.26270 
-100.00000 -0.24769 
 0.00000  0.00000 
 0.46868  0.03502 
-1.12291 -0.00008 
-0.00004 -0.00843 
-100.00000 -100.00000 
-100.00000 -100.00000 
-100.00000  0.00005 
-100.00000 -100.00000 
-0.00021  0.00007 
-100.00000 -0.00006 
 0.03345 -100.00000 
-0.09220  0.13733 
-100.00000 -100.00000 
 0.30718 -0.10879 
 0.00008  0.00017 
 0.42698 -0.29598 
-0.00046  0.13750 
 0.00005 -0.12207 
 0.13752  0.25644 
 0.67813  0.13740 
-100.00000 -100.00000 
-100.00000  0.00004 
 0.00000  0.00000 
-0.20146 -0.20118 
-100.00000 -100.00000 
-0.00989 -0.31020 
-0.23475  0.01610 
-0.43115 -0.41985 
-0.27824 -0.05808 
-0.12206  0.01560 
 0.00034 -0.00008 
-0.00021 -100.00000 
 0.00000  0.00000 
 0.00000 -0.12227 
-0.00000  0.00000 
-0.00018 -0.00003 
 0.01517 -0.00003 
-0.21971  0.25855 
-100.00000 -100.00000 
 0.13765 -0.09751 
-100.00000 -100.00000 
