-0.01268  0.08880 
 0.66430  0.54312 
-0.46094  0.14938 
 0.32442  0.59653 
-0.38878 -100.00000 
 0.34399 -0.00004 
 0.00013 -0.00016 
-100.00000  0.00007 
-0.00009 -100.00000 
-0.38863 -0.00245 
-0.95285  0.12949 
 0.40733 -100.00000 
 0.28635 -0.26966 
-0.94967  0.48065 
 0.00000  0.00000 
-100.00000 -100.00000 
 0.04535  0.43614 
-100.00000 -100.00000 
 0.00000  0.00000 
-0.09422 -0.08030 
-100.00000 -100.00000 
 0.47022 -0.10273 
-100.00000 -100.00000 
 0.00008 -100.00000 
 0.00011 -100.00000 
-0.39072 -0.38587 
-100.00000  0.11185 
-100.00000 -100.00000 
 0.44352  0.70746 
 0.00000  0.00000 
-0.49799 -100.00000 
 0.00000  0.00000 
-100.00000 -100.00000 
-100.00000 -100.00000 
 0.00000  0.00000 
-0.02477  0.42881 
-0.49936  0.21694 
-100.00000 -100.00000 
-0.22963  0.50979 
-0.00403 -100.00000 
-100.00000 -100.00000 
-0.39736  0.08126 
-100.00000 -100.00000 
 0.00000  0.00000 
-100.00000 -100.00000 
-100.00000  0.00003 
-0.26892 -100.00000 
 0.99365  0.54065 
-100.00000 -100.00000 
-100.00000 -100.00000 
 0.09212  0.03032 
-0.26855 -0.00021 
 0.58333 -100.00000 
-100.00000 -0.00010 
-100.00000 -100.00000 
-0.13797  0.13746 
-0.00006 -100.00000 
 0.22341 -100.00000 
-100.00000 -100.00000 
-0.13529 -0.24477 
-100.00000 -100.00000 
-100.00000  0.26299 
-100.00000 -100.00000 
 0.20538 -0.01821 
-0.67909  0.47692 
-0.00802 -0.48320 
-100.00000 -100.00000 
-0.64341 -100.00000 
-100.00000 -100.00000 
-0.27055 -100.00000 
-0.01253 -0.00916 
-100.00000 -100.00000 
-0.01625  0.37904 
 0.26406  0.13386 
 0.00000  0.00000 
-100.00000 -100.00000 
-100.00000 -100.00000 
-100.00000 -100.00000 
-100.00000 -100.00000 
-100.00000 -0.00007 
-0.20918  0.21675 
 0.10815 -0.45993 
-0.12571 -0.86344 
-100.00000 -100.00000 
-100.00000 -100.00000 
 0.33052 -0.01186 
 0.00004 -100.00000 
 0.23688 -100.00000 
 0.69886 -0.01583 
-0.00335 -0.34312 
 0.02420  0.34453 
-0.36198 -0.20581 
-100.00000 -100.00000 
-0.27057 -100.00000 
-100.00000 -100.00000 
-0.65236  0.27212 
-100.00000 -100.00000 
-100.00000 -100.00000 
 0.00000  0.00000 
 0.24857  0.35610 
 0.68963  0.12370 
 0.32240 -100.00000 
-0.39737  0.67842 
-0.33325 -0.22274 
-100.00000 -100.00000 
 0.05119 -0.38303 
-100.00000 -100.00000 
-100.00000 -100.00000 
-100.00000  0.00840 
-100.00000 -100.00000 
-0.10702  0.47290 
-100.00000 -100.00000 
 0.33417  0.81880 
-100.00000 -100.00000 
-0.45234 -100.00000 
-100.00000 -100.00000 
-100.00000 -100.00000 
-100.00000 -100.00000 
 0.37881 -100.00000 
-100.00000 -100.00000 
-100.00000 -100.00000 
-100.00000 -100.00000 
 0.32543 -100.00000 
-0.52417 -100.00000 
-0.31576 -0.24111 
-0.33249  0.97379 
-0.16909  0.04047 
-100.00000 -100.00000 
-100.00000 -100.00000 
 0.00012 -0.00004 
-100.00000 -100.00000 
-100.00000 -100.00000 
 0.19852 -0.03329 
-100.00000 -100.00000 
 0.43370 -0.12878 
-0.16079 -0.67748 
-0.25761 -0.61321 
-0.66020  0.22591 
-0.19010  0.35530 
-100.00000 -100.00000 
-0.53334  0.15090 
 0.13760  0.37865 
-0.16613  0.36260 
 0.00000  0.00000 
 0.00012 -100.00000 
-100.00000 -0.19972 
-100.00000 -100.00000 
 0.98405  0.38467 
 0.00000  0.00000 
-0.09812 -0.11091 
-100.00000  0.47459 
-100.00000 -100.00000 
-0.49869 -0.05438 
 0.25050  0.46671 
 0.02787 -0.35431 
-100.00000 -100.00000 
 0.30575  0.16428 
 0.58501 -100.00000 
-0.28220  0.26317 
-100.00000 -100.00000 
-100.00000 -100.00000 
-100.00000 -100.00000 
 0.26343 -100.00000 
-100.00000 -100.00000 
-100.00000 -100.00000 
-100.00000 -100.00000 
-100.00000 -100.00000 
 0.00000  0.00000 
-0.46061  0.48028 
-0.51079  0.59064 
 0.18976  0.46084 
-0.35240 -0.81646 
-0.16670  0.50503 
-100.00000 -100.00000 
 0.92342  0.18912 
-0.32470  0.74234 
 0.56165 -0.18180 
 0.00000  0.00000 
 0.15411 -0.04379 
 0.65943  0.59453 
-100.00000 -100.00000 
 0.17075  0.16968 
 0.13754  0.45559 
 0.25817 -1.05911 
 0.24136  0.13396 
-0.08970  0.13749 
 0.24129 -0.22125 
-0.45321 -0.00002 
-100.00000 -0.00016 
-100.00000 -100.00000 
-100.00000 -100.00000 
 0.00003  0.00001 
-100.00000 -100.00000 
-100.00000 -100.00000 
-100.00000 -100.00000 
-100.00000 -100.00000 
-100.00000 -100.00000 
 0.46451 -100.00000 
-0.23211 -100.00000 
 0.13764  0.00011 
 0.48569  0.47365 
-100.00000 -100.00000 
-100.00000 -100.00000 
-100.00000 -100.00000 
-100.00000 -0.31169 
 0.56817  0.21602 
-100.00000 -100.00000 
-100.00000 -100.00000 
-0.16687 -0.66511 
 0.35824  0.19828 
 0.10414  0.00733 
-0.16890  0.26351 
-0.20745  0.27277 
-0.05337 -100.00000 
-0.00006 -100.00000 
 0.31844  0.08299 
-100.00000 -100.00000 
 0.17325  0.34959 
 0.25354  0.26302 
-0.03471  0.29330 
-0.04859  0.70218 
 0.00013 -100.00000 
 0.00021 -0.04715 
 0.25381  0.15208 
-100.00000 -100.00000 
 0.49446 -0.11107 
 0.00000  0.00000 
-0.00183  0.27920 
 0.23267  0.03359 
-0.49289  0.45933 
-0.49813 -0.26677 
-0.05775  0.07078 
-100.00000 -100.00000 
 0.01281  0.14871 
-0.16605  0.05202 
-0.46666 -0.10870 
 0.04639 -0.00706 
-100.00000  0.21966 
 0.37869 -0.15964 
-0.78015  0.45896 
-100.00000 -100.00000 
-100.00000 -100.00000 
 0.08471  0.19916 
-100.00000 -100.00000 
-100.00000 -100.00000 
 0.00012 -100.00000 
-100.00000 -100.00000 
 0.00000  0.00000 
-100.00000 -100.00000 
-100.00000 -100.00000 
-0.62359  0.41835 
 0.35609  0.13745 
-100.00000 -100.00000 
-100.00000 -100.00000 
 0.00000  0.00000 
 0.57168  0.68700 
 0.29248  0.38683 
-100.00000 -100.00000 
-100.00000  0.00008 
-0.16608 -0.23255 
 0.00000  0.00000 
-100.00000 -100.00000 
-100.00000 -100.00000 
-100.00000 -100.00000 
 0.70595  0.19073 
 0.08104 -0.32584 
 0.03125  0.26309 
-0.15050 -100.00000 
-100.00000 -100.00000 
 0.10900 -0.32964 
-100.00000 -100.00000 
 0.47583 -0.13452 
-100.00000 -100.00000 
-0.15686  0.41056 
-100.00000 -0.17405 
-0.81952  0.43601 
-0.07012 -0.42685 
-0.83046  0.59658 
-100.00000 -0.29003 
 0.00030 -100.00000 
 0.99069 -0.23081 
-0.05097  0.07625 
 0.00000  0.00000 
 0.80016 -0.03847 
-0.59272  0.13222 
-0.37548  0.39282 
-0.15903  0.72965 
-0.36026  0.16458 
 0.33101 -0.55800 
-0.12146  0.37857 
-100.00000 -100.00000 
-0.53403 -0.46356 
 0.00000  0.00000 
-0.15763  0.06499 
-100.00000 -100.00000 
-100.00000 -100.00000 
 0.00000  0.00000 
 0.32600 -0.00403 
-0.31346  0.12504 
-100.00000 -100.00000 
-1.27344 -0.20034 
-0.11163  0.02709 
 0.30872  0.39261 
-100.00000 -0.25174 
-0.25858 -0.21918 
 0.92598 -100.00000 
 0.00691 -0.12093 
-100.00000 -100.00000 
-100.00000 -100.00000 
-100.00000 -0.01111 
 0.12941  0.08735 
-0.94979  0.00012 
 0.24332  0.31396 
 0.00440 -100.00000 
 0.00000  0.00000 
-0.57411 -0.18983 
-100.00000 -0.00007 
 0.55876 -1.00427 
-100.00000 -100.00000 
-0.69963 -0.43221 
-0.16299 -0.42168 
-100.00000 -100.00000 
-0.47832 -0.00026 
-0.13538 -0.13216 
-100.00000 -100.00000 
 0.00000  0.00000 
 0.00727 -0.00913 
-100.00000 -100.00000 
-0.12076  0.13753 
 0.22687  0.23919 
-100.00000 -100.00000 
 0.00000  0.00000 
-0.25691 -0.00002 
-100.00000 -100.00000 
-100.00000 -100.00000 
-100.00000 -0.28371 
 0.15713  0.38645 
 0.37862  0.03845 
-0.32058  0.37540 
-0.17521  0.14781 
-100.00000 -100.00000 
-100.00000 -100.00000 
-100.00000  0.26304 
-100.00000 -100.00000 
-100.00000 -100.00000 
-100.00000 -100.00000 
-100.00000 -100.00000 
-0.60084 -0.20962 
 0.08678 -0.67122 
 0.18791 -0.46870 
-100.00000 -100.00000 
-100.00000 -100.00000 
-0.49222  0.26921 
-100.00000 -100.00000 
-100.00000 -100.00000 
-100.00000 -100.00000 
-100.00000 -100.00000 
 0.00000  0.00000 
 0.00000 -100.00000 
 0.16351  0.42774 
 0.27516 -0.02406 
-100.00000 -100.00000 
-100.00000 -100.00000 
-100.00000 -100.00000 
-100.00000 -100.00000 
-100.00000 -100.00000 
-100.00000 -100.00000 
-100.00000 -100.00000 
-0.57695 -100.00000 
-0.31005 -100.00000 
 0.00547  0.13756 
-100.00000 -100.00000 
-100.00000 -100.00000 
-100.00000 -100.00000 
-0.79962 -0.64784 
-100.00000  0.26291 
-100.00000 -100.00000 
-0.88555 -0.32981 
 0.22302 -0.80048 
-100.00000 -100.00000 
-100.00000 -100.00000 
 0.16901  0.70619 
-0.25470 -100.00000 
 0.00000  0.00000 
-100.00000 -100.00000 
-1.09376  0.06223 
 0.26450 -0.19160 
 0.45562  0.46922 
 0.65724  0.30103 
-1.06405  0.02103 
-0.36611 -0.44971 
 0.00000  0.00000 
-0.59417 -0.09396 
-100.00000  0.03173 
-100.00000 -100.00000 
-0.16652 -0.10601 
 0.18174  0.15722 
-100.00000 -100.00000 
 0.13598  0.10221 
 0.36909 -0.00038 
-0.09615  0.48534 
-100.00000  0.17441 
-0.21475 -100.00000 
 0.00000  0.00000 
-100.00000 -100.00000 
-100.00000 -100.00000 
 0.00000  0.00000 
-0.23684  0.29321 
 0.36964  0.08209 
-100.00000 -100.00000 
 0.13741 -0.81631 
-0.67968  0.48126 
-100.00000 -100.00000 
-0.29115 -100.00000 
-0.30902 -0.99810 
-100.00000 -100.00000 
-100.00000 -100.00000 
-100.00000  0.17400 
-100.00000 -100.00000 
 0.03065 -0.00393 
-100.00000 -100.00000 
 0.02918 -0.20371 
-100.00000 -100.00000 
-0.39134  0.08673 
 0.37837 -100.00000 
-100.00000 -100.00000 
-100.00000 -100.00000 
-100.00000 -100.00000 
-100.00000 -100.00000 
-100.00000 -100.00000 
-100.00000 -100.00000 
 0.00012 -100.00000 
-100.00000 -100.00000 
 0.09819 -0.30881 
-100.00000 -100.00000 
 0.00000  0.00000 
-100.00000 -100.00000 
-0.20858 -100.00000 
 0.14351 -0.07719 
-100.00000 -100.00000 
 0.00004 -100.00000 
-100.00000 -100.00000 
-100.00000 -100.00000 
-100.00000 -100.00000 
-100.00000 -100.00000 
-100.00000 -100.00000 
 0.02894  0.13755 
-100.00000 -100.00000 
-100.00000 -100.00000 
 0.00000  0.00000 
-100.00000 -100.00000 
-100.00000 -100.00000 
-100.00000 -100.00000 
-100.00000 -100.00000 
-100.00000 -100.00000 
 0.67992 -0.24439 
-0.33799 -0.24483 
-100.00000 -100.00000 
-0.21438 -0.20162 
 0.07481 -0.19697 
-100.00000 -100.00000 
-100.00000 -100.00000 
-100.00000  0.03175 
 0.65709 -100.00000 
-0.00013 -100.00000 
-0.16612 -100.00000 
 0.43053  0.26320 
 0.18346  0.95180 
-100.00000 -100.00000 
-0.62905  0.15741 
 0.60049  0.06271 
 0.05373 -100.00000 
 0.36325 -0.48124 
-0.25388 -0.01720 
-100.00000  0.00001 
 0.87286  0.34904 
-100.00000 -100.00000 
-0.17289  0.07313 
-100.00000 -100.00000 
-100.00000 -100.00000 
-100.00000 -100.00000 
-0.09713 -0.00028 
-100.00000 -100.00000 
-100.00000 -100.00000 
-100.00000 -100.00000 
 0.14115 -0.30120 
-100.00000 -100.00000 
-100.00000 -100.00000 
 0.48560  0.01519 
-0.20915  0.49015 
-100.00000 -100.00000 
 0.06528  0.36271 
-0.23498 -0.35752 
 0.36325  0.25603 
-100.00000 -100.00000 
-100.00000  0.01527 
-0.97364 -0.20885 
-100.00000 -100.00000 
 0.00000  0.00000 
-100.00000 -100.00000 
-100.00000 -100.00000 
-100.00000 -100.00000 
 0.14903  0.04998 
-0.23468 -0.39447 
-100.00000 -100.00000 
-0.05772 -0.02830 
 0.42643  0.26296 
-0.12225 -100.00000 
-0.47583  0.44244 
-0.63144 -0.14675 
 0.00003 -0.02741 
 0.22215  0.14903 
 0.25269  0.26407 
-100.00000 -100.00000 
-0.26468  0.19943 
-0.07825  0.15091 
 0.13766 -0.07558 
 0.43241  0.28305 
-100.00000 -0.29758 
 0.01303 -0.09651 
 0.02810 -100.00000 
-100.00000  0.05732 
 0.02820 -0.33538 
 0.64547  0.11765 
-100.00000 -100.00000 
-100.00000  0.00011 
-0.00056  0.13742 
-100.00000  0.03594 
 0.33104  0.29599 
-100.00000 -100.00000 
 0.15005  0.27763 
-0.72971 -0.01431 
-0.00021 -100.00000 
 0.15606 -0.67754 
 0.00000  0.00000 
-100.00000  0.02584 
 0.26362 -0.23136 
-100.00000 -0.42146 
-0.09611  0.48559 
 0.53115  0.25727 
-0.53419 -100.00000 
-0.05762 -0.00017 
-0.12204 -100.00000 
-100.00000 -100.00000 
-0.63329  0.02854 
-100.00000 -100.00000 
-100.00000 -100.00000 
-0.10503 -0.16248 
-0.07998 -0.35906 
-100.00000  0.03982 
-0.12227  0.92616 
-100.00000 -100.00000 
-0.18600 -0.10958 
-100.00000  0.00008 
-0.33855 -100.00000 
-0.02848 -0.01674 
-100.00000 -100.00000 
 0.14091  0.44309 
-100.00000 -100.00000 
-0.00018 -100.00000 
-100.00000 -100.00000 
-0.14925 -0.35092 
-0.39562  0.15739 
-100.00000 -100.00000 
 0.47256  0.07176 
