-100.00000 -100.00000 
 0.26745 -0.12962 
-0.46252 -100.00000 
-100.00000  0.13784 
 0.58439 -0.01081 
-100.00000 -100.00000 
-0.11955 -100.00000 
-100.00000 -100.00000 
-100.00000 -100.00000 
 0.28808  0.17849 
-0.11475 -100.00000 
-0.11990  0.26335 
-100.00000 -100.00000 
-100.00000 -100.00000 
-100.00000 -100.00000 
-100.00000 -100.00000 
-100.00000 -100.00000 
-100.00000 -100.00000 
-100.00000 -100.00000 
-100.00000 -100.00000 
 0.00000  0.00000 
-100.00000 -100.00000 
 0.11514 -0.37180 
-0.02026  0.57894 
-100.00000  0.00007 
-100.00000 -100.00000 
-100.00000 -100.00000 
-100.00000 -100.00000 
-100.00000 -100.00000 
-100.00000 -100.00000 
-100.00000 -100.00000 
-100.00000 -100.00000 
-100.00000 -100.00000 
-100.00000 -100.00000 
-100.00000 -100.00000 
-100.00000 -100.00000 
-100.00000 -100.00000 
-100.00000 -100.00000 
-100.00000 -100.00000 
-100.00000 -100.00000 
-100.00000 -100.00000 
-100.00000 -100.00000 
-100.00000 -100.00000 
-100.00000 -100.00000 
-100.00000 -100.00000 
-100.00000 -0.26326 
-100.00000 -100.00000 
-100.00000 -100.00000 
-0.00000 -100.00000 
-100.00000 -100.00000 
 0.00121 -100.00000 
-100.00000 -100.00000 
-0.13430  0.03715 
-100.00000 -100.00000 
-100.00000 -100.00000 
-100.00000 -100.00000 
-100.00000 -100.00000 
-100.00000 -100.00000 
 0.00000  0.00000 
-100.00000 -100.00000 
-100.00000 -100.00000 
-100.00000 -100.00000 
-100.00000 -100.00000 
-100.00000 -100.00000 
-100.00000 -100.00000 
-100.00000 -100.00000 
-100.00000 -100.00000 
-0.00033 -100.00000 
-100.00000 -100.00000 
-100.00000 -100.00000 
-100.00000 -100.00000 
 0.00000  0.00000 
-100.00000 -100.00000 
-100.00000 -100.00000 
-100.00000  0.00002 
-100.00000 -100.00000 
 0.44342 -0.49576 
-100.00000 -100.00000 
-100.00000 -100.00000 
-100.00000 -100.00000 
-100.00000 -100.00000 
-100.00000 -100.00000 
-100.00000 -100.00000 
 0.00000  0.00000 
-100.00000 -100.00000 
-100.00000 -100.00000 
-100.00000 -100.00000 
-100.00000 -100.00000 
-100.00000 -100.00000 
-100.00000 -100.00000 
-100.00000 -100.00000 
-100.00000 -100.00000 
 0.34383  0.12227 
-0.00024 -100.00000 
 0.61011  0.65244 
-100.00000 -100.00000 
-100.00000 -100.00000 
-100.00000 -100.00000 
-100.00000 -100.00000 
-100.00000 -100.00000 
-100.00000 -100.00000 
-100.00000 -100.00000 
-100.00000 -100.00000 
 0.02570 -100.00000 
-100.00000 -100.00000 
 0.00014 -100.00000 
 0.00000  0.00000 
 0.39477  0.70863 
-100.00000 -100.00000 
-100.00000 -100.00000 
-100.00000 -100.00000 
-100.00000 -100.00000 
-0.00014 -0.35697 
-100.00000 -100.00000 
 0.05178  0.27773 
-100.00000 -100.00000 
-100.00000 -100.00000 
-100.00000 -100.00000 
-100.00000 -100.00000 
-100.00000 -100.00000 
-100.00000 -100.00000 
-100.00000 -100.00000 
-0.71928  0.13731 
-100.00000 -100.00000 
-0.12731 -100.00000 
-100.00000 -100.00000 
-100.00000 -100.00000 
-100.00000 -100.00000 
-100.00000 -100.00000 
-100.00000 -100.00000 
-100.00000 -100.00000 
-100.00000 -100.00000 
-100.00000 -100.00000 
-100.00000  0.13747 
-100.00000 -100.00000 
-100.00000 -100.00000 
-100.00000 -100.00000 
 0.13566 -100.00000 
-100.00000 -100.00000 
 0.13745 -0.10997 
-100.00000 -100.00000 
-100.00000 -100.00000 
-100.00000 -100.00000 
-100.00000 -100.00000 
-100.00000  0.15970 
-100.00000 -100.00000 
-100.00000 -100.00000 
-100.00000 -100.00000 
-100.00000 -100.00000 
-100.00000 -100.00000 
-100.00000 -100.00000 
 0.00000  0.00000 
-0.48635 -100.00000 
 0.00081 -100.00000 
-100.00000 -100.00000 
-100.00000 -100.00000 
-100.00000 -100.00000 
-100.00000 -100.00000 
-0.16673  0.13518 
 0.45805  0.13349 
 0.78745  0.11883 
-100.00000 -100.00000 
-100.00000 -100.00000 
-100.00000 -100.00000 
-100.00000 -100.00000 
-0.12729 -0.29111 
-100.00000 -100.00000 
-100.00000 -100.00000 
-100.00000 -100.00000 
-100.00000 -100.00000 
-100.00000 -100.00000 
-100.00000 -100.00000 
-100.00000 -100.00000 
-0.31489  0.00116 
-100.00000  0.00115 
-100.00000  0.02116 
-100.00000 -100.00000 
-100.00000  0.00004 
-0.00009 -100.00000 
-100.00000  0.00018 
 0.89314  0.26222 
-1.27112 -100.00000 
-100.00000 -100.00000 
-100.00000 -100.00000 
-100.00000 -100.00000 
-100.00000 -100.00000 
 0.00004  0.00001 
-100.00000 -100.00000 
-100.00000 -100.00000 
-100.00000 -100.00000 
-100.00000 -100.00000 
-100.00000 -100.00000 
 0.15813  0.36377 
 0.72779 -0.04559 
-100.00000 -100.00000 
-100.00000 -100.00000 
-0.00007  0.13740 
-100.00000 -100.00000 
-0.12075 -100.00000 
 0.00014  0.13762 
-0.23174 -0.31128 
-100.00000 -100.00000 
-100.00000 -100.00000 
-100.00000 -100.00000 
-100.00000 -100.00000 
-100.00000 -0.31082 
-100.00000 -100.00000 
 0.15071  0.16551 
-100.00000  0.15206 
-100.00000 -100.00000 
-100.00000 -100.00000 
-100.00000 -100.00000 
-100.00000 -100.00000 
 0.15574  0.11400 
-100.00000 -100.00000 
-0.29452 -0.31185 
-100.00000 -100.00000 
 0.25876 -100.00000 
-100.00000  0.02619 
-100.00000 -100.00000 
-100.00000 -100.00000 
-0.41501 -0.45679 
 0.44634 -100.00000 
-100.00000 -100.00000 
-100.00000 -100.00000 
-100.00000 -100.00000 
-100.00000 -100.00000 
-100.00000 -100.00000 
 0.00053 -100.00000 
 0.13756 -100.00000 
 0.11101 -0.33660 
-0.25717 -0.01917 
-100.00000 -100.00000 
-100.00000  0.02758 
-100.00000 -100.00000 
-0.23049  0.37881 
-100.00000 -100.00000 
-100.00000 -100.00000 
-100.00000 -100.00000 
-100.00000 -100.00000 
-100.00000 -100.00000 
-100.00000 -100.00000 
-100.00000 -100.00000 
-100.00000 -100.00000 
-0.34721  0.09168 
 0.52916 -0.18308 
 0.26128  0.00009 
-100.00000 -100.00000 
 0.00014 -100.00000 
-100.00000 -100.00000 
-100.00000 -100.00000 
-100.00000 -100.00000 
-100.00000 -100.00000 
-100.00000 -100.00000 
-100.00000 -100.00000 
-100.00000 -100.00000 
 0.53382 -100.00000 
 0.01714 -100.00000 
-100.00000 -100.00000 
-100.00000 -100.00000 
-100.00000 -100.00000 
-100.00000 -0.04749 
-100.00000 -100.00000 
-100.00000 -100.00000 
-100.00000 -100.00000 
-100.00000 -100.00000 
-100.00000 -100.00000 
-0.29390  0.37416 
 0.31249  0.01238 
-100.00000 -100.00000 
 0.00013 -100.00000 
 0.00040 -0.00039 
-100.00000 -100.00000 
-0.25921  0.15201 
-100.00000 -100.00000 
-0.00005 -100.00000 
 0.14567 -0.11215 
-100.00000 -100.00000 
 0.33551 -100.00000 
-0.16831  0.76560 
-100.00000 -100.00000 
-100.00000 -100.00000 
-0.30924  0.58566 
-100.00000 -100.00000 
-100.00000 -100.00000 
-100.00000 -0.50691 
-100.00000 -100.00000 
-100.00000  0.00008 
-0.31384  0.37489 
-100.00000 -100.00000 
 0.00000  0.00000 
-100.00000 -100.00000 
-100.00000 -100.00000 
-100.00000 -100.00000 
 0.00000  0.00000 
-100.00000 -100.00000 
-100.00000 -0.00012 
-100.00000 -100.00000 
-0.47816  0.13731 
-100.00000 -100.00000 
-100.00000 -100.00000 
-100.00000 -100.00000 
-100.00000 -100.00000 
-100.00000 -0.46294 
-100.00000 -100.00000 
-0.09991 -0.00397 
-100.00000 -100.00000 
-100.00000  0.00005 
-100.00000 -100.00000 
-100.00000 -100.00000 
-100.00000 -100.00000 
-100.00000 -100.00000 
-100.00000 -100.00000 
-100.00000 -100.00000 
 0.26305 -0.13308 
-100.00000 -100.00000 
-100.00000 -100.00000 
 0.00010 -100.00000 
 0.00000  0.00000 
-100.00000 -100.00000 
-100.00000 -100.00000 
 0.53010  0.31430 
-100.00000 -100.00000 
-100.00000 -100.00000 
 0.00418 -100.00000 
-100.00000 -100.00000 
-100.00000 -100.00000 
-100.00000 -100.00000 
-100.00000 -100.00000 
-100.00000 -100.00000 
-0.00003 -0.00013 
-100.00000 -100.00000 
-100.00000 -100.00000 
-100.00000 -100.00000 
-100.00000 -100.00000 
-100.00000 -100.00000 
 0.01501 -100.00000 
-100.00000 -100.00000 
-0.00018 -100.00000 
-100.00000 -100.00000 
-100.00000 -100.00000 
-0.11451 -0.15267 
-100.00000 -100.00000 
 0.71367 -0.00484 
-100.00000 -100.00000 
-100.00000 -0.13870 
-100.00000 -100.00000 
-100.00000 -100.00000 
-100.00000 -100.00000 
-100.00000 -100.00000 
 0.00752 -100.00000 
-100.00000 -0.00006 
-100.00000 -100.00000 
-100.00000 -100.00000 
-100.00000 -100.00000 
-100.00000 -100.00000 
 0.37851  0.10766 
-0.13554 -100.00000 
-100.00000 -100.00000 
-100.00000 -100.00000 
-100.00000 -100.00000 
-100.00000 -100.00000 
-100.00000 -100.00000 
 0.21212 -0.00752 
-0.62919 -0.25213 
-1.18732 -0.01020 
 0.09239  0.08728 
-100.00000 -100.00000 
-0.27016  0.00012 
 0.00206 -0.08956 
-100.00000 -100.00000 
-100.00000 -100.00000 
-100.00000 -100.00000 
-100.00000 -100.00000 
-100.00000 -100.00000 
-0.72248 -0.02747 
 0.40157  0.25316 
 0.27142 -0.10772 
-100.00000 -100.00000 
-100.00000 -100.00000 
-100.00000 -100.00000 
-100.00000 -100.00000 
-100.00000 -0.20398 
 0.00013 -100.00000 
-100.00000 -100.00000 
-100.00000 -100.00000 
-100.00000 -100.00000 
-100.00000 -100.00000 
-100.00000 -100.00000 
-0.35917 -0.38331 
-100.00000 -100.00000 
-100.00000 -100.00000 
-0.07207 -100.00000 
-100.00000 -100.00000 
-100.00000 -100.00000 
-100.00000 -100.00000 
-100.00000 -100.00000 
-100.00000 -100.00000 
-100.00000 -100.00000 
-100.00000 -100.00000 
-100.00000 -100.00000 
-100.00000 -100.00000 
-100.00000 -100.00000 
 0.00002  0.13635 
-0.07185 -0.06663 
-0.20934 -100.00000 
-100.00000 -100.00000 
-100.00000 -0.54230 
 0.00008  0.04920 
 0.37418 -100.00000 
-100.00000 -100.00000 
-0.33849 -0.29633 
-100.00000 -100.00000 
-100.00000 -100.00000 
-0.95458 -100.00000 
-100.00000 -100.00000 
-100.00000 -100.00000 
-100.00000 -100.00000 
-100.00000 -100.00000 
-100.00000 -100.00000 
-100.00000 -100.00000 
-100.00000 -100.00000 
-100.00000 -100.00000 
-100.00000 -100.00000 
-100.00000 -100.00000 
-100.00000 -100.00000 
-100.00000 -100.00000 
-100.00000 -100.00000 
-100.00000 -100.00000 
-100.00000 -100.00000 
-0.10454  0.00001 
-100.00000 -100.00000 
-100.00000 -100.00000 
-100.00000 -100.00000 
 0.06153 -0.12254 
-100.00000 -100.00000 
-0.19206  0.15085 
-100.00000 -100.00000 
-100.00000 -0.06002 
-100.00000 -100.00000 
-100.00000 -100.00000 
-100.00000 -100.00000 
-100.00000 -100.00000 
-100.00000 -100.00000 
-100.00000 -100.00000 
-100.00000 -100.00000 
-100.00000 -100.00000 
-100.00000 -100.00000 
-100.00000 -100.00000 
-100.00000 -100.00000 
-100.00000 -100.00000 
-100.00000 -100.00000 
-100.00000 -100.00000 
-100.00000 -100.00000 
-100.00000 -100.00000 
-100.00000 -100.00000 
-100.00000 -100.00000 
-100.00000 -100.00000 
-100.00000 -100.00000 
-100.00000 -100.00000 
-100.00000 -100.00000 
-0.11869  0.34681 
-100.00000 -100.00000 
-100.00000 -100.00000 
-100.00000 -100.00000 
-100.00000  0.00003 
-0.07183 -100.00000 
 0.13715 -100.00000 
-100.00000 -100.00000 
-100.00000 -100.00000 
-100.00000 -100.00000 
-100.00000 -100.00000 
-100.00000 -100.00000 
 0.15511 -0.01720 
-100.00000 -100.00000 
 0.14127 -100.00000 
-100.00000 -100.00000 
-100.00000 -100.00000 
-100.00000 -100.00000 
 0.00000  0.00000 
-0.23473  0.02824 
-100.00000 -100.00000 
-100.00000  0.00002 
 0.24543  0.00175 
-100.00000 -100.00000 
 0.00014 -100.00000 
 0.00000  0.00000 
-100.00000 -100.00000 
-100.00000 -100.00000 
-100.00000 -100.00000 
 0.00000  0.00000 
-100.00000 -100.00000 
-100.00000 -100.00000 
-0.00006 -100.00000 
-100.00000 -100.00000 
-100.00000 -100.00000 
 0.01279 -100.00000 
-100.00000 -100.00000 
-100.00000 -0.23567 
-0.10333  0.15716 
 0.01595  0.13721 
-0.78785  0.67153 
-100.00000 -100.00000 
-100.00000 -100.00000 
-0.14763  0.07093 
-0.20140 -0.12202 
-100.00000 -100.00000 
-100.00000 -100.00000 
-0.31578 -0.00047 
-100.00000  0.00010 
-0.07620  0.37852 
-0.07628 -100.00000 
-0.00033 -100.00000 
-100.00000 -100.00000 
-100.00000 -100.00000 
-100.00000 -100.00000 
-100.00000 -100.00000 
-100.00000 -100.00000 
-100.00000 -100.00000 
-100.00000 -100.00000 
-100.00000 -100.00000 
-100.00000 -100.00000 
-100.00000 -100.00000 
-0.32913 -100.00000 
-100.00000 -100.00000 
-100.00000 -100.00000 
 0.17976  0.00025 
-100.00000 -100.00000 
-100.00000 -0.10288 
-100.00000 -100.00000 
-100.00000 -100.00000 
-100.00000 -100.00000 
-0.42645  0.17095 
-100.00000 -100.00000 
-100.00000 -100.00000 
 0.00017 -100.00000 
-100.00000 -100.00000 
 0.05011 -0.07173 
-100.00000 -100.00000 
-100.00000 -100.00000 
-100.00000 -100.00000 
-0.23446 -0.32727 
-100.00000 -100.00000 
-100.00000 -100.00000 
-100.00000 -100.00000 
-100.00000 -100.00000 
-100.00000 -100.00000 
-100.00000 -0.00005 
 0.44351 -100.00000 
-0.25898 -100.00000 
-0.00028 -100.00000 
-0.20140 -0.38953 
-100.00000 -100.00000 
 0.00000  0.00000 
-100.00000 -100.00000 
-100.00000 -100.00000 
-100.00000 -100.00000 
-100.00000 -100.00000 
-100.00000 -100.00000 
-100.00000 -100.00000 
 0.00000  0.00000 
-100.00000 -100.00000 
-100.00000 -100.00000 
 0.00000  0.00000 
-100.00000 -100.00000 
