-100.00000 -100.00000 
-100.00000 -0.47724 
-100.00000 -100.00000 
 0.26347  0.67865 
-100.00000 -0.40522 
-100.00000 -100.00000 
-0.49806  0.00029 
-100.00000  0.00009 
-100.00000 -100.00000 
 0.00002 -100.00000 
-0.27089 -0.98047 
-100.00000 -100.00000 
-100.00000 -100.00000 
-100.00000 -100.00000 
-100.00000 -100.00000 
-100.00000 -100.00000 
-100.00000 -100.00000 
-100.00000 -100.00000 
-100.00000 -100.00000 
-100.00000 -100.00000 
 0.26318  0.00006 
-100.00000 -100.00000 
-100.00000 -100.00000 
-100.00000 -0.00005 
-100.00000 -100.00000 
-100.00000 -100.00000 
-100.00000 -100.00000 
-100.00000 -100.00000 
-100.00000 -100.00000 
-100.00000 -100.00000 
-100.00000 -100.00000 
-100.00000 -100.00000 
-100.00000 -100.00000 
-100.00000 -100.00000 
-100.00000 -100.00000 
-100.00000 -100.00000 
-100.00000 -100.00000 
-100.00000 -100.00000 
-100.00000 -100.00000 
-100.00000 -100.00000 
-100.00000 -100.00000 
-100.00000 -100.00000 
-100.00000 -100.00000 
-100.00000 -100.00000 
-100.00000 -100.00000 
-100.00000  0.00008 
-100.00000 -100.00000 
-100.00000 -100.00000 
-100.00000 -100.00000 
-100.00000 -100.00000 
-100.00000 -100.00000 
-100.00000 -100.00000 
-100.00000 -100.00000 
-100.00000 -100.00000 
-100.00000 -100.00000 
 0.32033 -0.21935 
-100.00000 -100.00000 
-100.00000 -100.00000 
-0.13922  0.00010 
 0.44493 -100.00000 
-100.00000 -100.00000 
-100.00000 -100.00000 
-0.00002 -100.00000 
-100.00000 -100.00000 
-100.00000 -100.00000 
-100.00000 -100.00000 
-100.00000 -100.00000 
-100.00000 -0.00036 
-0.38772  0.00001 
-0.23517 -0.01494 
-100.00000 -100.00000 
-100.00000 -100.00000 
-100.00000 -100.00000 
-100.00000 -100.00000 
-100.00000 -100.00000 
-100.00000 -100.00000 
 0.00000  0.00000 
-100.00000 -100.00000 
-0.38850  0.00006 
-100.00000 -100.00000 
-100.00000 -100.00000 
-100.00000 -100.00000 
-0.27045 -100.00000 
-0.00616 -100.00000 
-100.00000 -100.00000 
-100.00000  0.00107 
-100.00000 -100.00000 
-100.00000 -100.00000 
 0.13776 -0.29565 
-100.00000 -100.00000 
 0.21467 -100.00000 
 0.24825 -100.00000 
 0.00000  0.00000 
-100.00000 -100.00000 
-100.00000 -100.00000 
-100.00000 -100.00000 
-100.00000 -100.00000 
-100.00000 -100.00000 
-100.00000  0.70445 
-0.40999  0.44194 
-100.00000 -100.00000 
-100.00000 -100.00000 
-100.00000 -100.00000 
 0.84796  0.31133 
-100.00000 -100.00000 
-100.00000 -100.00000 
 0.26302  0.13754 
-100.00000 -100.00000 
-100.00000 -100.00000 
-100.00000 -100.00000 
-100.00000 -100.00000 
-0.12751 -100.00000 
-100.00000 -0.79067 
-100.00000 -100.00000 
-100.00000 -100.00000 
-100.00000 -100.00000 
-100.00000 -100.00000 
-100.00000 -100.00000 
-100.00000  1.10542 
-100.00000 -100.00000 
-100.00000 -100.00000 
-100.00000 -100.00000 
-100.00000 -100.00000 
-100.00000 -100.00000 
-100.00000 -100.00000 
-100.00000 -100.00000 
-100.00000 -100.00000 
 0.00019 -100.00000 
-100.00000 -100.00000 
-100.00000 -0.27332 
-100.00000 -100.00000 
-100.00000 -100.00000 
-100.00000 -100.00000 
-100.00000 -100.00000 
-100.00000 -100.00000 
-100.00000  1.06852 
-100.00000  0.00006 
-0.45305 -0.27293 
-0.42576 -0.04205 
 0.00000  0.00000 
-100.00000 -100.00000 
-100.00000 -100.00000 
-100.00000 -100.00000 
-100.00000 -100.00000 
 0.00012 -0.00023 
-100.00000 -100.00000 
-100.00000 -100.00000 
-100.00000  0.00012 
-100.00000 -100.00000 
-100.00000 -100.00000 
-100.00000  0.00013 
-0.00013 -100.00000 
 0.00080 -0.00365 
-0.54193 -100.00000 
-0.51518  0.34593 
-100.00000 -100.00000 
-100.00000 -100.00000 
-100.00000 -100.00000 
-100.00000 -100.00000 
-100.00000 -100.00000 
-100.00000 -100.00000 
-100.00000 -100.00000 
-100.00000 -100.00000 
 0.84793 -100.00000 
-100.00000 -100.00000 
 0.00000  0.00000 
-100.00000 -100.00000 
-100.00000 -100.00000 
-100.00000 -100.00000 
-100.00000  0.26368 
 0.13231 -0.25461 
-100.00000 -100.00000 
-100.00000 -100.00000 
-0.24441 -100.00000 
-100.00000 -100.00000 
-100.00000  0.00245 
-100.00000 -100.00000 
-100.00000 -0.00067 
-100.00000 -100.00000 
-0.31591 -100.00000 
-100.00000 -100.00000 
-0.14979  0.60999 
-100.00000 -100.00000 
-100.00000 -100.00000 
-0.12711 -100.00000 
-0.23794  0.24928 
-100.00000 -100.00000 
-100.00000  0.00035 
-100.00000 -100.00000 
-100.00000 -100.00000 
-100.00000 -100.00000 
-100.00000 -100.00000 
 0.00000  0.00000 
-100.00000 -100.00000 
-100.00000 -100.00000 
-100.00000 -100.00000 
 0.01678  0.00028 
-100.00000 -100.00000 
-100.00000 -100.00000 
-100.00000 -100.00000 
-100.00000 -0.84319 
-100.00000 -100.00000 
-100.00000 -100.00000 
-100.00000 -100.00000 
-100.00000 -100.00000 
-100.00000 -100.00000 
-100.00000 -100.00000 
-100.00000 -100.00000 
-100.00000 -100.00000 
-100.00000 -100.00000 
-100.00000 -100.00000 
-100.00000 -100.00000 
-100.00000 -100.00000 
-100.00000 -100.00000 
-100.00000 -100.00000 
-100.00000  0.28511 
-100.00000 -100.00000 
 0.84877 -0.00080 
-100.00000 -100.00000 
-0.11997 -100.00000 
-100.00000 -100.00000 
-100.00000  1.13774 
-100.00000 -100.00000 
-100.00000 -0.10339 
-100.00000 -100.00000 
-100.00000  0.13777 
-100.00000  0.13788 
-100.00000 -100.00000 
-0.11771 -100.00000 
-100.00000 -100.00000 
 0.06610 -0.07741 
-0.09284  0.23044 
 0.33412  0.73867 
-100.00000 -100.00000 
-100.00000 -100.00000 
-100.00000 -100.00000 
-100.00000 -0.37613 
-100.00000 -100.00000 
-100.00000 -100.00000 
-100.00000 -100.00000 
-0.05458 -0.27345 
 0.02626  0.12990 
-100.00000 -100.00000 
-100.00000 -100.00000 
 0.00013 -100.00000 
-100.00000 -100.00000 
 0.00000  0.00000 
-100.00000  0.13787 
-100.00000 -100.00000 
-100.00000 -100.00000 
-100.00000 -100.00000 
-100.00000 -100.00000 
-0.20260 -100.00000 
-100.00000 -100.00000 
-100.00000  0.50422 
-100.00000 -100.00000 
-1.02944  0.49009 
-100.00000 -100.00000 
-100.00000 -100.00000 
-100.00000 -100.00000 
-100.00000 -100.00000 
-100.00000 -100.00000 
-100.00000 -100.00000 
-0.23202  0.00014 
-100.00000 -100.00000 
-100.00000 -100.00000 
-100.00000 -100.00000 
 0.00000  0.00000 
-100.00000 -0.42797 
-100.00000 -100.00000 
 0.13764 -100.00000 
-100.00000 -100.00000 
-100.00000 -100.00000 
-0.33540  0.37923 
-100.00000 -100.00000 
 0.36604 -0.39538 
-0.83672  0.89555 
 0.01433 -100.00000 
-100.00000 -100.00000 
-100.00000 -100.00000 
-100.00000 -100.00000 
-100.00000 -100.00000 
-0.19815  0.00017 
-100.00000 -100.00000 
-100.00000 -100.00000 
-100.00000 -100.00000 
-100.00000 -100.00000 
-100.00000  0.84862 
-100.00000 -100.00000 
-100.00000 -100.00000 
-100.00000  0.00002 
-100.00000 -0.00003 
-100.00000 -100.00000 
-100.00000 -100.00000 
-0.00003 -0.00004 
-100.00000 -100.00000 
-100.00000 -100.00000 
-100.00000 -100.00000 
 0.26315 -0.61164 
-100.00000 -100.00000 
-100.00000 -100.00000 
-100.00000 -100.00000 
-0.25904 -100.00000 
-100.00000 -100.00000 
-100.00000 -100.00000 
-100.00000 -100.00000 
-100.00000 -100.00000 
-100.00000 -100.00000 
-100.00000 -100.00000 
-100.00000 -100.00000 
-100.00000 -100.00000 
-100.00000  0.00007 
 0.00012 -0.37092 
-100.00000 -100.00000 
 0.00002 -100.00000 
-100.00000 -100.00000 
-100.00000 -100.00000 
-100.00000 -100.00000 
-100.00000 -100.00000 
-100.00000 -100.00000 
-100.00000 -100.00000 
-100.00000 -100.00000 
-100.00000 -100.00000 
-100.00000 -0.14506 
-100.00000 -100.00000 
-100.00000 -100.00000 
-100.00000 -100.00000 
 0.22676 -100.00000 
-100.00000 -0.25818 
-100.00000 -100.00000 
-100.00000 -100.00000 
-100.00000 -100.00000 
-100.00000 -100.00000 
-100.00000 -100.00000 
-100.00000 -100.00000 
-100.00000 -100.00000 
-100.00000 -100.00000 
-100.00000 -100.00000 
-100.00000 -100.00000 
-100.00000 -100.00000 
-100.00000 -100.00000 
-100.00000 -100.00000 
-100.00000 -100.00000 
-100.00000 -100.00000 
-100.00000 -100.00000 
-100.00000 -100.00000 
-100.00000 -100.00000 
-100.00000 -100.00000 
-100.00000 -100.00000 
-100.00000 -100.00000 
-100.00000 -100.00000 
-100.00000 -100.00000 
-100.00000 -100.00000 
-100.00000 -100.00000 
 0.00466  0.48879 
-100.00000 -100.00000 
 0.00000  0.00000 
-100.00000 -100.00000 
-100.00000 -100.00000 
-100.00000 -100.00000 
 0.00002 -100.00000 
-100.00000 -100.00000 
 0.00007 -100.00000 
 0.00000  0.00000 
-100.00000 -100.00000 
-100.00000 -100.00000 
-100.00000 -100.00000 
-100.00000 -0.44637 
-100.00000 -100.00000 
 0.69729 -100.00000 
-100.00000 -100.00000 
-100.00000 -100.00000 
-100.00000  1.07057 
-100.00000 -100.00000 
-100.00000 -100.00000 
-100.00000 -100.00000 
-100.00000 -100.00000 
-100.00000 -100.00000 
-100.00000 -100.00000 
-100.00000 -100.00000 
-0.00021  0.00027 
-100.00000  0.26299 
-100.00000 -100.00000 
-100.00000 -100.00000 
-100.00000 -100.00000 
-100.00000 -0.00005 
-100.00000 -100.00000 
-100.00000 -100.00000 
-100.00000  0.00029 
 0.02784  0.23880 
-100.00000 -100.00000 
-100.00000 -100.00000 
-100.00000 -100.00000 
-100.00000 -100.00000 
-100.00000 -100.00000 
-100.00000 -100.00000 
-100.00000 -100.00000 
-100.00000  0.00085 
-100.00000 -100.00000 
-100.00000 -100.00000 
-100.00000 -100.00000 
-100.00000 -0.25785 
-100.00000 -100.00000 
-100.00000 -100.00000 
-100.00000 -100.00000 
-0.11888 -0.57534 
-100.00000 -100.00000 
-100.00000 -0.00004 
-100.00000 -100.00000 
-100.00000 -100.00000 
-100.00000 -100.00000 
-0.20974 -100.00000 
 0.18175 -0.10867 
-100.00000 -100.00000 
 0.37675  0.00041 
-100.00000 -0.00048 
-100.00000 -100.00000 
-100.00000 -100.00000 
-0.20907 -100.00000 
-100.00000 -100.00000 
-100.00000 -100.00000 
-100.00000 -100.00000 
-100.00000 -100.00000 
-100.00000 -100.00000 
-100.00000 -100.00000 
-100.00000 -100.00000 
-100.00000 -100.00000 
-100.00000 -100.00000 
-0.21409  0.81247 
 0.00891 -0.16280 
-100.00000 -100.00000 
 0.03673 -100.00000 
-100.00000 -100.00000 
-100.00000 -100.00000 
 0.00000  0.00000 
-100.00000 -100.00000 
-100.00000 -100.00000 
-100.00000 -100.00000 
-100.00000 -100.00000 
-100.00000 -100.00000 
-100.00000 -100.00000 
-100.00000 -100.00000 
-100.00000 -100.00000 
-100.00000 -100.00000 
-100.00000  0.00009 
-100.00000 -100.00000 
-100.00000 -100.00000 
-100.00000 -100.00000 
-0.11487  0.01216 
-100.00000 -100.00000 
 0.18185  0.00006 
-100.00000 -100.00000 
 0.00006 -100.00000 
-100.00000 -100.00000 
-100.00000 -100.00000 
-100.00000 -100.00000 
-100.00000 -100.00000 
-100.00000 -100.00000 
-100.00000 -100.00000 
-100.00000 -100.00000 
-100.00000 -100.00000 
-100.00000 -100.00000 
-100.00000 -100.00000 
-100.00000 -100.00000 
-100.00000 -100.00000 
-100.00000 -100.00000 
-100.00000  0.00021 
-100.00000 -100.00000 
-100.00000 -100.00000 
-100.00000  0.37311 
 0.00010  0.00021 
-100.00000 -100.00000 
-100.00000 -100.00000 
-0.17499  0.81390 
-100.00000 -100.00000 
-100.00000 -100.00000 
-100.00000 -100.00000 
-100.00000 -100.00000 
 0.05723  0.38984 
-0.39385 -0.18459 
-100.00000 -100.00000 
-100.00000 -100.00000 
-100.00000 -100.00000 
 0.37864  0.00004 
-100.00000 -100.00000 
-100.00000 -100.00000 
-100.00000 -100.00000 
-0.00010 -100.00000 
-100.00000 -100.00000 
-0.00038  0.35715 
-0.12209  0.00007 
-100.00000 -100.00000 
 0.02805  0.26345 
-100.00000  0.00012 
-100.00000 -100.00000 
-100.00000 -100.00000 
-0.00262 -100.00000 
-0.42750 -0.29502 
-100.00000  1.13707 
-100.00000 -100.00000 
-100.00000  0.26314 
 0.32904  0.01345 
-100.00000 -0.45794 
-0.09711 -100.00000 
-100.00000 -100.00000 
-100.00000  0.25017 
 0.02833  0.37889 
-100.00000 -100.00000 
-100.00000 -100.00000 
-0.33879  0.00030 
-100.00000 -0.45786 
-100.00000 -100.00000 
-0.36080 -0.58343 
-100.00000 -100.00000 
-100.00000  0.13744 
-100.00000 -100.00000 
-0.61339 -0.19495 
-0.23394  0.55097 
-100.00000 -100.00000 
-100.00000 -100.00000 
-0.31665 -0.46447 
 0.00086 -100.00000 
-100.00000 -100.00000 
-100.00000  0.03600 
-0.44870  0.45001 
 0.34644 -0.42786 
-100.00000 -100.00000 
-100.00000 -100.00000 
 0.13755  0.26306 
 0.00014  0.00007 
-100.00000 -0.12497 
 0.26308 -100.00000 
-100.00000 -100.00000 
-100.00000 -100.00000 
-100.00000 -100.00000 
-100.00000 -100.00000 
-100.00000 -100.00000 
-100.00000 -100.00000 
-100.00000 -100.00000 
-100.00000 -100.00000 
-0.95338 -100.00000 
-100.00000 -100.00000 
 0.04875 -0.00022 
-100.00000 -100.00000 
-100.00000 -100.00000 
-100.00000 -100.00000 
 0.36376  0.13748 
-100.00000 -100.00000 
-100.00000 -100.00000 
-100.00000 -100.00000 
-100.00000 -100.00000 
 0.00000  0.00000 
-100.00000 -0.00072 
 0.02847 -0.81412 
-100.00000 -0.00011 
-100.00000 -100.00000 
 0.04918  0.12735 
-100.00000 -0.12898 
-0.00000 -100.00000 
-100.00000 -100.00000 
 0.14070 -100.00000 
-100.00000 -100.00000 
-100.00000 -100.00000 
-100.00000  0.26323 
-100.00000 -100.00000 
