-100.00000 -100.00000 
 0.21029 -100.00000 
-0.23628 -0.21825 
-100.00000 -100.00000 
 0.15323  0.10928 
-0.01654 -0.14076 
-100.00000 -100.00000 
-100.00000 -100.00000 
-100.00000  0.00008 
 0.00000  0.00000 
-100.00000 -100.00000 
-100.00000  0.26335 
-100.00000  0.40841 
-100.00000 -100.00000 
-100.00000 -100.00000 
-0.28302  0.07321 
-100.00000 -100.00000 
 0.18001  0.08971 
-0.00713 -100.00000 
-100.00000 -100.00000 
 0.78129  0.07609 
-100.00000 -100.00000 
-100.00000 -100.00000 
 0.00000  0.00000 
 0.33362 -0.63752 
-100.00000 -100.00000 
-0.00698 -0.00195 
-0.14156  0.26310 
-100.00000 -100.00000 
-100.00000 -100.00000 
 0.53734  0.12377 
-100.00000 -100.00000 
-100.00000 -100.00000 
 0.31465 -0.13109 
-100.00000 -100.00000 
-100.00000 -100.00000 
-0.78200  0.40958 
-100.00000 -100.00000 
-100.00000 -100.00000 
-100.00000 -100.00000 
-100.00000 -100.00000 
-100.00000 -100.00000 
-100.00000 -100.00000 
-100.00000 -100.00000 
 0.24932 -0.09218 
 0.21597 -0.32240 
 0.87633  0.18686 
-100.00000 -100.00000 
-100.00000 -100.00000 
-100.00000 -100.00000 
-100.00000 -100.00000 
 0.26289  0.03869 
-0.21255 -100.00000 
 0.35191 -100.00000 
-100.00000 -100.00000 
-100.00000 -100.00000 
-0.00006 -0.00006 
-0.00002  0.26311 
 0.25636  0.02726 
-0.26499 -0.01032 
-100.00000 -100.00000 
 0.44353  0.31750 
-100.00000 -100.00000 
-100.00000 -100.00000 
-0.13036 -0.00003 
-100.00000 -100.00000 
-100.00000 -100.00000 
-0.14178 -100.00000 
-100.00000 -100.00000 
-100.00000 -100.00000 
-0.00009 -100.00000 
-0.66615  0.30330 
-100.00000 -100.00000 
-100.00000 -100.00000 
-0.00038  0.00002 
-100.00000 -100.00000 
-100.00000 -100.00000 
-100.00000 -100.00000 
 0.00009 -100.00000 
-100.00000 -100.00000 
-100.00000 -100.00000 
-100.00000 -100.00000 
-100.00000 -0.35787 
-0.47956  0.23283 
-0.64639 -0.11722 
-0.19925  0.42316 
-100.00000 -100.00000 
-0.00413  0.48531 
-0.97323  0.31216 
-0.23528 -0.00817 
 0.84774 -100.00000 
 0.53647 -100.00000 
-100.00000 -100.00000 
-0.13307 -0.11643 
 0.00000  0.00000 
-100.00000 -100.00000 
-100.00000 -100.00000 
-100.00000 -100.00000 
-0.19444 -100.00000 
 0.13547 -0.22015 
-100.00000  0.00007 
 0.03179 -100.00000 
-100.00000 -100.00000 
 0.09931  0.66564 
-100.00000 -100.00000 
-100.00000 -100.00000 
-0.16732  0.35176 
 0.00000  0.00000 
-100.00000 -100.00000 
-100.00000 -100.00000 
 0.02571 -0.14377 
-100.00000 -100.00000 
 0.13393  0.80695 
 1.41308  0.22850 
 0.00000  0.00000 
-100.00000 -100.00000 
-100.00000 -100.00000 
-100.00000 -100.00000 
-0.21237 -0.55460 
-100.00000 -100.00000 
-100.00000 -100.00000 
-100.00000 -100.00000 
-100.00000 -100.00000 
-0.25630 -0.00001 
-100.00000 -100.00000 
-100.00000 -0.32134 
-0.19044 -0.11035 
-0.87311 -0.12911 
-100.00000 -100.00000 
-100.00000 -100.00000 
-100.00000  0.00871 
-100.00000 -100.00000 
-100.00000 -100.00000 
-100.00000 -100.00000 
-100.00000 -100.00000 
 0.13732  0.25608 
-100.00000 -100.00000 
-0.33227  0.02166 
-0.45344 -100.00000 
-0.45322 -100.00000 
-100.00000 -100.00000 
 0.37861  0.03310 
 0.29541 -0.00066 
-100.00000 -100.00000 
-0.06717  0.37840 
-0.42932 -0.49658 
-100.00000 -100.00000 
-100.00000 -100.00000 
-100.00000 -100.00000 
-100.00000 -100.00000 
-100.00000 -100.00000 
-0.50183 -0.10993 
 0.21365  0.55339 
 0.30448 -0.47780 
 0.09344 -0.25749 
-100.00000 -100.00000 
-0.63508  0.40270 
 0.01927 -100.00000 
-100.00000 -100.00000 
-100.00000 -100.00000 
 0.00000  0.00000 
-100.00000 -100.00000 
-100.00000 -100.00000 
-100.00000 -100.00000 
-100.00000 -100.00000 
-100.00000 -100.00000 
-100.00000 -100.00000 
-100.00000  0.13763 
-100.00000 -100.00000 
 0.19603  0.67854 
 0.41428 -100.00000 
-0.10668  0.00811 
-0.67399 -1.00479 
 0.00000  0.00000 
 0.08217  0.67957 
 0.04208  0.38614 
 0.00021 -100.00000 
-100.00000  0.23746 
 0.13741 -0.12934 
 0.00941 -0.50586 
 0.00000  0.00000 
-0.77235 -0.08685 
 0.13754  0.26309 
-100.00000  0.54880 
 0.37869 -100.00000 
-100.00000 -0.00001 
-100.00000 -100.00000 
-0.49815 -0.50636 
-100.00000 -100.00000 
-100.00000 -100.00000 
-100.00000 -100.00000 
-100.00000 -100.00000 
-100.00000  0.18320 
-100.00000 -100.00000 
-100.00000 -100.00000 
-0.08527 -0.55461 
 0.27292 -0.44690 
-100.00000 -100.00000 
-0.03411  0.36358 
-100.00000 -100.00000 
-0.09424 -100.00000 
-0.19775 -0.02332 
-100.00000 -100.00000 
-100.00000 -100.00000 
-100.00000 -100.00000 
-0.22668 -100.00000 
-100.00000 -100.00000 
 0.00000  0.00000 
-100.00000 -100.00000 
-100.00000  0.04866 
 0.00002 -100.00000 
-0.23210  0.17030 
-100.00000 -0.11139 
 0.00000  0.00000 
-100.00000 -100.00000 
 0.28644  0.58662 
-100.00000 -100.00000 
-100.00000  0.00016 
 0.43362 -0.59412 
 0.14307  0.00046 
-0.07212 -0.37918 
 0.00000  0.00000 
 0.00744  0.65731 
 0.00030 -100.00000 
-100.00000 -100.00000 
-0.22632 -0.65440 
-0.30272 -0.26405 
-100.00000 -100.00000 
 0.46380  0.50080 
 0.36509 -0.39920 
-1.59850 -0.32961 
 0.17199 -0.51149 
-100.00000 -100.00000 
-100.00000 -100.00000 
 0.14832 -100.00000 
 0.01779 -100.00000 
-0.10174  0.30235 
-100.00000  0.47690 
-100.00000 -100.00000 
 0.36289  0.26323 
-100.00000 -100.00000 
-100.00000 -100.00000 
-100.00000 -100.00000 
-0.28792  0.28626 
 0.00000  0.00000 
 0.00000  0.00000 
-100.00000 -100.00000 
-100.00000 -0.00035 
-100.00000 -100.00000 
-100.00000 -100.00000 
-0.57016 -0.03735 
-100.00000 -100.00000 
-100.00000 -100.00000 
-100.00000 -0.09601 
-0.61549  1.11017 
-100.00000 -100.00000 
 0.75262  0.75534 
-100.00000  0.16466 
-100.00000 -100.00000 
-100.00000 -100.00000 
-100.00000 -100.00000 
-100.00000 -100.00000 
-100.00000  0.00006 
-0.22538 -0.21479 
-100.00000 -100.00000 
-100.00000 -100.00000 
-100.00000 -100.00000 
-100.00000 -100.00000 
 0.00000  0.00000 
-100.00000 -100.00000 
 0.00013 -0.03074 
-100.00000 -100.00000 
-100.00000 -100.00000 
 0.03702  0.37908 
-100.00000  0.00009 
-100.00000 -100.00000 
-0.03757  0.06623 
 0.69048 -0.01340 
 0.14755 -0.16962 
-100.00000 -100.00000 
-100.00000 -0.11151 
-100.00000 -100.00000 
-0.40790 -0.26571 
-100.00000 -100.00000 
 0.55834 -100.00000 
-100.00000 -0.00359 
-0.00018 -100.00000 
 0.44946 -0.46317 
-0.57163 -0.18677 
-100.00000 -100.00000 
-0.12502 -0.11017 
 0.74067 -0.00021 
-100.00000 -100.00000 
-100.00000 -100.00000 
-0.05769 -0.61925 
-100.00000 -100.00000 
-100.00000 -100.00000 
-100.00000 -100.00000 
 0.41572 -0.32188 
-100.00000 -100.00000 
-100.00000 -100.00000 
-100.00000 -100.00000 
-0.25904  0.76304 
-100.00000 -100.00000 
-100.00000 -100.00000 
-100.00000 -100.00000 
-100.00000 -100.00000 
 0.14394 -0.14160 
-100.00000 -100.00000 
-0.34113 -100.00000 
-100.00000 -100.00000 
 0.22902  0.03338 
-100.00000 -100.00000 
 0.45968  0.15347 
-100.00000  0.44138 
-100.00000 -100.00000 
-100.00000 -100.00000 
-100.00000 -100.00000 
 0.02199 -0.05649 
-100.00000 -100.00000 
-100.00000 -100.00000 
 0.00000  0.00000 
-100.00000 -100.00000 
-100.00000 -100.00000 
-100.00000 -100.00000 
-100.00000 -100.00000 
-100.00000 -100.00000 
-100.00000 -100.00000 
-100.00000 -100.00000 
-100.00000 -100.00000 
-100.00000 -100.00000 
-100.00000 -100.00000 
-100.00000 -100.00000 
-100.00000 -100.00000 
-100.00000 -100.00000 
 0.13389 -100.00000 
-100.00000 -100.00000 
-100.00000 -100.00000 
-100.00000 -100.00000 
-100.00000 -100.00000 
-100.00000 -100.00000 
 0.00000  0.00000 
-100.00000 -100.00000 
-100.00000 -100.00000 
-100.00000 -0.13581 
 0.24405 -100.00000 
-100.00000  0.00014 
-100.00000 -100.00000 
-100.00000 -100.00000 
-100.00000 -100.00000 
-100.00000 -100.00000 
 0.37865 -0.38836 
-100.00000 -100.00000 
-100.00000 -100.00000 
-100.00000 -100.00000 
-100.00000 -100.00000 
-100.00000 -100.00000 
 0.32580 -100.00000 
-100.00000 -100.00000 
-100.00000 -100.00000 
-100.00000  0.00000 
-0.10978  0.19623 
-100.00000 -100.00000 
-100.00000 -100.00000 
 0.00000  0.00000 
-100.00000 -100.00000 
 0.00000  0.00000 
-0.30566  0.02794 
 0.00802 -0.19956 
-100.00000 -100.00000 
 0.00394 -100.00000 
-100.00000 -100.00000 
 0.12770 -100.00000 
-100.00000 -100.00000 
-100.00000 -100.00000 
-100.00000 -100.00000 
 0.00000  0.00000 
-100.00000 -100.00000 
-100.00000 -100.00000 
-100.00000 -0.12618 
-0.87356  0.00027 
-100.00000 -100.00000 
-100.00000 -100.00000 
-100.00000 -100.00000 
-100.00000 -100.00000 
 0.48633 -100.00000 
-100.00000 -100.00000 
-0.00014 -100.00000 
-100.00000 -100.00000 
-100.00000 -100.00000 
-100.00000 -100.00000 
 0.13754 -0.00523 
-100.00000 -100.00000 
-100.00000 -100.00000 
-100.00000 -100.00000 
-100.00000 -100.00000 
 0.05369  0.15722 
-100.00000 -100.00000 
-100.00000 -100.00000 
-100.00000 -100.00000 
-100.00000 -100.00000 
-100.00000  0.26307 
-100.00000 -100.00000 
-100.00000 -100.00000 
-100.00000 -100.00000 
 0.72600  0.37998 
-100.00000 -100.00000 
-0.63439 -100.00000 
-100.00000 -100.00000 
-100.00000  0.38182 
-100.00000 -100.00000 
-100.00000 -0.10559 
 0.18175 -0.00378 
-0.20919 -100.00000 
-0.50550  0.13746 
-100.00000 -0.16818 
-100.00000 -100.00000 
-100.00000 -100.00000 
-100.00000 -100.00000 
-100.00000 -100.00000 
-100.00000 -100.00000 
-100.00000  0.13747 
-100.00000 -100.00000 
-0.10826  0.00003 
-100.00000 -100.00000 
-100.00000 -100.00000 
-100.00000 -100.00000 
-0.16450 -100.00000 
-100.00000  0.06266 
-100.00000 -100.00000 
-100.00000  0.00001 
-100.00000 -100.00000 
-100.00000 -0.00012 
-100.00000 -100.00000 
-100.00000 -100.00000 
-100.00000 -100.00000 
 0.00000  0.00000 
-100.00000 -0.31827 
-0.00006 -100.00000 
-100.00000 -100.00000 
-100.00000 -100.00000 
-100.00000 -100.00000 
-100.00000 -100.00000 
-100.00000 -100.00000 
-100.00000 -100.00000 
-100.00000 -100.00000 
-0.10856  0.00005 
-100.00000 -100.00000 
-100.00000 -100.00000 
-100.00000 -100.00000 
-100.00000 -100.00000 
 0.15457  0.19039 
-100.00000  0.08335 
 0.07463  0.29529 
-100.00000  0.10193 
-100.00000 -100.00000 
-0.25462 -100.00000 
-100.00000 -100.00000 
-100.00000 -100.00000 
-0.00005  0.13740 
-100.00000 -100.00000 
 0.00000  0.00000 
-100.00000 -100.00000 
-100.00000 -100.00000 
-100.00000 -100.00000 
-100.00000 -100.00000 
-100.00000 -100.00000 
-100.00000 -100.00000 
-100.00000 -100.00000 
-100.00000 -100.00000 
-0.25454  0.00007 
 0.02907 -100.00000 
-100.00000 -100.00000 
-0.24233 -0.38915 
-100.00000 -100.00000 
-100.00000 -0.00041 
 0.01534  0.25633 
-100.00000 -100.00000 
-100.00000 -100.00000 
 0.16701 -0.39498 
-0.33919  0.01535 
 0.13752 -100.00000 
-100.00000  0.13752 
 0.00000  0.00000 
-0.29882 -0.39494 
-100.00000 -100.00000 
 0.15750  0.15446 
-0.17341  0.25636 
-0.12194  0.13758 
-0.33935 -0.00002 
-0.06942 -0.12041 
-100.00000 -100.00000 
-100.00000 -100.00000 
-100.00000 -100.00000 
-100.00000 -100.00000 
-100.00000 -100.00000 
 0.13488  0.13588 
-100.00000 -100.00000 
-100.00000 -0.32419 
 0.00000  0.00000 
 0.42019 -0.79166 
 0.00000  0.00000 
-100.00000 -100.00000 
 0.01539 -100.00000 
 0.00000  0.00000 
 0.13750 -100.00000 
-0.23470 -0.12223 
-100.00000 -0.23476 
-100.00000 -100.00000 
 0.77936 -100.00000 
-100.00000 -100.00000 
-0.05816 -0.07570 
-100.00000 -100.00000 
-100.00000 -100.00000 
-0.23517 -0.00035 
-100.00000 -100.00000 
 0.23461 -0.08970 
-0.08950 -100.00000 
-100.00000 -100.00000 
 0.00007 -100.00000 
-100.00000 -100.00000 
-100.00000 -0.33696 
-100.00000 -100.00000 
 0.00030 -100.00000 
-100.00000 -100.00000 
-0.00025 -100.00000 
 0.00000  0.00000 
-100.00000 -100.00000 
-100.00000 -100.00000 
-100.00000 -100.00000 
-100.00000 -100.00000 
-100.00000 -0.00001 
 0.00000  0.00000 
-100.00000 -100.00000 
-100.00000 -100.00000 
-100.00000 -100.00000 
-100.00000 -100.00000 
-100.00000 -100.00000 
-100.00000 -100.00000 
-100.00000 -100.00000 
-100.00000 -100.00000 
-100.00000 -100.00000 
-0.12079 -100.00000 
-100.00000 -100.00000 
-100.00000 -0.23449 
-100.00000 -100.00000 
-100.00000 -100.00000 
-100.00000 -100.00000 
-100.00000 -100.00000 
-100.00000 -100.00000 
-0.05789 -0.09601 
 0.85106 -100.00000 
-100.00000 -100.00000 
-0.24978  0.31051 
 0.55638  0.04836 
-100.00000 -100.00000 
-100.00000 -100.00000 
 0.24580 -0.17396 
-100.00000 -100.00000 
-100.00000 -100.00000 
-0.29930  0.15911 
 0.37847  0.00003 
-100.00000 -100.00000 
 0.68940 -0.20749 
-100.00000 -100.00000 
