-100.00000 -100.00000 
 0.10809 -100.00000 
-0.38257 -0.51085 
-100.00000  0.00058 
-100.00000 -100.00000 
-100.00000 -100.00000 
 0.00013  0.23300 
-100.00000 -100.00000 
-100.00000 -100.00000 
-0.14148 -0.35192 
-100.00000 -100.00000 
-100.00000 -100.00000 
-100.00000 -100.00000 
 0.31416  0.36618 
-100.00000 -100.00000 
 0.00000  0.00000 
-100.00000 -100.00000 
 0.00000  0.00000 
-100.00000 -0.00000 
-100.00000 -100.00000 
-100.00000 -100.00000 
-100.00000 -100.00000 
 0.38896 -0.35232 
 0.13758 -100.00000 
-100.00000  0.00009 
-100.00000 -100.00000 
-0.34282 -0.38320 
 0.42766 -0.76693 
-100.00000 -100.00000 
-100.00000 -100.00000 
 0.00000  0.00000 
-100.00000 -100.00000 
 0.00005 -100.00000 
 0.00000  0.00000 
-100.00000 -100.00000 
-100.00000 -100.00000 
-100.00000 -100.00000 
-0.25139  0.52647 
-100.00000 -100.00000 
-0.18136 -0.78989 
-100.00000 -100.00000 
-100.00000 -100.00000 
-100.00000 -100.00000 
-100.00000 -100.00000 
-0.14125 -100.00000 
-100.00000 -100.00000 
-100.00000  0.00023 
 0.29756  1.10484 
-100.00000 -100.00000 
-100.00000 -100.00000 
 0.26314 -0.22380 
 0.00000  0.00000 
-100.00000 -0.21942 
-100.00000 -100.00000 
 0.36292 -0.19755 
-100.00000 -100.00000 
-100.00000 -100.00000 
-100.00000 -100.00000 
-100.00000 -100.00000 
-100.00000  0.26333 
-100.00000 -100.00000 
-100.00000 -0.42447 
-100.00000 -100.00000 
-100.00000 -100.00000 
 0.57405 -0.13662 
-100.00000 -100.00000 
-100.00000 -100.00000 
-1.19739 -0.98212 
-100.00000 -100.00000 
-0.57675  0.00018 
-100.00000  0.00026 
-100.00000 -100.00000 
 0.07515 -0.04808 
-100.00000 -100.00000 
-100.00000 -100.00000 
-100.00000 -100.00000 
-100.00000 -100.00000 
-100.00000 -0.00001 
-100.00000 -100.00000 
-100.00000 -100.00000 
 0.64928 -0.11774 
-100.00000 -100.00000 
-0.09344 -0.21019 
-100.00000 -100.00000 
 0.00000  0.00000 
-0.83627  1.14452 
-100.00000 -0.00003 
-0.14164 -100.00000 
 0.54233  0.53864 
 0.25853  0.13425 
-100.00000 -100.00000 
-0.28359  0.26341 
-100.00000 -100.00000 
-100.00000 -100.00000 
-0.14155  0.00003 
-100.00000 -100.00000 
-100.00000 -100.00000 
 0.03205 -0.27353 
-0.30745  0.13715 
-100.00000 -0.56356 
-0.00429  0.83009 
-100.00000  0.00035 
-0.00505  0.25055 
-0.06997  0.56702 
-100.00000 -100.00000 
-100.00000 -100.00000 
-100.00000 -100.00000 
 0.00010 -0.00566 
-100.00000 -100.00000 
-100.00000 -100.00000 
 0.00000  0.00000 
-100.00000 -100.00000 
-0.00014 -100.00000 
 0.00000  0.00000 
-100.00000 -0.25392 
-0.09817 -0.26186 
-0.31610  0.10506 
-100.00000 -100.00000 
-100.00000 -100.00000 
 0.13151 -0.01046 
-100.00000 -100.00000 
-100.00000 -100.00000 
-100.00000 -100.00000 
 0.25138  0.23530 
-100.00000 -100.00000 
 0.01023 -0.14329 
 0.37843  0.48571 
-100.00000 -100.00000 
-0.09512 -0.41658 
-100.00000 -100.00000 
-100.00000 -100.00000 
-0.31595 -0.01060 
-100.00000 -100.00000 
-100.00000 -100.00000 
-0.12748 -0.10078 
 0.55275  0.13563 
 0.52546  1.11820 
-100.00000 -0.71337 
-100.00000 -100.00000 
-100.00000 -100.00000 
-100.00000  0.00018 
 0.18833  0.69879 
-100.00000 -100.00000 
-100.00000 -100.00000 
-0.16465 -0.12197 
 0.11473 -0.05351 
-100.00000 -100.00000 
-100.00000 -100.00000 
-100.00000 -100.00000 
-100.00000 -100.00000 
-100.00000 -100.00000 
-100.00000 -100.00000 
 0.00080 -100.00000 
-0.02502  0.72719 
-0.21336  3.17052 
 0.00025 -0.60475 
-0.24429  0.58494 
-100.00000 -100.00000 
-100.00000  1.76575 
-100.00000 -100.00000 
-100.00000 -100.00000 
-100.00000 -100.00000 
 0.21321  0.39434 
-100.00000 -100.00000 
-100.00000 -100.00000 
-100.00000 -100.00000 
-100.00000 -100.00000 
-100.00000 -100.00000 
-100.00000 -100.00000 
-0.00025  0.00065 
-0.50258  0.27859 
 0.00000  0.00000 
-0.25096  0.36450 
-100.00000 -0.14304 
 0.39581  2.42340 
-100.00000 -100.00000 
-100.00000 -100.00000 
-100.00000 -100.00000 
-0.56502 -0.87435 
-100.00000 -0.00022 
-100.00000 -0.00578 
-100.00000  0.00024 
 0.07179  0.01623 
 0.05653 -0.03668 
-100.00000 -100.00000 
 0.41847  1.42341 
-100.00000 -100.00000 
 0.48154  0.49040 
 0.25125 -0.27354 
-100.00000 -100.00000 
-100.00000 -100.00000 
-100.00000 -100.00000 
-100.00000 -100.00000 
 0.46388  0.19152 
-100.00000 -100.00000 
-100.00000 -100.00000 
-0.00007  0.12678 
-100.00000 -100.00000 
-100.00000 -100.00000 
-100.00000 -100.00000 
-100.00000 -100.00000 
 0.00000  0.00000 
 0.35290 -0.65802 
-100.00000 -100.00000 
-0.00114 -100.00000 
 0.14664 -0.34636 
-100.00000 -100.00000 
-100.00000  0.26304 
 0.72770 -0.70023 
 0.17247  0.04230 
-0.43181 -100.00000 
-0.74024  0.62710 
 0.84779  0.21001 
-100.00000 -100.00000 
-100.00000 -100.00000 
-0.00005  0.00207 
-100.00000 -100.00000 
-100.00000 -100.00000 
 0.00015 -100.00000 
-0.02171 -0.46134 
 0.23006  0.49342 
-100.00000 -100.00000 
 0.11531  0.93005 
-100.00000 -100.00000 
-100.00000 -100.00000 
 0.00007  0.00027 
 0.00033  0.26341 
-100.00000 -100.00000 
 0.37284  0.64691 
-100.00000 -100.00000 
 0.37764 -0.18833 
-0.34215  0.08278 
-100.00000 -100.00000 
-100.00000 -100.00000 
-100.00000  0.13769 
 0.25494  0.00013 
 0.00036 -100.00000 
 0.00000  0.00000 
-100.00000 -100.00000 
-100.00000 -0.13232 
-100.00000 -100.00000 
-100.00000 -100.00000 
-100.00000 -100.00000 
-0.28118  0.27106 
-100.00000  0.00006 
 0.36899 -100.00000 
-100.00000 -100.00000 
-100.00000  0.26340 
-100.00000 -100.00000 
-100.00000 -100.00000 
-0.57016 -0.33955 
-100.00000  0.34950 
 0.01754 -0.34420 
 0.00000  0.00000 
-100.00000 -0.00033 
-100.00000 -100.00000 
-100.00000  0.00120 
-100.00000 -100.00000 
 0.58560  0.71922 
-100.00000 -100.00000 
-100.00000  0.00003 
 0.72242 -0.05513 
 0.67971 -0.50937 
-100.00000 -100.00000 
-100.00000 -100.00000 
-100.00000 -100.00000 
-100.00000 -100.00000 
-100.00000 -100.00000 
-100.00000 -100.00000 
-100.00000  0.26325 
-100.00000 -100.00000 
-100.00000 -100.00000 
-100.00000 -100.00000 
-0.25921  0.29485 
-100.00000 -100.00000 
-0.44839  0.48522 
-0.14449  0.00104 
 0.01756  0.27087 
-100.00000 -100.00000 
 0.59904 -0.04258 
-100.00000 -100.00000 
-100.00000 -100.00000 
-100.00000 -100.00000 
-100.00000 -100.00000 
 0.51382 -0.87949 
-100.00000 -100.00000 
 0.37834  1.43300 
-100.00000 -100.00000 
 0.01076 -1.42451 
-0.24557  0.92294 
-100.00000 -100.00000 
-0.00803 -0.09048 
-100.00000 -100.00000 
 0.00195 -0.00769 
-100.00000 -100.00000 
-100.00000 -100.00000 
-100.00000 -100.00000 
-100.00000 -100.00000 
-0.09129  0.12548 
-100.00000 -100.00000 
-0.53614 -0.25983 
-100.00000 -100.00000 
-0.67740  0.39109 
-100.00000 -100.00000 
 0.52220 -2.10269 
-100.00000 -100.00000 
-100.00000 -100.00000 
-100.00000 -100.00000 
-100.00000  0.00002 
 0.29725  0.21684 
-100.00000 -100.00000 
 0.19940 -0.34631 
-100.00000 -100.00000 
 0.18945 -0.50921 
-100.00000 -100.00000 
-100.00000 -100.00000 
-100.00000 -100.00000 
 0.44768  0.28790 
-100.00000 -100.00000 
-100.00000 -100.00000 
-100.00000 -100.00000 
 0.00011 -100.00000 
 0.11261 -0.31353 
-100.00000 -100.00000 
-100.00000 -100.00000 
-100.00000  0.11847 
-100.00000 -100.00000 
-100.00000 -100.00000 
-100.00000 -100.00000 
-100.00000 -100.00000 
-100.00000 -100.00000 
-100.00000 -100.00000 
-100.00000 -100.00000 
-100.00000  0.26296 
-100.00000 -100.00000 
 0.33719 -0.00112 
-100.00000 -0.14341 
-100.00000 -100.00000 
-100.00000 -100.00000 
-100.00000 -100.00000 
-100.00000 -100.00000 
-100.00000 -100.00000 
-100.00000 -100.00000 
-0.12705 -0.28835 
-100.00000 -100.00000 
-100.00000 -100.00000 
-100.00000 -100.00000 
 0.12806 -0.00749 
-100.00000 -100.00000 
 0.18945 -1.11040 
 0.72549 -0.36821 
-100.00000 -100.00000 
-100.00000 -100.00000 
 0.23257 -0.04702 
-100.00000 -100.00000 
-100.00000 -100.00000 
-100.00000 -100.00000 
-100.00000 -0.70873 
-100.00000 -100.00000 
-100.00000 -100.00000 
-100.00000 -100.00000 
 0.00000  0.00000 
-100.00000 -100.00000 
-100.00000 -100.00000 
-100.00000  0.00002 
-0.18732  0.52241 
-100.00000 -100.00000 
 0.00010 -100.00000 
-100.00000  0.00044 
-100.00000  0.37910 
-0.51007 -0.17758 
 0.62702  0.46358 
-0.13534 -100.00000 
-100.00000 -100.00000 
-0.25908  0.48542 
 0.08419 -0.01620 
 0.12775 -100.00000 
-100.00000 -100.00000 
-100.00000 -100.00000 
 0.00000  0.00000 
-100.00000 -100.00000 
-100.00000 -0.00005 
-100.00000 -100.00000 
-100.00000 -100.00000 
-100.00000 -100.00000 
 0.53452  1.01518 
-0.10829  0.48550 
-100.00000 -100.00000 
-0.39460  0.12563 
-100.00000 -100.00000 
-100.00000 -100.00000 
-100.00000 -100.00000 
-0.04422 -0.14617 
-100.00000 -100.00000 
-100.00000 -100.00000 
-0.38737 -0.25970 
-100.00000 -100.00000 
-0.00010 -100.00000 
-100.00000 -100.00000 
-0.36560  0.58499 
-100.00000 -100.00000 
-100.00000 -100.00000 
 0.44025 -0.07643 
-100.00000 -100.00000 
-100.00000 -100.00000 
-100.00000 -100.00000 
-100.00000 -100.00000 
 0.28969  0.42470 
-100.00000 -100.00000 
 0.26200  0.46535 
-100.00000 -100.00000 
 0.05329  0.50982 
-100.00000 -100.00000 
 0.83065  0.26346 
-0.08563  0.37787 
-100.00000 -100.00000 
-100.00000 -0.12063 
-100.00000 -100.00000 
-100.00000 -100.00000 
-100.00000 -100.00000 
 0.29563 -0.38613 
 0.37267 -0.77444 
-100.00000 -100.00000 
-0.28103  0.37919 
-100.00000 -100.00000 
-100.00000 -100.00000 
-100.00000 -100.00000 
 0.00000  0.00000 
 0.00000  0.00000 
-100.00000 -100.00000 
-100.00000 -100.00000 
-100.00000 -100.00000 
 0.00000  0.00000 
-100.00000 -100.00000 
-100.00000 -100.00000 
-100.00000 -100.00000 
-100.00000 -100.00000 
 0.57464  0.22679 
-100.00000 -100.00000 
 0.48549  0.12056 
-100.00000 -100.00000 
-100.00000 -100.00000 
-100.00000 -0.25794 
-100.00000 -100.00000 
-100.00000 -100.00000 
 0.02926 -0.00003 
-0.33831  0.93564 
 0.28152  0.22722 
-100.00000 -100.00000 
-100.00000 -100.00000 
-100.00000 -100.00000 
 0.00000  0.00000 
-100.00000 -100.00000 
-100.00000 -100.00000 
 0.00000  0.00000 
-0.39090 -1.18521 
 0.19284  0.56240 
-100.00000 -100.00000 
-100.00000 -100.00000 
-0.14466 -0.23518 
-100.00000 -100.00000 
-100.00000 -100.00000 
-0.32163  0.42478 
-100.00000 -100.00000 
-100.00000 -100.00000 
-100.00000 -100.00000 
-100.00000  0.00021 
-100.00000 -100.00000 
-100.00000 -100.00000 
-100.00000  0.24341 
 0.49501 -0.30916 
 0.02335 -0.36914 
-0.04046  0.13748 
-100.00000 -100.00000 
 0.09371 -0.21397 
-100.00000 -0.00068 
-100.00000 -100.00000 
-0.59971 -0.63566 
-100.00000 -100.00000 
-100.00000  0.00004 
-100.00000 -100.00000 
 0.32913  1.13406 
-100.00000 -100.00000 
 0.13764  0.00004 
-100.00000 -100.00000 
 0.13764 -100.00000 
-100.00000 -100.00000 
 0.00000  0.00000 
 0.28470 -0.04790 
-0.29918  0.32237 
-100.00000 -100.00000 
-100.00000 -100.00000 
 0.10474 -0.36572 
-100.00000  0.00012 
-100.00000 -100.00000 
-100.00000 -100.00000 
-0.55222 -0.25515 
-100.00000  0.00009 
-100.00000  0.23802 
-100.00000 -0.35643 
 0.00000  0.00000 
-100.00000 -100.00000 
-100.00000 -100.00000 
-100.00000  0.00006 
-0.23475  0.02232 
-100.00000 -100.00000 
-0.51752  0.91782 
 0.24156  0.12933 
-100.00000 -100.00000 
 0.14408 -100.00000 
-100.00000 -100.00000 
-0.28803  0.58530 
-0.38586 -100.00000 
 0.90504 -0.39420 
-0.02889 -0.06741 
-100.00000 -100.00000 
 0.00000  0.00000 
-100.00000 -100.00000 
-100.00000 -100.00000 
-0.17327 -0.00020 
-100.00000 -100.00000 
 0.04198  0.78243 
-100.00000  0.25019 
 0.26333  0.00034 
-0.12510 -100.00000 
-100.00000 -100.00000 
-0.18754 -0.00000 
-0.00004 -100.00000 
-100.00000 -100.00000 
-100.00000 -100.00000 
-100.00000 -100.00000 
-100.00000 -100.00000 
 0.26282  0.02506 
-100.00000 -100.00000 
-100.00000 -100.00000 
-100.00000 -100.00000 
-100.00000 -100.00000 
-100.00000 -100.00000 
-100.00000 -100.00000 
-100.00000 -100.00000 
-100.00000 -100.00000 
-100.00000 -100.00000 
-100.00000 -100.00000 
-0.23396 -0.12852 
-100.00000 -100.00000 
-100.00000 -100.00000 
-100.00000 -100.00000 
-100.00000 -100.00000 
-100.00000 -100.00000 
-100.00000 -100.00000 
-100.00000 -100.00000 
-100.00000 -0.00008 
-100.00000 -100.00000 
-100.00000 -100.00000 
-100.00000 -0.31931 
-0.65548  0.11561 
-100.00000 -100.00000 
-100.00000 -100.00000 
-100.00000 -100.00000 
-100.00000 -100.00000 
-100.00000 -100.00000 
-0.12216 -1.31880 
-100.00000 -100.00000 
-0.20144 -100.00000 
-100.00000 -100.00000 
