 0.08589 -0.27967 
 0.00000  0.00000 
-0.14018  0.26298 
 0.00000  0.00000 
-100.00000 -100.00000 
-100.00000 -100.00000 
 0.00029 -100.00000 
-100.00000 -100.00000 
-100.00000 -100.00000 
 0.00020 -100.00000 
-100.00000 -100.00000 
-100.00000 -100.00000 
-100.00000 -100.00000 
-100.00000 -100.00000 
-0.00001 -0.12467 
-100.00000 -100.00000 
-100.00000 -100.00000 
-100.00000 -100.00000 
-0.42073 -100.00000 
-0.27835 -100.00000 
-100.00000 -100.00000 
-100.00000 -0.13177 
-100.00000 -100.00000 
-100.00000 -100.00000 
-100.00000 -100.00000 
-100.00000 -100.00000 
 0.13751  0.09329 
-0.13283 -0.11494 
-100.00000 -100.00000 
-100.00000  0.00003 
-100.00000 -100.00000 
-100.00000 -100.00000 
-100.00000 -100.00000 
-100.00000 -100.00000 
-0.26201  0.23760 
 0.33946  0.12250 
-100.00000 -100.00000 
-0.35195 -0.58226 
 0.00000  0.00000 
-0.66524  0.07462 
-100.00000 -100.00000 
-100.00000  0.00004 
-100.00000 -100.00000 
-0.14052 -0.37730 
-100.00000 -100.00000 
-100.00000 -100.00000 
 0.13773 -0.12243 
 0.08763 -0.44010 
-100.00000 -100.00000 
-100.00000 -100.00000 
 0.37123  0.16321 
 0.48548 -0.00021 
 0.26381 -0.33524 
-100.00000 -100.00000 
 0.48543 -0.28954 
 0.37855 -100.00000 
 0.00000  0.00000 
-100.00000 -100.00000 
-100.00000 -100.00000 
 0.00000  0.00000 
-100.00000 -100.00000 
 0.00000  0.00000 
-100.00000 -100.00000 
-0.31274 -0.53367 
 0.26258 -100.00000 
-100.00000 -100.00000 
-100.00000 -100.00000 
-0.11959  0.17003 
-100.00000 -100.00000 
 0.26322 -0.48371 
 0.00000  0.00000 
-100.00000 -100.00000 
 0.08607 -0.12346 
-100.00000 -100.00000 
-100.00000 -100.00000 
-100.00000 -100.00000 
-100.00000 -100.00000 
-100.00000 -100.00000 
-100.00000 -100.00000 
-100.00000 -100.00000 
-0.83139 -0.51622 
-100.00000 -100.00000 
 0.10207 -0.01736 
-100.00000 -100.00000 
-100.00000 -100.00000 
-100.00000 -100.00000 
-100.00000 -100.00000 
-100.00000 -100.00000 
 0.58597 -100.00000 
 0.76012  0.23781 
 0.32313  0.61205 
-100.00000 -100.00000 
-100.00000 -100.00000 
-100.00000 -100.00000 
-100.00000 -100.00000 
-100.00000 -100.00000 
-100.00000 -100.00000 
-1.04543  0.27495 
 0.40426 -1.21637 
 0.00011  0.25467 
-0.37169 -0.55627 
-100.00000 -100.00000 
 0.62231  0.49814 
-1.04234  0.12144 
-100.00000 -100.00000 
 0.00001 -100.00000 
-100.00000 -100.00000 
-100.00000 -100.00000 
-100.00000 -100.00000 
-100.00000 -100.00000 
-100.00000 -100.00000 
-100.00000 -100.00000 
 0.53533 -0.29098 
-100.00000 -100.00000 
-100.00000 -100.00000 
-0.02310  0.18856 
-0.43512 -0.16482 
-100.00000 -100.00000 
-0.75161 -0.00209 
 0.27916 -0.39678 
 0.37869  0.12524 
-100.00000 -100.00000 
 0.00006 -0.35834 
-100.00000 -100.00000 
-100.00000 -100.00000 
-1.00975  0.01529 
 0.00028 -100.00000 
-100.00000 -100.00000 
-0.37613 -0.18307 
 0.02311  0.00379 
-100.00000 -100.00000 
-0.48904  0.05192 
-100.00000  0.23794 
-100.00000 -100.00000 
-100.00000 -100.00000 
 0.00000  0.00000 
 1.09263 -0.47258 
 1.20203 -100.00000 
-100.00000 -100.00000 
-100.00000 -100.00000 
 0.37869  0.00030 
-0.11985  0.12226 
-100.00000 -100.00000 
-0.11632 -0.15562 
-0.00023 -100.00000 
 0.15013  0.43797 
-100.00000 -100.00000 
 0.13763 -100.00000 
-0.35405 -100.00000 
 0.24065 -100.00000 
-100.00000 -100.00000 
-100.00000 -100.00000 
-0.25261  0.52534 
 1.99442 -100.00000 
-0.40978 -0.03792 
 0.02391 -100.00000 
 0.00000  0.00000 
 0.00525 -100.00000 
-100.00000 -100.00000 
-100.00000 -100.00000 
-100.00000 -100.00000 
-0.01656  0.00821 
-0.00564  0.45635 
-100.00000 -100.00000 
-100.00000 -100.00000 
-100.00000 -100.00000 
-100.00000 -100.00000 
 0.12445 -0.94704 
 0.00000  0.00000 
 0.00000  0.00000 
-100.00000 -100.00000 
 0.00003 -100.00000 
-100.00000 -100.00000 
-100.00000 -100.00000 
 1.38063 -100.00000 
 0.00000  0.00000 
-100.00000 -100.00000 
-100.00000 -100.00000 
-1.56255  0.03999 
 0.11959 -100.00000 
-100.00000 -100.00000 
 0.00024  1.00874 
 0.19207 -0.35004 
-0.46877  0.37132 
 0.00000  0.00000 
-100.00000 -100.00000 
 0.00000  0.00000 
-0.79224  0.22350 
-100.00000 -100.00000 
-100.00000 -100.00000 
-100.00000 -100.00000 
-100.00000 -100.00000 
-100.00000 -100.00000 
-100.00000 -100.00000 
-100.00000 -100.00000 
-100.00000 -100.00000 
-100.00000 -100.00000 
-100.00000 -100.00000 
-100.00000 -100.00000 
-100.00000 -100.00000 
 0.44862 -100.00000 
-100.00000 -100.00000 
 0.61500 -0.02032 
-0.23851  0.15149 
-0.26072 -100.00000 
-100.00000 -100.00000 
-100.00000 -100.00000 
-100.00000 -100.00000 
 0.39430 -100.00000 
-1.05682  0.28045 
-100.00000 -100.00000 
-0.21522  0.82035 
-0.48128  0.53673 
-0.00201  0.00004 
-100.00000 -100.00000 
 0.00207 -100.00000 
-100.00000 -100.00000 
-100.00000 -100.00000 
 0.00624 -0.71511 
-0.07293 -0.09193 
-0.08279  0.11191 
-100.00000 -100.00000 
-0.21970 -0.42859 
 0.22645  0.13123 
-0.46232 -0.28264 
-100.00000 -100.00000 
-0.18606 -0.15753 
-100.00000 -100.00000 
-0.29471  0.09516 
-0.34502 -100.00000 
 0.00037 -100.00000 
-1.21387  0.38015 
-0.39299  0.04589 
 0.84586 -0.44587 
 0.00000  0.00000 
 0.26316 -0.25608 
-0.04181  0.41335 
-100.00000 -100.00000 
 0.39215 -0.37506 
-100.00000  0.00057 
-100.00000 -100.00000 
-0.00606 -0.21509 
-100.00000 -100.00000 
 0.11376  0.33991 
-100.00000 -100.00000 
-100.00000 -100.00000 
-100.00000 -100.00000 
-100.00000 -100.00000 
-100.00000 -100.00000 
-100.00000 -100.00000 
-0.75668 -0.13721 
-100.00000 -100.00000 
-100.00000 -100.00000 
 0.00030 -100.00000 
-0.23850  0.15330 
 0.00300 -0.21440 
 0.48663 -0.13818 
-100.00000 -100.00000 
 0.26831 -0.00107 
-100.00000 -100.00000 
-100.00000 -100.00000 
-100.00000 -100.00000 
-0.00003  0.26730 
-100.00000 -100.00000 
-0.26126 -0.11155 
-100.00000 -100.00000 
-100.00000 -100.00000 
-0.00013 -100.00000 
-100.00000 -100.00000 
-100.00000 -100.00000 
-100.00000 -100.00000 
 0.12644 -100.00000 
-100.00000 -100.00000 
 0.81198  0.46347 
-0.31397  0.22372 
 0.13730  0.00031 
 1.07050  0.34583 
-2.29679  0.48410 
-100.00000 -100.00000 
-100.00000 -100.00000 
-100.00000 -100.00000 
-100.00000 -100.00000 
 0.00017  0.02682 
-100.00000 -100.00000 
-0.37975 -0.05089 
-0.00000 -0.59860 
-0.25587  0.00007 
 0.25691 -0.43900 
-0.00717 -100.00000 
-0.58969 -0.15780 
-100.00000 -100.00000 
-0.82746 -0.01384 
-0.14486 -0.64688 
 0.00000  0.00000 
-100.00000 -100.00000 
-0.12712 -0.36150 
 0.11789 -0.19783 
-100.00000 -100.00000 
-2.09014 -0.22088 
-100.00000 -100.00000 
-100.00000 -100.00000 
 0.23361 -100.00000 
 0.34049  0.37523 
-100.00000 -100.00000 
-0.89971 -0.00879 
 0.48548  0.98723 
-100.00000 -100.00000 
-100.00000 -100.00000 
-0.01378 -0.27080 
 0.23343  0.21439 
-0.14488 -0.00430 
-100.00000 -100.00000 
 0.42914  1.00009 
-0.27699 -100.00000 
 0.40216  0.28900 
 0.67812  0.26316 
-100.00000 -100.00000 
 0.17442 -0.02753 
-100.00000 -100.00000 
-100.00000 -100.00000 
 0.00000  0.00000 
-100.00000 -100.00000 
-100.00000 -100.00000 
 0.16439  0.17181 
-100.00000 -100.00000 
-100.00000  0.00218 
 0.00000  0.00000 
-100.00000 -100.00000 
-0.09258 -0.15830 
-100.00000 -100.00000 
-100.00000 -100.00000 
 0.11917 -0.23756 
-100.00000 -100.00000 
-0.14473  0.00007 
-0.74992  0.65300 
-0.26366 -100.00000 
-0.49273 -0.45364 
-100.00000 -100.00000 
 0.76552 -0.21840 
 0.07072  0.07681 
-0.12050 -100.00000 
-100.00000 -100.00000 
 0.55187 -0.30836 
-100.00000 -100.00000 
-100.00000 -100.00000 
-100.00000 -100.00000 
-0.00007  0.00014 
-100.00000 -100.00000 
-100.00000 -100.00000 
-100.00000 -100.00000 
-100.00000 -100.00000 
-100.00000 -100.00000 
-100.00000 -100.00000 
-0.43462 -0.08093 
-100.00000 -100.00000 
-100.00000 -100.00000 
-100.00000 -100.00000 
-100.00000 -100.00000 
-100.00000 -100.00000 
 0.13762 -0.13286 
-0.23598  0.00819 
-100.00000 -100.00000 
-100.00000 -100.00000 
-100.00000 -100.00000 
-100.00000 -100.00000 
-100.00000 -100.00000 
-100.00000 -100.00000 
-100.00000 -100.00000 
-100.00000 -100.00000 
 0.70350 -0.20031 
-0.27689 -0.00786 
 0.49264  0.16727 
 0.20874  0.40719 
-100.00000 -100.00000 
-100.00000 -100.00000 
-100.00000 -100.00000 
-100.00000 -100.00000 
-100.00000 -100.00000 
-100.00000 -100.00000 
-100.00000 -100.00000 
-0.39253  1.17117 
 0.00000  0.00000 
 0.00003 -100.00000 
-0.00005 -100.00000 
-0.12082 -0.05680 
-0.68199 -0.33710 
-100.00000 -100.00000 
-100.00000 -100.00000 
 0.01149 -0.20147 
 1.26054 -0.41271 
-100.00000 -100.00000 
 0.22722 -0.03398 
-0.12061 -0.08421 
 0.00000  0.00000 
-100.00000 -100.00000 
-0.40453  0.03149 
-100.00000 -100.00000 
-100.00000 -100.00000 
-100.00000 -100.00000 
 0.15720 -0.70381 
 0.00000  0.00000 
-0.09827  0.47932 
-0.16864 -0.16802 
-0.91715 -100.00000 
 0.37812  0.28860 
-100.00000 -100.00000 
-1.04129  0.08148 
-100.00000 -0.00015 
-100.00000 -100.00000 
-0.37225 -100.00000 
 0.00000  0.00000 
 0.47279 -0.09640 
-100.00000 -100.00000 
-1.23400 -0.42169 
-0.09841  0.02059 
-0.00048 -100.00000 
 0.30263 -0.16363 
 0.00000  0.00000 
 0.05904  0.01940 
-100.00000 -0.10552 
-0.35162  0.06136 
-0.10873 -100.00000 
-100.00000 -100.00000 
-100.00000  0.15909 
 0.00000  0.00000 
 0.00000  0.00000 
 0.01195 -0.58134 
-0.36873 -0.29184 
-100.00000 -100.00000 
-100.00000 -100.00000 
-100.00000 -100.00000 
 0.00011 -100.00000 
-100.00000 -100.00000 
-100.00000 -100.00000 
-100.00000 -100.00000 
 0.24570 -100.00000 
-100.00000 -100.00000 
 0.47704 -0.53189 
-100.00000 -100.00000 
 0.13767  0.00185 
-100.00000 -100.00000 
-100.00000 -100.00000 
-100.00000 -100.00000 
-100.00000 -100.00000 
-100.00000 -100.00000 
 0.17249 -0.19664 
-0.06947 -0.27974 
 0.46105 -0.24244 
 0.43560 -0.02020 
-100.00000 -100.00000 
-100.00000 -100.00000 
-100.00000 -100.00000 
-100.00000 -100.00000 
-100.00000 -100.00000 
-100.00000 -100.00000 
-0.00004 -100.00000 
-0.08968  0.28915 
-100.00000 -100.00000 
 0.00000  0.00000 
-2.33072 -0.66202 
-100.00000 -100.00000 
-100.00000 -100.00000 
-0.14664 -0.05890 
 0.00000  0.00000 
-100.00000 -100.00000 
 0.00000  0.00000 
-100.00000 -0.10550 
-0.08924  0.12019 
-100.00000 -100.00000 
 0.00000  0.00000 
 0.12056  0.03190 
 0.00650 -0.03329 
-100.00000 -100.00000 
 0.00000  0.00000 
 0.70109 -0.38950 
-0.66801 -0.00041 
-100.00000 -100.00000 
-0.36263 -0.34191 
-0.00011 -100.00000 
-100.00000 -100.00000 
-100.00000 -100.00000 
-0.19880 -0.24730 
-100.00000 -100.00000 
-100.00000 -100.00000 
-100.00000 -100.00000 
 0.00000  0.00000 
-100.00000 -100.00000 
-100.00000 -100.00000 
-0.66834 -100.00000 
-0.18445 -0.53142 
-100.00000 -100.00000 
 0.64428 -0.38672 
-0.31687 -0.41218 
 0.00012 -100.00000 
-100.00000 -100.00000 
 1.35214  0.04537 
-0.06310  0.06177 
-100.00000 -100.00000 
-100.00000 -0.65713 
-100.00000 -100.00000 
 0.31507 -0.69957 
-100.00000 -100.00000 
 1.67891 -100.00000 
 0.00000  0.00000 
-100.00000 -100.00000 
-100.00000 -0.39235 
-0.17124  0.06760 
 0.06436 -0.75842 
-100.00000 -100.00000 
 0.00000  0.00000 
-100.00000 -100.00000 
 0.49207 -0.48356 
 0.74385 -0.69569 
-0.55868  0.11983 
 0.00000  0.00000 
-100.00000  0.13756 
 0.79798  0.23238 
 0.26453  0.76660 
-100.00000 -100.00000 
 0.00000  0.00000 
-100.00000 -100.00000 
 1.01476 -0.01780 
-0.45600 -0.42433 
-0.56344 -0.03508 
-100.00000 -100.00000 
-0.12162  0.13761 
-100.00000 -100.00000 
-0.02571 -0.52629 
-0.20358  0.00001 
-100.00000 -100.00000 
-100.00000 -100.00000 
-100.00000 -100.00000 
-100.00000 -100.00000 
-100.00000 -100.00000 
-100.00000 -100.00000 
-100.00000 -100.00000 
-100.00000 -100.00000 
-100.00000 -100.00000 
-100.00000 -100.00000 
-100.00000 -100.00000 
-100.00000 -100.00000 
-100.00000 -100.00000 
-100.00000 -100.00000 
-100.00000 -100.00000 
-100.00000 -100.00000 
-100.00000 -100.00000 
-100.00000 -100.00000 
-100.00000 -100.00000 
-100.00000 -100.00000 
-100.00000 -100.00000 
-100.00000 -100.00000 
-100.00000 -100.00000 
-0.35708 -100.00000 
-100.00000 -100.00000 
-100.00000 -0.04295 
-0.78439 -0.50923 
-100.00000 -100.00000 
-100.00000 -100.00000 
-100.00000 -100.00000 
 0.01573 -0.20188 
-100.00000 -100.00000 
 0.27894  0.03362 
 0.13771  0.14344 
-100.00000 -100.00000 
-100.00000 -100.00000 
