-100.00000 -100.00000 
 0.49414  0.49152 
-0.00013 -0.00006 
-0.15214  0.20171 
-100.00000 -0.14075 
 0.10818 -0.45925 
-100.00000 -100.00000 
-0.00421  0.35217 
-100.00000 -100.00000 
-100.00000 -100.00000 
-100.00000  0.00027 
-100.00000 -100.00000 
-100.00000 -100.00000 
-100.00000 -100.00000 
 0.00021 -100.00000 
-100.00000 -100.00000 
-100.00000 -100.00000 
-100.00000 -100.00000 
 0.23201 -100.00000 
-100.00000 -100.00000 
-100.00000 -100.00000 
-100.00000 -100.00000 
-100.00000 -100.00000 
-100.00000 -100.00000 
-0.57709  0.89305 
-100.00000 -100.00000 
-100.00000 -100.00000 
-100.00000 -100.00000 
-100.00000 -100.00000 
-100.00000 -100.00000 
-100.00000 -0.26617 
-100.00000 -100.00000 
-100.00000 -100.00000 
-100.00000 -100.00000 
-100.00000 -100.00000 
-100.00000 -100.00000 
 0.31454 -0.00545 
-100.00000 -0.27270 
-100.00000  0.00010 
-100.00000 -100.00000 
-100.00000 -100.00000 
-100.00000 -100.00000 
-100.00000 -100.00000 
-100.00000 -100.00000 
-0.00687  0.20705 
-100.00000 -100.00000 
 0.00014 -100.00000 
-100.00000 -100.00000 
-0.24927  0.24245 
-100.00000 -100.00000 
 0.00010 -100.00000 
-100.00000 -0.11663 
-100.00000 -0.02402 
 0.12952  0.02118 
-100.00000 -100.00000 
-100.00000 -100.00000 
-100.00000 -0.00006 
-0.12452 -100.00000 
-100.00000 -100.00000 
-100.00000 -0.19887 
-100.00000 -100.00000 
-0.38826 -0.12996 
-0.00002 -100.00000 
-100.00000 -100.00000 
 0.53796 -100.00000 
 0.21660  0.11679 
-0.00371 -100.00000 
 0.00000  0.00000 
-100.00000 -100.00000 
-0.18970 -0.00296 
-100.00000 -100.00000 
-100.00000 -100.00000 
 0.30568 -0.00021 
-100.00000 -100.00000 
-0.38664 -100.00000 
-100.00000 -100.00000 
-100.00000 -100.00000 
-100.00000 -100.00000 
-100.00000 -100.00000 
-100.00000 -100.00000 
-100.00000 -100.00000 
 0.10815  0.10914 
-0.25124 -0.00581 
-100.00000 -100.00000 
-100.00000 -100.00000 
-0.00449 -100.00000 
-0.25125  0.31573 
 0.13744 -0.25285 
-0.25702 -0.22587 
-0.31641 -0.34144 
-0.36096  0.02313 
-0.41269 -100.00000 
-100.00000 -100.00000 
-100.00000 -100.00000 
-100.00000 -100.00000 
-100.00000 -100.00000 
-100.00000 -100.00000 
-100.00000 -100.00000 
-0.31591 -100.00000 
-1.19929  0.27191 
-0.24352 -100.00000 
-0.07619 -100.00000 
-0.81449  0.00004 
 0.68147 -0.92946 
-100.00000 -100.00000 
-0.35246 -100.00000 
-100.00000 -100.00000 
 0.00010 -100.00000 
-0.31568  0.03493 
-100.00000 -100.00000 
-100.00000  0.71243 
-100.00000 -100.00000 
 0.54180 -100.00000 
 0.00000 -100.00000 
 0.00003 -100.00000 
-0.12744 -100.00000 
-100.00000 -100.00000 
 0.13421  0.43015 
-100.00000 -100.00000 
-100.00000 -100.00000 
 0.00000  0.00000 
-100.00000 -100.00000 
 0.00029 -100.00000 
-100.00000  0.35897 
-100.00000 -100.00000 
-100.00000 -0.56434 
-100.00000  0.24637 
-100.00000 -100.00000 
-100.00000 -100.00000 
-100.00000 -100.00000 
-100.00000 -100.00000 
-100.00000 -100.00000 
-100.00000 -100.00000 
-100.00000 -100.00000 
-100.00000 -100.00000 
 0.24757  0.92028 
-0.12776 -100.00000 
 0.12877 -100.00000 
-100.00000 -0.37778 
-100.00000 -100.00000 
-100.00000  0.00030 
-100.00000 -100.00000 
-0.21314 -0.63474 
-100.00000 -100.00000 
-100.00000  0.03417 
 0.70649  0.68678 
-100.00000 -100.00000 
-100.00000 -100.00000 
-100.00000 -100.00000 
-0.05762 -1.20534 
-100.00000 -100.00000 
-100.00000 -100.00000 
 0.83654  0.15996 
-0.05272 -0.49885 
-0.60829 -0.17141 
-100.00000 -0.08274 
-0.04015  0.64560 
-100.00000 -100.00000 
 0.13350  0.04897 
-100.00000 -100.00000 
-100.00000 -100.00000 
-100.00000 -100.00000 
-100.00000 -100.00000 
-100.00000 -100.00000 
-100.00000 -100.00000 
-100.00000 -100.00000 
-0.24370 -0.12758 
-100.00000 -100.00000 
-0.93009 -0.52513 
 0.06400 -0.58314 
 0.03272 -0.10034 
-100.00000 -100.00000 
-0.41068 -0.34868 
-100.00000 -100.00000 
 0.04946 -0.69219 
-0.04119  0.27208 
-100.00000  0.13798 
-100.00000 -0.11040 
 0.12878 -100.00000 
-0.32378 -100.00000 
-100.00000 -100.00000 
-0.45103  0.62476 
-100.00000 -100.00000 
 0.13402  0.26309 
-100.00000 -0.24757 
-0.07487 -0.19602 
-100.00000 -100.00000 
 0.30439 -0.50636 
-100.00000 -100.00000 
-100.00000 -100.00000 
-100.00000 -100.00000 
-0.23204 -100.00000 
-100.00000 -100.00000 
-100.00000 -100.00000 
-100.00000 -100.00000 
 0.13750 -0.34908 
 0.04310  0.26293 
 0.40421 -0.18810 
-100.00000 -100.00000 
-100.00000 -100.00000 
 0.25811 -100.00000 
-100.00000 -100.00000 
 0.00002 -100.00000 
 0.00000  0.00000 
 0.00000  0.00000 
-100.00000  0.00046 
-100.00000 -100.00000 
-100.00000 -100.00000 
 0.00031  0.60949 
-0.38459  0.84841 
-100.00000 -100.00000 
-100.00000  0.27386 
-0.00021 -100.00000 
-100.00000 -100.00000 
-100.00000 -100.00000 
 0.72723 -100.00000 
-100.00000 -100.00000 
-0.11976  0.53801 
-100.00000 -100.00000 
-0.09383  0.05196 
-0.03652 -100.00000 
-100.00000 -100.00000 
 0.05392  0.81571 
 0.00237 -0.13770 
 0.14664  0.16354 
-100.00000 -100.00000 
 0.14693 -100.00000 
 0.09279  0.02684 
-0.32857 -0.07223 
-0.96881 -0.10539 
 0.00769  0.14565 
 0.51952  0.12743 
-100.00000 -100.00000 
-100.00000 -100.00000 
 0.08163  0.18445 
-0.48340 -0.19155 
 0.00583 -0.10475 
-100.00000 -100.00000 
 0.00000  0.00000 
-0.21781 -0.54462 
-100.00000 -100.00000 
-100.00000 -100.00000 
-100.00000 -100.00000 
-0.10280 -100.00000 
-100.00000 -100.00000 
-100.00000 -100.00000 
-100.00000 -100.00000 
-100.00000 -100.00000 
-100.00000 -100.00000 
 0.14263  0.02711 
 0.30371 -0.29767 
-0.11892 -100.00000 
-100.00000 -0.21482 
-0.24759 -0.30297 
-0.28953  0.13756 
-100.00000 -100.00000 
 0.62962 -0.08378 
-100.00000 -100.00000 
-100.00000  0.00008 
-100.00000 -100.00000 
-100.00000 -100.00000 
-100.00000 -100.00000 
-100.00000 -100.00000 
-100.00000  0.02608 
-100.00000 -100.00000 
-100.00000 -100.00000 
-0.03638  0.58501 
-100.00000 -100.00000 
-100.00000 -100.00000 
-100.00000 -100.00000 
-100.00000 -100.00000 
-0.26666 -100.00000 
-0.14318  0.13759 
 0.43013 -100.00000 
-100.00000 -100.00000 
-100.00000 -0.04820 
-0.07875  0.02536 
-0.63934  0.17668 
-0.43003  0.56827 
-100.00000 -100.00000 
-100.00000 -100.00000 
-100.00000 -100.00000 
-1.15701  0.52916 
-100.00000 -100.00000 
 0.00006 -100.00000 
-0.23545 -0.10847 
 0.30512 -100.00000 
-0.00016 -100.00000 
-0.98590  0.05557 
 0.35018 -100.00000 
-100.00000 -100.00000 
-0.00034 -100.00000 
-100.00000 -100.00000 
 0.00195 -0.19804 
-100.00000 -100.00000 
 0.00000  0.00000 
-100.00000 -100.00000 
-100.00000 -100.00000 
 0.00000  0.00000 
-100.00000 -100.00000 
-100.00000 -100.00000 
-100.00000 -0.27121 
-0.53149  0.14309 
-100.00000 -100.00000 
-100.00000 -100.00000 
-100.00000 -100.00000 
-100.00000 -100.00000 
-100.00000 -100.00000 
 0.00000  0.00000 
-100.00000 -100.00000 
-100.00000 -100.00000 
 0.11940  0.21463 
-0.72475 -0.14182 
 0.01337  0.28675 
-100.00000 -100.00000 
-100.00000 -100.00000 
-100.00000 -100.00000 
 0.21401  0.37268 
-100.00000 -100.00000 
 0.00559 -0.20982 
-0.21542 -0.12552 
-100.00000 -100.00000 
-100.00000 -100.00000 
-0.00013 -100.00000 
-100.00000 -100.00000 
-100.00000  0.56018 
 0.00235 -0.55535 
-100.00000 -100.00000 
-100.00000 -100.00000 
-100.00000 -100.00000 
-100.00000 -100.00000 
-100.00000 -100.00000 
-100.00000 -100.00000 
 0.24444 -100.00000 
-100.00000 -100.00000 
-100.00000 -100.00000 
-0.11052 -0.67852 
 0.13246  0.25990 
-100.00000 -100.00000 
-100.00000 -100.00000 
 0.00000  0.00000 
-100.00000 -100.00000 
 0.67832  0.26304 
-100.00000 -100.00000 
-100.00000  0.00169 
-100.00000 -100.00000 
-0.13492 -0.13942 
-100.00000 -100.00000 
-100.00000 -100.00000 
-100.00000 -100.00000 
-100.00000 -100.00000 
-100.00000 -100.00000 
-100.00000 -100.00000 
-0.00006 -100.00000 
-100.00000 -100.00000 
-100.00000 -100.00000 
-100.00000 -100.00000 
-100.00000 -100.00000 
-100.00000 -100.00000 
-100.00000 -100.00000 
-0.10988 -100.00000 
-100.00000 -100.00000 
-100.00000 -100.00000 
-100.00000 -100.00000 
-100.00000 -100.00000 
-100.00000 -100.00000 
-100.00000 -100.00000 
 0.67817 -0.33794 
-0.88481  0.09629 
 0.00000  0.00000 
-100.00000 -100.00000 
-100.00000 -100.00000 
 0.00000  0.00000 
-100.00000 -100.00000 
-0.00004  0.13729 
-100.00000 -100.00000 
-100.00000 -100.00000 
-100.00000 -100.00000 
-100.00000 -100.00000 
-100.00000 -100.00000 
 0.00000  0.00000 
-0.33830 -0.35270 
-100.00000 -100.00000 
-100.00000 -100.00000 
 0.00000  0.00000 
 0.51584  0.13458 
-100.00000 -100.00000 
-100.00000 -100.00000 
-100.00000 -100.00000 
-0.55823 -100.00000 
-100.00000 -100.00000 
-100.00000 -100.00000 
-0.39230  0.13740 
-100.00000  0.05877 
-100.00000 -100.00000 
-100.00000 -100.00000 
-0.10839 -0.35348 
-100.00000 -100.00000 
-100.00000 -100.00000 
 0.27031 -0.11937 
-100.00000 -100.00000 
-100.00000 -100.00000 
-100.00000  0.00020 
 0.46867 -0.39075 
 0.00000  0.00000 
-100.00000 -100.00000 
-100.00000 -100.00000 
-0.00004 -0.45003 
-100.00000 -100.00000 
 0.13783 -100.00000 
-100.00000 -0.06687 
-100.00000 -0.16983 
-100.00000 -100.00000 
-100.00000 -100.00000 
-0.00011  0.24052 
-100.00000 -100.00000 
-100.00000 -100.00000 
-0.07196 -0.10584 
-100.00000 -100.00000 
-100.00000 -100.00000 
-100.00000 -100.00000 
-100.00000 -100.00000 
-100.00000 -100.00000 
-100.00000 -100.00000 
-0.36440 -0.15470 
-100.00000  0.15890 
-100.00000 -100.00000 
-100.00000 -100.00000 
-100.00000 -100.00000 
-100.00000 -100.00000 
-100.00000 -100.00000 
 0.18345 -0.00001 
-100.00000 -100.00000 
-100.00000 -100.00000 
-100.00000 -100.00000 
-100.00000 -100.00000 
-100.00000 -100.00000 
-1.15625  0.37856 
-100.00000 -100.00000 
-100.00000 -100.00000 
-100.00000 -100.00000 
-100.00000 -100.00000 
-100.00000 -100.00000 
-100.00000  0.13740 
-0.41473 -0.41319 
-100.00000 -100.00000 
-100.00000 -100.00000 
-100.00000 -100.00000 
-100.00000 -100.00000 
-100.00000 -100.00000 
-100.00000 -100.00000 
-100.00000 -100.00000 
-100.00000 -100.00000 
 0.09302  0.04322 
-100.00000 -100.00000 
-100.00000 -100.00000 
-0.00003 -100.00000 
-100.00000 -100.00000 
-100.00000  0.03179 
-100.00000  0.92590 
-100.00000 -100.00000 
-100.00000 -100.00000 
-100.00000 -0.20418 
 0.05365 -0.00001 
-100.00000 -100.00000 
 0.48553 -100.00000 
 0.00000 -100.00000 
 0.00000  0.00000 
-100.00000 -100.00000 
-0.07174  0.10910 
-0.47543 -100.00000 
 0.00002 -100.00000 
-100.00000 -100.00000 
-0.12146 -100.00000 
-100.00000  0.02175 
-0.09063 -100.00000 
-0.00005 -100.00000 
-100.00000 -100.00000 
-100.00000 -100.00000 
-100.00000 -100.00000 
-100.00000 -100.00000 
 0.13752 -100.00000 
-100.00000 -100.00000 
-100.00000 -100.00000 
-0.43121 -0.39203 
-0.26421 -0.14914 
-100.00000 -100.00000 
-100.00000 -100.00000 
-100.00000 -100.00000 
 0.13713 -100.00000 
-100.00000 -100.00000 
-100.00000 -100.00000 
-100.00000 -100.00000 
-0.00006 -0.20228 
-100.00000 -100.00000 
-100.00000  0.00003 
-0.39515 -0.32599 
-0.00011 -100.00000 
-0.07218 -100.00000 
-100.00000 -100.00000 
-100.00000 -100.00000 
-100.00000 -100.00000 
-0.28497  0.14451 
-0.69412 -0.31605 
-100.00000 -100.00000 
-100.00000 -100.00000 
-100.00000 -100.00000 
-0.12225 -100.00000 
-100.00000 -100.00000 
 0.25657  0.13760 
-100.00000 -100.00000 
-100.00000 -100.00000 
-100.00000  0.13757 
-100.00000  0.23831 
 0.01487  0.25050 
-100.00000 -100.00000 
-0.12197  0.28892 
 0.00050  0.32262 
-100.00000 -100.00000 
-0.39238  1.13783 
-100.00000 -100.00000 
 0.14489  0.14164 
-0.78019 -0.46958 
-100.00000 -0.28197 
-100.00000 -100.00000 
 0.13725 -0.10248 
-0.42198 -100.00000 
 0.00000  0.00000 
-100.00000  0.00001 
-100.00000  0.13753 
-100.00000 -100.00000 
-100.00000 -100.00000 
-100.00000 -100.00000 
 0.00003 -100.00000 
-100.00000 -100.00000 
-100.00000 -100.00000 
-100.00000 -100.00000 
-100.00000 -100.00000 
-100.00000 -100.00000 
-100.00000  0.01626 
-100.00000 -100.00000 
-100.00000 -100.00000 
-100.00000 -100.00000 
-100.00000 -100.00000 
-100.00000 -100.00000 
-0.29748  0.26308 
-100.00000 -100.00000 
-100.00000 -100.00000 
-100.00000 -100.00000 
-100.00000 -100.00000 
-100.00000  0.00016 
-100.00000 -100.00000 
-100.00000 -100.00000 
-100.00000 -100.00000 
 0.23521 -0.23506 
-100.00000 -100.00000 
-100.00000 -100.00000 
 0.30544  0.00000 
-100.00000 -100.00000 
 0.00000  0.00000 
-100.00000 -100.00000 
 0.13746 -0.09737 
-100.00000 -100.00000 
-100.00000 -100.00000 
-100.00000 -100.00000 
