-100.00000 -100.00000 
-100.00000  1.23323 
 0.00000  0.00000 
 0.13373  0.46109 
 0.23701  0.29363 
-0.20918 -0.00057 
 0.46298  0.38038 
-0.14171 -100.00000 
-100.00000  0.00010 
-100.00000  0.00020 
 0.00000  0.00000 
-100.00000  0.04423 
 0.51543 -0.26469 
 0.00000  0.00000 
 0.44219 -0.06379 
 1.18041  0.92161 
 0.00000  0.00000 
 0.12156 -100.00000 
 0.07154  0.33968 
-100.00000 -100.00000 
-100.00000 -100.00000 
-100.00000 -100.00000 
-100.00000 -100.00000 
-100.00000 -100.00000 
 1.00011  0.84809 
 0.00000  0.00000 
-100.00000 -100.00000 
-100.00000 -100.00000 
-0.25110  0.43926 
 0.20607  0.31865 
 0.37855 -100.00000 
-0.43651  0.64820 
 0.35683 -0.04719 
-100.00000 -100.00000 
 0.07825  0.21396 
 0.42795 -100.00000 
-100.00000 -100.00000 
 0.13749 -0.14585 
-100.00000 -100.00000 
-100.00000 -100.00000 
 0.28659  0.84797 
 0.00000  0.00000 
 0.08738 -0.17707 
-0.07238 -0.05913 
-100.00000 -100.00000 
-0.14100 -100.00000 
-0.41736  0.49288 
-100.00000 -100.00000 
-100.00000  0.00005 
-100.00000 -0.39662 
 0.11760  0.55652 
-0.37211 -0.02570 
-0.45421  1.16381 
 0.00008 -100.00000 
-100.00000 -100.00000 
-0.00144 -100.00000 
-0.45572 -0.17882 
-100.00000 -100.00000 
 0.00015 -100.00000 
 0.70697  1.16487 
-100.00000 -100.00000 
 0.13758  0.30632 
-100.00000 -100.00000 
-0.24759 -0.00005 
 0.00000  0.00000 
-0.14066 -100.00000 
-100.00000 -100.00000 
-0.01476 -0.05825 
-100.00000 -100.00000 
-0.00415 -0.14559 
-0.38866  0.12775 
-100.00000 -100.00000 
 0.00009  0.58497 
-100.00000 -100.00000 
 0.36139  0.96268 
 0.13747 -0.51145 
-100.00000 -100.00000 
-100.00000 -100.00000 
-100.00000 -100.00000 
-0.00397  0.00012 
-0.27038 -100.00000 
-100.00000 -100.00000 
-0.17402  0.91575 
-100.00000 -100.00000 
-100.00000  0.00007 
 0.10761 -0.42677 
-100.00000 -100.00000 
 0.40752 -0.14555 
-0.36537  0.81140 
 0.00000  0.00000 
-0.48015 -0.75027 
-0.55719  0.79255 
-100.00000 -100.00000 
-0.23547  0.01593 
-100.00000 -100.00000 
-100.00000 -100.00000 
 0.21008 -0.03751 
-100.00000 -100.00000 
 0.79624 -0.87294 
 0.92575 -0.09869 
 0.57448 -0.34170 
-0.21538 -0.14287 
 0.27123 -0.01044 
 0.45751 -1.09329 
-100.00000 -100.00000 
 0.00000  0.00000 
-100.00000 -100.00000 
-100.00000 -100.00000 
-100.00000 -100.00000 
-100.00000 -0.14319 
-0.00006 -0.32297 
-100.00000 -100.00000 
-0.16626 -1.02422 
 0.55078 -1.21799 
-0.10631  0.62335 
 0.03207  0.85695 
-100.00000 -100.00000 
-100.00000 -100.00000 
-100.00000 -100.00000 
-100.00000  0.37851 
-100.00000 -100.00000 
-100.00000 -100.00000 
-100.00000  0.93040 
 0.13454  1.11982 
 0.25107  0.39514 
 0.65425  0.26298 
-0.21527 -0.00539 
 0.13769 -0.61720 
 0.60368 -100.00000 
-100.00000 -100.00000 
-100.00000 -100.00000 
-100.00000 -0.00012 
-100.00000 -0.50299 
-100.00000 -100.00000 
-0.00028 -0.77397 
-0.04161 -0.73523 
-0.54778 -1.97032 
-0.09884  0.53366 
-0.72524  0.71011 
-100.00000 -100.00000 
-0.30842  0.37869 
-100.00000 -100.00000 
 0.00022 -100.00000 
-0.37288 -0.40089 
 0.24919 -1.46134 
-0.05726 -0.35298 
-100.00000 -0.00003 
-0.14523 -0.30299 
-0.33114 -0.09226 
 0.19817  0.80230 
-0.30367  0.38659 
-100.00000 -100.00000 
 0.37931  0.00102 
-0.00701  0.11529 
-0.09685  1.66431 
-0.21155  0.85451 
-0.37060 -100.00000 
 0.39717  0.77967 
-0.45323 -0.23921 
-100.00000 -100.00000 
-100.00000 -100.00000 
-100.00000 -100.00000 
-100.00000 -100.00000 
-100.00000 -100.00000 
-100.00000 -100.00000 
-100.00000 -100.00000 
-100.00000 -100.00000 
 0.28442  0.84019 
-0.79763  0.86336 
-0.07100 -0.69022 
 0.31320 -0.18889 
 0.04257 -0.24010 
-0.09033 -0.46998 
-100.00000 -100.00000 
-0.50086  1.51807 
 0.86570  0.17721 
-0.42583  1.21383 
-0.02099 -0.05496 
-0.21163 -0.00047 
-0.43846  0.88038 
-100.00000 -100.00000 
-0.42623 -1.41794 
-100.00000 -100.00000 
-0.03233  0.13695 
-100.00000  0.00014 
-0.15037  1.07118 
 0.01030 -0.61234 
 0.13755  0.78319 
-0.08450  0.18196 
-100.00000 -100.00000 
-0.24672 -0.61119 
-100.00000 -100.00000 
-100.00000 -100.00000 
 0.25036  0.00618 
 0.58229 -0.38879 
-100.00000 -100.00000 
-0.12072 -100.00000 
-100.00000  0.48538 
-100.00000  0.00013 
-100.00000 -100.00000 
-0.09424  0.00023 
-100.00000 -0.20342 
-100.00000 -0.13652 
-0.12076 -0.67404 
 0.95015  0.48290 
-100.00000  0.00244 
-100.00000 -100.00000 
-100.00000 -100.00000 
 0.80881 -0.76048 
-100.00000 -0.19812 
 0.29680 -100.00000 
-0.77524 -0.73401 
 0.00000  0.00000 
-100.00000 -100.00000 
-0.17886  0.00608 
 0.31844 -0.76955 
 0.35256 -0.36621 
 0.00000  0.00000 
-0.23871  0.55008 
-0.08504  0.64460 
-0.38610  0.00382 
 0.00013 -100.00000 
-0.25886  0.75082 
 0.43059 -0.13823 
-100.00000 -100.00000 
-100.00000 -100.00000 
 0.44471 -0.81119 
 0.28822  0.48074 
 0.45108  0.50560 
-0.19711 -0.00020 
 0.00000  0.00000 
 0.00000  0.00000 
-100.00000 -100.00000 
 0.32036  0.24028 
-0.41053  0.31061 
 0.56357  0.11078 
 0.14893  0.31569 
-100.00000 -100.00000 
-100.00000 -100.00000 
 0.17025 -0.47124 
-100.00000 -100.00000 
-100.00000 -100.00000 
-100.00000 -100.00000 
 0.18170  0.12310 
-100.00000 -100.00000 
-0.11643 -100.00000 
-100.00000 -100.00000 
-1.06763 -0.25852 
-100.00000 -100.00000 
-100.00000 -100.00000 
 0.68139 -0.48159 
-0.03049  0.26320 
 0.15551  0.54180 
-0.53243  0.56301 
-0.05406  1.12062 
-100.00000  0.26315 
-0.38462  0.27863 
-100.00000 -100.00000 
 0.72766  0.00244 
 0.00000  0.00000 
-0.20495  1.22609 
-100.00000 -100.00000 
-100.00000 -100.00000 
-100.00000 -100.00000 
-0.23180 -0.20295 
 0.00000  0.00000 
-100.00000 -100.00000 
 0.25366  0.00231 
-100.00000 -100.00000 
 0.00000  0.00000 
-100.00000 -100.00000 
 0.00000  0.00000 
 0.37879 -0.23844 
 0.17156  0.00369 
-100.00000 -100.00000 
-0.02317  0.83990 
-0.64983 -0.71309 
 0.67144  0.38951 
 0.48546  0.22450 
-0.33493 -0.00011 
-100.00000 -100.00000 
-100.00000 -100.00000 
-0.01622  0.60937 
 0.48575 -0.40901 
-0.23034  0.96243 
 0.00000  0.00000 
-0.30964 -0.00745 
-100.00000  0.38791 
-0.37289 -0.41452 
-0.12146  0.62036 
-100.00000 -100.00000 
-100.00000 -100.00000 
-0.00743  0.87582 
-0.37310  0.58324 
-100.00000 -100.00000 
-100.00000 -100.00000 
 0.34883  0.18368 
-0.23537 -0.00002 
 1.01044 -0.10709 
-0.13533 -100.00000 
 0.00000  0.00000 
-100.00000 -100.00000 
-0.45870  0.76559 
-100.00000 -100.00000 
 0.57902 -0.39808 
-0.08695 -0.54517 
-0.13530 -100.00000 
-100.00000 -100.00000 
-100.00000 -100.00000 
-100.00000 -100.00000 
-100.00000 -100.00000 
 0.16545  0.36131 
-0.57679 -0.01323 
 0.34945  0.42192 
 0.01167  0.20083 
-100.00000 -100.00000 
-100.00000 -100.00000 
-0.57053  0.53273 
-100.00000 -100.00000 
-0.00008 -100.00000 
-0.00031 -100.00000 
-100.00000 -100.00000 
-0.05714 -1.10206 
-0.25904  0.64926 
-100.00000  0.20888 
 0.18343 -0.19133 
-100.00000 -100.00000 
-100.00000 -100.00000 
-100.00000 -0.00001 
-100.00000 -100.00000 
 0.37231  0.11960 
 0.55645 -1.08463 
-100.00000 -100.00000 
-100.00000 -100.00000 
-100.00000 -100.00000 
-100.00000 -100.00000 
-100.00000  0.11962 
-100.00000 -0.79015 
-0.24344  0.08059 
-100.00000 -100.00000 
-100.00000 -100.00000 
-100.00000 -100.00000 
-100.00000 -100.00000 
 0.00317 -0.27598 
-100.00000 -100.00000 
-100.00000 -100.00000 
-0.00014  0.98173 
 0.00000  0.00000 
-0.25872 -100.00000 
 0.00000  0.00000 
-100.00000 -100.00000 
-100.00000 -100.00000 
-100.00000 -100.00000 
 0.00505  0.13738 
-100.00000  0.00009 
-100.00000 -100.00000 
-100.00000 -100.00000 
-0.32273  0.29275 
 0.09275  0.13743 
-100.00000 -100.00000 
 0.00002 -100.00000 
-100.00000  0.00002 
-0.13511 -0.00004 
-100.00000 -100.00000 
-100.00000  0.00002 
-100.00000 -100.00000 
-100.00000 -100.00000 
-0.19829 -1.37158 
-100.00000 -100.00000 
-100.00000  0.62104 
-100.00000 -100.00000 
 0.08531  0.15720 
 0.30511  0.81304 
-100.00000 -100.00000 
 0.11241 -0.03402 
 0.12756  1.28783 
-100.00000 -100.00000 
 0.00000  0.00000 
 0.00000  0.00000 
 0.00002 -0.50919 
-0.63058  0.19387 
-0.63678  0.01389 
-100.00000  0.82998 
 0.53377 -0.63965 
-0.28319 -0.00012 
 0.46261  0.35066 
 0.00000  0.00000 
-100.00000 -100.00000 
 0.27619 -100.00000 
-0.45777 -1.98194 
-100.00000 -100.00000 
-0.07145  0.26195 
-100.00000 -0.00015 
-100.00000 -100.00000 
 0.28585 -100.00000 
-0.00012 -100.00000 
 0.98997  0.63052 
 0.37123  0.07889 
-0.20949 -100.00000 
 0.13773  0.00003 
-0.57424 -0.66691 
-100.00000 -0.77437 
 0.37706  0.13735 
-0.24556 -0.16116 
 0.07548 -1.04176 
-100.00000 -0.75362 
 0.10520  0.15218 
 0.00000  0.00000 
 0.37343  0.93035 
 0.02986  0.76513 
-100.00000 -0.31228 
-1.26358 -0.49027 
-100.00000 -100.00000 
-1.54363  0.33279 
-0.67293 -0.04440 
-100.00000 -100.00000 
-100.00000 -100.00000 
-100.00000 -100.00000 
-100.00000 -100.00000 
-100.00000 -100.00000 
-100.00000 -0.10689 
-100.00000 -0.37176 
-100.00000 -100.00000 
-0.00005 -100.00000 
-100.00000  0.00030 
-100.00000 -100.00000 
 0.03262  0.18539 
-100.00000 -0.11830 
 0.26992  0.48617 
-100.00000 -100.00000 
-100.00000 -100.00000 
-100.00000 -100.00000 
-0.10385 -0.08899 
-100.00000 -100.00000 
-100.00000 -100.00000 
 0.05831  0.08294 
-100.00000 -100.00000 
-100.00000 -100.00000 
 0.00000  0.00000 
-100.00000 -100.00000 
-100.00000 -100.00000 
-100.00000  0.00024 
 0.21261  0.53503 
-100.00000  0.00006 
-100.00000 -100.00000 
-100.00000  0.12816 
-100.00000 -100.00000 
-0.10830  0.48543 
-100.00000 -100.00000 
 0.21906 -0.09278 
-100.00000 -100.00000 
-100.00000 -0.05904 
-100.00000 -100.00000 
-100.00000 -100.00000 
 0.00004 -0.13484 
-100.00000 -100.00000 
-100.00000 -100.00000 
 0.06595 -0.07574 
 0.00019 -100.00000 
-0.63152  0.96788 
-100.00000 -100.00000 
-100.00000 -100.00000 
 0.05346  0.84811 
-100.00000 -0.00004 
-0.16940  0.73693 
-100.00000  0.48543 
 0.27609  0.79348 
-0.38960  0.74239 
-100.00000 -100.00000 
-100.00000 -100.00000 
 0.09338 -0.13464 
-100.00000 -100.00000 
 0.00000  0.00000 
-0.23620  1.33196 
-0.30330  0.00014 
-100.00000 -100.00000 
-100.00000 -0.12878 
-100.00000 -100.00000 
-100.00000 -100.00000 
-100.00000 -100.00000 
-100.00000 -100.00000 
-0.18605 -0.61745 
-100.00000 -100.00000 
-100.00000 -100.00000 
-100.00000 -100.00000 
-0.71566 -0.06912 
-100.00000 -100.00000 
-100.00000 -100.00000 
-100.00000 -100.00000 
 0.35763  0.11970 
-100.00000 -100.00000 
-100.00000 -100.00000 
 0.23139  1.53482 
-0.58100  0.24302 
 0.12412 -0.00081 
-100.00000 -100.00000 
-0.06645  0.06082 
-0.50784  0.58505 
-0.16044  0.26348 
-100.00000 -100.00000 
-0.34951  0.00086 
-0.02852  0.84002 
-0.12741 -1.37158 
 0.04914 -0.37851 
-100.00000 -100.00000 
 0.14397  0.70384 
-0.68850 -100.00000 
 0.50619 -0.31738 
 0.16222 -0.11097 
-100.00000 -1.42174 
 0.48143  0.00006 
-100.00000  1.36634 
-0.43284  0.22848 
 0.13738  1.30414 
 0.15686  0.64363 
-100.00000 -100.00000 
 0.30526  0.51562 
 0.12870  0.11365 
-0.07843 -0.43983 
-0.77089 -0.12889 
-100.00000 -100.00000 
-100.00000 -100.00000 
-100.00000 -0.23743 
 0.01943 -100.00000 
-0.00012  0.00001 
-0.39621 -0.25477 
-100.00000 -100.00000 
-100.00000 -0.00001 
-100.00000  0.37854 
-0.11945 -100.00000 
 0.00000  0.00000 
-100.00000 -100.00000 
-0.00021 -100.00000 
 0.13754 -100.00000 
 0.39821  0.49569 
 0.41519 -0.67280 
 0.00000  0.00000 
 0.04825  0.11916 
 0.00008 -100.00000 
-0.09688  0.33883 
-0.26448  0.54955 
-0.72397 -100.00000 
 0.27953  0.37859 
-0.00371  0.80598 
 0.01543 -100.00000 
-100.00000 -100.00000 
-100.00000  0.13468 
 0.00000  0.00000 
 0.03956  0.37860 
-100.00000  0.28401 
-0.00028 -0.00005 
-0.23450 -0.00008 
-0.27681 -2.30186 
-0.00002 -0.24710 
 0.41605  0.13129 
-100.00000 -100.00000 
-0.00003  0.00006 
-0.11667 -0.35659 
-100.00000 -100.00000 
-100.00000 -100.00000 
-100.00000 -100.00000 
-0.00004  0.01606 
-100.00000 -100.00000 
-100.00000 -100.00000 
-100.00000 -100.00000 
