-100.00000  0.13746 
-0.90420  0.13810 
 0.38533 -100.00000 
-0.60941 -0.59612 
-0.88878 -0.33459 
-100.00000 -100.00000 
-0.14552 -100.00000 
 0.20724  0.23774 
-100.00000  0.00008 
 0.13770 -100.00000 
 1.07019 -100.00000 
 0.00052 -0.38606 
-100.00000 -100.00000 
-100.00000 -100.00000 
-100.00000 -100.00000 
 0.43928 -100.00000 
-100.00000 -100.00000 
-100.00000 -100.00000 
-0.84786  0.52504 
-0.27835 -100.00000 
 0.18545  0.08092 
-100.00000 -100.00000 
-100.00000 -100.00000 
-0.00838 -100.00000 
 0.14284  0.11787 
-100.00000 -100.00000 
-100.00000 -100.00000 
-100.00000 -100.00000 
-100.00000 -100.00000 
-100.00000 -100.00000 
-100.00000 -100.00000 
 0.67808 -0.32972 
-100.00000 -100.00000 
-100.00000 -100.00000 
-0.14582  0.13751 
-0.00021 -0.00565 
-1.21042  0.11987 
-100.00000 -100.00000 
-0.06090  0.08433 
-100.00000 -100.00000 
-100.00000 -100.00000 
-100.00000 -100.00000 
-100.00000 -100.00000 
 0.00003 -100.00000 
 0.85590  0.00044 
-100.00000 -100.00000 
 0.00023 -100.00000 
-100.00000 -100.00000 
 0.37856  0.00264 
-100.00000 -0.13505 
 0.00025 -100.00000 
 0.45693 -100.00000 
-0.11098  0.56096 
-0.34103 -0.06095 
-100.00000 -100.00000 
-0.20864 -0.02845 
 1.42154 -0.47889 
-100.00000  0.00007 
 0.20831  0.54464 
-0.06532  0.19395 
-0.00033 -100.00000 
 0.78877 -0.38152 
-0.39524 -0.06650 
 0.66583  1.17187 
 0.48498 -0.23647 
-100.00000  0.13753 
-100.00000 -100.00000 
 0.28752  0.39845 
-100.00000 -100.00000 
-0.82832  0.27528 
 0.28719  0.26050 
 0.04515 -0.11197 
 0.00001 -0.89297 
-100.00000 -100.00000 
-100.00000 -100.00000 
 0.14083  0.25763 
-0.42128 -100.00000 
-0.00001  0.26309 
-100.00000 -100.00000 
 0.82947  0.06210 
-100.00000 -100.00000 
-100.00000 -100.00000 
-100.00000 -100.00000 
 0.26303  0.12417 
 0.00007 -100.00000 
-100.00000 -0.19527 
-100.00000  0.26303 
-0.01496 -0.56492 
 0.16755 -0.45610 
-0.35525  0.91361 
 0.00000  0.00000 
-0.04237 -0.00002 
 0.56722 -0.02042 
-100.00000 -100.00000 
-100.00000 -100.00000 
-100.00000 -100.00000 
-100.00000 -100.00000 
-0.00013 -100.00000 
-0.23746 -0.84703 
-100.00000 -100.00000 
 0.00032 -0.31767 
-100.00000 -100.00000 
-100.00000 -100.00000 
-0.13002 -0.12908 
-0.04046 -0.21315 
-100.00000 -100.00000 
-0.21608  0.02722 
-100.00000 -100.00000 
-0.00004 -100.00000 
-0.03252  0.40835 
-0.14326  0.42988 
 0.21226 -100.00000 
 0.26348  0.64762 
-100.00000 -100.00000 
-100.00000 -100.00000 
-100.00000 -100.00000 
-100.00000 -100.00000 
-100.00000 -100.00000 
 0.00000  0.00000 
-100.00000 -100.00000 
 0.13502  0.49325 
-100.00000 -100.00000 
 0.68941 -0.54567 
-0.00007 -100.00000 
-100.00000 -100.00000 
 1.34214 -100.00000 
 0.00028  0.43494 
-100.00000 -100.00000 
-100.00000 -100.00000 
 0.00000  0.00000 
-100.00000 -100.00000 
-100.00000 -100.00000 
-100.00000 -100.00000 
-100.00000 -100.00000 
-100.00000 -100.00000 
-0.30346  0.01549 
-100.00000 -100.00000 
 0.27101 -0.12751 
-0.79047 -0.12816 
 0.61168 -0.10477 
 0.48561 -100.00000 
-100.00000 -100.00000 
-0.02087  0.39345 
-100.00000 -100.00000 
-100.00000 -100.00000 
 0.87054  0.16747 
-0.23061 -0.36737 
 0.00012 -100.00000 
 0.00050 -100.00000 
 0.00120 -100.00000 
-100.00000 -100.00000 
 0.33234 -0.07517 
-0.62276 -0.34728 
 1.47374  0.46396 
 0.00000  0.00000 
 1.19101 -0.27837 
 0.25389 -0.46442 
-0.33723  0.23289 
 0.50659 -0.16726 
-100.00000 -100.00000 
-100.00000 -100.00000 
 0.00000  0.00000 
-100.00000 -100.00000 
-100.00000 -100.00000 
-0.00005 -100.00000 
-0.18988  0.19864 
 0.13777 -0.00008 
-0.65357  0.13155 
-0.42640 -0.05242 
 1.34973 -0.20204 
-0.37193 -0.28455 
-100.00000 -100.00000 
-100.00000 -100.00000 
-100.00000 -100.00000 
-0.67259  0.29170 
 1.15468 -0.07307 
-0.73734  0.26352 
-100.00000  0.23752 
 0.23481 -100.00000 
-1.04018  0.00018 
-100.00000 -100.00000 
-0.68578 -0.08036 
-100.00000 -100.00000 
 0.26248 -0.16165 
 1.00407  0.07136 
 0.18530 -0.33786 
-1.25730  0.15096 
 0.00035 -0.00002 
-100.00000 -100.00000 
 0.29869  0.12787 
-100.00000 -100.00000 
-100.00000 -100.00000 
-0.05823 -0.04738 
-100.00000  0.13761 
-100.00000 -100.00000 
 0.77513 -0.16007 
 0.83983 -0.18922 
-100.00000 -100.00000 
-100.00000 -100.00000 
-0.20315 -0.34794 
-0.29923  0.15719 
-100.00000 -100.00000 
 0.00005 -100.00000 
 0.76557 -0.13919 
-0.59722  0.49221 
-100.00000 -0.07683 
 0.37861  0.00004 
-100.00000 -100.00000 
-0.29858 -0.04792 
 0.72391 -0.19315 
 0.00787 -0.01519 
-0.00095 -100.00000 
 0.00108 -100.00000 
-0.00201 -100.00000 
-100.00000 -100.00000 
 0.28249 -0.52267 
-100.00000 -100.00000 
-0.00080 -100.00000 
-100.00000 -100.00000 
 1.30154  0.99074 
-0.34463  0.13354 
 0.00023 -0.21512 
 1.29606  0.26414 
 0.00000  0.00000 
 0.00000  0.00000 
-100.00000 -100.00000 
 0.21307 -100.00000 
 0.29343 -0.44282 
-0.00071 -100.00000 
 0.13730  0.26335 
-0.77109  0.48564 
-0.00278  0.04393 
 0.00000  0.00000 
 0.22122  0.37550 
 0.47103  0.30002 
 0.23024  0.43483 
 0.00000  0.00000 
-100.00000 -0.10412 
-0.40915 -0.06738 
 0.15180  0.02853 
 0.29996  0.24724 
 0.00000  0.00000 
-0.13135 -100.00000 
 0.13198 -100.00000 
-100.00000 -100.00000 
-100.00000 -100.00000 
 0.30394  0.08625 
 0.37887 -1.24707 
-100.00000 -100.00000 
-100.00000  0.13748 
 0.11041 -0.50547 
 0.13767  0.03235 
 0.17774 -0.11835 
-100.00000 -100.00000 
 0.34871  0.13756 
 0.26315  0.00008 
-100.00000 -0.17333 
-100.00000 -100.00000 
-100.00000 -100.00000 
-100.00000 -100.00000 
-100.00000 -100.00000 
 0.00008 -100.00000 
-100.00000 -100.00000 
 0.00014  0.13743 
-100.00000 -0.00003 
-100.00000 -100.00000 
-100.00000 -100.00000 
 0.00639 -0.65656 
-100.00000 -100.00000 
-100.00000 -100.00000 
-100.00000 -100.00000 
 0.22412 -100.00000 
-0.20281 -100.00000 
-0.25537  0.42142 
 0.00000  0.00000 
 0.73227  0.10167 
 0.26931 -0.59910 
 1.21344 -0.00003 
 0.26323 -100.00000 
-0.12400 -0.26358 
-100.00000 -100.00000 
-100.00000 -100.00000 
 0.12623  0.23281 
-100.00000 -100.00000 
 0.69585  0.02823 
 0.15313 -100.00000 
 0.26308 -100.00000 
 0.36837  0.65499 
-0.82380 -0.15749 
-100.00000 -100.00000 
-0.31388 -0.00645 
-100.00000 -100.00000 
-100.00000 -100.00000 
-0.43746  0.68463 
-0.02368  0.16462 
 0.00217  0.07330 
-0.27703 -100.00000 
-100.00000 -100.00000 
-0.00028 -0.10327 
 0.36808  0.05633 
-100.00000 -100.00000 
-100.00000  0.13760 
-0.62752 -100.00000 
 0.31720  0.28883 
 0.10516 -0.17272 
-0.42446  0.20981 
-100.00000 -100.00000 
 0.00013 -100.00000 
-0.09421 -0.15701 
-100.00000 -100.00000 
-100.00000  0.13764 
 0.41691  0.44186 
 1.86667  0.34888 
-2.69777 -0.17982 
-0.39667 -0.14147 
-100.00000  0.00012 
 0.08839 -0.23611 
-2.13540  0.08511 
 0.28045 -0.12596 
 0.00001 -100.00000 
-0.17301 -0.06377 
-100.00000 -100.00000 
-100.00000 -100.00000 
 0.00000  0.00000 
-0.14482 -0.01195 
-1.51291  0.26318 
 0.70093  0.13451 
-100.00000 -100.00000 
 0.00000  0.00000 
 0.00004 -100.00000 
-100.00000 -100.00000 
-100.00000 -100.00000 
 0.33461 -0.32168 
-0.00007  0.26310 
 0.00000  0.00000 
-100.00000 -100.00000 
-0.88744 -0.68817 
-0.32914 -100.00000 
 0.53678 -100.00000 
-0.10956 -0.79150 
 0.01249 -100.00000 
-100.00000 -100.00000 
 0.00000  0.00000 
 0.76557  0.34647 
-100.00000  0.34962 
-100.00000 -100.00000 
-0.88369  0.24962 
-100.00000 -100.00000 
-100.00000 -100.00000 
-100.00000 -100.00000 
-100.00000 -100.00000 
-100.00000 -100.00000 
-100.00000 -100.00000 
-100.00000 -100.00000 
 0.33758 -0.02055 
-0.68279 -0.41604 
 0.46361  0.26871 
 0.00029 -100.00000 
 0.12573 -0.12682 
-0.14495 -100.00000 
-0.70886  0.31387 
-100.00000 -100.00000 
-0.15950  0.35979 
-0.11894  0.28916 
-100.00000 -100.00000 
-100.00000  0.00007 
-100.00000 -100.00000 
-0.50250 -0.44943 
-0.13005  0.53645 
 0.00337  0.69384 
-100.00000 -100.00000 
-100.00000 -100.00000 
 0.15681 -0.03732 
 0.66973  0.28345 
 0.84799 -100.00000 
-100.00000 -100.00000 
-100.00000 -100.00000 
-100.00000 -100.00000 
-100.00000 -0.00021 
-100.00000 -100.00000 
 0.26419  0.09875 
 0.49968  0.12834 
-0.28842 -0.43677 
-100.00000 -100.00000 
-0.50722  0.31033 
 0.25807 -0.08093 
-100.00000 -100.00000 
-100.00000 -100.00000 
 0.42528  0.34316 
 0.43944 -0.54683 
-100.00000 -100.00000 
 0.17021 -0.17298 
 0.13736 -100.00000 
-0.25056 -0.22611 
-100.00000 -100.00000 
-100.00000 -100.00000 
-100.00000 -100.00000 
-100.00000 -100.00000 
-100.00000  0.13749 
-100.00000 -100.00000 
-0.65548 -1.30697 
-100.00000 -100.00000 
-0.74311  0.00020 
 0.31527  0.26943 
-0.74455  0.27222 
-0.00009 -100.00000 
 0.52706 -0.00013 
-1.05747 -0.12016 
 0.55047 -100.00000 
 0.00924 -0.12602 
 0.22523  0.38345 
 0.33893 -0.07791 
-100.00000 -100.00000 
-100.00000 -100.00000 
 0.59347 -100.00000 
-100.00000 -0.15828 
-100.00000 -100.00000 
 0.20385  0.12197 
 0.00000  0.00000 
-100.00000 -100.00000 
-100.00000 -100.00000 
-100.00000 -100.00000 
-100.00000 -100.00000 
-100.00000 -100.00000 
 1.04560 -0.44408 
-0.08271  0.20398 
-100.00000 -100.00000 
-100.00000 -100.00000 
-100.00000 -100.00000 
 0.11959 -0.43661 
-100.00000 -100.00000 
 0.35656 -100.00000 
-100.00000 -100.00000 
-100.00000 -100.00000 
 0.62485  0.36632 
 0.13752 -100.00000 
 0.00005 -100.00000 
-100.00000 -100.00000 
-100.00000 -100.00000 
-100.00000 -100.00000 
 0.00005 -100.00000 
-100.00000 -100.00000 
-100.00000 -100.00000 
-100.00000 -100.00000 
-100.00000 -100.00000 
-100.00000 -100.00000 
-100.00000 -100.00000 
-100.00000 -100.00000 
 0.00000  0.00000 
-100.00000 -100.00000 
-100.00000 -100.00000 
-100.00000 -100.00000 
-100.00000 -100.00000 
 0.95853 -0.23574 
-100.00000 -100.00000 
 1.99272  0.27313 
-100.00000 -100.00000 
-100.00000 -100.00000 
 0.85548  0.07914 
-0.66819 -0.00010 
 0.37847  0.13761 
-100.00000 -100.00000 
-100.00000 -100.00000 
-0.30489  0.00646 
-100.00000 -100.00000 
 0.06356  0.00453 
 1.06389  0.78435 
-0.67506  0.18103 
-100.00000 -100.00000 
-0.01637 -0.00266 
 0.37873 -100.00000 
-100.00000 -100.00000 
-100.00000 -100.00000 
 0.69159  0.07375 
 0.00014 -100.00000 
 0.11744 -0.13214 
 0.16015  0.20948 
-100.00000 -0.12007 
-0.85881  0.08556 
 0.58500  0.05082 
-100.00000 -100.00000 
-0.00012 -100.00000 
-100.00000 -100.00000 
 0.00004 -100.00000 
 1.02761 -0.29864 
-2.35301 -0.22510 
 0.92614 -0.50960 
-100.00000 -100.00000 
-100.00000 -100.00000 
 0.45669  0.10680 
 0.23842  0.37854 
-100.00000  0.14556 
 0.13792  0.35059 
 1.07051 -0.28687 
-100.00000 -100.00000 
 0.00000  0.00000 
-0.08440 -0.36790 
 0.05096 -0.37391 
-1.00874 -0.31462 
-100.00000 -100.00000 
-100.00000 -100.00000 
-100.00000 -100.00000 
-0.55283  0.34155 
 0.17934 -0.17129 
-100.00000 -100.00000 
 0.54270  0.46294 
-0.24669 -100.00000 
-100.00000 -0.00026 
-100.00000 -100.00000 
-0.39978  0.31911 
-100.00000 -100.00000 
-0.12626 -0.26396 
 0.00000  0.00000 
-0.34681 -0.12196 
-0.22247 -0.07748 
-0.24667  0.01558 
 0.40911 -0.26970 
-0.67258 -0.07655 
-0.00040 -100.00000 
-0.17827 -0.04095 
-0.00013 -100.00000 
-100.00000  0.13732 
-0.00017 -0.56643 
-0.02287 -0.32981 
 0.17792 -0.46240 
-100.00000 -100.00000 
-100.00000 -100.00000 
 0.50397  0.41245 
-100.00000 -100.00000 
-100.00000  0.13753 
-100.00000  0.00005 
 0.13718 -100.00000 
-100.00000 -100.00000 
-100.00000 -100.00000 
-100.00000 -100.00000 
-100.00000 -100.00000 
-100.00000 -100.00000 
 0.27580 -100.00000 
-100.00000 -100.00000 
-0.12811  0.26295 
-100.00000 -100.00000 
-0.06758  0.05786 
-100.00000 -100.00000 
-100.00000 -100.00000 
-100.00000 -100.00000 
 0.65127  0.32993 
-0.16874  0.46294 
-100.00000 -100.00000 
-100.00000 -100.00000 
 0.13141  0.25677 
-0.00005 -100.00000 
-0.04963  0.21579 
-0.35708  0.13735 
 0.12359 -0.05747 
-100.00000 -100.00000 
-100.00000 -0.12226 
 0.20654  0.45307 
-100.00000 -100.00000 
-100.00000 -100.00000 
-0.23202  0.36060 
-0.24048 -0.39023 
 0.00000  0.00000 
-100.00000  0.00014 
 0.29544  0.23723 
-100.00000 -100.00000 
