-100.00000 -100.00000 
-0.47966  1.74549 
-0.14172  0.00056 
-0.64494 -0.26128 
 0.05694 -0.05325 
 0.49520  0.86651 
-100.00000 -100.00000 
-0.30150 -0.05367 
-0.00009  0.00010 
-100.00000 -100.00000 
-100.00000 -0.00020 
-100.00000  2.29330 
-100.00000 -100.00000 
-100.00000 -100.00000 
-100.00000 -0.14589 
-100.00000 -100.00000 
-0.14147 -100.00000 
-100.00000 -100.00000 
-0.00713  0.13750 
-100.00000 -100.00000 
-100.00000 -100.00000 
-100.00000 -100.00000 
-100.00000 -100.00000 
-100.00000 -100.00000 
-0.25139 -0.00821 
-100.00000 -100.00000 
-100.00000 -100.00000 
-100.00000 -100.00000 
 0.31196  0.24254 
-0.13299  0.26308 
-100.00000 -100.00000 
-0.01231  0.23280 
-100.00000 -100.00000 
-100.00000 -100.00000 
-0.00744  0.37850 
-0.22115  0.13730 
-0.78275 -0.31669 
-100.00000 -100.00000 
-100.00000 -100.00000 
-100.00000 -100.00000 
-100.00000 -100.00000 
 0.07721  0.00012 
-100.00000 -100.00000 
-100.00000 -100.00000 
-0.13240  0.00014 
-0.09323 -0.19258 
-100.00000 -100.00000 
-100.00000 -100.00000 
-0.09183 -0.28265 
 0.31655  0.61453 
-100.00000 -100.00000 
-100.00000 -100.00000 
-100.00000 -100.00000 
-100.00000  0.26302 
-100.00000 -100.00000 
-100.00000 -100.00000 
-100.00000 -100.00000 
-0.29532  0.38402 
-100.00000 -100.00000 
-100.00000 -100.00000 
-100.00000 -100.00000 
-100.00000 -100.00000 
-100.00000 -100.00000 
 0.00028 -100.00000 
 0.33756 -0.02802 
 0.00000  0.00000 
 0.14848  0.08626 
-0.00428  0.09192 
-100.00000 -100.00000 
-100.00000 -100.00000 
-0.45933 -100.00000 
-100.00000 -100.00000 
-100.00000 -100.00000 
-100.00000 -100.00000 
 0.18267 -0.01616 
-100.00000 -100.00000 
-100.00000 -100.00000 
 0.71520 -0.11921 
 0.48551 -100.00000 
-100.00000 -100.00000 
-100.00000 -100.00000 
 0.00000  0.00000 
-100.00000 -100.00000 
-100.00000 -100.00000 
-100.00000 -100.00000 
-0.00401 -0.15645 
 0.24722  0.33322 
-0.16775 -1.19998 
 0.00000  0.00000 
 0.80198 -1.20890 
-100.00000  0.00046 
-0.07414  0.24199 
-100.00000 -100.00000 
-0.28864 -0.16782 
-100.00000 -100.00000 
-100.00000 -100.00000 
-100.00000 -100.00000 
-100.00000 -100.00000 
-0.60947 -0.19843 
 0.00000  0.00000 
 0.00026 -100.00000 
 0.16100  0.93408 
-0.66017 -1.58029 
-100.00000 -100.00000 
-100.00000 -100.00000 
 0.39543  0.05693 
-100.00000 -100.00000 
-100.00000 -100.00000 
 0.00000  0.00000 
-100.00000 -100.00000 
 0.13557 -0.00006 
-1.02322  0.58456 
-100.00000 -100.00000 
-100.00000 -100.00000 
-100.00000 -0.14218 
 0.43362 -0.27328 
-100.00000 -100.00000 
 0.08190 -0.61053 
-100.00000 -100.00000 
-100.00000 -100.00000 
-100.00000  0.00018 
-100.00000 -100.00000 
 0.00029 -100.00000 
-0.37796 -0.04217 
-100.00000 -100.00000 
-0.40567  0.14637 
 0.23602 -0.17651 
-100.00000 -100.00000 
-100.00000 -100.00000 
-100.00000 -100.00000 
-100.00000 -100.00000 
-0.12738 -100.00000 
-100.00000 -100.00000 
-100.00000 -100.00000 
 0.00000  0.00000 
 0.77656  0.38932 
-100.00000 -100.00000 
-0.35244  0.49261 
 0.43462 -0.38781 
-100.00000 -100.00000 
 0.00000  0.00000 
-100.00000 -100.00000 
 0.02786  0.48617 
 0.01314 -100.00000 
-100.00000 -100.00000 
-0.53009  0.54426 
-100.00000 -100.00000 
-100.00000  0.00012 
-100.00000 -100.00000 
-100.00000 -100.00000 
-0.06751 -0.28804 
-100.00000 -100.00000 
 0.57362  0.45208 
 0.00334  0.13381 
-100.00000 -100.00000 
 0.00025 -100.00000 
-100.00000 -100.00000 
 0.07566  0.03381 
-100.00000 -100.00000 
 0.37863  0.40487 
-100.00000 -100.00000 
-100.00000 -100.00000 
-100.00000 -100.00000 
-100.00000 -100.00000 
 0.52531 -0.22889 
-100.00000 -100.00000 
-0.07321 -0.14891 
-100.00000 -100.00000 
-100.00000 -100.00000 
-100.00000 -100.00000 
 0.13823 -100.00000 
-0.65993  0.24240 
 0.12206  0.73081 
-100.00000 -100.00000 
 0.00000  0.00000 
-0.63412  0.76734 
 0.19084  0.47833 
 0.00003 -0.14386 
-0.00009 -0.00047 
-0.29185  0.38217 
-100.00000 -100.00000 
-100.00000 -100.00000 
-100.00000 -100.00000 
-100.00000 -100.00000 
-100.00000 -100.00000 
-0.12753  0.76633 
-100.00000 -100.00000 
 0.78496  2.13786 
-100.00000 -100.00000 
 0.06685  0.52627 
-100.00000 -100.00000 
 0.12579 -0.08304 
-100.00000 -100.00000 
-100.00000 -100.00000 
-100.00000 -100.00000 
 0.26303 -0.37586 
-100.00000  0.00028 
 0.00000  0.00000 
-0.53214  0.00638 
-100.00000 -100.00000 
-0.69823 -100.00000 
 0.00004 -100.00000 
-100.00000 -100.00000 
-100.00000 -100.00000 
-0.05295  0.12706 
-100.00000 -100.00000 
 1.07115  0.22713 
-100.00000 -100.00000 
 0.54870  1.67864 
 0.15598  0.97040 
-0.34163  0.60821 
 0.38448  0.96037 
-0.57417  0.95595 
-100.00000 -100.00000 
-100.00000 -100.00000 
 0.22266  0.39875 
-100.00000 -100.00000 
 0.00078 -100.00000 
 0.81769  0.22883 
 0.11686 -0.39007 
-100.00000 -100.00000 
-100.00000 -100.00000 
-100.00000 -100.00000 
-100.00000 -100.00000 
-100.00000 -100.00000 
-100.00000 -100.00000 
-100.00000 -100.00000 
 0.00000  0.00000 
-100.00000 -100.00000 
 0.00005 -1.04368 
 0.13663 -100.00000 
-0.55358  0.67242 
-100.00000 -100.00000 
 0.00000  0.00000 
-0.11941  0.37870 
-100.00000  0.00013 
-100.00000 -100.00000 
-100.00000 -100.00000 
 0.04570  0.34995 
 0.72870  0.65641 
-100.00000 -100.00000 
-100.00000 -100.00000 
-100.00000 -100.00000 
-100.00000 -100.00000 
-100.00000 -100.00000 
-100.00000 -100.00000 
-100.00000 -100.00000 
 0.13740 -100.00000 
-100.00000 -100.00000 
 0.90375 -0.31576 
 0.04453  0.40566 
 0.00000  0.00000 
-100.00000 -100.00000 
-100.00000 -100.00000 
-0.09383  0.12632 
-100.00000 -100.00000 
-100.00000 -100.00000 
-100.00000 -100.00000 
-100.00000 -100.00000 
-100.00000 -100.00000 
-100.00000  0.00003 
-100.00000 -100.00000 
-100.00000 -100.00000 
 0.24955  0.59275 
-100.00000 -100.00000 
-100.00000  0.13761 
 0.00000  0.00000 
-100.00000 -100.00000 
-100.00000 -100.00000 
-100.00000 -100.00000 
-100.00000 -100.00000 
-100.00000 -100.00000 
 0.27392  0.13633 
-100.00000 -100.00000 
 0.01673 -0.00003 
-100.00000 -0.00020 
 0.02877  0.71642 
-0.38300  0.09617 
-0.01955 -0.04489 
-100.00000 -0.00011 
-100.00000 -100.00000 
-100.00000 -100.00000 
 0.35262 -0.37595 
 0.48530 -0.58578 
 0.01777  0.13823 
-100.00000 -100.00000 
-0.51728  0.00977 
 0.00779  0.76968 
 0.11254  0.11836 
-0.06500 -0.74714 
-100.00000 -100.00000 
-100.00000 -100.00000 
-100.00000  0.26328 
-100.00000 -0.74712 
-100.00000 -100.00000 
-0.12148 -100.00000 
-0.57352  0.07559 
 0.00000  0.00000 
 0.19647 -0.05057 
-100.00000  0.00011 
-100.00000 -100.00000 
-100.00000 -100.00000 
-0.13536  0.00005 
-100.00000 -100.00000 
-100.00000 -0.14563 
-0.31750  0.20201 
 0.00000  0.00000 
-100.00000 -100.00000 
 0.24321  0.40126 
-100.00000 -100.00000 
-100.00000 -100.00000 
 0.39247  0.70297 
 0.00000  0.00000 
-100.00000 -100.00000 
-100.00000 -0.14411 
-100.00000 -100.00000 
-100.00000 -100.00000 
-100.00000 -100.00000 
-100.00000 -100.00000 
 0.00000  0.00000 
-100.00000 -100.00000 
-100.00000 -100.00000 
-100.00000 -100.00000 
-100.00000 -100.00000 
-100.00000 -100.00000 
 0.16964  0.46518 
-100.00000 -100.00000 
-100.00000 -100.00000 
-100.00000 -100.00000 
-100.00000 -100.00000 
-100.00000 -100.00000 
-0.12072 -100.00000 
-100.00000 -100.00000 
 0.61226 -0.52800 
-100.00000  0.26305 
-100.00000 -100.00000 
-100.00000 -100.00000 
 0.00000  0.00000 
-0.18744  0.28195 
-100.00000 -100.00000 
-100.00000  0.13749 
-100.00000 -100.00000 
 0.13775 -100.00000 
-100.00000 -100.00000 
-0.07662  0.15044 
-100.00000 -100.00000 
-100.00000 -100.00000 
-100.00000  0.00000 
-100.00000 -100.00000 
-100.00000 -100.00000 
-100.00000 -100.00000 
 0.00014 -0.27695 
-100.00000 -100.00000 
-100.00000 -100.00000 
-100.00000 -100.00000 
-100.00000 -100.00000 
-100.00000 -100.00000 
-0.29196  0.81799 
-100.00000 -100.00000 
-100.00000 -100.00000 
-100.00000 -100.00000 
-100.00000 -100.00000 
-100.00000 -100.00000 
-100.00000 -100.00000 
-0.13529 -100.00000 
-100.00000 -100.00000 
-100.00000 -100.00000 
 0.48552  0.26278 
-0.21555 -0.39714 
 0.00387 -100.00000 
-100.00000 -100.00000 
-100.00000 -100.00000 
 0.10115 -0.12690 
-100.00000 -100.00000 
 0.33089  0.21691 
-100.00000 -100.00000 
-100.00000 -100.00000 
-100.00000  0.00030 
-0.00001 -100.00000 
-100.00000 -100.00000 
 0.02882 -0.57485 
 0.81744 -100.00000 
-100.00000 -100.00000 
-100.00000 -100.00000 
-100.00000 -0.61617 
-100.00000 -0.00005 
 0.02921  0.13757 
-100.00000 -100.00000 
-100.00000 -100.00000 
-100.00000 -100.00000 
-100.00000 -100.00000 
-100.00000 -100.00000 
-100.00000 -100.00000 
-100.00000 -100.00000 
-100.00000 -100.00000 
-100.00000 -100.00000 
-0.33816  0.27248 
-100.00000 -100.00000 
-100.00000 -100.00000 
-100.00000 -100.00000 
-100.00000 -100.00000 
-100.00000 -100.00000 
-100.00000 -100.00000 
-0.39224 -0.28824 
-0.04065 -100.00000 
-100.00000 -100.00000 
-0.20942  0.37865 
-100.00000  0.24361 
-100.00000  0.00004 
-100.00000 -100.00000 
-100.00000 -100.00000 
-100.00000 -100.00000 
-100.00000 -100.00000 
-100.00000 -100.00000 
-100.00000  0.00851 
-100.00000 -100.00000 
-100.00000 -100.00000 
-100.00000 -100.00000 
-100.00000 -100.00000 
-100.00000 -100.00000 
-100.00000 -100.00000 
-100.00000 -100.00000 
-100.00000 -100.00000 
-100.00000 -100.00000 
-100.00000 -100.00000 
-100.00000 -100.00000 
-100.00000 -100.00000 
-100.00000 -100.00000 
 0.00040 -100.00000 
-100.00000 -100.00000 
-100.00000 -100.00000 
-0.07090  0.00575 
-100.00000 -100.00000 
-100.00000 -100.00000 
-100.00000 -100.00000 
-100.00000 -100.00000 
-100.00000 -100.00000 
-100.00000  0.00025 
-100.00000 -100.00000 
-100.00000 -100.00000 
-100.00000 -100.00000 
-100.00000 -100.00000 
-100.00000 -100.00000 
-0.16729  0.37405 
 0.43870 -0.12720 
-100.00000 -100.00000 
-100.00000 -100.00000 
-100.00000 -100.00000 
-100.00000 -100.00000 
-0.07179 -100.00000 
-100.00000 -100.00000 
-100.00000 -100.00000 
-100.00000 -100.00000 
-0.16638 -0.37504 
-100.00000 -100.00000 
-100.00000 -100.00000 
-100.00000 -100.00000 
-100.00000 -100.00000 
-100.00000 -100.00000 
-100.00000 -100.00000 
 1.27617 -0.74325 
-100.00000 -100.00000 
-100.00000 -100.00000 
-100.00000 -100.00000 
-100.00000 -100.00000 
-100.00000 -100.00000 
-100.00000 -100.00000 
-100.00000  0.67864 
 0.15454 -100.00000 
-100.00000 -100.00000 
-100.00000 -100.00000 
-100.00000 -100.00000 
-100.00000  0.13748 
-100.00000 -100.00000 
-100.00000  0.00014 
-100.00000 -100.00000 
-100.00000  0.00002 
-100.00000 -100.00000 
-100.00000 -100.00000 
-100.00000 -100.00000 
 0.01540 -0.32046 
-100.00000 -100.00000 
-100.00000 -100.00000 
-100.00000 -100.00000 
-0.09707  0.00011 
-0.12189  0.26101 
-100.00000 -100.00000 
 0.26294  0.23855 
-100.00000 -100.00000 
-0.12243 -0.82064 
-100.00000 -100.00000 
-100.00000 -100.00000 
-100.00000 -100.00000 
-100.00000 -100.00000 
-100.00000 -100.00000 
-100.00000 -100.00000 
-100.00000 -0.00277 
-100.00000 -100.00000 
 0.37794 -100.00000 
-100.00000 -100.00000 
-100.00000  0.54955 
-100.00000 -100.00000 
 0.00000  0.00000 
-100.00000 -100.00000 
-100.00000 -100.00000 
 0.14873 -0.09275 
 0.25636  0.64402 
-0.12225 -100.00000 
-0.23482 -0.04113 
-100.00000 -100.00000 
-100.00000 -100.00000 
-100.00000 -100.00000 
-100.00000 -100.00000 
-0.12226 -100.00000 
 0.06378  0.12523 
-100.00000 -100.00000 
-100.00000 -0.12896 
 0.04024  0.25141 
-100.00000 -100.00000 
 0.26310 -0.00020 
-100.00000  0.13737 
-100.00000 -100.00000 
 0.46547 -0.31217 
-0.37572  0.37885 
-100.00000 -100.00000 
 0.02060 -0.17112 
-0.00056 -100.00000 
-100.00000 -0.26217 
-100.00000 -100.00000 
-0.46578  0.20269 
-100.00000 -100.00000 
-100.00000 -100.00000 
-100.00000 -100.00000 
-0.08218 -0.05843 
-100.00000 -0.12619 
-100.00000 -100.00000 
-100.00000 -100.00000 
-100.00000 -100.00000 
 0.45927  0.60221 
-0.30930  0.34514 
 0.13705  0.12618 
 0.24027 -0.04834 
-100.00000 -100.00000 
-100.00000 -100.00000 
-0.00051  0.30601 
 0.13513  0.02374 
-100.00000 -100.00000 
-100.00000 -0.12866 
-100.00000 -100.00000 
-100.00000 -100.00000 
-100.00000 -100.00000 
-100.00000 -100.00000 
-100.00000 -100.00000 
-100.00000 -100.00000 
-0.71546  0.12890 
-100.00000 -100.00000 
-100.00000 -100.00000 
-0.37304 -0.17049 
-100.00000 -100.00000 
-100.00000 -0.29019 
-100.00000 -100.00000 
-100.00000 -100.00000 
-100.00000 -100.00000 
-100.00000 -100.00000 
-100.00000 -100.00000 
