-100.00000 -100.00000 
-100.00000  0.13786 
 0.00000  0.00000 
 0.13373  0.45153 
 0.23701 -0.45770 
-0.20918 -100.00000 
 0.46298 -0.66558 
-0.14171 -100.00000 
-100.00000 -100.00000 
-100.00000  0.00048 
 0.00000  0.00000 
-100.00000  0.00031 
 0.51543 -0.60692 
 0.00000  0.00000 
 0.44219 -0.65287 
 1.18041  0.81437 
 0.00000  0.00000 
 0.12156  0.00013 
 0.07154  0.33269 
-100.00000 -100.00000 
-100.00000 -100.00000 
-100.00000 -100.00000 
-100.00000 -100.00000 
-100.00000 -100.00000 
 1.00011 -100.00000 
 0.00000  0.00000 
-100.00000 -100.00000 
-100.00000 -100.00000 
-0.25110  0.08175 
 0.20607 -0.41706 
 0.37855  0.37842 
-0.43651  0.76558 
 0.35683 -0.01834 
-100.00000  0.00004 
 0.07825  0.07341 
 0.42795 -100.00000 
-100.00000 -100.00000 
 0.13749 -100.00000 
-100.00000 -100.00000 
-100.00000  0.00000 
 0.28659 -0.01120 
 0.00000  0.00000 
 0.08738 -0.42638 
-0.07238  0.20965 
-100.00000 -100.00000 
-0.14100 -100.00000 
-0.41736  0.14700 
-100.00000 -100.00000 
-100.00000 -100.00000 
-100.00000 -0.13505 
 0.11760  0.14202 
-0.37211 -0.08684 
-0.45421 -0.00803 
 0.00008 -100.00000 
-100.00000 -100.00000 
-0.00144 -0.58724 
-0.45572  0.13745 
-100.00000 -100.00000 
 0.00015 -100.00000 
 0.70697 -0.16854 
-100.00000 -100.00000 
 0.13758 -0.00004 
-100.00000 -100.00000 
-0.24759 -0.13573 
 0.00000  0.00000 
-0.14066 -100.00000 
-100.00000 -100.00000 
-0.01476 -0.02310 
-100.00000 -100.00000 
-0.00415  0.57958 
-0.38866 -100.00000 
-100.00000 -100.00000 
 0.00009 -0.37771 
-100.00000 -100.00000 
 0.36139  0.61024 
 0.13747 -0.14064 
-100.00000 -100.00000 
-100.00000 -100.00000 
-100.00000 -100.00000 
-0.00397 -100.00000 
-0.27038 -100.00000 
-100.00000 -100.00000 
-0.17402 -0.01160 
-100.00000 -100.00000 
-100.00000 -100.00000 
 0.10761  0.72776 
-100.00000 -100.00000 
 0.40752 -0.13177 
-0.36537 -0.24129 
 0.00000  0.00000 
-0.48015  0.57451 
-0.55719  0.60496 
-100.00000 -100.00000 
-0.23547  0.09926 
-100.00000 -100.00000 
-100.00000 -100.00000 
 0.21008  0.67719 
-100.00000  0.00006 
 0.79624 -0.04228 
 0.92575 -0.00001 
 0.57448 -0.33173 
-0.21538  0.40773 
 0.27123  0.63639 
 0.45751  0.00034 
-100.00000  0.13740 
 0.00000  0.00000 
-100.00000 -100.00000 
-100.00000 -100.00000 
-100.00000 -100.00000 
-100.00000 -100.00000 
-0.00006  0.24913 
-100.00000 -100.00000 
-0.16626  0.26363 
 0.55078  0.13140 
-0.10631 -0.37570 
 0.03207  0.45582 
-100.00000 -100.00000 
-100.00000 -100.00000 
-100.00000 -100.00000 
-100.00000 -0.00010 
-100.00000 -100.00000 
-100.00000 -100.00000 
-100.00000 -100.00000 
 0.13454 -100.00000 
 0.25107  0.20895 
 0.65425  0.30738 
-0.21527 -0.29163 
 0.13769 -100.00000 
 0.60368 -100.00000 
-100.00000 -100.00000 
-100.00000 -100.00000 
-100.00000 -0.00001 
-100.00000 -100.00000 
-100.00000 -100.00000 
-0.00028 -0.00006 
-0.04161  0.31626 
-0.54778  0.28301 
-0.09884  0.16263 
-0.72524  0.50237 
-100.00000 -100.00000 
-0.30842  0.32471 
-100.00000 -100.00000 
 0.00022 -100.00000 
-0.37288 -0.06867 
 0.24919 -100.00000 
-0.05726 -0.30624 
-100.00000 -100.00000 
-0.14523  0.18671 
-0.33114 -0.17328 
 0.19817  0.04333 
-0.30367 -100.00000 
-100.00000 -100.00000 
 0.37931  0.04515 
-0.00701 -0.43742 
-0.09685 -0.27524 
-0.21155  0.23867 
-0.37060 -100.00000 
 0.39717  0.76728 
-0.45323 -0.02445 
-100.00000 -100.00000 
-100.00000 -100.00000 
-100.00000 -100.00000 
-100.00000 -100.00000 
-100.00000 -100.00000 
-100.00000 -100.00000 
-100.00000 -100.00000 
-100.00000 -100.00000 
 0.28442  0.69681 
-0.79763  0.20517 
-0.07100  0.60982 
 0.31320 -0.17228 
 0.04257  0.02097 
-0.09033 -0.39650 
-100.00000 -100.00000 
-0.50086  0.46222 
 0.86570  0.76743 
-0.42583  0.43988 
-0.02099 -0.12495 
-0.21163  0.33828 
-0.43846  0.32089 
-100.00000 -100.00000 
-0.42623  0.60999 
-100.00000 -100.00000 
-0.03233  0.00005 
-100.00000 -0.24757 
-0.15037 -0.12917 
 0.01030 -100.00000 
 0.13755 -100.00000 
-0.08450  0.24944 
-100.00000 -100.00000 
-0.24672  0.54646 
-100.00000 -100.00000 
-100.00000 -100.00000 
 0.25036  0.86461 
 0.58229 -0.19143 
-100.00000 -100.00000 
-0.12072 -100.00000 
-100.00000 -100.00000 
-100.00000 -100.00000 
-100.00000 -100.00000 
-0.09424 -0.78460 
-100.00000  0.36108 
-100.00000 -100.00000 
-0.12076  0.00001 
 0.95015  0.13765 
-100.00000 -0.22332 
-100.00000 -100.00000 
-100.00000 -100.00000 
 0.80881  0.03943 
-100.00000  1.18186 
 0.29680 -0.51259 
-0.77524  0.01276 
 0.00000  0.00000 
-100.00000 -100.00000 
-0.17886  0.46484 
 0.31844  0.13753 
 0.35256  0.54000 
 0.00000  0.00000 
-0.23871  0.05152 
-0.08504  0.84845 
-0.38610 -100.00000 
 0.00013 -100.00000 
-0.25886  0.43537 
 0.43059 -100.00000 
-100.00000 -100.00000 
-100.00000 -100.00000 
 0.44471 -0.19325 
 0.28822 -0.07171 
 0.45108 -0.14946 
-0.19711  0.56767 
 0.00000  0.00000 
 0.00000  0.00000 
-100.00000 -100.00000 
 0.32036 -0.25447 
-0.41053  0.05342 
 0.56357 -0.12454 
 0.14893 -0.48197 
-100.00000 -100.00000 
-100.00000 -100.00000 
 0.17025  0.06144 
-100.00000 -100.00000 
-100.00000 -100.00000 
-100.00000 -100.00000 
 0.18170 -100.00000 
-100.00000 -100.00000 
-0.11643 -100.00000 
-100.00000 -100.00000 
-1.06763 -0.50305 
-100.00000 -100.00000 
-100.00000 -0.00002 
 0.68139  0.28989 
-0.03049 -0.00005 
 0.15551 -0.10913 
-0.53243  0.09413 
-0.05406  0.03398 
-100.00000 -100.00000 
-0.38462 -0.56658 
-100.00000 -100.00000 
 0.72766 -0.31076 
 0.00000  0.00000 
-0.20495  0.36117 
-100.00000 -100.00000 
-100.00000 -100.00000 
-100.00000 -100.00000 
-0.23180  0.53635 
 0.00000  0.00000 
-100.00000 -100.00000 
 0.25366 -0.20632 
-100.00000 -100.00000 
 0.00000  0.00000 
-100.00000 -100.00000 
 0.00000  0.00000 
 0.37879 -0.26414 
 0.17156  0.13808 
-100.00000 -100.00000 
-0.02317  0.12245 
-0.64983  0.03038 
 0.67144  0.06907 
 0.48546 -0.25901 
-0.33493  0.00007 
-100.00000 -100.00000 
-100.00000 -100.00000 
-0.01622  0.69664 
 0.48575 -0.25985 
-0.23034  0.36488 
 0.00000  0.00000 
-0.30964 -100.00000 
-100.00000  0.00008 
-0.37289  0.27831 
-0.12146 -0.12634 
-100.00000 -100.00000 
-100.00000 -100.00000 
-0.00743  0.33330 
-0.37310 -0.19664 
-100.00000 -0.00005 
-100.00000 -100.00000 
 0.34883 -0.78014 
-0.23537 -100.00000 
 1.01044 -0.05772 
-0.13533 -0.00000 
 0.00000  0.00000 
-100.00000 -100.00000 
-0.45870  0.53841 
-100.00000 -100.00000 
 0.57902 -100.00000 
-0.08695  0.23704 
-0.13530 -100.00000 
-100.00000 -100.00000 
-100.00000 -100.00000 
-100.00000 -100.00000 
-100.00000 -100.00000 
 0.16545  0.37623 
-0.57679 -0.28432 
 0.34945 -0.02664 
 0.01167  0.20182 
-100.00000 -100.00000 
-100.00000 -100.00000 
-0.57053 -0.55894 
-100.00000 -100.00000 
-0.00008 -100.00000 
-0.00031 -0.00014 
-100.00000 -100.00000 
-0.05714  0.27119 
-0.25904 -100.00000 
-100.00000 -100.00000 
 0.18343 -0.07321 
-100.00000 -100.00000 
-100.00000 -100.00000 
-100.00000 -100.00000 
-100.00000 -100.00000 
 0.37231 -0.18271 
 0.55645  0.70601 
-100.00000 -100.00000 
-100.00000 -100.00000 
-100.00000 -100.00000 
-100.00000 -100.00000 
-100.00000 -100.00000 
-100.00000 -100.00000 
-0.24344  0.07731 
-100.00000 -100.00000 
-100.00000 -100.00000 
-100.00000 -100.00000 
-100.00000 -100.00000 
 0.00317 -0.00567 
-100.00000 -100.00000 
-100.00000 -100.00000 
-0.00014  0.10183 
 0.00000  0.00000 
-0.25872 -100.00000 
 0.00000  0.00000 
-100.00000 -100.00000 
-100.00000 -100.00000 
-100.00000 -100.00000 
 0.00505 -100.00000 
-100.00000 -100.00000 
-100.00000 -100.00000 
-100.00000 -100.00000 
-0.32273 -0.47464 
 0.09275 -0.13276 
-100.00000 -100.00000 
 0.00002 -100.00000 
-100.00000  0.12153 
-0.13511 -100.00000 
-100.00000 -100.00000 
-100.00000 -100.00000 
-100.00000 -100.00000 
-100.00000 -100.00000 
-0.19829 -100.00000 
-100.00000 -100.00000 
-100.00000  0.00009 
-100.00000 -100.00000 
 0.08531 -0.27057 
 0.30511 -100.00000 
-100.00000 -100.00000 
 0.11241 -0.31763 
 0.12756 -0.67133 
-100.00000 -100.00000 
 0.00000  0.00000 
 0.00000  0.00000 
 0.00002 -100.00000 
-0.63058 -0.44774 
-0.63678 -0.00755 
-100.00000  0.08239 
 0.53377  0.30983 
-0.28319  0.20189 
 0.46261  0.20185 
 0.00000  0.00000 
-100.00000 -100.00000 
 0.27619  0.27302 
-0.45777  0.49895 
-100.00000 -100.00000 
-0.07145 -0.65476 
-100.00000 -100.00000 
-100.00000 -100.00000 
 0.28585  0.12014 
-0.00012 -100.00000 
 0.98997  0.96619 
 0.37123  0.32104 
-0.20949 -100.00000 
 0.13773 -0.24561 
-0.57424 -100.00000 
-100.00000 -100.00000 
 0.37706 -0.10570 
-0.24556  0.34176 
 0.07548 -0.16371 
-100.00000 -100.00000 
 0.10520 -0.89752 
 0.00000  0.00000 
 0.37343  0.18901 
 0.02986  0.89640 
-100.00000 -100.00000 
-1.26358 -0.27096 
-100.00000 -100.00000 
-1.54363 -0.54155 
-0.67293 -100.00000 
-100.00000 -100.00000 
-100.00000 -100.00000 
-100.00000 -100.00000 
-100.00000 -100.00000 
-100.00000 -100.00000 
-100.00000 -100.00000 
-100.00000 -100.00000 
-100.00000 -100.00000 
-0.00005 -100.00000 
-100.00000 -100.00000 
-100.00000 -100.00000 
 0.03262 -0.07476 
-100.00000  0.00001 
 0.26992 -100.00000 
-100.00000 -0.00002 
-100.00000 -100.00000 
-100.00000 -100.00000 
-0.10385 -100.00000 
-100.00000 -100.00000 
-100.00000 -100.00000 
 0.05831  0.26014 
-100.00000 -100.00000 
-100.00000 -100.00000 
 0.00000  0.00000 
-100.00000  0.13758 
-100.00000 -100.00000 
-100.00000 -100.00000 
 0.21261 -0.19010 
-100.00000 -100.00000 
-100.00000 -100.00000 
-100.00000  0.00011 
-100.00000 -100.00000 
-0.10830  0.00010 
-100.00000 -100.00000 
 0.21906 -0.08748 
-100.00000 -100.00000 
-100.00000 -100.00000 
-100.00000 -100.00000 
-100.00000 -100.00000 
 0.00004 -100.00000 
-100.00000 -100.00000 
-100.00000 -100.00000 
 0.06595 -0.14209 
 0.00019 -100.00000 
-0.63152  0.38687 
-100.00000 -100.00000 
-100.00000 -100.00000 
 0.05346 -0.08612 
-100.00000 -100.00000 
-0.16940 -0.02787 
-100.00000  0.27280 
 0.27609 -0.08741 
-0.38960  0.64413 
-100.00000 -100.00000 
-100.00000 -0.61237 
 0.09338 -0.29625 
-100.00000 -100.00000 
 0.00000  0.00000 
-0.23620  0.09944 
-0.30330 -0.40338 
-100.00000 -0.43709 
-100.00000 -100.00000 
-100.00000 -100.00000 
-100.00000 -100.00000 
-100.00000 -100.00000 
-100.00000 -100.00000 
-0.18605 -100.00000 
-100.00000 -100.00000 
-100.00000 -100.00000 
-100.00000 -100.00000 
-0.71566  0.02837 
-100.00000 -100.00000 
-100.00000 -100.00000 
-100.00000 -100.00000 
 0.35763 -0.07557 
-100.00000 -100.00000 
-100.00000 -100.00000 
 0.23139 -0.09792 
-0.58100  0.06358 
 0.12412  0.21342 
-100.00000 -100.00000 
-0.06645  0.00793 
-0.50784 -0.05849 
-0.16044 -0.96701 
-100.00000 -100.00000 
-0.34951 -0.04025 
-0.02852 -0.07859 
-0.12741 -100.00000 
 0.04914 -0.07621 
-100.00000 -100.00000 
 0.14397 -0.33896 
-0.68850 -0.84422 
 0.50619 -0.00026 
 0.16222 -0.74752 
-100.00000 -0.08823 
 0.48143  0.00001 
-100.00000 -100.00000 
-0.43284 -0.50045 
 0.13738  0.01555 
 0.15686 -100.00000 
-100.00000 -100.00000 
 0.30526 -0.29838 
 0.12870 -0.56437 
-0.07843 -0.31032 
-0.77089  0.14144 
-100.00000 -100.00000 
-100.00000 -0.00018 
-100.00000  0.89794 
 0.01943 -0.81968 
-0.00012 -100.00000 
-0.39621 -0.06598 
-100.00000 -100.00000 
-100.00000 -100.00000 
-100.00000 -100.00000 
-0.11945 -100.00000 
 0.00000  0.00000 
-100.00000 -100.00000 
-0.00021 -100.00000 
 0.13754  0.01892 
 0.39821 -0.24826 
 0.41519  0.23441 
 0.00000  0.00000 
 0.04825 -0.12111 
 0.00008 -100.00000 
-0.09688 -0.12124 
-0.26448  0.14484 
-0.72397 -0.43600 
 0.27953 -0.07587 
-0.00371 -0.49677 
 0.01543  0.00008 
-100.00000 -100.00000 
-100.00000 -0.19794 
 0.00000  0.00000 
 0.03956 -100.00000 
-100.00000  0.07736 
-0.00028 -100.00000 
-0.23450 -100.00000 
-0.27681 -0.68603 
-0.00002 -100.00000 
 0.41605  0.36308 
-100.00000 -100.00000 
-0.00003 -100.00000 
-0.11667 -0.65112 
-100.00000 -100.00000 
-100.00000 -100.00000 
-100.00000 -0.23472 
-0.00004 -0.12219 
-100.00000 -100.00000 
-100.00000 -100.00000 
-100.00000 -100.00000 
