-0.23672 -0.21896 
 0.56475  0.16731 
 0.68088 -100.00000 
 0.11269 -100.00000 
 0.00000  0.00000 
 0.00000  0.00000 
 0.09819 -0.35789 
 0.00000  0.00000 
 0.00000  0.00000 
 0.97923  0.00048 
-0.45903 -0.24415 
 0.30154  0.63552 
 0.13763  0.10885 
 0.26324 -100.00000 
-100.00000 -100.00000 
-100.00000 -100.00000 
-100.00000 -100.00000 
-100.00000 -100.00000 
-0.00824 -0.10789 
 0.41445 -0.14106 
-100.00000 -100.00000 
-100.00000 -100.00000 
-100.00000 -100.00000 
-100.00000 -100.00000 
 0.58506  0.56651 
-100.00000 -100.00000 
-100.00000 -100.00000 
-100.00000 -100.00000 
 0.33662  0.12250 
-100.00000 -100.00000 
-100.00000  0.13741 
-100.00000 -100.00000 
-100.00000 -0.14060 
-100.00000 -100.00000 
-100.00000 -100.00000 
-0.13657 -100.00000 
 0.00000  0.00000 
-100.00000 -100.00000 
-100.00000 -100.00000 
-100.00000 -100.00000 
-0.37364 -100.00000 
-100.00000 -100.00000 
 0.10052  0.34589 
-100.00000 -100.00000 
-100.00000  0.13756 
-100.00000 -100.00000 
 0.26326 -0.47319 
-100.00000 -100.00000 
 0.00000  0.00000 
 0.00000  0.00000 
-100.00000 -100.00000 
-100.00000 -100.00000 
-0.11250 -0.21448 
-100.00000 -100.00000 
-100.00000 -100.00000 
-100.00000 -100.00000 
 0.37880 -100.00000 
 0.00000  0.00000 
-100.00000 -100.00000 
 0.49359 -0.15315 
 0.00000  0.00000 
-0.39986 -100.00000 
-100.00000 -100.00000 
 0.12367 -0.07990 
 0.13705  0.62324 
-0.12459  0.30136 
 0.00000  0.00000 
 0.97095  0.43155 
 0.00000  0.00000 
-0.01494 -0.56997 
 0.86735 -0.00003 
-100.00000 -100.00000 
-100.00000 -100.00000 
 0.94066 -1.02715 
 0.26165 -0.08730 
-100.00000 -100.00000 
 0.23272  0.21634 
 0.00000  0.00000 
 0.00000  0.00000 
-100.00000 -100.00000 
-100.00000 -100.00000 
 0.73224 -1.07778 
-0.75591  0.76553 
-100.00000 -100.00000 
-100.00000 -100.00000 
 0.40340 -0.41942 
 0.00000  0.00000 
 0.00000  0.00000 
-0.39565  0.44451 
-0.11190 -0.02622 
-0.86475 -0.24948 
-0.35176 -0.26140 
-0.13650 -100.00000 
-100.00000 -100.00000 
-100.00000 -100.00000 
-0.14312 -0.11036 
-0.41218 -0.47253 
-100.00000 -100.00000 
 0.58701  0.12276 
 0.50545  0.26285 
 0.00032  0.00007 
-100.00000 -100.00000 
-0.39293  0.00004 
 0.84111  0.00034 
-100.00000 -100.00000 
 0.26304 -0.00003 
-100.00000 -100.00000 
-100.00000 -100.00000 
 0.29856 -0.19585 
-100.00000 -100.00000 
-2.24693  0.00010 
 0.00000  0.00000 
 0.32632 -100.00000 
-100.00000  0.13424 
 0.24412 -1.02007 
-100.00000 -100.00000 
-100.00000 -100.00000 
 0.00000  0.00000 
-100.00000 -100.00000 
-100.00000 -100.00000 
-100.00000  0.01495 
 0.00000  0.00000 
-0.30564 -0.29261 
-0.02543 -0.59788 
 0.34238 -0.36962 
-0.10767 -0.17396 
-0.01748  0.27568 
 0.00000  0.00000 
-100.00000 -100.00000 
-100.00000 -100.00000 
-0.02726  0.38282 
-100.00000 -100.00000 
 1.17880 -0.10476 
-0.38975 -0.26486 
-0.11292  0.23848 
-1.85566 -1.23775 
 0.62068  0.25593 
-0.38945  0.13402 
 0.19548  0.37417 
-0.26518 -0.22113 
 0.17854  0.87147 
-0.11985 -100.00000 
-0.23815  0.00975 
-100.00000 -100.00000 
-0.24823 -0.38910 
 0.58540 -100.00000 
-100.00000 -100.00000 
-0.38291 -0.13033 
-100.00000 -100.00000 
 0.33651 -0.35712 
 0.63396 -0.29310 
-100.00000 -100.00000 
 0.16210 -0.21506 
 0.29144  0.17268 
-0.57535  1.25057 
-100.00000 -100.00000 
-0.76630 -0.09244 
 0.61248 -0.19605 
 0.00021  0.13764 
 0.68999  0.31752 
-100.00000 -100.00000 
-100.00000 -100.00000 
-100.00000 -100.00000 
 0.00000  0.00000 
 0.00000  0.00000 
-0.01042 -0.58985 
 0.00000  0.00000 
-100.00000  0.13763 
 0.10014  0.26306 
 1.08285  0.03115 
 0.06244 -0.02912 
-0.79263 -0.32188 
 0.87689  0.66128 
-100.00000 -100.00000 
 0.65551  0.66223 
 0.18530  0.07890 
 0.00000  0.00000 
-1.68459 -0.01587 
-0.00047  0.13040 
 0.24586  0.12824 
-100.00000 -100.00000 
 0.87632  0.15750 
 0.00011 -100.00000 
 0.13695  0.48548 
 0.60722  0.13754 
 0.26382 -0.41664 
 0.44175  0.00159 
 1.07074 -0.10621 
 0.37845 -0.00016 
 0.00000  0.00000 
-0.99197 -0.18948 
 0.00000  0.00000 
 0.00241 -100.00000 
-100.00000 -100.00000 
-0.16533  0.02624 
 0.13766 -100.00000 
-1.51492 -100.00000 
 0.13150  0.13307 
-100.00000 -100.00000 
-0.00040 -100.00000 
 0.11742  0.13227 
-0.00031  0.15150 
-100.00000 -100.00000 
-0.13650  0.02596 
 0.26589  0.46943 
 0.66400 -100.00000 
 0.00000  0.00000 
-100.00000 -100.00000 
 0.55282  0.19859 
 0.65432  0.71445 
 0.36549  0.85750 
-0.12471  0.01778 
-100.00000 -100.00000 
-0.00201  0.00004 
-100.00000 -100.00000 
 2.18742  0.27024 
-0.26135 -0.17257 
 0.37771  0.36089 
-100.00000 -0.00001 
-0.93235 -0.15828 
-0.34463  0.86679 
 1.36190 -0.10726 
 0.50095 -0.18605 
 0.22460  0.00020 
-0.70276  0.27833 
 1.08483  0.22716 
 0.22454 -0.00318 
 0.37055  0.50178 
 0.55206  0.26296 
-0.07304  0.16195 
 0.62700  0.15245 
 0.80565  0.35024 
-0.00013 -100.00000 
-0.58001  0.59299 
 0.58047 -0.08759 
 0.23184  0.69630 
 0.19347  0.27952 
-100.00000  0.19331 
-0.10056 -100.00000 
 0.13330  0.06144 
-100.00000 -100.00000 
-100.00000 -100.00000 
 0.00005 -100.00000 
 0.25265  0.22467 
-100.00000 -100.00000 
 0.00526  0.16495 
-0.26794  0.06787 
 1.04760 -0.13384 
 0.00000  0.00000 
 0.00000  0.00000 
 0.72503 -0.01842 
 0.22515  0.10433 
 0.48550 -0.50824 
-100.00000 -100.00000 
 0.37818 -100.00000 
-0.63962 -0.26458 
 0.64033  0.01501 
 0.25184  0.21082 
-100.00000 -100.00000 
-100.00000 -100.00000 
 0.00003 -100.00000 
-100.00000 -100.00000 
-100.00000 -100.00000 
 0.00000  0.00000 
-0.24246  0.36989 
-100.00000 -100.00000 
 0.68176  0.03557 
-0.58039  0.20502 
-100.00000 -100.00000 
-100.00000 -100.00000 
 0.56988  0.23690 
 0.93872  0.03484 
 0.00000  0.00000 
 0.48304  0.27373 
-100.00000 -100.00000 
 0.58476 -100.00000 
 0.33595  0.26316 
-0.70846  0.01916 
-100.00000 -100.00000 
-100.00000 -100.00000 
 0.11715 -100.00000 
 0.16486 -0.10479 
 0.08319  0.79376 
 0.00191  0.13756 
 1.80808  0.15376 
 0.38566 -0.02237 
 1.12345  0.15343 
 0.24683  0.77942 
-0.57114  0.53641 
 0.62837 -100.00000 
-100.00000 -100.00000 
-0.00003 -0.00021 
-100.00000 -100.00000 
-0.09378 -0.45868 
-100.00000 -100.00000 
-100.00000  0.23669 
-100.00000 -100.00000 
-0.79137  0.07809 
 1.22114  0.26245 
-100.00000 -100.00000 
-100.00000 -100.00000 
 0.70949  0.12111 
 1.38783 -0.32881 
 0.00021 -100.00000 
-100.00000 -100.00000 
 0.00000  0.00000 
 0.11434 -0.01834 
 0.83800  0.17867 
-0.27682 -100.00000 
-100.00000 -100.00000 
 0.13768  0.62373 
-100.00000 -0.14169 
 0.54903  0.12171 
 1.15597 -0.55595 
 0.00095 -100.00000 
 0.25681 -0.61724 
-100.00000 -100.00000 
 1.07008  0.26131 
-100.00000 -100.00000 
-0.59731 -0.15211 
 0.58477 -0.38958 
-100.00000 -100.00000 
 0.11830 -0.31507 
-0.74652  0.13757 
 0.00016 -100.00000 
 0.52288  0.26318 
-100.00000 -100.00000 
 0.00000  0.00000 
-100.00000 -100.00000 
 0.18932 -0.00447 
-100.00000 -100.00000 
-100.00000 -100.00000 
-100.00000 -100.00000 
 0.00000  0.00000 
-100.00000 -0.00006 
-100.00000 -100.00000 
-0.20974 -0.38962 
 0.18645  0.36884 
-0.00160 -0.21840 
-0.01920 -0.01342 
-100.00000  0.00012 
-100.00000 -100.00000 
-100.00000 -100.00000 
-100.00000 -100.00000 
 0.00000  0.00000 
 0.23674 -0.09654 
 0.13743  0.67821 
-100.00000 -100.00000 
 0.10142  0.23767 
-100.00000 -100.00000 
-100.00000 -100.00000 
-0.42909 -0.32704 
 0.70990 -0.22171 
-100.00000 -100.00000 
-100.00000 -100.00000 
-100.00000 -100.00000 
-0.19306  0.04700 
 0.15351 -0.26010 
-100.00000 -100.00000 
 0.34761  0.23486 
 0.31004 -0.25852 
-100.00000 -100.00000 
-100.00000 -100.00000 
 0.30815 -0.01040 
 0.00002 -100.00000 
-100.00000 -100.00000 
-100.00000 -100.00000 
-0.42136  0.44302 
-0.44546 -100.00000 
 0.47733 -0.25216 
-100.00000 -100.00000 
-100.00000 -100.00000 
-0.42080 -0.01090 
-100.00000 -100.00000 
-0.29585 -0.49965 
-100.00000 -100.00000 
-100.00000 -100.00000 
-100.00000 -100.00000 
-100.00000 -100.00000 
-100.00000 -100.00000 
 0.53783 -0.28992 
-0.12148 -0.39623 
-100.00000 -100.00000 
-100.00000 -100.00000 
-100.00000 -100.00000 
-0.50058  0.35951 
-100.00000 -100.00000 
-0.41926  0.38456 
 1.07068 -100.00000 
 0.21393 -0.41459 
-0.43777 -100.00000 
 0.00004 -100.00000 
-100.00000 -100.00000 
-100.00000 -100.00000 
-0.53371 -0.42245 
-100.00000 -100.00000 
-100.00000 -100.00000 
-0.39525 -0.23762 
-0.37178  0.17421 
-100.00000 -100.00000 
-0.47697 -0.00009 
 0.70420 -0.71111 
-100.00000 -100.00000 
-0.72363  0.09280 
-100.00000 -100.00000 
 0.33817  0.67043 
-100.00000 -100.00000 
-0.83116 -0.45883 
-0.14681 -100.00000 
-0.00040 -100.00000 
 0.00003 -100.00000 
 0.98719  0.09589 
-0.73617  0.18561 
-100.00000 -100.00000 
 0.36187  0.34864 
 0.00000  0.00000 
-100.00000 -100.00000 
-0.31231 -0.06701 
-100.00000 -100.00000 
 0.28840  0.38593 
-100.00000 -100.00000 
-100.00000 -100.00000 
 0.00000  0.00000 
-100.00000 -100.00000 
-100.00000 -100.00000 
-100.00000 -100.00000 
 0.52880 -0.08590 
 0.35215 -100.00000 
-100.00000 -100.00000 
-100.00000 -100.00000 
-0.37321 -0.45426 
 0.00000  0.00000 
-100.00000 -100.00000 
-0.21796 -0.80856 
 0.48784 -0.00706 
-100.00000 -100.00000 
-100.00000 -100.00000 
 0.13775 -100.00000 
-100.00000 -100.00000 
-100.00000 -100.00000 
 0.00000  0.00000 
 0.00000  0.00000 
-100.00000 -100.00000 
 0.00000  0.00000 
 0.00000  0.00000 
-100.00000 -100.00000 
-100.00000 -100.00000 
-100.00000 -100.00000 
-100.00000 -100.00000 
-100.00000 -100.00000 
 0.00000  0.00000 
 0.26317 -100.00000 
 0.14068 -0.00691 
 0.00014 -100.00000 
-100.00000 -100.00000 
 0.00000  0.00000 
-100.00000 -100.00000 
 0.47601 -100.00000 
-100.00000 -100.00000 
-100.00000 -100.00000 
 0.00000  0.00000 
-100.00000 -100.00000 
-100.00000 -100.00000 
 0.13747 -100.00000 
-0.37179 -100.00000 
-100.00000 -100.00000 
-100.00000 -0.06646 
 0.89743  0.16235 
 0.00000  0.00000 
-100.00000 -0.10563 
 0.37873 -100.00000 
-100.00000 -100.00000 
-100.00000 -100.00000 
-0.31841  0.04496 
 0.00014 -100.00000 
-1.78389 -0.95785 
-0.24702 -0.12219 
-100.00000  0.00005 
-0.00011 -100.00000 
-100.00000 -100.00000 
 0.41168  0.21675 
 0.38980 -0.07675 
-0.24868  0.34178 
 1.20498 -0.20075 
-100.00000  0.26296 
-1.29337  0.58495 
-0.24711 -100.00000 
-100.00000 -100.00000 
-100.00000 -100.00000 
 2.01657  0.01557 
-100.00000 -100.00000 
-0.35572  0.01636 
 0.00042 -100.00000 
 0.00012 -100.00000 
 0.63661 -0.50800 
-100.00000 -100.00000 
-0.91658  0.22860 
-100.00000 -100.00000 
-0.74466 -0.11964 
 0.00018 -100.00000 
 0.37861 -0.00030 
-100.00000  0.44336 
 0.75971  0.57000 
 0.75255 -0.34096 
-100.00000 -100.00000 
 0.04511 -0.28337 
-0.45757 -0.15482 
-0.21965 -0.25865 
-0.60806 -0.60287 
 0.45886 -0.03386 
 0.00000  0.00000 
 0.43135 -0.32702 
 0.13537 -0.11489 
-1.26290  0.58500 
 0.58490  0.21588 
-0.19443 -0.12193 
 1.20026  0.53555 
 0.81078 -0.09262 
 0.15575 -0.50587 
 0.22874 -100.00000 
 0.00000  0.00000 
-100.00000 -100.00000 
 0.04268 -0.51286 
-0.13981  0.21076 
 0.00001 -100.00000 
 0.26534  0.09522 
-100.00000 -100.00000 
-0.12146 -0.10157 
-100.00000 -100.00000 
 0.00000  0.00000 
-100.00000  0.00005 
 0.01104  0.18342 
-100.00000  0.00007 
-0.21311 -0.25112 
-100.00000 -100.00000 
-0.00015 -100.00000 
-100.00000 -0.00007 
-100.00000 -100.00000 
 1.08966 -0.44935 
 0.00000  0.00000 
-0.61974 -100.00000 
 0.00000  0.00000 
 0.00000  0.00000 
 0.13753 -100.00000 
 0.20619 -0.12197 
 0.00000  0.00000 
-100.00000 -100.00000 
-100.00000 -100.00000 
 0.00876 -0.66355 
-0.32942  1.01576 
 0.41220 -0.28716 
 0.01594 -0.04161 
 0.75221  0.03929 
-0.31965  0.15424 
-0.68952 -0.07656 
 0.84781 -0.43676 
-100.00000 -100.00000 
 1.17406  0.23723 
 0.00000  0.00000 
 0.01573  0.14362 
 0.37864 -0.14922 
-0.52842  0.02817 
 0.00021  0.00014 
-100.00000 -100.00000 
-0.76985  0.42683 
