-100.00000 -0.00005 
-0.34134 -0.45554 
 0.38836 -0.11134 
 1.24860  0.47844 
-0.00032 -100.00000 
-100.00000 -100.00000 
 0.00029 -0.00016 
-0.14068 -100.00000 
 0.67089  0.25078 
 0.79238  0.77826 
 0.21493  0.51353 
-0.43896  0.11376 
 0.20721 -100.00000 
 0.27872 -0.07653 
 0.13749 -0.10787 
-100.00000 -100.00000 
 0.39987 -0.00958 
-100.00000 -100.00000 
 0.78025  0.21119 
-100.00000 -100.00000 
 0.10030 -100.00000 
-100.00000 -100.00000 
-0.13660 -0.09903 
-0.13657  0.13753 
-100.00000 -100.00000 
 0.23270 -0.00929 
 0.35377  0.32665 
-0.20998  0.43255 
 0.00000  0.00000 
-0.02097  0.19831 
 0.00017 -100.00000 
-0.47733  0.26308 
-100.00000 -100.00000 
-100.00000 -100.00000 
 0.13749 -100.00000 
-100.00000 -100.00000 
-0.20285  0.23600 
-100.00000 -100.00000 
-100.00000 -100.00000 
 0.16880  0.44659 
-100.00000 -100.00000 
-0.01493  0.23965 
-100.00000 -100.00000 
-0.00818  0.13753 
 0.13764 -100.00000 
 0.00000  0.00000 
-100.00000 -0.00008 
 0.51818  0.18497 
-100.00000 -100.00000 
-100.00000 -100.00000 
-100.00000 -0.12102 
 0.66675 -0.57975 
 0.00000  0.00000 
-0.00001 -100.00000 
 0.76705 -0.11347 
-0.36831 -0.10919 
-100.00000 -100.00000 
-100.00000 -100.00000 
-0.13936  0.00009 
 1.06019 -0.59372 
 0.38497 -0.08275 
-0.96670  0.37847 
-0.00018 -100.00000 
-0.00005 -100.00000 
-0.12061 -0.07934 
-0.47759  0.32324 
-100.00000 -100.00000 
 0.48507 -1.17829 
 0.06310 -0.17941 
 0.37869 -0.00005 
-1.46731  0.54008 
-0.02100  0.15594 
 0.07592 -0.39429 
-0.37316 -100.00000 
-0.13354  0.58504 
-100.00000 -100.00000 
-100.00000 -100.00000 
-100.00000 -100.00000 
 0.25293  0.22281 
-100.00000 -100.00000 
-0.41928 -0.17622 
-0.37737 -0.32432 
-0.14579  0.48542 
-0.13269  0.26304 
-100.00000 -100.00000 
 0.00000  0.00000 
-100.00000 -100.00000 
 0.00030 -100.00000 
 1.27393  0.95574 
-0.74639  0.20307 
 0.69067 -0.38665 
 0.00000  0.00000 
-100.00000 -100.00000 
 0.00000  0.00000 
-0.14583 -100.00000 
 0.48550  0.00008 
-100.00000 -100.00000 
-100.00000 -100.00000 
-0.97055 -0.42975 
-0.20692 -0.26777 
 0.01508  0.68687 
 0.00000  0.00000 
 0.13747 -100.00000 
-0.75085  0.60239 
-0.00006 -100.00000 
-0.73803 -0.34971 
-0.27347  0.26307 
-100.00000  0.00020 
-0.25491  0.23782 
-100.00000 -100.00000 
 0.65248 -0.12938 
-100.00000 -100.00000 
-0.12660  0.34798 
-0.27399  0.13761 
 1.62335  0.23050 
-100.00000 -100.00000 
-100.00000 -100.00000 
-100.00000 -100.00000 
-0.32245 -0.50407 
-100.00000 -100.00000 
 0.00018 -100.00000 
-0.12045  0.04348 
 0.00000  0.00000 
 0.00000  0.00000 
-0.50303 -100.00000 
 0.00000  0.00000 
 0.00000  0.00000 
 0.27346  0.19336 
-0.13605 -100.00000 
 0.00004  0.02105 
 1.15971  0.02746 
-100.00000 -100.00000 
-100.00000 -100.00000 
 0.59624  0.02636 
 0.58511 -0.40118 
-0.44956  0.11296 
 0.65265 -0.23615 
 0.00000  0.00000 
 0.00000  0.00000 
 0.13761 -100.00000 
 0.31549  0.23328 
 0.39472 -0.27871 
-0.00890 -0.00001 
 0.66235 -100.00000 
 0.42296 -0.55024 
 0.51933 -0.33504 
-100.00000 -100.00000 
-0.24412  0.76810 
 1.11911  0.18685 
 1.27082  0.25062 
 0.00000  0.00000 
 0.00010  0.15310 
 0.00000  0.00000 
-0.46176  0.04446 
-0.41309  0.00375 
-0.61152 -100.00000 
-0.78713 -0.37558 
 0.00000  0.00000 
 0.00000  0.00000 
-0.11257  0.06375 
-0.00008 -100.00000 
 0.11970  0.48547 
 0.53086 -0.29418 
-0.43280  0.01577 
 0.26299  0.13760 
-100.00000 -100.00000 
-100.00000 -100.00000 
 0.53497  0.40927 
 0.46202 -0.20768 
 0.11255  0.27851 
-0.95366 -0.27135 
-0.61728 -0.82416 
 0.00000  0.00000 
 0.49228 -0.12911 
 0.29430  0.04289 
 1.40702  0.54071 
 0.46537 -100.00000 
 1.53242  0.35614 
-0.32427 -0.00350 
 0.00000  0.00000 
 0.13747  0.00007 
-0.18438  0.60338 
 1.03282  0.53448 
-0.31492 -0.01026 
-100.00000 -100.00000 
 1.35638 -0.00001 
-0.00008 -100.00000 
-0.68149  0.02095 
-100.00000 -100.00000 
-100.00000 -100.00000 
-100.00000 -100.00000 
-100.00000 -100.00000 
-100.00000 -100.00000 
 0.84027  0.22117 
-100.00000 -100.00000 
-100.00000 -100.00000 
 0.00274 -0.24496 
-0.67053  0.28666 
 0.00000  0.00000 
 0.00000  0.00000 
 0.00000  0.00000 
-0.91177 -100.00000 
-100.00000 -100.00000 
-100.00000 -100.00000 
 0.51247  0.64572 
 0.00000  0.00000 
-100.00000 -100.00000 
 0.00000 -0.11040 
 0.00000  0.00000 
 0.62120  0.34331 
 0.12928  0.19249 
 0.00463 -0.50953 
 0.85529  0.28776 
-0.70797  0.21939 
-100.00000 -100.00000 
 0.00000  0.00000 
-100.00000 -100.00000 
-0.58452 -0.06640 
 0.00000  0.00000 
 0.00000  0.00000 
-0.55743  0.47982 
 0.37875 -0.31172 
 0.30094 -0.17013 
 0.05811  0.24840 
-0.11315 -100.00000 
 0.06113  0.44267 
-0.91922  0.18737 
-0.46482  0.56833 
 0.12390 -0.42637 
-0.08923  0.04981 
 0.14907 -0.10295 
 0.55141  0.94814 
 0.00087 -0.34858 
-3.25088  0.35703 
-1.20958 -0.18608 
-0.25276 -0.32416 
 0.21680  0.86595 
 0.42175 -0.15461 
 0.21158 -0.20477 
 0.01639 -0.17394 
-100.00000 -100.00000 
 0.13334  0.01849 
-100.00000 -100.00000 
-0.30778 -0.18753 
-100.00000 -100.00000 
 0.26379 -100.00000 
-100.00000 -100.00000 
 1.00751 -0.27206 
-0.21373  0.14088 
-100.00000 -100.00000 
 0.65878  0.61849 
 0.54925 -0.32778 
-0.81582 -0.07301 
 0.34962  0.07554 
-0.03334 -1.01389 
-100.00000 -100.00000 
 0.73388  0.27102 
-0.41102  0.17542 
 0.00001 -0.21440 
 0.10269  0.52442 
-0.54589  0.20467 
 0.64222 -0.43920 
-0.16530  0.46356 
-100.00000 -100.00000 
-100.00000 -100.00000 
 0.34895  0.26766 
-0.20276 -0.26399 
 0.34443 -0.31080 
-100.00000 -100.00000 
 0.38964  0.05042 
 0.49072  0.17277 
 0.95462 -0.26592 
-100.00000 -100.00000 
 0.00000  0.00000 
 0.34882  0.26312 
 0.13135 -0.10389 
 0.16389 -0.46350 
 0.93529 -0.60785 
 0.00000  0.00000 
-0.11019  0.14730 
 0.10926 -0.11151 
-100.00000 -100.00000 
 0.15716  0.29862 
 0.00000  0.00000 
 0.24004 -0.20481 
-0.21596 -0.09742 
 0.00000  0.00000 
 0.16945 -0.86295 
 1.35170  0.09404 
-0.27696 -0.43855 
 0.34041 -0.00001 
-0.29835 -0.22029 
 0.08820  0.21475 
 0.26075  0.58081 
-0.50911 -0.00440 
-100.00000 -100.00000 
 0.22137 -100.00000 
 0.33812  0.76564 
 0.24904  0.23692 
 0.00011 -0.14197 
 1.49517 -0.01388 
-100.00000 -100.00000 
-0.06007  0.28196 
 0.00000  0.00000 
 0.29338  0.37761 
 0.00006 -100.00000 
 0.98092 -0.57060 
 0.23806 -0.02709 
-100.00000 -100.00000 
-0.15190  0.39363 
-100.00000 -100.00000 
-0.23160 -0.01954 
-0.03328 -0.11108 
 0.03483 -0.31494 
 0.70697  0.04284 
-100.00000 -100.00000 
-100.00000 -100.00000 
 0.63808  0.77375 
 0.18734  0.12136 
 0.42264 -0.39684 
 0.34018 -0.00014 
-100.00000 -100.00000 
-100.00000 -100.00000 
-0.13023 -0.12468 
 0.00000  0.00000 
 0.39398 -0.10910 
 0.48555  0.42929 
-0.01839 -0.33150 
-0.12814 -0.00025 
-100.00000 -100.00000 
-100.00000 -100.00000 
-0.14386 -100.00000 
 0.13746 -100.00000 
-100.00000 -100.00000 
 0.13752 -0.00006 
 0.24069 -100.00000 
 0.01476 -0.56819 
 0.21875  0.16597 
 0.00000  0.00000 
-100.00000 -100.00000 
-0.00001 -100.00000 
-100.00000 -100.00000 
-0.25563 -100.00000 
-0.34524  0.32893 
 0.58511  0.48568 
 0.23771  0.21666 
 0.48926 -100.00000 
-0.44569 -0.45439 
-0.13959  0.12219 
 0.86946  0.09742 
-0.12221 -0.08594 
 0.01920  0.05392 
 0.37898 -0.27072 
-100.00000 -100.00000 
-100.00000 -100.00000 
-100.00000 -100.00000 
 0.00002 -100.00000 
-0.03869 -0.00769 
-100.00000 -100.00000 
-100.00000 -100.00000 
 0.00021 -100.00000 
-100.00000 -100.00000 
-100.00000 -100.00000 
-100.00000 -100.00000 
-100.00000  0.12131 
-0.04310  0.16583 
-0.00101 -0.14191 
-100.00000 -100.00000 
-0.14460 -100.00000 
 0.13286 -0.18915 
-0.04474  0.42709 
-0.04784 -0.57046 
-100.00000 -100.00000 
 0.00009 -100.00000 
 0.00000  0.00000 
-0.41639 -0.06841 
-100.00000 -0.00428 
 0.52291  0.02569 
 0.11757 -0.46288 
-100.00000 -100.00000 
 0.01135  0.20309 
-1.15141  0.37854 
 0.00000  0.00000 
 0.26299  0.00004 
-0.00012  0.15739 
 1.59126  0.29933 
 0.12834  0.20410 
-100.00000  0.26305 
 0.77578  0.14633 
 0.23179 -0.29816 
 0.41999  0.37870 
-0.30458 -0.20091 
-0.06906 -0.22218 
-0.00006 -100.00000 
-100.00000 -100.00000 
 0.01156  0.04745 
 0.00000  0.00000 
-100.00000 -100.00000 
-0.13480 -0.00001 
 0.76622 -0.29652 
-100.00000  0.03266 
-100.00000 -100.00000 
-0.74318  1.41930 
 0.62062  0.04155 
-100.00000 -100.00000 
 1.38388  0.26650 
-0.32713 -100.00000 
 0.33891  0.38427 
-0.50016 -0.29642 
-1.22853  0.64069 
 0.00003 -100.00000 
 0.86015 -100.00000 
 0.08523  0.09722 
 0.75581  0.49072 
 1.07236 -0.27336 
 0.01646  0.53612 
-100.00000 -100.00000 
-100.00000 -100.00000 
 0.28907  0.06133 
-100.00000 -100.00000 
-100.00000 -100.00000 
-0.66409  0.18868 
 0.57728  0.22425 
 1.00307  0.20770 
-100.00000 -100.00000 
 0.76657 -100.00000 
-0.04120 -0.30798 
 0.00062 -100.00000 
-100.00000 -100.00000 
-100.00000 -100.00000 
-0.58407  0.15159 
-100.00000 -100.00000 
-100.00000 -100.00000 
 0.37840 -0.42128 
-100.00000 -100.00000 
-100.00000 -100.00000 
-0.22999 -100.00000 
 0.24778  0.33162 
-100.00000  0.11414 
-100.00000 -100.00000 
 0.47621 -100.00000 
 0.76630 -0.12550 
-100.00000 -100.00000 
-100.00000 -100.00000 
-100.00000 -100.00000 
-100.00000 -100.00000 
 0.53454  0.56110 
-1.05517 -100.00000 
-100.00000  0.03225 
-0.37183 -0.20419 
 0.32770  0.15616 
-100.00000 -100.00000 
-1.84322 -0.37888 
-100.00000 -100.00000 
-100.00000 -100.00000 
 0.25574  0.08885 
 0.33301  0.38320 
-100.00000 -100.00000 
-100.00000 -100.00000 
-0.29235  0.38544 
-100.00000 -100.00000 
-0.13475 -100.00000 
-0.37174 -100.00000 
-0.25835  0.20097 
-100.00000 -100.00000 
-100.00000  0.37855 
 0.00000  0.00000 
-0.24949 -0.40705 
 0.50910  0.57723 
 0.10749 -0.10563 
 0.05422  0.58627 
 0.42024 -0.54223 
-0.25816  0.27288 
-100.00000 -100.00000 
 0.00014  0.13752 
-0.22937 -0.20974 
-0.54190 -100.00000 
 0.29774  0.45247 
-100.00000 -100.00000 
 0.13754  0.02945 
 0.43810  0.22387 
-100.00000 -0.43726 
-0.22038 -0.13215 
-0.45731  0.14119 
-100.00000 -100.00000 
 0.31991 -0.01632 
 0.48557 -100.00000 
 0.26537 -0.05192 
-0.20294  0.24076 
-0.05617 -0.13667 
 0.24976  0.14404 
-100.00000 -100.00000 
 0.15241 -0.45233 
 0.00000  0.00000 
-100.00000 -100.00000 
-100.00000  0.02809 
-1.19211 -0.72587 
 0.12239 -0.23504 
-0.47075 -0.44827 
 0.00876  0.00006 
 0.74212 -0.28389 
-0.09307 -0.52781 
 0.54206  0.03628 
 0.99072 -0.04239 
 0.00007 -100.00000 
 0.00000  0.00000 
 0.00038  0.44324 
-0.55252  0.01524 
 0.00000  0.00000 
 2.07323 -0.13229 
 0.04308  0.32989 
-0.34358 -0.21443 
 0.56646  0.52749 
 1.07027  0.61356 
 0.75181  0.26834 
-100.00000 -100.00000 
 0.20842 -0.00844 
-0.38468  0.25365 
-100.00000 -100.00000 
-0.19470  0.01420 
 0.59750  0.46194 
 0.72002  0.01611 
 0.00000  0.00000 
-0.09953  0.02006 
-0.22807 -100.00000 
-0.00034 -0.02503 
 0.14610 -0.00008 
 0.05106  0.00015 
 0.26306 -0.19075 
 0.13817  0.00002 
 0.60796 -0.10985 
-100.00000 -0.17909 
 0.13533  0.01913 
 0.00000  0.00000 
-0.31236 -0.72161 
-0.00015 -100.00000 
-0.12847 -0.23234 
 0.00000  0.00000 
 0.00000  0.00000 
 0.42816  0.48316 
-100.00000 -100.00000 
-0.00007 -0.12207 
 0.61322  0.28829 
-0.12852 -0.00011 
 0.00000  0.00000 
-100.00000 -100.00000 
-100.00000 -100.00000 
 0.01624 -0.20118 
-100.00000 -0.00015 
 0.00000  0.00000 
-0.93426  0.30827 
-0.00008 -100.00000 
 0.02143 -0.05808 
 0.63670  0.13758 
 0.00000  0.00000 
 0.04584 -0.28608 
-100.00000 -100.00000 
 0.00000  0.00000 
 0.38906  0.15746 
-100.00000 -100.00000 
 0.58509 -0.43652 
-0.10948  0.26307 
-100.00000 -100.00000 
 0.00891 -0.12231 
-100.00000 -0.23438 
