 0.00000  0.00000 
-0.18174 -0.91978 
-100.00000 -100.00000 
-100.00000 -100.00000 
-100.00000  0.00030 
-1.68469 -0.09814 
-0.46722 -0.00016 
 0.22044  0.12714 
-100.00000 -100.00000 
-0.14560 -100.00000 
 0.55873 -100.00000 
 0.00052  0.12274 
-100.00000 -100.00000 
-100.00000 -100.00000 
-100.00000 -0.00023 
-100.00000 -100.00000 
-100.00000 -100.00000 
-100.00000 -100.00000 
-100.00000  0.67831 
-0.24355  0.09849 
-100.00000 -100.00000 
 0.17232 -0.42539 
-100.00000 -100.00000 
-100.00000  0.00003 
-100.00000  0.00007 
-100.00000 -100.00000 
-100.00000 -100.00000 
-100.00000 -100.00000 
-100.00000 -100.00000 
-100.00000 -100.00000 
-100.00000 -100.00000 
-100.00000 -100.00000 
-100.00000 -100.00000 
-100.00000 -100.00000 
-100.00000 -100.00000 
-0.46291  0.36599 
-0.00114 -100.00000 
-100.00000 -100.00000 
-0.18931  0.39709 
-100.00000 -100.00000 
-0.52393 -0.01897 
-100.00000 -100.00000 
-0.36439  0.30734 
-100.00000 -100.00000 
-100.00000 -100.00000 
-100.00000 -100.00000 
 0.58519 -100.00000 
-100.00000 -100.00000 
 0.74000 -0.12290 
-100.00000 -100.00000 
 0.00025 -100.00000 
-100.00000 -100.00000 
 0.26381  0.36804 
-100.00000 -100.00000 
-100.00000 -100.00000 
-100.00000 -100.00000 
-0.50953  0.10976 
-100.00000 -100.00000 
 0.16895  0.18651 
-0.44820  0.99734 
-100.00000  0.18828 
-100.00000 -100.00000 
-100.00000 -100.00000 
-0.44403  0.11937 
-0.14095 -100.00000 
-100.00000 -100.00000 
-100.00000 -100.00000 
 0.26267 -100.00000 
-0.14061  0.12358 
 0.13768 -0.00005 
-100.00000 -100.00000 
-100.00000 -100.00000 
-100.00000 -100.00000 
-0.78096 -0.26439 
-100.00000 -100.00000 
-100.00000 -100.00000 
-100.00000 -100.00000 
-100.00000 -100.00000 
-100.00000  0.58501 
-100.00000 -100.00000 
-100.00000 -100.00000 
-100.00000 -100.00000 
 0.37857 -100.00000 
-100.00000 -100.00000 
-100.00000 -100.00000 
-100.00000 -100.00000 
-0.94862 -0.12405 
 0.00030 -100.00000 
 0.35391  0.57761 
-1.12898  0.29139 
-0.13245 -0.11737 
-0.29029 -100.00000 
-100.00000 -100.00000 
-100.00000 -100.00000 
-100.00000 -100.00000 
 0.00008 -100.00000 
-100.00000 -100.00000 
-100.00000 -100.00000 
-100.00000 -100.00000 
 0.00011  0.13749 
-100.00000 -100.00000 
-100.00000 -100.00000 
-100.00000 -100.00000 
-100.00000  0.20391 
-100.00000 -100.00000 
-100.00000 -100.00000 
-100.00000 -100.00000 
-100.00000 -100.00000 
-100.00000 -100.00000 
-100.00000 -100.00000 
-100.00000 -100.00000 
-100.00000 -100.00000 
 0.62279 -100.00000 
-0.00067 -100.00000 
-100.00000 -100.00000 
-100.00000 -100.00000 
-100.00000 -100.00000 
-0.11301 -0.39711 
-0.14613 -0.55694 
-100.00000 -100.00000 
-100.00000 -100.00000 
 0.26217 -0.35748 
-100.00000  0.51699 
-0.00007 -100.00000 
-100.00000 -100.00000 
-100.00000 -100.00000 
-100.00000 -100.00000 
-100.00000 -0.12793 
-100.00000 -100.00000 
-100.00000 -100.00000 
-100.00000 -100.00000 
-100.00000 -100.00000 
-1.52207 -0.35264 
-100.00000 -100.00000 
-100.00000 -100.00000 
 0.67620  0.14331 
-100.00000 -100.00000 
-100.00000 -100.00000 
 0.00013 -100.00000 
-100.00000 -100.00000 
-100.00000  0.61448 
-100.00000 -100.00000 
-100.00000 -100.00000 
-100.00000 -100.00000 
-0.13029 -0.00011 
-100.00000 -100.00000 
-100.00000 -100.00000 
-100.00000 -100.00000 
-100.00000 -100.00000 
-100.00000  0.02659 
-100.00000 -100.00000 
-100.00000 -100.00000 
 0.68027 -100.00000 
-0.21411  0.91975 
 0.49990 -0.15468 
-100.00000 -100.00000 
 0.15991 -100.00000 
-0.60026 -100.00000 
-0.14273  0.00014 
-0.60531 -100.00000 
-100.00000 -100.00000 
-100.00000 -100.00000 
-100.00000 -100.00000 
-0.27336  0.00002 
-100.00000 -100.00000 
-100.00000 -100.00000 
 0.14735 -0.09620 
 0.07329  0.05523 
 0.19860  0.01562 
-0.01957 -0.31678 
-100.00000 -100.00000 
 0.00003 -100.00000 
 0.00159 -0.24717 
-100.00000 -100.00000 
-100.00000  0.01646 
 1.78696  0.82273 
-0.62529 -0.32192 
-100.00000 -100.00000 
-100.00000 -100.00000 
-0.00022 -100.00000 
-100.00000 -100.00000 
 0.84028 -0.30645 
-100.00000 -100.00000 
-100.00000 -0.06925 
 0.13764 -100.00000 
-100.00000 -100.00000 
-0.00008 -100.00000 
-100.00000 -100.00000 
-100.00000 -100.00000 
-0.13581 -0.00003 
-100.00000 -100.00000 
 0.00004 -100.00000 
-100.00000 -100.00000 
-100.00000 -100.00000 
-100.00000 -100.00000 
-100.00000 -100.00000 
 0.00028  0.13740 
-100.00000 -100.00000 
-100.00000 -100.00000 
-100.00000 -100.00000 
 0.09677 -100.00000 
-100.00000 -100.00000 
-100.00000 -100.00000 
-100.00000 -100.00000 
 0.13809 -100.00000 
-100.00000 -100.00000 
 0.13863 -100.00000 
-100.00000 -100.00000 
 0.62457  0.55111 
-100.00000 -100.00000 
-100.00000 -100.00000 
-2.89796 -100.00000 
-100.00000 -100.00000 
-100.00000 -100.00000 
-100.00000 -100.00000 
-100.00000 -100.00000 
-100.00000 -100.00000 
-0.27615 -100.00000 
-100.00000 -100.00000 
-1.03750 -100.00000 
 0.00017 -100.00000 
-0.32459 -0.31172 
-100.00000  0.00111 
 1.05736 -0.47001 
-0.58151 -100.00000 
 0.37878 -100.00000 
-0.11265 -100.00000 
-100.00000 -100.00000 
-100.00000 -100.00000 
-0.14311  0.27463 
-0.99436  0.15144 
-2.57404  0.02136 
-1.16108 -0.30563 
-0.53849 -100.00000 
-0.77864 -100.00000 
 0.17218 -0.10870 
 0.26989 -0.08932 
-100.00000 -100.00000 
-0.86233 -100.00000 
 0.37951 -100.00000 
-100.00000 -100.00000 
 0.13334  0.13397 
 0.00000  0.00000 
 0.00645 -100.00000 
-100.00000 -100.00000 
-100.00000 -100.00000 
-100.00000 -100.00000 
-0.37952 -0.00035 
-0.08679 -0.38542 
-100.00000 -100.00000 
-2.06786 -100.00000 
-100.00000 -100.00000 
-0.13627 -100.00000 
-100.00000 -100.00000 
-0.00033 -100.00000 
 0.11325 -0.06843 
 0.91108  0.07700 
-100.00000 -100.00000 
-100.00000 -100.00000 
-100.00000 -100.00000 
-100.00000 -100.00000 
-100.00000 -100.00000 
-100.00000 -100.00000 
-100.00000 -100.00000 
 0.00846 -0.20343 
-100.00000 -100.00000 
-100.00000 -100.00000 
-100.00000 -100.00000 
-0.00155 -100.00000 
-100.00000 -100.00000 
-100.00000 -100.00000 
-100.00000 -100.00000 
-0.15537  0.12232 
 0.62970 -100.00000 
-100.00000 -100.00000 
 0.12631  0.48573 
 0.21648 -100.00000 
-100.00000 -100.00000 
-100.00000 -100.00000 
-100.00000 -100.00000 
-0.67422 -100.00000 
-100.00000  0.02616 
 0.42244  0.25555 
-100.00000 -100.00000 
 0.00072  0.22215 
-1.51623 -100.00000 
-100.00000 -100.00000 
 0.00000  0.00000 
-100.00000 -0.64292 
-100.00000 -100.00000 
-100.00000 -100.00000 
-100.00000 -100.00000 
 0.36144  0.14161 
 0.28035  0.18055 
-100.00000 -100.00000 
-100.00000 -100.00000 
-100.00000 -100.00000 
-100.00000 -100.00000 
 1.22741 -100.00000 
-100.00000 -100.00000 
-100.00000 -100.00000 
 0.61296  0.32462 
-100.00000  0.15102 
-100.00000 -100.00000 
-100.00000 -100.00000 
 0.00006 -100.00000 
-100.00000 -100.00000 
-100.00000 -100.00000 
-100.00000 -100.00000 
-100.00000 -100.00000 
 0.26094  0.71625 
-100.00000 -100.00000 
-100.00000 -100.00000 
-100.00000 -100.00000 
-100.00000 -100.00000 
 0.57918  0.94561 
-100.00000 -100.00000 
-100.00000 -0.00172 
-100.00000 -100.00000 
-100.00000 -100.00000 
-100.00000  0.13737 
-100.00000 -100.00000 
-100.00000 -100.00000 
-0.74652 -0.01139 
-100.00000 -100.00000 
-100.00000  0.48557 
-100.00000 -100.00000 
-0.13886 -0.00482 
-0.04821  0.05975 
 0.00000  0.00000 
-100.00000 -100.00000 
-100.00000 -100.00000 
-100.00000 -100.00000 
-0.00007 -100.00000 
-100.00000 -100.00000 
-100.00000 -100.00000 
-0.67758  0.01516 
-100.00000 -100.00000 
-100.00000 -100.00000 
 0.26317 -100.00000 
-100.00000  0.00012 
-100.00000 -100.00000 
-100.00000 -100.00000 
-100.00000 -100.00000 
-100.00000  0.00169 
-100.00000 -100.00000 
-100.00000 -100.00000 
-100.00000 -100.00000 
-0.00024 -0.00016 
-100.00000 -100.00000 
-100.00000 -100.00000 
-0.14514 -100.00000 
-100.00000 -100.00000 
-100.00000 -100.00000 
-100.00000 -100.00000 
-100.00000 -100.00000 
-100.00000 -100.00000 
-100.00000 -100.00000 
-100.00000 -100.00000 
 0.00000  0.00000 
 0.21575 -0.22194 
-100.00000 -100.00000 
-100.00000 -100.00000 
-100.00000 -100.00000 
-100.00000 -100.00000 
-100.00000 -100.00000 
-100.00000 -100.00000 
-100.00000 -100.00000 
 0.48914 -100.00000 
 0.00059 -100.00000 
-100.00000 -100.00000 
-100.00000 -100.00000 
-100.00000 -100.00000 
-100.00000 -100.00000 
-0.00000 -100.00000 
-100.00000 -100.00000 
-100.00000 -100.00000 
-100.00000 -100.00000 
-100.00000 -100.00000 
-100.00000 -100.00000 
-0.44781  0.81901 
 0.26299  0.37854 
-100.00000  0.26314 
-100.00000 -100.00000 
-100.00000 -100.00000 
 1.48629  1.32130 
-100.00000 -100.00000 
-0.26914 -100.00000 
-100.00000 -100.00000 
 0.34200 -0.21689 
 0.22735  0.21025 
-100.00000 -100.00000 
-0.00015 -100.00000 
 0.00663 -100.00000 
 0.52697 -0.07787 
-100.00000 -100.00000 
-100.00000 -100.00000 
-100.00000 -100.00000 
 0.13760  0.03173 
-100.00000 -100.00000 
 0.37834 -100.00000 
 0.00000  0.00000 
-100.00000 -100.00000 
-100.00000 -100.00000 
-100.00000 -100.00000 
 0.26295 -100.00000 
-100.00000 -100.00000 
-0.28868 -100.00000 
-0.80052 -0.19443 
-100.00000 -100.00000 
-100.00000 -100.00000 
-100.00000  0.13766 
-100.00000 -100.00000 
-100.00000 -100.00000 
 0.00041 -100.00000 
-100.00000 -100.00000 
-100.00000 -100.00000 
-100.00000 -100.00000 
 0.47764 -0.22772 
 0.00000  0.00000 
-100.00000 -100.00000 
-100.00000 -100.00000 
-100.00000 -100.00000 
-100.00000 -100.00000 
-100.00000 -100.00000 
-100.00000 -100.00000 
-100.00000  0.12734 
 0.54291  0.03590 
 0.53968 -0.01248 
-100.00000 -100.00000 
-100.00000 -100.00000 
-0.41585 -0.11208 
-100.00000 -100.00000 
 0.26292 -0.42292 
-100.00000 -100.00000 
-100.00000 -100.00000 
-100.00000 -100.00000 
-100.00000 -100.00000 
 0.00018 -100.00000 
-100.00000 -100.00000 
 0.00487 -0.24439 
 0.00024 -100.00000 
-100.00000 -100.00000 
-100.00000 -100.00000 
 1.10840  0.47365 
-100.00000 -100.00000 
-100.00000 -100.00000 
-100.00000 -100.00000 
-0.32705  0.38727 
-100.00000 -100.00000 
-100.00000  0.13754 
-100.00000 -100.00000 
-100.00000 -100.00000 
-100.00000 -100.00000 
-100.00000 -100.00000 
-100.00000 -100.00000 
-100.00000 -100.00000 
-0.78689 -0.41634 
-100.00000 -100.00000 
-100.00000 -100.00000 
-0.09871  0.30064 
-100.00000 -100.00000 
-100.00000  0.13738 
-100.00000 -100.00000 
-100.00000 -100.00000 
-100.00000 -100.00000 
-100.00000 -100.00000 
 0.24408  0.82728 
-100.00000 -100.00000 
-100.00000 -0.32693 
-100.00000 -100.00000 
-100.00000 -100.00000 
-100.00000 -100.00000 
 1.27957 -100.00000 
-100.00000 -100.00000 
 0.38076 -100.00000 
-100.00000 -100.00000 
-100.00000 -100.00000 
-100.00000 -100.00000 
-100.00000 -100.00000 
-100.00000 -100.00000 
-100.00000 -100.00000 
-100.00000 -100.00000 
-100.00000 -100.00000 
-100.00000 -100.00000 
 0.48340 -100.00000 
 0.00014 -100.00000 
-100.00000 -100.00000 
-100.00000 -100.00000 
-0.19422 -0.00002 
-100.00000 -100.00000 
 0.00000  0.00000 
 1.07080 -0.33866 
-0.14110 -0.00018 
-100.00000 -100.00000 
-100.00000 -100.00000 
-0.83674 -0.60385 
-100.00000 -100.00000 
 0.61253 -0.53747 
-100.00000 -100.00000 
 0.01643 -100.00000 
-100.00000 -100.00000 
-0.24709  0.49055 
 0.00006  0.13732 
-100.00000 -100.00000 
 0.37891 -100.00000 
-100.00000 -100.00000 
-100.00000 -0.17337 
-100.00000 -100.00000 
 0.20686  0.06531 
 0.61277 -0.26077 
-100.00000  0.24624 
-0.28153 -0.03886 
-0.00012  0.01555 
-0.24709  0.14063 
 0.19380 -0.20479 
-100.00000 -100.00000 
-100.00000 -100.00000 
-1.41408  0.48445 
-100.00000 -100.00000 
-0.66606 -0.20347 
-100.00000 -100.00000 
-100.00000 -100.00000 
 0.00000  0.00000 
-100.00000 -100.00000 
-0.11120  0.22234 
 0.55719 -0.17735 
-0.00001  0.00015 
-0.12286 -100.00000 
 0.34512 -0.16844 
-100.00000 -100.00000 
 0.13718 -100.00000 
-100.00000 -100.00000 
-100.00000 -100.00000 
-100.00000 -100.00000 
-100.00000 -100.00000 
-100.00000 -100.00000 
-100.00000 -100.00000 
-100.00000 -100.00000 
-100.00000 -0.12405 
 0.22787 -0.08523 
-0.46290  0.26287 
 0.48550 -0.20140 
-100.00000 -100.00000 
-100.00000 -100.00000 
 0.54419  0.06689 
-100.00000 -100.00000 
-100.00000 -100.00000 
-100.00000 -100.00000 
-0.12883 -100.00000 
-100.00000 -100.00000 
-100.00000 -100.00000 
 0.00000  0.00000 
-100.00000  0.35060 
-100.00000 -100.00000 
-0.00019 -100.00000 
-100.00000 -100.00000 
-100.00000 -100.00000 
-0.24052 -0.14962 
-100.00000  0.14080 
-100.00000 -100.00000 
-100.00000 -100.00000 
 0.30544  0.36595 
-100.00000 -100.00000 
-0.10979 -100.00000 
