 0.04396  0.06704 
-0.88459  0.04115 
-0.03292  0.00719 
 1.12389  0.12386 
 0.62403 -100.00000 
-100.00000 -0.11703 
 0.00000  0.00000 
-100.00000  0.00007 
-0.54837  0.06732 
-100.00000 -0.13996 
-0.02037  0.30307 
-0.55851  0.71748 
 0.00000  0.00000 
-0.02169 -0.01248 
-100.00000 -0.48692 
-100.00000 -100.00000 
-0.06397  0.20739 
 0.00009  0.13764 
-0.00713  0.13774 
-0.46214 -0.18710 
-100.00000 -100.00000 
-0.48089  0.16333 
 0.28923 -0.23308 
-100.00000 -0.00327 
-100.00000 -100.00000 
-0.69028  0.07506 
-100.00000 -100.00000 
-100.00000 -100.00000 
-100.00000 -100.00000 
-100.00000  0.00003 
-0.00398 -100.00000 
-100.00000  0.00004 
 0.00000  0.00000 
-100.00000 -100.00000 
-100.00000 -100.00000 
-0.10963 -0.29418 
-0.14151 -100.00000 
-0.27054 -100.00000 
-100.00000 -100.00000 
-100.00000 -100.00000 
 0.00000  0.00000 
-0.01370  0.06947 
 0.00000  0.00000 
-100.00000 -100.00000 
-100.00000 -100.00000 
-100.00000  0.00003 
 0.00000  0.00000 
-100.00000 -100.00000 
-100.00000 -100.00000 
-0.35716 -100.00000 
 0.24222 -100.00000 
-100.00000 -0.15707 
 0.17462 -100.00000 
-100.00000 -100.00000 
-100.00000 -100.00000 
 0.13740 -0.12863 
 0.34495 -100.00000 
-100.00000 -100.00000 
 0.13766  0.48552 
 0.00000  0.00019 
-0.15372  0.26735 
-100.00000 -100.00000 
-0.00947  0.58495 
 0.13091 -0.34358 
 0.54746 -0.71061 
-100.00000 -100.00000 
 0.10861  0.12314 
-0.10966  0.93009 
-100.00000 -0.00357 
 0.09656  0.57958 
 0.58487 -100.00000 
-100.00000 -100.00000 
-100.00000 -100.00000 
 0.52395  0.50349 
-0.00038 -1.14411 
-0.43158 -0.12338 
-100.00000 -100.00000 
 0.53873 -100.00000 
-0.46190 -0.00555 
-100.00000 -0.38682 
-100.00000 -100.00000 
-100.00000 -100.00000 
-100.00000  0.13750 
-100.00000 -100.00000 
-100.00000 -0.00333 
-100.00000  0.12247 
-100.00000 -0.26923 
 0.21488 -0.14096 
 0.42406 -0.18682 
-0.22656 -0.26691 
 0.31420  0.34453 
 0.30948 -100.00000 
-100.00000 -100.00000 
-100.00000 -100.00000 
-100.00000 -100.00000 
 0.36719  0.54062 
 0.00000  0.00000 
-100.00000  0.00006 
-0.00004  0.13343 
-1.24012 -100.00000 
 0.13776 -100.00000 
-100.00000 -100.00000 
 0.12666 -0.06876 
-0.77669 -0.19649 
 0.13563  0.00807 
 0.05274  0.39553 
-100.00000 -100.00000 
-100.00000 -100.00000 
-100.00000 -100.00000 
 0.01843 -0.24838 
 0.26298 -0.72874 
 0.41395 -0.25830 
-0.10715  0.11473 
-100.00000 -100.00000 
 0.00003 -100.00000 
 0.03750 -0.18780 
 0.13751 -100.00000 
-100.00000 -100.00000 
-100.00000 -0.00019 
-100.00000  0.26293 
-100.00000 -100.00000 
-0.37288  0.48545 
 0.26332 -0.29911 
 0.13750  0.24990 
 0.00000  0.00000 
-0.61605  0.38077 
-0.21527 -100.00000 
-0.69540  0.35631 
-100.00000 -0.24765 
-100.00000 -100.00000 
 0.13755 -0.21886 
-100.00000 -100.00000 
 0.23686  0.42759 
 0.13749 -100.00000 
-100.00000 -100.00000 
-0.68338 -1.18273 
-0.93023 -0.29077 
 0.46114 -0.26438 
-0.87922 -100.00000 
-100.00000 -100.00000 
-0.80180 -0.21716 
-100.00000 -100.00000 
-100.00000 -100.00000 
-100.00000 -100.00000 
-0.06717  0.08856 
-0.28897  0.09714 
 0.01916 -100.00000 
 0.00000  0.00000 
-100.00000 -100.00000 
 0.00000  0.00000 
-100.00000 -100.00000 
-100.00000 -100.00000 
-0.05375  0.61534 
 0.36013  0.41048 
 0.81193  0.60942 
-0.31495 -0.12880 
 0.64271 -0.06777 
-100.00000 -100.00000 
-100.00000 -100.00000 
 0.13762  0.43305 
-100.00000 -100.00000 
-100.00000 -100.00000 
-100.00000 -100.00000 
-0.19021 -100.00000 
-0.16337 -100.00000 
-100.00000 -100.00000 
 0.25518  0.52477 
-100.00000 -100.00000 
 0.13241 -0.03611 
-0.54629 -100.00000 
-0.76576 -0.09197 
-0.87313  0.71284 
-0.59240  0.72314 
-100.00000 -100.00000 
-0.94695 -100.00000 
 0.58988 -0.09432 
 0.10499  0.30302 
-0.45946 -100.00000 
-0.63266  0.01492 
 0.41278  0.45623 
-100.00000 -100.00000 
 0.00000  0.00000 
-100.00000 -100.00000 
 0.87254 -100.00000 
 0.79889 -100.00000 
-0.54747 -0.35725 
 0.64234 -0.11000 
-0.33006  0.13749 
 0.00000  0.00000 
-100.00000 -100.00000 
 0.00000  0.00000 
-0.16887 -0.04862 
-100.00000 -100.00000 
 0.14283 -0.26092 
 0.00000  0.00000 
-100.00000 -100.00000 
 0.13743 -0.00011 
-100.00000 -100.00000 
 0.36468 -100.00000 
-100.00000 -100.00000 
-0.16852 -100.00000 
-0.54628 -0.07742 
 0.14997  0.27020 
-100.00000 -100.00000 
 0.26348 -0.17418 
-100.00000  0.09861 
 0.48559 -0.11125 
-100.00000 -100.00000 
 0.26334 -100.00000 
 0.46455 -0.66142 
-0.34425  0.19193 
-0.19797  0.12840 
-0.04015 -0.22759 
-100.00000 -0.18927 
 0.00000  0.00000 
-0.48266 -0.26493 
 0.00000  0.00000 
 0.70741 -0.00885 
-100.00000 -100.00000 
 1.20134 -100.00000 
-0.38519  0.00038 
 0.48555 -0.00005 
-100.00000 -100.00000 
 0.00030  1.13770 
-100.00000  0.11045 
-0.38668 -0.36697 
-0.42403  0.48175 
 0.81781  0.74144 
-0.04496 -0.08112 
 0.24774  0.29902 
 0.38444  0.17830 
 0.54441  0.58356 
-100.00000 -100.00000 
-0.43863  0.73807 
 0.77975  0.08962 
 0.00000  0.00000 
-100.00000 -100.00000 
 0.26323 -100.00000 
 0.13769 -100.00000 
-0.21781 -100.00000 
 0.13748 -100.00000 
-100.00000 -100.00000 
 0.39042  0.32577 
 0.35882 -0.04146 
-100.00000 -100.00000 
-100.00000 -100.00000 
-100.00000 -100.00000 
 0.10481  0.13715 
-0.32676  0.31585 
-0.92298 -0.63835 
 0.24081  0.37830 
-100.00000  0.13745 
-0.00006  0.58489 
-100.00000  0.13748 
-100.00000 -0.30704 
 0.35874  0.55114 
-0.02735 -0.47794 
 0.46398  0.56725 
 0.15657  0.19199 
 1.05693  0.24149 
-100.00000 -100.00000 
-100.00000 -0.21429 
-100.00000 -100.00000 
 0.13749 -0.21479 
-0.45618 -0.70907 
 0.12510 -0.26187 
-100.00000 -100.00000 
 0.24993 -0.32673 
-100.00000 -100.00000 
-0.10669 -0.19956 
-100.00000 -100.00000 
 0.17833 -0.17392 
 0.65933 -0.55512 
-0.04742  0.37908 
-0.12078 -100.00000 
 0.26298  0.48573 
 0.21144  0.39146 
-0.15710 -0.37777 
-100.00000 -100.00000 
-100.00000 -0.07691 
 0.02145 -0.01666 
 0.34019  0.02174 
-0.36414  0.51395 
-100.00000 -100.00000 
-0.82765 -100.00000 
-0.38208  0.42578 
 0.41900 -0.49800 
 0.57424 -0.03013 
 0.19959 -100.00000 
-100.00000 -0.00784 
-100.00000 -100.00000 
-0.49283 -100.00000 
 0.13750 -100.00000 
 0.92570 -0.02011 
-100.00000 -100.00000 
-100.00000 -100.00000 
-100.00000 -100.00000 
-100.00000 -100.00000 
-0.12125 -0.70309 
-0.37303  0.34346 
-0.22503  0.03847 
-0.08747  0.27075 
-0.18281 -0.36087 
-100.00000 -100.00000 
 0.00002  0.64117 
-0.66887 -100.00000 
-100.00000 -100.00000 
 0.26304 -100.00000 
-100.00000 -100.00000 
-100.00000 -100.00000 
 0.17065 -0.30707 
-100.00000 -100.00000 
-100.00000 -100.00000 
 0.00000  0.00000 
 0.29773  0.12156 
-0.26801  0.04825 
 0.35022 -0.27065 
 0.10664 -0.41451 
-100.00000 -100.00000 
-100.00000 -100.00000 
-0.67881 -0.28808 
-100.00000 -100.00000 
 0.00000  0.00000 
-100.00000 -100.00000 
-100.00000 -100.00000 
-0.33704  0.11224 
 0.13756 -100.00000 
-0.13512 -0.14016 
-100.00000  0.00002 
-0.02908 -0.59909 
 0.00000  0.00000 
-100.00000 -100.00000 
-0.13419  0.26302 
-0.11943 -0.25994 
-100.00000 -100.00000 
-100.00000 -100.00000 
 0.04160  0.56503 
-100.00000 -100.00000 
-0.24153 -100.00000 
-0.05051 -0.39198 
-100.00000 -100.00000 
-100.00000 -100.00000 
-100.00000 -100.00000 
-0.25739 -0.00145 
-1.37346  0.47340 
 0.19114 -0.38150 
-100.00000 -100.00000 
 0.20826 -0.09698 
-0.49437 -0.82457 
-0.75293 -1.07979 
 0.66136 -0.26585 
-100.00000 -0.00006 
-0.33120 -0.16538 
-0.53795 -0.28580 
-0.13494 -0.24900 
 0.63049 -0.27063 
-100.00000 -100.00000 
-0.21552 -0.47965 
 0.00713  0.23703 
 0.59788  0.65538 
 0.57713  0.07862 
-100.00000 -100.00000 
-0.25870  0.37854 
-100.00000 -100.00000 
-100.00000 -100.00000 
-100.00000  0.18001 
-100.00000 -100.00000 
-100.00000 -100.00000 
-100.00000 -0.14163 
-0.49906 -1.08483 
-100.00000 -100.00000 
 0.00221  0.12100 
-100.00000 -100.00000 
-100.00000 -0.12637 
-0.00004 -0.23623 
-100.00000 -0.64698 
-100.00000 -100.00000 
-0.08642  0.10322 
-0.02445 -0.15229 
 0.00002 -0.14173 
-0.02898 -0.22885 
-0.12935 -0.27365 
-100.00000 -100.00000 
-100.00000 -100.00000 
-100.00000  0.00011 
 0.57043 -0.27933 
 0.01866  0.10213 
-0.66496 -0.37634 
 0.00024 -100.00000 
-0.19985  0.17640 
-0.48589  0.49288 
-100.00000 -100.00000 
-100.00000 -100.00000 
-100.00000 -100.00000 
 0.00000  0.00000 
-100.00000 -100.00000 
-100.00000 -100.00000 
 0.00000  0.00000 
 0.46964 -0.15560 
-100.00000 -0.00038 
 0.76752  0.38247 
 0.20247  0.18448 
 0.00014 -100.00000 
 0.00920 -0.23024 
-100.00000  0.03191 
 0.37440  0.21349 
 0.48547 -100.00000 
 0.08251 -0.16727 
 0.00000  0.00000 
-0.20809 -100.00000 
-0.87199 -100.00000 
-0.06942  0.04470 
-100.00000 -100.00000 
-100.00000 -100.00000 
-0.39878  0.21402 
 0.15458  0.15755 
 0.00007 -0.00001 
-100.00000 -100.00000 
-100.00000 -100.00000 
 0.62924  0.34592 
 0.13757 -100.00000 
-100.00000 -100.00000 
-100.00000  0.17437 
-100.00000 -100.00000 
-100.00000 -0.00008 
-100.00000 -100.00000 
 0.00000  0.00000 
-100.00000 -100.00000 
-100.00000 -0.29096 
 0.37863 -100.00000 
 0.23798  0.32763 
-100.00000 -100.00000 
-100.00000 -0.00012 
-0.12454  0.27301 
-100.00000 -100.00000 
-100.00000 -100.00000 
-100.00000 -100.00000 
-100.00000 -100.00000 
-0.09615  0.18254 
 0.16983 -100.00000 
-100.00000 -100.00000 
-0.10832 -100.00000 
 0.00000  0.00000 
-100.00000 -100.00000 
-100.00000 -0.10401 
 0.02926 -100.00000 
-100.00000 -100.00000 
-100.00000 -100.00000 
-100.00000 -100.00000 
-100.00000 -100.00000 
-100.00000 -100.00000 
-100.00000  0.03232 
-100.00000 -0.00007 
-100.00000 -100.00000 
-100.00000 -0.06696 
 0.31875  0.08303 
-100.00000 -100.00000 
 0.00000  0.00000 
-100.00000 -100.00000 
-100.00000 -100.00000 
-100.00000 -100.00000 
-100.00000 -100.00000 
-0.10870  0.27275 
-100.00000 -100.00000 
 0.00000  0.00000 
-100.00000 -100.00000 
 0.25225  0.47411 
-0.21276  0.86971 
 0.02901  0.17431 
 0.13765  0.26302 
 0.18188 -100.00000 
-100.00000 -100.00000 
 0.32945 -0.07656 
-0.24660 -0.29528 
-0.25421  0.13752 
 0.02289 -0.48789 
-100.00000 -0.39045 
-100.00000 -100.00000 
 0.46276 -0.17380 
-100.00000 -100.00000 
-100.00000 -0.07624 
 0.02795  0.04817 
 0.48547  0.00002 
-100.00000 -100.00000 
-100.00000 -100.00000 
 1.44358 -100.00000 
-100.00000 -100.00000 
-100.00000  0.01535 
-100.00000 -100.00000 
-0.57632  0.42693 
-100.00000 -100.00000 
-0.09219  0.00907 
 0.25045 -0.09687 
-100.00000 -100.00000 
 0.00000  0.00000 
-100.00000 -100.00000 
-1.15240 -0.20433 
-0.39004 -0.29950 
-0.30077 -0.29577 
-100.00000 -100.00000 
-0.12156  0.02882 
-0.23513 -100.00000 
 1.19190 -100.00000 
-100.00000  0.25624 
-100.00000 -100.00000 
-0.16542  0.48547 
 0.27434 -0.17365 
-0.43651 -0.29146 
-0.10203 -0.79033 
 0.00008  0.00010 
 0.25637 -0.26368 
-0.29442 -0.15741 
-100.00000 -0.11489 
-0.23486 -100.00000 
-0.58760 -0.16675 
 0.03452  0.47615 
 0.15823 -0.02775 
 0.05167  0.53485 
 0.00000  0.00000 
 0.37858  0.61085 
-0.23652  0.36449 
-100.00000  0.04155 
 0.00006 -2.01054 
 0.80919  0.24122 
 0.04004  0.27837 
 0.00000  0.00000 
-100.00000 -100.00000 
-100.00000  0.00015 
 0.16693 -0.29355 
-100.00000 -100.00000 
-0.51951  0.13470 
 0.50140  0.02495 
-100.00000 -100.00000 
-100.00000 -100.00000 
-100.00000 -100.00000 
 0.00000  0.00000 
-0.49168 -0.03740 
 0.04036  0.14193 
-100.00000  0.61782 
-0.39455 -0.19371 
 0.00000  0.00000 
-0.29863 -0.07572 
-0.35821 -0.23456 
 0.00000  0.00000 
-100.00000 -100.00000 
-100.00000 -100.00000 
 0.25151 -0.23205 
-0.05583  0.12559 
 0.15382 -0.00026 
-0.33922  0.84767 
-1.10927  0.55667 
-100.00000 -100.00000 
 0.39938  0.05175 
-0.00002 -100.00000 
-100.00000  0.15130 
-0.94408 -0.07632 
-0.07590 -0.09672 
 0.14091 -0.33952 
-100.00000  0.13751 
-0.07619  0.13747 
-0.12233 -0.41991 
-0.09724  0.14084 
 0.08218  0.26641 
-100.00000 -100.00000 
-0.46505  0.32086 
