-100.00000 -100.00000 
 0.10809 -100.00000 
-0.38257 -100.00000 
-100.00000 -100.00000 
-100.00000 -100.00000 
-100.00000 -100.00000 
 0.00013  0.26287 
-100.00000 -100.00000 
-100.00000 -100.00000 
-0.14148 -100.00000 
-100.00000 -100.00000 
-100.00000 -100.00000 
-100.00000 -100.00000 
 0.31416  0.49630 
-100.00000 -100.00000 
 0.00000  0.00000 
-100.00000 -100.00000 
 0.00000  0.00000 
-100.00000 -100.00000 
-100.00000 -100.00000 
-100.00000 -100.00000 
-100.00000 -100.00000 
 0.38896  0.07971 
 0.13758  0.13753 
-100.00000 -100.00000 
-100.00000 -100.00000 
-0.34282 -0.01148 
 0.42766  0.27701 
-100.00000 -100.00000 
-100.00000 -100.00000 
 0.00000  0.00000 
-100.00000 -100.00000 
 0.00005 -0.00003 
 0.00000  0.00000 
-100.00000 -100.00000 
-100.00000 -100.00000 
-100.00000 -100.00000 
-0.25139 -0.49559 
-100.00000 -100.00000 
-0.18136 -0.29538 
-100.00000 -100.00000 
-100.00000 -100.00000 
-100.00000 -100.00000 
-100.00000 -100.00000 
-0.14125 -100.00000 
-100.00000 -100.00000 
-100.00000 -0.13585 
 0.29756  0.00067 
-100.00000 -100.00000 
-100.00000 -100.00000 
 0.26314 -0.34597 
 0.00000  0.00000 
-100.00000 -0.00007 
-100.00000 -100.00000 
 0.36292  0.29176 
-100.00000 -100.00000 
-100.00000 -100.00000 
-100.00000 -100.00000 
-100.00000 -100.00000 
-100.00000 -100.00000 
-100.00000 -100.00000 
-100.00000 -0.42820 
-100.00000 -100.00000 
-100.00000 -100.00000 
 0.57405  0.08678 
-100.00000 -100.00000 
-100.00000 -100.00000 
-1.19739  0.00012 
-100.00000 -100.00000 
-0.57675 -0.00005 
-100.00000 -0.24842 
-100.00000 -100.00000 
 0.07515  0.15163 
-100.00000 -100.00000 
-100.00000 -100.00000 
-100.00000 -100.00000 
-100.00000 -100.00000 
-100.00000 -100.00000 
-100.00000 -100.00000 
-100.00000 -100.00000 
 0.64928 -0.35679 
-100.00000 -100.00000 
-0.09344 -0.43885 
-100.00000 -100.00000 
 0.00000  0.00000 
-0.83627 -100.00000 
-100.00000 -100.00000 
-0.14164 -100.00000 
 0.54233  0.31368 
 0.25853  1.23783 
-100.00000 -0.35822 
-0.28359 -100.00000 
-100.00000 -100.00000 
-100.00000 -100.00000 
-0.14155  0.44426 
-100.00000 -100.00000 
-100.00000 -100.00000 
 0.03205  0.01487 
-0.30745  0.13014 
-100.00000  0.13749 
-0.00429  0.37453 
-100.00000 -100.00000 
-0.00505 -0.34892 
-0.06997  0.39992 
-100.00000 -100.00000 
-100.00000 -100.00000 
-100.00000 -100.00000 
 0.00010  0.58517 
-100.00000 -100.00000 
-100.00000 -100.00000 
 0.00000  0.00000 
-100.00000 -100.00000 
-0.00014 -100.00000 
 0.00000  0.00000 
-100.00000 -100.00000 
-0.09817 -0.22350 
-0.31610 -0.32262 
-100.00000 -100.00000 
-100.00000 -100.00000 
 0.13151 -0.15898 
-100.00000 -100.00000 
-100.00000 -100.00000 
-100.00000 -100.00000 
 0.25138 -0.23939 
-100.00000 -100.00000 
 0.01023 -100.00000 
 0.37843 -100.00000 
-100.00000 -100.00000 
-0.09512 -0.11015 
-100.00000 -100.00000 
-100.00000 -100.00000 
-0.31595 -0.22070 
-100.00000 -100.00000 
-100.00000 -100.00000 
-0.12748  0.26693 
 0.55275 -0.47704 
 0.52546  1.11120 
-100.00000 -100.00000 
-100.00000 -100.00000 
-100.00000 -100.00000 
-100.00000 -100.00000 
 0.18833  0.88110 
-100.00000 -100.00000 
-100.00000 -100.00000 
-0.16465  0.15242 
 0.11473 -0.22378 
-100.00000 -100.00000 
-100.00000 -100.00000 
-100.00000 -100.00000 
-100.00000 -100.00000 
-100.00000 -100.00000 
-100.00000 -100.00000 
 0.00080 -100.00000 
-0.02502 -0.60531 
-0.21336 -100.00000 
 0.00025 -0.61557 
-0.24429  0.43170 
-100.00000 -100.00000 
-100.00000  0.16274 
-100.00000 -100.00000 
-100.00000 -100.00000 
-100.00000 -100.00000 
 0.21321  0.32221 
-100.00000 -100.00000 
-100.00000 -100.00000 
-100.00000 -100.00000 
-100.00000 -100.00000 
-100.00000 -100.00000 
-100.00000 -100.00000 
-0.00025 -100.00000 
-0.50258 -0.10328 
 0.00000  0.00000 
-0.25096  0.37473 
-100.00000 -100.00000 
 0.39581 -100.00000 
-100.00000 -100.00000 
-100.00000 -100.00000 
-100.00000 -100.00000 
-0.56502  0.12302 
-100.00000  0.00018 
-100.00000  0.13757 
-100.00000 -100.00000 
 0.07179 -0.17442 
 0.05653  0.38849 
-100.00000 -100.00000 
 0.41847 -100.00000 
-100.00000 -100.00000 
 0.48154  0.23365 
 0.25125  0.13735 
-100.00000 -100.00000 
-100.00000 -100.00000 
-100.00000 -100.00000 
-100.00000 -100.00000 
 0.46388 -0.02423 
-100.00000 -100.00000 
-100.00000 -100.00000 
-0.00007 -100.00000 
-100.00000 -100.00000 
-100.00000 -100.00000 
-100.00000 -100.00000 
-100.00000 -0.01647 
 0.00000  0.00000 
 0.35290 -0.30043 
-100.00000 -100.00000 
-0.00114 -100.00000 
 0.14664 -100.00000 
-100.00000 -100.00000 
-100.00000 -100.00000 
 0.72770 -100.00000 
 0.17247 -0.54155 
-0.43181 -100.00000 
-0.74024  0.96237 
 0.84779  0.17388 
-100.00000  0.37855 
-100.00000  0.13754 
-0.00005 -100.00000 
-100.00000 -100.00000 
-100.00000 -100.00000 
 0.00015 -100.00000 
-0.02171 -100.00000 
 0.23006 -0.08523 
-100.00000 -100.00000 
 0.11531  0.24912 
-100.00000 -100.00000 
-100.00000 -100.00000 
 0.00007  0.00004 
 0.00033 -100.00000 
-100.00000 -100.00000 
 0.37284 -0.66609 
-100.00000 -100.00000 
 0.37764 -0.26383 
-0.34215  0.28039 
-100.00000 -100.00000 
-100.00000 -100.00000 
-100.00000 -100.00000 
 0.25494 -100.00000 
 0.00036  0.37881 
 0.00000  0.00000 
-100.00000 -100.00000 
-100.00000 -100.00000 
-100.00000 -100.00000 
-100.00000 -100.00000 
-100.00000 -100.00000 
-0.28118 -0.26900 
-100.00000 -100.00000 
 0.36899 -100.00000 
-100.00000 -100.00000 
-100.00000  0.03056 
-100.00000 -100.00000 
-100.00000 -100.00000 
-0.57016  0.36262 
-100.00000 -100.00000 
 0.01754 -100.00000 
 0.00000  0.00000 
-100.00000 -100.00000 
-100.00000 -100.00000 
-100.00000 -100.00000 
-100.00000 -100.00000 
 0.58560  0.20560 
-100.00000 -100.00000 
-100.00000 -100.00000 
 0.72242 -0.43920 
 0.67971  0.01380 
-100.00000 -100.00000 
-100.00000 -100.00000 
-100.00000 -100.00000 
-100.00000 -100.00000 
-100.00000 -100.00000 
-100.00000 -0.00005 
-100.00000  0.16590 
-100.00000 -100.00000 
-100.00000 -100.00000 
-100.00000 -100.00000 
-0.25921 -0.25637 
-100.00000 -100.00000 
-0.44839  0.12266 
-0.14449 -100.00000 
 0.01756  0.02905 
-100.00000 -100.00000 
 0.59904 -0.05851 
-100.00000 -100.00000 
-100.00000 -100.00000 
-100.00000 -100.00000 
-100.00000 -100.00000 
 0.51382 -0.43040 
-100.00000 -100.00000 
 0.37834 -0.10961 
-100.00000 -100.00000 
 0.01076 -100.00000 
-0.24557 -0.13402 
-100.00000 -100.00000 
-0.00803 -0.24627 
-100.00000 -100.00000 
 0.00195 -100.00000 
-100.00000 -100.00000 
-100.00000 -100.00000 
-100.00000 -100.00000 
-100.00000 -100.00000 
-0.09129 -0.14159 
-100.00000 -100.00000 
-0.53614  0.31382 
-100.00000 -100.00000 
-0.67740 -0.63915 
-100.00000 -100.00000 
 0.52220  0.30851 
-100.00000 -100.00000 
-100.00000 -100.00000 
-100.00000 -100.00000 
-100.00000 -100.00000 
 0.29725  0.03421 
-100.00000 -100.00000 
 0.19940  0.33282 
-100.00000 -100.00000 
 0.18945 -0.35970 
-100.00000 -100.00000 
-100.00000 -100.00000 
-100.00000 -100.00000 
 0.44768 -0.12747 
-100.00000 -100.00000 
-100.00000 -100.00000 
-100.00000 -100.00000 
 0.00011 -100.00000 
 0.11261 -0.00397 
-100.00000 -100.00000 
-100.00000 -100.00000 
-100.00000 -100.00000 
-100.00000 -100.00000 
-100.00000 -100.00000 
-100.00000 -100.00000 
-100.00000 -100.00000 
-100.00000 -100.00000 
-100.00000 -100.00000 
-100.00000 -100.00000 
-100.00000 -100.00000 
-100.00000 -100.00000 
 0.33719 -100.00000 
-100.00000 -0.43497 
-100.00000 -100.00000 
-100.00000 -100.00000 
-100.00000 -100.00000 
-100.00000 -100.00000 
-100.00000  0.00004 
-100.00000 -100.00000 
-0.12705  0.16354 
-100.00000 -100.00000 
-100.00000 -100.00000 
-100.00000 -100.00000 
 0.12806  0.26294 
-100.00000 -100.00000 
 0.18945  0.53667 
 0.72549 -0.14664 
-100.00000 -100.00000 
-100.00000 -100.00000 
 0.23257 -0.11978 
-100.00000 -100.00000 
-100.00000 -100.00000 
-100.00000 -100.00000 
-100.00000 -0.00039 
-100.00000 -100.00000 
-100.00000 -100.00000 
-100.00000 -100.00000 
 0.00000  0.00000 
-100.00000 -100.00000 
-100.00000 -100.00000 
-100.00000 -100.00000 
-0.18732  0.33399 
-100.00000 -100.00000 
 0.00010 -100.00000 
-100.00000 -100.00000 
-100.00000 -100.00000 
-0.51007 -0.02356 
 0.62702 -0.71725 
-0.13534 -100.00000 
-100.00000 -100.00000 
-0.25908 -0.60106 
 0.08419  0.16324 
 0.12775 -0.13343 
-100.00000 -100.00000 
-100.00000 -100.00000 
 0.00000  0.00000 
-100.00000 -100.00000 
-100.00000  0.13753 
-100.00000 -100.00000 
-100.00000 -100.00000 
-100.00000 -100.00000 
 0.53452 -0.25047 
-0.10829 -0.06545 
-100.00000 -100.00000 
-0.39460  0.72063 
-100.00000 -100.00000 
-100.00000 -100.00000 
-100.00000 -100.00000 
-0.04422 -0.42697 
-100.00000 -100.00000 
-100.00000 -100.00000 
-0.38737 -0.15034 
-100.00000 -100.00000 
-0.00010 -0.00001 
-100.00000 -100.00000 
-0.36560 -0.76934 
-100.00000 -100.00000 
-100.00000 -100.00000 
 0.44025 -0.12089 
-100.00000 -100.00000 
-100.00000 -100.00000 
-100.00000 -100.00000 
-100.00000 -100.00000 
 0.28969 -0.16379 
-100.00000 -100.00000 
 0.26200  0.11204 
-100.00000 -100.00000 
 0.05329 -0.48907 
-100.00000 -100.00000 
 0.83065  0.02566 
-0.08563  0.12013 
-100.00000 -100.00000 
-100.00000  0.03179 
-100.00000 -100.00000 
-100.00000 -100.00000 
-100.00000 -100.00000 
 0.29563  0.90386 
 0.37267 -0.20070 
-100.00000 -100.00000 
-0.28103  0.00125 
-100.00000 -100.00000 
-100.00000 -100.00000 
-100.00000  0.00997 
 0.00000  0.00000 
 0.00000  0.00000 
-100.00000 -100.00000 
-100.00000 -100.00000 
-100.00000 -100.00000 
 0.00000  0.00000 
-100.00000 -100.00000 
-100.00000 -100.00000 
-100.00000 -100.00000 
-100.00000  0.04427 
 0.57464  0.02474 
-100.00000 -100.00000 
 0.48549  0.02709 
-100.00000 -100.00000 
-100.00000 -100.00000 
-100.00000 -0.20230 
-100.00000 -100.00000 
-100.00000 -100.00000 
 0.02926  0.02192 
-0.33831  0.18868 
 0.28152  0.56175 
-100.00000 -100.00000 
-100.00000 -100.00000 
-100.00000 -100.00000 
 0.00000  0.00000 
-100.00000 -100.00000 
-100.00000 -100.00000 
 0.00000  0.00000 
-0.39090 -0.43507 
 0.19284  0.01466 
-100.00000 -100.00000 
-100.00000 -100.00000 
-0.14466 -0.98778 
-100.00000 -100.00000 
-100.00000 -100.00000 
-0.32163 -0.64711 
-100.00000 -100.00000 
-100.00000 -100.00000 
-100.00000 -100.00000 
-100.00000 -100.00000 
-100.00000 -100.00000 
-100.00000 -100.00000 
-100.00000 -100.00000 
 0.49501 -0.07752 
 0.02335  0.06653 
-0.04046  0.05906 
-100.00000 -100.00000 
 0.09371  0.29597 
-100.00000 -100.00000 
-100.00000 -100.00000 
-0.59971  0.51660 
-100.00000 -100.00000 
-100.00000 -100.00000 
-100.00000 -100.00000 
 0.32913 -0.20427 
-100.00000 -100.00000 
 0.13764  0.13740 
-100.00000 -100.00000 
 0.13764 -100.00000 
-100.00000 -100.00000 
 0.00000  0.00000 
 0.28470  0.09112 
-0.29918  0.53120 
-100.00000 -100.00000 
-100.00000 -100.00000 
 0.10474  0.52478 
-100.00000 -100.00000 
-100.00000 -100.00000 
-100.00000 -100.00000 
-0.55222 -0.40232 
-100.00000 -0.00013 
-100.00000 -0.12303 
-100.00000  0.00006 
 0.00000  0.00000 
-100.00000 -100.00000 
-100.00000 -100.00000 
-100.00000 -100.00000 
-0.23475 -100.00000 
-100.00000 -100.00000 
-0.51752 -0.29918 
 0.24156  0.14632 
-100.00000 -100.00000 
 0.14408 -100.00000 
-100.00000 -100.00000 
-0.28803 -0.23349 
-0.38586 -100.00000 
 0.90504 -0.33877 
-0.02889 -100.00000 
-100.00000 -100.00000 
 0.00000  0.00000 
-100.00000 -100.00000 
-100.00000 -100.00000 
-0.17327  0.00032 
-100.00000 -100.00000 
 0.04198 -0.42693 
-100.00000  0.29720 
 0.26333 -0.00006 
-0.12510 -0.28184 
-100.00000  0.00011 
-0.18754 -0.00008 
-0.00004 -100.00000 
-100.00000 -100.00000 
-100.00000 -100.00000 
-100.00000 -100.00000 
-100.00000 -0.00001 
 0.26282 -0.16155 
-100.00000 -100.00000 
-100.00000 -100.00000 
-100.00000  0.26286 
-100.00000  0.37845 
-100.00000 -100.00000 
-100.00000 -100.00000 
-100.00000 -100.00000 
-100.00000 -100.00000 
-100.00000 -100.00000 
-100.00000 -100.00000 
-0.23396 -0.07306 
-100.00000 -100.00000 
-100.00000 -100.00000 
-100.00000 -100.00000 
-100.00000 -100.00000 
-100.00000 -100.00000 
-100.00000 -100.00000 
-100.00000 -100.00000 
-100.00000 -100.00000 
-100.00000 -100.00000 
-100.00000 -100.00000 
-100.00000 -100.00000 
-0.65548  0.84124 
-100.00000 -100.00000 
-100.00000 -100.00000 
-100.00000 -100.00000 
-100.00000 -100.00000 
-100.00000 -100.00000 
-0.12216 -100.00000 
-100.00000 -100.00000 
-0.20144 -100.00000 
-100.00000 -100.00000 
