-0.01268  0.26085 
 0.66430  0.73427 
-0.46094  0.22528 
 0.32442 -0.03641 
-0.38878 -100.00000 
 0.34399 -100.00000 
 0.00013  0.48990 
-100.00000 -100.00000 
-0.00009 -0.14575 
-0.38863 -0.97985 
-0.95285 -0.57478 
 0.40733  0.00052 
 0.28635  1.80748 
-0.94967 -0.67076 
 0.00000  0.00000 
-100.00000 -100.00000 
 0.04535  0.02405 
-100.00000 -100.00000 
 0.00000  0.00000 
-0.09422 -0.04303 
-100.00000 -100.00000 
 0.47022  0.96612 
-100.00000 -100.00000 
 0.00008  1.11715 
 0.00011 -100.00000 
-0.39072 -0.14885 
-100.00000 -0.44852 
-100.00000 -100.00000 
 0.44352  0.61983 
 0.00000  0.00000 
-0.49799  0.37868 
 0.00000  0.00000 
-100.00000 -100.00000 
-100.00000 -0.00011 
 0.00000  0.00000 
-0.02477 -0.54931 
-0.49936 -1.48786 
-100.00000 -100.00000 
-0.22963 -0.51011 
-0.00403  1.07027 
-100.00000 -100.00000 
-0.39736  0.07500 
-100.00000 -100.00000 
 0.00000  0.00000 
-100.00000 -100.00000 
-100.00000 -100.00000 
-0.26892 -0.39738 
 0.99365  0.48862 
-100.00000  0.00005 
-100.00000 -100.00000 
 0.09212  0.48567 
-0.26855 -0.00493 
 0.58333  0.17889 
-100.00000  0.08806 
-100.00000 -1.00421 
-0.13797  0.26307 
-0.00006  0.13779 
 0.22341 -0.01167 
-100.00000 -100.00000 
-0.13529 -0.50756 
-100.00000 -100.00000 
-100.00000 -0.01561 
-100.00000 -100.00000 
 0.20538  0.07285 
-0.67909 -1.76976 
-0.00802  0.37848 
-100.00000 -100.00000 
-0.64341  1.64737 
-100.00000 -100.00000 
-0.27055  0.00018 
-0.01253  0.48754 
-100.00000  0.00008 
-0.01625 -0.18420 
 0.26406  0.68359 
 0.00000  0.00000 
-100.00000 -100.00000 
-100.00000 -100.00000 
-100.00000 -100.00000 
-100.00000 -100.00000 
-100.00000 -100.00000 
-0.20918  0.13743 
 0.10815 -0.02158 
-0.12571 -0.80287 
-100.00000 -100.00000 
-100.00000 -100.00000 
 0.33052  0.27005 
 0.00004 -100.00000 
 0.23688  0.11749 
 0.69886 -0.68340 
-0.00335 -0.17615 
 0.02420  0.19622 
-0.36198  1.95891 
-100.00000 -100.00000 
-0.27057 -100.00000 
-100.00000 -100.00000 
-0.65236  0.29946 
-100.00000 -100.00000 
-100.00000 -100.00000 
 0.00000  0.00000 
 0.24857 -0.00552 
 0.68963  0.42437 
 0.32240 -0.79089 
-0.39737  1.15949 
-0.33325  1.27923 
-100.00000 -100.00000 
 0.05119  0.13296 
-100.00000 -100.00000 
-100.00000 -100.00000 
-100.00000 -0.27349 
-100.00000 -100.00000 
-0.10702 -0.00006 
-100.00000 -0.14293 
 0.33417 -1.53535 
-100.00000 -100.00000 
-0.45234 -100.00000 
-100.00000  0.00012 
-100.00000 -100.00000 
-100.00000 -0.00005 
 0.37881  0.00029 
-100.00000 -100.00000 
-100.00000 -100.00000 
-100.00000 -100.00000 
 0.32543 -0.39285 
-0.52417  0.19496 
-0.31576  0.84812 
-0.33249 -0.08953 
-0.16909  1.00028 
-100.00000 -0.60556 
-100.00000 -0.01449 
 0.00012 -100.00000 
-100.00000 -100.00000 
-100.00000 -100.00000 
 0.19852  0.98972 
-100.00000 -100.00000 
 0.43370 -2.04753 
-0.16079  0.90550 
-0.25761  0.12456 
-0.66020  0.55471 
-0.19010 -1.30601 
-100.00000 -100.00000 
-0.53334 -0.23936 
 0.13760  0.23552 
-0.16613  0.23648 
 0.00000  0.00000 
 0.00012 -100.00000 
-100.00000 -100.00000 
-100.00000 -100.00000 
 0.98405  0.98371 
 0.00000  0.00000 
-0.09812  0.00120 
-100.00000 -100.00000 
-100.00000 -100.00000 
-0.49869  0.71762 
 0.25050  0.35159 
 0.02787 -0.27252 
-100.00000  0.00073 
 0.30575  0.34193 
 0.58501 -0.25002 
-0.28220  0.31218 
-100.00000 -100.00000 
-100.00000 -100.00000 
-100.00000 -0.00012 
 0.26343 -0.14314 
-100.00000 -100.00000 
-100.00000 -100.00000 
-100.00000 -100.00000 
-100.00000 -100.00000 
 0.00000  0.00000 
-0.46061 -0.04056 
-0.51079  0.10598 
 0.18976 -0.11546 
-0.35240 -0.19453 
-0.16670  0.44424 
-100.00000 -100.00000 
 0.92342  0.79176 
-0.32470  1.65136 
 0.56165  0.31705 
 0.00000  0.00000 
 0.15411  0.70430 
 0.65943  0.58553 
-100.00000 -0.00004 
 0.17075 -0.43050 
 0.13754 -0.13590 
 0.25817 -2.29442 
 0.24136 -0.12974 
-0.08970  0.67815 
 0.24129 -0.00008 
-0.45321  1.05883 
-100.00000 -0.00006 
-100.00000 -100.00000 
-100.00000 -100.00000 
 0.00003 -100.00000 
-100.00000 -100.00000 
-100.00000 -100.00000 
-100.00000 -0.00012 
-100.00000 -100.00000 
-100.00000 -100.00000 
 0.46451 -0.27561 
-0.23211 -0.13645 
 0.13764 -100.00000 
 0.48569  1.07274 
-100.00000 -100.00000 
-100.00000 -100.00000 
-100.00000 -100.00000 
-100.00000  0.10990 
 0.56817 -1.10156 
-100.00000 -100.00000 
-100.00000 -100.00000 
-0.16687 -0.31136 
 0.35824  0.86077 
 0.10414 -0.24199 
-0.16890 -0.65887 
-0.20745  0.04572 
-0.05337 -100.00000 
-0.00006 -100.00000 
 0.31844  0.49091 
-100.00000 -100.00000 
 0.17325 -0.25439 
 0.25354 -1.09589 
-0.03471  0.40625 
-0.04859 -0.31519 
 0.00013 -0.12347 
 0.00021 -0.00037 
 0.25381  0.58533 
-100.00000 -100.00000 
 0.49446  1.00456 
 0.00000  0.00000 
-0.00183 -0.37485 
 0.23267  1.36543 
-0.49289  0.15365 
-0.49813 -0.12162 
-0.05775 -0.17772 
-100.00000 -100.00000 
 0.01281  0.00462 
-0.16605  0.35624 
-0.46666  0.16775 
 0.04639  0.37886 
-100.00000  0.56217 
 0.37869  0.41874 
-0.78015  0.45475 
-100.00000 -100.00000 
-100.00000 -0.00009 
 0.08471 -0.44986 
-100.00000  0.13766 
-100.00000  0.00006 
 0.00012 -100.00000 
-100.00000 -100.00000 
 0.00000  0.00000 
-100.00000 -0.42678 
-100.00000 -100.00000 
-0.62359 -0.64649 
 0.35609  0.00276 
-100.00000  0.84022 
-100.00000 -100.00000 
 0.00000  0.00000 
 0.57168  0.81252 
 0.29248  0.46778 
-100.00000 -100.00000 
-100.00000 -0.26127 
-0.16608  0.39715 
 0.00000  0.00000 
-100.00000 -100.00000 
-100.00000  0.37848 
-100.00000 -100.00000 
 0.70595  0.18408 
 0.08104  0.33905 
 0.03125  0.13755 
-0.15050 -0.76131 
-100.00000 -4.53386 
 0.10900  0.43150 
-100.00000 -100.00000 
 0.47583  0.18152 
-100.00000 -100.00000 
-0.15686  0.46039 
-100.00000 -0.00003 
-0.81952 -0.20581 
-0.07012 -1.01152 
-0.83046 -1.31369 
-100.00000 -0.21892 
 0.00030 -0.48272 
 0.99069 -0.03084 
-0.05097  0.32924 
 0.00000  0.00000 
 0.80016  0.31761 
-0.59272  1.29427 
-0.37548 -0.09533 
-0.15903 -0.57524 
-0.36026 -0.60959 
 0.33101  1.12045 
-0.12146 -1.18160 
-100.00000 -100.00000 
-0.53403  0.03504 
 0.00000  0.00000 
-0.15763 -1.64835 
-100.00000 -100.00000 
-100.00000 -100.00000 
 0.00000  0.00000 
 0.32600  0.84798 
-0.31346  0.03023 
-100.00000 -100.00000 
-1.27344  0.46212 
-0.11163 -0.29150 
 0.30872 -1.14454 
-100.00000  0.23364 
-0.25858 -0.27581 
 0.92598  0.00006 
 0.00691 -0.26009 
-100.00000 -100.00000 
-100.00000 -100.00000 
-100.00000  0.10159 
 0.12941  1.06578 
-0.94979  0.62841 
 0.24332 -0.39701 
 0.00440  0.46169 
 0.00000  0.00000 
-0.57411  0.49128 
-100.00000 -100.00000 
 0.55876 -1.05466 
-100.00000 -100.00000 
-0.69963 -0.34945 
-0.16299 -0.19959 
-100.00000 -100.00000 
-0.47832  0.00028 
-0.13538  0.26289 
-100.00000  0.37867 
 0.00000  0.00000 
 0.00727  0.37863 
-100.00000 -100.00000 
-0.12076 -0.14430 
 0.22687  0.13001 
-100.00000 -100.00000 
 0.00000  0.00000 
-0.25691 -0.14243 
-100.00000 -100.00000 
-100.00000 -100.00000 
-100.00000  0.37857 
 0.15713 -0.41224 
 0.37862 -0.00364 
-0.32058 -0.38255 
-0.17521 -0.12193 
-100.00000 -100.00000 
-100.00000  0.00005 
-100.00000 -0.01047 
-100.00000 -100.00000 
-100.00000 -100.00000 
-100.00000 -100.00000 
-100.00000 -100.00000 
-0.60084 -0.37066 
 0.08678  0.67254 
 0.18791 -0.27389 
-100.00000 -100.00000 
-100.00000 -100.00000 
-0.49222  0.62891 
-100.00000 -100.00000 
-100.00000 -100.00000 
-100.00000 -100.00000 
-100.00000 -100.00000 
 0.00000  0.00000 
 0.00000 -100.00000 
 0.16351 -0.02742 
 0.27516  0.82719 
-100.00000 -100.00000 
-100.00000 -100.00000 
-100.00000 -100.00000 
-100.00000  0.00002 
-100.00000 -100.00000 
-100.00000 -100.00000 
-100.00000 -0.00026 
-0.57695  0.56183 
-0.31005  0.33852 
 0.00547 -0.00759 
-100.00000  0.43994 
-100.00000 -100.00000 
-100.00000 -100.00000 
-0.79962  0.31343 
-100.00000 -100.00000 
-100.00000 -100.00000 
-0.88555 -0.34463 
 0.22302  0.22097 
-100.00000 -100.00000 
-100.00000 -100.00000 
 0.16901  0.49518 
-0.25470  0.07624 
 0.00000  0.00000 
-100.00000 -0.00012 
-1.09376  0.35051 
 0.26450  0.01770 
 0.45562 -0.30701 
 0.65724  0.49567 
-1.06405  0.99121 
-0.36611  0.23524 
 0.00000  0.00000 
-0.59417 -0.54496 
-100.00000  0.12810 
-100.00000 -100.00000 
-0.16652 -0.62693 
 0.18174  0.41970 
-100.00000 -100.00000 
 0.13598  0.08231 
 0.36909  0.26307 
-0.09615  0.12809 
-100.00000  0.59014 
-0.21475 -0.06956 
 0.00000  0.00000 
-100.00000 -100.00000 
-100.00000 -100.00000 
 0.00000  0.00000 
-0.23684  0.50290 
 0.36964  0.12029 
-100.00000 -100.00000 
 0.13741  0.71314 
-0.67968  1.82176 
-100.00000 -100.00000 
-0.29115  0.75867 
-0.30902  0.37892 
-100.00000 -0.00048 
-100.00000 -100.00000 
-100.00000  0.00013 
-100.00000 -100.00000 
 0.03065 -0.31224 
-100.00000 -100.00000 
 0.02918 -100.00000 
-100.00000 -100.00000 
-0.39134 -100.00000 
 0.37837  0.00308 
-100.00000 -100.00000 
-100.00000 -100.00000 
-100.00000 -100.00000 
-100.00000 -100.00000 
-100.00000 -100.00000 
-100.00000 -100.00000 
 0.00012 -100.00000 
-100.00000 -0.00013 
 0.09819  0.20327 
-100.00000 -100.00000 
 0.00000  0.00000 
-100.00000 -100.00000 
-0.20858  0.37876 
 0.14351  0.63374 
-100.00000 -100.00000 
 0.00004 -100.00000 
-100.00000 -100.00000 
-100.00000 -100.00000 
-100.00000  0.00006 
-100.00000 -100.00000 
-100.00000 -100.00000 
 0.02894 -0.08977 
-100.00000 -100.00000 
-100.00000 -100.00000 
 0.00000  0.00000 
-100.00000 -100.00000 
-100.00000 -100.00000 
-100.00000 -0.13522 
-100.00000 -100.00000 
-100.00000 -100.00000 
 0.67992  0.00260 
-0.33799  0.13762 
-100.00000 -100.00000 
-0.21438 -0.31205 
 0.07481  0.11932 
-100.00000 -100.00000 
-100.00000 -100.00000 
-100.00000 -100.00000 
 0.65709  0.12807 
-0.00013 -100.00000 
-0.16612 -0.33956 
 0.43053  0.73195 
 0.18346  2.26105 
-100.00000 -100.00000 
-0.62905 -0.57564 
 0.60049  0.37113 
 0.05373  0.12810 
 0.36325  0.24172 
-0.25388  0.12987 
-100.00000  0.00014 
 0.87286 -0.06050 
-100.00000 -100.00000 
-0.17289  0.13746 
-100.00000 -100.00000 
-100.00000 -100.00000 
-100.00000  0.00008 
-0.09713  0.45599 
-100.00000 -100.00000 
-100.00000 -100.00000 
-100.00000 -100.00000 
 0.14115 -0.23807 
-100.00000 -100.00000 
-100.00000 -100.00000 
 0.48560 -1.42988 
-0.20915  0.32237 
-100.00000 -100.00000 
 0.06528 -0.17014 
-0.23498  0.00042 
 0.36325  0.00012 
-100.00000 -100.00000 
-100.00000 -100.00000 
-0.97364 -0.38949 
-100.00000 -100.00000 
 0.00000  0.00000 
-100.00000 -100.00000 
-100.00000 -0.24661 
-100.00000  0.00024 
 0.14903  0.43098 
-0.23468  0.22041 
-100.00000 -100.00000 
-0.05772  0.25017 
 0.42643 -0.24669 
-0.12225  0.26315 
-0.47583 -0.45946 
-0.63144 -1.12407 
 0.00003  0.48548 
 0.22215 -0.64491 
 0.25269  0.67866 
-100.00000  0.26291 
-0.26468 -0.45546 
-0.07825  0.04035 
 0.13766  0.71396 
 0.43241  0.80225 
-100.00000  0.99960 
 0.01303 -0.14070 
 0.02810 -0.00013 
-100.00000  0.92641 
 0.02820 -0.34926 
 0.64547  0.73347 
-100.00000 -0.68683 
-100.00000  0.15081 
-0.00056 -100.00000 
-100.00000 -100.00000 
 0.33104 -0.20358 
-100.00000 -100.00000 
 0.15005 -0.08356 
-0.72971 -0.99706 
-0.00021 -100.00000 
 0.15606 -100.00000 
 0.00000  0.00000 
-100.00000 -0.00015 
 0.26362 -0.02063 
-100.00000  0.00899 
-0.09611 -0.24579 
 0.53115  1.84843 
-0.53419  0.51896 
-0.05762 -0.55300 
-0.12204 -0.93973 
-100.00000 -100.00000 
-0.63329 -0.61704 
-100.00000 -100.00000 
-100.00000 -100.00000 
-0.10503 -0.12694 
-0.07998 -0.13043 
-100.00000  0.00868 
-0.12227 -100.00000 
-100.00000 -100.00000 
-0.18600 -0.14152 
-100.00000 -0.00001 
-0.33855 -0.00011 
-0.02848  0.23823 
-100.00000 -100.00000 
 0.14091 -1.28416 
-100.00000 -100.00000 
-0.00018 -0.14124 
-100.00000 -100.00000 
-0.14925  0.84225 
-0.39562  0.28397 
-100.00000 -100.00000 
 0.47256  0.40894 
