 0.00000  0.00000 
-0.44169 -0.91978 
-100.00000 -100.00000 
-0.64208 -100.00000 
-100.00000  0.00030 
 0.33947 -0.09814 
-100.00000 -0.00016 
 0.14189  0.12714 
 0.34370 -100.00000 
-100.00000 -100.00000 
-0.64670 -100.00000 
-100.00000  0.12274 
-100.00000 -100.00000 
-100.00000 -100.00000 
-100.00000 -0.00023 
-100.00000 -100.00000 
-100.00000 -100.00000 
-100.00000 -100.00000 
-100.00000  0.67831 
-0.10963  0.09849 
-100.00000 -100.00000 
 0.11683 -0.42539 
-100.00000 -100.00000 
-100.00000  0.00003 
-100.00000  0.00007 
-100.00000 -100.00000 
-100.00000 -100.00000 
-100.00000 -100.00000 
-100.00000 -100.00000 
-100.00000 -100.00000 
-100.00000 -100.00000 
-0.00001 -100.00000 
-100.00000 -100.00000 
-100.00000 -100.00000 
-100.00000 -100.00000 
-0.63774  0.36599 
-100.00000 -100.00000 
-100.00000 -100.00000 
 0.15006  0.39709 
-100.00000 -100.00000 
 0.24088 -0.01897 
-100.00000 -100.00000 
-0.49336  0.30734 
-100.00000 -100.00000 
-100.00000 -100.00000 
 0.00002 -100.00000 
-100.00000 -100.00000 
-100.00000 -100.00000 
 0.49653 -0.12290 
-100.00000 -100.00000 
-100.00000 -100.00000 
-0.00014 -100.00000 
-100.00000  0.36804 
-100.00000 -100.00000 
-100.00000 -100.00000 
-100.00000 -100.00000 
-100.00000  0.10976 
-100.00000 -100.00000 
 0.15219  0.18651 
-0.14103  0.99734 
-100.00000  0.18828 
 0.34412 -100.00000 
-100.00000 -100.00000 
 0.55979  0.11937 
-0.14011 -100.00000 
-100.00000 -100.00000 
-100.00000 -100.00000 
-100.00000 -100.00000 
-100.00000  0.12358 
-0.49821 -0.00005 
-100.00000 -100.00000 
-100.00000 -100.00000 
-100.00000 -100.00000 
-0.00000 -0.26439 
-100.00000 -100.00000 
-100.00000 -100.00000 
-100.00000 -100.00000 
-100.00000 -100.00000 
 0.67816  0.58501 
-100.00000 -100.00000 
-100.00000 -100.00000 
-100.00000 -100.00000 
-100.00000 -100.00000 
-100.00000 -100.00000 
-100.00000 -100.00000 
-0.69519 -100.00000 
-0.23507 -0.12405 
-0.27055 -100.00000 
-0.91820  0.57761 
-100.00000  0.29139 
-100.00000 -0.11737 
-100.00000 -100.00000 
-100.00000 -100.00000 
-100.00000 -100.00000 
-100.00000 -100.00000 
-0.21533 -100.00000 
-100.00000 -100.00000 
-100.00000 -100.00000 
-100.00000 -100.00000 
 0.03202  0.13749 
-100.00000 -100.00000 
-100.00000 -100.00000 
-100.00000 -100.00000 
-100.00000  0.20391 
-100.00000 -100.00000 
 0.00014 -100.00000 
-100.00000 -100.00000 
-100.00000 -100.00000 
-100.00000 -100.00000 
-100.00000 -100.00000 
-100.00000 -100.00000 
-100.00000 -100.00000 
-0.63603 -100.00000 
-100.00000 -100.00000 
 0.13177 -100.00000 
-100.00000 -100.00000 
-100.00000 -100.00000 
 0.21824 -0.39711 
 0.16799 -0.55694 
-100.00000 -100.00000 
-100.00000 -100.00000 
 0.45760 -0.35748 
-100.00000  0.51699 
-100.00000 -100.00000 
-100.00000 -100.00000 
-0.26437 -100.00000 
-100.00000 -100.00000 
 0.97360 -0.12793 
-100.00000 -100.00000 
-100.00000 -100.00000 
-100.00000 -100.00000 
-100.00000 -100.00000 
-0.46136 -0.35264 
-100.00000 -100.00000 
-100.00000 -100.00000 
-0.12390  0.14331 
-100.00000 -100.00000 
 0.92547 -100.00000 
-100.00000 -100.00000 
-100.00000 -100.00000 
-100.00000  0.61448 
-100.00000 -100.00000 
-0.35065 -100.00000 
-100.00000 -100.00000 
-0.22827 -0.00011 
-0.20321 -100.00000 
-100.00000 -100.00000 
 0.01572 -100.00000 
-100.00000 -100.00000 
 0.37903  0.02659 
-100.00000 -100.00000 
-100.00000 -100.00000 
 0.13643 -100.00000 
-0.17650  0.91975 
 0.51018 -0.15468 
-100.00000 -100.00000 
 0.37814 -100.00000 
-0.31476 -100.00000 
-100.00000  0.00014 
-100.00000 -100.00000 
-100.00000 -100.00000 
-100.00000 -100.00000 
-100.00000 -100.00000 
-0.07474  0.00002 
-100.00000 -100.00000 
-100.00000 -100.00000 
 0.01985 -0.09620 
-0.09586  0.05523 
 0.45224  0.01562 
-0.25762 -0.31678 
-100.00000 -100.00000 
-100.00000 -100.00000 
-100.00000 -0.24717 
-100.00000 -100.00000 
-0.10586  0.01646 
 0.44929  0.82273 
 0.21240 -0.32192 
-100.00000 -100.00000 
-100.00000 -100.00000 
-100.00000 -100.00000 
-100.00000 -100.00000 
-0.04779 -0.30645 
-100.00000 -100.00000 
 0.55061 -0.06925 
 0.41901 -100.00000 
-100.00000 -100.00000 
-100.00000 -100.00000 
-100.00000 -100.00000 
-100.00000 -100.00000 
-100.00000 -0.00003 
-100.00000 -100.00000 
-100.00000 -100.00000 
-100.00000 -100.00000 
-100.00000 -100.00000 
-100.00000 -100.00000 
-100.00000 -100.00000 
-0.00007  0.13740 
-100.00000 -100.00000 
-100.00000 -100.00000 
-100.00000 -100.00000 
-100.00000 -100.00000 
-100.00000 -100.00000 
-100.00000 -100.00000 
-100.00000 -100.00000 
 0.94705 -100.00000 
-100.00000 -100.00000 
-0.23175 -100.00000 
-100.00000 -100.00000 
-100.00000  0.55111 
-100.00000 -100.00000 
-0.23199 -100.00000 
-100.00000 -100.00000 
-100.00000 -100.00000 
-100.00000 -100.00000 
-100.00000 -100.00000 
-0.33555 -100.00000 
-100.00000 -100.00000 
-100.00000 -100.00000 
-100.00000 -100.00000 
 0.12657 -100.00000 
 0.24981 -100.00000 
-100.00000 -0.31172 
-100.00000  0.00111 
-0.25430 -0.47001 
-100.00000 -100.00000 
-100.00000 -100.00000 
-100.00000 -100.00000 
-100.00000 -100.00000 
-100.00000 -100.00000 
-0.11007  0.27463 
 1.53518  0.15144 
-0.81751  0.02136 
 0.77526 -0.30563 
-0.23135 -100.00000 
-100.00000 -100.00000 
 0.16793 -0.10870 
 0.03345 -0.08932 
-100.00000 -100.00000 
-100.00000 -100.00000 
 0.37769 -100.00000 
-100.00000 -100.00000 
-0.08198  0.13397 
 0.00000  0.00000 
-100.00000 -100.00000 
-100.00000 -100.00000 
-100.00000 -100.00000 
-100.00000 -100.00000 
-0.09150 -0.00035 
 0.44952 -0.38542 
-100.00000 -100.00000 
-100.00000 -100.00000 
-100.00000 -100.00000 
-0.23067 -100.00000 
-100.00000 -100.00000 
 0.05501 -100.00000 
 0.11866 -0.06843 
-0.07038  0.07700 
-100.00000 -100.00000 
-100.00000 -100.00000 
-100.00000 -100.00000 
-100.00000 -100.00000 
-100.00000 -100.00000 
-100.00000 -100.00000 
-100.00000 -100.00000 
 0.43849 -0.20343 
-100.00000 -100.00000 
-100.00000 -100.00000 
-100.00000 -100.00000 
-100.00000 -100.00000 
-100.00000 -100.00000 
-100.00000 -100.00000 
-100.00000 -100.00000 
-0.17814  0.12232 
-0.13469 -100.00000 
-100.00000 -100.00000 
-100.00000  0.48573 
-0.47688 -100.00000 
-100.00000 -100.00000 
-100.00000 -100.00000 
-100.00000 -100.00000 
 0.00005 -100.00000 
-100.00000  0.02616 
 0.02891  0.25555 
-100.00000 -100.00000 
-0.07002  0.22215 
-100.00000 -100.00000 
-100.00000 -100.00000 
 0.00000  0.00000 
-100.00000 -0.64292 
-100.00000 -100.00000 
-100.00000 -100.00000 
-100.00000 -100.00000 
 0.70967  0.14161 
-0.19849  0.18055 
-100.00000 -100.00000 
-100.00000 -100.00000 
-100.00000 -100.00000 
-100.00000 -100.00000 
 0.00239 -100.00000 
-100.00000 -100.00000 
-100.00000 -100.00000 
 0.44735  0.32462 
 0.38342  0.15102 
-100.00000 -100.00000 
-0.74441 -100.00000 
-100.00000 -100.00000 
-100.00000 -100.00000 
-100.00000 -100.00000 
-100.00000 -100.00000 
-100.00000 -100.00000 
-0.53402  0.71625 
-100.00000 -100.00000 
-100.00000 -100.00000 
 0.12790 -100.00000 
-100.00000 -100.00000 
-0.10326  0.94561 
-100.00000 -100.00000 
 0.41922 -0.00172 
-100.00000 -100.00000 
-100.00000 -100.00000 
-0.25910  0.13737 
-100.00000 -100.00000 
-0.25899 -100.00000 
 0.28705 -0.01139 
-100.00000 -100.00000 
 0.13734  0.48557 
-100.00000 -100.00000 
 0.22676 -0.00482 
 0.07186  0.05975 
 0.00000  0.00000 
-100.00000 -100.00000 
-100.00000 -100.00000 
-100.00000 -100.00000 
-100.00000 -100.00000 
-100.00000 -100.00000 
-100.00000 -100.00000 
-100.00000  0.01516 
-100.00000 -100.00000 
-100.00000 -100.00000 
-100.00000 -100.00000 
-100.00000  0.00012 
-100.00000 -100.00000 
-100.00000 -100.00000 
-100.00000 -100.00000 
-100.00000  0.00169 
-100.00000 -100.00000 
 0.00258 -100.00000 
-100.00000 -100.00000 
-100.00000 -0.00016 
-100.00000 -100.00000 
-100.00000 -100.00000 
-100.00000 -100.00000 
-100.00000 -100.00000 
-100.00000 -100.00000 
-100.00000 -100.00000 
-100.00000 -100.00000 
-100.00000 -100.00000 
-100.00000 -100.00000 
-100.00000 -100.00000 
 0.00000  0.00000 
 0.64520 -0.22194 
-100.00000 -100.00000 
-100.00000 -100.00000 
 0.00002 -100.00000 
-100.00000 -100.00000 
-100.00000 -100.00000 
-100.00000 -100.00000 
 0.00010 -100.00000 
-0.09152 -100.00000 
-100.00000 -100.00000 
-100.00000 -100.00000 
-100.00000 -100.00000 
-0.13534 -100.00000 
-100.00000 -100.00000 
 0.01197 -100.00000 
-100.00000 -100.00000 
-100.00000 -100.00000 
-100.00000 -100.00000 
-100.00000 -100.00000 
-100.00000 -100.00000 
-0.10868  0.81901 
-0.00002  0.37854 
-100.00000  0.26314 
-100.00000 -100.00000 
-100.00000 -100.00000 
 0.00090  1.32130 
-100.00000 -100.00000 
 0.16897 -100.00000 
-100.00000 -100.00000 
-100.00000 -0.21689 
-100.00000  0.21025 
-100.00000 -100.00000 
-100.00000 -100.00000 
-0.30378 -100.00000 
-0.24224 -0.07787 
-100.00000 -100.00000 
-100.00000 -100.00000 
-100.00000 -100.00000 
-100.00000  0.03173 
-100.00000 -100.00000 
 0.13806 -100.00000 
 0.00000  0.00000 
-100.00000 -100.00000 
-100.00000 -100.00000 
-100.00000 -100.00000 
 0.15463 -100.00000 
-100.00000 -100.00000 
-100.00000 -100.00000 
-0.02193 -0.19443 
-100.00000 -100.00000 
-100.00000 -100.00000 
-100.00000  0.13766 
-100.00000 -100.00000 
-100.00000 -100.00000 
-0.00011 -100.00000 
-100.00000 -100.00000 
-100.00000 -100.00000 
-100.00000 -100.00000 
-0.00691 -0.22772 
 0.00000  0.00000 
-100.00000 -100.00000 
-100.00000 -100.00000 
-100.00000 -100.00000 
-100.00000 -100.00000 
-100.00000 -100.00000 
-100.00000 -100.00000 
-100.00000  0.12734 
 0.54992  0.03590 
 0.46459 -0.01248 
-100.00000 -100.00000 
-100.00000 -100.00000 
-100.00000 -0.11208 
-100.00000 -100.00000 
-100.00000 -0.42292 
-100.00000 -100.00000 
-100.00000 -100.00000 
-100.00000 -100.00000 
-100.00000 -100.00000 
-100.00000 -100.00000 
-100.00000 -100.00000 
 0.16936 -0.24439 
-0.00003 -100.00000 
-100.00000 -100.00000 
-100.00000 -100.00000 
 0.06792  0.47365 
-100.00000 -100.00000 
-100.00000 -100.00000 
-100.00000 -100.00000 
-0.24487  0.38727 
-100.00000 -100.00000 
 0.02912  0.13754 
-100.00000 -100.00000 
-100.00000 -100.00000 
-100.00000 -100.00000 
-100.00000 -100.00000 
-100.00000 -100.00000 
-100.00000 -100.00000 
-0.00244 -0.41634 
-100.00000 -100.00000 
-100.00000 -100.00000 
 0.15471  0.30064 
-100.00000 -100.00000 
-0.00024  0.13738 
-100.00000 -100.00000 
-100.00000 -100.00000 
-100.00000 -100.00000 
-100.00000 -100.00000 
-0.88919  0.82728 
-100.00000 -100.00000 
-0.20925 -0.32693 
-100.00000 -100.00000 
-100.00000 -100.00000 
-100.00000 -100.00000 
 0.93193 -100.00000 
-100.00000 -100.00000 
 0.11334 -100.00000 
-100.00000 -100.00000 
-100.00000 -100.00000 
-100.00000 -100.00000 
-100.00000 -100.00000 
 0.00006 -100.00000 
-100.00000 -100.00000 
-100.00000 -100.00000 
 0.00013 -100.00000 
-100.00000 -100.00000 
-0.14873 -100.00000 
-100.00000 -100.00000 
-100.00000 -100.00000 
-100.00000 -100.00000 
-0.09316 -0.00002 
-100.00000 -100.00000 
 0.00000  0.00000 
-0.23498 -0.33866 
-100.00000 -0.00018 
-100.00000 -100.00000 
-100.00000 -100.00000 
-0.84115 -0.60385 
-100.00000 -100.00000 
-1.08121 -0.53747 
-100.00000 -100.00000 
-100.00000 -100.00000 
-100.00000 -100.00000 
-100.00000  0.49055 
-100.00000  0.13732 
-100.00000 -100.00000 
-100.00000 -100.00000 
-100.00000 -100.00000 
-100.00000 -0.17337 
 0.58504 -100.00000 
-0.26422  0.06531 
-0.09726 -0.26077 
-100.00000  0.24624 
-0.40853 -0.03886 
-100.00000  0.01555 
-0.29940  0.14063 
 0.06418 -0.20479 
-100.00000 -100.00000 
 0.14165 -100.00000 
-0.18401  0.48445 
-100.00000 -100.00000 
 0.42557 -0.20347 
-100.00000 -100.00000 
-100.00000 -100.00000 
 0.00000  0.00000 
-100.00000 -100.00000 
-0.61390  0.22234 
-100.00000 -0.17735 
-100.00000  0.00015 
-0.25392 -100.00000 
 0.88288 -0.16844 
-100.00000 -100.00000 
-100.00000 -100.00000 
-100.00000 -100.00000 
-100.00000 -100.00000 
-100.00000 -100.00000 
-100.00000 -100.00000 
-100.00000 -100.00000 
-100.00000 -100.00000 
-100.00000 -100.00000 
-0.07682 -0.12405 
 0.15968 -0.08523 
 0.36691  0.26287 
-0.12204 -0.20140 
-100.00000 -100.00000 
-100.00000 -100.00000 
-0.42924  0.06689 
-100.00000 -100.00000 
-100.00000 -100.00000 
-100.00000 -100.00000 
-100.00000 -100.00000 
-100.00000 -100.00000 
-100.00000 -100.00000 
 0.00000  0.00000 
 0.55601  0.35060 
-0.33855 -100.00000 
-100.00000 -100.00000 
-100.00000 -100.00000 
-0.07613 -100.00000 
-0.20141 -0.14962 
-100.00000  0.14080 
-100.00000 -100.00000 
-100.00000 -100.00000 
 0.20117  0.36595 
-100.00000 -100.00000 
 0.00001 -100.00000 
