 0.00632 -0.15245 
-0.38362  0.44801 
-0.60002 -100.00000 
 1.45022  0.10218 
 0.28653  1.42057 
 0.17959 -100.00000 
 0.05706 -0.50357 
-0.14171  0.00007 
-0.00009 -0.00610 
 0.00951 -0.11563 
 0.06379 -100.00000 
-1.19805  0.22077 
-0.56877 -0.29613 
-100.00000 -100.00000 
 0.90844 -0.35994 
-100.00000 -100.00000 
-100.00000 -100.00000 
-100.00000 -100.00000 
-0.38141 -0.10789 
 0.00000  0.00000 
-100.00000 -100.00000 
 0.00000  0.00000 
-100.00000 -100.00000 
-100.00000 -100.00000 
-100.00000 -100.00000 
-100.00000 -100.00000 
-100.00000  0.00006 
-100.00000 -0.14001 
-100.00000 -100.00000 
-0.11895  0.02196 
-100.00000 -100.00000 
 0.16622  0.18597 
-0.03089 -0.13245 
-100.00000 -100.00000 
-0.01835 -0.09271 
 0.00000  0.00000 
-0.02216 -0.01117 
-100.00000 -100.00000 
-100.00000 -100.00000 
-100.00000 -100.00000 
-100.00000 -100.00000 
-100.00000 -100.00000 
-100.00000 -100.00000 
 0.20517 -0.06766 
-100.00000 -100.00000 
-100.00000 -100.00000 
 0.26372 -0.18376 
-100.00000 -100.00000 
-0.42843 -100.00000 
-0.20477  0.48541 
 0.10982 -100.00000 
-100.00000 -100.00000 
-0.06718 -0.05800 
-100.00000 -100.00000 
 0.13760 -100.00000 
-100.00000 -100.00000 
-100.00000 -100.00000 
-0.34617 -0.34884 
-100.00000 -100.00000 
 0.00000 -100.00000 
 0.75856  0.19132 
-0.00380 -100.00000 
-100.00000 -100.00000 
 0.00000  0.00000 
-100.00000 -100.00000 
-100.00000 -100.00000 
 0.53795  0.06902 
-0.00033  0.44466 
-100.00000 -100.00000 
-100.00000 -100.00000 
 1.21503  0.26300 
-100.00000 -100.00000 
-100.00000  0.26282 
 0.00000  0.00000 
-0.14069  0.61024 
-100.00000 -100.00000 
-100.00000 -100.00000 
-0.35974  0.48548 
 0.26312 -100.00000 
-100.00000 -100.00000 
-100.00000 -100.00000 
-100.00000 -100.00000 
-100.00000 -100.00000 
-100.00000 -100.00000 
-100.00000 -100.00000 
-0.63856  0.08124 
 0.37679 -0.00000 
-0.29268 -0.01839 
-0.01205 -0.12766 
 0.62864 -0.05984 
-0.30241 -0.16343 
-0.14160 -0.38663 
-100.00000 -100.00000 
-100.00000 -100.00000 
-100.00000 -100.00000 
 0.00000  0.00000 
-0.00551  0.06552 
-100.00000 -100.00000 
 0.04564 -0.16664 
-100.00000 -0.00001 
 0.13776 -100.00000 
-100.00000 -100.00000 
-0.00023 -0.24771 
 0.58493 -0.62842 
-100.00000 -100.00000 
-100.00000 -100.00000 
-100.00000 -100.00000 
-100.00000 -100.00000 
-100.00000 -100.00000 
-100.00000 -100.00000 
-100.00000 -100.00000 
 0.43507 -0.11656 
 0.00000  0.00000 
-100.00000 -100.00000 
 0.36340 -0.46532 
-100.00000 -100.00000 
-100.00000 -100.00000 
 0.00004  0.13745 
-100.00000 -100.00000 
-100.00000 -100.00000 
-100.00000 -100.00000 
-100.00000 -100.00000 
-0.09875  0.04431 
-100.00000 -100.00000 
-0.23798  0.14360 
-0.45790  0.26311 
-100.00000 -100.00000 
-0.12715  0.23778 
-100.00000 -100.00000 
 0.52138  0.32061 
 0.00005  0.00871 
-100.00000 -100.00000 
 0.00000  0.00000 
-100.00000  0.00831 
-100.00000 -100.00000 
-100.00000  0.33828 
 0.00975  0.00014 
 0.49283 -0.47913 
 0.25074 -100.00000 
-100.00000 -100.00000 
-100.00000  0.13780 
-100.00000  0.00013 
-100.00000 -100.00000 
-0.29046 -0.32973 
-0.09077 -0.10333 
-100.00000  0.13735 
-100.00000 -100.00000 
-0.37900  0.26311 
-0.50901  0.03057 
 0.10711 -0.26192 
-100.00000 -100.00000 
-100.00000 -100.00000 
-0.09012 -0.05383 
 0.84392 -0.11882 
-0.10515 -0.16702 
-100.00000 -100.00000 
-0.60012 -0.03052 
 0.01927  0.01980 
 0.13426  0.23375 
 0.00012 -100.00000 
-100.00000 -100.00000 
 0.13739  0.23791 
 0.13478 -0.17363 
-0.57562 -100.00000 
 0.02574  0.11817 
-100.00000 -100.00000 
 0.12866 -0.21241 
-100.00000 -100.00000 
-100.00000 -100.00000 
-100.00000  0.26350 
-0.37095 -100.00000 
-100.00000  0.13054 
-0.87720  0.02296 
-100.00000 -100.00000 
 1.07128  0.96385 
 0.25109 -0.12893 
 0.19712 -0.43732 
-0.50004 -0.02579 
 0.79852 -100.00000 
 0.13729 -0.38033 
-100.00000 -100.00000 
-100.00000  0.00874 
-100.00000 -100.00000 
 0.32533  0.37856 
 0.28151  0.24944 
-100.00000 -100.00000 
-0.12721  0.12846 
-100.00000 -100.00000 
 0.09882 -0.68249 
 0.74295 -100.00000 
-0.59474 -0.26812 
 0.39259  0.03408 
-100.00000 -100.00000 
-100.00000 -100.00000 
 0.30528 -0.16696 
-100.00000 -100.00000 
-0.12072 -0.00011 
-100.00000 -100.00000 
-100.00000  0.00016 
-0.12141  0.16444 
-0.05856 -100.00000 
-0.09441 -100.00000 
-100.00000 -100.00000 
-100.00000 -100.00000 
-100.00000 -100.00000 
-0.10262 -0.10362 
 0.01706 -0.33648 
-100.00000 -100.00000 
 0.15881 -0.40848 
 0.06287  0.18411 
-100.00000  0.00024 
 0.90541  1.15715 
-100.00000 -0.11139 
 0.00020  0.02600 
-0.11205 -0.20566 
-100.00000 -100.00000 
 0.72494  0.30273 
-100.00000 -100.00000 
-100.00000 -100.00000 
-0.60667 -100.00000 
 0.76818  0.81513 
-100.00000 -100.00000 
 0.25130 -0.76694 
-100.00000 -100.00000 
 0.46443 -0.18911 
-0.23118  0.55771 
 0.27873 -1.11138 
 0.43169  0.26333 
-100.00000 -0.00007 
 0.00000  0.00000 
-100.00000  0.02638 
 0.66276  0.49162 
-100.00000 -100.00000 
-0.19691 -100.00000 
 0.04022  0.27143 
 0.16576  0.31790 
-0.37839 -0.13299 
 0.61581 -0.30188 
-100.00000  0.08136 
-0.26889 -0.19296 
-100.00000 -100.00000 
 0.00027 -100.00000 
 0.41334 -0.17485 
 0.25928  0.08407 
-100.00000 -100.00000 
-100.00000 -100.00000 
-100.00000 -100.00000 
 0.84696 -0.00260 
-0.73204  0.76866 
-0.03836 -0.09267 
-100.00000 -0.63611 
-100.00000 -100.00000 
-100.00000 -100.00000 
-100.00000 -100.00000 
 0.42198 -0.09726 
 0.00000  0.00000 
 0.00000  0.00000 
 0.10575  0.26769 
-100.00000 -100.00000 
-100.00000 -100.00000 
 0.24071 -0.06508 
-100.00000 -100.00000 
-100.00000  0.00006 
-0.25920 -0.64679 
 0.00000  0.00000 
-0.12044  0.84803 
-100.00000 -100.00000 
-100.00000 -100.00000 
-100.00000 -100.00000 
-100.00000 -100.00000 
 0.00013 -0.07486 
 0.16507 -0.31526 
-0.21375 -0.00382 
 0.27376 -100.00000 
 0.15298  0.13759 
-100.00000 -100.00000 
-0.10816  0.40737 
 0.24879  0.58493 
-100.00000 -100.00000 
-100.00000 -100.00000 
 0.00000  0.00000 
 0.00000  0.00000 
 1.12740  0.60713 
-100.00000 -100.00000 
 0.16883 -0.10927 
-0.63256  0.45169 
-100.00000 -0.01257 
-0.05848  0.11965 
-100.00000 -100.00000 
-100.00000  0.00006 
-100.00000 -100.00000 
-100.00000 -0.38974 
-100.00000 -100.00000 
 1.05740  0.28738 
-100.00000 -100.00000 
-100.00000 -100.00000 
 0.44521  0.03780 
-100.00000 -100.00000 
-0.06601  0.13286 
-100.00000 -100.00000 
-100.00000 -100.00000 
 0.00000  0.00000 
 0.33101  0.05236 
-0.19851 -0.01073 
-100.00000 -0.12427 
-100.00000 -0.11969 
-100.00000 -100.00000 
-100.00000  0.00005 
-100.00000 -100.00000 
 0.00000 -100.00000 
 0.00000  0.00000 
-100.00000 -100.00000 
 0.00012 -100.00000 
-0.50058  0.42357 
-0.07732  1.07072 
 0.00000  0.00000 
-100.00000 -100.00000 
-100.00000 -0.00578 
-100.00000 -100.00000 
-100.00000 -100.00000 
-0.79123 -0.13804 
-100.00000 -100.00000 
-0.41989 -0.15432 
-100.00000 -100.00000 
 0.62731 -0.22037 
-0.46859 -0.84307 
 0.00005 -100.00000 
-100.00000 -100.00000 
-100.00000 -100.00000 
 0.10596  0.06427 
-0.44063 -0.46729 
-0.33509  0.05338 
-100.00000 -100.00000 
 0.10095 -0.62047 
-0.19518  0.00217 
-100.00000 -100.00000 
 0.00000  0.00000 
-100.00000 -100.00000 
 0.19905 -0.27061 
 0.00000  0.00000 
-100.00000 -100.00000 
-100.00000 -100.00000 
 0.02023  0.55148 
-100.00000 -100.00000 
 0.68154 -0.07023 
 1.00539  0.09584 
-100.00000 -100.00000 
-100.00000 -100.00000 
 0.00000  0.00000 
-100.00000 -100.00000 
-100.00000 -100.00000 
-0.25876 -100.00000 
 0.00000  0.00000 
-100.00000 -100.00000 
-100.00000 -100.00000 
-100.00000 -100.00000 
-100.00000 -100.00000 
-0.58799 -0.96977 
-100.00000 -100.00000 
 0.43006  0.45076 
 0.00000  0.00000 
-100.00000 -100.00000 
-100.00000 -100.00000 
-100.00000 -100.00000 
-100.00000 -100.00000 
-100.00000 -100.00000 
-100.00000 -100.00000 
-100.00000 -100.00000 
-0.56872  0.08637 
-0.78045 -0.33805 
-100.00000  0.00006 
-100.00000 -100.00000 
-100.00000 -100.00000 
-0.13539 -100.00000 
-100.00000 -100.00000 
-100.00000 -100.00000 
-100.00000 -100.00000 
-100.00000 -100.00000 
-100.00000 -100.00000 
-100.00000 -100.00000 
-0.26312 -0.41743 
 0.95920  0.00449 
 0.19276  0.29533 
 0.29670 -0.12040 
-100.00000 -100.00000 
 0.83755  0.68598 
-100.00000 -100.00000 
 0.00000  0.00000 
 0.76578 -100.00000 
-0.72490  0.26240 
 0.00000  0.00000 
 0.09313 -0.10762 
-100.00000 -100.00000 
-100.00000 -100.00000 
-0.04662  0.22402 
-0.00012 -100.00000 
-100.00000 -100.00000 
-0.80873 -0.04658 
 0.00000  0.00000 
-100.00000 -100.00000 
 0.84805  0.76545 
-0.42960  0.08574 
-0.39210 -100.00000 
-0.04670  0.21802 
-100.00000  0.00017 
-100.00000  0.05908 
 0.17074  0.30244 
 0.37847 -100.00000 
 0.06540 -100.00000 
-100.00000 -100.00000 
-0.00009 -100.00000 
 0.76522 -0.05671 
 0.07484  0.08273 
 0.00017 -100.00000 
 0.51680  0.00744 
 0.28587 -0.03275 
-100.00000 -100.00000 
-100.00000  0.00008 
-100.00000 -100.00000 
-0.02573 -0.47679 
-100.00000 -100.00000 
-0.01344 -0.15819 
 0.27000 -100.00000 
-100.00000 -100.00000 
-100.00000 -100.00000 
-100.00000 -100.00000 
-0.44266  0.12340 
-100.00000 -100.00000 
-100.00000 -100.00000 
-100.00000 -100.00000 
-100.00000  0.13751 
-100.00000 -100.00000 
-100.00000 -100.00000 
 0.00000  0.00000 
-100.00000 -100.00000 
-0.00111  0.11913 
-100.00000 -100.00000 
-100.00000 -100.00000 
-0.24666 -100.00000 
-100.00000 -100.00000 
 0.00004  0.47961 
-0.17508  0.13747 
 0.42432  0.06150 
 0.54513 -0.30204 
-100.00000 -100.00000 
-100.00000 -100.00000 
 0.07467 -100.00000 
-100.00000 -100.00000 
-100.00000 -100.00000 
-0.15429 -0.16348 
-100.00000 -100.00000 
-100.00000 -100.00000 
-100.00000 -0.24397 
-100.00000 -100.00000 
-100.00000 -100.00000 
-0.68941  0.26299 
-100.00000 -100.00000 
-100.00000 -0.23606 
-100.00000 -100.00000 
-100.00000 -100.00000 
-100.00000  0.47388 
-100.00000 -100.00000 
-0.00024 -100.00000 
 0.58505 -100.00000 
-0.51656  0.25939 
-100.00000 -100.00000 
-0.07183 -0.03310 
-0.49163 -0.38294 
 0.27002  0.57246 
-100.00000 -100.00000 
-100.00000 -100.00000 
-0.10844 -100.00000 
-100.00000 -100.00000 
 0.03146  0.00622 
-0.00000 -0.38210 
 0.00000  0.00000 
-100.00000 -100.00000 
-0.00007 -0.23096 
-100.00000 -100.00000 
-100.00000 -100.00000 
-100.00000 -0.09729 
 0.48544 -100.00000 
-0.47566 -100.00000 
-100.00000 -100.00000 
-100.00000 -100.00000 
-0.05756 -100.00000 
-100.00000 -100.00000 
-100.00000 -100.00000 
-100.00000 -100.00000 
 0.13713  0.65040 
-100.00000 -100.00000 
-0.14522  0.09871 
-100.00000 -0.00003 
-0.09726  0.36295 
-0.38233 -0.39970 
 0.46294 -0.20197 
-0.31426 -0.18921 
-100.00000 -100.00000 
-0.39793 -0.55899 
-100.00000 -100.00000 
-0.12156 -100.00000 
-100.00000 -100.00000 
 0.24214  0.02903 
-0.33897 -100.00000 
-100.00000 -100.00000 
-100.00000 -100.00000 
-0.00007  0.23761 
-0.67270  0.07131 
 0.31910 -0.33252 
-0.69393  0.53122 
-0.12214 -100.00000 
-0.20181 -100.00000 
-0.76891  0.00007 
-100.00000 -100.00000 
 0.13693 -100.00000 
 0.00000  0.00000 
 0.01176 -0.38950 
 0.60466 -0.78356 
-0.00009 -0.33798 
 0.01549  0.13783 
 0.28277  0.24890 
 0.48629 -100.00000 
 0.48549 -0.23211 
-0.21572 -0.03090 
-0.00012 -100.00000 
-100.00000 -100.00000 
 0.02049 -100.00000 
-100.00000 -100.00000 
 0.00000  0.00000 
-100.00000  0.00002 
-100.00000 -100.00000 
 0.00000  0.00000 
-100.00000 -100.00000 
-100.00000 -100.00000 
 0.30424 -0.31027 
 0.13432 -0.71165 
-100.00000 -0.00007 
 0.55878 -0.10378 
-100.00000 -100.00000 
 0.01540 -0.51194 
-0.42708  0.13750 
 0.51541 -0.10871 
-0.12204 -100.00000 
-0.04818 -0.28456 
-100.00000 -100.00000 
-100.00000 -100.00000 
-100.00000 -100.00000 
-100.00000 -100.00000 
 0.00000  0.00000 
-1.32292  0.04938 
-0.29889  0.48559 
-100.00000 -100.00000 
-0.51794 -0.42129 
-0.43626  0.03982 
 1.15428 -0.50898 
-0.20478  0.24561 
-100.00000 -100.00000 
-0.12213 -100.00000 
 0.37851 -100.00000 
-100.00000 -100.00000 
-1.05681 -100.00000 
-0.63370  0.03913 
 0.00000  0.00000 
-100.00000 -100.00000 
 0.00000  0.00000 
