-100.00000 -100.00000 
 0.04687 -0.19125 
 1.32249  0.26998 
-0.81657  1.03312 
-100.00000 -100.00000 
-100.00000 -100.00000 
-100.00000  0.43061 
-100.00000 -100.00000 
-100.00000 -100.00000 
-100.00000  0.26351 
-100.00000 -0.49550 
-100.00000 -100.00000 
-100.00000 -100.00000 
-100.00000 -100.00000 
-100.00000 -100.00000 
 0.92161 -0.45758 
-100.00000 -100.00000 
 0.10030  0.53957 
-0.14061  0.00023 
-100.00000 -100.00000 
-100.00000 -100.00000 
-100.00000 -0.00006 
-100.00000 -100.00000 
-0.27831  0.26307 
 0.10038 -0.20649 
 0.10029 -100.00000 
 0.00000  0.00000 
 0.00000  0.00000 
 0.13766 -100.00000 
-0.25433  0.51484 
 0.80963 -0.32026 
-0.39926 -0.35460 
-100.00000 -100.00000 
 0.10185  0.13102 
-100.00000 -100.00000 
-100.00000 -100.00000 
-100.00000 -100.00000 
-100.00000 -100.00000 
 0.31229 -0.23094 
 0.00000  0.00000 
-100.00000 -100.00000 
-100.00000 -100.00000 
-100.00000 -100.00000 
-100.00000 -100.00000 
 0.13764  0.48548 
-100.00000 -100.00000 
-100.00000 -100.00000 
 0.00000  0.00000 
-100.00000 -100.00000 
-100.00000 -100.00000 
-100.00000 -100.00000 
-0.21691  0.20163 
 0.71648 -0.06826 
-0.12873 -0.15454 
 0.00000  0.00000 
-100.00000 -100.00000 
 0.00029  0.00284 
 0.26309  0.13758 
-100.00000 -100.00000 
-0.96292  0.45620 
-0.00033  0.00008 
-0.30749  0.10246 
-0.98903 -100.00000 
 0.26298 -100.00000 
 0.37806  0.00326 
-100.00000 -100.00000 
-100.00000 -100.00000 
 0.13714 -100.00000 
-100.00000 -100.00000 
-0.35182 -100.00000 
 0.38300 -0.19129 
-100.00000 -100.00000 
 0.00000  0.00000 
-100.00000  0.37831 
-0.54012 -0.26296 
-100.00000 -100.00000 
-100.00000 -100.00000 
-100.00000 -100.00000 
-100.00000 -100.00000 
-100.00000 -100.00000 
 0.00000  0.00000 
-100.00000 -100.00000 
 0.23275 -0.01818 
-100.00000 -100.00000 
-0.10882 -0.08037 
 0.48649  0.34487 
-100.00000 -100.00000 
-100.00000 -100.00000 
 0.31525 -0.43042 
-0.32055 -0.71039 
-0.73020 -100.00000 
 0.81095 -100.00000 
-100.00000 -100.00000 
-100.00000 -100.00000 
 0.43913 -0.12383 
 0.48550  0.13758 
-100.00000 -100.00000 
-100.00000 -100.00000 
 0.70899  0.37834 
-0.14303 -0.00001 
 0.00000  0.00000 
 0.42333 -100.00000 
-0.00003 -0.24771 
 0.00000  0.00000 
-100.00000 -100.00000 
-100.00000 -100.00000 
-100.00000 -100.00000 
-0.50332  0.13771 
-100.00000 -100.00000 
-100.00000 -100.00000 
-0.75700  0.06510 
-100.00000 -100.00000 
-0.36528  0.53503 
-1.02354  0.14097 
 0.48612 -100.00000 
-100.00000 -100.00000 
-100.00000 -100.00000 
-100.00000 -100.00000 
-100.00000 -100.00000 
-100.00000 -100.00000 
-100.00000 -100.00000 
-100.00000 -100.00000 
-0.18814 -0.18765 
-0.00007 -100.00000 
-100.00000 -100.00000 
-0.70162 -0.62404 
 1.27961 -100.00000 
-100.00000 -100.00000 
-100.00000 -100.00000 
-100.00000 -100.00000 
-100.00000 -100.00000 
-100.00000 -100.00000 
-100.00000 -100.00000 
-100.00000 -100.00000 
 0.91268  0.05131 
 0.43741  0.21893 
 0.37857 -100.00000 
 0.86985  0.86191 
-0.01731 -0.55183 
-100.00000 -100.00000 
-100.00000 -100.00000 
 0.00000  0.00000 
-0.36755 -0.24343 
-100.00000 -100.00000 
 0.48520 -0.19215 
 0.00000  0.00000 
-100.00000 -100.00000 
-100.00000 -100.00000 
-100.00000 -100.00000 
-100.00000 -100.00000 
-100.00000 -100.00000 
-100.00000 -100.00000 
 1.49647 -0.48910 
 0.84134  0.91093 
-100.00000 -0.28210 
 0.00073 -100.00000 
-0.43826  0.75375 
 0.87529  0.04260 
 0.23654  0.69322 
-100.00000 -100.00000 
-0.27362 -100.00000 
-0.79536  0.06297 
 0.00000  0.00000 
-100.00000 -100.00000 
 0.53482 -100.00000 
-100.00000 -100.00000 
-100.00000 -100.00000 
-100.00000 -100.00000 
 0.53142  0.19932 
-0.40938  0.53824 
 1.12880 -0.26077 
-0.02280 -0.32143 
 0.65666 -0.09481 
-0.13575  0.37855 
-0.89464  0.11362 
 0.19444 -0.17599 
-100.00000 -100.00000 
-3.85607  0.01513 
 0.00000  0.00000 
-100.00000 -0.08050 
-0.01457 -0.41768 
 0.13774  0.63677 
 0.00000  0.00000 
 0.00000  0.00000 
 0.21580  0.04680 
 0.26382 -0.00001 
 0.07422  0.21937 
-100.00000 -100.00000 
-100.00000 -100.00000 
-100.00000 -100.00000 
-100.00000 -100.00000 
-100.00000 -100.00000 
-100.00000 -100.00000 
-100.00000 -100.00000 
-100.00000 -100.00000 
 0.00195 -0.52100 
 1.13858 -0.49775 
-100.00000 -100.00000 
-100.00000 -100.00000 
 0.52000  0.04493 
-0.13631 -0.06405 
-1.08346 -0.49931 
 0.00005 -100.00000 
-100.00000 -100.00000 
 0.30136 -0.17914 
-0.56009  0.45485 
-100.00000 -100.00000 
-100.00000 -100.00000 
 0.29896  0.26417 
 0.00000  0.00000 
 0.19804 -0.47493 
 0.00000  0.00000 
-100.00000  0.00016 
-100.00000 -100.00000 
-100.00000 -100.00000 
 0.38058 -100.00000 
-100.00000 -100.00000 
-0.00080 -100.00000 
-100.00000 -0.21463 
 0.90352  0.06198 
 0.00000  0.00000 
-100.00000  0.15144 
 0.00000  0.00000 
 1.00037  0.00020 
-0.00020 -100.00000 
-100.00000 -100.00000 
 0.24719 -0.36428 
-100.00000 -100.00000 
-100.00000 -100.00000 
-0.23870  0.00032 
 0.38982  0.07188 
-0.97969  0.03649 
-100.00000 -100.00000 
-0.00213 -100.00000 
 0.00892  0.28399 
 0.32495 -0.27420 
 0.30498 -0.23251 
-0.04175 -0.35557 
 0.00001 -100.00000 
 0.74564  0.67969 
-100.00000 -100.00000 
-100.00000 -100.00000 
-100.00000 -100.00000 
 0.00000  0.00000 
-100.00000  0.04271 
 0.00321 -0.05274 
-100.00000 -100.00000 
 0.00325 -0.55300 
-100.00000 -100.00000 
-100.00000 -100.00000 
 0.70943 -0.37307 
 0.00016 -0.27648 
 0.00007 -0.09935 
 0.44094 -0.19060 
-0.58810 -0.42260 
-100.00000 -100.00000 
 0.58617 -100.00000 
-100.00000 -100.00000 
-100.00000 -100.00000 
-100.00000 -100.00000 
-0.09584  0.16376 
-100.00000 -100.00000 
 0.00000  0.00000 
 0.00014 -100.00000 
-100.00000 -100.00000 
-100.00000 -100.00000 
-100.00000 -100.00000 
-0.13667 -100.00000 
-100.00000 -100.00000 
-100.00000 -100.00000 
-100.00000 -100.00000 
-100.00000 -100.00000 
-100.00000 -100.00000 
 0.59384  0.38793 
-100.00000 -100.00000 
-0.33019  0.33564 
-0.31668 -0.00060 
 0.89341  0.13747 
 1.20286  0.07413 
-100.00000  0.00007 
-0.23866  0.26701 
-0.13649 -100.00000 
-0.37595  0.04897 
-100.00000 -100.00000 
 0.00000  0.00000 
-0.00000 -0.02318 
-0.66220 -100.00000 
-100.00000 -100.00000 
-0.34909  0.17788 
-0.00012 -0.32948 
-100.00000 -100.00000 
 0.00000  0.00000 
-100.00000 -100.00000 
 0.69214 -0.16662 
-100.00000  0.44306 
-100.00000 -100.00000 
-100.00000 -100.00000 
-100.00000 -100.00000 
 0.07049 -0.06370 
-100.00000 -100.00000 
-100.00000 -100.00000 
-100.00000 -100.00000 
 0.00000  0.00000 
 0.24371  0.16320 
 0.00000  0.00000 
-100.00000 -100.00000 
-100.00000 -100.00000 
-100.00000 -100.00000 
-100.00000 -100.00000 
 0.00000  0.00000 
-100.00000 -100.00000 
 0.70028  0.15236 
-100.00000 -100.00000 
-0.38511 -0.00018 
 0.00095 -100.00000 
-100.00000 -100.00000 
-100.00000 -0.00007 
-0.49125  0.37679 
-100.00000 -100.00000 
-100.00000 -100.00000 
 0.18716 -0.13283 
 0.00003  0.12124 
-100.00000 -100.00000 
-100.00000 -100.00000 
 0.12945  0.24086 
 0.40209  0.21178 
 0.11818 -1.01966 
-100.00000 -100.00000 
-100.00000 -100.00000 
-100.00000 -100.00000 
-100.00000 -100.00000 
-100.00000 -100.00000 
-100.00000 -100.00000 
-100.00000 -100.00000 
-100.00000 -100.00000 
 0.00000  0.00000 
-0.24822 -0.04231 
-0.00007 -100.00000 
-100.00000 -100.00000 
 0.00014 -100.00000 
-0.25800 -100.00000 
-0.11824  0.13754 
-100.00000 -100.00000 
-100.00000 -100.00000 
-100.00000 -100.00000 
-100.00000 -100.00000 
-100.00000 -100.00000 
-100.00000 -100.00000 
-0.37177 -0.00016 
-100.00000 -100.00000 
-100.00000 -100.00000 
-100.00000 -100.00000 
-0.25966 -0.00423 
-100.00000 -100.00000 
-100.00000 -100.00000 
-100.00000 -100.00000 
-100.00000 -100.00000 
 0.62873  0.16563 
-100.00000 -100.00000 
-100.00000 -100.00000 
 0.00021 -100.00000 
 0.15563  0.13232 
-100.00000 -100.00000 
-100.00000 -100.00000 
-100.00000  0.13752 
-100.00000 -100.00000 
-100.00000 -100.00000 
-0.00026  0.13743 
 0.41744  0.13762 
 0.00059 -100.00000 
 0.00000  0.00000 
-100.00000 -100.00000 
-100.00000 -100.00000 
-100.00000 -100.00000 
-100.00000 -100.00000 
-100.00000 -100.00000 
-100.00000  0.26311 
-100.00000 -100.00000 
-100.00000 -100.00000 
-0.46194  0.08337 
-100.00000 -100.00000 
 0.22724  0.03178 
-0.06797  0.15187 
-100.00000 -100.00000 
-100.00000 -100.00000 
 0.00000  0.00000 
-100.00000 -100.00000 
 0.00702 -0.38295 
 0.00000  0.00000 
 0.14028 -100.00000 
 0.12834  0.03198 
 0.00265 -0.12078 
 0.00000  0.00000 
-0.30453 -0.07792 
-100.00000 -100.00000 
 0.00000  0.00000 
-0.00011 -0.46551 
-100.00000 -100.00000 
 0.13760 -100.00000 
-100.00000 -100.00000 
-0.47697  0.38247 
-100.00000 -100.00000 
 0.00000  0.00000 
 0.56183 -0.51908 
-100.00000 -100.00000 
-100.00000 -100.00000 
-2.58170 -100.00000 
-100.00000 -100.00000 
 0.00004 -100.00000 
 0.13710 -100.00000 
-0.34970 -0.48955 
 0.88179 -100.00000 
-100.00000 -100.00000 
 0.00000  0.00000 
 0.00000  0.00000 
-100.00000 -100.00000 
-100.00000 -100.00000 
 0.79121  0.08165 
-100.00000 -100.00000 
-100.00000 -100.00000 
-100.00000 -100.00000 
 0.00000  0.00000 
-100.00000 -100.00000 
 0.00000  0.00000 
 0.29047  0.38126 
 0.21368 -0.39754 
-100.00000 -100.00000 
-1.39496 -0.16024 
 0.08774 -0.15660 
-100.00000 -100.00000 
-100.00000 -100.00000 
-100.00000 -100.00000 
-0.70359 -0.33233 
-100.00000  0.28368 
-100.00000 -100.00000 
-100.00000 -100.00000 
-100.00000 -100.00000 
 0.00000  0.00000 
-100.00000 -100.00000 
-100.00000 -100.00000 
-100.00000 -100.00000 
-100.00000 -100.00000 
-100.00000 -100.00000 
-100.00000 -100.00000 
-100.00000 -100.00000 
-100.00000 -100.00000 
 0.00000  0.00000 
-100.00000 -100.00000 
-100.00000 -100.00000 
 0.21313 -0.32716 
-100.00000 -100.00000 
 0.59621  0.03671 
-100.00000 -100.00000 
-0.20717 -0.61106 
-0.13750 -0.17283 
-0.10881 -100.00000 
 0.00000  0.00000 
-100.00000 -100.00000 
 0.58510  0.17435 
 0.00000  0.00000 
-0.00004 -100.00000 
-100.00000 -0.10570 
-0.13477 -0.10576 
-0.23450 -0.00548 
-100.00000 -100.00000 
-100.00000 -0.15895 
-0.28529  0.00689 
-100.00000 -100.00000 
-100.00000 -100.00000 
 0.59906 -100.00000 
 0.00000  0.00000 
 0.00000  0.00000 
-100.00000 -100.00000 
 0.58594 -0.86348 
-100.00000 -100.00000 
-0.06796 -0.36531 
 0.00002 -100.00000 
 0.00000  0.00000 
-100.00000 -100.00000 
-100.00000 -100.00000 
-100.00000 -100.00000 
-1.06925 -0.00028 
-100.00000 -100.00000 
-0.17360  0.25667 
-0.45782  0.24611 
-0.60064  0.23160 
-100.00000 -100.00000 
 0.64470 -0.01613 
 0.00000  0.00000 
 0.53030 -0.00002 
-100.00000 -100.00000 
-100.00000 -100.00000 
-100.00000 -0.31403 
-0.43425 -0.80144 
-100.00000 -100.00000 
-100.00000 -100.00000 
 0.00000  0.00000 
-100.00000 -100.00000 
 1.11776 -0.20645 
 0.13768 -100.00000 
-0.45120 -0.01466 
 0.37875  0.01541 
-0.46268 -100.00000 
-0.82733  0.42629 
 0.13758 -0.43656 
 0.00040 -100.00000 
-100.00000 -100.00000 
-100.00000 -100.00000 
-100.00000 -100.00000 
 1.13194  0.44375 
 0.00875 -100.00000 
 0.00000  0.00000 
 0.13809 -0.11489 
-100.00000 -100.00000 
-0.30459 -0.48315 
-100.00000 -100.00000 
-0.09975  0.48181 
 0.03859 -100.00000 
-100.00000 -100.00000 
-0.02502  0.64770 
-100.00000 -100.00000 
 0.21470 -0.28127 
-0.00017  0.26270 
-0.43791 -100.00000 
-100.00000 -100.00000 
-100.00000 -100.00000 
 0.01662 -100.00000 
 0.01604 -100.00000 
-0.34108  0.13752 
-100.00000 -100.00000 
-100.00000 -100.00000 
-100.00000 -100.00000 
-0.31683  0.15069 
-100.00000 -100.00000 
 0.49817 -0.31790 
-100.00000 -100.00000 
-100.00000 -100.00000 
-0.45494 -0.54547 
-100.00000 -100.00000 
-100.00000 -100.00000 
-100.00000 -100.00000 
-100.00000 -100.00000 
-100.00000 -100.00000 
 0.00003 -100.00000 
-100.00000 -100.00000 
-100.00000 -100.00000 
-100.00000 -100.00000 
-100.00000 -100.00000 
 0.00009 -0.23464 
 0.11303  0.22936 
-100.00000 -100.00000 
-100.00000 -100.00000 
-100.00000 -100.00000 
-100.00000 -100.00000 
-0.72599 -100.00000 
 0.00000  0.00000 
-100.00000 -100.00000 
-0.00011  0.00000 
-100.00000 -100.00000 
-100.00000 -100.00000 
-100.00000 -100.00000 
 0.11978 -100.00000 
-100.00000 -100.00000 
-100.00000 -100.00000 
-0.12902  0.00006 
