-100.00000 -100.00000 
-100.00000 -0.21828 
-0.00013 -100.00000 
-100.00000 -0.26637 
 0.07827 -0.00325 
-0.38217 -100.00000 
-0.01475  0.33804 
-100.00000 -100.00000 
-0.19009  0.37851 
 0.00002  0.78604 
 0.04585 -100.00000 
 0.00000  0.00000 
-100.00000 -100.00000 
-100.00000 -100.00000 
-100.00000 -100.00000 
-100.00000 -100.00000 
-100.00000 -100.00000 
-100.00000 -100.00000 
 0.26795 -100.00000 
-100.00000 -100.00000 
 0.23703  0.48547 
-100.00000 -100.00000 
-100.00000 -100.00000 
-100.00000 -0.14078 
-100.00000 -100.00000 
-100.00000 -100.00000 
-100.00000 -100.00000 
-100.00000 -100.00000 
-100.00000 -100.00000 
-100.00000 -100.00000 
-100.00000 -100.00000 
-100.00000 -100.00000 
-0.23480 -0.00780 
-100.00000 -100.00000 
-100.00000 -100.00000 
-100.00000 -100.00000 
-0.10975 -0.11071 
-100.00000 -100.00000 
-100.00000 -100.00000 
-100.00000 -100.00000 
-100.00000 -100.00000 
-100.00000 -100.00000 
-100.00000 -100.00000 
-100.00000 -100.00000 
-100.00000 -100.00000 
 0.08852  0.19225 
 0.07408 -0.04023 
-100.00000 -100.00000 
-100.00000 -100.00000 
 0.18340 -0.09047 
-100.00000 -100.00000 
-100.00000 -100.00000 
-100.00000 -0.00007 
 0.00008 -100.00000 
-100.00000 -100.00000 
-100.00000 -0.00005 
-100.00000 -100.00000 
-100.00000 -100.00000 
-0.12880 -0.47279 
 0.10902 -100.00000 
 0.42926  0.08092 
-0.29751 -0.59667 
-100.00000 -100.00000 
-100.00000 -100.00000 
-100.00000 -100.00000 
-100.00000 -100.00000 
-100.00000 -100.00000 
-0.13309 -100.00000 
 0.37781 -0.24595 
-0.27055 -100.00000 
-100.00000  0.13747 
-0.01040 -0.01066 
-100.00000 -100.00000 
 0.70730 -0.38031 
-100.00000 -100.00000 
-100.00000 -100.00000 
-100.00000 -100.00000 
 0.81162  0.20906 
-0.00999 -0.12318 
-100.00000 -100.00000 
-100.00000 -100.00000 
-100.00000 -100.00000 
-0.14157  0.37851 
 0.12218 -0.58996 
-100.00000 -100.00000 
-0.00449 -0.31293 
-100.00000 -100.00000 
-0.42265 -0.31503 
 0.27139 -0.00208 
-0.50722  0.13754 
-0.00026 -0.26918 
 0.26297 -100.00000 
-100.00000 -100.00000 
 0.06427  0.07494 
-100.00000 -100.00000 
-100.00000 -0.11036 
-100.00000 -100.00000 
-100.00000 -100.00000 
-100.00000 -0.00017 
 0.24088 -0.43762 
-100.00000 -100.00000 
-0.08985 -100.00000 
-100.00000 -100.00000 
-0.23389  0.65523 
-100.00000 -100.00000 
-100.00000 -100.00000 
-0.31543 -0.64159 
 0.43378  0.51780 
-100.00000 -100.00000 
-100.00000 -100.00000 
-100.00000 -100.00000 
 0.21619 -0.24099 
-0.60279  0.12405 
-100.00000 -100.00000 
 0.01922  0.37842 
-100.00000 -100.00000 
-100.00000 -100.00000 
-100.00000 -100.00000 
-0.22714 -0.00019 
-100.00000 -100.00000 
-100.00000 -100.00000 
 0.45760  0.12561 
 0.56565 -100.00000 
-100.00000 -100.00000 
 0.01019 -0.34973 
-100.00000 -100.00000 
-100.00000 -100.00000 
 0.05059 -0.05828 
-100.00000 -100.00000 
-100.00000 -100.00000 
 0.00000  0.00000 
-100.00000 -100.00000 
-100.00000 -100.00000 
 0.00000  0.00000 
-100.00000 -100.00000 
-1.26356 -0.23603 
 0.02551 -100.00000 
 0.13016  0.13755 
 0.76500 -100.00000 
-0.14932 -0.17514 
-100.00000  0.00030 
-100.00000 -100.00000 
 0.13195 -0.00001 
-100.00000 -100.00000 
 0.00000  0.00000 
-100.00000  0.26288 
-100.00000 -100.00000 
-100.00000 -100.00000 
-100.00000 -100.00000 
 0.20134  0.88909 
-100.00000 -100.00000 
-0.12222 -0.25931 
 0.22417  0.55364 
 0.13831 -0.12374 
-100.00000  0.07412 
-0.31495 -100.00000 
 0.40481  0.84616 
-100.00000 -100.00000 
-100.00000 -100.00000 
 0.00000  0.00000 
-100.00000  0.26305 
-100.00000 -100.00000 
-100.00000 -100.00000 
 0.43369  0.23816 
-100.00000  0.00010 
-100.00000 -100.00000 
-100.00000 -100.00000 
-100.00000 -100.00000 
-100.00000 -100.00000 
-100.00000 -0.12734 
 0.00735  0.01689 
-100.00000 -100.00000 
-0.40958  0.34248 
-0.21511  0.00839 
-100.00000 -100.00000 
 0.23220  0.43208 
 0.04248 -100.00000 
-100.00000 -100.00000 
-0.12748 -100.00000 
-0.61441  0.40123 
-0.07483 -100.00000 
 0.14482 -0.28283 
-100.00000 -100.00000 
-0.24449  0.40794 
-100.00000  0.00004 
-100.00000 -100.00000 
-100.00000 -100.00000 
-100.00000 -100.00000 
-100.00000 -100.00000 
 0.67823  0.30610 
-100.00000 -100.00000 
-100.00000 -0.17415 
-0.16653 -100.00000 
-100.00000 -100.00000 
-0.30880 -0.57675 
-100.00000 -100.00000 
-0.00007 -100.00000 
-100.00000 -100.00000 
 0.44596  0.58223 
-100.00000 -100.00000 
 0.23466 -100.00000 
-100.00000 -100.00000 
-100.00000 -100.00000 
-100.00000 -100.00000 
-100.00000 -100.00000 
-0.43183  0.26758 
-0.20181  0.26726 
-100.00000 -100.00000 
-100.00000 -0.21442 
 0.00029  0.06741 
-0.09885  0.00024 
-0.27845 -100.00000 
-100.00000 -100.00000 
-100.00000 -0.21503 
-0.12073 -0.04850 
-0.18028 -0.09669 
-100.00000 -100.00000 
 0.15117 -100.00000 
-0.50857  0.28489 
 1.26375  0.02657 
-100.00000  0.13788 
-0.33510  0.45381 
 0.56895  0.18284 
-100.00000  0.00020 
-100.00000 -100.00000 
 0.00000  0.00000 
 0.04360  0.01807 
-100.00000 -100.00000 
 0.02867  0.13885 
 0.17132 -100.00000 
-0.65551  0.15191 
 0.30297 -0.59132 
-100.00000 -100.00000 
 0.25055 -100.00000 
-0.05240  0.03043 
-100.00000 -0.21005 
 0.09648  0.11802 
-100.00000 -100.00000 
-100.00000 -100.00000 
-100.00000 -100.00000 
-100.00000 -100.00000 
-100.00000 -100.00000 
-100.00000 -100.00000 
-0.11757  0.00001 
 0.00013 -100.00000 
-100.00000 -100.00000 
-100.00000 -100.00000 
-100.00000  0.27157 
 0.53560 -0.20975 
-100.00000 -100.00000 
-0.19648 -0.00021 
-100.00000 -100.00000 
 0.03237 -100.00000 
-100.00000 -100.00000 
-100.00000  0.14756 
-100.00000 -100.00000 
 0.40866  0.13774 
 0.00000  0.00000 
-100.00000 -100.00000 
-100.00000 -100.00000 
-100.00000 -100.00000 
-100.00000 -100.00000 
-100.00000 -100.00000 
-100.00000 -0.31125 
-100.00000 -100.00000 
-100.00000 -100.00000 
-100.00000 -100.00000 
-100.00000 -100.00000 
-100.00000 -0.19962 
-100.00000 -100.00000 
 0.00000  0.00000 
-100.00000 -100.00000 
-100.00000 -100.00000 
-100.00000 -100.00000 
 0.01673 -100.00000 
-100.00000 -100.00000 
 0.00000  0.00000 
 0.04438  0.37499 
-0.11950 -0.12225 
-100.00000 -100.00000 
-0.35499 -0.17397 
 0.46450 -0.00124 
 0.72693  0.17489 
-100.00000 -100.00000 
-100.00000 -100.00000 
-100.00000 -100.00000 
-100.00000 -0.14147 
-0.13550  0.00008 
-100.00000  0.19574 
-100.00000 -100.00000 
 0.35021 -100.00000 
-0.00034 -100.00000 
-100.00000 -100.00000 
-0.98582 -0.00975 
-0.31387 -0.00802 
-100.00000 -100.00000 
-100.00000 -100.00000 
-100.00000 -100.00000 
-0.60883  0.13731 
-100.00000 -100.00000 
-100.00000 -100.00000 
-100.00000 -100.00000 
-0.47853 -100.00000 
-100.00000 -100.00000 
-100.00000 -100.00000 
-0.21986  0.07982 
-100.00000 -100.00000 
 0.00000  0.00000 
-100.00000 -100.00000 
-100.00000 -100.00000 
-100.00000 -100.00000 
-100.00000 -100.00000 
-100.00000 -100.00000 
 0.23019  0.17369 
-0.37283 -100.00000 
-100.00000 -100.00000 
-100.00000 -100.00000 
-100.00000 -0.00578 
 0.32620 -0.31653 
-100.00000 -100.00000 
-100.00000 -100.00000 
 0.01867  0.59312 
 0.54267 -0.22027 
-100.00000 -100.00000 
-100.00000 -100.00000 
-0.33704 -100.00000 
-100.00000 -100.00000 
 0.00238 -0.33150 
-100.00000 -100.00000 
-100.00000 -100.00000 
-100.00000 -100.00000 
-100.00000 -100.00000 
-100.00000 -100.00000 
-100.00000 -100.00000 
-100.00000 -100.00000 
-100.00000 -100.00000 
-100.00000  0.01516 
-100.00000 -100.00000 
 0.54118 -0.48343 
-100.00000 -100.00000 
-100.00000 -100.00000 
 0.00664 -100.00000 
-100.00000 -100.00000 
-100.00000 -100.00000 
-100.00000 -100.00000 
 0.00000  0.00000 
-100.00000 -100.00000 
-100.00000 -100.00000 
-100.00000 -100.00000 
-100.00000 -100.00000 
-100.00000 -100.00000 
 0.00000  0.00000 
-100.00000 -100.00000 
-100.00000 -100.00000 
-100.00000 -100.00000 
-100.00000 -100.00000 
-100.00000 -100.00000 
-100.00000 -100.00000 
-100.00000 -100.00000 
-100.00000 -100.00000 
-0.13529 -100.00000 
-100.00000 -100.00000 
-100.00000 -100.00000 
 0.00002  0.00001 
-100.00000 -100.00000 
-100.00000 -100.00000 
-0.38141  0.40695 
 0.33110  0.13743 
-0.80939  0.76444 
 0.34998  0.76215 
-100.00000 -100.00000 
-100.00000 -100.00000 
-100.00000 -0.21039 
-100.00000 -100.00000 
-100.00000 -100.00000 
-100.00000 -100.00000 
 0.32817  0.00008 
-0.13536 -100.00000 
-100.00000 -100.00000 
-100.00000 -100.00000 
-100.00000  0.52973 
-100.00000 -100.00000 
-100.00000 -100.00000 
-100.00000 -100.00000 
-100.00000 -100.00000 
-100.00000 -100.00000 
-100.00000 -100.00000 
-100.00000 -0.32718 
-100.00000 -100.00000 
-0.43459  0.44128 
-100.00000 -0.06651 
-100.00000 -100.00000 
-100.00000 -100.00000 
-100.00000 -100.00000 
-100.00000 -100.00000 
-100.00000 -100.00000 
-0.25080 -0.03381 
 0.37538 -0.20062 
-100.00000 -100.00000 
-100.00000 -100.00000 
-100.00000 -100.00000 
 0.95445  0.00003 
-100.00000 -100.00000 
-0.10848 -0.16696 
-100.00000 -100.00000 
 0.00000  0.00000 
-100.00000 -100.00000 
 0.27590 -0.29654 
-100.00000 -100.00000 
-100.00000 -100.00000 
-100.00000 -100.00000 
-0.36657 -0.29633 
 0.00000  0.00000 
-100.00000 -100.00000 
-0.38843  0.13746 
-0.01369 -0.29425 
-100.00000 -100.00000 
 0.00003  0.00008 
-100.00000 -100.00000 
-100.00000  0.17466 
-100.00000 -100.00000 
-100.00000 -100.00000 
-100.00000 -100.00000 
-100.00000 -100.00000 
-100.00000 -100.00000 
-100.00000 -100.00000 
-100.00000 -0.12753 
-100.00000 -100.00000 
-100.00000 -100.00000 
-100.00000 -100.00000 
 0.00000  0.00000 
-100.00000 -100.00000 
-100.00000 -100.00000 
 0.26302 -0.04612 
-100.00000 -100.00000 
-100.00000 -100.00000 
-0.54041 -100.00000 
-100.00000 -100.00000 
-100.00000 -100.00000 
-100.00000 -100.00000 
 0.28159 -0.24439 
-0.09635 -0.46111 
-0.09575 -100.00000 
-100.00000 -100.00000 
-100.00000 -0.20100 
-100.00000 -100.00000 
-100.00000 -100.00000 
-100.00000 -100.00000 
-100.00000 -100.00000 
-100.00000 -100.00000 
 0.09334  0.12029 
-100.00000 -100.00000 
 0.00000  0.00000 
-100.00000 -100.00000 
-100.00000 -100.00000 
 0.71782 -100.00000 
-100.00000 -100.00000 
-100.00000 -100.00000 
-100.00000 -100.00000 
-100.00000 -100.00000 
-100.00000 -100.00000 
-100.00000 -100.00000 
-100.00000 -100.00000 
-100.00000 -0.00001 
-100.00000 -100.00000 
-100.00000 -100.00000 
-100.00000 -100.00000 
-100.00000 -100.00000 
-100.00000  0.47387 
-100.00000  0.26302 
-100.00000  0.00007 
-100.00000 -100.00000 
-100.00000 -100.00000 
 0.19381  0.15446 
-100.00000 -100.00000 
-100.00000 -0.09771 
-0.23474 -0.00001 
-100.00000 -100.00000 
-100.00000 -100.00000 
-0.43620 -0.09608 
 0.00000  0.00000 
 0.00001 -100.00000 
 0.00000  0.00000 
 0.00013 -0.05688 
-100.00000 -100.00000 
-100.00000 -100.00000 
 0.03957  0.14062 
-100.00000 -100.00000 
-100.00000 -100.00000 
-0.23496  0.01557 
 0.02835  0.36345 
-100.00000 -100.00000 
-0.00039 -100.00000 
-100.00000 -100.00000 
-100.00000 -100.00000 
-100.00000 -100.00000 
-0.43905 -0.54822 
-100.00000 -100.00000 
-0.48722 -100.00000 
-100.00000 -100.00000 
-100.00000  0.01551 
-0.29900 -100.00000 
-100.00000 -100.00000 
-0.12212 -100.00000 
 0.01531 -0.23471 
 0.29401 -0.12202 
-100.00000 -100.00000 
-0.14919 -100.00000 
-100.00000 -100.00000 
-0.07575 -0.19342 
 0.04547  0.04008 
-0.00026 -0.35735 
-100.00000  0.34755 
 0.48530 -0.23443 
-0.33076 -1.20223 
-100.00000 -100.00000 
-0.23455 -100.00000 
 0.63780  0.38910 
-0.00009 -100.00000 
-0.29880 -100.00000 
-0.31665 -0.47094 
-100.00000 -100.00000 
-100.00000 -100.00000 
 1.32223 -100.00000 
-0.00012 -100.00000 
 0.77518  0.26314 
 0.46794 -0.00008 
-100.00000 -100.00000 
-100.00000 -100.00000 
 0.00014 -100.00000 
-100.00000 -100.00000 
 0.00004 -0.31660 
 0.13729  0.37858 
-100.00000 -100.00000 
-100.00000 -100.00000 
 0.13767  0.02584 
-100.00000 -100.00000 
-100.00000 -100.00000 
-100.00000 -100.00000 
-1.04594 -0.47197 
-0.12240  0.01594 
-0.18367 -0.18809 
-0.20878 -0.33891 
 0.00006 -0.00011 
 0.14096 -0.07584 
-100.00000 -100.00000 
-100.00000 -100.00000 
-100.00000 -100.00000 
-0.23472 -0.12776 
-0.23482  0.72625 
 0.00000  0.00000 
-100.00000 -100.00000 
-100.00000 -100.00000 
-0.05775 -0.12742 
 0.32096  0.24100 
-100.00000 -100.00000 
-100.00000 -100.00000 
 0.14626  0.49109 
-100.00000 -0.05834 
-100.00000 -100.00000 
 0.53061  0.13215 
-0.00004  0.13754 
-100.00000 -100.00000 
 0.25655 -0.17398 
-100.00000  0.00006 
