 0.00632 -0.28020 
-0.38362  1.58552 
-0.60002  0.00056 
 1.45022  0.37573 
 0.28653  0.69378 
 0.17959 -0.13709 
 0.05706  0.39830 
-0.14171  0.26313 
-0.00009 -0.66535 
 0.00951  0.05186 
 0.06379 -0.00020 
-1.19805  0.96332 
-0.56877  0.69662 
-100.00000 -100.00000 
 0.90844 -0.11665 
-100.00000 -100.00000 
-100.00000 -100.00000 
-100.00000 -100.00000 
-0.38141  0.58667 
 0.00000  0.00000 
-100.00000 -100.00000 
 0.00000  0.00000 
-100.00000 -100.00000 
-100.00000 -100.00000 
-100.00000 -100.00000 
-100.00000 -100.00000 
-100.00000 -100.00000 
-100.00000 -0.14586 
-100.00000 -100.00000 
-0.11895  0.10742 
-100.00000 -100.00000 
 0.16622 -0.38892 
-0.03089  0.14895 
-100.00000 -100.00000 
-0.01835 -0.46015 
 0.00000  0.00000 
-0.02216  0.52116 
-100.00000 -100.00000 
-100.00000 -100.00000 
-100.00000 -100.00000 
-100.00000  0.37848 
-100.00000 -100.00000 
-100.00000 -100.00000 
 0.20517  0.37536 
-100.00000 -100.00000 
-100.00000 -100.00000 
 0.26372  1.06595 
-100.00000 -100.00000 
-0.42843 -100.00000 
-0.20477  0.07714 
 0.10982  0.35051 
-100.00000 -100.00000 
-0.06718 -0.12423 
-100.00000 -100.00000 
 0.13760  0.00001 
-100.00000 -100.00000 
-100.00000  0.00029 
-0.34617 -0.11931 
-100.00000 -100.00000 
 0.00000  0.00030 
 0.75856 -0.42400 
-0.00380 -0.14630 
-100.00000 -100.00000 
 0.00000  0.00000 
-100.00000 -100.00000 
-100.00000 -100.00000 
 0.53795 -0.39948 
-0.00033 -0.58954 
-100.00000 -100.00000 
-100.00000  0.00018 
 1.21503 -0.14556 
-100.00000 -100.00000 
-100.00000 -0.14574 
 0.00000  0.00000 
-0.14069  0.59547 
-100.00000 -100.00000 
-100.00000 -100.00000 
-0.35974  0.11720 
 0.26312  0.70221 
-100.00000 -100.00000 
-100.00000  0.11714 
-100.00000 -100.00000 
-100.00000  0.58502 
-100.00000 -100.00000 
-100.00000 -100.00000 
-0.63856  0.52738 
 0.37679  0.23264 
-0.29268  1.62664 
-0.01205  0.52314 
 0.62864 -0.71303 
-0.30241  0.16711 
-0.14160  0.10067 
-100.00000 -100.00000 
-100.00000 -100.00000 
-100.00000 -100.00000 
 0.00000  0.00000 
-0.00551  0.51033 
-100.00000 -100.00000 
 0.04564  0.11380 
-100.00000  0.00011 
 0.13776  1.43327 
-100.00000 -100.00000 
-0.00023 -0.01044 
 0.58493  1.26219 
-100.00000 -100.00000 
-100.00000 -100.00000 
-100.00000 -100.00000 
-100.00000 -100.00000 
-100.00000 -100.00000 
-100.00000 -100.00000 
-100.00000 -100.00000 
 0.43507  0.31290 
 0.00000  0.00000 
-100.00000 -100.00000 
 0.36340 -0.19532 
-100.00000 -100.00000 
-100.00000 -100.00000 
 0.00004 -0.00005 
-100.00000  0.00029 
-100.00000 -100.00000 
-100.00000 -100.00000 
-100.00000 -100.00000 
-0.09875  0.81876 
-100.00000  0.13743 
-0.23798 -0.13826 
-0.45790  0.92710 
-100.00000 -100.00000 
-0.12715  0.78421 
-100.00000 -0.00016 
 0.52138  0.21211 
 0.00005  0.00011 
-100.00000 -100.00000 
 0.00000  0.00000 
-100.00000 -100.00000 
-100.00000 -100.00000 
-100.00000  0.49164 
 0.00975 -100.00000 
 0.49283  1.14371 
 0.25074  0.00013 
-100.00000 -100.00000 
-100.00000 -100.00000 
-100.00000 -100.00000 
-100.00000  0.13825 
-0.29046 -0.44984 
-0.09077  0.37828 
-100.00000  0.00044 
-100.00000 -100.00000 
-0.37900 -0.51356 
-0.50901 -0.08847 
 0.10711 -0.93611 
-100.00000 -100.00000 
-100.00000 -100.00000 
-0.09012  0.57700 
 0.84392  0.89012 
-0.10515 -0.62604 
-100.00000 -100.00000 
-0.60012  0.66449 
 0.01927  1.12514 
 0.13426  0.10573 
 0.00012 -100.00000 
-100.00000 -100.00000 
 0.13739 -100.00000 
 0.13478 -0.50318 
-0.57562  0.13751 
 0.02574 -0.73865 
-100.00000 -100.00000 
 0.12866  0.82431 
-100.00000 -100.00000 
-100.00000 -100.00000 
-100.00000 -0.14240 
-0.37095 -0.97241 
-100.00000 -0.70127 
-0.87720 -0.09144 
-100.00000 -100.00000 
 1.07128  0.14118 
 0.25109 -0.59125 
 0.19712 -0.50530 
-0.50004 -0.01003 
 0.79852  0.08115 
 0.13729  0.58475 
-100.00000 -100.00000 
-100.00000 -100.00000 
-100.00000 -100.00000 
 0.32533 -0.14374 
 0.28151 -0.27331 
-100.00000  0.00079 
-0.12721 -0.00008 
-100.00000 -100.00000 
 0.09882 -0.33461 
 0.74295 -0.17338 
-0.59474  0.00640 
 0.39259  0.09132 
-100.00000 -100.00000 
-100.00000 -100.00000 
 0.30528 -0.17215 
-100.00000 -100.00000 
-0.12072  0.00028 
-100.00000 -100.00000 
-100.00000  0.00013 
-0.12141  0.00277 
-0.05856 -0.26224 
-0.09441 -100.00000 
-100.00000 -100.00000 
-100.00000 -100.00000 
-100.00000 -0.37553 
-0.10262  0.09145 
 0.01706  0.13761 
-100.00000 -100.00000 
 0.15881  0.56815 
 0.06287  0.98038 
-100.00000  0.99995 
 0.90541 -0.44486 
-100.00000 -100.00000 
 0.00020  0.76353 
-0.11205  0.19369 
-100.00000 -0.86680 
 0.72494 -0.19392 
-100.00000  0.19515 
-100.00000 -100.00000 
-0.60667 -100.00000 
 0.76818 -0.26104 
-100.00000 -100.00000 
 0.25130 -0.41344 
-100.00000 -100.00000 
 0.46443  1.30189 
-0.23118  0.39725 
 0.27873  1.36298 
 0.43169  0.56272 
-100.00000 -0.00071 
 0.00000  0.00000 
-100.00000  0.00037 
 0.66276  0.30296 
-100.00000 -100.00000 
-0.19691  1.54406 
 0.04022 -0.44073 
 0.16576 -0.68759 
-0.37839  0.12820 
 0.61581  0.14713 
-100.00000 -100.00000 
-0.26889  1.09692 
-100.00000 -100.00000 
 0.00027 -100.00000 
 0.41334  0.50123 
 0.25928  0.30889 
-100.00000 -100.00000 
-100.00000 -100.00000 
-100.00000 -100.00000 
 0.84696  0.41363 
-0.73204  1.69932 
-0.03836 -0.72112 
-100.00000  0.67747 
-100.00000 -100.00000 
-100.00000 -100.00000 
-100.00000 -100.00000 
 0.42198 -0.67722 
 0.00000  0.00000 
 0.00000  0.00000 
 0.10575  0.22715 
-100.00000 -100.00000 
-100.00000 -100.00000 
 0.24071  0.07291 
-100.00000 -100.00000 
-100.00000 -100.00000 
-0.25920 -0.12370 
 0.00000  0.00000 
-0.12044 -100.00000 
-100.00000 -100.00000 
-100.00000 -100.00000 
-100.00000 -0.00155 
-100.00000 -100.00000 
 0.00013 -100.00000 
 0.16507  1.15996 
-0.21375  0.68449 
 0.27376 -1.06090 
 0.15298  0.00090 
-100.00000 -0.00020 
-0.10816  0.64957 
 0.24879  0.58895 
-100.00000  0.00020 
-100.00000 -100.00000 
 0.00000  0.00000 
 0.00000  0.00000 
 1.12740 -0.45882 
-100.00000 -100.00000 
 0.16883  0.00337 
-0.63256 -0.55000 
-100.00000 -0.18187 
-0.05848  0.31332 
-100.00000  0.58536 
-100.00000 -0.14517 
-100.00000 -100.00000 
-100.00000  0.37848 
-100.00000 -100.00000 
 1.05740  0.80688 
-100.00000 -100.00000 
-100.00000 -0.00001 
 0.44521 -0.10673 
-100.00000 -100.00000 
-0.06601  0.11870 
-100.00000 -100.00000 
-100.00000  0.00035 
 0.00000  0.00000 
 0.33101  0.98113 
-0.19851 -0.50888 
-100.00000 -0.14563 
-100.00000  0.62054 
-100.00000 -100.00000 
-100.00000 -0.14493 
-100.00000 -100.00000 
 0.00000 -100.00000 
 0.00000  0.00000 
-100.00000 -100.00000 
 0.00012 -100.00000 
-0.50058  0.68515 
-0.07732  0.03026 
 0.00000  0.00000 
-100.00000 -100.00000 
-100.00000  0.37820 
-100.00000 -100.00000 
-100.00000 -100.00000 
-0.79123 -0.95905 
-100.00000 -100.00000 
-0.41989  0.41917 
-100.00000 -100.00000 
 0.62731  0.40153 
-0.46859  0.97954 
 0.00005 -100.00000 
-100.00000 -0.00008 
-100.00000 -100.00000 
 0.10596 -0.24911 
-0.44063 -0.49022 
-0.33509 -0.63720 
-100.00000 -0.00005 
 0.10095  0.40188 
-0.19518  0.26297 
-100.00000 -100.00000 
 0.00000  0.00000 
-100.00000 -100.00000 
 0.19905 -0.00292 
 0.00000  0.00000 
-100.00000 -100.00000 
-100.00000 -100.00000 
 0.02023  0.34238 
-100.00000 -100.00000 
 0.68154  0.05902 
 1.00539  0.92621 
-100.00000 -100.00000 
-100.00000 -100.00000 
 0.00000  0.00000 
-100.00000 -100.00000 
-100.00000 -100.00000 
-0.25876 -100.00000 
 0.00000  0.00000 
-100.00000 -100.00000 
-100.00000 -100.00000 
-100.00000 -100.00000 
-100.00000 -100.00000 
-0.58799 -0.36548 
-100.00000 -100.00000 
 0.43006 -0.83240 
 0.00000  0.00000 
-100.00000 -100.00000 
-100.00000 -100.00000 
-100.00000 -100.00000 
-100.00000 -100.00000 
-100.00000 -100.00000 
-100.00000 -100.00000 
-100.00000 -100.00000 
-0.56872 -0.02313 
-0.78045  0.18628 
-100.00000 -100.00000 
-100.00000 -100.00000 
-100.00000 -100.00000 
-0.13539 -100.00000 
-100.00000 -100.00000 
-100.00000 -100.00000 
-100.00000 -100.00000 
-100.00000  0.00030 
-100.00000 -100.00000 
-100.00000 -100.00000 
-0.26312  1.81606 
 0.95920  0.63065 
 0.19276  0.22735 
 0.29670  0.39365 
-100.00000 -100.00000 
 0.83755 -0.16631 
-100.00000 -100.00000 
 0.00000  0.00000 
 0.76578  0.95059 
-0.72490  0.32026 
 0.00000  0.00000 
 0.09313 -0.13859 
-100.00000 -0.00015 
-100.00000 -100.00000 
-0.04662 -0.31181 
-0.00012 -100.00000 
-100.00000 -100.00000 
-0.80873  1.55893 
 0.00000  0.00000 
-100.00000 -100.00000 
 0.84805  0.11371 
-0.42960  1.04783 
-0.39210 -100.00000 
-0.04670  0.24830 
-100.00000 -100.00000 
-100.00000 -0.00009 
 0.17074 -0.28514 
 0.37847  0.00260 
 0.06540 -0.10882 
-100.00000 -100.00000 
-0.00009  0.13753 
 0.76522 -100.00000 
 0.07484  0.37847 
 0.00017 -100.00000 
 0.51680  0.84041 
 0.28587  0.72400 
-100.00000 -100.00000 
-100.00000 -100.00000 
-100.00000 -100.00000 
-0.02573 -0.08461 
-100.00000 -100.00000 
-0.01344 -0.08971 
 0.27000 -100.00000 
-100.00000 -100.00000 
-100.00000 -100.00000 
-100.00000  0.00291 
-0.44266  0.49050 
-100.00000 -100.00000 
-100.00000 -100.00000 
-100.00000 -100.00000 
-100.00000 -0.18738 
-100.00000 -100.00000 
-100.00000 -100.00000 
 0.00000  0.00000 
-100.00000 -100.00000 
-0.00111 -0.33956 
-100.00000 -100.00000 
-100.00000  0.00025 
-0.24666 -0.31020 
-100.00000 -100.00000 
 0.00004 -0.83507 
-0.17508  1.19271 
 0.42432 -0.30004 
 0.54513  0.00994 
-100.00000 -100.00000 
-100.00000 -100.00000 
 0.07467 -100.00000 
-100.00000 -100.00000 
-100.00000 -100.00000 
-0.15429  0.47617 
-100.00000 -100.00000 
-100.00000 -100.00000 
-100.00000  0.13723 
-100.00000 -100.00000 
-100.00000 -100.00000 
-0.68941  0.74176 
-100.00000 -100.00000 
-100.00000 -0.00008 
-100.00000 -100.00000 
-100.00000 -100.00000 
-100.00000 -100.00000 
-100.00000 -0.13475 
-0.00024  0.00012 
 0.58505 -100.00000 
-0.51656  0.35081 
-100.00000 -100.00000 
-0.07183  0.35089 
-0.49163 -0.85987 
 0.27002 -0.56718 
-100.00000 -0.00019 
-100.00000 -100.00000 
-0.10844  0.00257 
-100.00000 -100.00000 
 0.03146 -0.57027 
-0.00000 -100.00000 
 0.00000  0.00000 
-100.00000 -100.00000 
-0.00007  0.13746 
-100.00000 -100.00000 
-100.00000 -100.00000 
-100.00000  0.13758 
 0.48544 -0.00012 
-0.47566 -0.31992 
-100.00000 -100.00000 
-100.00000 -100.00000 
-0.05756  0.22681 
-100.00000 -100.00000 
-100.00000 -100.00000 
-100.00000 -0.00024 
 0.13713 -0.55212 
-100.00000 -100.00000 
-0.14522  0.13287 
-100.00000  0.31460 
-0.09726  0.00012 
-0.38233 -0.49155 
 0.46294  0.02814 
-0.31426 -0.59139 
-100.00000 -100.00000 
-0.39793 -0.60623 
-100.00000 -100.00000 
-0.12156  0.13451 
-100.00000  0.00024 
 0.24214  0.40917 
-0.33897  0.35674 
-100.00000 -100.00000 
-100.00000 -100.00000 
-0.00007 -0.00436 
-0.67270  0.20638 
 0.31910 -0.85619 
-0.69393 -100.00000 
-0.12214 -100.00000 
-0.20181 -1.14951 
-0.76891  0.52354 
-100.00000  0.13738 
 0.13693  0.74369 
 0.00000  0.00000 
 0.01176 -0.19495 
 0.60466  0.18499 
-0.00009  0.96571 
 0.01549 -0.68799 
 0.28277 -0.09264 
 0.48629  0.00041 
 0.48549  0.47000 
-0.21572  1.35122 
-0.00012 -100.00000 
-100.00000 -0.60149 
 0.02049 -0.00000 
-100.00000 -100.00000 
 0.00000  0.00000 
-100.00000 -100.00000 
-100.00000 -100.00000 
 0.00000  0.00000 
-100.00000 -100.00000 
-100.00000 -100.00000 
 0.30424 -0.25905 
 0.13432 -0.17399 
-100.00000 -100.00000 
 0.55878  0.12647 
-100.00000 -100.00000 
 0.01540 -0.55140 
-0.42708 -0.10907 
 0.51541  0.25716 
-0.12204 -1.20596 
-0.04818 -0.28696 
-100.00000 -100.00000 
-100.00000 -100.00000 
-100.00000 -100.00000 
-100.00000 -100.00000 
 0.00000  0.00000 
-1.32292  0.55268 
-0.29889  0.33805 
-100.00000 -100.00000 
-0.51794 -0.93186 
-0.43626  0.76552 
 1.15428  0.02729 
-0.20478 -0.72090 
-100.00000 -100.00000 
-0.12213  0.01577 
 0.37851 -100.00000 
-100.00000 -100.00000 
-1.05681 -0.26350 
-0.63370  0.13435 
 0.00000  0.00000 
-100.00000 -100.00000 
 0.00000  0.00000 
