-100.00000 -100.00000 
 0.37907 -0.27891 
 0.00056 -0.00006 
-100.00000 -100.00000 
-0.00032 -100.00000 
-100.00000 -100.00000 
-100.00000 -100.00000 
-100.00000 -100.00000 
 0.00010 -100.00000 
 0.25750  0.18313 
 0.27830 -0.29472 
-100.00000 -100.00000 
-100.00000 -0.38760 
-100.00000 -100.00000 
-100.00000 -100.00000 
 0.26320 -100.00000 
-100.00000 -100.00000 
 0.13754 -100.00000 
 0.99176  0.34581 
-100.00000 -100.00000 
-100.00000 -100.00000 
-100.00000 -100.00000 
-100.00000 -100.00000 
-0.10826 -0.21742 
 0.00000  0.00000 
-100.00000 -100.00000 
-100.00000  0.13756 
-100.00000  0.00007 
-100.00000 -100.00000 
-100.00000 -100.00000 
 0.23294 -0.00009 
 0.00001 -100.00000 
-100.00000 -100.00000 
-100.00000 -0.26859 
-100.00000 -100.00000 
-100.00000 -100.00000 
 0.70105 -100.00000 
-0.00005 -100.00000 
-100.00000 -100.00000 
-0.00012 -100.00000 
-100.00000 -100.00000 
 0.00012 -100.00000 
-100.00000 -100.00000 
-100.00000 -100.00000 
 0.00000  0.00000 
-100.00000 -100.00000 
-100.00000 -100.00000 
-0.27692 -100.00000 
-100.00000 -100.00000 
-0.14465 -100.00000 
-100.00000 -100.00000 
-0.00906 -100.00000 
 0.00077 -100.00000 
 0.00000  0.00000 
-0.26443  0.26303 
 0.00003 -100.00000 
-0.39796 -100.00000 
-100.00000 -100.00000 
-100.00000 -100.00000 
 0.13780 -100.00000 
-100.00000 -100.00000 
-0.02681 -0.12996 
-100.00000 -100.00000 
-0.00005 -0.13573 
-0.00864 -100.00000 
-100.00000 -100.00000 
-100.00000 -100.00000 
-0.12517  0.58508 
-100.00000 -100.00000 
-0.33317 -0.14047 
-100.00000 -0.59917 
-100.00000 -100.00000 
-100.00000 -0.00021 
-100.00000 -100.00000 
-0.00138 -0.10680 
-100.00000 -100.00000 
-100.00000 -100.00000 
-100.00000 -0.35649 
-100.00000 -100.00000 
-100.00000 -0.00007 
 0.33953 -0.72529 
-100.00000 -100.00000 
-100.00000 -100.00000 
-100.00000 -100.00000 
-100.00000 -100.00000 
-0.09807  0.11669 
-0.00003 -100.00000 
 0.23296 -0.00624 
-1.62440  0.21979 
-0.30685  0.10958 
 0.75332 -100.00000 
 0.00038 -0.00002 
-100.00000 -100.00000 
-100.00000 -100.00000 
-0.04137  0.24625 
-100.00000 -100.00000 
-100.00000 -100.00000 
-100.00000 -100.00000 
-0.84749 -100.00000 
 0.38431 -100.00000 
-0.39213  0.45038 
-100.00000 -100.00000 
-0.00003 -100.00000 
 0.28086 -100.00000 
-100.00000 -100.00000 
-100.00000 -100.00000 
-100.00000 -100.00000 
 0.65063  0.44877 
-100.00000 -100.00000 
-100.00000 -100.00000 
-0.11016 -100.00000 
-0.12442 -0.19727 
 1.97576 -0.45886 
-0.00067 -0.05610 
 0.70736  0.27165 
-0.27328 -100.00000 
-100.00000 -100.00000 
-100.00000 -100.00000 
 1.04508 -0.39715 
-100.00000 -100.00000 
 1.03298 -0.19669 
-100.00000 -100.00000 
-0.39285 -0.12971 
-100.00000 -100.00000 
-100.00000 -100.00000 
-100.00000 -100.00000 
-100.00000 -100.00000 
-100.00000 -100.00000 
-0.95542 -100.00000 
-100.00000 -100.00000 
-100.00000 -100.00000 
-100.00000 -100.00000 
-100.00000 -100.00000 
-100.00000 -100.00000 
 0.37866 -0.32019 
-0.65201 -100.00000 
 0.00006 -100.00000 
-0.23959 -0.29069 
-0.02494 -100.00000 
-100.00000 -100.00000 
-0.11192 -0.09162 
 0.48554  0.25006 
 0.00000  0.00000 
-100.00000 -100.00000 
-100.00000 -100.00000 
 1.39285  0.79360 
-100.00000 -100.00000 
-100.00000 -100.00000 
-100.00000 -100.00000 
 0.00120 -100.00000 
-100.00000 -100.00000 
-100.00000 -100.00000 
-0.11287 -0.42520 
 0.00000  0.00000 
-100.00000 -0.04409 
-100.00000 -100.00000 
-0.10086  0.05257 
 0.56471 -0.32742 
-0.39207  0.00014 
-100.00000 -100.00000 
-0.17169 -0.12741 
-0.00012  0.13755 
 0.11989 -0.12861 
-100.00000 -100.00000 
-0.00005 -100.00000 
-100.00000 -100.00000 
-100.00000 -100.00000 
-100.00000 -100.00000 
-0.56246  0.13753 
-0.21996 -0.31678 
-0.50112  0.25329 
-100.00000 -100.00000 
-0.08907 -0.14380 
 0.03499  0.22962 
 1.29472  0.34365 
 0.47567 -0.03489 
 0.00050  0.00048 
 1.45324 -100.00000 
-0.24078 -0.35784 
-2.17481 -100.00000 
-0.15737  0.16742 
 0.00622 -100.00000 
-100.00000 -100.00000 
 1.72192  0.00005 
 0.00014 -100.00000 
 0.99505 -100.00000 
-100.00000 -100.00000 
 0.84835 -0.00002 
-100.00000 -100.00000 
 0.32038  0.03038 
-100.00000 -100.00000 
-100.00000 -100.00000 
-100.00000 -100.00000 
-100.00000 -100.00000 
-100.00000 -100.00000 
 0.00000  0.00000 
 0.00000  0.00000 
-100.00000 -100.00000 
-100.00000 -100.00000 
-100.00000 -100.00000 
 1.20186  0.37412 
-100.00000 -100.00000 
-100.00000 -100.00000 
 0.44846  0.15149 
 0.66528 -1.03297 
-100.00000 -100.00000 
 0.00010  0.26726 
-0.05831  0.34938 
 0.00057 -0.46202 
-0.81754 -100.00000 
-0.00005 -100.00000 
 0.24209 -0.26410 
 0.48651  0.00016 
 0.26868  0.07982 
-100.00000 -100.00000 
 0.81113 -100.00000 
-100.00000 -100.00000 
-0.42137  0.36089 
 0.00008 -100.00000 
-0.42176 -100.00000 
 1.10130  0.26341 
 0.32922  0.19844 
-0.52487  0.09265 
 0.52205 -0.31046 
-100.00000 -100.00000 
-100.00000 -0.11107 
 0.07942 -100.00000 
-100.00000 -100.00000 
 0.37780 -0.10217 
 0.37831  0.00032 
-2.06073  0.55880 
 0.18741 -0.25758 
-100.00000 -100.00000 
 0.83758  0.28888 
-100.00000 -100.00000 
 1.37925 -0.16723 
-0.06084 -0.75669 
 0.00021 -100.00000 
-100.00000  0.20100 
 0.00000  0.00000 
-100.00000 -100.00000 
-100.00000 -100.00000 
-100.00000 -100.00000 
 0.25358  0.00228 
 0.16486 -0.06990 
 1.01331  1.19340 
-100.00000 -100.00000 
-0.21708 -0.55300 
-100.00000 -100.00000 
-100.00000 -100.00000 
-0.73059 -0.75462 
-0.25594 -100.00000 
-100.00000  0.27491 
 0.50412  0.02928 
 0.13717 -0.34308 
-100.00000 -100.00000 
 0.00120 -100.00000 
-100.00000 -100.00000 
-100.00000 -100.00000 
-100.00000 -100.00000 
-100.00000 -100.00000 
-100.00000 -100.00000 
-100.00000 -100.00000 
-100.00000 -100.00000 
-100.00000 -100.00000 
-100.00000 -100.00000 
-100.00000 -100.00000 
 0.00289 -100.00000 
-0.56834 -0.06408 
-100.00000 -100.00000 
 0.00011  0.00006 
-100.00000 -100.00000 
-100.00000 -100.00000 
-100.00000 -0.01710 
 0.12643  0.13759 
 1.11454 -100.00000 
 0.44851  0.16609 
 0.00078 -0.10455 
 0.94071 -100.00000 
-100.00000 -0.11115 
-100.00000 -100.00000 
-100.00000 -100.00000 
 1.13768 -100.00000 
-100.00000 -100.00000 
 1.14353 -0.30553 
-100.00000 -0.26977 
-0.22328 -100.00000 
 0.26365 -100.00000 
 0.00000  0.00000 
-100.00000 -100.00000 
-100.00000 -100.00000 
 0.02409  0.44136 
-100.00000 -100.00000 
-1.13813 -100.00000 
-100.00000 -100.00000 
-0.01915  0.10755 
-100.00000 -100.00000 
-0.47493 -100.00000 
 0.03452  0.15350 
-100.00000 -100.00000 
 0.00035 -100.00000 
-100.00000 -100.00000 
-0.98238 -0.73079 
-100.00000 -100.00000 
-100.00000 -0.00632 
-0.02352 -0.22137 
-0.62797 -0.31790 
-100.00000 -100.00000 
 0.48872 -0.28357 
-100.00000  0.58506 
-100.00000 -100.00000 
 0.00000  0.00000 
 0.00057 -0.14182 
 0.24776 -0.47039 
 0.00095  0.00033 
-100.00000 -100.00000 
-100.00000 -100.00000 
-0.66401 -0.16931 
-100.00000 -100.00000 
-100.00000 -100.00000 
-0.00774  0.37838 
 0.88084  0.18866 
-100.00000 -100.00000 
-0.50874 -100.00000 
 0.00016 -100.00000 
-0.79736 -0.10035 
-100.00000 -100.00000 
-100.00000 -100.00000 
-100.00000 -100.00000 
 0.00004 -100.00000 
-100.00000 -100.00000 
-100.00000 -100.00000 
-100.00000 -100.00000 
-100.00000 -100.00000 
 0.00001 -100.00000 
-100.00000 -100.00000 
 0.48159 -100.00000 
-100.00000 -100.00000 
-100.00000 -100.00000 
-100.00000 -100.00000 
-0.00001 -100.00000 
 0.36700  0.24913 
-100.00000 -100.00000 
-100.00000 -100.00000 
-100.00000 -100.00000 
-100.00000 -100.00000 
-1.18022 -100.00000 
-100.00000 -100.00000 
-100.00000 -100.00000 
-100.00000 -100.00000 
-100.00000 -100.00000 
-100.00000 -100.00000 
-100.00000 -100.00000 
-100.00000 -100.00000 
-100.00000 -100.00000 
-100.00000 -100.00000 
-100.00000 -100.00000 
 0.79381  0.10779 
-100.00000 -100.00000 
-100.00000 -100.00000 
-100.00000 -100.00000 
-100.00000 -100.00000 
-100.00000 -100.00000 
-100.00000 -100.00000 
 0.37391  0.32577 
-100.00000 -100.00000 
 0.41027 -0.14145 
 0.00000  0.00000 
 0.00000  0.00000 
 0.33740 -0.16385 
 0.34033 -100.00000 
-100.00000 -100.00000 
 0.52262 -0.02578 
-100.00000 -100.00000 
-0.70909 -100.00000 
-100.00000 -100.00000 
-0.38035  0.27041 
-100.00000 -100.00000 
-100.00000 -100.00000 
-100.00000 -100.00000 
-0.81334  0.30734 
-0.47708 -0.32741 
-100.00000 -100.00000 
-0.00005 -100.00000 
 0.26291  0.15739 
-0.31230 -0.40486 
-100.00000 -100.00000 
-100.00000 -100.00000 
-0.25778 -100.00000 
 0.38993 -0.06760 
-100.00000 -100.00000 
 0.00004 -100.00000 
 0.11379 -0.46272 
-100.00000 -100.00000 
-100.00000 -100.00000 
-0.13505 -100.00000 
-100.00000 -100.00000 
-100.00000 -100.00000 
-100.00000 -100.00000 
-0.13474 -100.00000 
-100.00000 -100.00000 
-100.00000 -100.00000 
 0.37836  0.15733 
-0.75313  0.00008 
-0.40457 -0.82029 
-100.00000 -100.00000 
 1.43310 -0.48009 
-100.00000 -100.00000 
-100.00000 -100.00000 
-100.00000 -0.34608 
 0.11360 -100.00000 
 1.08030  0.03191 
-100.00000 -100.00000 
 0.11355  0.03198 
-1.80438 -0.10575 
-100.00000 -100.00000 
-100.00000 -100.00000 
-100.00000 -100.00000 
-100.00000 -100.00000 
-100.00000 -100.00000 
-100.00000 -100.00000 
 0.32675  0.03204 
-100.00000 -100.00000 
 1.16497 -100.00000 
-100.00000 -100.00000 
-100.00000 -100.00000 
-100.00000 -100.00000 
-100.00000 -100.00000 
-100.00000 -100.00000 
-100.00000 -100.00000 
-100.00000 -100.00000 
-100.00000 -100.00000 
-100.00000 -0.08859 
-100.00000 -100.00000 
-100.00000 -100.00000 
-100.00000 -100.00000 
 0.08847  0.07685 
 0.26007  0.00005 
-100.00000 -100.00000 
-100.00000 -100.00000 
-100.00000 -100.00000 
-100.00000 -100.00000 
-100.00000 -100.00000 
-100.00000 -100.00000 
-100.00000 -100.00000 
-100.00000 -100.00000 
-100.00000 -0.10581 
-100.00000 -100.00000 
-100.00000 -100.00000 
-100.00000 -100.00000 
-100.00000 -100.00000 
-100.00000 -100.00000 
-100.00000 -100.00000 
 0.00000  0.00000 
-100.00000 -100.00000 
-0.00004 -100.00000 
-100.00000 -100.00000 
-100.00000 -100.00000 
 0.48557 -100.00000 
-0.75459 -0.32977 
-100.00000 -100.00000 
 0.69288 -0.17015 
-100.00000 -100.00000 
-100.00000 -100.00000 
-100.00000 -100.00000 
-0.00000 -100.00000 
-100.00000 -100.00000 
 0.27333 -0.11991 
-0.13495 -100.00000 
-100.00000 -100.00000 
-100.00000 -100.00000 
-0.13493 -100.00000 
-100.00000 -100.00000 
-100.00000 -0.49412 
-100.00000 -100.00000 
-100.00000 -100.00000 
 0.00002 -100.00000 
-0.45949  0.04458 
-100.00000 -100.00000 
-100.00000 -100.00000 
-100.00000 -100.00000 
-0.00012 -100.00000 
-100.00000 -100.00000 
-0.53540 -0.41212 
 0.00000  0.00000 
-100.00000 -0.00001 
-100.00000 -100.00000 
 0.00030 -100.00000 
 0.01551  0.25029 
 0.59716 -0.33861 
-100.00000 -100.00000 
-100.00000 -100.00000 
-100.00000 -0.23437 
-0.41556 -100.00000 
-100.00000 -100.00000 
-100.00000 -100.00000 
 0.26207 -0.28044 
-100.00000 -100.00000 
-0.29006 -100.00000 
 0.87341  0.25449 
-100.00000 -0.29795 
 0.52802 -0.14645 
-100.00000 -100.00000 
-100.00000 -0.00569 
 0.41363  0.58885 
-0.87934  0.26252 
 1.37889 -0.23484 
-100.00000 -100.00000 
-100.00000 -100.00000 
 0.12182 -100.00000 
 0.00006 -100.00000 
 0.38361 -100.00000 
-0.40567  0.00007 
-100.00000 -100.00000 
-100.00000  0.13715 
-100.00000 -100.00000 
 0.59619 -0.14849 
 0.00149 -0.44756 
-100.00000 -100.00000 
 0.37831 -100.00000 
-100.00000 -100.00000 
-100.00000 -100.00000 
-0.72285 -100.00000 
-100.00000 -100.00000 
-100.00000 -100.00000 
-100.00000  0.26314 
-0.13355 -0.20780 
-0.42908  0.02282 
-100.00000  0.00001 
-100.00000 -100.00000 
-100.00000 -100.00000 
-100.00000 -100.00000 
-0.07020  0.12973 
-100.00000 -100.00000 
-100.00000 -100.00000 
-100.00000 -100.00000 
-100.00000 -100.00000 
-100.00000 -100.00000 
-100.00000 -100.00000 
-100.00000 -100.00000 
-100.00000 -100.00000 
-0.21898 -100.00000 
-100.00000 -100.00000 
-100.00000 -100.00000 
-100.00000 -100.00000 
-100.00000 -100.00000 
-100.00000 -100.00000 
-100.00000 -100.00000 
-100.00000 -100.00000 
-100.00000 -100.00000 
-100.00000 -100.00000 
-100.00000 -100.00000 
-100.00000 -100.00000 
-100.00000 -100.00000 
-100.00000 -100.00000 
-0.35646 -0.43676 
-100.00000 -100.00000 
-100.00000 -100.00000 
-100.00000 -100.00000 
-0.05734 -0.17379 
-100.00000 -100.00000 
 1.01606 -100.00000 
-100.00000 -100.00000 
-100.00000 -100.00000 
-100.00000 -100.00000 
