-100.00000 -100.00000 
 0.79017 -100.00000 
 1.89037 -0.21825 
 0.00058 -100.00000 
-0.00032  0.10928 
-0.51200 -0.14076 
 1.39054 -100.00000 
-100.00000 -100.00000 
 0.26314  0.00008 
 0.00000  0.00000 
 1.15448 -100.00000 
-0.37332  0.26335 
-100.00000  0.40841 
-100.00000 -100.00000 
-100.00000 -100.00000 
-0.02592  0.07321 
-100.00000 -100.00000 
-0.14071  0.08971 
-100.00000 -100.00000 
-100.00000 -100.00000 
 0.21785  0.07609 
-100.00000 -100.00000 
-100.00000 -100.00000 
 0.00000  0.00000 
-0.54989 -0.63752 
-100.00000 -100.00000 
 0.58497 -0.00195 
-0.00010  0.26310 
-100.00000 -100.00000 
-100.00000 -100.00000 
-0.12932  0.12377 
-100.00000 -100.00000 
-100.00000 -100.00000 
-0.70605 -0.13109 
-100.00000 -100.00000 
-100.00000 -100.00000 
 0.23156  0.40958 
-100.00000 -100.00000 
-100.00000 -100.00000 
-100.00000 -100.00000 
-100.00000 -100.00000 
-100.00000 -100.00000 
-100.00000 -100.00000 
-100.00000 -100.00000 
 0.40284 -0.09218 
 0.40144 -0.32240 
-0.25988  0.18686 
-100.00000 -100.00000 
-100.00000 -100.00000 
-100.00000 -100.00000 
-100.00000 -100.00000 
-0.68866  0.03869 
 0.00077 -100.00000 
 0.10589 -100.00000 
-100.00000 -100.00000 
 0.00003 -100.00000 
 0.58525 -0.00006 
-100.00000  0.26311 
 0.31689  0.02726 
 1.02624 -0.01032 
-100.00000 -100.00000 
 0.26246  0.31750 
-100.00000 -100.00000 
-100.00000 -100.00000 
 0.26258 -0.00003 
-100.00000 -100.00000 
-100.00000 -100.00000 
-0.13329 -100.00000 
 0.00001 -100.00000 
-100.00000 -100.00000 
 0.00026 -100.00000 
 0.44022  0.30330 
-100.00000 -100.00000 
-100.00000 -100.00000 
-100.00000  0.00002 
-100.00000 -100.00000 
-100.00000 -100.00000 
-100.00000 -100.00000 
 0.00006 -100.00000 
-100.00000 -100.00000 
-100.00000 -100.00000 
-100.00000 -100.00000 
 0.10028 -0.35787 
-0.19681  0.23283 
 0.70224 -0.11722 
 1.06465  0.42316 
-100.00000 -100.00000 
 0.00030  0.48531 
 0.54676  0.31216 
-2.20978 -0.00817 
 0.00046 -100.00000 
-0.13247 -100.00000 
-100.00000 -100.00000 
 0.08579 -0.11643 
 0.00000  0.00000 
-100.00000 -100.00000 
-100.00000 -100.00000 
-100.00000 -100.00000 
 0.99965 -100.00000 
-0.01020 -0.22015 
-100.00000  0.00007 
 0.23564 -100.00000 
-100.00000 -100.00000 
-0.16717  0.66564 
-100.00000 -100.00000 
 0.00001 -100.00000 
 0.51317  0.35176 
 0.00000  0.00000 
-100.00000 -100.00000 
-100.00000 -100.00000 
 0.32020 -0.14377 
-100.00000 -100.00000 
 0.00045  0.80695 
 0.10452  0.22850 
 0.00000  0.00000 
-100.00000 -100.00000 
-100.00000 -100.00000 
-100.00000 -100.00000 
 1.09223 -0.55460 
-100.00000 -100.00000 
-100.00000 -100.00000 
-100.00000 -100.00000 
-0.39285 -100.00000 
-0.60560 -0.00001 
-100.00000 -100.00000 
-100.00000 -0.32134 
-100.00000 -0.11035 
-100.00000 -0.12911 
-100.00000 -100.00000 
-100.00000 -100.00000 
 0.58507  0.00871 
-100.00000 -100.00000 
-100.00000 -100.00000 
-100.00000 -100.00000 
-100.00000 -100.00000 
-0.45128  0.25608 
-100.00000 -100.00000 
-0.36969  0.02166 
 0.00013 -100.00000 
-100.00000 -100.00000 
-100.00000 -100.00000 
 0.00011  0.03310 
 1.11626 -0.00066 
-100.00000 -100.00000 
 0.31717  0.37840 
 0.30930 -0.49658 
-100.00000 -100.00000 
-100.00000 -100.00000 
-100.00000 -100.00000 
-100.00000 -100.00000 
-100.00000 -100.00000 
 0.22723 -0.10993 
-0.81381  0.55339 
 0.37510 -0.47780 
-100.00000 -0.25749 
-100.00000 -100.00000 
-100.00000  0.40270 
-100.00000 -100.00000 
-100.00000 -100.00000 
-0.14303 -100.00000 
 0.00000  0.00000 
-100.00000 -100.00000 
-0.00564 -100.00000 
-100.00000 -100.00000 
-100.00000 -100.00000 
-100.00000 -100.00000 
-100.00000 -100.00000 
-100.00000  0.13763 
-100.00000 -100.00000 
-0.27253  0.67854 
-0.12908 -100.00000 
-0.12979  0.00811 
 0.08522 -1.00479 
 0.00000  0.00000 
 0.39055  0.67957 
 0.98798  0.38614 
 0.00050 -100.00000 
-100.00000  0.23746 
-0.00620 -0.12934 
 1.31910 -0.50586 
 0.00000  0.00000 
-100.00000 -0.08685 
-100.00000  0.26309 
-100.00000  0.54880 
-100.00000 -100.00000 
-100.00000 -0.00001 
-100.00000 -100.00000 
-100.00000 -0.50636 
-100.00000 -100.00000 
-100.00000 -100.00000 
-100.00000 -100.00000 
-100.00000 -100.00000 
 0.00000  0.18320 
-100.00000 -100.00000 
-100.00000 -100.00000 
 0.77513 -0.55461 
-0.99136 -0.44690 
-100.00000 -100.00000 
 0.52671  0.36358 
-100.00000 -100.00000 
 0.26326 -100.00000 
-0.11348 -0.02332 
-100.00000 -100.00000 
-100.00000 -100.00000 
 0.79840 -100.00000 
 0.37849 -100.00000 
 0.00010 -100.00000 
 0.00000  0.00000 
-0.27506 -100.00000 
-0.44424  0.04866 
-100.00000 -100.00000 
 0.08590  0.17030 
 0.37959 -0.11139 
 0.00000  0.00000 
-100.00000 -100.00000 
 1.71288  0.58662 
-100.00000 -100.00000 
-0.13725  0.00016 
-100.00000 -0.59412 
 0.00050  0.00046 
 0.00117 -0.37918 
 0.00000  0.00000 
 0.10705  0.65731 
-100.00000 -100.00000 
-100.00000 -100.00000 
-0.07280 -0.65440 
 0.58534 -0.26405 
-100.00000 -100.00000 
 0.63296  0.50080 
-0.10401 -0.39920 
 0.10031 -0.32961 
 1.49660 -0.51149 
-100.00000 -100.00000 
 0.67594 -100.00000 
 0.01424 -100.00000 
 0.00013 -100.00000 
 0.00461  0.30235 
 0.32864  0.47690 
-100.00000 -100.00000 
-0.28123  0.26323 
-100.00000 -100.00000 
-100.00000 -100.00000 
-100.00000 -100.00000 
-0.25108  0.28626 
 0.00000  0.00000 
 0.00000  0.00000 
 0.13763 -100.00000 
-100.00000 -0.00035 
-100.00000 -100.00000 
-100.00000 -100.00000 
-0.56162 -0.03735 
-100.00000 -100.00000 
 0.00123 -100.00000 
-0.44205 -0.09601 
-2.23137  1.11017 
-100.00000 -100.00000 
 0.08672  0.75534 
 0.00003  0.16466 
-100.00000 -100.00000 
-100.00000 -100.00000 
-100.00000 -100.00000 
-100.00000 -100.00000 
-0.00003  0.00006 
 0.00014 -0.21479 
-100.00000 -100.00000 
-100.00000 -100.00000 
-100.00000 -100.00000 
-100.00000 -100.00000 
 0.00000  0.00000 
-100.00000 -100.00000 
-0.31559 -0.03074 
-0.00007 -100.00000 
-100.00000 -100.00000 
 0.00072  0.37908 
-0.23867  0.00009 
-0.00020 -100.00000 
 0.61503  0.06623 
 0.31475 -0.01340 
-0.75254 -0.16962 
-100.00000 -100.00000 
-0.00006 -0.11151 
-100.00000 -100.00000 
 0.00017 -0.26571 
-100.00000 -100.00000 
-0.12216 -100.00000 
-100.00000 -0.00359 
 0.23356 -100.00000 
-0.37112 -0.46317 
-0.28701 -0.18677 
-100.00000 -100.00000 
 0.09326 -0.11017 
 0.52836 -0.00021 
-100.00000 -100.00000 
-0.04112 -100.00000 
-0.05164 -0.61925 
-100.00000 -100.00000 
-100.00000 -100.00000 
-100.00000 -100.00000 
 0.13818 -0.32188 
-100.00000 -100.00000 
-100.00000 -100.00000 
-100.00000 -100.00000 
 0.28069  0.76304 
-100.00000 -100.00000 
-0.74737 -100.00000 
-0.14499 -100.00000 
-100.00000 -100.00000 
-0.66184 -0.14160 
-100.00000 -100.00000 
 0.13753 -100.00000 
-100.00000 -100.00000 
 0.04601  0.03338 
-100.00000 -100.00000 
-0.52276  0.15347 
 0.62941  0.44138 
-100.00000 -100.00000 
-100.00000 -100.00000 
-100.00000 -100.00000 
 0.01756 -0.05649 
-100.00000 -100.00000 
-100.00000 -100.00000 
 0.00000  0.00000 
-100.00000 -100.00000 
-100.00000 -100.00000 
-100.00000 -100.00000 
-100.00000 -100.00000 
-100.00000 -100.00000 
-100.00000 -100.00000 
-100.00000 -100.00000 
-100.00000 -100.00000 
-100.00000 -100.00000 
-100.00000 -100.00000 
-100.00000 -100.00000 
-100.00000 -100.00000 
-100.00000 -100.00000 
-100.00000 -100.00000 
-100.00000 -100.00000 
-100.00000 -100.00000 
-0.00002 -100.00000 
-100.00000 -100.00000 
-100.00000 -100.00000 
 0.00000  0.00000 
-100.00000 -100.00000 
-100.00000 -100.00000 
-100.00000 -0.13581 
-0.00719 -100.00000 
-100.00000  0.00014 
-100.00000 -100.00000 
-100.00000 -100.00000 
-100.00000 -100.00000 
-100.00000 -100.00000 
-0.00006 -0.38836 
-100.00000 -100.00000 
-100.00000 -100.00000 
-100.00000 -100.00000 
-100.00000 -100.00000 
-100.00000 -100.00000 
 0.72342 -100.00000 
-100.00000 -100.00000 
-100.00000 -100.00000 
 0.26324  0.00000 
-100.00000  0.19623 
-100.00000 -100.00000 
-100.00000 -100.00000 
 0.00000  0.00000 
-100.00000 -100.00000 
 0.00000  0.00000 
-0.09916  0.02794 
 0.31757 -0.19956 
-100.00000 -100.00000 
-0.27689 -100.00000 
-100.00000 -100.00000 
 0.00018 -100.00000 
-100.00000 -100.00000 
-0.00000 -100.00000 
-100.00000 -100.00000 
 0.00000  0.00000 
-100.00000 -100.00000 
-100.00000 -100.00000 
-0.01394 -0.12618 
 1.08545  0.00027 
-0.00005 -100.00000 
-100.00000 -100.00000 
-100.00000 -100.00000 
-100.00000 -100.00000 
-0.26820 -100.00000 
-100.00000 -100.00000 
 0.12846 -100.00000 
-0.97911 -100.00000 
-100.00000 -100.00000 
-100.00000 -100.00000 
-0.08228 -0.00523 
-0.00015 -100.00000 
-100.00000 -100.00000 
-100.00000 -100.00000 
-0.13505 -100.00000 
-0.26841  0.15722 
-100.00000 -100.00000 
-100.00000 -100.00000 
 0.00003 -100.00000 
-100.00000 -100.00000 
-100.00000  0.26307 
 0.99985 -100.00000 
-100.00000 -100.00000 
-100.00000 -100.00000 
-1.31195  0.37998 
-100.00000 -100.00000 
 0.58492 -100.00000 
-100.00000 -100.00000 
 0.66738  0.38182 
-100.00000 -100.00000 
 0.00250 -0.10559 
 0.24366 -0.00378 
-100.00000 -100.00000 
 0.27290  0.13746 
-2.26417 -0.16818 
-100.00000 -100.00000 
-100.00000 -100.00000 
-100.00000 -100.00000 
-100.00000 -100.00000 
-100.00000 -100.00000 
 0.26287  0.13747 
-100.00000 -100.00000 
-100.00000  0.00003 
-100.00000 -100.00000 
-100.00000 -100.00000 
-100.00000 -100.00000 
 0.00422 -100.00000 
 0.12528  0.06266 
-100.00000 -100.00000 
-100.00000  0.00001 
-100.00000 -100.00000 
 0.24660 -0.00012 
-100.00000 -100.00000 
-100.00000 -100.00000 
-100.00000 -100.00000 
 0.00000  0.00000 
 0.00025 -0.31827 
-100.00000 -100.00000 
-100.00000 -100.00000 
 0.00005 -100.00000 
-100.00000 -100.00000 
-100.00000 -100.00000 
-100.00000 -100.00000 
 0.00009 -100.00000 
-100.00000 -100.00000 
-100.00000  0.00005 
-100.00000 -100.00000 
-100.00000 -100.00000 
-100.00000 -100.00000 
-100.00000 -100.00000 
 0.00282  0.19039 
-0.19732  0.08335 
-0.14669  0.29529 
-0.13484  0.10193 
 0.22719 -100.00000 
-100.00000 -100.00000 
-100.00000 -100.00000 
-100.00000 -100.00000 
-0.00096  0.13740 
-100.00000 -100.00000 
 0.00000  0.00000 
-100.00000 -100.00000 
-100.00000 -100.00000 
-100.00000 -100.00000 
-100.00000 -100.00000 
-100.00000 -100.00000 
-100.00000 -100.00000 
-100.00000 -100.00000 
-0.00019 -100.00000 
 0.71336  0.00007 
-100.00000 -100.00000 
-100.00000 -100.00000 
 1.59571 -0.38915 
-100.00000 -100.00000 
-0.57352 -0.00041 
 0.00002  0.25633 
-100.00000 -100.00000 
-100.00000 -100.00000 
-0.04862 -0.39498 
 0.13427  0.01535 
-0.00012 -100.00000 
 0.13740  0.13752 
 0.00000  0.00000 
 0.02228 -0.39494 
-100.00000 -100.00000 
 0.43311  0.15446 
 0.01616  0.25636 
-100.00000  0.13758 
-100.00000 -0.00002 
 0.16443 -0.12041 
-100.00000 -100.00000 
 0.00042 -100.00000 
-100.00000 -100.00000 
-100.00000 -100.00000 
-100.00000 -100.00000 
-0.66477  0.13588 
-100.00000 -100.00000 
-0.22024 -0.32419 
 0.00000  0.00000 
-0.68744 -0.79166 
 0.00000  0.00000 
-0.00007 -100.00000 
 0.82351 -100.00000 
 0.00000  0.00000 
-100.00000 -100.00000 
 1.32231 -0.12223 
-100.00000 -0.23476 
-100.00000 -100.00000 
 0.13194 -100.00000 
-100.00000 -100.00000 
-0.49718 -0.07570 
-0.24199 -100.00000 
-0.12882 -100.00000 
-0.00007 -0.00035 
-100.00000 -100.00000 
-0.78612 -0.08970 
 0.26453 -100.00000 
-0.00040 -100.00000 
-0.00020 -100.00000 
 0.13441 -100.00000 
-100.00000 -0.33696 
 0.37835 -100.00000 
-100.00000 -100.00000 
-100.00000 -100.00000 
 0.61260 -100.00000 
 0.00000  0.00000 
-0.19991 -100.00000 
-0.12286 -100.00000 
-100.00000 -100.00000 
-100.00000 -100.00000 
-0.00032 -0.00001 
 0.00000  0.00000 
-100.00000 -100.00000 
-100.00000 -100.00000 
-100.00000 -100.00000 
-100.00000 -100.00000 
-100.00000 -100.00000 
-100.00000 -100.00000 
-100.00000 -100.00000 
 0.00005 -100.00000 
-100.00000 -100.00000 
 0.00007 -100.00000 
-100.00000 -100.00000 
 0.24979 -0.23449 
-100.00000 -100.00000 
-100.00000 -100.00000 
-100.00000 -100.00000 
-100.00000 -100.00000 
-100.00000 -100.00000 
-0.95099 -0.09601 
-0.00008 -100.00000 
-100.00000 -100.00000 
 0.29321  0.31051 
 0.58445  0.04836 
-100.00000 -100.00000 
-100.00000 -100.00000 
 0.12884 -0.17396 
-100.00000 -100.00000 
-100.00000 -100.00000 
 0.18387  0.15911 
-100.00000  0.00003 
-100.00000 -100.00000 
 0.48994 -0.20749 
-100.00000 -100.00000 
