-100.00000 -100.00000 
-100.00000 -100.00000 
-100.00000 -100.00000 
 0.26347 -100.00000 
-100.00000  0.49631 
-100.00000 -100.00000 
-0.49806 -0.11112 
-100.00000 -100.00000 
-100.00000 -100.00000 
 0.00002 -100.00000 
-0.27089 -100.00000 
-100.00000 -100.00000 
-100.00000 -100.00000 
-100.00000 -100.00000 
-100.00000 -100.00000 
-100.00000 -100.00000 
-100.00000 -100.00000 
-100.00000 -100.00000 
-100.00000 -100.00000 
-100.00000 -100.00000 
 0.26318 -100.00000 
-100.00000 -100.00000 
-100.00000 -100.00000 
-100.00000 -100.00000 
-100.00000 -100.00000 
-100.00000 -100.00000 
-100.00000 -100.00000 
-100.00000 -100.00000 
-100.00000 -100.00000 
-100.00000 -100.00000 
-100.00000 -100.00000 
-100.00000 -100.00000 
-100.00000 -100.00000 
-100.00000 -100.00000 
-100.00000 -100.00000 
-100.00000 -100.00000 
-100.00000 -100.00000 
-100.00000 -100.00000 
-100.00000 -100.00000 
-100.00000 -100.00000 
-100.00000 -100.00000 
-100.00000 -100.00000 
-100.00000 -100.00000 
-100.00000 -100.00000 
-100.00000 -100.00000 
-100.00000 -100.00000 
-100.00000 -100.00000 
-100.00000 -100.00000 
-100.00000 -100.00000 
-100.00000 -100.00000 
-100.00000 -100.00000 
-100.00000 -100.00000 
-100.00000 -100.00000 
-100.00000 -100.00000 
-100.00000 -100.00000 
 0.32033 -0.07875 
-100.00000 -100.00000 
-100.00000 -100.00000 
-0.13922  0.13759 
 0.44493 -100.00000 
-100.00000 -100.00000 
-100.00000  0.78606 
-0.00002 -100.00000 
-100.00000 -100.00000 
-100.00000 -100.00000 
-100.00000 -100.00000 
-100.00000 -100.00000 
-100.00000 -100.00000 
-0.38772  0.26303 
-0.23517 -0.00539 
-100.00000 -100.00000 
-100.00000  0.00003 
-100.00000 -100.00000 
-100.00000 -100.00000 
-100.00000 -100.00000 
-100.00000 -100.00000 
 0.00000  0.00000 
-100.00000 -100.00000 
-0.38850 -100.00000 
-100.00000 -100.00000 
-100.00000 -100.00000 
-100.00000 -100.00000 
-0.27045 -100.00000 
-0.00616 -0.11894 
-100.00000 -100.00000 
-100.00000 -0.09835 
-100.00000 -100.00000 
-100.00000 -100.00000 
 0.13776 -0.65969 
-100.00000 -100.00000 
 0.21467 -0.00008 
 0.24825 -100.00000 
 0.00000  0.00000 
-100.00000 -100.00000 
-100.00000  0.00015 
-100.00000 -100.00000 
-100.00000 -100.00000 
-100.00000 -100.00000 
-100.00000  0.67693 
-0.40999 -100.00000 
-100.00000  0.00007 
-100.00000  0.26314 
-100.00000 -100.00000 
 0.84796  0.54135 
-100.00000 -100.00000 
-100.00000 -100.00000 
 0.26302  0.13754 
-100.00000 -100.00000 
-100.00000 -100.00000 
-100.00000 -100.00000 
-100.00000 -100.00000 
-0.12751 -100.00000 
-100.00000 -100.00000 
-100.00000 -100.00000 
-100.00000 -100.00000 
-100.00000 -100.00000 
-100.00000 -100.00000 
-100.00000 -100.00000 
-100.00000 -0.08096 
-100.00000 -100.00000 
-100.00000 -100.00000 
-100.00000  0.00002 
-100.00000 -100.00000 
-100.00000 -100.00000 
-100.00000 -100.00000 
-100.00000 -100.00000 
-100.00000 -100.00000 
 0.00019  0.00003 
-100.00000 -100.00000 
-100.00000 -100.00000 
-100.00000 -100.00000 
-100.00000 -100.00000 
-100.00000 -100.00000 
-100.00000  0.13747 
-100.00000 -100.00000 
-100.00000 -0.39114 
-100.00000 -100.00000 
-0.45305  0.00849 
-0.42576 -100.00000 
 0.00000  0.00000 
-100.00000 -100.00000 
-100.00000 -100.00000 
-100.00000 -100.00000 
-100.00000 -100.00000 
 0.00012 -100.00000 
-100.00000 -100.00000 
-100.00000 -100.00000 
-100.00000 -100.00000 
-100.00000 -100.00000 
-100.00000 -100.00000 
-100.00000 -100.00000 
-0.00013 -100.00000 
 0.00080 -100.00000 
-0.54193 -100.00000 
-0.51518  0.12584 
-100.00000 -100.00000 
-100.00000 -100.00000 
-100.00000 -100.00000 
-100.00000 -100.00000 
-100.00000 -100.00000 
-100.00000 -100.00000 
-100.00000 -100.00000 
-100.00000 -100.00000 
 0.84793 -100.00000 
-100.00000 -100.00000 
 0.00000  0.00000 
-100.00000 -100.00000 
-100.00000 -100.00000 
-100.00000 -100.00000 
-100.00000  0.48590 
 0.13231  0.13463 
-100.00000 -100.00000 
-100.00000 -100.00000 
-0.24441  0.20472 
-100.00000  0.00115 
-100.00000 -0.21985 
-100.00000 -100.00000 
-100.00000 -100.00000 
-100.00000 -100.00000 
-0.31591  0.00018 
-100.00000 -100.00000 
-0.14979  0.13800 
-100.00000 -100.00000 
-100.00000 -100.00000 
-0.12711 -100.00000 
-0.23794 -0.04687 
-100.00000 -100.00000 
-100.00000 -100.00000 
-100.00000 -100.00000 
-100.00000 -100.00000 
-100.00000 -100.00000 
-100.00000 -100.00000 
 0.00000  0.00000 
-100.00000 -100.00000 
-100.00000 -100.00000 
-100.00000 -100.00000 
 0.01678 -0.00011 
-100.00000 -100.00000 
-100.00000 -100.00000 
-100.00000 -100.00000 
-100.00000 -100.00000 
-100.00000 -100.00000 
-100.00000 -100.00000 
-100.00000 -100.00000 
-100.00000 -0.17418 
-100.00000 -100.00000 
-100.00000 -100.00000 
-100.00000 -100.00000 
-100.00000 -100.00000 
-100.00000 -100.00000 
-100.00000 -100.00000 
-100.00000 -100.00000 
-100.00000  0.00016 
-100.00000 -100.00000 
-100.00000 -100.00000 
-100.00000 -100.00000 
-100.00000 -100.00000 
 0.84877 -100.00000 
-100.00000 -100.00000 
-0.11997 -100.00000 
-100.00000 -100.00000 
-100.00000 -0.11159 
-100.00000 -100.00000 
-100.00000  0.39521 
-100.00000 -100.00000 
-100.00000 -100.00000 
-100.00000 -100.00000 
-100.00000 -100.00000 
-0.11771  0.17147 
-100.00000 -100.00000 
 0.06610 -0.59417 
-0.09284  0.14419 
 0.33412 -0.02260 
-100.00000 -100.00000 
-100.00000 -100.00000 
-100.00000  0.16847 
-100.00000 -100.00000 
-100.00000 -100.00000 
-100.00000 -100.00000 
-100.00000 -100.00000 
-0.05458  0.04540 
 0.02626 -100.00000 
-100.00000 -100.00000 
-100.00000  0.04525 
 0.00013 -100.00000 
-100.00000 -100.00000 
 0.00000  0.00000 
-100.00000 -100.00000 
-100.00000  0.37870 
-100.00000 -100.00000 
-100.00000 -100.00000 
-100.00000 -100.00000 
-0.20260 -100.00000 
-100.00000 -100.00000 
-100.00000  0.56834 
-100.00000 -100.00000 
-1.02944  0.04305 
-100.00000 -100.00000 
-100.00000 -100.00000 
-100.00000 -100.00000 
-100.00000 -100.00000 
-100.00000 -100.00000 
-100.00000 -100.00000 
-0.23202 -0.28951 
-100.00000 -100.00000 
-100.00000 -100.00000 
-100.00000 -100.00000 
 0.00000  0.00000 
-100.00000 -0.04853 
-100.00000 -100.00000 
 0.13764 -0.11006 
-100.00000 -100.00000 
-100.00000 -100.00000 
-0.33540 -100.00000 
-100.00000 -100.00000 
 0.36604  0.29147 
-0.83672 -100.00000 
 0.01433 -0.07748 
-100.00000 -100.00000 
-100.00000 -100.00000 
-100.00000 -100.00000 
-100.00000 -100.00000 
-0.19815 -100.00000 
-100.00000 -100.00000 
-100.00000 -100.00000 
-100.00000 -100.00000 
-100.00000 -100.00000 
-100.00000 -100.00000 
-100.00000 -100.00000 
-100.00000 -100.00000 
-100.00000 -100.00000 
-100.00000 -100.00000 
-100.00000 -100.00000 
-100.00000  0.13767 
-0.00003 -100.00000 
-100.00000 -100.00000 
-100.00000 -100.00000 
-100.00000 -100.00000 
 0.26315 -100.00000 
-100.00000 -100.00000 
-100.00000 -100.00000 
-100.00000 -100.00000 
-0.25904 -100.00000 
-100.00000 -100.00000 
-100.00000 -100.00000 
-100.00000 -100.00000 
-100.00000 -100.00000 
-100.00000 -100.00000 
-100.00000 -100.00000 
-100.00000 -100.00000 
-100.00000 -100.00000 
-100.00000 -100.00000 
 0.00012 -100.00000 
-100.00000 -100.00000 
 0.00002 -100.00000 
-100.00000 -100.00000 
-100.00000 -100.00000 
-100.00000 -100.00000 
-100.00000 -0.13312 
-100.00000 -100.00000 
-100.00000 -100.00000 
-100.00000 -100.00000 
-100.00000 -100.00000 
-100.00000  0.48549 
-100.00000 -100.00000 
-100.00000 -100.00000 
-100.00000 -100.00000 
 0.22676 -100.00000 
-100.00000 -0.32289 
-100.00000 -100.00000 
-100.00000 -100.00000 
-100.00000 -100.00000 
-100.00000 -100.00000 
-100.00000 -100.00000 
-100.00000 -100.00000 
-100.00000 -100.00000 
-100.00000 -100.00000 
-100.00000 -100.00000 
-100.00000 -100.00000 
-100.00000 -100.00000 
-100.00000 -100.00000 
-100.00000 -100.00000 
-100.00000 -100.00000 
-100.00000 -100.00000 
-100.00000 -100.00000 
-100.00000 -100.00000 
-100.00000 -100.00000 
-100.00000 -100.00000 
-100.00000 -100.00000 
-100.00000 -100.00000 
-100.00000 -100.00000 
-100.00000 -100.00000 
-100.00000 -100.00000 
-100.00000 -100.00000 
 0.00466 -0.23226 
-100.00000 -100.00000 
 0.00000  0.00000 
-100.00000 -100.00000 
-100.00000 -100.00000 
-100.00000 -100.00000 
 0.00002 -100.00000 
-100.00000 -100.00000 
 0.00007 -100.00000 
 0.00000  0.00000 
-100.00000 -100.00000 
-100.00000 -100.00000 
-100.00000 -100.00000 
-100.00000 -0.40676 
-100.00000 -100.00000 
 0.69729  0.00009 
-100.00000 -100.00000 
-100.00000 -100.00000 
-100.00000 -100.00000 
-100.00000 -100.00000 
-100.00000 -100.00000 
-100.00000 -100.00000 
-100.00000 -100.00000 
-100.00000 -100.00000 
-100.00000 -100.00000 
-100.00000 -100.00000 
-0.00021 -100.00000 
-100.00000  0.26306 
-100.00000 -100.00000 
-100.00000 -100.00000 
-100.00000 -100.00000 
-100.00000 -100.00000 
-100.00000 -100.00000 
-100.00000 -100.00000 
-100.00000 -100.00000 
 0.02784  0.74818 
-100.00000 -100.00000 
-100.00000 -100.00000 
-100.00000 -100.00000 
-100.00000 -100.00000 
-100.00000 -100.00000 
-100.00000 -100.00000 
-100.00000 -100.00000 
-100.00000 -100.00000 
-100.00000 -100.00000 
-100.00000 -100.00000 
-100.00000 -100.00000 
-100.00000  0.00003 
-100.00000 -100.00000 
-100.00000 -100.00000 
-100.00000 -100.00000 
-0.11888 -100.00000 
-100.00000 -100.00000 
-100.00000 -0.00015 
-100.00000 -100.00000 
-100.00000 -100.00000 
-100.00000 -100.00000 
-0.20974 -100.00000 
 0.18175 -0.05572 
-100.00000 -100.00000 
 0.37675 -100.00000 
-100.00000 -100.00000 
-100.00000 -100.00000 
-100.00000 -100.00000 
-0.20907 -100.00000 
-100.00000 -100.00000 
-100.00000 -100.00000 
-100.00000 -100.00000 
-100.00000 -100.00000 
-100.00000 -100.00000 
-100.00000 -100.00000 
-100.00000 -100.00000 
-100.00000 -100.00000 
-100.00000 -100.00000 
-0.21409 -100.00000 
 0.00891  0.37849 
-100.00000 -100.00000 
 0.03673 -100.00000 
-100.00000 -100.00000 
-100.00000 -100.00000 
 0.00000  0.00000 
-100.00000 -100.00000 
-100.00000 -100.00000 
-100.00000 -100.00000 
-100.00000 -100.00000 
-100.00000 -100.00000 
-100.00000 -0.06604 
-100.00000 -100.00000 
-100.00000 -100.00000 
-100.00000 -100.00000 
-100.00000 -100.00000 
-100.00000 -100.00000 
-100.00000 -100.00000 
-100.00000 -100.00000 
-0.11487  0.28193 
-100.00000 -100.00000 
 0.18185  0.05891 
-100.00000 -100.00000 
 0.00006 -100.00000 
-100.00000 -100.00000 
-100.00000 -100.00000 
-100.00000 -100.00000 
-100.00000 -100.00000 
-100.00000 -100.00000 
-100.00000 -100.00000 
-100.00000 -100.00000 
-100.00000 -100.00000 
-100.00000 -100.00000 
-100.00000 -100.00000 
-100.00000 -100.00000 
-100.00000 -100.00000 
-100.00000 -100.00000 
-100.00000 -100.00000 
-100.00000 -100.00000 
-100.00000 -100.00000 
-100.00000  0.08236 
 0.00010 -0.20157 
-100.00000 -100.00000 
-100.00000 -100.00000 
-0.17499 -100.00000 
-100.00000 -100.00000 
-100.00000 -0.00041 
-100.00000 -100.00000 
-100.00000 -100.00000 
 0.05723 -0.14960 
-0.39385  1.10676 
-100.00000 -100.00000 
-100.00000 -100.00000 
-100.00000 -100.00000 
 0.37864 -0.29789 
-100.00000 -100.00000 
-100.00000 -100.00000 
-100.00000 -100.00000 
-0.00010 -100.00000 
-100.00000 -100.00000 
-0.00038 -0.00002 
-0.12209 -0.23447 
-100.00000 -100.00000 
 0.02805 -100.00000 
-100.00000 -100.00000 
-100.00000 -100.00000 
-100.00000 -100.00000 
-0.00262 -100.00000 
-0.42750 -0.09380 
-100.00000 -100.00000 
-100.00000 -100.00000 
-100.00000 -100.00000 
 0.32904 -100.00000 
-100.00000 -100.00000 
-0.09711 -100.00000 
-100.00000 -100.00000 
-100.00000  0.07681 
 0.02833 -100.00000 
-100.00000 -100.00000 
-100.00000 -100.00000 
-0.33879  0.27643 
-100.00000  0.26304 
-100.00000 -100.00000 
-0.36080  0.35756 
-100.00000 -100.00000 
-100.00000 -100.00000 
-100.00000 -100.00000 
-0.61339 -100.00000 
-0.23394 -100.00000 
-100.00000 -100.00000 
-100.00000 -100.00000 
-0.31665 -0.50206 
 0.00086 -100.00000 
-100.00000 -100.00000 
-100.00000 -100.00000 
-0.44870  0.00007 
 0.34644 -100.00000 
-100.00000 -100.00000 
-100.00000 -100.00000 
 0.13755 -100.00000 
 0.00014 -0.30595 
-100.00000 -100.00000 
 0.26308 -100.00000 
-100.00000 -100.00000 
-100.00000 -100.00000 
-100.00000 -100.00000 
-100.00000 -100.00000 
-100.00000 -100.00000 
-100.00000 -100.00000 
-100.00000 -100.00000 
-100.00000 -100.00000 
-0.95338 -0.12157 
-100.00000 -100.00000 
 0.04875 -0.33549 
-100.00000 -100.00000 
-100.00000 -100.00000 
-100.00000 -100.00000 
 0.36376 -0.12067 
-100.00000 -100.00000 
-100.00000 -100.00000 
-100.00000 -100.00000 
-100.00000 -100.00000 
 0.00000  0.00000 
-100.00000 -100.00000 
 0.02847 -0.23433 
-100.00000  0.01178 
-100.00000 -100.00000 
 0.04918  0.24233 
-100.00000 -100.00000 
-0.00000 -0.12222 
-100.00000  0.13747 
 0.14070 -0.23472 
-100.00000 -100.00000 
-100.00000 -100.00000 
-100.00000 -0.00006 
-100.00000 -100.00000 
