-0.28020 -0.15245 
 1.58552  0.44801 
 0.00056 -100.00000 
 0.37573  0.10218 
 0.69378  1.42057 
-0.13709 -100.00000 
 0.39830 -0.50357 
 0.26313  0.00007 
-0.66535 -0.00610 
 0.05186 -0.11563 
-0.00020 -100.00000 
 0.96332  0.22077 
 0.69662 -0.29613 
-100.00000 -100.00000 
-0.11665 -0.35994 
-100.00000 -100.00000 
-100.00000 -100.00000 
-100.00000 -100.00000 
 0.58667 -0.10789 
 0.00000  0.00000 
-100.00000 -100.00000 
 0.00000  0.00000 
-100.00000 -100.00000 
-100.00000 -100.00000 
-100.00000 -100.00000 
-100.00000 -100.00000 
-100.00000  0.00006 
-0.14586 -0.14001 
-100.00000 -100.00000 
 0.10742  0.02196 
-100.00000 -100.00000 
-0.38892  0.18597 
 0.14895 -0.13245 
-100.00000 -100.00000 
-0.46015 -0.09271 
 0.00000  0.00000 
 0.52116 -0.01117 
-100.00000 -100.00000 
-100.00000 -100.00000 
-100.00000 -100.00000 
 0.37848 -100.00000 
-100.00000 -100.00000 
-100.00000 -100.00000 
 0.37536 -0.06766 
-100.00000 -100.00000 
-100.00000 -100.00000 
 1.06595 -0.18376 
-100.00000 -100.00000 
-100.00000 -100.00000 
 0.07714  0.48541 
 0.35051 -100.00000 
-100.00000 -100.00000 
-0.12423 -0.05800 
-100.00000 -100.00000 
 0.00001 -100.00000 
-100.00000 -100.00000 
 0.00029 -100.00000 
-0.11931 -0.34884 
-100.00000 -100.00000 
 0.00030 -100.00000 
-0.42400  0.19132 
-0.14630 -100.00000 
-100.00000 -100.00000 
 0.00000  0.00000 
-100.00000 -100.00000 
-100.00000 -100.00000 
-0.39948  0.06902 
-0.58954  0.44466 
-100.00000 -100.00000 
 0.00018 -100.00000 
-0.14556  0.26300 
-100.00000 -100.00000 
-0.14574  0.26282 
 0.00000  0.00000 
 0.59547  0.61024 
-100.00000 -100.00000 
-100.00000 -100.00000 
 0.11720  0.48548 
 0.70221 -100.00000 
-100.00000 -100.00000 
 0.11714 -100.00000 
-100.00000 -100.00000 
 0.58502 -100.00000 
-100.00000 -100.00000 
-100.00000 -100.00000 
 0.52738  0.08124 
 0.23264 -0.00000 
 1.62664 -0.01839 
 0.52314 -0.12766 
-0.71303 -0.05984 
 0.16711 -0.16343 
 0.10067 -0.38663 
-100.00000 -100.00000 
-100.00000 -100.00000 
-100.00000 -100.00000 
 0.00000  0.00000 
 0.51033  0.06552 
-100.00000 -100.00000 
 0.11380 -0.16664 
 0.00011 -0.00001 
 1.43327 -100.00000 
-100.00000 -100.00000 
-0.01044 -0.24771 
 1.26219 -0.62842 
-100.00000 -100.00000 
-100.00000 -100.00000 
-100.00000 -100.00000 
-100.00000 -100.00000 
-100.00000 -100.00000 
-100.00000 -100.00000 
-100.00000 -100.00000 
 0.31290 -0.11656 
 0.00000  0.00000 
-100.00000 -100.00000 
-0.19532 -0.46532 
-100.00000 -100.00000 
-100.00000 -100.00000 
-0.00005  0.13745 
 0.00029 -100.00000 
-100.00000 -100.00000 
-100.00000 -100.00000 
-100.00000 -100.00000 
 0.81876  0.04431 
 0.13743 -100.00000 
-0.13826  0.14360 
 0.92710  0.26311 
-100.00000 -100.00000 
 0.78421  0.23778 
-0.00016 -100.00000 
 0.21211  0.32061 
 0.00011  0.00871 
-100.00000 -100.00000 
 0.00000  0.00000 
-100.00000  0.00831 
-100.00000 -100.00000 
 0.49164  0.33828 
-100.00000  0.00014 
 1.14371 -0.47913 
 0.00013 -100.00000 
-100.00000 -100.00000 
-100.00000  0.13780 
-100.00000  0.00013 
 0.13825 -100.00000 
-0.44984 -0.32973 
 0.37828 -0.10333 
 0.00044  0.13735 
-100.00000 -100.00000 
-0.51356  0.26311 
-0.08847  0.03057 
-0.93611 -0.26192 
-100.00000 -100.00000 
-100.00000 -100.00000 
 0.57700 -0.05383 
 0.89012 -0.11882 
-0.62604 -0.16702 
-100.00000 -100.00000 
 0.66449 -0.03052 
 1.12514  0.01980 
 0.10573  0.23375 
-100.00000 -100.00000 
-100.00000 -100.00000 
-100.00000  0.23791 
-0.50318 -0.17363 
 0.13751 -100.00000 
-0.73865  0.11817 
-100.00000 -100.00000 
 0.82431 -0.21241 
-100.00000 -100.00000 
-100.00000 -100.00000 
-0.14240  0.26350 
-0.97241 -100.00000 
-0.70127  0.13054 
-0.09144  0.02296 
-100.00000 -100.00000 
 0.14118  0.96385 
-0.59125 -0.12893 
-0.50530 -0.43732 
-0.01003 -0.02579 
 0.08115 -100.00000 
 0.58475 -0.38033 
-100.00000 -100.00000 
-100.00000  0.00874 
-100.00000 -100.00000 
-0.14374  0.37856 
-0.27331  0.24944 
 0.00079 -100.00000 
-0.00008  0.12846 
-100.00000 -100.00000 
-0.33461 -0.68249 
-0.17338 -100.00000 
 0.00640 -0.26812 
 0.09132  0.03408 
-100.00000 -100.00000 
-100.00000 -100.00000 
-0.17215 -0.16696 
-100.00000 -100.00000 
 0.00028 -0.00011 
-100.00000 -100.00000 
 0.00013  0.00016 
 0.00277  0.16444 
-0.26224 -100.00000 
-100.00000 -100.00000 
-100.00000 -100.00000 
-100.00000 -100.00000 
-0.37553 -100.00000 
 0.09145 -0.10362 
 0.13761 -0.33648 
-100.00000 -100.00000 
 0.56815 -0.40848 
 0.98038  0.18411 
 0.99995  0.00024 
-0.44486  1.15715 
-100.00000 -0.11139 
 0.76353  0.02600 
 0.19369 -0.20566 
-0.86680 -100.00000 
-0.19392  0.30273 
 0.19515 -100.00000 
-100.00000 -100.00000 
-100.00000 -100.00000 
-0.26104  0.81513 
-100.00000 -100.00000 
-0.41344 -0.76694 
-100.00000 -100.00000 
 1.30189 -0.18911 
 0.39725  0.55771 
 1.36298 -1.11138 
 0.56272  0.26333 
-0.00071 -0.00007 
 0.00000  0.00000 
 0.00037  0.02638 
 0.30296  0.49162 
-100.00000 -100.00000 
 1.54406 -100.00000 
-0.44073  0.27143 
-0.68759  0.31790 
 0.12820 -0.13299 
 0.14713 -0.30188 
-100.00000  0.08136 
 1.09692 -0.19296 
-100.00000 -100.00000 
-100.00000 -100.00000 
 0.50123 -0.17485 
 0.30889  0.08407 
-100.00000 -100.00000 
-100.00000 -100.00000 
-100.00000 -100.00000 
 0.41363 -0.00260 
 1.69932  0.76866 
-0.72112 -0.09267 
 0.67747 -0.63611 
-100.00000 -100.00000 
-100.00000 -100.00000 
-100.00000 -100.00000 
-0.67722 -0.09726 
 0.00000  0.00000 
 0.00000  0.00000 
 0.22715  0.26769 
-100.00000 -100.00000 
-100.00000 -100.00000 
 0.07291 -0.06508 
-100.00000 -100.00000 
-100.00000  0.00006 
-0.12370 -0.64679 
 0.00000  0.00000 
-100.00000  0.84803 
-100.00000 -100.00000 
-100.00000 -100.00000 
-0.00155 -100.00000 
-100.00000 -100.00000 
-100.00000 -0.07486 
 1.15996 -0.31526 
 0.68449 -0.00382 
-1.06090 -100.00000 
 0.00090  0.13759 
-0.00020 -100.00000 
 0.64957  0.40737 
 0.58895  0.58493 
 0.00020 -100.00000 
-100.00000 -100.00000 
 0.00000  0.00000 
 0.00000  0.00000 
-0.45882  0.60713 
-100.00000 -100.00000 
 0.00337 -0.10927 
-0.55000  0.45169 
-0.18187 -0.01257 
 0.31332  0.11965 
 0.58536 -100.00000 
-0.14517  0.00006 
-100.00000 -100.00000 
 0.37848 -0.38974 
-100.00000 -100.00000 
 0.80688  0.28738 
-100.00000 -100.00000 
-0.00001 -100.00000 
-0.10673  0.03780 
-100.00000 -100.00000 
 0.11870  0.13286 
-100.00000 -100.00000 
 0.00035 -100.00000 
 0.00000  0.00000 
 0.98113  0.05236 
-0.50888 -0.01073 
-0.14563 -0.12427 
 0.62054 -0.11969 
-100.00000 -100.00000 
-0.14493  0.00005 
-100.00000 -100.00000 
-100.00000 -100.00000 
 0.00000  0.00000 
-100.00000 -100.00000 
-100.00000 -100.00000 
 0.68515  0.42357 
 0.03026  1.07072 
 0.00000  0.00000 
-100.00000 -100.00000 
 0.37820 -0.00578 
-100.00000 -100.00000 
-100.00000 -100.00000 
-0.95905 -0.13804 
-100.00000 -100.00000 
 0.41917 -0.15432 
-100.00000 -100.00000 
 0.40153 -0.22037 
 0.97954 -0.84307 
-100.00000 -100.00000 
-0.00008 -100.00000 
-100.00000 -100.00000 
-0.24911  0.06427 
-0.49022 -0.46729 
-0.63720  0.05338 
-0.00005 -100.00000 
 0.40188 -0.62047 
 0.26297  0.00217 
-100.00000 -100.00000 
 0.00000  0.00000 
-100.00000 -100.00000 
-0.00292 -0.27061 
 0.00000  0.00000 
-100.00000 -100.00000 
-100.00000 -100.00000 
 0.34238  0.55148 
-100.00000 -100.00000 
 0.05902 -0.07023 
 0.92621  0.09584 
-100.00000 -100.00000 
-100.00000 -100.00000 
 0.00000  0.00000 
-100.00000 -100.00000 
-100.00000 -100.00000 
-100.00000 -100.00000 
 0.00000  0.00000 
-100.00000 -100.00000 
-100.00000 -100.00000 
-100.00000 -100.00000 
-100.00000 -100.00000 
-0.36548 -0.96977 
-100.00000 -100.00000 
-0.83240  0.45076 
 0.00000  0.00000 
-100.00000 -100.00000 
-100.00000 -100.00000 
-100.00000 -100.00000 
-100.00000 -100.00000 
-100.00000 -100.00000 
-100.00000 -100.00000 
-100.00000 -100.00000 
-0.02313  0.08637 
 0.18628 -0.33805 
-100.00000  0.00006 
-100.00000 -100.00000 
-100.00000 -100.00000 
-100.00000 -100.00000 
-100.00000 -100.00000 
-100.00000 -100.00000 
-100.00000 -100.00000 
 0.00030 -100.00000 
-100.00000 -100.00000 
-100.00000 -100.00000 
 1.81606 -0.41743 
 0.63065  0.00449 
 0.22735  0.29533 
 0.39365 -0.12040 
-100.00000 -100.00000 
-0.16631  0.68598 
-100.00000 -100.00000 
 0.00000  0.00000 
 0.95059 -100.00000 
 0.32026  0.26240 
 0.00000  0.00000 
-0.13859 -0.10762 
-0.00015 -100.00000 
-100.00000 -100.00000 
-0.31181  0.22402 
-100.00000 -100.00000 
-100.00000 -100.00000 
 1.55893 -0.04658 
 0.00000  0.00000 
-100.00000 -100.00000 
 0.11371  0.76545 
 1.04783  0.08574 
-100.00000 -100.00000 
 0.24830  0.21802 
-100.00000  0.00017 
-0.00009  0.05908 
-0.28514  0.30244 
 0.00260 -100.00000 
-0.10882 -100.00000 
-100.00000 -100.00000 
 0.13753 -100.00000 
-100.00000 -0.05671 
 0.37847  0.08273 
-100.00000 -100.00000 
 0.84041  0.00744 
 0.72400 -0.03275 
-100.00000 -100.00000 
-100.00000  0.00008 
-100.00000 -100.00000 
-0.08461 -0.47679 
-100.00000 -100.00000 
-0.08971 -0.15819 
-100.00000 -100.00000 
-100.00000 -100.00000 
-100.00000 -100.00000 
 0.00291 -100.00000 
 0.49050  0.12340 
-100.00000 -100.00000 
-100.00000 -100.00000 
-100.00000 -100.00000 
-0.18738  0.13751 
-100.00000 -100.00000 
-100.00000 -100.00000 
 0.00000  0.00000 
-100.00000 -100.00000 
-0.33956  0.11913 
-100.00000 -100.00000 
 0.00025 -100.00000 
-0.31020 -100.00000 
-100.00000 -100.00000 
-0.83507  0.47961 
 1.19271  0.13747 
-0.30004  0.06150 
 0.00994 -0.30204 
-100.00000 -100.00000 
-100.00000 -100.00000 
-100.00000 -100.00000 
-100.00000 -100.00000 
-100.00000 -100.00000 
 0.47617 -0.16348 
-100.00000 -100.00000 
-100.00000 -100.00000 
 0.13723 -0.24397 
-100.00000 -100.00000 
-100.00000 -100.00000 
 0.74176  0.26299 
-100.00000 -100.00000 
-0.00008 -0.23606 
-100.00000 -100.00000 
-100.00000 -100.00000 
-100.00000  0.47388 
-0.13475 -100.00000 
 0.00012 -100.00000 
-100.00000 -100.00000 
 0.35081  0.25939 
-100.00000 -100.00000 
 0.35089 -0.03310 
-0.85987 -0.38294 
-0.56718  0.57246 
-0.00019 -100.00000 
-100.00000 -100.00000 
 0.00257 -100.00000 
-100.00000 -100.00000 
-0.57027  0.00622 
-100.00000 -0.38210 
 0.00000  0.00000 
-100.00000 -100.00000 
 0.13746 -0.23096 
-100.00000 -100.00000 
-100.00000 -100.00000 
 0.13758 -0.09729 
-0.00012 -100.00000 
-0.31992 -100.00000 
-100.00000 -100.00000 
-100.00000 -100.00000 
 0.22681 -100.00000 
-100.00000 -100.00000 
-100.00000 -100.00000 
-0.00024 -100.00000 
-0.55212  0.65040 
-100.00000 -100.00000 
 0.13287  0.09871 
 0.31460 -0.00003 
 0.00012  0.36295 
-0.49155 -0.39970 
 0.02814 -0.20197 
-0.59139 -0.18921 
-100.00000 -100.00000 
-0.60623 -0.55899 
-100.00000 -100.00000 
 0.13451 -100.00000 
 0.00024 -100.00000 
 0.40917  0.02903 
 0.35674 -100.00000 
-100.00000 -100.00000 
-100.00000 -100.00000 
-0.00436  0.23761 
 0.20638  0.07131 
-0.85619 -0.33252 
-100.00000  0.53122 
-100.00000 -100.00000 
-1.14951 -100.00000 
 0.52354  0.00007 
 0.13738 -100.00000 
 0.74369 -100.00000 
 0.00000  0.00000 
-0.19495 -0.38950 
 0.18499 -0.78356 
 0.96571 -0.33798 
-0.68799  0.13783 
-0.09264  0.24890 
 0.00041 -100.00000 
 0.47000 -0.23211 
 1.35122 -0.03090 
-100.00000 -100.00000 
-0.60149 -100.00000 
-0.00000 -100.00000 
-100.00000 -100.00000 
 0.00000  0.00000 
-100.00000  0.00002 
-100.00000 -100.00000 
 0.00000  0.00000 
-100.00000 -100.00000 
-100.00000 -100.00000 
-0.25905 -0.31027 
-0.17399 -0.71165 
-100.00000 -0.00007 
 0.12647 -0.10378 
-100.00000 -100.00000 
-0.55140 -0.51194 
-0.10907  0.13750 
 0.25716 -0.10871 
-1.20596 -100.00000 
-0.28696 -0.28456 
-100.00000 -100.00000 
-100.00000 -100.00000 
-100.00000 -100.00000 
-100.00000 -100.00000 
 0.00000  0.00000 
 0.55268  0.04938 
 0.33805  0.48559 
-100.00000 -100.00000 
-0.93186 -0.42129 
 0.76552  0.03982 
 0.02729 -0.50898 
-0.72090  0.24561 
-100.00000 -100.00000 
 0.01577 -100.00000 
-100.00000 -100.00000 
-100.00000 -100.00000 
-0.26350 -100.00000 
 0.13435  0.03913 
 0.00000  0.00000 
-100.00000 -100.00000 
 0.00000  0.00000 
