 0.34387 -100.00000 
-0.17913 -0.90420 
 0.12309  0.38533 
 0.68894 -0.60941 
 0.00008 -0.88878 
 0.12160 -100.00000 
-100.00000 -0.14552 
-0.23534  0.20724 
-100.00000 -100.00000 
 0.26306  0.13770 
-0.14200  1.07019 
-100.00000  0.00052 
 0.00015 -100.00000 
-1.02493 -100.00000 
-0.14143 -100.00000 
-100.00000  0.43928 
-100.00000 -100.00000 
-100.00000 -100.00000 
-0.23460 -0.84786 
-0.00007 -0.27835 
 0.40764  0.18545 
 0.23681 -100.00000 
-100.00000 -100.00000 
-100.00000 -0.00838 
 0.46472  0.14284 
-100.00000 -100.00000 
-100.00000 -100.00000 
-100.00000 -100.00000 
-100.00000 -100.00000 
-100.00000 -100.00000 
-100.00000 -100.00000 
 0.45953  0.67808 
-100.00000 -100.00000 
-100.00000 -100.00000 
-100.00000 -0.14582 
-100.00000 -0.00021 
 0.94751 -1.21042 
 0.13749 -100.00000 
 0.16991 -0.06090 
-100.00000 -100.00000 
-100.00000 -100.00000 
 0.13746 -100.00000 
-100.00000 -100.00000 
-100.00000  0.00003 
-0.46117  0.85590 
-100.00000 -100.00000 
 0.37894  0.00023 
-100.00000 -100.00000 
-100.00000  0.37856 
 0.26307 -100.00000 
-100.00000  0.00025 
-100.00000  0.45693 
 0.02457 -0.11098 
 0.01241 -0.34103 
-100.00000 -100.00000 
-0.25097 -0.20864 
-0.02346  1.42154 
-100.00000 -100.00000 
 0.34621  0.20831 
 0.56168 -0.06532 
-100.00000 -0.00033 
-0.37037  0.78877 
 0.21874 -0.39524 
 0.19987  0.66583 
 0.70788  0.48498 
-100.00000 -100.00000 
-100.00000 -100.00000 
-0.20920  0.28752 
-100.00000 -100.00000 
-0.01834 -0.82832 
-0.76306  0.28719 
 0.53708  0.04515 
-100.00000  0.00001 
-100.00000 -100.00000 
-100.00000 -100.00000 
 0.46539  0.14083 
 0.16018 -0.42128 
-0.13235 -0.00001 
-100.00000 -100.00000 
 0.14250  0.82947 
-100.00000 -100.00000 
-100.00000 -100.00000 
-100.00000 -100.00000 
 0.53895  0.26303 
-100.00000  0.00007 
-100.00000 -100.00000 
-0.13292 -100.00000 
-0.49824 -0.01496 
-0.43030  0.16755 
 0.37277 -0.35525 
 0.00000  0.00000 
-0.38878 -0.04237 
-0.28883  0.56722 
-100.00000 -100.00000 
-100.00000 -100.00000 
-100.00000 -100.00000 
-100.00000 -100.00000 
-100.00000 -0.00013 
 0.85027 -0.23746 
-100.00000 -100.00000 
 0.03904  0.00032 
-100.00000 -100.00000 
-100.00000 -100.00000 
-0.00004 -0.13002 
 0.25172 -0.04046 
-100.00000 -100.00000 
 0.03798 -0.21608 
-100.00000 -100.00000 
-100.00000 -0.00004 
-0.65252 -0.03252 
-100.00000 -0.14326 
 0.13392  0.21226 
-0.35284  0.26348 
-100.00000 -100.00000 
-100.00000 -100.00000 
-100.00000 -100.00000 
-100.00000 -100.00000 
-100.00000 -100.00000 
 0.00000  0.00000 
-100.00000 -100.00000 
 0.68159  0.13502 
-100.00000 -100.00000 
 0.27235  0.68941 
-100.00000 -0.00007 
-100.00000 -100.00000 
-0.99991  1.34214 
-0.34071  0.00028 
-100.00000 -100.00000 
-100.00000 -100.00000 
 0.00000  0.00000 
-100.00000 -100.00000 
-100.00000 -100.00000 
-100.00000 -100.00000 
-100.00000 -100.00000 
-100.00000 -100.00000 
-0.12937 -0.30346 
-100.00000 -100.00000 
 0.25748  0.27101 
-0.00054 -0.79047 
-0.24555  0.61168 
-0.00018  0.48561 
-100.00000 -100.00000 
 0.02786 -0.02087 
-100.00000 -100.00000 
-100.00000 -100.00000 
 0.44004  0.87054 
 0.10269 -0.23061 
-100.00000  0.00012 
-100.00000  0.00050 
-100.00000  0.00120 
-100.00000 -100.00000 
 0.35019  0.33234 
-0.49221 -0.62276 
-0.45176  1.47374 
 0.00000  0.00000 
-0.69409  1.19101 
-0.05787  0.25389 
 0.32630 -0.33723 
-0.34857  0.50659 
-100.00000 -100.00000 
-100.00000 -100.00000 
 0.00000  0.00000 
-100.00000 -100.00000 
-100.00000 -100.00000 
 0.00006 -0.00005 
 0.37869 -0.18988 
 0.13606  0.13777 
 0.13586 -0.65357 
-0.54111 -0.42640 
-0.04709  1.34973 
 0.14458 -0.37193 
-100.00000 -100.00000 
-0.79852 -100.00000 
-100.00000 -100.00000 
-0.11512 -0.67259 
-0.64229  1.15468 
-0.08940 -0.73734 
-100.00000 -100.00000 
-100.00000  0.23481 
-0.38405 -1.04018 
-100.00000 -100.00000 
-0.58180 -0.68578 
-100.00000 -100.00000 
-0.00008  0.26248 
 0.52908  1.00407 
-0.13401  0.18530 
 0.36212 -1.25730 
-100.00000  0.00035 
-100.00000 -100.00000 
 0.21243  0.29869 
-100.00000 -100.00000 
-0.12067 -100.00000 
 0.47768 -0.05823 
-100.00000 -100.00000 
-100.00000 -100.00000 
 0.16599  0.77513 
 0.16555  0.83983 
 0.00013 -100.00000 
-100.00000 -100.00000 
 0.23887 -0.20315 
 0.15032 -0.29923 
-100.00000 -100.00000 
 0.00002  0.00005 
-0.60742  0.76557 
 0.09465 -0.59722 
 0.25777 -100.00000 
 0.26320  0.37861 
-100.00000 -100.00000 
-0.07187 -0.29858 
 0.14262  0.72391 
-0.03152  0.00787 
-0.35074 -0.00095 
-100.00000  0.00108 
-100.00000 -0.00201 
-100.00000 -100.00000 
-0.32021  0.28249 
-100.00000 -100.00000 
-100.00000 -0.00080 
-100.00000 -100.00000 
 0.93748  1.30154 
-0.14344 -0.34463 
-100.00000  0.00023 
 0.00021  1.29606 
 0.00000  0.00000 
 0.00000  0.00000 
-100.00000 -100.00000 
-0.62536  0.21307 
 0.29575  0.29343 
 0.15686 -0.00071 
-0.09394  0.13730 
-100.00000 -0.77109 
-0.08628 -0.00278 
 0.00000  0.00000 
-0.23135  0.22122 
-0.13055  0.47103 
 0.29100  0.23024 
 0.00000  0.00000 
-100.00000 -100.00000 
 0.48482 -0.40915 
 0.49725  0.15180 
-0.24287  0.29996 
 0.00000  0.00000 
-100.00000 -0.13135 
-100.00000  0.13198 
-100.00000 -100.00000 
-100.00000 -100.00000 
 0.36227  0.30394 
-100.00000  0.37887 
 0.76567 -100.00000 
 0.00006 -100.00000 
-0.19648  0.11041 
 0.00010  0.13767 
-0.00180  0.17774 
-100.00000 -100.00000 
 0.63997  0.34871 
-100.00000  0.26315 
-0.52176 -100.00000 
-100.00000 -100.00000 
 0.00019 -100.00000 
-100.00000 -100.00000 
-100.00000 -100.00000 
-100.00000  0.00008 
-100.00000 -100.00000 
-100.00000  0.00014 
-100.00000 -100.00000 
-100.00000 -100.00000 
-100.00000 -100.00000 
 0.32543  0.00639 
 0.00007 -100.00000 
-100.00000 -100.00000 
-100.00000 -100.00000 
 0.00040  0.22412 
 0.05410 -0.20281 
 0.33938 -0.25537 
 0.00000  0.00000 
 0.25838  0.73227 
 0.27829  0.26931 
 0.25849  1.21344 
-100.00000  0.26323 
-100.00000 -0.12400 
-0.23188 -100.00000 
-100.00000 -100.00000 
-0.54794  0.12623 
-100.00000 -100.00000 
 0.13756  0.69585 
-0.53569  0.15313 
-0.00018  0.26308 
-0.40625  0.36837 
 0.86009 -0.82380 
-100.00000 -100.00000 
-0.42841 -0.31388 
-100.00000 -100.00000 
 0.00567 -100.00000 
-0.60510 -0.43746 
 0.00690 -0.02368 
-0.00533  0.00217 
 0.00230 -0.27703 
 0.00002 -100.00000 
 0.31226 -0.00028 
 0.34829  0.36808 
-100.00000 -100.00000 
-100.00000 -100.00000 
-100.00000 -0.62752 
-0.14913  0.31720 
-0.36205  0.10516 
 0.29594 -0.42446 
-100.00000 -100.00000 
-100.00000  0.00013 
-0.17565 -0.09421 
-100.00000 -100.00000 
-0.00011 -100.00000 
-0.20997  0.41691 
-0.47841  1.86667 
-0.34033 -2.69777 
 0.00002 -0.39667 
-0.47851 -100.00000 
 0.62480  0.08839 
 0.00828 -2.13540 
 0.58923  0.28045 
-100.00000  0.00001 
 0.12678 -0.17301 
-100.00000 -100.00000 
-100.00000 -100.00000 
 0.00000  0.00000 
-0.13526 -0.14482 
-0.24597 -1.51291 
 0.01601  0.70093 
-100.00000 -100.00000 
 0.00000  0.00000 
 0.00002  0.00004 
-100.00000 -100.00000 
-0.47715 -100.00000 
-0.05544  0.33461 
-100.00000 -0.00007 
 0.00000  0.00000 
-100.00000 -100.00000 
 0.34387 -0.88744 
-100.00000 -0.32914 
-0.41634  0.53678 
-0.64494 -0.10956 
-0.10558  0.01249 
-100.00000 -100.00000 
 0.00000  0.00000 
 0.93606  0.76557 
-100.00000 -100.00000 
-100.00000 -100.00000 
-0.45599 -0.88369 
-100.00000 -100.00000 
-100.00000 -100.00000 
-100.00000 -100.00000 
-100.00000 -100.00000 
-100.00000 -100.00000 
-100.00000 -100.00000 
-100.00000 -100.00000 
 0.01673  0.33758 
 0.34817 -0.68279 
-0.60287  0.46361 
-100.00000  0.00029 
 0.12554  0.12573 
-100.00000 -0.14495 
-0.25899 -0.70886 
-100.00000 -100.00000 
 0.26504 -0.15950 
 0.08563 -0.11894 
-100.00000 -100.00000 
-100.00000 -100.00000 
-100.00000 -100.00000 
-0.09122 -0.50250 
 0.82862 -0.13005 
-0.00870  0.00337 
-100.00000 -100.00000 
-100.00000 -100.00000 
-0.15015  0.15681 
 0.01434  0.66973 
 0.26300  0.84799 
-100.00000 -100.00000 
-100.00000 -100.00000 
-100.00000 -100.00000 
-100.00000 -100.00000 
-100.00000 -100.00000 
-0.02199  0.26419 
 0.51191  0.49968 
 0.37333 -0.28842 
-0.10841 -100.00000 
-0.68808 -0.50722 
 0.44464  0.25807 
-100.00000 -100.00000 
-100.00000 -100.00000 
 0.05930  0.42528 
-0.13201  0.43944 
-100.00000 -100.00000 
 0.64707  0.17021 
-100.00000  0.13736 
 0.30680 -0.25056 
-100.00000 -100.00000 
-0.30402 -100.00000 
-100.00000 -100.00000 
-100.00000 -100.00000 
-100.00000 -100.00000 
 0.00023 -100.00000 
 0.09501 -0.65548 
 0.15457 -100.00000 
-0.10836 -0.74311 
 0.55927  0.31527 
 0.33829 -0.74455 
-100.00000 -0.00009 
-0.11447  0.52706 
-0.42644 -1.05747 
 0.13759  0.55047 
-0.25267  0.00924 
 0.09311  0.22523 
-0.25109  0.33893 
-100.00000 -100.00000 
-100.00000 -100.00000 
 0.00113  0.59347 
-100.00000 -100.00000 
-100.00000 -100.00000 
 0.00418  0.20385 
 0.00000  0.00000 
-100.00000 -100.00000 
-100.00000 -100.00000 
-100.00000 -100.00000 
-100.00000 -100.00000 
-100.00000 -100.00000 
 0.01615  1.04560 
-0.63575 -0.08271 
-100.00000 -100.00000 
-100.00000 -100.00000 
-100.00000 -100.00000 
-0.18589  0.11959 
-100.00000 -100.00000 
-100.00000  0.35656 
-100.00000 -100.00000 
-100.00000 -100.00000 
-0.40900  0.62485 
-100.00000  0.13752 
-100.00000  0.00005 
-100.00000 -100.00000 
-100.00000 -100.00000 
-100.00000 -100.00000 
-100.00000  0.00005 
-100.00000 -100.00000 
-100.00000 -100.00000 
-100.00000 -100.00000 
-0.20842 -100.00000 
-100.00000 -100.00000 
-100.00000 -100.00000 
-100.00000 -100.00000 
 0.00000  0.00000 
-100.00000 -100.00000 
-100.00000 -100.00000 
-100.00000 -100.00000 
-100.00000 -100.00000 
-0.52698  0.95853 
-100.00000 -100.00000 
 1.19622  1.99272 
-100.00000 -100.00000 
-100.00000 -100.00000 
 0.40105  0.85548 
-0.00005 -0.66819 
-100.00000  0.37847 
-100.00000 -100.00000 
-100.00000 -100.00000 
-0.59202 -0.30489 
-100.00000 -100.00000 
 0.89406  0.06356 
 0.17598  1.06389 
-0.23911 -0.67506 
-100.00000 -100.00000 
 0.36485 -0.01637 
-100.00000  0.37873 
-100.00000 -100.00000 
-100.00000 -100.00000 
 1.03414  0.69159 
-100.00000  0.00014 
-0.43617  0.11744 
-0.03665  0.16015 
-100.00000 -100.00000 
-0.30243 -0.85881 
 0.32934  0.58500 
-100.00000 -100.00000 
 0.03947 -0.00012 
-100.00000 -100.00000 
-0.12186  0.00004 
 0.90293  1.02761 
 0.11190 -2.35301 
 0.07135  0.92614 
-100.00000 -100.00000 
-100.00000 -100.00000 
-0.00038  0.45669 
 0.24156  0.23842 
-0.12205 -100.00000 
-100.00000  0.13792 
 0.23442  1.07051 
-100.00000 -100.00000 
 0.00000  0.00000 
 0.45435 -0.08440 
-0.23490  0.05096 
 0.08643 -1.00874 
-100.00000 -100.00000 
-0.07534 -100.00000 
-100.00000 -100.00000 
 0.02878 -0.55283 
 0.26274  0.17934 
-100.00000 -100.00000 
-0.27744  0.54270 
 0.67407 -0.24669 
-100.00000 -100.00000 
-100.00000 -100.00000 
 0.10603 -0.39978 
 0.00003 -100.00000 
 0.33876 -0.12626 
 0.00000  0.00000 
-0.11686 -0.34681 
-0.22258 -0.22247 
-100.00000 -0.24667 
-0.39009  0.40911 
-0.24051 -0.67258 
 0.14102 -0.00040 
-0.44268 -0.17827 
-100.00000 -0.00013 
-0.12114 -100.00000 
-0.10996 -0.00017 
-0.06610 -0.02287 
-0.78968  0.17792 
-100.00000 -100.00000 
-100.00000 -100.00000 
-0.21638  0.50397 
-100.00000 -100.00000 
 0.03316 -100.00000 
-100.00000 -100.00000 
-100.00000  0.13718 
 0.13729 -100.00000 
-100.00000 -100.00000 
-100.00000 -100.00000 
-100.00000 -100.00000 
-100.00000 -100.00000 
-0.53273  0.27580 
 0.13759 -100.00000 
-0.33855 -0.12811 
-100.00000 -100.00000 
 0.02858 -0.06758 
-100.00000 -100.00000 
-100.00000 -100.00000 
-100.00000 -100.00000 
 0.22900  0.65127 
-0.02112 -0.16874 
-100.00000 -100.00000 
-100.00000 -100.00000 
 0.03929  0.13141 
-100.00000 -0.00005 
 0.40901 -0.04963 
-100.00000 -0.35708 
 0.04917  0.12359 
-100.00000 -100.00000 
-0.00021 -100.00000 
 0.22926  0.20654 
-100.00000 -100.00000 
-100.00000 -100.00000 
-0.37837 -0.23202 
 0.50864 -0.24048 
 0.00000  0.00000 
-100.00000 -100.00000 
 0.05744  0.29544 
-100.00000 -100.00000 
