-0.30060 -0.21896 
 0.19849  0.16731 
 0.34370 -100.00000 
-0.34669 -100.00000 
 0.00000  0.00000 
 0.00000  0.00000 
-0.53298 -0.35789 
 0.00000  0.00000 
 0.00000  0.00000 
-0.84780  0.00048 
-0.53711 -0.24415 
 0.00326  0.63552 
 0.24807  0.10885 
-100.00000 -100.00000 
-100.00000 -100.00000 
-100.00000 -100.00000 
-100.00000 -100.00000 
-100.00000 -100.00000 
-0.02006 -0.10789 
 0.17957 -0.14106 
-100.00000 -100.00000 
-0.00420 -100.00000 
-100.00000 -100.00000 
-100.00000 -100.00000 
-0.29865  0.56651 
-100.00000 -100.00000 
-100.00000 -100.00000 
-100.00000 -100.00000 
 0.19636  0.12250 
-100.00000 -100.00000 
-100.00000  0.13741 
-100.00000 -100.00000 
-100.00000 -0.14060 
-100.00000 -100.00000 
-100.00000 -100.00000 
-0.13295 -100.00000 
 0.00000  0.00000 
-100.00000 -100.00000 
-100.00000 -100.00000 
-100.00000 -100.00000 
-0.01023 -100.00000 
-100.00000 -100.00000 
 0.37719  0.34589 
-100.00000 -100.00000 
-100.00000  0.13756 
 0.19755 -100.00000 
 0.31604 -0.47319 
-100.00000 -100.00000 
 0.00000  0.00000 
 0.00000  0.00000 
 0.00010 -100.00000 
-100.00000 -100.00000 
-0.08806 -0.21448 
-100.00000 -100.00000 
-100.00000 -100.00000 
-100.00000 -100.00000 
-0.14047 -100.00000 
 0.00000  0.00000 
-100.00000 -100.00000 
-0.48665 -0.15315 
 0.00000  0.00000 
-100.00000 -100.00000 
-100.00000 -100.00000 
 0.17095 -0.07990 
 0.37857  0.62324 
 0.31613  0.30136 
 0.00000  0.00000 
-0.24788  0.43155 
 0.00000  0.00000 
-0.00011 -0.56997 
-0.92840 -0.00003 
-100.00000 -100.00000 
-100.00000 -100.00000 
-0.93815 -1.02715 
-0.41299 -0.08730 
-100.00000 -100.00000 
-0.01274  0.21634 
 0.00000  0.00000 
 0.00000  0.00000 
-100.00000 -100.00000 
-100.00000 -100.00000 
 0.98337 -1.07778 
-0.14157  0.76553 
-100.00000 -100.00000 
-100.00000 -100.00000 
-0.81870 -0.41942 
 0.00000  0.00000 
 0.00000  0.00000 
 0.04569  0.44451 
 0.36073 -0.02622 
 0.33897 -0.24948 
-0.25656 -0.26140 
-0.23511 -100.00000 
-100.00000 -100.00000 
-100.00000 -100.00000 
-0.49855 -0.11036 
 0.35807 -0.47253 
-100.00000 -100.00000 
-0.26540  0.12276 
-0.13409  0.26285 
 0.13776  0.00007 
-100.00000 -100.00000 
-100.00000  0.00004 
-0.53945  0.00034 
-100.00000 -100.00000 
 0.68177 -0.00003 
-100.00000 -100.00000 
-100.00000 -100.00000 
 0.76555 -0.19585 
-100.00000 -100.00000 
-0.00006  0.00010 
 0.00000  0.00000 
-0.39129 -100.00000 
 0.00000  0.13424 
-0.38033 -1.02007 
-100.00000 -100.00000 
-100.00000 -100.00000 
 0.00000  0.00000 
-100.00000 -100.00000 
-100.00000 -100.00000 
 0.13277  0.01495 
 0.00000  0.00000 
-100.00000 -0.29261 
 0.71646 -0.59788 
 0.41295 -0.36962 
 1.01517 -0.17396 
-0.53559  0.27568 
 0.00000  0.00000 
-100.00000 -100.00000 
-100.00000 -100.00000 
 0.40474  0.38282 
-100.00000 -100.00000 
 0.78515 -0.10476 
-0.11952 -0.26486 
-0.07456  0.23848 
-0.46625 -1.23775 
-0.81285  0.25593 
-0.12559  0.13402 
-0.10667  0.37417 
 0.21237 -0.22113 
 0.05500  0.87147 
-100.00000 -100.00000 
 0.55161  0.00975 
-100.00000 -100.00000 
-0.09477 -0.38910 
-100.00000 -100.00000 
-100.00000 -100.00000 
-0.31556 -0.13033 
-100.00000 -100.00000 
 0.08725 -0.35712 
 0.63265 -0.29310 
-100.00000 -100.00000 
-0.01697 -0.21506 
-0.38126  0.17268 
 0.52288  1.25057 
-100.00000 -100.00000 
 0.56881 -0.09244 
 0.08209 -0.19605 
-100.00000  0.13764 
 0.31308  0.31752 
-100.00000 -100.00000 
-100.00000 -100.00000 
-100.00000 -100.00000 
 0.00000  0.00000 
 0.00000  0.00000 
-0.07470 -0.58985 
 0.00000  0.00000 
-100.00000  0.13763 
 0.13521  0.26306 
 0.00716  0.03115 
 0.26377 -0.02912 
 0.01885 -0.32188 
-0.34926  0.66128 
-100.00000 -100.00000 
-0.15724  0.66223 
 0.08684  0.07890 
 0.00000  0.00000 
 0.37011 -0.01587 
-0.06217  0.13040 
 0.45742  0.12824 
-100.00000 -100.00000 
 0.21573  0.15750 
-100.00000 -100.00000 
 0.21798  0.48548 
-0.17022  0.13754 
-0.00022 -0.41664 
 0.00004  0.00159 
-0.75873 -0.10621 
-100.00000 -0.00016 
 0.00000  0.00000 
-1.11430 -0.18948 
 0.00000  0.00000 
-0.07240 -100.00000 
-100.00000 -100.00000 
-100.00000  0.02624 
-100.00000 -100.00000 
-100.00000 -100.00000 
 0.28919  0.13307 
-100.00000 -100.00000 
-100.00000 -100.00000 
-0.03653  0.13227 
 0.00004  0.15150 
-100.00000 -100.00000 
-0.00009  0.02596 
-0.45720  0.46943 
 0.26292 -100.00000 
 0.00000  0.00000 
-100.00000 -100.00000 
-0.40411  0.19859 
 0.44754  0.71445 
-0.45749  0.85750 
-0.00392  0.01778 
-100.00000 -100.00000 
 0.24958  0.00004 
-0.00006 -100.00000 
 0.13745  0.27024 
 0.14274 -0.17257 
 0.43128  0.36089 
-100.00000 -0.00001 
-0.29654 -0.15828 
 0.76174  0.86679 
-0.38534 -0.10726 
-0.79660 -0.18605 
-100.00000  0.00020 
-100.00000  0.27833 
 1.33987  0.22716 
 0.95011 -0.00318 
 0.61749  0.50178 
-0.11094  0.26296 
-0.35350  0.16195 
-0.29664  0.15245 
-0.02164  0.35024 
-100.00000 -100.00000 
-0.54133  0.59299 
-0.24880 -0.08759 
 0.18618  0.69630 
 0.04384  0.27952 
-100.00000  0.19331 
-100.00000 -100.00000 
-0.21781  0.06144 
-100.00000 -100.00000 
-100.00000 -100.00000 
 0.02024 -100.00000 
-0.36365  0.22467 
-100.00000 -100.00000 
 0.02107  0.16495 
 0.08504  0.06787 
-0.57030 -0.13384 
 0.00000  0.00000 
 0.00000  0.00000 
 0.00625 -0.01842 
-0.19353  0.10433 
-0.09316 -0.50824 
-100.00000 -100.00000 
-0.19680 -100.00000 
 0.34252 -0.26458 
 0.25804  0.01501 
-0.20936  0.21082 
-100.00000 -100.00000 
-100.00000 -100.00000 
-0.00009 -100.00000 
-100.00000 -100.00000 
-100.00000 -100.00000 
 0.00000  0.00000 
 0.07171  0.36989 
-100.00000 -100.00000 
 0.80547  0.03557 
 0.16775  0.20502 
-100.00000 -100.00000 
-100.00000 -100.00000 
 0.60205  0.23690 
-0.30814  0.03484 
 0.00000  0.00000 
 0.80210  0.27373 
-100.00000 -100.00000 
 0.03100 -100.00000 
-0.15679  0.26316 
 0.21743  0.01916 
 0.00004 -100.00000 
-100.00000 -100.00000 
-0.38451 -100.00000 
 0.25372 -0.10479 
-0.94493  0.79376 
 0.37884  0.13756 
-0.32221  0.15376 
 0.11010 -0.02237 
-0.40275  0.15343 
-0.13079  0.77942 
-0.12144  0.53641 
 0.79075 -100.00000 
-100.00000 -100.00000 
-100.00000 -0.00021 
-100.00000 -100.00000 
 0.77176 -0.45868 
-100.00000 -100.00000 
 0.00221  0.23669 
-100.00000 -100.00000 
 0.56645  0.07809 
-0.39877  0.26245 
-100.00000 -100.00000 
-100.00000 -100.00000 
-0.37304  0.12111 
 0.21123 -0.32881 
-100.00000 -100.00000 
-100.00000 -100.00000 
 0.00000  0.00000 
 0.17899 -0.01834 
-0.09133  0.17867 
-100.00000 -100.00000 
-100.00000 -100.00000 
-0.57706  0.62373 
 0.24314 -0.14169 
 0.07314  0.12171 
 0.62555 -0.55595 
-100.00000 -100.00000 
 0.01223 -0.61724 
-100.00000 -100.00000 
-0.47832  0.26131 
-100.00000 -100.00000 
-0.53917 -0.15211 
-0.13132 -0.38958 
-100.00000 -100.00000 
 1.04623 -0.31507 
-1.12410  0.13757 
-0.00007 -100.00000 
-0.86203  0.26318 
-100.00000 -100.00000 
 0.00000  0.00000 
-100.00000 -100.00000 
-0.10928 -0.00447 
-100.00000 -100.00000 
-0.13490 -100.00000 
-100.00000 -100.00000 
 0.00000  0.00000 
-100.00000 -0.00006 
-100.00000 -100.00000 
 0.03905 -0.38962 
 0.26314  0.36884 
-0.15757 -0.21840 
-100.00000 -0.01342 
-100.00000  0.00012 
-100.00000 -100.00000 
-100.00000 -100.00000 
-100.00000 -100.00000 
 0.00000  0.00000 
 0.31947 -0.09654 
-0.09219  0.67821 
-100.00000 -100.00000 
-0.00026  0.23767 
-100.00000 -100.00000 
-100.00000 -100.00000 
 0.85641 -0.32704 
-0.18815 -0.22171 
-100.00000 -100.00000 
-100.00000 -100.00000 
-100.00000 -100.00000 
 0.40146  0.04700 
-0.69822 -0.26010 
-100.00000 -100.00000 
 0.34435  0.23486 
-0.89161 -0.25852 
-100.00000 -100.00000 
-100.00000 -100.00000 
 0.00567 -0.01040 
-100.00000 -100.00000 
-100.00000 -100.00000 
-100.00000 -100.00000 
 0.71279  0.44302 
-0.00016 -100.00000 
 0.21352 -0.25216 
-100.00000 -100.00000 
-100.00000 -100.00000 
-0.34104 -0.01090 
-0.00006 -100.00000 
 0.05517 -0.49965 
-0.00018 -100.00000 
-100.00000 -100.00000 
-100.00000 -100.00000 
-100.00000 -100.00000 
-100.00000 -100.00000 
-0.87188 -0.28992 
-0.25488 -0.39623 
-100.00000 -100.00000 
-100.00000 -100.00000 
-100.00000 -100.00000 
 0.67886  0.35951 
-100.00000 -100.00000 
-0.45437  0.38456 
-100.00000 -100.00000 
-0.52135 -0.41459 
 0.13737 -100.00000 
 0.00972 -100.00000 
-100.00000 -100.00000 
-100.00000 -100.00000 
 0.15453 -0.42245 
-100.00000 -100.00000 
-100.00000 -100.00000 
-100.00000 -0.23762 
 0.02899  0.17421 
-100.00000 -100.00000 
-100.00000 -0.00009 
-0.06588 -0.71111 
-100.00000 -100.00000 
-0.25248  0.09280 
-100.00000 -100.00000 
 0.24440  0.67043 
-100.00000 -100.00000 
 0.37543 -0.45883 
-0.25556 -100.00000 
-100.00000 -100.00000 
-100.00000 -100.00000 
 0.30059  0.09589 
-0.36905  0.18561 
-100.00000 -100.00000 
-0.37161  0.34864 
 0.00000  0.00000 
-100.00000 -100.00000 
 0.00003 -0.06701 
-100.00000 -100.00000 
 0.00011  0.38593 
-100.00000 -100.00000 
-100.00000 -100.00000 
 0.00000  0.00000 
-100.00000 -100.00000 
-100.00000 -100.00000 
-100.00000 -100.00000 
 0.50217 -0.08590 
-100.00000 -100.00000 
-100.00000 -100.00000 
-100.00000 -100.00000 
-0.04333 -0.45426 
 0.00000  0.00000 
-100.00000 -100.00000 
-0.54778 -0.80856 
 0.72449 -0.00706 
-100.00000 -100.00000 
-100.00000 -100.00000 
-100.00000 -100.00000 
-0.82768 -100.00000 
-100.00000 -100.00000 
 0.00000  0.00000 
 0.00000  0.00000 
-100.00000 -100.00000 
 0.00000  0.00000 
 0.00000  0.00000 
-100.00000 -100.00000 
-100.00000 -100.00000 
-100.00000 -100.00000 
-100.00000 -100.00000 
-100.00000 -100.00000 
 0.00000  0.00000 
-100.00000 -100.00000 
 0.11302 -0.00691 
-0.00016 -100.00000 
-100.00000 -100.00000 
 0.00000  0.00000 
-100.00000 -100.00000 
-100.00000 -100.00000 
 0.00019 -100.00000 
-100.00000 -100.00000 
 0.00000  0.00000 
-100.00000 -100.00000 
-100.00000 -100.00000 
-100.00000 -100.00000 
 0.07483 -100.00000 
-100.00000 -100.00000 
-100.00000 -0.06646 
-0.28268  0.16235 
 0.00000  0.00000 
-100.00000 -0.10563 
-100.00000 -100.00000 
-100.00000 -100.00000 
-100.00000 -100.00000 
 0.21439  0.04496 
-100.00000 -100.00000 
 0.28868 -0.95785 
-0.23474 -0.12219 
-0.00007  0.00005 
-100.00000 -100.00000 
-100.00000 -100.00000 
 0.31093  0.21675 
 0.14096 -0.07675 
 0.02322  0.34178 
-0.27696 -0.20075 
-100.00000  0.26296 
 0.05772  0.58495 
-100.00000 -100.00000 
-100.00000 -100.00000 
-100.00000 -100.00000 
-0.46550  0.01557 
-100.00000 -100.00000 
-0.23446  0.01636 
-100.00000 -100.00000 
-100.00000 -100.00000 
 0.25639 -0.50800 
-100.00000 -100.00000 
-0.54155  0.22860 
-100.00000 -100.00000 
-0.44006 -0.11964 
-100.00000 -100.00000 
 0.58909 -0.00030 
 0.36326  0.44336 
-0.21300  0.57000 
 0.22472 -0.34096 
-100.00000 -100.00000 
-0.33104 -0.28337 
-0.48565 -0.15482 
-0.09299 -0.25865 
 0.43470 -0.60287 
 0.00732 -0.03386 
 0.00000  0.00000 
-0.13148 -0.32702 
 0.05259 -0.11489 
-0.12226  0.58500 
-100.00000  0.21588 
-0.12796 -0.12193 
-0.30120  0.53555 
 0.22553 -0.09262 
-0.36793 -0.50587 
 0.00007 -100.00000 
 0.00000  0.00000 
-100.00000 -100.00000 
 0.14609 -0.51286 
-0.22421  0.21076 
-100.00000 -100.00000 
-0.24753  0.09522 
-100.00000 -100.00000 
 0.13746 -0.10157 
 0.13755 -100.00000 
 0.00000  0.00000 
-0.00017  0.00005 
-0.12284  0.18342 
-100.00000  0.00007 
 0.25250 -0.25112 
-100.00000 -100.00000 
-100.00000 -100.00000 
-100.00000 -0.00007 
-100.00000 -100.00000 
 0.16253 -0.44935 
 0.00000  0.00000 
-0.71574 -100.00000 
 0.00000  0.00000 
 0.00000  0.00000 
-100.00000 -100.00000 
-100.00000 -0.12197 
 0.00000  0.00000 
-100.00000 -100.00000 
-100.00000 -100.00000 
-0.07591 -0.66355 
 0.07684  1.01576 
-0.55674 -0.28716 
 0.25656 -0.04161 
 0.14381  0.03929 
 0.23481  0.15424 
 1.29372 -0.07656 
-0.00021 -0.43676 
-100.00000 -100.00000 
 0.15029  0.23723 
 0.00000  0.00000 
-0.33922  0.14362 
-0.01666 -0.14922 
-0.23474  0.02817 
 0.00003  0.00014 
-100.00000 -100.00000 
 0.25087  0.42683 
