-100.00000 -0.00005 
 1.04420  0.23803 
-0.61467 -0.11134 
 0.00058  0.13784 
-0.14619 -0.11773 
-0.00057 -100.00000 
 0.26333 -0.26892 
 0.00009 -100.00000 
 0.00010  0.00008 
 0.00020  0.00048 
 0.57540  0.26330 
 0.00052  0.00031 
-100.00000 -100.00000 
 0.00021  0.12219 
-100.00000 -100.00000 
-0.50867  0.30767 
 0.64779  0.31640 
 0.21242  0.37983 
-100.00000 -100.00000 
-0.00005 -100.00000 
 0.67813  0.00004 
 0.00014 -100.00000 
 0.00000  0.00000 
-0.00005  0.00003 
 0.00009 -100.00000 
-0.00001 -0.00004 
-100.00000  0.00006 
-0.00010 -100.00000 
 0.37866  0.00010 
 0.00005  0.00003 
-0.24450 -0.12867 
-100.00000 -100.00000 
 0.26308  0.13747 
-0.53851  0.12542 
-100.00000 -100.00000 
-0.00021 -100.00000 
-0.00114 -100.00000 
 0.49035  0.54181 
-100.00000 -100.00000 
-0.27828 -100.00000 
-0.47741  0.37927 
 0.11742 -0.13886 
-0.14571 -100.00000 
 0.00003  0.00002 
-100.00000 -100.00000 
 0.00008  0.00003 
-0.50881  0.00165 
-100.00000 -100.00000 
-100.00000 -100.00000 
-100.00000 -100.00000 
-0.34800  0.53282 
 0.36805 -0.10649 
 1.00299 -0.18046 
-100.00000 -100.00000 
-100.00000 -100.00000 
 0.00000  0.00000 
 0.10148  0.13745 
 0.00006 -100.00000 
 0.26313  0.13759 
 0.00030  0.00019 
-0.00033  0.00008 
-0.39986 -0.00004 
 0.00000  0.00000 
-0.00005 -100.00000 
-0.00045  0.00657 
-0.00003 -100.00000 
-100.00000 -100.00000 
 0.26715  0.00012 
 0.00001 -0.00001 
 0.00000  0.00000 
 0.30697 -0.14045 
 0.58504 -0.14088 
 0.17025 -0.69784 
 0.00015 -0.00021 
-4.83427 -100.00000 
 0.00000  0.00000 
 0.99171 -0.01354 
-100.00000 -100.00000 
 0.00006  0.00005 
 0.00000  0.00000 
-0.00008 -100.00000 
-0.00000 -100.00000 
-0.58191  0.27653 
-0.00000  0.00001 
 0.34429  0.07654 
 0.73888  0.76579 
-100.00000 -0.00000 
 0.13780 -0.00012 
 0.73253  0.08244 
-0.78525 -0.14070 
 0.12897 -0.45299 
 0.43953 -0.26891 
-0.26203  0.26309 
-0.67029  0.66696 
 0.00003  0.00015 
 0.00008  0.00008 
 0.23554 -0.45984 
-0.35905  0.23976 
-0.13630  0.01466 
 0.13762  0.13051 
 1.11773 -0.11735 
-0.11282  0.00011 
 0.05924 -0.22093 
-0.00030  0.00034 
 0.00000  0.00000 
-100.00000  0.13045 
 0.13754  0.00003 
 0.00008  0.00020 
-100.00000 -100.00000 
 0.00000  0.00000 
 1.38734  0.36423 
-100.00000 -100.00000 
 0.96222  0.70560 
-0.47412  0.42546 
 0.58566 -0.00009 
 0.02554  0.01663 
-0.37293  0.29828 
-100.00000 -100.00000 
 0.29478  0.01536 
-0.70862 -0.50039 
 0.00018  0.00003 
 0.00006  0.00002 
-0.77044 -0.46153 
-0.14919  0.00889 
 0.00013 -0.00002 
 0.37845  0.24936 
-0.14289  0.26325 
-100.00000  0.00003 
 0.67706 -0.88932 
 0.31935 -0.40248 
 0.00011  0.00005 
-0.17163 -0.04308 
-100.00000 -100.00000 
 0.00003 -0.00003 
 0.58511 -100.00000 
 0.13563  0.22763 
 0.41338  0.21401 
-0.51871 -0.39917 
 0.00013 -0.12816 
 0.26314  0.13749 
-100.00000  0.12506 
-100.00000 -100.00000 
-100.00000 -0.00001 
-0.09446 -0.67253 
-0.87626  0.14687 
-0.11396 -0.33896 
 0.00000  0.00000 
 0.13763  1.13883 
-100.00000 -100.00000 
 0.00120  0.58496 
 0.00013 -0.00004 
 0.00010 -0.00005 
 0.82071  0.20599 
 0.19728  0.00079 
 0.02555  0.11343 
 0.00000  0.00000 
 0.14436  0.27568 
 0.58784 -0.04317 
 0.07570 -0.13645 
 0.00007  0.00011 
-0.00008  0.00001 
-0.10667 -0.06596 
-100.00000 -100.00000 
 0.00001  0.00002 
-100.00000  0.00010 
 0.21198  0.13747 
-100.00000 -100.00000 
 0.00010  0.00013 
-0.01931  0.03138 
 0.00065 -100.00000 
 0.00000  0.00000 
 0.04095 -0.22088 
 0.78087 -0.12851 
 0.00011  0.00004 
 1.07407  0.29497 
 0.00245 -0.19625 
 0.00050 -100.00000 
-0.72502 -100.00000 
-1.00286  0.53452 
-0.00022  0.26322 
-0.00004  0.00007 
 0.13774 -0.24740 
-100.00000 -100.00000 
 1.06984  0.02091 
-1.31340  0.00004 
 0.00000  0.00000 
 0.67799  0.00001 
 0.08584 -0.54433 
-0.14327 -100.00000 
 0.00017 -0.00003 
-100.00000 -100.00000 
-100.00000  0.00001 
 0.26304  0.04824 
 0.00000  0.00000 
 0.24185 -0.21442 
-100.00000 -100.00000 
 0.00028 -100.00000 
-100.00000 -100.00000 
 0.00013  0.00016 
-1.41811  0.86733 
 0.72306  0.21312 
-0.18076 -0.26660 
-0.06246  0.26303 
 0.00004  0.00001 
-0.84279  0.29711 
 0.97431 -0.13575 
-100.00000 -100.00000 
 0.00000  0.00005 
 0.25250  0.76076 
-2.48990  0.35618 
 0.00000  0.00000 
-0.40866 -0.15793 
 0.00108  0.04810 
-0.00201  0.00004 
-100.00000 -100.00000 
 0.00207  0.00003 
-100.00000 -0.11087 
 0.13670 -0.40013 
 0.48685 -0.04801 
 0.83950  0.28784 
 0.00869 -0.21415 
 0.00023 -0.00005 
-0.12411 -0.01783 
 0.04789  0.13123 
-0.39525  0.16714 
 0.00027  0.00004 
 0.00038  0.48525 
-100.00000  0.00030 
 0.01605 -0.23523 
-0.00020 -100.00000 
-0.13618  0.27094 
-0.91431  0.00307 
 0.28561 -0.07199 
-0.00213 -100.00000 
-0.13553  0.00061 
 0.26316  0.13780 
 1.07512  0.33591 
-0.13804 -0.09916 
 0.58497 -0.00013 
-0.13232 -100.00000 
 0.00000  0.00000 
-0.41797  0.19736 
-100.00000 -100.00000 
 0.00645  0.00001 
 0.00006  0.00005 
 0.00075  0.00037 
 0.35070  0.37860 
-100.00000 -0.00035 
 0.00041  0.00018 
-100.00000 -100.00000 
-0.58703  0.00209 
-100.00000 -100.00000 
 0.00000  0.00000 
 0.33119 -0.44131 
 0.07950  0.00006 
-100.00000 -100.00000 
 0.31033  0.15196 
 0.00003  0.00013 
 0.05610  0.21882 
 0.13769 -0.48666 
-100.00000 -100.00000 
 0.00000  0.00000 
-100.00000 -100.00000 
 0.00014 -0.00007 
-100.00000 -100.00000 
 0.12656 -100.00000 
-100.00000 -100.00000 
 0.12636 -0.26379 
-0.00155 -0.00005 
 0.38394 -0.36072 
 0.00011  0.00006 
-1.61066 -0.47148 
-100.00000 -100.00000 
 0.51582  0.81170 
 0.18265  0.28661 
 0.00000  0.00000 
 0.51970 -0.26823 
 0.41524 -0.31830 
 0.00020 -100.00000 
 0.00000  0.00000 
-0.00006 -0.00006 
 0.00006 -100.00000 
 0.00017  0.00069 
-0.00015  0.00005 
-0.25966 -0.83676 
-0.39757  0.67826 
 0.00004 -100.00000 
 0.00062  0.48551 
 0.58310 -0.07263 
 0.06429  0.51122 
-0.00751 -0.00001 
-0.00003 -100.00000 
 0.00025 -100.00000 
-0.03099 -0.14125 
-0.14511  0.13746 
-0.00001  0.00003 
-100.00000 -100.00000 
-100.00000  0.00011 
 0.00068 -0.00019 
 0.00000  0.00000 
-0.27656  0.13751 
-100.00000 -100.00000 
-0.39875 -0.38891 
 0.63966 -0.02700 
 1.10960 -100.00000 
-100.00000  0.00016 
-100.00000 -100.00000 
 0.00013  0.00005 
 0.00002 -0.00005 
-100.00000 -100.00000 
 0.00018 -100.00000 
-0.34801 -0.00777 
-100.00000 -100.00000 
 0.40109  0.13733 
 0.76737  0.40250 
-100.00000 -100.00000 
 0.00000  0.00000 
 0.49635 -0.32501 
 0.00004  0.26299 
 0.26304 -100.00000 
-100.00000 -100.00000 
 0.00003  0.00015 
 0.00028 -100.00000 
-0.30126 -0.00091 
 0.71615 -0.92711 
-0.62533  0.00014 
 0.00012 -0.00005 
-0.00008 -0.00006 
 0.12352  0.26700 
-100.00000 -100.00000 
-0.00003  0.12673 
-0.00030 -100.00000 
 0.00000  0.00000 
-100.00000 -100.00000 
-0.02831 -1.08319 
-100.00000 -100.00000 
-0.45518 -0.00102 
 0.13744 -100.00000 
-100.00000 -0.14097 
-100.00000 -100.00000 
-0.00001  0.00012 
 0.00005  0.00004 
 0.17581 -0.08459 
 0.00000  0.00000 
-100.00000 -100.00000 
 0.00021 -0.00003 
 0.00000  0.00000 
 0.37852 -0.14024 
-0.00024 -100.00000 
-100.00000 -0.14140 
 0.00000  0.00000 
-0.00006 -0.00006 
-100.00000 -100.00000 
-0.27343  0.63843 
 0.00000  0.00000 
 0.00000  0.00000 
-0.14504  0.00003 
-100.00000 -100.00000 
 0.00000  0.00000 
 0.00012  0.00041 
-100.00000 -100.00000 
-0.04337  0.13232 
 0.00000  0.00000 
 0.13753 -0.14161 
 0.00002  0.00002 
 0.00000  0.00000 
-0.00101  0.00003 
-0.00026 -0.00007 
 0.00044 -100.00000 
-0.27632  0.00009 
-100.00000 -100.00000 
-0.79534  0.17628 
 0.00018 -0.14174 
 0.00000  0.00000 
-0.00000  0.13729 
 0.00000  0.00000 
-0.00008  0.00008 
-0.24562 -100.00000 
-0.24669 -0.01731 
 0.27075  0.30834 
 0.00027  0.00027 
-0.00005 -0.47823 
-0.04070  0.15187 
-100.00000 -100.00000 
-0.00012  0.00011 
-0.37187  0.15756 
-100.00000 -100.00000 
 0.00028  0.00002 
-100.00000 -100.00000 
 0.00000  0.00000 
-100.00000  0.00019 
 0.00004 -100.00000 
-0.00015 -100.00000 
-100.00000 -100.00000 
-100.00000 -0.00001 
-100.00000 -100.00000 
-1.32401  0.00011 
-0.11979 -0.00001 
-100.00000 -100.00000 
-0.37778 -0.49755 
-100.00000 -100.00000 
 0.00035 -100.00000 
 0.71300 -100.00000 
 0.13113  0.11591 
-0.34244  0.63620 
-0.13495 -0.10544 
 0.00014 -100.00000 
 0.86510 -0.54809 
 0.47024 -0.20004 
 0.00000  0.00000 
 0.55638 -0.20049 
 0.95259  0.32169 
-0.00004  0.00004 
-1.36104 -0.14289 
 0.27765  0.33506 
-0.00048 -100.00000 
-0.26796  0.24057 
-100.00000 -100.00000 
 0.00716  0.11806 
-0.00005  0.00001 
 0.62505  0.02663 
-100.00000 -100.00000 
 0.00003  0.00002 
-100.00000 -100.00000 
 0.00030 -100.00000 
 0.00012 -100.00000 
-0.11825  0.26277 
 0.24070 -0.02812 
-0.62173 -0.09520 
 0.00000  0.00000 
-0.00016  0.00001 
 0.00011 -100.00000 
 0.30556  0.08600 
-0.00011 -0.00021 
 0.00016  0.05175 
-100.00000 -100.00000 
 0.00005  0.00005 
-100.00000 -100.00000 
-100.00000 -100.00000 
-0.66789  0.46091 
 0.00005  0.00002 
 0.00024 -0.00003 
 0.13753 -100.00000 
-100.00000 -100.00000 
-100.00000 -100.00000 
-0.29048  0.68273 
-100.00000 -100.00000 
 0.02029  0.34894 
 0.21976  0.33664 
-100.00000 -100.00000 
 0.00006  0.00004 
 0.47688 -0.06038 
-0.00028 -0.00007 
-100.00000 -100.00000 
 0.32775 -0.47019 
-0.25824  0.26299 
-100.00000 -100.00000 
-100.00000  0.13743 
 0.00014 -0.00005 
 0.37755 -100.00000 
-100.00000 -100.00000 
 0.00009  0.00007 
 0.62221 -0.04182 
-0.40443  0.28069 
 0.21317 -100.00000 
-0.25816 -0.20017 
 0.18674  0.07042 
 0.00057  0.00063 
-0.00000  0.00020 
 0.09050 -0.20403 
 0.11387  0.00007 
-100.00000 -100.00000 
-0.09852  0.13741 
 0.58665  0.36132 
 0.39317  0.61790 
-0.00068 -100.00000 
 0.00000  0.00000 
-0.00004 -100.00000 
 0.00000  0.00000 
 0.26307 -0.17157 
 0.00008  0.00004 
-0.02395 -0.34792 
-0.00011  0.00002 
 0.00004 -0.00010 
 0.00011 -100.00000 
 0.26101 -100.00000 
-0.12878 -0.12242 
 0.23891  0.31669 
-100.00000 -100.00000 
-0.08835 -0.16720 
 0.00007  0.00003 
-100.00000 -100.00000 
-0.40448  0.77647 
 0.56494  0.07315 
 0.13131  0.13741 
 0.38994  0.22342 
-0.19280 -0.51726 
 0.00000  0.00000 
-0.55310 -100.00000 
 0.00018  0.00006 
-0.28381 -0.16841 
 0.32196 -0.39031 
-0.15643 -0.23401 
-1.15924 -0.00018 
 0.00007  0.00006 
 0.02275  0.36340 
 0.07692  0.01697 
 1.07975 -0.09044 
-0.22032 -0.00047 
 0.67837 -0.07560 
 0.26309  0.00001 
 2.85762  0.02853 
 0.90062  0.26844 
-0.04192 -0.37741 
 0.34466 -0.02117 
-100.00000 -100.00000 
-0.14425 -0.41389 
 0.00000  0.00000 
-100.00000  0.00001 
-0.00020  0.00032 
-0.00013 -0.12094 
 0.03575 -0.40996 
 0.13250  0.26270 
 0.01428 -0.24769 
 0.00000  0.00000 
-0.38740  0.03502 
 0.13750 -0.00008 
-0.29686 -0.00843 
-100.00000 -100.00000 
-0.12487 -100.00000 
-100.00000  0.00005 
-100.00000 -100.00000 
-0.00004  0.00007 
 0.00002 -0.00006 
 0.00013 -100.00000 
-0.00015  0.13733 
-100.00000 -100.00000 
-0.31694 -0.10879 
 0.00028  0.00017 
 0.00043 -0.29598 
 0.00005  0.13750 
-0.00007 -0.12207 
 0.67815  0.25644 
 0.00003  0.13740 
-100.00000 -100.00000 
-100.00000  0.00004 
 0.00000  0.00000 
-0.80431 -0.20118 
-100.00000 -100.00000 
 0.15788 -0.31020 
 0.37847  0.01610 
-0.41532 -0.41985 
-0.53675 -0.05808 
 0.13749  0.01560 
-0.00011 -0.00008 
-0.45803 -100.00000 
 0.00000  0.00000 
-0.00011 -0.12227 
-0.00005  0.00000 
-0.00011 -0.00003 
-0.45801 -0.00003 
-0.28388  0.25855 
-100.00000 -100.00000 
 0.00019 -0.09751 
-0.00019 -100.00000 
