-100.00000 -100.00000 
-0.33131 -0.34134 
 0.08660  0.38836 
-0.28541  1.24860 
-100.00000 -0.00032 
-100.00000 -100.00000 
-0.14145  0.00029 
-100.00000 -0.14068 
-0.09411  0.67089 
-100.00000  0.79238 
-0.56831  0.21493 
-0.50076 -0.43896 
-0.00743  0.20721 
 0.57178  0.27872 
 0.00021  0.13749 
-0.49826 -100.00000 
 0.19626  0.39987 
-100.00000 -100.00000 
-0.02901  0.78025 
-100.00000 -100.00000 
-0.59985  0.10030 
-100.00000 -100.00000 
-0.33686 -0.13660 
-100.00000 -0.13657 
-100.00000 -100.00000 
 0.30529  0.23270 
 0.35061  0.35377 
 0.63916 -0.20998 
 0.00000  0.00000 
 0.00004 -0.02097 
-100.00000  0.00017 
-0.10924 -0.47733 
-100.00000 -100.00000 
-100.00000 -100.00000 
-100.00000  0.13749 
-0.00010 -100.00000 
-0.91892 -0.20285 
 0.08670 -100.00000 
-100.00000 -100.00000 
 0.43160  0.16880 
-100.00000 -100.00000 
 0.16731 -0.01493 
-100.00000 -100.00000 
-100.00000 -0.00818 
-0.00375  0.13764 
 0.00000  0.00000 
-100.00000 -100.00000 
-0.89240  0.51818 
-100.00000 -100.00000 
 0.00003 -100.00000 
-100.00000 -100.00000 
-0.08260  0.66675 
 0.00000  0.00000 
-100.00000 -0.00001 
-0.08526  0.76705 
-0.62978 -0.36831 
-100.00000 -100.00000 
-100.00000 -100.00000 
 0.21913 -0.13936 
-0.14653  1.06019 
 0.37743  0.38497 
-0.24451 -0.96670 
-100.00000 -0.00018 
 0.00028 -0.00005 
 0.54284 -0.12061 
-0.26883 -0.47759 
-100.00000 -100.00000 
 0.21633  0.48507 
-0.12469  0.06310 
-0.13304  0.37869 
-0.11413 -1.46731 
 0.10795 -0.02100 
 0.06852  0.07592 
 0.10963 -0.37316 
-1.13644 -0.13354 
-0.00004 -100.00000 
-100.00000 -100.00000 
-100.00000 -100.00000 
 0.46377  0.25293 
-100.00000 -100.00000 
-0.21830 -0.41928 
 0.07834 -0.37737 
-0.00005 -0.14579 
-0.00335 -0.13269 
-100.00000 -100.00000 
 0.00000  0.00000 
-100.00000 -100.00000 
-0.00006  0.00030 
 0.11223  1.27393 
-0.35061 -0.74639 
-0.34889  0.69067 
 0.00000  0.00000 
-100.00000 -100.00000 
 0.00000  0.00000 
 0.00002 -0.14583 
-0.00008  0.48550 
-100.00000 -100.00000 
-100.00000 -100.00000 
 0.02885 -0.97055 
-0.40557 -0.20692 
 0.17750  0.01508 
 0.00000  0.00000 
-100.00000  0.13747 
-0.26117 -0.75085 
-100.00000 -0.00006 
 0.23250 -0.73803 
-100.00000 -0.27347 
-100.00000 -100.00000 
 0.24112 -0.25491 
-100.00000 -100.00000 
 0.48537  0.65248 
-100.00000 -100.00000 
-0.14945 -0.12660 
 0.00000 -0.27399 
 0.42648  1.62335 
-100.00000 -100.00000 
-100.00000 -100.00000 
-100.00000 -100.00000 
 0.45792 -0.32245 
-100.00000 -100.00000 
-100.00000  0.00018 
-0.31248 -0.12045 
 0.00000  0.00000 
 0.00000  0.00000 
-0.12731 -0.50303 
 0.00000  0.00000 
 0.00000  0.00000 
 1.37886  0.27346 
-100.00000 -0.13605 
 0.13763  0.00004 
 0.12911  1.15971 
-100.00000 -100.00000 
-100.00000 -100.00000 
-0.07472  0.59624 
-0.51492  0.58511 
 0.17323 -0.44956 
-0.05740  0.65265 
 0.00000  0.00000 
 0.00000  0.00000 
-100.00000  0.13761 
 0.04306  0.31549 
 0.19497  0.39472 
 0.43517 -0.00890 
 0.26288  0.66235 
 0.11300  0.42296 
-0.01257  0.51933 
-100.00000 -100.00000 
-0.09204 -0.24412 
 0.58710  1.11911 
 0.32129  1.27082 
 0.00000  0.00000 
 0.02826  0.00010 
 0.00000  0.00000 
 0.58459 -0.46176 
 0.50574 -0.41309 
-0.11700 -0.61152 
-0.67858 -0.78713 
 0.00000  0.00000 
 0.00000  0.00000 
 0.13064 -0.11257 
-100.00000 -0.00008 
-0.31570  0.11970 
 0.50730  0.53086 
 0.13413 -0.43280 
-100.00000  0.26299 
-100.00000 -100.00000 
-100.00000 -100.00000 
 0.68454  0.53497 
-0.01505  0.46202 
 0.12664  0.11255 
-0.58023 -0.95366 
-0.24418 -0.61728 
 0.00000  0.00000 
-100.00000  0.49228 
 0.24965  0.29430 
-0.10699  1.40702 
 0.21829  0.46537 
-0.15759  1.53242 
-0.91595 -0.32427 
 0.00000  0.00000 
-100.00000  0.13747 
-0.36142 -0.18438 
 0.04655  1.03282 
-0.64856 -0.31492 
-100.00000 -100.00000 
-0.53573  1.35638 
 0.00004 -0.00008 
 0.05378 -0.68149 
-100.00000 -100.00000 
-100.00000 -100.00000 
-100.00000 -100.00000 
-100.00000 -100.00000 
-100.00000 -100.00000 
 0.90612  0.84027 
-100.00000 -100.00000 
-100.00000 -100.00000 
-0.33541  0.00274 
 0.07614 -0.67053 
 0.00000  0.00000 
 0.00000  0.00000 
 0.00000  0.00000 
-0.30894 -0.91177 
-100.00000 -100.00000 
-100.00000 -100.00000 
 0.59467  0.51247 
 0.00000  0.00000 
-100.00000 -100.00000 
-100.00000  0.00000 
 0.00000  0.00000 
 0.68102  0.62120 
 0.12648  0.12928 
 0.17316  0.00463 
 0.36543  0.85529 
 0.25347 -0.70797 
-100.00000 -100.00000 
 0.00000  0.00000 
-100.00000 -100.00000 
 0.17809 -0.58452 
 0.00000  0.00000 
 0.00000  0.00000 
-0.22721 -0.55743 
-0.23177  0.37875 
 1.03743  0.30094 
 0.45118  0.05811 
-0.07220 -0.11315 
-0.04849  0.06113 
 0.51457 -0.91922 
-0.11947 -0.46482 
-0.14396  0.12390 
 0.72766 -0.08923 
-0.25157  0.14907 
-0.18109  0.55141 
-0.25875  0.00087 
 0.13578 -3.25088 
 1.10145 -1.20958 
-0.34664 -0.25276 
-0.31989  0.21680 
 0.37871  0.42175 
-100.00000  0.21158 
-0.00082  0.01639 
-100.00000 -100.00000 
-100.00000  0.13334 
-100.00000 -100.00000 
-0.02464 -0.30778 
-100.00000 -100.00000 
-100.00000  0.26379 
-100.00000 -100.00000 
-0.01525  1.00751 
 0.83946 -0.21373 
-100.00000 -100.00000 
-0.17613  0.65878 
 0.38971  0.54925 
 0.07395 -0.81582 
 0.76972  0.34962 
-1.10125 -0.03334 
-100.00000 -100.00000 
-0.60801  0.73388 
 0.74161 -0.41102 
-100.00000  0.00001 
 0.61548  0.10269 
-0.32982 -0.54589 
 0.39272  0.64222 
 0.25361 -0.16530 
-100.00000 -100.00000 
-100.00000 -100.00000 
 0.14689  0.34895 
-0.52181 -0.20276 
-0.54951  0.34443 
-100.00000 -100.00000 
 0.24286  0.38964 
 0.54524  0.49072 
 0.10038  0.95462 
-100.00000 -100.00000 
 0.00000  0.00000 
 0.37842  0.34882 
 0.69760  0.13135 
-0.28151  0.16389 
-0.32528  0.93529 
 0.00000  0.00000 
 0.29180 -0.11019 
 0.14247  0.10926 
-100.00000 -100.00000 
-0.19617  0.15716 
 0.00000  0.00000 
-0.16317  0.24004 
-0.51958 -0.21596 
 0.00000  0.00000 
-1.23770  0.16945 
 0.31482  1.35170 
 0.11253 -0.27696 
 0.00229  0.34041 
-0.55766 -0.29835 
-0.21537  0.08820 
-0.67258  0.26075 
 0.00217 -0.50911 
-100.00000 -100.00000 
-0.87858  0.22137 
-0.22225  0.33812 
-0.58765  0.24904 
-100.00000  0.00011 
-0.14912  1.49517 
-100.00000 -100.00000 
 0.01596 -0.06007 
 0.00000  0.00000 
-0.28786  0.29338 
 0.63024  0.00006 
-0.07751  0.98092 
-0.07329  0.23806 
-100.00000 -100.00000 
 0.00892 -0.15190 
-100.00000 -100.00000 
 0.29139 -0.23160 
 1.34861 -0.03328 
-0.27081  0.03483 
 0.64148  0.70697 
-100.00000 -100.00000 
-100.00000 -100.00000 
-0.06368  0.63808 
 0.26315  0.18734 
 0.21387  0.42264 
-0.57037  0.34018 
-100.00000 -100.00000 
-100.00000 -100.00000 
 0.54269 -0.13023 
 0.00000  0.00000 
-0.03284  0.39398 
 0.26309  0.48555 
-0.37246 -0.01839 
 0.37862 -0.12814 
-100.00000 -100.00000 
-100.00000 -100.00000 
 0.13747 -0.14386 
-100.00000  0.13746 
-100.00000 -100.00000 
-100.00000  0.13752 
-0.09434  0.24069 
-0.17707  0.01476 
 0.12870  0.21875 
 0.00000  0.00000 
 0.13747 -100.00000 
 0.00001 -0.00001 
-100.00000 -100.00000 
 0.02023 -0.25563 
-0.02896 -0.34524 
 0.92603  0.58511 
-0.56845  0.23771 
-0.18151  0.48926 
-0.13801 -0.44569 
-0.12121 -0.13959 
-0.59647  0.86946 
 0.21782 -0.12221 
 0.33449  0.01920 
-100.00000  0.37898 
-100.00000 -100.00000 
-100.00000 -100.00000 
-100.00000 -100.00000 
-100.00000  0.00002 
 0.94247 -0.03869 
-100.00000 -100.00000 
-100.00000 -100.00000 
-0.37292  0.00021 
-100.00000 -100.00000 
-100.00000 -100.00000 
-100.00000 -100.00000 
-0.13529 -100.00000 
-0.25182 -0.04310 
-0.00005 -0.00101 
-100.00000 -100.00000 
 0.93495 -0.14460 
 0.01792  0.13286 
-0.32974 -0.04474 
 0.28695 -0.04784 
-100.00000 -100.00000 
-100.00000  0.00009 
 0.00000  0.00000 
-0.55157 -0.41639 
-0.83702 -100.00000 
 0.26862  0.52291 
 0.00220  0.11757 
-100.00000 -100.00000 
-100.00000  0.01135 
-0.17552 -1.15141 
 0.00000  0.00000 
 0.58510  0.26299 
-0.10874 -0.00012 
 0.01305  1.59126 
 0.05397  0.12834 
 0.26290 -100.00000 
 0.78340  0.77578 
-0.67602  0.23179 
-100.00000  0.41999 
-0.30053 -0.30458 
-0.24348 -0.06906 
-100.00000 -0.00006 
-0.00002 -100.00000 
-0.21537  0.01156 
 0.00000  0.00000 
-100.00000 -100.00000 
-100.00000 -0.13480 
 0.15484  0.76622 
-100.00000 -100.00000 
-100.00000 -100.00000 
 0.25210 -0.74318 
 0.19747  0.62062 
-100.00000 -100.00000 
-0.38683  1.38388 
-1.10529 -0.32713 
-0.17153  0.33891 
 0.05374 -0.50016 
 0.34946 -1.22853 
-0.00009  0.00003 
-0.50146  0.86015 
 0.53380  0.08523 
 0.00418  0.75581 
 0.21459  1.07236 
 0.01878  0.01646 
-100.00000 -100.00000 
-100.00000 -100.00000 
 0.47648  0.28907 
-100.00000 -100.00000 
-0.39431 -100.00000 
 0.57275 -0.66409 
-0.38795  0.57728 
 0.15477  1.00307 
-100.00000 -100.00000 
-0.36521  0.76657 
 0.58705 -0.04120 
-100.00000  0.00062 
-100.00000 -100.00000 
-100.00000 -100.00000 
 0.03296 -0.58407 
-100.00000 -100.00000 
-100.00000 -100.00000 
-0.03670  0.37840 
-100.00000 -100.00000 
-0.20228 -100.00000 
-100.00000 -0.22999 
 0.28733  0.24778 
-100.00000 -100.00000 
-100.00000 -100.00000 
 0.37581  0.47621 
 0.03137  0.76630 
-100.00000 -100.00000 
-100.00000 -100.00000 
-100.00000 -100.00000 
-100.00000 -100.00000 
 0.10915  0.53454 
-100.00000 -1.05517 
 0.05374 -100.00000 
-100.00000 -0.37183 
 0.67839  0.32770 
 0.15457 -100.00000 
 0.12923 -1.84322 
-100.00000 -100.00000 
-100.00000 -100.00000 
 0.13711  0.25574 
-0.56947  0.33301 
-100.00000 -100.00000 
-100.00000 -100.00000 
 0.03276 -0.29235 
-100.00000 -100.00000 
-100.00000 -0.13475 
-0.07208 -0.37174 
-100.00000 -0.25835 
-100.00000 -100.00000 
-100.00000 -100.00000 
 0.00000  0.00000 
-0.17960 -0.24949 
 0.16701  0.50910 
 0.27016  0.10749 
-0.29332  0.05422 
 0.08649  0.42024 
 0.15474 -0.25816 
-100.00000 -100.00000 
-100.00000  0.00014 
-0.48295 -0.22937 
-100.00000 -0.54190 
 0.09216  0.29774 
-100.00000 -100.00000 
-100.00000  0.13754 
 0.22866  0.43810 
 0.01543 -100.00000 
 0.15525 -0.22038 
-100.00000 -0.45731 
-100.00000 -100.00000 
-0.66339  0.31991 
 0.14100  0.48557 
-0.33910  0.26537 
 0.50906 -0.20294 
 0.52387 -0.05617 
 0.35028  0.24976 
-100.00000 -100.00000 
-0.36322  0.15241 
 0.00000  0.00000 
-100.00000 -100.00000 
-0.12202 -100.00000 
-0.92499 -1.19211 
-0.00011  0.12239 
 0.27886 -0.47075 
 0.26308  0.00876 
-0.52682  0.74212 
-0.00007 -0.09307 
 0.22506  0.54206 
-0.72412  0.99072 
 0.01531  0.00007 
 0.00000  0.00000 
 0.37844  0.00038 
-0.28564 -0.55252 
 0.00000  0.00000 
 0.03506  2.07323 
 0.05527  0.04308 
-0.14584 -0.34358 
 0.44534  0.56646 
-0.84212  1.07027 
 0.16040  0.75181 
-100.00000 -100.00000 
 0.59026  0.20842 
-0.57869 -0.38468 
-100.00000 -100.00000 
-0.19430 -0.19470 
 0.33860  0.59750 
 0.35131  0.72002 
 0.00000  0.00000 
-0.51322 -0.09953 
 0.48530 -0.22807 
-0.04058 -0.00034 
 0.05347  0.14610 
 0.26299  0.05106 
 0.36619  0.26306 
 0.13764  0.13817 
 0.48526  0.60796 
 0.00004 -100.00000 
-0.33648  0.13533 
 0.00000  0.00000 
-0.09208 -0.31236 
-100.00000 -0.00015 
-100.00000 -0.12847 
 0.00000  0.00000 
 0.00000  0.00000 
 0.45806  0.42816 
-0.91270 -100.00000 
 0.14107 -0.00007 
 0.16553  0.61322 
-100.00000 -0.12852 
 0.00000  0.00000 
-100.00000 -100.00000 
-100.00000 -100.00000 
 0.13742  0.01624 
-0.17325 -100.00000 
 0.00000  0.00000 
 0.50743 -0.93426 
-100.00000 -0.00008 
-0.09720  0.02143 
-100.00000  0.63670 
 0.00000  0.00000 
-0.31309  0.04584 
-0.12206 -100.00000 
 0.00000  0.00000 
 0.23812  0.38906 
 0.48524 -100.00000 
-100.00000  0.58509 
-0.33917 -0.10948 
-100.00000 -100.00000 
-0.77095  0.00891 
-100.00000 -100.00000 
