-0.00001 -100.00000 
-0.71804 -0.19125 
-100.00000  0.26998 
-0.47277  1.03312 
-100.00000 -100.00000 
-100.00000 -100.00000 
-100.00000  0.43061 
-100.00000 -100.00000 
-100.00000 -100.00000 
-100.00000  0.26351 
-100.00000 -0.49550 
-100.00000 -100.00000 
-100.00000 -100.00000 
-100.00000 -100.00000 
-100.00000 -100.00000 
 0.02963 -0.45758 
-100.00000 -100.00000 
-0.10970  0.53957 
-100.00000  0.00023 
-100.00000 -100.00000 
-100.00000 -100.00000 
-100.00000 -0.00006 
-100.00000 -100.00000 
-0.00758  0.26307 
 0.34971 -0.20649 
-100.00000 -100.00000 
 0.00000  0.00000 
 0.00000  0.00000 
-0.27031 -100.00000 
 0.39162  0.51484 
 0.19711 -0.32026 
-100.00000 -0.35460 
-100.00000 -100.00000 
-0.08882  0.13102 
-100.00000 -100.00000 
-100.00000 -100.00000 
-100.00000 -100.00000 
-100.00000 -100.00000 
-0.35516 -0.23094 
 0.00000  0.00000 
-100.00000 -100.00000 
-100.00000 -100.00000 
-100.00000 -100.00000 
-100.00000 -100.00000 
 0.34417  0.48548 
-100.00000 -100.00000 
 0.00014 -100.00000 
 0.00000  0.00000 
-100.00000 -100.00000 
-100.00000 -100.00000 
-100.00000 -100.00000 
-0.20764  0.20163 
-0.18492 -0.06826 
-100.00000 -0.15454 
 0.00000  0.00000 
-100.00000 -100.00000 
-0.00743  0.00284 
-100.00000  0.13758 
-100.00000 -100.00000 
-0.76051  0.45620 
 0.00018  0.00008 
-0.07297  0.10246 
-100.00000 -100.00000 
-100.00000 -100.00000 
-100.00000  0.00326 
-100.00000 -100.00000 
-100.00000 -100.00000 
-0.00033 -100.00000 
-100.00000 -100.00000 
 0.67796 -100.00000 
 0.05723 -0.19129 
-100.00000 -100.00000 
 0.00000  0.00000 
-0.14070  0.37831 
-0.23236 -0.26296 
-100.00000 -100.00000 
-100.00000 -100.00000 
-100.00000 -100.00000 
-100.00000 -100.00000 
-100.00000 -100.00000 
 0.00000  0.00000 
-100.00000 -100.00000 
-0.00005 -0.01818 
-100.00000 -100.00000 
-0.61861 -0.08037 
-0.21895  0.34487 
-100.00000 -100.00000 
 0.37845 -100.00000 
 0.91986 -0.43042 
 0.05278 -0.71039 
-0.53412 -100.00000 
-0.00409 -100.00000 
-100.00000 -100.00000 
-100.00000 -100.00000 
 0.12149 -0.12383 
-0.24456  0.13758 
-100.00000 -100.00000 
-100.00000 -100.00000 
-1.01112  0.37834 
 0.32532 -0.00001 
 0.00000  0.00000 
-1.01156 -100.00000 
-100.00000 -0.24771 
 0.00000  0.00000 
-100.00000 -100.00000 
-100.00000 -100.00000 
-100.00000 -100.00000 
-100.00000  0.13771 
-100.00000 -100.00000 
-100.00000 -100.00000 
 0.19764  0.06510 
-100.00000 -100.00000 
 0.04624  0.53503 
-1.08988  0.14097 
-0.35184 -100.00000 
-100.00000 -100.00000 
-100.00000 -100.00000 
-100.00000 -100.00000 
-100.00000 -100.00000 
-100.00000 -100.00000 
-100.00000 -100.00000 
-100.00000 -100.00000 
 0.70658 -0.18765 
-100.00000 -100.00000 
-100.00000 -100.00000 
 0.01872 -0.62404 
-100.00000 -100.00000 
-100.00000 -100.00000 
-100.00000 -100.00000 
-100.00000 -100.00000 
-100.00000 -100.00000 
-100.00000 -100.00000 
-100.00000 -100.00000 
-100.00000 -100.00000 
-0.67964  0.05131 
 0.13941  0.21893 
-1.26462 -100.00000 
-1.32120  0.86191 
 0.13526 -0.55183 
-100.00000 -100.00000 
-100.00000 -100.00000 
 0.00000  0.00000 
 0.13119 -0.24343 
-100.00000 -100.00000 
-100.00000 -0.19215 
 0.00000  0.00000 
-100.00000 -100.00000 
-100.00000 -100.00000 
-100.00000 -100.00000 
-100.00000 -100.00000 
-100.00000 -100.00000 
-100.00000 -100.00000 
-0.37944 -0.48910 
 0.44042  0.91093 
-100.00000 -0.28210 
 0.26328 -100.00000 
 0.81016  0.75375 
-0.08905  0.04260 
 0.32809  0.69322 
-100.00000 -100.00000 
-0.40972 -100.00000 
 0.01010  0.06297 
 0.00000  0.00000 
-100.00000 -100.00000 
-100.00000 -100.00000 
-100.00000 -100.00000 
-100.00000 -100.00000 
-100.00000 -100.00000 
-0.09556  0.19932 
-0.19666  0.53824 
 0.16774 -0.26077 
 0.20493 -0.32143 
 0.21539 -0.09481 
-0.00012  0.37855 
 0.11980  0.11362 
 1.07744 -0.17599 
-0.12716 -100.00000 
 0.74266  0.01513 
 0.00000  0.00000 
 0.04223 -0.08050 
-0.24436 -0.41768 
-100.00000  0.63677 
 0.00000  0.00000 
 0.00000  0.00000 
-0.02378  0.04680 
-0.63580 -0.00001 
-0.43035  0.21937 
-100.00000 -100.00000 
-100.00000 -100.00000 
-100.00000 -100.00000 
-100.00000 -100.00000 
-100.00000 -100.00000 
-100.00000 -100.00000 
-100.00000 -100.00000 
-100.00000 -100.00000 
-0.33518 -0.52100 
-0.43404 -0.49775 
-100.00000 -100.00000 
 0.13743 -100.00000 
 0.04501  0.04493 
 0.17183 -0.06405 
 0.14137 -0.49931 
-100.00000 -100.00000 
-100.00000 -100.00000 
 0.21446 -0.17914 
-0.63787  0.45485 
-100.00000 -100.00000 
-100.00000 -100.00000 
-0.26950  0.26417 
 0.00000  0.00000 
-0.33447 -0.47493 
 0.00000  0.00000 
-0.00021  0.00016 
 0.13770 -100.00000 
-100.00000 -100.00000 
-100.00000 -100.00000 
-100.00000 -100.00000 
-100.00000 -100.00000 
-100.00000 -0.21463 
 0.15379  0.06198 
 0.00000  0.00000 
 0.00013  0.15144 
 0.00000  0.00000 
 0.25820  0.00020 
-100.00000 -100.00000 
-100.00000 -100.00000 
-0.07188 -0.36428 
-100.00000 -100.00000 
-100.00000 -100.00000 
 0.00005  0.00032 
-0.25993  0.07188 
-0.11125  0.03649 
-100.00000 -100.00000 
-100.00000 -100.00000 
 0.86856  0.28399 
-0.09298 -0.27420 
 0.70653 -0.23251 
-0.22352 -0.35557 
-0.15325 -100.00000 
-0.23718  0.67969 
-100.00000 -100.00000 
-100.00000 -100.00000 
-100.00000 -100.00000 
 0.00000  0.00000 
-100.00000  0.04271 
 0.14660 -0.05274 
-100.00000 -100.00000 
 0.14395 -0.55300 
-100.00000 -100.00000 
-100.00000 -100.00000 
 0.68139 -0.37307 
-100.00000 -0.27648 
-0.09316 -0.09935 
-0.07988 -0.19060 
 0.26272 -0.42260 
-100.00000 -100.00000 
-0.33501 -100.00000 
-100.00000 -100.00000 
-100.00000 -100.00000 
-100.00000 -100.00000 
-0.19789  0.16376 
-100.00000 -100.00000 
 0.00000  0.00000 
-100.00000 -100.00000 
-100.00000 -100.00000 
-100.00000 -100.00000 
-100.00000 -100.00000 
-100.00000 -100.00000 
-100.00000 -100.00000 
-100.00000 -100.00000 
-100.00000 -100.00000 
-100.00000 -100.00000 
-100.00000 -100.00000 
-0.24287  0.38793 
-100.00000 -100.00000 
-0.90341  0.33564 
-0.16958 -0.00060 
 0.46498  0.13747 
-100.00000  0.07413 
-100.00000  0.00007 
-0.23188  0.26701 
 0.01704 -100.00000 
 0.03069  0.04897 
-100.00000 -100.00000 
 0.00000  0.00000 
-0.13553 -0.02318 
-100.00000 -100.00000 
-100.00000 -100.00000 
-0.17060  0.17788 
-100.00000 -0.32948 
-100.00000 -100.00000 
 0.00000  0.00000 
-100.00000 -100.00000 
-0.33936 -0.16662 
-100.00000  0.44306 
-100.00000 -100.00000 
-100.00000 -100.00000 
-100.00000 -100.00000 
 0.62342 -0.06370 
-100.00000 -100.00000 
-100.00000 -100.00000 
-100.00000 -100.00000 
 0.00000  0.00000 
-0.20145  0.16320 
 0.00000  0.00000 
-100.00000 -100.00000 
-100.00000 -100.00000 
-100.00000 -100.00000 
-100.00000 -100.00000 
 0.00000  0.00000 
-100.00000 -100.00000 
-0.44649  0.15236 
-100.00000 -100.00000 
 0.63040 -0.00018 
-100.00000 -100.00000 
-100.00000 -100.00000 
-100.00000 -0.00007 
-100.00000  0.37679 
-100.00000 -100.00000 
-100.00000 -100.00000 
-0.09994 -0.13283 
 0.00228  0.12124 
-100.00000 -100.00000 
-100.00000 -100.00000 
-0.39439  0.24086 
-0.22972  0.21178 
 0.08604 -1.01966 
-100.00000 -100.00000 
-100.00000 -100.00000 
-100.00000 -100.00000 
-100.00000 -100.00000 
-100.00000 -100.00000 
-100.00000 -100.00000 
-100.00000 -100.00000 
-100.00000 -100.00000 
 0.00000  0.00000 
-0.85135 -0.04231 
-100.00000 -100.00000 
-100.00000 -100.00000 
-100.00000 -100.00000 
-100.00000 -100.00000 
-0.00013  0.13754 
-100.00000 -100.00000 
-100.00000 -100.00000 
-100.00000 -100.00000 
-100.00000 -100.00000 
-100.00000 -100.00000 
-100.00000 -100.00000 
-100.00000 -0.00016 
-100.00000 -100.00000 
-100.00000 -100.00000 
-100.00000 -100.00000 
-0.10981 -0.00423 
-100.00000 -100.00000 
-100.00000 -100.00000 
-100.00000 -100.00000 
-100.00000 -100.00000 
-0.29043  0.16563 
-100.00000 -100.00000 
-100.00000 -100.00000 
 0.00002 -100.00000 
-0.40057  0.13232 
-100.00000 -100.00000 
-100.00000 -100.00000 
-100.00000  0.13752 
-100.00000 -100.00000 
-100.00000 -100.00000 
 0.12782  0.13743 
 0.34998  0.13762 
 0.12759 -100.00000 
 0.00000  0.00000 
-100.00000 -100.00000 
-100.00000 -100.00000 
-100.00000 -100.00000 
-100.00000 -100.00000 
-100.00000 -100.00000 
-0.13528  0.26311 
-100.00000 -100.00000 
-100.00000 -100.00000 
-0.54753  0.08337 
-100.00000 -100.00000 
-100.00000  0.03178 
-0.10129  0.15187 
-100.00000 -100.00000 
-100.00000 -100.00000 
 0.00000  0.00000 
-100.00000 -100.00000 
 0.16897 -0.38295 
 0.00000  0.00000 
-100.00000 -100.00000 
-100.00000  0.03198 
 0.19267 -0.12078 
 0.00000  0.00000 
 0.00428 -0.07792 
-100.00000 -100.00000 
 0.00000  0.00000 
-0.56984 -0.46551 
-100.00000 -100.00000 
-100.00000 -100.00000 
-100.00000 -100.00000 
 0.20341  0.38247 
-100.00000 -100.00000 
 0.00000  0.00000 
 0.15793 -0.51908 
-100.00000 -100.00000 
-100.00000 -100.00000 
 0.45571 -100.00000 
-100.00000 -100.00000 
-100.00000 -100.00000 
-100.00000 -100.00000 
-0.40931 -0.48955 
-100.00000 -100.00000 
-100.00000 -100.00000 
 0.00000  0.00000 
 0.00000  0.00000 
-100.00000 -100.00000 
-100.00000 -100.00000 
-0.12932  0.08165 
-100.00000 -100.00000 
-100.00000 -100.00000 
-100.00000 -100.00000 
 0.00000  0.00000 
-100.00000 -100.00000 
 0.00000  0.00000 
-0.41537  0.38126 
-100.00000 -0.39754 
-100.00000 -100.00000 
 0.17028 -0.16024 
-0.20538 -0.15660 
-100.00000 -100.00000 
-100.00000 -100.00000 
-100.00000 -100.00000 
-0.15564 -0.33233 
-100.00000  0.28368 
-100.00000 -100.00000 
-100.00000 -100.00000 
-100.00000 -100.00000 
 0.00000  0.00000 
-100.00000 -100.00000 
-100.00000 -100.00000 
-100.00000 -100.00000 
-100.00000 -100.00000 
-100.00000 -100.00000 
-100.00000 -100.00000 
-100.00000 -100.00000 
-100.00000 -100.00000 
 0.00000  0.00000 
-100.00000 -100.00000 
-100.00000 -100.00000 
-0.10843 -0.32716 
-100.00000 -100.00000 
-0.57116  0.03671 
-100.00000 -100.00000 
-0.38802 -0.61106 
-0.57550 -0.17283 
-100.00000 -100.00000 
 0.00000  0.00000 
-100.00000 -100.00000 
 1.32471  0.17435 
 0.00000  0.00000 
-100.00000 -100.00000 
-100.00000 -0.10570 
-100.00000 -0.10576 
 0.37558 -0.00548 
-100.00000 -100.00000 
-0.49164 -0.15895 
-0.52477  0.00689 
-100.00000 -100.00000 
-100.00000 -100.00000 
 0.24556 -100.00000 
 0.00000  0.00000 
 0.00000  0.00000 
-100.00000 -100.00000 
-0.63317 -0.86348 
-100.00000 -100.00000 
-0.09277 -0.36531 
-100.00000 -100.00000 
 0.00000  0.00000 
-100.00000 -100.00000 
-100.00000 -100.00000 
-100.00000 -100.00000 
-100.00000 -0.00028 
-100.00000 -100.00000 
-100.00000  0.25667 
 0.24599  0.24611 
 0.23208  0.23160 
-100.00000 -100.00000 
-0.50275 -0.01613 
 0.00000  0.00000 
-100.00000 -0.00002 
-100.00000 -100.00000 
-100.00000 -100.00000 
-0.14779 -0.31403 
 0.01959 -0.80144 
-100.00000 -100.00000 
-100.00000 -100.00000 
 0.00000  0.00000 
-100.00000 -100.00000 
-0.49425 -0.20645 
-0.12210 -100.00000 
 1.05701 -0.01466 
-100.00000  0.01541 
 0.56407 -100.00000 
 0.42657  0.42629 
-100.00000 -0.43656 
-100.00000 -100.00000 
-0.00007 -100.00000 
-100.00000 -100.00000 
-100.00000 -100.00000 
-0.38976  0.44375 
-100.00000 -100.00000 
 0.00000  0.00000 
-100.00000 -0.11489 
-0.00012 -100.00000 
-0.42146 -0.48315 
-100.00000 -100.00000 
-0.17406  0.48181 
-100.00000 -100.00000 
-100.00000 -100.00000 
-0.09642  0.64770 
-100.00000 -100.00000 
-0.55557 -0.28127 
 0.25059  0.26270 
-100.00000 -100.00000 
-0.11586 -100.00000 
-100.00000 -100.00000 
-0.00056 -100.00000 
-100.00000 -100.00000 
-0.28983  0.13752 
-100.00000 -100.00000 
-100.00000 -100.00000 
-0.12284 -100.00000 
-0.29565  0.15069 
-100.00000 -100.00000 
-100.00000 -0.31790 
-100.00000 -100.00000 
-100.00000 -100.00000 
 0.20671 -0.54547 
-100.00000 -100.00000 
-100.00000 -100.00000 
-100.00000 -100.00000 
-100.00000 -100.00000 
-100.00000 -100.00000 
-100.00000 -100.00000 
-100.00000 -100.00000 
-100.00000 -100.00000 
-100.00000 -100.00000 
-100.00000 -100.00000 
-0.09706 -0.23464 
 0.47102  0.22936 
-100.00000 -100.00000 
-100.00000 -100.00000 
-100.00000 -100.00000 
-100.00000 -100.00000 
-0.43587 -100.00000 
 0.00000  0.00000 
-0.12206 -100.00000 
-100.00000  0.00000 
-100.00000 -100.00000 
-100.00000 -100.00000 
-100.00000 -100.00000 
-100.00000 -100.00000 
-100.00000 -100.00000 
-100.00000 -100.00000 
-100.00000  0.00006 
