 0.22102 -0.35567 
 0.43397  0.14293 
 0.26959  0.05687 
-0.17162  0.42622 
 0.01304 -100.00000 
 0.55390 -0.00003 
 0.48544  0.00012 
-100.00000  0.00008 
 0.00002 -100.00000 
-0.12435 -0.49985 
 0.01772  0.26381 
-0.44300 -100.00000 
 0.09136  0.26303 
-0.33842  0.07492 
 0.00000  0.00000 
-100.00000 -100.00000 
 0.30698  0.02736 
-100.00000 -100.00000 
 0.00000  0.00000 
 0.07733 -0.07673 
-100.00000 -100.00000 
 0.01374 -0.14923 
-100.00000 -100.00000 
-0.12443 -100.00000 
 0.13747 -100.00000 
-0.41941 -0.10598 
-100.00000 -0.05041 
-100.00000 -100.00000 
-0.10409  0.29617 
 0.00000  0.00000 
 0.02518 -100.00000 
 0.00000  0.00000 
-100.00000 -100.00000 
-100.00000 -100.00000 
 0.00000  0.00000 
 0.20109  0.11194 
-0.32040 -0.04519 
-100.00000 -100.00000 
-0.07632 -0.06532 
-0.06469 -100.00000 
-100.00000 -100.00000 
 0.29381  0.11020 
-100.00000 -100.00000 
 0.00000  0.00000 
-100.00000 -100.00000 
-100.00000 -0.15777 
-0.53073 -100.00000 
-0.45961  0.15809 
-100.00000 -100.00000 
-100.00000 -100.00000 
-0.24185 -0.01392 
 0.37855 -0.00001 
-0.42973 -100.00000 
-100.00000 -0.36141 
-100.00000 -100.00000 
-0.12111 -0.17041 
-0.07870 -100.00000 
-0.14401 -100.00000 
-100.00000 -100.00000 
 0.27848  0.14256 
-100.00000 -100.00000 
-100.00000 -0.02791 
-100.00000 -100.00000 
 0.07723  0.45422 
 0.28358  0.22481 
 0.25505 -0.03564 
-100.00000 -100.00000 
 0.39015 -100.00000 
-100.00000 -100.00000 
 0.24708 -100.00000 
-0.21905  0.22657 
-100.00000 -100.00000 
 0.14311 -0.33099 
 0.25848  0.83276 
 0.00000  0.00000 
-100.00000 -100.00000 
-100.00000 -100.00000 
-100.00000 -100.00000 
-100.00000 -100.00000 
-100.00000  0.00011 
 0.22979  0.11123 
 0.01326  0.33404 
-0.00016 -0.91616 
-100.00000 -100.00000 
-100.00000 -100.00000 
-0.03979  0.43373 
 0.48547 -100.00000 
 0.25411 -100.00000 
-0.23917 -0.55164 
 0.15136 -0.09645 
 0.18899  0.35245 
 0.14325 -0.05748 
-100.00000 -100.00000 
 0.02438 -100.00000 
-100.00000 -100.00000 
-0.00527  0.12995 
-100.00000 -100.00000 
-100.00000 -100.00000 
 0.00000  0.00000 
 0.15340 -0.05602 
 0.52745 -0.32302 
 0.12481 -100.00000 
 0.49927  0.28445 
-0.06405  0.32371 
-100.00000 -100.00000 
 0.65458 -0.24884 
-100.00000 -100.00000 
-100.00000 -100.00000 
-100.00000  0.07883 
-100.00000 -100.00000 
 0.33439 -0.49203 
-100.00000 -100.00000 
 0.52545  0.12911 
-100.00000 -100.00000 
 0.04489 -100.00000 
-100.00000 -100.00000 
-100.00000 -100.00000 
-100.00000 -100.00000 
 0.13927 -100.00000 
-100.00000 -100.00000 
-100.00000 -100.00000 
-100.00000 -100.00000 
-0.36809 -100.00000 
-0.13441 -100.00000 
-0.74392  0.13663 
 0.31284 -0.11395 
-0.03574 -0.09236 
-100.00000 -100.00000 
-100.00000 -100.00000 
 0.00006  0.00008 
-100.00000 -100.00000 
-100.00000 -100.00000 
 0.48426  0.49151 
-100.00000 -100.00000 
 0.14128 -0.50675 
 0.23998  0.15672 
 0.04366 -0.03919 
 0.36232  0.50550 
-0.06427  0.06477 
-100.00000 -100.00000 
-0.15074  0.11191 
-0.15519  0.37854 
-0.33592  0.07638 
 0.00000  0.00000 
 0.16245 -100.00000 
-100.00000 -0.09393 
-100.00000 -100.00000 
 0.19276  0.18040 
 0.00000  0.00000 
 0.10657  0.00076 
-100.00000  0.37847 
-100.00000 -100.00000 
 0.30974  0.65419 
 0.06058  0.54158 
 0.25484 -0.02400 
-100.00000 -100.00000 
-0.60446 -1.04138 
 0.67848 -100.00000 
 0.05325 -0.33602 
-100.00000 -100.00000 
-100.00000 -100.00000 
-100.00000 -100.00000 
-0.40063 -100.00000 
-100.00000 -100.00000 
-100.00000 -100.00000 
-100.00000 -100.00000 
-100.00000 -100.00000 
 0.00000  0.00000 
 0.37329 -0.32535 
 0.48499 -0.22331 
 0.12102  0.23107 
-0.29448  0.12139 
 0.02644  0.07248 
-100.00000 -100.00000 
 0.09787 -0.25388 
-0.33737  0.03795 
-0.31993  0.11509 
 0.00000  0.00000 
 0.26126 -0.03142 
-0.21272  0.23494 
-100.00000 -100.00000 
-0.26255  0.23481 
-0.34364  0.13750 
 0.20031 -0.01931 
-0.17877  0.18917 
-0.35751 -0.05147 
 0.14598  0.04623 
-0.23753 -0.18898 
-100.00000  0.00015 
-100.00000 -100.00000 
-100.00000 -100.00000 
 0.00002 -0.00005 
-100.00000 -100.00000 
-100.00000 -100.00000 
-100.00000 -100.00000 
-100.00000 -100.00000 
-100.00000 -100.00000 
 0.37849 -100.00000 
 0.48542 -100.00000 
 0.00001 -0.46532 
 0.06050  0.13742 
-100.00000 -100.00000 
-100.00000 -100.00000 
-100.00000 -100.00000 
-100.00000  0.12813 
 0.44754 -0.33088 
-100.00000 -100.00000 
-100.00000 -100.00000 
-0.52627  0.29970 
 0.17320  0.06739 
-0.64878 -0.36238 
-0.07409 -0.43559 
-0.13077 -0.27001 
-0.05517 -100.00000 
 0.00005 -100.00000 
 0.25694  0.38515 
-100.00000 -100.00000 
 0.04425 -0.06506 
 0.05192  0.58495 
 0.37471 -0.86446 
 0.27491 -0.10245 
-0.12134 -100.00000 
-0.09530  0.13822 
 0.02615  0.12737 
-100.00000 -100.00000 
-0.02627 -0.25180 
 0.00000  0.00000 
 0.25484 -0.21457 
-0.03950  0.45760 
-0.38966 -0.04913 
-0.01711 -0.29981 
-0.16161 -0.31375 
-100.00000 -100.00000 
 0.49399  0.25364 
-0.63161  0.05296 
-0.06918 -0.25797 
 0.25861  0.84806 
-100.00000  0.35994 
 0.35658 -0.00013 
-0.37932 -0.16103 
-100.00000 -100.00000 
-100.00000 -100.00000 
 0.22360  0.27565 
-100.00000 -100.00000 
-100.00000 -100.00000 
-0.00005 -100.00000 
-100.00000 -100.00000 
 0.00000  0.00000 
-100.00000 -100.00000 
-100.00000 -100.00000 
-0.34519  0.44641 
-0.06948 -0.10329 
-100.00000 -100.00000 
-100.00000 -100.00000 
 0.00000  0.00000 
 0.11774  0.61727 
 0.13133  0.00781 
-100.00000 -100.00000 
-100.00000  0.23446 
-0.59084  0.29062 
 0.00000  0.00000 
-100.00000 -100.00000 
-100.00000 -100.00000 
-100.00000 -100.00000 
 0.14863 -0.08506 
 0.47477 -0.47751 
 0.25725  0.13752 
 0.03001 -100.00000 
-100.00000 -100.00000 
-0.24856  0.04520 
-100.00000 -100.00000 
-0.47941 -0.00128 
-100.00000 -100.00000 
 0.72446 -0.09615 
-100.00000  0.26327 
 0.05150  0.23432 
 0.20866 -0.12813 
 0.23477  0.02251 
-100.00000  0.01372 
 0.25735 -100.00000 
-0.17751  0.23120 
-0.04438  0.99194 
 0.00000  0.00000 
 0.27654  0.09388 
-0.31809  0.23167 
 0.13150 -0.33834 
-0.35070  0.27577 
 0.02933  0.20384 
 0.38430 -0.09734 
 0.26329 -0.11813 
-100.00000 -100.00000 
-0.79821 -0.48897 
 0.00000  0.00000 
-0.23658  0.28159 
-100.00000 -100.00000 
-100.00000 -100.00000 
 0.00000  0.00000 
 0.14595  0.11302 
-0.92345  0.28500 
-100.00000 -100.00000 
 0.61806 -0.77268 
-0.28559  0.14090 
-0.37704  0.15324 
-100.00000 -0.13870 
 0.01545 -0.49237 
 0.01517 -100.00000 
 0.58501  0.08994 
-100.00000 -100.00000 
-100.00000 -100.00000 
-100.00000 -0.11765 
-0.60169  0.45363 
 0.12615  0.37859 
-0.09751  0.26310 
-0.09741 -100.00000 
 0.00000  0.00000 
-0.21860  0.69504 
-100.00000 -0.00000 
-0.64888 -0.10151 
-100.00000 -100.00000 
 0.04848 -0.11093 
-0.60508 -0.17033 
-100.00000 -100.00000 
-0.00001  0.00003 
-0.29929 -0.00356 
-100.00000 -100.00000 
 0.00000  0.00000 
-0.00007  0.21923 
-100.00000 -100.00000 
-0.04057 -0.13750 
 0.44322  0.19706 
-100.00000 -100.00000 
 0.00000  0.00000 
 0.00010 -0.01345 
-100.00000 -100.00000 
-100.00000 -100.00000 
-100.00000 -0.33370 
-0.13957  0.60327 
 0.36804  0.13764 
 0.67494  0.29616 
-0.04369 -0.13400 
-100.00000 -100.00000 
-100.00000 -100.00000 
-100.00000  0.10482 
-100.00000 -100.00000 
-100.00000 -100.00000 
-100.00000 -100.00000 
-100.00000 -100.00000 
 0.22667 -0.25159 
-0.25548  0.35937 
-0.14540 -0.36867 
-100.00000 -100.00000 
-100.00000 -100.00000 
 0.06383 -0.47510 
-100.00000 -100.00000 
-100.00000 -100.00000 
-100.00000 -100.00000 
-100.00000 -100.00000 
 0.00000  0.00000 
-0.00015 -100.00000 
 0.15148 -0.00273 
-0.04469  0.06889 
-100.00000 -100.00000 
-100.00000 -100.00000 
-100.00000 -100.00000 
-100.00000 -100.00000 
-100.00000 -100.00000 
-100.00000 -100.00000 
-100.00000 -100.00000 
 0.07007 -100.00000 
-0.18737 -100.00000 
 0.14071  0.09647 
-100.00000 -100.00000 
-100.00000 -100.00000 
-100.00000 -100.00000 
-0.36150  0.20412 
-100.00000 -0.00239 
-100.00000 -100.00000 
 0.22230 -0.11502 
 0.23384 -0.00626 
-100.00000 -100.00000 
-100.00000 -100.00000 
-0.06574  0.14387 
-0.40155 -100.00000 
 0.00000  0.00000 
-100.00000 -100.00000 
 0.20071 -0.21754 
 0.26870 -0.77888 
 0.36312  0.05022 
 0.26600  0.23149 
 0.10325  0.50010 
 0.26445 -0.43824 
 0.00000  0.00000 
-0.24116  0.89097 
-100.00000  0.37840 
-100.00000 -100.00000 
 0.18658  0.13755 
 0.36323  0.13759 
-100.00000 -100.00000 
 0.37044 -0.74374 
 0.36346 -0.00009 
-0.03388 -0.16176 
-100.00000  0.58512 
-0.60866 -100.00000 
 0.00000  0.00000 
-100.00000 -100.00000 
-100.00000 -100.00000 
 0.00000  0.00000 
 0.09041  0.20874 
 0.88522 -1.31889 
-100.00000 -100.00000 
-0.27647  0.58508 
-0.21919  0.40385 
-100.00000 -100.00000 
 0.20177 -100.00000 
-0.34977  0.92575 
-100.00000 -100.00000 
-100.00000 -100.00000 
-100.00000  0.00009 
-100.00000 -100.00000 
 0.05783 -0.27275 
-100.00000 -100.00000 
 0.15712  0.13761 
-100.00000 -100.00000 
 0.26298  0.26281 
 0.37098 -100.00000 
-100.00000 -100.00000 
-100.00000 -100.00000 
-100.00000 -100.00000 
-100.00000 -100.00000 
-100.00000 -100.00000 
-100.00000 -100.00000 
-0.20861 -100.00000 
-100.00000 -100.00000 
-0.53241  0.32816 
-100.00000 -100.00000 
 0.00000  0.00000 
-100.00000 -100.00000 
 0.14883 -100.00000 
-0.09076 -0.53049 
-100.00000 -100.00000 
 0.37057 -100.00000 
-100.00000 -100.00000 
-100.00000 -100.00000 
-100.00000 -100.00000 
-100.00000 -100.00000 
-100.00000 -100.00000 
-0.00002 -0.39580 
-100.00000 -100.00000 
-100.00000 -100.00000 
 0.00000  0.00000 
-100.00000 -100.00000 
-100.00000 -100.00000 
-100.00000 -100.00000 
-100.00000 -100.00000 
-100.00000 -100.00000 
 0.32556  0.26326 
-0.08399  0.58499 
-100.00000 -100.00000 
-0.66782 -0.92385 
 0.26462  0.67806 
-100.00000 -100.00000 
-100.00000 -100.00000 
-100.00000  0.37874 
-0.28784 -100.00000 
 0.26411 -100.00000 
-0.08440 -100.00000 
 0.31212  0.00003 
 0.47187  0.07587 
-100.00000 -100.00000 
 0.81675 -0.66085 
 0.17661  0.05084 
-0.32091 -100.00000 
 0.22891  0.62091 
 0.14786  0.11468 
-100.00000  0.00000 
 0.04426  0.11142 
-100.00000 -100.00000 
 0.14047 -0.51794 
-100.00000 -100.00000 
-100.00000 -100.00000 
-100.00000 -100.00000 
 0.00004 -0.00023 
-100.00000 -100.00000 
-100.00000 -100.00000 
-100.00000 -100.00000 
 0.26290 -0.50562 
-100.00000 -100.00000 
-100.00000 -100.00000 
 0.01322  0.13736 
 0.58178 -0.09264 
-100.00000 -100.00000 
-0.06410  0.33543 
-0.00017 -0.50546 
 0.76130  0.13754 
-100.00000 -100.00000 
-100.00000 -0.00021 
 0.33779 -0.18113 
-100.00000 -100.00000 
 0.00000  0.00000 
-100.00000 -100.00000 
-100.00000 -100.00000 
-100.00000 -100.00000 
-0.15984 -0.40667 
 0.64134 -0.38640 
-100.00000 -100.00000 
-0.47736  0.04129 
-0.23868  0.13754 
 0.26288 -100.00000 
 0.21467 -0.02240 
 0.21813 -0.06078 
-0.00007 -0.09565 
-0.10135 -0.62272 
 0.24229 -0.42075 
-100.00000 -100.00000 
-0.02601  0.04304 
 0.64139 -0.28553 
-0.34472 -0.06105 
 0.10887  0.03885 
-100.00000 -0.20922 
-0.27040 -0.05320 
 0.24681 -100.00000 
-100.00000 -0.09706 
 0.13746  0.31601 
-0.31411 -0.20489 
-100.00000 -100.00000 
-100.00000  0.00037 
-0.11987 -0.45591 
-100.00000  0.00062 
-0.23716  0.24423 
-100.00000 -100.00000 
-0.69680 -0.18476 
 0.08683  0.27995 
-0.00014 -100.00000 
 0.24770 -0.07760 
 0.00000  0.00000 
-100.00000 -0.07365 
-0.21920  0.11820 
-100.00000  0.09899 
 0.55421  0.37854 
 0.32245 -0.09855 
-0.67737 -100.00000 
 0.14300 -0.19073 
-0.12433 -100.00000 
-100.00000 -100.00000 
 0.89648 -0.76950 
-100.00000 -100.00000 
-100.00000 -100.00000 
 0.06864  0.24985 
-0.22673  0.08276 
-100.00000  0.26306 
-0.06469 -0.09415 
-100.00000 -100.00000 
-0.54694 -0.02306 
-100.00000  0.26306 
-0.18044 -100.00000 
 0.08126  0.25727 
-100.00000 -100.00000 
 0.03383 -0.50556 
-100.00000 -100.00000 
 0.00032 -100.00000 
-100.00000 -100.00000 
-0.08174  0.25716 
-0.40377 -0.22298 
-100.00000 -100.00000 
-0.08149  0.22626 
