-100.00000 -100.00000 
 0.00023 -100.00000 
-100.00000 -100.00000 
-0.00016 -100.00000 
-0.54962 -0.01366 
-100.00000 -100.00000 
 0.26290 -0.06300 
 0.00005 -100.00000 
-100.00000 -100.00000 
-100.00000 -100.00000 
-0.02928 -100.00000 
-100.00000 -100.00000 
-100.00000 -100.00000 
-100.00000 -100.00000 
-100.00000 -100.00000 
-100.00000 -100.00000 
-100.00000 -100.00000 
-100.00000 -100.00000 
-100.00000 -100.00000 
-100.00000 -100.00000 
 0.10670 -100.00000 
-100.00000 -100.00000 
-100.00000 -100.00000 
-0.00012 -100.00000 
-100.00000 -100.00000 
-100.00000 -100.00000 
-100.00000 -100.00000 
-100.00000 -100.00000 
-100.00000 -100.00000 
-100.00000 -100.00000 
-100.00000 -100.00000 
-100.00000 -100.00000 
-100.00000 -100.00000 
-100.00000 -100.00000 
-100.00000 -100.00000 
-100.00000 -100.00000 
-100.00000 -100.00000 
-100.00000 -100.00000 
-100.00000 -100.00000 
-100.00000 -100.00000 
-100.00000 -100.00000 
-100.00000 -100.00000 
-100.00000 -100.00000 
-100.00000 -100.00000 
-100.00000 -100.00000 
 0.00002 -100.00000 
-100.00000 -100.00000 
-100.00000 -100.00000 
-100.00000 -100.00000 
-100.00000 -100.00000 
-100.00000 -100.00000 
-100.00000 -100.00000 
-100.00000 -100.00000 
-100.00000 -100.00000 
-100.00000 -100.00000 
-0.32885 -0.43071 
-100.00000 -100.00000 
-100.00000 -100.00000 
 0.13750  0.00007 
-100.00000 -100.00000 
-100.00000 -100.00000 
-100.00000  0.08757 
-100.00000 -100.00000 
-100.00000 -100.00000 
-100.00000 -100.00000 
-100.00000 -100.00000 
-100.00000 -100.00000 
-0.42524 -100.00000 
-0.15711  0.26312 
 0.10709  0.26314 
-100.00000 -100.00000 
-100.00000 -0.15124 
-100.00000 -100.00000 
-100.00000 -100.00000 
-100.00000 -100.00000 
-100.00000 -100.00000 
 0.00000  0.00000 
-100.00000 -100.00000 
-0.01832 -100.00000 
-100.00000 -100.00000 
-100.00000 -100.00000 
-100.00000 -100.00000 
-100.00000 -100.00000 
-100.00000  0.43071 
-100.00000 -100.00000 
-0.01893  0.41069 
-100.00000 -100.00000 
-100.00000 -100.00000 
-0.78608 -0.30712 
-100.00000 -100.00000 
-100.00000 -0.15105 
-100.00000 -100.00000 
 0.00000  0.00000 
-100.00000 -100.00000 
-100.00000  0.13750 
-100.00000 -100.00000 
-100.00000 -100.00000 
-100.00000 -100.00000 
-0.24933 -0.17436 
 0.29681 -100.00000 
-100.00000 -0.00007 
-100.00000  0.26323 
-100.00000 -100.00000 
 0.29680 -0.00509 
-100.00000 -100.00000 
-100.00000 -100.00000 
-0.15088  0.26314 
-100.00000 -100.00000 
-100.00000 -100.00000 
-100.00000 -100.00000 
-100.00000 -100.00000 
-100.00000 -100.00000 
-0.15147 -100.00000 
-100.00000 -100.00000 
-100.00000 -100.00000 
-100.00000 -100.00000 
-100.00000 -100.00000 
-100.00000 -100.00000 
-0.79968 -0.05141 
-100.00000 -100.00000 
-100.00000 -100.00000 
-100.00000  0.18959 
-100.00000 -100.00000 
-100.00000 -100.00000 
-100.00000 -100.00000 
-100.00000 -100.00000 
-100.00000 -100.00000 
-100.00000 -0.18919 
-100.00000 -100.00000 
-0.15127 -100.00000 
-100.00000 -100.00000 
-100.00000 -100.00000 
-100.00000 -100.00000 
-100.00000 -0.35632 
-100.00000 -100.00000 
 0.13800 -0.12007 
 0.00007 -100.00000 
 0.11219  0.26312 
 0.36881 -100.00000 
 0.00000  0.00000 
-100.00000 -100.00000 
-100.00000 -100.00000 
-100.00000 -100.00000 
-100.00000 -100.00000 
 0.13764 -100.00000 
-100.00000 -100.00000 
-100.00000 -100.00000 
 0.00015 -100.00000 
-100.00000 -100.00000 
-100.00000 -100.00000 
 0.26299 -100.00000 
-100.00000 -100.00000 
 0.22474 -100.00000 
-100.00000 -100.00000 
-0.56009 -0.16489 
-100.00000 -100.00000 
-100.00000 -100.00000 
-100.00000 -100.00000 
-100.00000 -100.00000 
-100.00000 -100.00000 
-100.00000 -100.00000 
-100.00000 -100.00000 
-100.00000 -100.00000 
-100.00000 -100.00000 
-100.00000 -100.00000 
 0.00000  0.00000 
-100.00000 -100.00000 
-100.00000 -100.00000 
-100.00000 -100.00000 
 0.02633  0.57421 
-0.03990 -0.05305 
-100.00000 -100.00000 
-100.00000 -100.00000 
-100.00000 -0.38715 
-100.00000  0.00080 
-0.53605 -0.18840 
-100.00000 -100.00000 
 0.19714 -100.00000 
-100.00000 -100.00000 
-100.00000  0.00018 
-100.00000 -100.00000 
-0.34534  0.00026 
-100.00000 -100.00000 
-100.00000 -100.00000 
-100.00000 -100.00000 
 0.41227  0.19079 
-100.00000 -100.00000 
 0.00018 -100.00000 
-100.00000 -100.00000 
-100.00000 -100.00000 
-100.00000 -100.00000 
-100.00000 -100.00000 
 0.00000  0.00000 
-100.00000 -100.00000 
-100.00000 -100.00000 
-100.00000 -100.00000 
-0.00335 -0.32651 
-100.00000 -100.00000 
-100.00000 -100.00000 
-100.00000 -100.00000 
-0.93128 -100.00000 
-100.00000 -100.00000 
-100.00000 -100.00000 
-100.00000 -100.00000 
-100.00000 -0.69835 
-100.00000 -100.00000 
-100.00000 -100.00000 
-100.00000 -100.00000 
-100.00000 -100.00000 
-100.00000 -100.00000 
-100.00000 -100.00000 
-100.00000 -100.00000 
-100.00000 -0.00041 
-100.00000 -100.00000 
-100.00000 -100.00000 
 0.20560 -100.00000 
-100.00000 -100.00000 
 0.27322 -100.00000 
-100.00000 -100.00000 
-100.00000 -100.00000 
-100.00000 -100.00000 
-0.49079 -0.00003 
-100.00000 -100.00000 
-0.09075 -0.10412 
-100.00000 -100.00000 
-0.12643 -100.00000 
 0.44682 -100.00000 
-100.00000 -100.00000 
-100.00000 -0.11559 
-100.00000 -100.00000 
-1.00833  0.62863 
 0.43634 -0.01493 
-0.25132  0.26302 
-100.00000 -100.00000 
-100.00000 -100.00000 
-100.00000  0.26310 
-0.18814 -100.00000 
-100.00000 -100.00000 
-100.00000 -100.00000 
-100.00000 -100.00000 
 0.03392 -0.30865 
 0.14783 -100.00000 
-100.00000 -100.00000 
-100.00000  0.26302 
-100.00000 -100.00000 
-100.00000 -100.00000 
 0.00000  0.00000 
 0.00028 -100.00000 
-100.00000  0.13754 
-100.00000 -100.00000 
-100.00000 -100.00000 
-100.00000 -100.00000 
-100.00000 -100.00000 
-100.00000 -100.00000 
 0.11112  0.02169 
-100.00000 -100.00000 
-0.65666  1.09587 
-100.00000 -100.00000 
-100.00000 -100.00000 
-100.00000 -100.00000 
-100.00000 -100.00000 
-100.00000 -100.00000 
-100.00000 -100.00000 
 0.12477  0.26101 
-100.00000 -100.00000 
-100.00000 -100.00000 
-100.00000 -100.00000 
 0.00000  0.00000 
-0.29118  0.01248 
-100.00000 -100.00000 
-100.00000 -0.46953 
-100.00000 -100.00000 
-100.00000 -100.00000 
 0.58500 -100.00000 
-100.00000 -100.00000 
 0.23051  0.22574 
-0.26928 -100.00000 
-100.00000 -0.33902 
-100.00000 -100.00000 
-100.00000 -100.00000 
-100.00000 -100.00000 
-100.00000 -100.00000 
-0.00002 -100.00000 
-100.00000 -100.00000 
-100.00000 -100.00000 
-100.00000 -100.00000 
-100.00000 -100.00000 
-1.02535 -100.00000 
-100.00000 -100.00000 
-100.00000 -100.00000 
 0.13756 -100.00000 
-0.16153 -100.00000 
-100.00000 -100.00000 
-100.00000  0.00041 
 0.13750 -100.00000 
-100.00000 -100.00000 
-100.00000 -100.00000 
-100.00000 -100.00000 
-0.04723 -100.00000 
-100.00000 -100.00000 
-100.00000 -100.00000 
-100.00000 -100.00000 
-100.00000 -100.00000 
-100.00000 -100.00000 
-100.00000 -100.00000 
-100.00000 -100.00000 
-100.00000 -100.00000 
-100.00000 -100.00000 
-100.00000 -100.00000 
-100.00000 -100.00000 
-100.00000 -100.00000 
-0.15707 -100.00000 
 0.00003 -100.00000 
-100.00000 -100.00000 
-100.00000 -100.00000 
-100.00000 -100.00000 
-100.00000 -100.00000 
-100.00000 -100.00000 
-100.00000 -0.26547 
-100.00000 -100.00000 
-100.00000 -100.00000 
-100.00000 -100.00000 
-100.00000 -100.00000 
-0.01885 -0.00611 
-100.00000 -100.00000 
-100.00000 -100.00000 
-100.00000 -100.00000 
-100.00000 -100.00000 
 0.05197 -0.12742 
-100.00000 -100.00000 
-100.00000 -100.00000 
-100.00000 -100.00000 
-100.00000 -100.00000 
-100.00000 -100.00000 
-100.00000 -100.00000 
-100.00000 -100.00000 
-100.00000 -100.00000 
-100.00000 -100.00000 
-100.00000 -100.00000 
-100.00000 -100.00000 
-100.00000 -100.00000 
-100.00000 -100.00000 
-100.00000 -100.00000 
-100.00000 -100.00000 
-100.00000 -100.00000 
-100.00000 -100.00000 
-100.00000 -100.00000 
-100.00000 -100.00000 
-100.00000 -100.00000 
-100.00000 -100.00000 
-100.00000 -100.00000 
-100.00000 -100.00000 
-100.00000 -100.00000 
-100.00000 -100.00000 
-0.16409  0.23828 
-100.00000 -100.00000 
 0.00000  0.00000 
-100.00000 -100.00000 
-100.00000 -100.00000 
-100.00000 -100.00000 
-100.00000 -100.00000 
-100.00000 -100.00000 
-100.00000 -100.00000 
 0.00000  0.00000 
-100.00000 -100.00000 
-100.00000 -100.00000 
-100.00000 -100.00000 
-0.00007  0.23995 
-100.00000 -100.00000 
-100.00000 -0.13801 
-100.00000 -100.00000 
-100.00000 -100.00000 
-0.29853 -100.00000 
-100.00000 -100.00000 
-100.00000 -100.00000 
-100.00000 -100.00000 
-100.00000 -100.00000 
-100.00000 -100.00000 
-100.00000 -100.00000 
-100.00000 -100.00000 
-0.48358 -100.00000 
 0.13747 -1.09158 
-100.00000 -100.00000 
-100.00000 -100.00000 
-100.00000 -100.00000 
-0.00103 -100.00000 
-100.00000 -100.00000 
-100.00000 -100.00000 
 0.00002 -100.00000 
-0.23112  0.38970 
-100.00000 -100.00000 
-100.00000 -100.00000 
-100.00000 -100.00000 
-100.00000 -100.00000 
-100.00000 -100.00000 
-100.00000 -100.00000 
-100.00000 -100.00000 
 0.13744 -100.00000 
-100.00000 -100.00000 
-100.00000 -100.00000 
-100.00000 -100.00000 
 0.00023  0.13766 
-100.00000 -100.00000 
-100.00000 -100.00000 
-100.00000 -100.00000 
 0.11600 -100.00000 
-100.00000 -100.00000 
 0.00006  0.00001 
-100.00000 -100.00000 
-100.00000 -100.00000 
-100.00000 -100.00000 
-100.00000 -100.00000 
-0.11405  0.84802 
-100.00000 -100.00000 
-0.13723 -100.00000 
-0.00002 -100.00000 
-100.00000 -100.00000 
-100.00000 -100.00000 
-100.00000 -100.00000 
-100.00000 -100.00000 
-100.00000 -100.00000 
-100.00000 -100.00000 
-100.00000 -100.00000 
-100.00000 -100.00000 
-100.00000 -100.00000 
-100.00000 -100.00000 
-100.00000 -100.00000 
-100.00000 -100.00000 
 0.37870 -100.00000 
 0.58499  0.37858 
-100.00000 -100.00000 
-100.00000 -100.00000 
-100.00000 -100.00000 
-100.00000 -100.00000 
 0.00000  0.00000 
-100.00000 -100.00000 
-100.00000 -100.00000 
-100.00000 -100.00000 
-100.00000 -100.00000 
-100.00000 -100.00000 
-100.00000 -0.00007 
-100.00000 -100.00000 
-100.00000 -100.00000 
-100.00000 -100.00000 
 0.13764 -100.00000 
-100.00000 -100.00000 
-100.00000 -100.00000 
-100.00000 -100.00000 
 0.44800 -0.66284 
-100.00000 -100.00000 
 0.00029 -0.39696 
-100.00000 -100.00000 
-100.00000 -100.00000 
-100.00000 -100.00000 
-100.00000 -100.00000 
-100.00000 -100.00000 
-100.00000 -100.00000 
-100.00000 -100.00000 
-100.00000 -100.00000 
-100.00000 -100.00000 
-100.00000 -100.00000 
-100.00000 -100.00000 
-100.00000 -100.00000 
-100.00000 -100.00000 
-100.00000 -100.00000 
-100.00000 -100.00000 
 0.00023 -100.00000 
-100.00000 -100.00000 
-100.00000 -100.00000 
 0.08106 -0.39720 
 0.26313  0.79930 
-100.00000 -100.00000 
-100.00000 -100.00000 
-0.15786 -100.00000 
-100.00000 -100.00000 
-100.00000  0.13782 
-100.00000 -100.00000 
-100.00000 -100.00000 
-0.41320  0.13756 
-0.22243  0.20036 
-100.00000 -100.00000 
-100.00000 -100.00000 
-100.00000 -100.00000 
 0.13727  0.48747 
-100.00000 -100.00000 
-100.00000 -100.00000 
-100.00000 -100.00000 
-100.00000 -100.00000 
-100.00000 -100.00000 
 0.14310  0.13779 
 0.37860 -0.37157 
-100.00000 -100.00000 
 0.11204 -100.00000 
 0.48285 -100.00000 
-100.00000 -100.00000 
-100.00000 -100.00000 
-100.00000 -100.00000 
-0.42843 -0.09116 
 0.38914 -100.00000 
-100.00000 -100.00000 
-0.28699 -100.00000 
 0.58506 -100.00000 
 0.13760 -100.00000 
-100.00000 -100.00000 
-100.00000 -100.00000 
 0.23801  0.39202 
-0.42761 -100.00000 
-100.00000 -100.00000 
-100.00000 -100.00000 
 0.00006  0.23295 
-0.15058  0.00010 
-100.00000 -100.00000 
 0.74515 -0.39339 
-100.00000 -100.00000 
 0.33493 -100.00000 
-100.00000 -100.00000 
-0.15113 -100.00000 
-0.03316 -100.00000 
-100.00000 -100.00000 
-100.00000 -100.00000 
-0.05664  0.18160 
-100.00000 -100.00000 
-100.00000 -100.00000 
-0.00155 -100.00000 
-0.35892  0.24315 
-0.19105 -100.00000 
-100.00000 -100.00000 
-100.00000 -100.00000 
 0.11159 -100.00000 
 0.00008 -0.00006 
-0.00008 -100.00000 
-100.00000 -100.00000 
-100.00000 -100.00000 
-100.00000 -100.00000 
-100.00000 -100.00000 
-100.00000 -100.00000 
-100.00000 -100.00000 
-100.00000 -100.00000 
-100.00000 -100.00000 
-100.00000 -100.00000 
-100.00000 -0.02539 
-100.00000 -100.00000 
-0.30239  0.23362 
-100.00000 -100.00000 
-100.00000 -100.00000 
-100.00000 -100.00000 
 0.09349  0.26297 
-100.00000 -100.00000 
-100.00000 -100.00000 
-100.00000 -100.00000 
-100.00000 -100.00000 
 0.00000  0.00000 
-0.00000 -100.00000 
 0.37869 -0.02383 
 0.13750  0.49543 
-100.00000 -100.00000 
 0.65805  0.20177 
 0.13755 -100.00000 
-100.00000 -0.19007 
-100.00000 -0.00007 
-100.00000  0.00013 
-100.00000 -100.00000 
-100.00000 -100.00000 
 0.48550 -0.35778 
-100.00000 -100.00000 
