-0.16917 -0.07431 
 0.00000  0.00000 
-0.01869 -0.15127 
 0.00000  0.00000 
-100.00000 -100.00000 
-100.00000 -100.00000 
-0.16430 -100.00000 
-100.00000 -100.00000 
-100.00000 -100.00000 
 0.13760 -100.00000 
-100.00000 -100.00000 
-100.00000 -100.00000 
-100.00000 -100.00000 
-100.00000 -100.00000 
 0.00004  0.09050 
-100.00000 -100.00000 
-100.00000 -100.00000 
-100.00000 -100.00000 
 0.30817 -100.00000 
-0.15654 -100.00000 
-100.00000 -100.00000 
-100.00000 -0.15045 
-100.00000 -100.00000 
-100.00000 -100.00000 
-100.00000 -100.00000 
-100.00000 -100.00000 
-0.28396  0.10931 
-0.04507  0.30516 
-100.00000 -100.00000 
-100.00000 -0.00003 
-100.00000 -100.00000 
-100.00000 -100.00000 
-100.00000 -100.00000 
-100.00000 -100.00000 
-0.15629  0.13744 
-0.51382 -0.02614 
-100.00000 -100.00000 
-0.46206 -0.24561 
 0.00000  0.00000 
 0.71281  0.19617 
-100.00000 -100.00000 
-100.00000 -0.15414 
-100.00000 -100.00000 
 0.22552 -0.28814 
-100.00000 -100.00000 
-100.00000 -100.00000 
-0.01375  0.46278 
-0.08239 -0.58768 
-100.00000 -100.00000 
-100.00000 -100.00000 
 0.12977  0.19661 
-0.26837 -0.00001 
-0.49348 -0.72669 
-100.00000 -100.00000 
-0.43831 -0.38841 
-0.00006 -100.00000 
 0.00000  0.00000 
-100.00000 -100.00000 
-100.00000 -100.00000 
 0.00000  0.00000 
-100.00000 -100.00000 
 0.00000  0.00000 
-100.00000 -100.00000 
 0.49227  0.03307 
-0.14909 -100.00000 
-100.00000 -100.00000 
-100.00000 -100.00000 
-0.26749  0.14785 
-100.00000 -100.00000 
-0.15595  0.51131 
 0.00000  0.00000 
-100.00000 -100.00000 
 0.44901  0.01939 
-100.00000 -100.00000 
-100.00000 -100.00000 
-100.00000 -100.00000 
-100.00000 -100.00000 
-100.00000 -100.00000 
-100.00000 -100.00000 
-100.00000 -100.00000 
 0.67814  0.07087 
-100.00000 -100.00000 
 0.10215 -0.32688 
-100.00000 -100.00000 
-100.00000 -100.00000 
-100.00000 -100.00000 
-100.00000 -100.00000 
-100.00000 -100.00000 
-0.28603 -100.00000 
 0.65885 -0.15147 
 0.16997  0.05054 
-100.00000 -100.00000 
-100.00000 -100.00000 
-100.00000 -100.00000 
-100.00000 -100.00000 
-100.00000 -100.00000 
-100.00000 -100.00000 
 0.05753  0.59630 
-0.07857  0.81706 
 0.26317  0.64421 
 0.04873 -0.11639 
-100.00000 -100.00000 
-0.14684 -0.93676 
 0.05110  0.35982 
-100.00000 -100.00000 
-0.15120 -100.00000 
-100.00000 -100.00000 
-100.00000 -100.00000 
-100.00000 -100.00000 
-100.00000 -100.00000 
-100.00000 -100.00000 
-100.00000 -100.00000 
 0.69652  0.18982 
-100.00000 -100.00000 
-100.00000 -100.00000 
-0.63253 -0.73033 
 0.60253 -0.11437 
-100.00000 -100.00000 
 0.34417  0.36737 
 0.26514  0.15399 
-0.15083  0.26305 
-100.00000 -100.00000 
-0.00016 -0.18828 
-100.00000 -100.00000 
-100.00000 -100.00000 
 0.48570 -0.40028 
 0.00014 -100.00000 
-100.00000 -100.00000 
-0.20473  0.25473 
-0.24266  0.67250 
-100.00000 -100.00000 
 0.30904  0.62378 
-100.00000  0.13775 
-100.00000 -100.00000 
-100.00000 -100.00000 
 0.00000  0.00000 
 0.39809  0.08455 
 0.11495 -100.00000 
-100.00000 -100.00000 
-100.00000 -100.00000 
-0.15015  0.13760 
-0.14635 -0.09492 
-100.00000 -100.00000 
-0.38472 -0.13416 
 0.00013 -100.00000 
-0.10940 -0.22652 
-100.00000 -100.00000 
 0.00015 -100.00000 
 0.00359 -100.00000 
 0.00398 -100.00000 
-100.00000 -100.00000 
-100.00000 -100.00000 
-0.37295  0.09539 
 0.84810 -100.00000 
-0.85582 -0.46672 
-0.65662 -100.00000 
 0.00000  0.00000 
-0.00029 -100.00000 
-100.00000 -100.00000 
-100.00000 -100.00000 
-100.00000 -100.00000 
-0.18352 -0.07804 
-0.02396 -0.26554 
-100.00000 -100.00000 
-100.00000 -100.00000 
-100.00000 -100.00000 
-100.00000 -100.00000 
-0.72944 -0.06125 
 0.00000  0.00000 
 0.00000  0.00000 
-100.00000 -100.00000 
 0.00015 -100.00000 
-100.00000 -100.00000 
-100.00000 -100.00000 
-0.03301 -100.00000 
 0.00000  0.00000 
-100.00000 -100.00000 
-100.00000 -100.00000 
-0.23075  0.26091 
 0.00001 -100.00000 
-100.00000 -100.00000 
 0.37850  0.25996 
-0.15096 -0.01904 
-0.51142  0.28581 
 0.00000  0.00000 
-100.00000 -100.00000 
 0.00000  0.00000 
 0.22375 -0.05918 
-100.00000 -100.00000 
-100.00000 -100.00000 
-100.00000 -100.00000 
-100.00000 -100.00000 
-100.00000 -100.00000 
-100.00000 -100.00000 
-100.00000 -100.00000 
-100.00000 -100.00000 
-100.00000 -100.00000 
-100.00000 -100.00000 
-100.00000 -100.00000 
-100.00000 -100.00000 
-0.71547 -100.00000 
-100.00000 -100.00000 
-0.37114  0.03502 
 0.26298  0.01283 
-0.00530 -100.00000 
-100.00000 -100.00000 
-100.00000 -100.00000 
-100.00000 -100.00000 
 0.25693 -100.00000 
 0.28940  0.15151 
-100.00000 -100.00000 
-0.35606 -0.03585 
 0.69602 -0.19362 
 0.12430 -0.11268 
-100.00000 -100.00000 
 0.23909 -100.00000 
-100.00000 -100.00000 
-100.00000 -100.00000 
 0.39144 -0.11331 
-0.00589 -0.31913 
 0.61375  0.37864 
-100.00000 -100.00000 
 0.32045  0.84871 
-0.04247  0.63797 
 0.52602  0.15484 
-100.00000 -100.00000 
 0.16939 -0.70091 
-100.00000 -100.00000 
-0.46938  0.19665 
-0.00033 -100.00000 
-0.45106 -100.00000 
-0.21549  0.26340 
-0.05371 -0.11824 
 0.32423  0.19002 
 0.00000  0.00000 
-0.13507  0.22746 
 0.06490  0.72245 
-100.00000 -100.00000 
 0.37576 -0.63562 
-100.00000 -0.17440 
-100.00000 -100.00000 
-0.06762 -0.32825 
-100.00000 -100.00000 
-0.27569  0.09958 
-100.00000 -100.00000 
-100.00000 -100.00000 
-100.00000 -100.00000 
-100.00000 -100.00000 
-100.00000 -100.00000 
-100.00000 -100.00000 
 0.14879 -0.10152 
-100.00000 -100.00000 
-100.00000 -100.00000 
-0.00008 -100.00000 
-0.37530  0.12374 
-0.12689  0.13756 
-0.20914  0.02712 
-100.00000 -100.00000 
 0.24729 -0.08290 
-100.00000 -100.00000 
-100.00000 -100.00000 
-100.00000 -100.00000 
 0.13755  0.26309 
-100.00000 -100.00000 
-0.00122 -0.27082 
-100.00000 -100.00000 
-100.00000 -100.00000 
 0.00016 -100.00000 
-100.00000 -100.00000 
-100.00000 -100.00000 
-100.00000 -100.00000 
-0.19605 -100.00000 
-100.00000 -100.00000 
-0.16054  0.02932 
-0.13973  0.20442 
-0.45068  0.00031 
 0.33203  0.10281 
 0.13416  0.08459 
-100.00000 -100.00000 
-100.00000 -100.00000 
-100.00000 -100.00000 
-100.00000 -100.00000 
-0.13845 -0.58422 
-100.00000 -100.00000 
-0.57246  0.01983 
 0.42877 -0.22846 
-0.39149  0.00023 
 0.25031 -0.11808 
-0.39214 -100.00000 
-0.16996 -0.76536 
-100.00000 -100.00000 
 0.05741 -0.00219 
 0.52123 -0.00226 
 0.00000  0.00000 
-100.00000 -100.00000 
 0.10597 -0.45133 
 0.10639 -0.26616 
-100.00000 -100.00000 
 0.32945 -0.18852 
-100.00000 -100.00000 
-100.00000 -100.00000 
 0.18646 -100.00000 
 0.33745  0.25925 
-100.00000 -100.00000 
 0.55074 -0.39698 
-0.15716  0.29943 
-100.00000 -100.00000 
-100.00000 -100.00000 
 0.13764 -0.13877 
-0.17275 -0.20962 
-0.03590 -0.13839 
-100.00000 -100.00000 
 0.38062  0.31781 
 0.37836 -100.00000 
 0.37830  0.21998 
 0.37867  0.44616 
-100.00000 -100.00000 
 0.22988  0.68106 
-100.00000 -100.00000 
-100.00000 -100.00000 
 0.00000  0.00000 
-100.00000 -100.00000 
-100.00000 -100.00000 
 0.67894 -0.33082 
-100.00000 -100.00000 
-100.00000 -0.00049 
 0.00000  0.00000 
-100.00000 -100.00000 
-0.25578  0.04197 
-100.00000 -100.00000 
-100.00000 -100.00000 
-0.15148 -0.40056 
-100.00000 -100.00000 
 0.00002  0.13762 
 0.73926 -0.57428 
-0.11360 -100.00000 
-0.71818 -0.31927 
-100.00000 -100.00000 
-0.12021  0.29945 
-0.00231 -0.09999 
-0.13226 -100.00000 
-100.00000 -100.00000 
 0.00174  0.57169 
-100.00000 -100.00000 
-100.00000 -100.00000 
-100.00000 -100.00000 
 0.00005  0.37856 
-100.00000 -100.00000 
-100.00000 -100.00000 
-100.00000 -100.00000 
-100.00000 -100.00000 
-100.00000 -100.00000 
-100.00000 -100.00000 
-0.09001 -0.20330 
-100.00000 -100.00000 
-100.00000 -100.00000 
-100.00000 -100.00000 
-100.00000 -100.00000 
-100.00000 -100.00000 
 0.13730  0.32003 
-0.23767 -0.24863 
-100.00000 -100.00000 
-100.00000 -100.00000 
-100.00000 -100.00000 
-100.00000 -100.00000 
-100.00000 -100.00000 
-100.00000 -100.00000 
-100.00000 -100.00000 
-100.00000 -100.00000 
 0.18613  0.94166 
 0.05784 -0.24347 
-0.60149 -0.40238 
-0.16717  0.32006 
-100.00000 -100.00000 
-100.00000 -100.00000 
-100.00000 -100.00000 
-100.00000 -100.00000 
-100.00000 -100.00000 
-100.00000 -100.00000 
-100.00000 -100.00000 
-0.81486  1.04858 
 0.00000  0.00000 
 0.00003 -100.00000 
 0.00037 -100.00000 
 0.26308 -0.04854 
-0.07402  0.26370 
-100.00000 -100.00000 
-100.00000 -100.00000 
 0.24925 -0.71565 
-0.76818 -0.23329 
-100.00000 -100.00000 
-0.12515  0.13753 
 0.00268 -0.54901 
 0.00000  0.00000 
-100.00000 -100.00000 
 0.32180 -0.43608 
-100.00000 -100.00000 
-100.00000 -100.00000 
-100.00000 -100.00000 
 0.07476 -0.07067 
 0.00000  0.00000 
 0.22285  0.05062 
 0.08278 -0.84936 
 0.00042 -100.00000 
-0.58383  0.23145 
-100.00000 -100.00000 
 0.32214  0.14457 
-100.00000  0.00001 
-100.00000 -100.00000 
 0.26285 -100.00000 
 0.00000  0.00000 
 0.43249  0.15101 
-100.00000 -100.00000 
 0.00057  1.26294 
 0.44140  0.48518 
-0.00002 -100.00000 
 0.54820  0.84809 
 0.00000  0.00000 
-0.20283  0.50327 
-100.00000  0.13753 
-0.06679 -0.29759 
 0.26302 -100.00000 
-100.00000 -100.00000 
-100.00000  0.37829 
 0.00000  0.00000 
 0.00000  0.00000 
 0.00983  0.02091 
 0.00493  0.02879 
-100.00000 -100.00000 
-100.00000 -100.00000 
-100.00000 -100.00000 
 0.00008 -100.00000 
-100.00000 -100.00000 
-100.00000 -100.00000 
-100.00000 -100.00000 
-0.07825 -100.00000 
-100.00000 -100.00000 
 0.54310 -0.06098 
-100.00000 -100.00000 
 0.13690 -0.45442 
-100.00000 -100.00000 
-100.00000 -100.00000 
-100.00000 -100.00000 
-100.00000 -100.00000 
-100.00000 -100.00000 
 0.39478 -0.85266 
 0.19282  0.76565 
-0.22657  0.80368 
-0.15333 -0.61095 
-100.00000 -100.00000 
-100.00000 -100.00000 
-100.00000 -100.00000 
-100.00000 -100.00000 
-100.00000 -100.00000 
-100.00000 -100.00000 
-0.00008 -100.00000 
-0.10565 -0.24633 
-100.00000 -100.00000 
 0.00000  0.00000 
-0.07187  0.92599 
-100.00000 -100.00000 
-100.00000 -100.00000 
-0.20406  0.20312 
 0.00000  0.00000 
-100.00000 -100.00000 
 0.00000  0.00000 
-100.00000  0.37855 
 0.00038  0.27925 
-100.00000 -100.00000 
 0.00000  0.00000 
-0.48459  0.37875 
 0.00042  0.26308 
-100.00000 -100.00000 
 0.00000  0.00000 
-0.24730  0.78651 
 0.04362 -0.64392 
-100.00000 -100.00000 
-0.45644 -0.84077 
 0.26296 -100.00000 
-100.00000 -100.00000 
-100.00000 -100.00000 
-0.57942  0.20585 
-100.00000 -100.00000 
-100.00000 -100.00000 
-100.00000 -100.00000 
 0.00000  0.00000 
-100.00000 -100.00000 
-100.00000 -100.00000 
 0.61316 -100.00000 
 0.39525  0.29221 
-100.00000 -100.00000 
-0.15004 -0.05427 
 0.06882  0.35870 
-0.15062 -100.00000 
-100.00000 -100.00000 
-0.03155 -0.54564 
-0.32582 -0.33235 
-100.00000 -100.00000 
-100.00000 -0.30140 
-100.00000 -100.00000 
-0.04670  0.18385 
-100.00000 -100.00000 
-0.14973 -100.00000 
 0.00000  0.00000 
-100.00000 -100.00000 
-100.00000  0.25648 
-0.36908  0.42397 
 0.46561  0.31696 
-100.00000 -100.00000 
 0.00000  0.00000 
-100.00000 -100.00000 
 0.15746  0.34487 
 0.53046  0.43449 
-0.53658 -0.50201 
 0.00000  0.00000 
-100.00000  0.13751 
 0.00718  0.20198 
-0.14864 -0.13200 
-100.00000 -100.00000 
 0.00000  0.00000 
-100.00000 -100.00000 
 0.09192  0.76092 
 0.37250  0.67865 
 0.11254 -0.08764 
-100.00000 -100.00000 
 0.37845  0.00037 
-100.00000 -100.00000 
 0.12553  0.26366 
 0.35518  0.00004 
-100.00000 -100.00000 
-100.00000 -100.00000 
-100.00000 -100.00000 
-100.00000 -100.00000 
-100.00000 -100.00000 
-100.00000 -100.00000 
-100.00000 -100.00000 
-100.00000 -100.00000 
-100.00000 -100.00000 
-100.00000 -100.00000 
-100.00000 -100.00000 
-100.00000 -100.00000 
-100.00000 -100.00000 
-100.00000 -100.00000 
-100.00000 -100.00000 
-100.00000 -100.00000 
-100.00000 -100.00000 
-100.00000 -100.00000 
-100.00000 -100.00000 
-100.00000 -100.00000 
-100.00000 -100.00000 
-100.00000 -100.00000 
-100.00000 -100.00000 
-0.02496 -100.00000 
-100.00000 -100.00000 
-100.00000  0.25748 
 0.43877  0.18540 
-100.00000 -100.00000 
-100.00000 -100.00000 
-100.00000 -100.00000 
-0.15041  0.48536 
-100.00000 -100.00000 
 0.02303  0.43265 
 0.26310  0.07320 
-100.00000 -100.00000 
-100.00000 -100.00000 
