 0.01319 -0.16917 
 0.00000  0.00000 
-100.00000 -0.01869 
 0.00000  0.00000 
-0.00010 -100.00000 
-100.00000 -100.00000 
-100.00000 -0.16430 
-100.00000 -100.00000 
 0.00002 -100.00000 
-100.00000  0.13760 
-100.00000 -100.00000 
-100.00000 -100.00000 
-100.00000 -100.00000 
-100.00000 -100.00000 
 0.13754  0.00004 
-100.00000 -100.00000 
-100.00000 -100.00000 
-100.00000 -100.00000 
-0.08228  0.30817 
-100.00000 -0.15654 
-100.00000 -100.00000 
-100.00000 -100.00000 
-100.00000 -100.00000 
-100.00000 -100.00000 
-100.00000 -100.00000 
-100.00000 -100.00000 
 0.32314 -0.28396 
 0.64150 -0.04507 
-100.00000 -100.00000 
-100.00000 -100.00000 
-100.00000 -100.00000 
-100.00000 -100.00000 
-100.00000 -100.00000 
-100.00000 -100.00000 
 0.13976 -0.15629 
 0.02446 -0.51382 
-100.00000 -100.00000 
-0.16509 -0.46206 
 0.00000  0.00000 
 0.14510  0.71281 
-100.00000 -100.00000 
 0.14230 -100.00000 
-100.00000 -100.00000 
 0.02638  0.22552 
-100.00000 -100.00000 
-100.00000 -100.00000 
 0.00002 -0.01375 
 0.46799 -0.08239 
-100.00000 -100.00000 
-100.00000 -100.00000 
-0.12470  0.12977 
-100.00000 -0.26837 
-100.00000 -0.49348 
-0.22932 -100.00000 
 0.05432 -0.43831 
-100.00000 -0.00006 
 0.00000  0.00000 
-100.00000 -100.00000 
-100.00000 -100.00000 
 0.00000  0.00000 
-100.00000 -100.00000 
 0.00000  0.00000 
-100.00000 -100.00000 
 0.03716  0.49227 
-0.04580 -0.14909 
-100.00000 -100.00000 
-100.00000 -100.00000 
 0.14069 -0.26749 
-100.00000 -100.00000 
-100.00000 -0.15595 
 0.00000  0.00000 
-100.00000 -100.00000 
-0.05017  0.44901 
-100.00000 -100.00000 
 0.00011 -100.00000 
-100.00000 -100.00000 
-100.00000 -100.00000 
-100.00000 -100.00000 
-100.00000 -100.00000 
-100.00000 -100.00000 
 0.14233  0.67814 
-100.00000 -100.00000 
-0.11586  0.10215 
-100.00000 -100.00000 
-100.00000 -100.00000 
-0.78245 -100.00000 
-100.00000 -100.00000 
-100.00000 -100.00000 
 0.24075 -0.28603 
-0.27258  0.65885 
-0.32712  0.16997 
-0.23876 -100.00000 
-100.00000 -100.00000 
-100.00000 -100.00000 
-100.00000 -100.00000 
-100.00000 -100.00000 
-100.00000 -100.00000 
 0.19733  0.05753 
-100.00000 -0.07857 
-100.00000  0.26317 
 0.14738  0.04873 
-100.00000 -100.00000 
-0.67337 -0.14684 
-0.04435  0.05110 
-100.00000 -100.00000 
-100.00000 -0.15120 
-100.00000 -100.00000 
-100.00000 -100.00000 
-100.00000 -100.00000 
-100.00000 -100.00000 
-0.08065 -100.00000 
-100.00000 -100.00000 
-100.00000  0.69652 
-100.00000 -100.00000 
-100.00000 -100.00000 
 0.53659 -0.63253 
-0.08626  0.60253 
-100.00000 -100.00000 
-0.00359  0.34417 
-0.09180  0.26514 
-0.17898 -0.15083 
-100.00000 -100.00000 
-100.00000 -0.00016 
-100.00000 -100.00000 
-100.00000 -100.00000 
-0.08033  0.48570 
-100.00000  0.00014 
-100.00000 -100.00000 
-0.12218 -0.20473 
 0.24092 -0.24266 
-100.00000 -100.00000 
 0.28372  0.30904 
-0.08029 -100.00000 
-100.00000 -100.00000 
-0.04762 -100.00000 
 0.00000  0.00000 
 0.21471  0.39809 
-100.00000  0.11495 
 0.02588 -100.00000 
-100.00000 -100.00000 
-100.00000 -0.15015 
-0.21651 -0.14635 
-100.00000 -100.00000 
 0.03233 -0.38472 
-100.00000  0.00013 
 0.25415 -0.10940 
-100.00000 -100.00000 
-100.00000  0.00015 
-0.08984  0.00359 
-100.00000  0.00398 
-100.00000 -100.00000 
-100.00000 -100.00000 
-0.64586 -0.37295 
-100.00000  0.84810 
-0.04325 -0.85582 
-100.00000 -0.65662 
 0.00000  0.00000 
-100.00000 -0.00029 
-100.00000 -100.00000 
-100.00000 -100.00000 
-100.00000 -100.00000 
 0.04006 -0.18352 
 0.42239 -0.02396 
-100.00000 -100.00000 
-100.00000 -100.00000 
-100.00000 -100.00000 
-100.00000 -100.00000 
 0.30537 -0.72944 
 0.00000  0.00000 
 0.00000  0.00000 
-0.32233 -100.00000 
-100.00000  0.00015 
 0.00095 -100.00000 
-100.00000 -100.00000 
 0.16895 -0.03301 
 0.00000  0.00000 
-100.00000 -100.00000 
 0.00027 -100.00000 
 0.06283 -0.23075 
 0.02520  0.00001 
-100.00000 -100.00000 
 0.08732  0.37850 
 0.23120 -0.15096 
 0.34816 -0.51142 
 0.00000  0.00000 
-100.00000 -100.00000 
 0.00000  0.00000 
-0.14539  0.22375 
-100.00000 -100.00000 
-100.00000 -100.00000 
-100.00000 -100.00000 
-100.00000 -100.00000 
-100.00000 -100.00000 
-100.00000 -100.00000 
-100.00000 -100.00000 
-100.00000 -100.00000 
 0.00005 -100.00000 
-100.00000 -100.00000 
-100.00000 -100.00000 
-100.00000 -100.00000 
 0.01623 -0.71547 
-100.00000 -100.00000 
-0.08898 -0.37114 
-0.14589  0.26298 
 0.33135 -0.00530 
-100.00000 -100.00000 
-100.00000 -100.00000 
-100.00000 -100.00000 
-100.00000  0.25693 
-0.45236  0.28940 
 0.46336 -100.00000 
-0.46891 -0.35606 
 0.04194  0.69602 
-100.00000  0.12430 
-100.00000 -100.00000 
-100.00000  0.23909 
-100.00000 -100.00000 
-100.00000 -100.00000 
 0.14184  0.39144 
-0.34807 -0.00589 
-0.24892  0.61375 
-100.00000 -100.00000 
 0.04196  0.32045 
 0.06327 -0.04247 
 0.88913  0.52602 
-100.00000 -100.00000 
-0.00013  0.16939 
-100.00000 -100.00000 
-0.20587 -0.46938 
 0.14585 -0.00033 
-100.00000 -0.45106 
 0.26162 -0.21549 
 0.13591 -0.05371 
 0.24262  0.32423 
 0.00000  0.00000 
-0.14351 -0.13507 
-0.29910  0.06490 
-100.00000 -100.00000 
 0.03465  0.37576 
-100.00000 -100.00000 
-100.00000 -100.00000 
 0.06464 -0.06762 
 0.00010 -100.00000 
 0.18089 -0.27569 
-100.00000 -100.00000 
-100.00000 -100.00000 
-100.00000 -100.00000 
 0.03256 -100.00000 
-100.00000 -100.00000 
-100.00000 -100.00000 
-0.33969  0.14879 
 0.16289 -100.00000 
-100.00000 -100.00000 
 0.00007 -0.00008 
-0.01037 -0.37530 
-100.00000 -0.12689 
-0.14589 -0.20914 
-100.00000 -100.00000 
 0.16562  0.24729 
-100.00000 -100.00000 
-100.00000 -100.00000 
-100.00000 -100.00000 
-100.00000  0.13755 
-100.00000 -100.00000 
 0.00015 -0.00122 
-100.00000 -100.00000 
-100.00000 -100.00000 
-100.00000  0.00016 
-100.00000 -100.00000 
-100.00000 -100.00000 
-100.00000 -100.00000 
 0.14183 -0.19605 
-100.00000 -100.00000 
 0.16264 -0.16054 
 0.21854 -0.13973 
-100.00000 -0.45068 
-0.19491  0.33203 
 0.04355  0.13416 
 0.01686 -100.00000 
-100.00000 -100.00000 
-100.00000 -100.00000 
-100.00000 -100.00000 
 0.00915 -0.13845 
-100.00000 -100.00000 
-0.50874 -0.57246 
-0.19495  0.42877 
-100.00000 -0.39149 
-0.05842  0.25031 
-100.00000 -0.39214 
 0.15542 -0.16996 
-100.00000 -100.00000 
 0.24529  0.05741 
-0.39071  0.52123 
 0.00000  0.00000 
-100.00000 -100.00000 
 0.14071  0.10597 
-100.00000  0.10639 
-100.00000 -100.00000 
 0.45242  0.32945 
-100.00000 -100.00000 
-100.00000 -100.00000 
-0.15013  0.18646 
 0.15139  0.33745 
-100.00000 -100.00000 
-0.55704  0.55074 
-0.40269 -0.15716 
-100.00000 -100.00000 
-100.00000 -100.00000 
-0.17396  0.13764 
-100.00000 -0.17275 
-0.09772 -0.03590 
-100.00000 -100.00000 
-0.00003  0.38062 
-100.00000  0.37836 
 0.25629  0.37830 
-0.09750  0.37867 
-100.00000 -100.00000 
 0.26359  0.22988 
-100.00000 -100.00000 
-100.00000 -100.00000 
 0.00000  0.00000 
-100.00000 -100.00000 
-100.00000 -100.00000 
-0.37923  0.67894 
-100.00000 -100.00000 
-0.05494 -100.00000 
 0.00000  0.00000 
-100.00000 -100.00000 
 0.51977 -0.25578 
-0.07629 -100.00000 
-100.00000 -100.00000 
-0.29612 -0.15148 
-100.00000 -100.00000 
-100.00000  0.00002 
-0.41442  0.73926 
-100.00000 -0.11360 
-0.02092 -0.71818 
-100.00000 -100.00000 
 0.02128 -0.12021 
-0.70357 -0.00231 
-100.00000 -0.13226 
-100.00000 -100.00000 
-0.03140  0.00174 
-100.00000 -100.00000 
-100.00000 -100.00000 
-100.00000 -100.00000 
-100.00000  0.00005 
-100.00000 -100.00000 
-100.00000 -100.00000 
-100.00000 -100.00000 
-100.00000 -100.00000 
-100.00000 -100.00000 
-100.00000 -100.00000 
-0.30120 -0.09001 
-100.00000 -100.00000 
-100.00000 -100.00000 
-100.00000 -100.00000 
-100.00000 -100.00000 
-100.00000 -100.00000 
 0.25638  0.13730 
-0.62709 -0.23767 
-100.00000 -100.00000 
-100.00000 -100.00000 
-100.00000 -100.00000 
-100.00000 -100.00000 
-100.00000 -100.00000 
-100.00000 -100.00000 
-100.00000 -100.00000 
-100.00000 -100.00000 
 0.03884  0.18613 
 0.14581  0.05784 
 0.16104 -0.60149 
-0.02927 -0.16717 
-100.00000 -100.00000 
-100.00000 -100.00000 
-100.00000 -100.00000 
-100.00000 -100.00000 
-100.00000 -100.00000 
-100.00000 -100.00000 
-100.00000 -100.00000 
-0.07939 -0.81486 
 0.00000  0.00000 
-100.00000  0.00003 
-0.32097  0.00037 
-0.15004  0.26308 
-0.27611 -0.07402 
-100.00000 -100.00000 
-100.00000 -100.00000 
 0.26441  0.24925 
-0.00172 -0.76818 
-100.00000 -100.00000 
 0.26354 -0.12515 
-0.18277  0.00268 
 0.00000  0.00000 
-100.00000 -100.00000 
 0.44442  0.32180 
-100.00000 -100.00000 
-100.00000 -100.00000 
-100.00000 -100.00000 
 0.32297  0.07476 
 0.00000  0.00000 
 0.07208  0.22285 
 0.64331  0.08278 
 0.26400  0.00042 
 0.08398 -0.58383 
-100.00000 -100.00000 
 0.20429  0.32214 
-100.00000 -100.00000 
-100.00000 -100.00000 
-100.00000  0.26285 
 0.00000  0.00000 
 0.16687  0.43249 
-100.00000 -100.00000 
-0.31858  0.00057 
-0.01544  0.44140 
-100.00000 -0.00002 
 0.41684  0.54820 
 0.00000  0.00000 
 0.05357 -0.20283 
 0.14810 -100.00000 
-0.17694 -0.06679 
-100.00000  0.26302 
-100.00000 -100.00000 
-0.11445 -100.00000 
 0.00000  0.00000 
 0.00000  0.00000 
-100.00000  0.00983 
-100.00000  0.00493 
-100.00000 -100.00000 
-100.00000 -100.00000 
-100.00000 -100.00000 
-100.00000  0.00008 
-100.00000 -100.00000 
-100.00000 -100.00000 
-100.00000 -100.00000 
 0.04101 -0.07825 
-100.00000 -100.00000 
-0.05584  0.54310 
-100.00000 -100.00000 
 0.37290  0.13690 
-100.00000 -100.00000 
-100.00000 -100.00000 
-100.00000 -100.00000 
-100.00000 -100.00000 
-100.00000 -100.00000 
 0.51247  0.39478 
 0.04126  0.19282 
 0.40026 -0.22657 
 0.20754 -0.15333 
-100.00000 -100.00000 
-100.00000 -100.00000 
-100.00000 -100.00000 
-100.00000 -100.00000 
-100.00000 -100.00000 
-100.00000 -100.00000 
-0.20400 -0.00008 
 0.26393 -0.10565 
-100.00000 -100.00000 
 0.00000  0.00000 
-0.07566 -0.07187 
-100.00000 -100.00000 
-100.00000 -100.00000 
-0.21861 -0.20406 
 0.00000  0.00000 
-100.00000 -100.00000 
 0.00000  0.00000 
 0.12799 -100.00000 
 0.34675  0.00038 
-100.00000 -100.00000 
 0.00000  0.00000 
-0.20436 -0.48459 
-100.00000  0.00042 
-100.00000 -100.00000 
 0.00000  0.00000 
-0.52915 -0.24730 
 0.24667  0.04362 
-100.00000 -100.00000 
-0.13579 -0.45644 
-100.00000  0.26296 
-100.00000 -100.00000 
-100.00000 -100.00000 
-0.18300 -0.57942 
-100.00000 -100.00000 
-100.00000 -100.00000 
-100.00000 -100.00000 
 0.00000  0.00000 
-100.00000 -100.00000 
-100.00000 -100.00000 
-100.00000  0.61316 
-0.47204  0.39525 
-100.00000 -100.00000 
 0.26294 -0.15004 
 0.08681  0.06882 
-100.00000 -0.15062 
-100.00000 -100.00000 
-0.36734 -0.03155 
-0.01457 -0.32582 
-100.00000 -100.00000 
-0.19152 -100.00000 
-100.00000 -100.00000 
 0.01315 -0.04670 
-100.00000 -100.00000 
-100.00000 -0.14973 
 0.00000  0.00000 
-100.00000 -100.00000 
-0.00018 -100.00000 
 0.09660 -0.36908 
 0.55654  0.46561 
-100.00000 -100.00000 
 0.00000  0.00000 
-100.00000 -100.00000 
 0.14850  0.15746 
 0.28033  0.53046 
-0.19616 -0.53658 
 0.00000  0.00000 
-0.10105 -100.00000 
 0.13874  0.00718 
-0.06665 -0.14864 
-100.00000 -100.00000 
 0.00000  0.00000 
-100.00000 -100.00000 
-0.37695  0.09192 
-100.00000  0.37250 
-100.00000  0.11254 
-100.00000 -100.00000 
-100.00000  0.37845 
-100.00000 -100.00000 
 0.24924  0.12553 
-0.12280  0.35518 
-100.00000 -100.00000 
-0.09819 -100.00000 
-100.00000 -100.00000 
-100.00000 -100.00000 
-100.00000 -100.00000 
-100.00000 -100.00000 
-100.00000 -100.00000 
-100.00000 -100.00000 
-0.00001 -100.00000 
-100.00000 -100.00000 
-100.00000 -100.00000 
-100.00000 -100.00000 
-100.00000 -100.00000 
-100.00000 -100.00000 
-100.00000 -100.00000 
-100.00000 -100.00000 
-100.00000 -100.00000 
-100.00000 -100.00000 
-100.00000 -100.00000 
-100.00000 -100.00000 
-100.00000 -100.00000 
-100.00000 -100.00000 
-100.00000 -100.00000 
-100.00000 -0.02496 
-100.00000 -100.00000 
 0.00007 -100.00000 
-0.14189  0.43877 
-100.00000 -100.00000 
-100.00000 -100.00000 
-100.00000 -100.00000 
 0.01355 -0.15041 
-100.00000 -100.00000 
 0.00028  0.02303 
-0.10127  0.26310 
-100.00000 -100.00000 
-100.00000 -100.00000 
