-100.00000 -100.00000 
 0.13317  0.58642 
-100.00000 -100.00000 
-100.00000 -100.00000 
-100.00000 -100.00000 
-0.42985 -100.00000 
 0.54919  0.64997 
 0.22239 -100.00000 
-0.46458 -100.00000 
-100.00000 -100.00000 
-100.00000 -100.00000 
 0.00000  0.00000 
-100.00000 -100.00000 
-0.38967 -100.00000 
-100.00000 -100.00000 
-100.00000 -100.00000 
-100.00000 -100.00000 
-100.00000 -100.00000 
-100.00000 -100.00000 
-100.00000 -100.00000 
-100.00000 -100.00000 
-100.00000 -100.00000 
-100.00000 -100.00000 
 0.32907  0.00001 
-100.00000 -100.00000 
-100.00000 -100.00000 
-100.00000 -100.00000 
-100.00000 -100.00000 
-100.00000 -100.00000 
-100.00000 -100.00000 
-100.00000 -100.00000 
-100.00000 -100.00000 
-100.00000 -100.00000 
-100.00000 -100.00000 
-100.00000 -100.00000 
-100.00000 -100.00000 
 0.06093 -0.69920 
-100.00000 -100.00000 
-100.00000 -100.00000 
-100.00000 -100.00000 
-100.00000 -100.00000 
-100.00000 -100.00000 
-100.00000 -100.00000 
-100.00000 -100.00000 
-0.15158 -100.00000 
-100.00000 -100.00000 
-0.31099 -0.31115 
-100.00000 -100.00000 
-100.00000 -100.00000 
 0.15221  0.14708 
-100.00000 -100.00000 
-100.00000 -100.00000 
-100.00000  0.13770 
-100.00000 -100.00000 
-100.00000 -100.00000 
-100.00000  0.00001 
-100.00000 -100.00000 
-100.00000 -100.00000 
-100.00000 -100.00000 
-0.19898 -100.00000 
-0.15942 -0.42020 
-0.89417 -0.24854 
-100.00000 -100.00000 
-100.00000 -100.00000 
-100.00000 -100.00000 
-100.00000 -100.00000 
-100.00000 -100.00000 
-100.00000 -100.00000 
-100.00000 -0.28107 
-100.00000 -100.00000 
-100.00000 -100.00000 
-100.00000 -100.00000 
-100.00000 -100.00000 
-100.00000 -100.00000 
-100.00000 -100.00000 
-100.00000 -100.00000 
-100.00000 -100.00000 
 0.36731  0.43150 
-100.00000  0.33361 
-100.00000 -100.00000 
-100.00000 -100.00000 
-100.00000 -100.00000 
-100.00000 -0.39219 
-0.03015  0.13748 
-100.00000 -100.00000 
-100.00000 -100.00000 
-100.00000 -100.00000 
-0.22864 -100.00000 
-100.00000 -0.26901 
 0.54994 -100.00000 
 0.13782  0.00029 
 0.42915 -100.00000 
-0.45163 -100.00000 
-0.09365 -0.45050 
 0.00003 -100.00000 
-100.00000 -100.00000 
-100.00000 -100.00000 
-100.00000 -100.00000 
-100.00000 -100.00000 
-100.00000  0.23867 
-100.00000 -100.00000 
-100.00000 -100.00000 
-100.00000 -100.00000 
-0.29573 -0.36946 
-100.00000 -100.00000 
 0.26318 -100.00000 
-100.00000 -100.00000 
-100.00000 -100.00000 
-100.00000 -100.00000 
-100.00000 -100.00000 
-100.00000 -100.00000 
-0.06209  0.16264 
 0.52977  0.58518 
-100.00000 -100.00000 
-100.00000 -100.00000 
-100.00000 -100.00000 
-100.00000 -100.00000 
-100.00000 -100.00000 
-100.00000  0.37853 
-100.00000 -100.00000 
-100.00000 -100.00000 
-100.00000 -100.00000 
-100.00000 -100.00000 
 1.12469 -100.00000 
-100.00000 -100.00000 
-100.00000 -100.00000 
-100.00000 -100.00000 
-0.31728  0.34185 
-100.00000 -100.00000 
-100.00000 -100.00000 
 0.00000  0.00000 
-100.00000 -100.00000 
-100.00000 -100.00000 
 0.00000  0.00000 
-100.00000 -100.00000 
-0.21896 -0.36684 
-100.00000 -100.00000 
 0.47255 -100.00000 
-100.00000 -100.00000 
 0.58510  0.32185 
-100.00000 -100.00000 
-100.00000 -100.00000 
-100.00000  0.29409 
-100.00000 -100.00000 
 0.00000  0.00000 
-0.12403  0.26596 
-100.00000 -100.00000 
-100.00000 -100.00000 
-100.00000 -100.00000 
 0.73513  0.56610 
-100.00000 -100.00000 
 0.12306 -0.16803 
-0.21771  0.62470 
-0.08525  0.58657 
-100.00000  0.61680 
-100.00000 -100.00000 
-0.03314 -0.11750 
-0.58272 -100.00000 
-100.00000 -100.00000 
 0.00000  0.00000 
 0.33437 -0.09340 
-100.00000 -100.00000 
-100.00000 -100.00000 
-100.00000 -100.00000 
-100.00000 -100.00000 
-100.00000 -100.00000 
-100.00000 -100.00000 
-100.00000 -100.00000 
-100.00000 -100.00000 
 0.26781 -0.00003 
-0.20553 -100.00000 
-100.00000 -100.00000 
 0.91352 -100.00000 
 0.26694 -0.05160 
 0.43888 -100.00000 
-0.71891 -0.13830 
 0.43618 -100.00000 
-0.37184 -100.00000 
-100.00000 -100.00000 
 0.10670 -0.07827 
-0.30140 -100.00000 
-100.00000 -0.11679 
-100.00000 -100.00000 
-100.00000 -100.00000 
 0.00018  0.20591 
-100.00000 -100.00000 
-100.00000 -100.00000 
-100.00000 -100.00000 
 0.22768 -100.00000 
-100.00000 -100.00000 
-100.00000 -100.00000 
-100.00000 -100.00000 
-100.00000 -100.00000 
-100.00000 -100.00000 
-100.00000 -100.00000 
-100.00000 -100.00000 
-100.00000 -100.00000 
-100.00000 -100.00000 
-100.00000 -100.00000 
-100.00000 -100.00000 
-0.54482 -100.00000 
 0.13737 -100.00000 
-100.00000 -100.00000 
-100.00000 -100.00000 
-0.00045 -100.00000 
-100.00000 -100.00000 
-0.39719  0.48735 
-100.00000 -100.00000 
 0.23940 -0.20103 
 0.31970 -100.00000 
-0.08693 -100.00000 
-0.00199 -100.00000 
-100.00000 -100.00000 
 0.06066 -100.00000 
 0.13750  0.67801 
-0.67431 -0.32398 
-100.00000 -100.00000 
 0.84624 -100.00000 
-100.00000 -100.00000 
-100.00000 -100.00000 
-100.00000  0.13763 
 0.06528 -100.00000 
 0.59119 -0.14817 
-100.00000 -100.00000 
-100.00000 -100.00000 
 0.00000  0.00000 
-0.05941 -0.25053 
-100.00000 -100.00000 
 0.20142 -0.23030 
-100.00000 -100.00000 
-0.13874 -0.27164 
-0.03435  0.42343 
-100.00000 -100.00000 
-100.00000 -100.00000 
-100.00000 -0.48255 
-100.00000 -100.00000 
 0.53210 -100.00000 
-100.00000 -100.00000 
-100.00000 -100.00000 
-100.00000 -100.00000 
-100.00000 -100.00000 
-100.00000 -100.00000 
-0.00005 -100.00000 
-100.00000 -100.00000 
-100.00000 -100.00000 
 0.29598 -100.00000 
-100.00000 -100.00000 
-100.00000 -100.00000 
-0.24858 -100.00000 
-100.00000 -100.00000 
-0.11357 -0.20711 
-100.00000 -100.00000 
-100.00000 -100.00000 
-100.00000 -100.00000 
 0.00495 -100.00000 
-100.00000 -100.00000 
 0.17199 -100.00000 
 0.00000  0.00000 
 0.00011 -100.00000 
-100.00000 -100.00000 
-100.00000 -100.00000 
-100.00000 -100.00000 
-100.00000 -100.00000 
 0.19006 -100.00000 
-100.00000 -100.00000 
-100.00000 -100.00000 
-100.00000 -100.00000 
 0.24048 -100.00000 
-100.00000 -0.41944 
-100.00000 -100.00000 
 0.00000  0.00000 
 0.00023 -100.00000 
-0.20984 -100.00000 
-100.00000 -100.00000 
-100.00000 -100.00000 
-100.00000 -100.00000 
 0.00000  0.00000 
-0.53998 -0.33074 
 0.47161 -0.08584 
-100.00000 -100.00000 
 0.41468 -0.29281 
 0.05152  0.12776 
 0.24620 -100.00000 
-100.00000 -100.00000 
-100.00000 -100.00000 
-0.93827 -100.00000 
-100.00000  0.00023 
-100.00000 -0.00005 
-0.16731  0.20390 
-0.15708 -100.00000 
-100.00000 -100.00000 
-100.00000 -100.00000 
-100.00000 -100.00000 
 0.75495 -0.47741 
-100.00000 -100.00000 
-100.00000 -100.00000 
-100.00000 -100.00000 
-100.00000 -100.00000 
-100.00000 -100.00000 
-100.00000 -100.00000 
-100.00000 -100.00000 
-100.00000 -100.00000 
 0.37959 -100.00000 
-100.00000 -100.00000 
-100.00000 -100.00000 
-0.68343  0.65683 
-100.00000 -100.00000 
 0.00000  0.00000 
-100.00000 -100.00000 
-100.00000 -100.00000 
-100.00000 -100.00000 
-100.00000 -100.00000 
-100.00000 -100.00000 
 0.35686  0.12901 
-0.49417 -100.00000 
-100.00000 -100.00000 
-100.00000 -100.00000 
-100.00000  0.13731 
-0.27574 -0.38193 
-100.00000 -100.00000 
-100.00000 -100.00000 
-0.80891 -0.19831 
-0.35210  0.11186 
-100.00000 -100.00000 
-100.00000 -100.00000 
-100.00000 -100.00000 
-100.00000 -100.00000 
-100.00000 -100.00000 
-100.00000 -100.00000 
-100.00000 -100.00000 
-100.00000 -100.00000 
-100.00000 -100.00000 
-100.00000 -100.00000 
-100.00000 -100.00000 
-100.00000 -100.00000 
-100.00000 -100.00000 
-100.00000 -100.00000 
-100.00000 -100.00000 
 0.09975 -0.01311 
-100.00000 -100.00000 
-100.00000 -100.00000 
 0.21762 -100.00000 
-100.00000 -100.00000 
-100.00000 -100.00000 
-0.41390 -100.00000 
 0.00000  0.00000 
-100.00000 -100.00000 
-100.00000 -100.00000 
-100.00000 -100.00000 
-100.00000 -100.00000 
-100.00000 -100.00000 
 0.00000  0.00000 
-100.00000 -100.00000 
-100.00000 -100.00000 
-100.00000 -100.00000 
-100.00000 -100.00000 
-100.00000 -100.00000 
-100.00000 -100.00000 
-100.00000 -100.00000 
-100.00000 -100.00000 
-0.29935 -100.00000 
-100.00000 -100.00000 
-100.00000 -100.00000 
-100.00000 -100.00000 
-100.00000 -100.00000 
-100.00000 -100.00000 
-100.00000 -100.00000 
-100.00000 -100.00000 
 0.13716  0.86151 
 0.10550 -100.00000 
-100.00000 -100.00000 
-100.00000 -100.00000 
-100.00000  0.51912 
-100.00000 -100.00000 
-100.00000 -100.00000 
-100.00000 -100.00000 
-100.00000 -100.00000 
-0.15633 -100.00000 
-100.00000 -100.00000 
-100.00000 -100.00000 
 0.00146  0.22915 
-100.00000 -100.00000 
-100.00000 -100.00000 
-100.00000 -100.00000 
-100.00000 -100.00000 
-100.00000 -100.00000 
-100.00000 -100.00000 
-100.00000 -100.00000 
-100.00000 -100.00000 
-100.00000 -100.00000 
-100.00000 -100.00000 
-100.00000 -100.00000 
-100.00000 -100.00000 
-100.00000 -100.00000 
-100.00000 -100.00000 
-100.00000 -100.00000 
-100.00000 -100.00000 
-100.00000 -100.00000 
-0.00004 -100.00000 
-100.00000 -100.00000 
-100.00000 -100.00000 
-100.00000  0.00016 
-100.00000 -100.00000 
-0.00021  0.61751 
-100.00000 -100.00000 
 0.00000  0.00000 
-100.00000 -100.00000 
-100.00000 -100.00000 
-100.00000 -100.00000 
-0.00018 -100.00000 
-100.00000 -100.00000 
-0.58258 -100.00000 
 0.00000  0.00000 
-100.00000 -100.00000 
 0.24991  0.13725 
 0.00238  0.76805 
-100.00000 -100.00000 
-100.00000  0.26312 
-100.00000 -100.00000 
-100.00000 -100.00000 
-100.00000 -100.00000 
-100.00000 -100.00000 
-100.00000 -100.00000 
-0.13513 -100.00000 
-100.00000 -100.00000 
-100.00000 -100.00000 
-100.00000 -100.00000 
-100.00000 -100.00000 
-100.00000 -100.00000 
-100.00000 -100.00000 
 0.00000  0.00000 
-100.00000 -100.00000 
-100.00000 -100.00000 
-100.00000 -100.00000 
-100.00000 -100.00000 
-100.00000 -100.00000 
-100.00000 -100.00000 
-100.00000 -100.00000 
-100.00000 -100.00000 
-100.00000 -100.00000 
-0.09716 -0.44180 
-100.00000  0.00008 
-100.00000 -100.00000 
-100.00000 -100.00000 
-100.00000  0.00015 
-100.00000 -100.00000 
-100.00000 -100.00000 
-100.00000 -100.00000 
-100.00000 -100.00000 
-100.00000 -100.00000 
-100.00000 -100.00000 
-100.00000 -100.00000 
 0.00000  0.00000 
-100.00000 -100.00000 
-100.00000 -100.00000 
 0.25886 -100.00000 
-100.00000 -100.00000 
-100.00000 -100.00000 
-100.00000 -100.00000 
-100.00000 -100.00000 
-100.00000 -100.00000 
-0.13728 -100.00000 
-100.00000 -100.00000 
-100.00000 -100.00000 
-100.00000 -100.00000 
-100.00000 -100.00000 
-100.00000 -100.00000 
-100.00000 -100.00000 
 0.12594 -100.00000 
-100.00000 -100.00000 
-100.00000 -100.00000 
-100.00000 -100.00000 
-100.00000 -100.00000 
 0.11975 -1.02169 
-100.00000 -100.00000 
 0.19749 -0.05213 
 0.22737 -0.50848 
-100.00000 -100.00000 
-100.00000 -100.00000 
-100.00000 -100.00000 
 0.00000  0.00000 
-100.00000 -100.00000 
 0.00000  0.00000 
-0.53717 -0.13130 
-100.00000 -100.00000 
-100.00000 -100.00000 
-100.00000 -100.00000 
-100.00000 -100.00000 
-100.00000 -100.00000 
-100.00000 -100.00000 
 0.07282  0.39466 
-100.00000 -100.00000 
-100.00000 -100.00000 
-100.00000 -100.00000 
-0.00012 -100.00000 
-100.00000 -100.00000 
 0.55544  0.03042 
-100.00000 -100.00000 
-0.32441 -100.00000 
-100.00000 -100.00000 
-100.00000  0.13757 
 0.11449 -100.00000 
-100.00000 -100.00000 
-100.00000 -100.00000 
-100.00000 -100.00000 
 0.01297 -100.00000 
-100.00000 -100.00000 
-0.37086 -100.00000 
-100.00000 -100.00000 
-0.01555  0.22523 
-100.00000 -100.00000 
-0.88347  0.18786 
-0.01384  0.46596 
-100.00000  0.01993 
 0.29225 -100.00000 
-100.00000 -100.00000 
 0.01179 -100.00000 
-0.21070 -0.20230 
-100.00000 -100.00000 
-0.01353 -100.00000 
-0.14557 -100.00000 
-100.00000 -100.00000 
-100.00000 -100.00000 
-100.00000 -100.00000 
-100.00000 -100.00000 
-100.00000 -100.00000 
-100.00000 -100.00000 
-100.00000 -100.00000 
-100.00000 -100.00000 
 0.00008 -100.00000 
-100.00000 -100.00000 
-100.00000  0.17157 
-100.00000 -0.00004 
-100.00000 -100.00000 
-100.00000 -100.00000 
 0.12220  0.26311 
-100.00000 -100.00000 
-100.00000 -100.00000 
-100.00000 -100.00000 
-100.00000 -100.00000 
 0.19844  0.00003 
 0.13043 -100.00000 
 0.35318 -100.00000 
-100.00000 -0.05507 
-0.34091  0.39479 
-100.00000 -100.00000 
-100.00000 -100.00000 
-100.00000 -100.00000 
 0.09027 -0.22107 
-100.00000 -100.00000 
 0.00000  0.00000 
-0.24058 -100.00000 
-100.00000 -100.00000 
-100.00000 -100.00000 
-100.00000 -100.00000 
-100.00000 -100.00000 
-100.00000 -100.00000 
-0.27380  0.49192 
-100.00000 -100.00000 
-100.00000 -100.00000 
-0.14960 -100.00000 
-100.00000  0.29535 
-100.00000 -100.00000 
-100.00000 -0.50811 
 0.22742  0.39452 
