-100.00000 -100.00000 
 0.13811 -100.00000 
-0.61402  0.11362 
-100.00000 -0.40148 
-100.00000 -100.00000 
-100.00000 -100.00000 
-0.34472  0.13737 
-100.00000 -100.00000 
-100.00000 -100.00000 
-0.12435 -0.03318 
-100.00000 -100.00000 
-100.00000 -100.00000 
-100.00000 -100.00000 
 0.58102  0.24593 
-100.00000 -100.00000 
 0.00000  0.00000 
-100.00000 -100.00000 
 0.00000  0.00000 
-100.00000  0.13755 
-100.00000 -100.00000 
-100.00000 -100.00000 
-100.00000 -100.00000 
-0.23681 -0.23651 
 0.13740 -100.00000 
-100.00000 -0.00001 
-100.00000 -100.00000 
 0.21366  0.27939 
-0.08922  0.09737 
-100.00000 -100.00000 
-100.00000 -100.00000 
 0.00000  0.00000 
-100.00000 -100.00000 
-0.00003 -100.00000 
 0.00000  0.00000 
-100.00000 -100.00000 
-100.00000 -100.00000 
-100.00000 -100.00000 
-0.56715  0.01224 
-100.00000 -100.00000 
-0.03228 -0.14139 
-100.00000 -100.00000 
-100.00000 -100.00000 
-100.00000 -100.00000 
-100.00000 -100.00000 
-0.12253 -100.00000 
-100.00000 -100.00000 
-100.00000  0.26313 
 0.07668  0.84409 
-100.00000 -100.00000 
-100.00000 -100.00000 
 0.51695 -0.11921 
 0.00000  0.00000 
-100.00000 -0.21616 
-100.00000 -100.00000 
 0.19816  0.01697 
-100.00000 -100.00000 
-100.00000 -100.00000 
-100.00000 -100.00000 
-100.00000 -100.00000 
-100.00000  0.26288 
-100.00000 -100.00000 
-100.00000  0.28322 
-100.00000 -100.00000 
-100.00000 -100.00000 
-0.68920 -0.03413 
-100.00000 -100.00000 
-100.00000 -100.00000 
-0.26923 -0.03400 
-100.00000 -100.00000 
-0.52981 -0.42480 
-100.00000 -0.15563 
-100.00000 -100.00000 
-0.07368  0.35754 
-100.00000 -100.00000 
-100.00000 -100.00000 
-100.00000 -100.00000 
-100.00000 -100.00000 
-100.00000 -0.00000 
-100.00000 -100.00000 
-100.00000 -100.00000 
-0.11954  0.50124 
-100.00000 -100.00000 
-0.31869 -0.86808 
-100.00000 -100.00000 
 0.00000  0.00000 
 0.06062 -0.90051 
-100.00000  0.13754 
-0.00007 -100.00000 
-0.15040 -0.68907 
 0.05746 -0.35139 
-100.00000 -100.00000 
 0.49001  0.32962 
-100.00000 -100.00000 
-100.00000 -100.00000 
-0.10135  0.10685 
-100.00000 -100.00000 
-100.00000 -100.00000 
-0.24255 -0.44951 
-0.61442  0.07316 
-100.00000  0.26317 
-0.38761  0.07677 
-100.00000  0.00029 
 0.06317 -0.79906 
-0.46395 -0.14804 
-100.00000 -100.00000 
-100.00000 -100.00000 
-100.00000 -100.00000 
 0.13751 -0.28828 
-100.00000 -100.00000 
-100.00000 -100.00000 
 0.00000  0.00000 
-100.00000 -100.00000 
 0.00063 -100.00000 
 0.00000  0.00000 
-100.00000  0.11313 
-0.18785 -0.67690 
-0.12388  0.08991 
-100.00000 -100.00000 
-100.00000 -100.00000 
 0.14384 -0.02551 
-100.00000 -100.00000 
-100.00000 -100.00000 
-100.00000 -100.00000 
 0.26296 -0.23880 
-100.00000 -100.00000 
 0.23159  0.00027 
 0.46119  0.33429 
-100.00000 -100.00000 
 0.22752  0.47774 
-100.00000 -100.00000 
-100.00000 -100.00000 
-0.40183  0.17087 
-100.00000 -100.00000 
-100.00000 -100.00000 
 0.00014 -0.67857 
-0.16270  0.10550 
-0.18076  0.07694 
-100.00000 -0.38994 
-100.00000 -100.00000 
-100.00000 -100.00000 
-100.00000 -0.38722 
-0.17207  0.21561 
-100.00000 -100.00000 
-100.00000 -100.00000 
-0.30095 -0.02155 
-0.01279 -0.22038 
-100.00000 -100.00000 
-100.00000 -100.00000 
-100.00000 -100.00000 
-100.00000 -100.00000 
-100.00000 -100.00000 
-100.00000 -100.00000 
-0.12313 -100.00000 
-0.13260  0.18723 
-0.87618  0.22742 
-0.00048  0.61458 
 0.46664 -0.28702 
-100.00000 -100.00000 
-100.00000  0.10014 
-100.00000 -100.00000 
-100.00000 -100.00000 
-100.00000 -100.00000 
-0.15511  0.40598 
-100.00000 -100.00000 
-100.00000 -100.00000 
-100.00000 -100.00000 
-100.00000 -100.00000 
-100.00000 -100.00000 
-100.00000 -100.00000 
 0.06502  0.22839 
-0.38318 -0.07882 
 0.00000  0.00000 
 0.25286  0.94778 
-100.00000  0.13756 
-0.26360  0.79309 
-100.00000 -100.00000 
-100.00000 -100.00000 
-100.00000 -100.00000 
 0.69542 -0.45404 
-100.00000 -0.15011 
-100.00000 -0.03542 
-100.00000 -0.00001 
-0.02958  0.69891 
 0.38854  0.51028 
-100.00000 -100.00000 
-0.17880  0.02197 
-100.00000 -100.00000 
-0.26286  0.34496 
 0.26313 -0.15083 
-100.00000 -100.00000 
-100.00000 -100.00000 
-100.00000 -100.00000 
-100.00000 -100.00000 
-0.01542  0.37941 
-100.00000 -100.00000 
-100.00000 -100.00000 
-0.12123  0.14679 
-100.00000 -100.00000 
-100.00000 -100.00000 
-100.00000 -100.00000 
-100.00000 -100.00000 
 0.00000  0.00000 
-0.23156 -0.00512 
-100.00000 -100.00000 
-0.38876 -100.00000 
 0.03146  0.10721 
-100.00000 -100.00000 
-100.00000 -0.13755 
-0.25489  0.23085 
-0.00234  0.42257 
-0.12160 -100.00000 
 0.16776  0.77222 
 0.04194 -0.11814 
-100.00000 -100.00000 
-100.00000 -100.00000 
-0.00030 -0.00073 
-100.00000 -100.00000 
-100.00000 -100.00000 
-0.00002 -100.00000 
 0.99929 -0.32375 
-0.58605 -0.12846 
-100.00000 -100.00000 
 0.20893  0.02158 
-100.00000 -100.00000 
-100.00000 -100.00000 
 0.00012  0.00019 
 0.13737  0.13765 
-100.00000 -100.00000 
 0.42528  0.02538 
-100.00000 -100.00000 
 0.04126 -0.00313 
-0.60920 -0.66028 
-100.00000 -100.00000 
-100.00000 -100.00000 
-100.00000  0.00526 
 0.15333  0.24345 
-0.11700 -100.00000 
 0.00000  0.00000 
-100.00000 -100.00000 
-100.00000  0.13674 
-100.00000 -100.00000 
-100.00000 -100.00000 
-100.00000 -100.00000 
 0.28412  0.34440 
-100.00000  0.01641 
 0.26299 -100.00000 
-100.00000 -100.00000 
-100.00000  0.13779 
-100.00000 -100.00000 
-100.00000 -100.00000 
-0.32110  0.13520 
-100.00000  0.67808 
-0.09365 -0.25939 
 0.00000  0.00000 
-100.00000  0.10341 
-100.00000 -100.00000 
-100.00000  0.00029 
-100.00000 -100.00000 
-0.12606 -0.13027 
-100.00000 -100.00000 
-100.00000  0.00003 
 0.69739  0.48329 
 0.02610 -0.07528 
-100.00000 -100.00000 
-100.00000 -100.00000 
-100.00000 -100.00000 
-100.00000 -100.00000 
-100.00000 -100.00000 
-100.00000 -100.00000 
-100.00000  0.00014 
-100.00000 -100.00000 
-100.00000 -100.00000 
-100.00000 -100.00000 
 0.15182 -0.00880 
-100.00000 -100.00000 
-0.39178  0.37886 
 0.31005 -0.44558 
-0.26425 -0.03296 
-100.00000 -100.00000 
-0.41411 -0.19529 
-100.00000 -100.00000 
-100.00000 -100.00000 
-100.00000 -100.00000 
-100.00000 -100.00000 
 0.05013  0.15046 
-100.00000 -100.00000 
 0.05706 -0.00010 
-100.00000 -100.00000 
-0.04309  0.57250 
 0.06801 -0.31173 
-100.00000 -100.00000 
-0.08416 -0.32058 
-100.00000 -100.00000 
-0.45859  0.08127 
-100.00000 -100.00000 
-100.00000 -100.00000 
-100.00000 -100.00000 
-100.00000 -100.00000 
-0.28665  0.13385 
-100.00000 -100.00000 
 0.03899  0.03880 
-100.00000 -100.00000 
 0.44779 -0.58901 
-100.00000 -100.00000 
 0.08197 -0.17744 
-100.00000 -100.00000 
-100.00000 -100.00000 
-100.00000 -100.00000 
-100.00000  0.00014 
 0.45214 -0.00475 
-100.00000 -100.00000 
-0.21906  0.07905 
-100.00000 -100.00000 
-0.20943 -0.51566 
-100.00000 -100.00000 
-100.00000 -100.00000 
-100.00000 -100.00000 
-0.07670 -0.23292 
-100.00000 -100.00000 
-100.00000 -100.00000 
-100.00000 -100.00000 
 0.26285 -100.00000 
 0.44332 -0.08267 
-100.00000 -100.00000 
-100.00000 -100.00000 
-100.00000 -0.28561 
-100.00000 -100.00000 
-100.00000 -100.00000 
-100.00000 -100.00000 
-100.00000 -100.00000 
-100.00000 -100.00000 
-100.00000 -100.00000 
-100.00000 -100.00000 
-100.00000 -0.15078 
-100.00000 -100.00000 
-0.42356 -0.00669 
-100.00000  0.13431 
-100.00000 -100.00000 
-100.00000 -100.00000 
-100.00000 -100.00000 
-100.00000 -100.00000 
-100.00000 -100.00000 
-100.00000 -100.00000 
-0.60570  0.04807 
-100.00000 -100.00000 
-100.00000 -100.00000 
-100.00000 -100.00000 
 0.36343 -0.27792 
-100.00000 -100.00000 
 0.04850 -0.28051 
-0.14588 -0.16110 
-100.00000 -100.00000 
-100.00000 -100.00000 
-0.28164 -0.42928 
-100.00000 -100.00000 
-100.00000 -100.00000 
-100.00000 -100.00000 
-100.00000 -0.61817 
-100.00000 -100.00000 
-100.00000 -100.00000 
-100.00000 -100.00000 
 0.00000  0.00000 
-100.00000 -100.00000 
-100.00000 -100.00000 
-100.00000 -0.42769 
 0.23392 -0.17818 
-100.00000 -100.00000 
-0.12235 -100.00000 
-100.00000 -0.15736 
-100.00000 -0.00032 
-0.73925  0.04538 
 0.08556  0.33350 
 0.13754 -100.00000 
-100.00000 -100.00000 
-0.23502 -0.56301 
 0.31711 -0.50072 
 0.01511 -100.00000 
-100.00000 -100.00000 
-100.00000 -100.00000 
 0.00000  0.00000 
-100.00000 -100.00000 
-100.00000 -0.00004 
-100.00000 -100.00000 
-100.00000 -100.00000 
-100.00000 -100.00000 
 0.40201  0.09314 
-0.31978  0.24205 
-100.00000 -100.00000 
-0.45382 -0.35166 
-100.00000 -100.00000 
-100.00000 -100.00000 
-100.00000 -100.00000 
-0.44911  0.41815 
-100.00000 -100.00000 
-100.00000 -100.00000 
-0.68555 -0.14466 
-100.00000 -100.00000 
-0.22168 -100.00000 
-100.00000 -100.00000 
-0.12224 -0.30301 
-100.00000 -100.00000 
-100.00000 -100.00000 
 0.06248  0.40096 
-100.00000 -100.00000 
-100.00000 -100.00000 
-100.00000 -100.00000 
-100.00000 -100.00000 
-0.55737  0.18176 
-100.00000 -100.00000 
-0.03114 -0.31571 
-100.00000 -100.00000 
 0.00179 -0.23280 
-100.00000 -100.00000 
-0.02907 -0.47431 
 0.08137 -0.08627 
-100.00000 -100.00000 
-100.00000 -0.12502 
-100.00000 -100.00000 
-100.00000 -100.00000 
-100.00000 -100.00000 
 0.92284  1.26188 
-0.10582  0.09537 
-100.00000 -100.00000 
 0.10769 -0.50227 
-100.00000 -100.00000 
-100.00000 -100.00000 
-100.00000 -100.00000 
 0.00000  0.00000 
 0.00000  0.00000 
-100.00000 -100.00000 
-100.00000 -100.00000 
-100.00000 -100.00000 
 0.00000  0.00000 
-100.00000 -100.00000 
-100.00000 -100.00000 
-100.00000 -100.00000 
-100.00000 -100.00000 
 0.40648 -0.29025 
-100.00000 -100.00000 
 0.26310 -0.29175 
-100.00000 -100.00000 
-100.00000 -100.00000 
-100.00000  0.12674 
-100.00000 -100.00000 
-100.00000 -100.00000 
-0.22156  0.00006 
 0.13390  0.08771 
-0.45008  0.00140 
-100.00000 -100.00000 
-100.00000 -100.00000 
-100.00000 -100.00000 
 0.00000  0.00000 
-100.00000 -100.00000 
-100.00000 -100.00000 
 0.00000  0.00000 
 0.16501 -0.67500 
-0.12654  0.17159 
-100.00000 -100.00000 
-100.00000 -100.00000 
-0.37907 -0.19014 
-100.00000 -100.00000 
-100.00000 -100.00000 
-0.67131 -0.07628 
-100.00000 -100.00000 
-100.00000 -100.00000 
-100.00000 -100.00000 
-100.00000  0.13773 
-100.00000 -100.00000 
-100.00000 -100.00000 
-100.00000 -0.00004 
-0.18625 -0.06832 
 0.15407  0.09901 
-0.08391  0.00039 
-100.00000 -100.00000 
 0.00226 -0.61269 
-100.00000  0.00010 
-100.00000 -100.00000 
 0.04311 -0.05063 
-100.00000 -100.00000 
-100.00000  0.00001 
-100.00000 -100.00000 
-0.06496 -0.37063 
-100.00000 -100.00000 
-0.00031  0.13727 
-100.00000 -100.00000 
-0.34481 -100.00000 
-100.00000 -100.00000 
 0.00000  0.00000 
-0.14193 -0.26128 
 0.54309 -0.14666 
-100.00000 -100.00000 
-100.00000 -100.00000 
 0.14492 -0.25182 
-100.00000  0.13741 
-100.00000 -100.00000 
-100.00000 -100.00000 
-0.25106 -0.21947 
-100.00000 -0.15055 
-100.00000 -0.48166 
-100.00000 -0.01412 
 0.00000  0.00000 
-100.00000 -100.00000 
-100.00000 -100.00000 
-100.00000  0.51263 
 0.13736  0.13756 
-100.00000 -100.00000 
-0.03454 -0.61675 
-0.27282  0.77505 
-100.00000 -100.00000 
-0.08151 -100.00000 
-100.00000 -100.00000 
-0.66888 -0.30017 
 0.03584 -100.00000 
-0.67763  0.67795 
-0.07768  0.28626 
-100.00000 -100.00000 
 0.00000  0.00000 
-100.00000 -100.00000 
-100.00000 -100.00000 
-0.35935  0.13735 
-100.00000 -100.00000 
 0.26244  0.50065 
-100.00000 -0.02122 
 0.00005 -0.12846 
-0.76398 -100.00000 
-100.00000 -100.00000 
 0.00010  0.01137 
-0.09481 -100.00000 
-100.00000 -100.00000 
-100.00000 -100.00000 
-100.00000 -100.00000 
-100.00000 -100.00000 
 0.26289 -0.14365 
-100.00000 -100.00000 
-100.00000 -100.00000 
-100.00000 -100.00000 
-100.00000 -100.00000 
-100.00000 -100.00000 
-100.00000 -100.00000 
-100.00000 -100.00000 
-100.00000 -100.00000 
-100.00000 -100.00000 
-100.00000 -100.00000 
 0.01345 -0.01245 
-100.00000 -100.00000 
-100.00000 -100.00000 
-100.00000 -100.00000 
-100.00000 -100.00000 
-100.00000 -100.00000 
-100.00000 -100.00000 
-100.00000 -100.00000 
-100.00000 -0.00004 
-100.00000 -100.00000 
-100.00000 -100.00000 
-100.00000 -0.05629 
 0.00044 -0.14579 
-100.00000 -100.00000 
-100.00000 -100.00000 
-100.00000 -100.00000 
-100.00000 -100.00000 
-100.00000 -100.00000 
 0.13869 -0.04950 
-100.00000 -100.00000 
 0.48552 -100.00000 
-100.00000 -100.00000 
