-100.00000 -100.00000 
-0.20828  0.90850 
 0.43939 -0.27999 
-0.91606 -0.27595 
-1.17357  0.12159 
 0.30344  0.84046 
-100.00000 -100.00000 
-0.06610 -0.16103 
 0.13970 -0.15635 
-100.00000 -100.00000 
-100.00000  0.26291 
-100.00000  0.13557 
-100.00000 -100.00000 
-100.00000 -100.00000 
-100.00000  0.10672 
-100.00000 -100.00000 
 0.00013 -100.00000 
-100.00000 -100.00000 
-0.06371  0.26308 
-100.00000 -100.00000 
-100.00000 -100.00000 
-100.00000 -100.00000 
-100.00000 -100.00000 
-100.00000 -100.00000 
 0.23999  0.09404 
-100.00000 -100.00000 
-100.00000 -100.00000 
-100.00000 -100.00000 
 0.07235  0.54839 
 0.01336  0.32931 
-100.00000 -100.00000 
 0.14022  0.33034 
-100.00000 -100.00000 
-100.00000 -100.00000 
 0.13755 -0.15974 
 0.01329  0.13758 
 0.14502 -0.89130 
-100.00000 -100.00000 
-100.00000 -100.00000 
-100.00000 -100.00000 
-100.00000 -100.00000 
 0.54947 -0.42127 
-100.00000 -100.00000 
-100.00000 -100.00000 
-0.09797  0.13750 
 0.23864  0.18767 
-100.00000 -100.00000 
-100.00000 -100.00000 
-0.24170  0.01814 
-0.11119  0.36797 
-100.00000 -100.00000 
-100.00000 -100.00000 
-100.00000 -100.00000 
-100.00000 -0.26055 
-100.00000 -100.00000 
-100.00000 -100.00000 
-100.00000 -100.00000 
 0.43301  1.15913 
-100.00000 -100.00000 
-100.00000 -100.00000 
-100.00000 -100.00000 
-100.00000 -100.00000 
-100.00000 -100.00000 
 0.00010 -100.00000 
-0.30419  0.24206 
 0.00000  0.00000 
 0.18443 -0.41681 
-0.51904 -0.70814 
-100.00000 -100.00000 
-100.00000 -100.00000 
-0.17107 -100.00000 
-100.00000 -100.00000 
-100.00000 -100.00000 
-100.00000 -100.00000 
-0.09955 -0.27084 
-100.00000 -100.00000 
-100.00000 -100.00000 
 0.64117  0.04055 
-0.00008 -100.00000 
-100.00000 -100.00000 
-100.00000 -100.00000 
 0.00000  0.00000 
-100.00000 -100.00000 
-100.00000 -100.00000 
-100.00000 -100.00000 
 0.59454 -0.41866 
 0.49666  0.27350 
 0.05051  0.71208 
 0.00000  0.00000 
 0.00432 -0.22446 
-100.00000  0.00031 
-0.56907 -0.25840 
-100.00000 -100.00000 
 0.20938  0.44247 
-100.00000 -100.00000 
-100.00000 -100.00000 
-100.00000 -100.00000 
-100.00000 -100.00000 
-0.37562 -0.41116 
 0.00000  0.00000 
-0.26961 -100.00000 
 0.46415  0.73077 
 0.03504 -0.39543 
-100.00000 -100.00000 
-100.00000 -100.00000 
 0.60147  0.09896 
-100.00000 -100.00000 
-100.00000 -100.00000 
 0.00000  0.00000 
-100.00000 -100.00000 
 0.02507  0.26296 
-0.00085  0.16029 
-100.00000 -100.00000 
-100.00000 -100.00000 
-100.00000 -0.40979 
 0.14217 -0.15118 
-100.00000 -100.00000 
 0.01852 -0.30426 
-100.00000 -100.00000 
-100.00000 -100.00000 
-100.00000  0.00003 
-100.00000 -100.00000 
 0.00005 -100.00000 
-0.11289  0.09748 
-100.00000 -100.00000 
 0.19820  0.57535 
-0.18404  0.65870 
-100.00000 -100.00000 
-100.00000 -100.00000 
-100.00000 -100.00000 
-100.00000 -100.00000 
 0.13911 -100.00000 
-100.00000 -100.00000 
-100.00000 -100.00000 
 0.00000  0.00000 
-0.00266 -0.08721 
-100.00000 -100.00000 
 0.01391  0.05751 
 0.36924  0.17544 
-100.00000 -100.00000 
 0.00000  0.00000 
-100.00000 -100.00000 
 0.24838 -0.38644 
 0.00009 -100.00000 
-100.00000 -100.00000 
 0.33236 -0.66579 
-100.00000 -100.00000 
-100.00000  0.00015 
-100.00000 -100.00000 
-100.00000 -100.00000 
 0.56159  0.09991 
-100.00000 -100.00000 
-0.24457  0.02565 
 0.07706 -0.17260 
-100.00000 -100.00000 
-0.23810 -100.00000 
-100.00000 -100.00000 
-0.39948 -0.33534 
-100.00000 -100.00000 
-0.23699  0.00004 
-100.00000 -100.00000 
-100.00000 -100.00000 
-100.00000 -100.00000 
-100.00000 -100.00000 
-0.15991 -0.60078 
-100.00000 -100.00000 
-0.40963  0.06150 
-100.00000 -100.00000 
-100.00000 -100.00000 
-100.00000 -100.00000 
-0.12339 -100.00000 
 0.09271 -0.29835 
 0.57824  0.17511 
-100.00000 -100.00000 
 0.00000  0.00000 
-0.17011  0.20871 
 0.33939  0.85069 
 0.00027  0.37835 
 0.13765 -0.00005 
 0.80522 -0.14687 
-100.00000 -100.00000 
-100.00000 -100.00000 
-100.00000 -100.00000 
-100.00000 -100.00000 
-100.00000 -100.00000 
 0.13740  0.22754 
-100.00000 -100.00000 
 0.14711  0.41163 
-100.00000 -100.00000 
-0.23498 -0.00873 
-100.00000 -100.00000 
 0.49849  0.26582 
-100.00000 -100.00000 
-100.00000 -100.00000 
-100.00000 -100.00000 
 0.14532 -0.12697 
-100.00000 -0.24371 
 0.00000  0.00000 
-0.27519  0.33713 
-100.00000 -100.00000 
 0.02992 -100.00000 
 0.01627 -100.00000 
-100.00000 -100.00000 
-100.00000 -100.00000 
-0.29668 -0.22654 
-100.00000 -100.00000 
 0.15140  0.13999 
-100.00000 -100.00000 
 0.40376  0.11303 
-0.56692 -0.45901 
-0.01799 -0.19331 
 0.20609  0.37910 
 0.25690  0.01737 
-100.00000 -100.00000 
-100.00000 -100.00000 
 0.01787 -0.06741 
-100.00000 -100.00000 
-0.12133 -100.00000 
 0.02630 -0.36851 
 0.05832 -0.30338 
-100.00000 -100.00000 
-100.00000 -100.00000 
-100.00000 -100.00000 
-100.00000 -100.00000 
-100.00000 -100.00000 
-100.00000 -100.00000 
-100.00000 -100.00000 
 0.00000  0.00000 
-100.00000 -100.00000 
-0.55209 -1.15332 
-0.12163 -100.00000 
-0.11742 -0.45405 
-100.00000 -100.00000 
 0.00000  0.00000 
-0.34146  0.44958 
-100.00000  0.00027 
-100.00000 -100.00000 
-100.00000 -100.00000 
-0.09088  0.12320 
-0.29952 -0.57780 
-100.00000 -100.00000 
-100.00000 -100.00000 
-100.00000 -100.00000 
-100.00000 -100.00000 
-100.00000 -100.00000 
-100.00000 -100.00000 
-100.00000 -100.00000 
 0.13746 -100.00000 
-100.00000 -100.00000 
 0.46204  0.07554 
-0.05403 -0.16323 
 0.00000  0.00000 
-100.00000 -100.00000 
-100.00000 -100.00000 
-0.23235 -0.11226 
-100.00000 -100.00000 
-100.00000 -100.00000 
-100.00000 -100.00000 
-100.00000 -100.00000 
-100.00000 -100.00000 
-100.00000  0.00003 
-100.00000 -100.00000 
-100.00000 -100.00000 
 0.17693  0.24325 
-100.00000 -100.00000 
-100.00000 -0.13793 
 0.00000  0.00000 
-100.00000 -100.00000 
-100.00000 -100.00000 
-100.00000 -100.00000 
-100.00000 -100.00000 
-100.00000 -100.00000 
 0.72360  0.12655 
-100.00000 -100.00000 
 0.34122 -0.00181 
-100.00000  0.13785 
-0.20810  0.71514 
 0.41536  0.10600 
 0.55071  0.00559 
-100.00000  0.00020 
-100.00000 -100.00000 
-100.00000 -100.00000 
-0.33658 -0.00094 
-0.15361  0.28237 
 0.13730  0.00021 
-100.00000 -100.00000 
 0.37955  0.28650 
-0.07642 -0.03045 
-0.17413 -0.27667 
 0.46001  0.28627 
-100.00000 -100.00000 
-100.00000 -100.00000 
-100.00000 -0.28240 
-100.00000 -0.28832 
-100.00000 -100.00000 
-0.20215 -100.00000 
 0.38624  0.55012 
 0.00000  0.00000 
-0.27311  0.61072 
-100.00000  0.00004 
-100.00000 -100.00000 
-100.00000 -100.00000 
 0.36309  0.07934 
-100.00000 -100.00000 
-100.00000 -0.15634 
-0.22690 -0.12966 
 0.00000  0.00000 
-100.00000 -100.00000 
-0.11025 -0.03529 
-100.00000 -100.00000 
-100.00000 -100.00000 
-0.04337 -0.47351 
 0.00000  0.00000 
-100.00000 -100.00000 
-100.00000  0.48521 
-100.00000 -100.00000 
-100.00000 -100.00000 
-100.00000 -100.00000 
-100.00000 -100.00000 
 0.00000  0.00000 
-100.00000 -100.00000 
-100.00000 -100.00000 
-100.00000 -100.00000 
-100.00000 -100.00000 
-100.00000 -100.00000 
 0.55841  0.94855 
-100.00000 -100.00000 
-100.00000 -100.00000 
-100.00000 -100.00000 
-100.00000 -100.00000 
-100.00000 -100.00000 
-0.12129 -100.00000 
-100.00000 -100.00000 
-0.35172 -0.09891 
-100.00000  0.00002 
-100.00000 -100.00000 
-100.00000 -100.00000 
 0.00000  0.00000 
-0.02978  0.32465 
-100.00000 -100.00000 
-100.00000 -0.00006 
-100.00000 -100.00000 
 0.00008 -100.00000 
-100.00000 -100.00000 
-0.18064 -0.39387 
-100.00000 -100.00000 
-100.00000 -100.00000 
-100.00000  0.13756 
-100.00000 -100.00000 
-100.00000 -100.00000 
-100.00000 -100.00000 
 0.00005 -0.01914 
-100.00000 -100.00000 
-100.00000 -100.00000 
-100.00000 -100.00000 
-100.00000 -100.00000 
-100.00000 -100.00000 
-0.39665  0.02403 
-100.00000 -100.00000 
-100.00000 -100.00000 
-100.00000 -100.00000 
-100.00000 -100.00000 
-100.00000 -100.00000 
-100.00000 -100.00000 
-0.00005 -100.00000 
-100.00000 -100.00000 
-100.00000 -100.00000 
-0.23510 -0.15713 
 0.00003 -0.01985 
 0.00010 -100.00000 
-100.00000 -100.00000 
-100.00000 -100.00000 
 0.03896 -0.16717 
-100.00000 -100.00000 
 0.23368  0.31299 
-100.00000 -100.00000 
-100.00000 -100.00000 
-100.00000 -0.00013 
 0.00007 -100.00000 
-100.00000 -100.00000 
-0.00007  0.00100 
 0.34724 -100.00000 
-100.00000 -100.00000 
-100.00000 -100.00000 
-100.00000  0.13754 
-100.00000  0.58393 
-0.00005  0.26299 
-100.00000 -100.00000 
-100.00000 -100.00000 
-100.00000 -100.00000 
-100.00000 -100.00000 
-100.00000 -100.00000 
-100.00000 -100.00000 
-100.00000 -100.00000 
-100.00000 -100.00000 
-100.00000 -100.00000 
 0.44453 -0.16013 
-100.00000 -100.00000 
-100.00000 -100.00000 
-100.00000 -100.00000 
-100.00000 -100.00000 
-100.00000 -100.00000 
-100.00000 -100.00000 
 0.08436 -0.09190 
 0.65048 -100.00000 
-100.00000 -100.00000 
-0.22149  0.00007 
-100.00000 -0.09835 
-100.00000  0.00006 
-100.00000 -100.00000 
-100.00000 -100.00000 
-100.00000 -100.00000 
-100.00000 -100.00000 
-100.00000 -100.00000 
-100.00000 -0.08627 
-100.00000 -100.00000 
-100.00000 -100.00000 
-100.00000 -100.00000 
-100.00000 -100.00000 
-100.00000 -100.00000 
-100.00000 -100.00000 
-100.00000 -100.00000 
-100.00000 -100.00000 
-100.00000 -100.00000 
-100.00000 -100.00000 
-100.00000 -100.00000 
-100.00000 -100.00000 
-100.00000 -100.00000 
 0.14910 -100.00000 
-100.00000 -100.00000 
-100.00000 -100.00000 
-0.06049  0.39520 
-100.00000 -100.00000 
-100.00000 -100.00000 
-100.00000 -100.00000 
-100.00000 -100.00000 
-100.00000 -100.00000 
-100.00000  0.00001 
-100.00000 -100.00000 
-100.00000 -100.00000 
-100.00000 -100.00000 
-100.00000 -100.00000 
-100.00000 -100.00000 
-0.02704 -0.40720 
-0.15486  0.58557 
-100.00000 -100.00000 
-100.00000 -100.00000 
-100.00000 -100.00000 
-100.00000 -100.00000 
 0.14804 -100.00000 
-100.00000 -100.00000 
-100.00000 -100.00000 
-100.00000 -100.00000 
 0.04148 -0.24000 
-100.00000 -100.00000 
-100.00000 -100.00000 
-100.00000 -100.00000 
-100.00000 -100.00000 
-100.00000 -100.00000 
-100.00000 -100.00000 
 0.49924 -0.44668 
-100.00000 -100.00000 
-100.00000 -100.00000 
-100.00000 -100.00000 
-100.00000 -100.00000 
-100.00000 -100.00000 
-100.00000 -100.00000 
-100.00000 -0.34798 
 0.13750 -100.00000 
-100.00000 -100.00000 
-100.00000 -100.00000 
-100.00000 -100.00000 
-100.00000  0.00002 
-100.00000 -100.00000 
-100.00000 -0.13698 
-100.00000 -100.00000 
-100.00000  0.00012 
-100.00000 -100.00000 
-100.00000 -100.00000 
-100.00000 -100.00000 
 0.01357  0.37879 
-100.00000 -100.00000 
-100.00000 -100.00000 
-100.00000 -100.00000 
-0.23850 -0.39011 
 0.25411  0.13787 
-100.00000 -100.00000 
 0.25414 -0.15165 
-100.00000 -100.00000 
-0.20672  0.20730 
-100.00000 -100.00000 
-100.00000 -100.00000 
-100.00000 -100.00000 
-100.00000 -100.00000 
-100.00000 -100.00000 
-100.00000 -100.00000 
-100.00000 -0.00161 
-100.00000 -100.00000 
 0.13689 -100.00000 
-100.00000 -100.00000 
-100.00000  0.29797 
-100.00000 -100.00000 
 0.00000  0.00000 
-100.00000 -100.00000 
-100.00000 -100.00000 
-0.22708  0.13156 
-0.20713  0.20637 
 0.25412 -100.00000 
 0.14282 -0.06716 
-100.00000 -100.00000 
-100.00000 -100.00000 
-100.00000 -100.00000 
-100.00000 -100.00000 
 0.26279 -100.00000 
 0.05485 -0.90060 
-100.00000 -100.00000 
-100.00000 -0.26459 
 0.03362 -0.23897 
-100.00000 -100.00000 
-0.30564  0.17258 
-100.00000 -0.50834 
-100.00000 -100.00000 
-0.01462  0.83636 
 0.14364  0.41211 
-100.00000 -100.00000 
-0.54578 -0.03690 
 0.00010 -100.00000 
-100.00000 -0.11204 
-100.00000 -100.00000 
 0.08604  0.13483 
-100.00000 -100.00000 
-100.00000 -100.00000 
-100.00000 -100.00000 
-0.48067  0.10863 
-100.00000 -0.00013 
-100.00000 -100.00000 
-100.00000 -100.00000 
-100.00000 -100.00000 
 0.06266  0.23803 
 0.09498  0.34136 
-0.13707 -0.14705 
-0.18090  0.26007 
-100.00000 -100.00000 
-100.00000 -100.00000 
-0.13405 -0.10023 
-0.01476  0.10726 
-100.00000 -100.00000 
-100.00000  0.13751 
-100.00000 -100.00000 
-100.00000 -100.00000 
-100.00000 -100.00000 
-100.00000 -100.00000 
-100.00000 -100.00000 
-100.00000 -100.00000 
-0.01671  0.72409 
-100.00000 -100.00000 
-100.00000 -100.00000 
 0.30335  0.11344 
-100.00000 -100.00000 
-100.00000  0.09013 
-100.00000 -100.00000 
-100.00000 -100.00000 
-100.00000 -100.00000 
-100.00000 -100.00000 
-100.00000 -100.00000 
