-100.00000 -100.00000 
-100.00000 -0.63529 
 0.00000  0.00000 
 0.51664 -0.24672 
 0.14235  0.26520 
-0.24405 -100.00000 
 0.12716  0.25489 
 0.13749 -100.00000 
-100.00000 -100.00000 
-100.00000  0.00010 
 0.00000  0.00000 
-100.00000 -0.15090 
 0.27821 -0.14583 
 0.00000  0.00000 
-0.33848 -0.47833 
-0.30630 -0.03445 
 0.00000  0.00000 
-0.23874  0.26306 
 0.04320 -0.03890 
-100.00000 -100.00000 
-100.00000 -100.00000 
-100.00000 -100.00000 
-100.00000 -100.00000 
-100.00000 -100.00000 
-0.10139 -100.00000 
 0.00000  0.00000 
-100.00000 -100.00000 
-100.00000 -100.00000 
 0.24674 -0.15023 
 0.38615 -0.22376 
 0.01371  0.00005 
-0.43781  0.34749 
 0.07807  0.26341 
-100.00000  0.13756 
 0.14204 -0.15017 
 0.04219 -100.00000 
-100.00000 -100.00000 
-0.32615 -100.00000 
-100.00000 -100.00000 
-100.00000 -0.00002 
 0.23473  0.07063 
 0.00000  0.00000 
 0.33415 -0.39750 
 0.04317  0.18048 
-100.00000 -100.00000 
 0.00008 -100.00000 
 0.15327 -0.26811 
-100.00000 -100.00000 
-100.00000 -100.00000 
-100.00000  0.00014 
 0.37849 -0.04877 
 0.04803 -0.50987 
-0.39974  0.21917 
-0.33155 -100.00000 
-100.00000 -100.00000 
-0.42665 -0.13115 
 0.31642  0.26306 
-100.00000 -100.00000 
-0.00006 -100.00000 
-0.85330  0.13047 
-100.00000 -100.00000 
-0.21822  0.11024 
-100.00000 -100.00000 
 0.00764  0.00020 
 0.00000  0.00000 
 0.26312 -100.00000 
-100.00000 -100.00000 
-0.74673  0.35877 
-100.00000 -100.00000 
 0.76166 -0.03102 
 0.13871 -100.00000 
-100.00000 -100.00000 
-0.32581  0.01939 
-100.00000 -100.00000 
 0.15317  0.35392 
 0.37847 -0.15155 
-100.00000 -100.00000 
-100.00000 -100.00000 
-100.00000 -100.00000 
-0.44147 -100.00000 
 0.03391 -100.00000 
-100.00000 -100.00000 
 0.14219  0.17119 
-100.00000 -100.00000 
-100.00000 -100.00000 
 0.03366  0.10032 
-100.00000 -100.00000 
-0.50744 -0.28860 
 0.08054  0.62165 
 0.00000  0.00000 
 0.14525 -0.06611 
 0.25418  0.12938 
-100.00000 -100.00000 
-0.43906  0.26401 
-100.00000 -100.00000 
-100.00000 -100.00000 
-0.10317  0.36026 
-100.00000  0.26304 
 0.49679 -0.00971 
 0.14209  0.39615 
 0.42304  0.80860 
 0.14183  0.08398 
 0.09549 -0.18056 
 0.13908 -0.00013 
-100.00000 -0.05128 
 0.00000  0.00000 
-100.00000 -100.00000 
-100.00000 -100.00000 
-100.00000 -100.00000 
-100.00000 -100.00000 
-0.23797 -0.35531 
-100.00000 -100.00000 
 0.64358 -0.62739 
 0.14348  0.48551 
-0.30303  0.11703 
-0.06316  0.49172 
-100.00000 -100.00000 
-100.00000 -100.00000 
-100.00000 -100.00000 
-100.00000 -0.00001 
-100.00000 -100.00000 
-100.00000 -100.00000 
-100.00000 -100.00000 
-0.27029 -100.00000 
-0.08681 -0.18058 
-0.61989 -0.65538 
-0.03574  0.26326 
-0.39635 -100.00000 
 0.13927 -100.00000 
-100.00000 -100.00000 
-100.00000 -100.00000 
-100.00000 -0.50401 
-100.00000 -100.00000 
-100.00000 -100.00000 
-0.07969 -0.35775 
-0.06189 -0.25558 
 0.03518 -0.03919 
-0.03695 -0.30701 
 0.23895 -0.25459 
-100.00000 -100.00000 
 0.09960 -0.05254 
-100.00000 -100.00000 
-0.09954 -100.00000 
 0.13797 -0.38893 
-0.30153 -100.00000 
-0.23421  0.70499 
-100.00000 -100.00000 
 0.44640 -0.11802 
-0.51073 -0.07202 
 0.13943  0.57134 
 0.24999 -100.00000 
-100.00000 -100.00000 
 0.23848  0.39920 
-0.63130  0.00088 
 0.13089 -0.50511 
-0.04800  0.12776 
 0.06914 -100.00000 
 0.25018 -0.29999 
 0.14946  0.09309 
-100.00000 -100.00000 
-100.00000 -100.00000 
-100.00000 -100.00000 
-100.00000 -100.00000 
-100.00000 -100.00000 
-100.00000 -100.00000 
-100.00000 -100.00000 
-100.00000 -100.00000 
 0.15384 -0.39908 
 0.06742 -0.05222 
 0.23503 -0.00434 
 0.42435 -0.51011 
 0.39179  0.08348 
-0.09940 -0.03011 
-100.00000 -100.00000 
 0.00299  0.28822 
 0.34877  0.33830 
-0.58854  0.44737 
 0.34761  0.31346 
-0.26448 -0.99044 
-0.29199 -0.39377 
-100.00000 -100.00000 
-0.24499 -0.15954 
-100.00000 -100.00000 
-0.58823  0.13768 
-100.00000  0.13732 
 1.25467  0.00019 
 0.24173 -100.00000 
 0.37956 -100.00000 
 0.39929  0.55511 
-100.00000 -100.00000 
-0.15587  0.04838 
-100.00000 -100.00000 
-100.00000 -100.00000 
 0.55720  0.32671 
-0.40566 -0.31548 
-100.00000 -100.00000 
-0.52449 -100.00000 
-100.00000 -100.00000 
-100.00000 -100.00000 
-100.00000 -100.00000 
 0.25231  0.30166 
-100.00000  0.03741 
-100.00000 -100.00000 
-0.33683 -0.11270 
-0.61034 -0.27074 
-100.00000 -0.19685 
-100.00000 -100.00000 
-100.00000 -100.00000 
-0.29655 -0.13061 
-100.00000  0.02778 
-0.63390  0.31618 
-0.34713  0.73802 
 0.00000  0.00000 
-100.00000 -100.00000 
-0.18888 -0.14837 
-0.12479  0.42197 
 0.15839  0.53374 
 0.00000  0.00000 
 0.34217  0.14267 
 0.42432  0.33422 
-0.59921 -100.00000 
-0.00002 -100.00000 
-0.52176  0.52388 
-0.41087 -100.00000 
-100.00000 -100.00000 
-100.00000 -100.00000 
-0.48463  0.25750 
 0.63335  1.34182 
 0.07362  0.48550 
 0.03037 -0.65419 
 0.00000  0.00000 
 0.00000  0.00000 
-100.00000 -100.00000 
-0.04561  0.14916 
-0.61721 -0.14757 
 0.12383  0.04599 
 0.64563 -0.76589 
-100.00000 -100.00000 
-100.00000 -100.00000 
 0.47398  0.13976 
-100.00000 -100.00000 
-100.00000 -100.00000 
-100.00000 -100.00000 
 0.14556 -100.00000 
-100.00000 -100.00000 
-0.22698 -100.00000 
-100.00000 -100.00000 
 0.19019  0.03571 
-100.00000 -100.00000 
-100.00000  0.00004 
 0.61554 -0.86585 
-0.03795 -0.00460 
 0.53438  0.00011 
 0.32576  0.08933 
 0.43241  0.09074 
-100.00000 -100.00000 
 0.05197 -0.61040 
-100.00000 -100.00000 
 0.34121  0.23446 
 0.00000  0.00000 
 0.48303  0.16723 
-100.00000 -100.00000 
-100.00000 -100.00000 
-100.00000 -100.00000 
 0.44509  0.10380 
 0.00000  0.00000 
-100.00000 -100.00000 
 0.14553  0.12733 
-100.00000 -100.00000 
 0.00000  0.00000 
-100.00000 -100.00000 
 0.00000  0.00000 
-0.57614  0.38387 
-0.19780 -0.25005 
-100.00000 -100.00000 
-0.15204  0.11163 
 0.69294 -0.11559 
 0.22635  0.15848 
 0.01686  0.12350 
-0.26125  0.00021 
-100.00000 -100.00000 
-100.00000 -100.00000 
 0.10596  0.38381 
-0.76883 -0.48732 
-0.38488  0.09022 
 0.00000  0.00000 
-0.00591 -100.00000 
-100.00000 -0.00005 
-0.63477  0.18269 
-0.12202 -0.11021 
-100.00000 -100.00000 
-100.00000 -100.00000 
-0.09953  0.57979 
-0.55778  0.25945 
-100.00000 -0.00006 
-100.00000 -100.00000 
-0.08875 -0.44185 
-0.39075 -100.00000 
-0.06637 -0.25710 
-0.12235  0.00007 
 0.00000  0.00000 
-100.00000 -100.00000 
-0.09187  0.41969 
-100.00000 -100.00000 
-0.26663 -100.00000 
 0.31271  0.58288 
 0.13756 -100.00000 
-100.00000 -100.00000 
-100.00000 -100.00000 
-100.00000 -100.00000 
-100.00000 -100.00000 
-0.72073  0.33729 
 0.22332 -0.39156 
 0.66239 -0.46369 
 0.15959 -0.08087 
-100.00000 -100.00000 
-100.00000 -100.00000 
-0.21863 -0.32723 
-100.00000 -100.00000 
 0.00010 -100.00000 
-0.00015 -0.00165 
-100.00000 -100.00000 
 0.45340 -0.21391 
 0.01529 -100.00000 
-100.00000 -100.00000 
 0.06928 -0.38869 
-100.00000 -100.00000 
-100.00000 -100.00000 
-100.00000 -100.00000 
-100.00000 -100.00000 
-0.38462  0.35832 
 0.04652 -0.12292 
-100.00000 -100.00000 
-100.00000 -100.00000 
-100.00000 -100.00000 
-100.00000 -100.00000 
-100.00000 -100.00000 
-100.00000 -100.00000 
-0.57542 -0.67701 
-100.00000 -100.00000 
-100.00000 -100.00000 
-100.00000 -100.00000 
-100.00000 -100.00000 
 0.13749  0.26698 
-100.00000 -100.00000 
-100.00000 -100.00000 
-0.12181  0.44343 
 0.00000  0.00000 
-0.00006 -100.00000 
 0.00000  0.00000 
-100.00000 -100.00000 
-100.00000 -100.00000 
-100.00000 -100.00000 
 0.13729 -100.00000 
-100.00000 -100.00000 
-100.00000 -100.00000 
-100.00000 -100.00000 
 0.24138  0.48554 
 0.24539 -0.12836 
-100.00000 -100.00000 
-0.00081 -100.00000 
-100.00000 -0.48967 
-0.12228 -100.00000 
-100.00000 -100.00000 
-100.00000 -100.00000 
-100.00000 -100.00000 
-100.00000 -100.00000 
-0.07664 -100.00000 
-100.00000 -100.00000 
-100.00000 -0.00050 
-100.00000 -100.00000 
 0.15595  0.39324 
-0.39352 -100.00000 
-100.00000 -100.00000 
 0.82594  0.16607 
-0.07631  0.41039 
-100.00000 -100.00000 
 0.00000  0.00000 
 0.00000  0.00000 
 0.14074 -100.00000 
-0.35540 -0.03178 
-0.09562  0.66743 
-100.00000  0.58478 
-0.42672  0.23213 
-0.17573  0.48552 
 0.33837 -0.54392 
 0.00000  0.00000 
-100.00000 -100.00000 
 0.19124  0.84792 
-0.21821  0.19946 
-100.00000 -100.00000 
 0.54662 -0.18836 
-100.00000 -100.00000 
-100.00000 -100.00000 
 0.15696  0.04969 
-0.00006 -100.00000 
-0.21904  1.07047 
 0.33876 -0.63362 
 0.00009 -100.00000 
-0.05654  0.26294 
 0.43561 -100.00000 
-100.00000 -100.00000 
-0.20497 -0.04799 
-0.46979  1.31319 
-0.46160  0.33994 
-100.00000 -100.00000 
 0.06693  0.03516 
 0.00000  0.00000 
 0.26492  0.19545 
-0.08323  0.65747 
-100.00000 -100.00000 
-0.50555  1.26345 
-100.00000 -100.00000 
-0.07582 -0.00010 
 0.04438 -100.00000 
-100.00000 -100.00000 
-100.00000 -100.00000 
-100.00000 -100.00000 
-100.00000 -100.00000 
-100.00000 -100.00000 
-100.00000 -100.00000 
-100.00000 -100.00000 
-100.00000 -100.00000 
 0.13745 -100.00000 
-100.00000 -100.00000 
-100.00000 -100.00000 
-0.02908 -0.79860 
-100.00000 -0.00015 
-0.11394 -100.00000 
-100.00000  0.00006 
-100.00000 -100.00000 
-100.00000 -100.00000 
 0.02895 -100.00000 
-100.00000 -100.00000 
-100.00000 -100.00000 
 0.27295  0.53314 
-100.00000 -100.00000 
-100.00000 -100.00000 
 0.00000  0.00000 
-100.00000  0.13740 
-100.00000 -100.00000 
-100.00000 -100.00000 
 0.09650 -0.24017 
-100.00000 -100.00000 
-100.00000 -100.00000 
-100.00000 -0.53618 
-100.00000 -100.00000 
 0.00004  0.13747 
-100.00000 -100.00000 
-0.11221 -0.49694 
-100.00000 -100.00000 
-100.00000 -100.00000 
-100.00000 -100.00000 
-100.00000 -100.00000 
 0.02229 -100.00000 
-100.00000 -100.00000 
-100.00000 -100.00000 
-0.45011  0.27580 
-0.00002 -100.00000 
 0.53924  0.66614 
-100.00000 -100.00000 
-100.00000 -100.00000 
-0.00004  0.05054 
-100.00000 -100.00000 
 0.26650 -0.55872 
-100.00000 -0.74406 
-0.14982  0.06729 
 0.19078 -0.00005 
-100.00000 -100.00000 
-100.00000  0.07611 
 0.52742  0.00023 
-100.00000 -100.00000 
 0.00000  0.00000 
 0.49565  0.38014 
 0.26359  0.37851 
-100.00000 -0.24476 
-100.00000 -100.00000 
-100.00000 -100.00000 
-100.00000 -100.00000 
-100.00000 -100.00000 
-100.00000 -100.00000 
 0.66574 -100.00000 
-100.00000 -100.00000 
-100.00000 -100.00000 
-100.00000 -100.00000 
-0.36058  0.02027 
-100.00000 -100.00000 
-100.00000 -100.00000 
-100.00000 -100.00000 
-0.30546  0.18813 
-100.00000 -100.00000 
-100.00000 -100.00000 
-0.49760  0.07950 
 0.03383 -0.15837 
-1.02354 -0.65419 
-100.00000 -100.00000 
-0.36226  0.71085 
 0.00074 -0.33339 
-0.44942 -0.20330 
-100.00000 -100.00000 
-0.37005  0.18385 
 0.14198 -0.18083 
-0.13709 -100.00000 
-0.05018 -0.25660 
-100.00000 -100.00000 
-0.18057  0.00021 
-0.08455 -0.63166 
-0.32885  0.07270 
-0.52965 -0.38658 
-100.00000 -0.00339 
 0.45572  0.00010 
-100.00000 -100.00000 
 0.01406 -0.13581 
 0.01304  0.26313 
 0.09420 -100.00000 
-100.00000 -100.00000 
 0.00352  0.49149 
-0.02978  0.20442 
 0.14713  0.00627 
 0.43965 -0.19071 
-100.00000 -100.00000 
-100.00000  0.01738 
-100.00000  0.72975 
 0.13755 -0.00011 
-0.23095 -100.00000 
-0.38050  1.02751 
-100.00000 -100.00000 
-100.00000 -100.00000 
-100.00000 -100.00000 
 0.13752 -100.00000 
 0.00000  0.00000 
-100.00000 -100.00000 
 0.13736 -100.00000 
-0.12380  0.37859 
-0.22096  0.42835 
-0.09269  0.23181 
 0.00000  0.00000 
-0.09105 -0.19223 
-0.23797 -100.00000 
-0.07709 -0.00005 
-0.08159 -0.02539 
-0.29045 -0.38297 
 0.54011 -0.24175 
-0.15870 -0.98377 
-0.08135 -0.05267 
-100.00000 -100.00000 
-100.00000 -0.05532 
 0.00000  0.00000 
-0.27299 -100.00000 
-100.00000  0.40345 
 0.00004 -100.00000 
 0.13752 -100.00000 
-0.08457  0.58409 
-0.10109 -100.00000 
-0.13259 -0.63107 
-100.00000 -100.00000 
 0.13909 -100.00000 
 0.26054 -0.23999 
-100.00000 -100.00000 
-100.00000 -100.00000 
-100.00000 -0.35825 
-0.00006 -0.00002 
-100.00000 -100.00000 
-100.00000 -100.00000 
-100.00000 -100.00000 
