-100.00000 -100.00000 
-100.00000  0.00023 
-100.00000 -100.00000 
 0.00011 -0.00016 
-100.00000 -0.54962 
-100.00000 -100.00000 
-0.34472  0.26290 
-100.00000  0.00005 
-100.00000 -100.00000 
-0.00015 -100.00000 
-0.23882 -0.02928 
-100.00000 -100.00000 
-100.00000 -100.00000 
-100.00000 -100.00000 
-100.00000 -100.00000 
-100.00000 -100.00000 
-100.00000 -100.00000 
-100.00000 -100.00000 
-100.00000 -100.00000 
-100.00000 -100.00000 
 0.02435  0.10670 
-100.00000 -100.00000 
-100.00000 -100.00000 
-100.00000 -0.00012 
-100.00000 -100.00000 
-100.00000 -100.00000 
-100.00000 -100.00000 
-100.00000 -100.00000 
-100.00000 -100.00000 
-100.00000 -100.00000 
-100.00000 -100.00000 
-100.00000 -100.00000 
-100.00000 -100.00000 
-100.00000 -100.00000 
-100.00000 -100.00000 
-100.00000 -100.00000 
-100.00000 -100.00000 
-100.00000 -100.00000 
-100.00000 -100.00000 
-100.00000 -100.00000 
-100.00000 -100.00000 
-100.00000 -100.00000 
-100.00000 -100.00000 
-100.00000 -100.00000 
-100.00000 -100.00000 
-100.00000  0.00002 
-100.00000 -100.00000 
-100.00000 -100.00000 
-100.00000 -100.00000 
-100.00000 -100.00000 
-100.00000 -100.00000 
-100.00000 -100.00000 
-100.00000 -100.00000 
-100.00000 -100.00000 
-100.00000 -100.00000 
 0.42903 -0.32885 
-100.00000 -100.00000 
-100.00000 -100.00000 
-0.00006  0.13750 
-0.10182 -100.00000 
-100.00000 -100.00000 
-100.00000 -100.00000 
-0.00015 -100.00000 
-100.00000 -100.00000 
-100.00000 -100.00000 
-100.00000 -100.00000 
-100.00000 -100.00000 
-100.00000 -0.42524 
 0.46100 -0.15711 
-0.35913  0.10709 
-100.00000 -100.00000 
-100.00000 -100.00000 
-100.00000 -100.00000 
-100.00000 -100.00000 
-100.00000 -100.00000 
-100.00000 -100.00000 
 0.00000  0.00000 
-100.00000 -100.00000 
-0.12438 -0.01832 
-100.00000 -100.00000 
-100.00000 -100.00000 
-100.00000 -100.00000 
-0.12440 -100.00000 
-0.30424 -100.00000 
-100.00000 -100.00000 
-100.00000 -0.01893 
-100.00000 -100.00000 
-100.00000 -100.00000 
-0.10084 -0.78608 
-100.00000 -100.00000 
 0.05511 -100.00000 
 0.13975 -100.00000 
 0.00000  0.00000 
-100.00000 -100.00000 
-100.00000 -100.00000 
-100.00000 -100.00000 
-100.00000 -100.00000 
-100.00000 -100.00000 
-100.00000 -0.24933 
 0.21739  0.29681 
-100.00000 -100.00000 
-100.00000 -100.00000 
-100.00000 -100.00000 
-0.64263  0.29680 
-100.00000 -100.00000 
-100.00000 -100.00000 
-0.12373 -0.15088 
-100.00000 -100.00000 
-100.00000 -100.00000 
-100.00000 -100.00000 
-100.00000 -100.00000 
 0.02524 -100.00000 
-100.00000 -0.15147 
-100.00000 -100.00000 
-100.00000 -100.00000 
-100.00000 -100.00000 
-100.00000 -100.00000 
-100.00000 -100.00000 
-100.00000 -0.79968 
-100.00000 -100.00000 
-100.00000 -100.00000 
-100.00000 -100.00000 
-100.00000 -100.00000 
-100.00000 -100.00000 
-100.00000 -100.00000 
-100.00000 -100.00000 
-100.00000 -100.00000 
-0.23773 -100.00000 
-100.00000 -100.00000 
-100.00000 -0.15127 
-100.00000 -100.00000 
-100.00000 -100.00000 
-100.00000 -100.00000 
-100.00000 -100.00000 
-100.00000 -100.00000 
-100.00000  0.13800 
-100.00000  0.00007 
-0.64189  0.11219 
 0.85994  0.36881 
 0.00000  0.00000 
-100.00000 -100.00000 
-100.00000 -100.00000 
-100.00000 -100.00000 
-100.00000 -100.00000 
 0.02147  0.13764 
-100.00000 -100.00000 
-100.00000 -100.00000 
-100.00000  0.00015 
-100.00000 -100.00000 
-100.00000 -100.00000 
-100.00000  0.26299 
-0.00002 -100.00000 
 0.13743  0.22474 
-0.17622 -100.00000 
 0.39724 -0.56009 
-100.00000 -100.00000 
-100.00000 -100.00000 
-100.00000 -100.00000 
-100.00000 -100.00000 
-100.00000 -100.00000 
-100.00000 -100.00000 
-100.00000 -100.00000 
-100.00000 -100.00000 
 0.13767 -100.00000 
-100.00000 -100.00000 
 0.00000  0.00000 
-100.00000 -100.00000 
-100.00000 -100.00000 
-100.00000 -100.00000 
-100.00000  0.02633 
-0.24076 -0.03990 
-100.00000 -100.00000 
-100.00000 -100.00000 
-0.62850 -100.00000 
-100.00000 -100.00000 
-100.00000 -0.53605 
-100.00000 -100.00000 
-100.00000  0.19714 
-100.00000 -100.00000 
-0.12383 -100.00000 
-100.00000 -100.00000 
 0.64220 -0.34534 
-100.00000 -100.00000 
-100.00000 -100.00000 
 0.14078 -100.00000 
-0.21793  0.41227 
-100.00000 -100.00000 
-100.00000  0.00018 
-100.00000 -100.00000 
-100.00000 -100.00000 
-100.00000 -100.00000 
-100.00000 -100.00000 
 0.00000  0.00000 
-100.00000 -100.00000 
-100.00000 -100.00000 
-100.00000 -100.00000 
-0.29624 -0.00335 
-100.00000 -100.00000 
-100.00000 -100.00000 
-100.00000 -100.00000 
-100.00000 -0.93128 
-100.00000 -100.00000 
-100.00000 -100.00000 
-100.00000 -100.00000 
-100.00000 -100.00000 
-100.00000 -100.00000 
-100.00000 -100.00000 
-100.00000 -100.00000 
-100.00000 -100.00000 
-100.00000 -100.00000 
-100.00000 -100.00000 
-100.00000 -100.00000 
-100.00000 -100.00000 
-100.00000 -100.00000 
-100.00000 -100.00000 
-100.00000  0.20560 
-100.00000 -100.00000 
 0.16683  0.27322 
-100.00000 -100.00000 
-0.09527 -100.00000 
-100.00000 -100.00000 
-100.00000 -0.49079 
-100.00000 -100.00000 
-100.00000 -0.09075 
-100.00000 -100.00000 
-100.00000 -0.12643 
-100.00000  0.44682 
-100.00000 -100.00000 
 0.15198 -100.00000 
-100.00000 -100.00000 
-0.31708 -1.00833 
 0.14867  0.43634 
-0.70083 -0.25132 
-100.00000 -100.00000 
-100.00000 -100.00000 
-100.00000 -100.00000 
-100.00000 -0.18814 
-100.00000 -100.00000 
-100.00000 -100.00000 
-100.00000 -100.00000 
-0.59654  0.03392 
 0.02466  0.14783 
-100.00000 -100.00000 
-100.00000 -100.00000 
 0.00006 -100.00000 
-100.00000 -100.00000 
 0.00000  0.00000 
-100.00000  0.00028 
-100.00000 -100.00000 
-100.00000 -100.00000 
-100.00000 -100.00000 
-100.00000 -100.00000 
 0.48081 -100.00000 
-100.00000 -100.00000 
-100.00000  0.11112 
-100.00000 -100.00000 
 0.29740 -0.65666 
-100.00000 -100.00000 
-100.00000 -100.00000 
-100.00000 -100.00000 
-100.00000 -100.00000 
-100.00000 -100.00000 
-100.00000 -100.00000 
-0.29599  0.12477 
-100.00000 -100.00000 
-100.00000 -100.00000 
-100.00000 -100.00000 
 0.00000  0.00000 
-100.00000 -0.29118 
-100.00000 -100.00000 
-0.07298 -100.00000 
-100.00000 -100.00000 
-100.00000 -100.00000 
 0.58561  0.58500 
-100.00000 -100.00000 
 0.12098  0.23051 
-0.29556 -0.26928 
 0.67833 -100.00000 
-100.00000 -100.00000 
-100.00000 -100.00000 
-100.00000 -100.00000 
-100.00000 -100.00000 
 0.15396 -0.00002 
-100.00000 -100.00000 
-100.00000 -100.00000 
-100.00000 -100.00000 
-100.00000 -100.00000 
-100.00000 -1.02535 
-100.00000 -100.00000 
-100.00000 -100.00000 
-100.00000  0.13756 
-100.00000 -0.16153 
-100.00000 -100.00000 
-100.00000 -100.00000 
 0.01525  0.13750 
-100.00000 -100.00000 
-100.00000 -100.00000 
-100.00000 -100.00000 
-0.12256 -0.04723 
-100.00000 -100.00000 
-100.00000 -100.00000 
-100.00000 -100.00000 
 0.14588 -100.00000 
-100.00000 -100.00000 
-100.00000 -100.00000 
-100.00000 -100.00000 
-100.00000 -100.00000 
-100.00000 -100.00000 
-100.00000 -100.00000 
-100.00000 -100.00000 
-100.00000 -100.00000 
-100.00000 -0.15707 
-0.33956  0.00003 
-100.00000 -100.00000 
-0.12222 -100.00000 
-100.00000 -100.00000 
-100.00000 -100.00000 
-100.00000 -100.00000 
-100.00000 -100.00000 
-100.00000 -100.00000 
-100.00000 -100.00000 
-100.00000 -100.00000 
-100.00000 -100.00000 
-100.00000 -0.01885 
-100.00000 -100.00000 
-100.00000 -100.00000 
-100.00000 -100.00000 
 0.00005 -100.00000 
-100.00000  0.05197 
-100.00000 -100.00000 
-100.00000 -100.00000 
-100.00000 -100.00000 
-100.00000 -100.00000 
-100.00000 -100.00000 
-100.00000 -100.00000 
-100.00000 -100.00000 
-100.00000 -100.00000 
-100.00000 -100.00000 
-100.00000 -100.00000 
-100.00000 -100.00000 
-100.00000 -100.00000 
-100.00000 -100.00000 
-100.00000 -100.00000 
-100.00000 -100.00000 
-100.00000 -100.00000 
-100.00000 -100.00000 
-100.00000 -100.00000 
-100.00000 -100.00000 
-100.00000 -100.00000 
-100.00000 -100.00000 
-100.00000 -100.00000 
-100.00000 -100.00000 
-100.00000 -100.00000 
-100.00000 -100.00000 
-0.26478 -0.16409 
-100.00000 -100.00000 
 0.00000  0.00000 
-100.00000 -100.00000 
-100.00000 -100.00000 
-100.00000 -100.00000 
 0.13669 -100.00000 
-100.00000 -100.00000 
-0.00001 -100.00000 
 0.00000  0.00000 
-100.00000 -100.00000 
-100.00000 -100.00000 
-100.00000 -100.00000 
-100.00000 -0.00007 
-100.00000 -100.00000 
 0.13761 -100.00000 
-100.00000 -100.00000 
-100.00000 -100.00000 
-100.00000 -0.29853 
-100.00000 -100.00000 
-100.00000 -100.00000 
-100.00000 -100.00000 
-100.00000 -100.00000 
-100.00000 -100.00000 
-100.00000 -100.00000 
-100.00000 -100.00000 
-0.11494 -0.48358 
-100.00000  0.13747 
-100.00000 -100.00000 
-100.00000 -100.00000 
-100.00000 -100.00000 
-100.00000 -0.00103 
-100.00000 -100.00000 
-100.00000 -100.00000 
-100.00000  0.00002 
 0.99394 -0.23112 
-100.00000 -100.00000 
-100.00000 -100.00000 
-100.00000 -100.00000 
-100.00000 -100.00000 
-100.00000 -100.00000 
-100.00000 -100.00000 
-100.00000 -100.00000 
-100.00000  0.13744 
-100.00000 -100.00000 
-100.00000 -100.00000 
-100.00000 -100.00000 
-100.00000  0.00023 
-100.00000 -100.00000 
-100.00000 -100.00000 
-100.00000 -100.00000 
 0.52832  0.11600 
-100.00000 -100.00000 
-100.00000  0.00006 
-100.00000 -100.00000 
-100.00000 -100.00000 
-100.00000 -100.00000 
-0.22173 -100.00000 
 0.15711 -0.11405 
-100.00000 -100.00000 
-0.60900 -0.13723 
-100.00000 -0.00002 
-100.00000 -100.00000 
-100.00000 -100.00000 
-0.00014 -100.00000 
-100.00000 -100.00000 
-100.00000 -100.00000 
-100.00000 -100.00000 
-100.00000 -100.00000 
-100.00000 -100.00000 
-100.00000 -100.00000 
-100.00000 -100.00000 
-100.00000 -100.00000 
-100.00000 -100.00000 
-0.27697  0.37870 
 0.37993  0.58499 
-100.00000 -100.00000 
 0.27682 -100.00000 
-100.00000 -100.00000 
-100.00000 -100.00000 
 0.00000  0.00000 
-100.00000 -100.00000 
-100.00000 -100.00000 
-100.00000 -100.00000 
-100.00000 -100.00000 
-100.00000 -100.00000 
-100.00000 -100.00000 
-100.00000 -100.00000 
-100.00000 -100.00000 
-100.00000 -100.00000 
-100.00000  0.13764 
-100.00000 -100.00000 
-100.00000 -100.00000 
-100.00000 -100.00000 
-0.12231  0.44800 
-100.00000 -100.00000 
 0.14791  0.00029 
-100.00000 -100.00000 
-0.11483 -100.00000 
-100.00000 -100.00000 
-100.00000 -100.00000 
-100.00000 -100.00000 
-100.00000 -100.00000 
-100.00000 -100.00000 
-100.00000 -100.00000 
-100.00000 -100.00000 
-100.00000 -100.00000 
-100.00000 -100.00000 
-100.00000 -100.00000 
-100.00000 -100.00000 
-100.00000 -100.00000 
-100.00000 -100.00000 
-100.00000  0.00023 
-100.00000 -100.00000 
-100.00000 -100.00000 
-100.00000  0.08106 
-0.08386  0.26313 
-100.00000 -100.00000 
-100.00000 -100.00000 
 0.17143 -0.15786 
-100.00000 -100.00000 
-100.00000 -100.00000 
-100.00000 -100.00000 
-100.00000 -100.00000 
 0.14182 -0.41320 
 0.22560 -0.22243 
-100.00000 -100.00000 
-100.00000 -100.00000 
-100.00000 -100.00000 
 0.21702  0.13727 
-100.00000 -100.00000 
-100.00000 -100.00000 
-100.00000 -100.00000 
-0.12437 -100.00000 
-100.00000 -100.00000 
-0.34422  0.14310 
 0.13754  0.37860 
-100.00000 -100.00000 
 0.01312  0.11204 
-100.00000  0.48285 
-100.00000 -100.00000 
-100.00000 -100.00000 
-0.00119 -100.00000 
 0.14316 -0.42843 
-100.00000  0.38914 
-100.00000 -100.00000 
-100.00000 -0.28699 
-0.54750  0.58506 
-100.00000  0.13760 
 0.00003 -100.00000 
-100.00000 -100.00000 
-100.00000  0.23801 
-0.08160 -0.42761 
-100.00000 -100.00000 
-100.00000 -100.00000 
-0.39815  0.00006 
-100.00000 -0.15058 
-100.00000 -100.00000 
-0.46145  0.74515 
-100.00000 -100.00000 
-100.00000  0.33493 
-100.00000 -100.00000 
 0.25422 -0.15113 
-0.00020 -0.03316 
-100.00000 -100.00000 
-100.00000 -100.00000 
 0.78070 -0.05664 
 0.13895 -100.00000 
-100.00000 -100.00000 
-100.00000 -0.00155 
-0.07085 -0.35892 
-0.11793 -0.19105 
-100.00000 -100.00000 
-100.00000 -100.00000 
-0.12280  0.11159 
 0.00002  0.00008 
-100.00000 -0.00008 
-0.00006 -100.00000 
-100.00000 -100.00000 
-100.00000 -100.00000 
-100.00000 -100.00000 
-100.00000 -100.00000 
-100.00000 -100.00000 
-100.00000 -100.00000 
-100.00000 -100.00000 
-100.00000 -100.00000 
-0.56688 -100.00000 
-100.00000 -100.00000 
-0.26615 -0.30239 
-100.00000 -100.00000 
-100.00000 -100.00000 
-100.00000 -100.00000 
 0.13756  0.09349 
-100.00000 -100.00000 
-100.00000 -100.00000 
-100.00000 -100.00000 
-100.00000 -100.00000 
 0.00000  0.00000 
-100.00000 -0.00000 
-0.08153  0.37869 
-100.00000  0.13750 
-100.00000 -100.00000 
 0.04227  0.65805 
-100.00000  0.13755 
-0.12425 -100.00000 
-100.00000 -100.00000 
-0.00006 -100.00000 
-100.00000 -100.00000 
-100.00000 -100.00000 
-100.00000  0.48550 
-100.00000 -100.00000 
