 0.06729  0.00471 
-0.34866 -0.14725 
 0.03381 -100.00000 
-0.29715  0.14284 
 0.32884  0.24413 
 0.03092 -100.00000 
-0.22209 -0.31965 
-0.29706  0.37859 
 0.14056  0.05654 
 0.50243 -0.69250 
-0.49127 -100.00000 
-0.62220  0.68561 
-0.09066  0.35238 
-100.00000 -100.00000 
 0.35599  0.18949 
-100.00000 -100.00000 
-100.00000 -100.00000 
-100.00000 -100.00000 
-0.02482  0.00401 
 0.00000  0.00000 
-100.00000 -100.00000 
 0.00000  0.00000 
-100.00000 -100.00000 
-100.00000 -100.00000 
-100.00000 -100.00000 
-100.00000 -100.00000 
-100.00000  0.00002 
-100.00000  0.00000 
-100.00000 -100.00000 
 0.42686 -0.02922 
-100.00000 -100.00000 
-0.19604  0.39177 
-0.02498 -0.69811 
-100.00000 -100.00000 
 0.14138 -0.73457 
 0.00000  0.00000 
-0.25000  0.08265 
-100.00000 -100.00000 
-100.00000 -100.00000 
-100.00000 -100.00000 
-100.00000 -100.00000 
-100.00000 -100.00000 
-100.00000 -100.00000 
 0.22646  0.13293 
-100.00000 -100.00000 
-100.00000 -100.00000 
 0.03634  0.01459 
-100.00000 -100.00000 
-0.12311 -100.00000 
-0.31764  0.92614 
-0.37838 -100.00000 
-100.00000 -100.00000 
-0.21642  0.55905 
-100.00000 -100.00000 
 0.00007 -100.00000 
-100.00000 -100.00000 
-100.00000 -100.00000 
 0.35283 -0.58224 
-100.00000 -100.00000 
-0.00001 -100.00000 
-0.12924  0.08255 
-0.00010 -100.00000 
-100.00000 -100.00000 
 0.00000  0.00000 
-100.00000 -100.00000 
-100.00000 -100.00000 
-0.44255  0.50706 
-0.06494 -0.15162 
-100.00000 -100.00000 
-100.00000 -100.00000 
-0.21905 -0.00008 
-100.00000 -100.00000 
-100.00000 -0.00008 
 0.00000  0.00000 
-0.03071  0.53590 
-100.00000 -100.00000 
-100.00000 -100.00000 
 0.53529 -0.15304 
-0.49812 -100.00000 
-100.00000 -100.00000 
-100.00000 -100.00000 
-100.00000 -100.00000 
-100.00000 -100.00000 
-100.00000 -100.00000 
-100.00000 -100.00000 
 0.36109  0.08540 
 0.08909 -0.15146 
 0.14463 -0.14955 
 0.07494  0.53039 
 0.06034  0.12950 
-0.01752  0.22340 
-0.00004  0.22692 
-100.00000 -100.00000 
-100.00000 -100.00000 
-100.00000 -100.00000 
 0.00000  0.00000 
 0.07330  0.04552 
-100.00000 -100.00000 
 0.15224  0.38733 
-100.00000  0.00004 
 0.26301 -100.00000 
-100.00000 -100.00000 
-0.00005 -0.18908 
-0.00556  0.25884 
-100.00000 -100.00000 
-100.00000 -100.00000 
-100.00000 -100.00000 
-100.00000 -100.00000 
-100.00000 -100.00000 
-100.00000 -100.00000 
-100.00000 -100.00000 
 1.11444  0.21629 
 0.00000  0.00000 
-100.00000 -100.00000 
 0.52194  0.07533 
-100.00000 -100.00000 
-100.00000 -100.00000 
 0.00002 -0.05139 
-100.00000 -100.00000 
-100.00000 -100.00000 
-100.00000 -100.00000 
-100.00000 -100.00000 
 0.43883 -0.40767 
-100.00000 -100.00000 
-0.12104  0.20796 
-0.48305 -0.00014 
-100.00000 -100.00000 
 0.13746 -0.21885 
-100.00000 -100.00000 
-0.48329  0.03709 
 0.01390 -0.05221 
-100.00000 -100.00000 
 0.00000  0.00000 
-100.00000  0.37848 
-100.00000 -100.00000 
-100.00000  0.38243 
-0.30426  0.13743 
-0.22838  0.27234 
-0.07963 -100.00000 
-100.00000 -100.00000 
-100.00000 -0.19069 
-100.00000 -0.19004 
-100.00000 -100.00000 
-0.00062  0.09982 
 0.15530  0.00028 
-100.00000  0.00093 
-100.00000 -100.00000 
-0.08582  0.37924 
-0.05130 -0.39300 
-0.92553 -0.07425 
-100.00000 -100.00000 
-100.00000 -100.00000 
-0.12053  0.11836 
-0.32326  0.89149 
-0.26650 -0.14386 
-100.00000 -100.00000 
 0.15811 -0.19688 
-0.09937  0.29446 
 0.06005 -0.05563 
 0.26306 -100.00000 
-100.00000 -100.00000 
-0.35772 -0.50602 
 0.33492  0.07312 
 0.46939 -100.00000 
 0.05710  0.64489 
-100.00000 -100.00000 
 0.31486 -0.32160 
-100.00000 -100.00000 
-100.00000 -100.00000 
-100.00000 -0.00003 
 0.02590 -100.00000 
-100.00000  0.02309 
-0.10201  0.50942 
-100.00000 -100.00000 
-0.24079  0.14225 
 0.96374  0.29703 
-0.50683  0.41047 
 0.36060 -0.22049 
 0.64179 -100.00000 
 0.26300  0.26322 
-100.00000 -100.00000 
-100.00000 -0.05125 
-100.00000 -100.00000 
 0.03490  0.13768 
-0.61370 -0.24334 
-100.00000 -100.00000 
 0.13756  0.18946 
-100.00000 -100.00000 
 0.13521  0.25054 
 0.04314 -100.00000 
-0.36829  0.05415 
 0.09994  0.27682 
-100.00000 -100.00000 
-100.00000 -100.00000 
-0.17486  0.32695 
-100.00000 -100.00000 
 0.25233 -0.00034 
-100.00000 -100.00000 
-100.00000 -0.11294 
 0.83758  0.35733 
 0.04001 -100.00000 
 0.13747 -100.00000 
-100.00000 -100.00000 
-100.00000 -100.00000 
-100.00000 -100.00000 
-0.14553  0.62258 
-0.38676 -0.51178 
-100.00000 -100.00000 
 0.15063 -0.11306 
 0.23551  0.37019 
-100.00000  0.13741 
-0.23165  0.84551 
-100.00000  0.01238 
 0.13755  0.96958 
 0.12190 -0.79297 
-100.00000 -100.00000 
-0.39032 -0.57689 
-100.00000 -100.00000 
-100.00000 -100.00000 
-0.71054 -100.00000 
 0.01823  0.01233 
-100.00000 -100.00000 
 0.09603 -0.42401 
-100.00000 -100.00000 
-0.42738  0.21449 
-0.04626 -0.05457 
 0.20287  0.01019 
-0.12159 -0.09545 
-100.00000  0.00007 
 0.00000  0.00000 
-100.00000 -0.11318 
 0.25534 -0.00444 
-100.00000 -100.00000 
-0.00006 -100.00000 
-0.08308 -0.31749 
 0.03334  0.11250 
-0.13405  0.05317 
 0.17607  0.03497 
-100.00000  0.13942 
-0.00054  0.34282 
-100.00000 -100.00000 
-0.00017 -100.00000 
 0.03616  0.21327 
-0.29988 -0.57415 
-100.00000 -100.00000 
-100.00000 -100.00000 
-100.00000 -100.00000 
 0.33066 -0.04882 
 0.00301  0.51895 
 0.40165  0.11757 
-100.00000  0.34202 
-100.00000 -100.00000 
-100.00000 -100.00000 
-100.00000 -100.00000 
 0.13650 -0.55651 
 0.00000  0.00000 
 0.00000  0.00000 
 0.17861 -0.23256 
-100.00000 -100.00000 
-100.00000 -100.00000 
-0.12682 -0.21839 
-100.00000 -100.00000 
-100.00000  0.00006 
 0.35205  0.12077 
 0.00000  0.00000 
 0.01656  0.21160 
-100.00000 -100.00000 
-100.00000 -100.00000 
-100.00000 -100.00000 
-100.00000 -100.00000 
-0.00004 -0.00003 
-0.11075  0.58718 
-0.03373  0.25814 
-0.05350 -100.00000 
-0.60981  0.13774 
-100.00000 -100.00000 
 0.14493 -0.28526 
-0.25377  0.29729 
-100.00000 -100.00000 
-100.00000 -100.00000 
 0.00000  0.00000 
 0.00000  0.00000 
 0.44953 -0.21318 
-100.00000 -100.00000 
-0.77046  0.22921 
-0.47451 -0.12010 
-100.00000 -0.09382 
 0.17310 -0.05226 
-100.00000 -100.00000 
-100.00000  0.26312 
-100.00000 -100.00000 
-100.00000 -0.24393 
-100.00000 -100.00000 
-0.39534  0.52709 
-100.00000 -100.00000 
-100.00000 -100.00000 
 0.60958  0.31503 
-100.00000 -100.00000 
 0.31945 -0.36447 
-100.00000 -100.00000 
-100.00000 -100.00000 
 0.00000  0.00000 
 0.53051 -0.09221 
-0.58191  0.22026 
-100.00000  0.58088 
-100.00000 -1.14476 
-100.00000 -100.00000 
-100.00000  0.00011 
-100.00000 -100.00000 
 0.00002 -100.00000 
 0.00000  0.00000 
-100.00000 -100.00000 
-0.00003 -100.00000 
-0.07890  0.23460 
-0.09384 -0.08087 
 0.00000  0.00000 
-100.00000 -100.00000 
-100.00000 -0.13910 
-100.00000 -100.00000 
-100.00000 -100.00000 
 0.79798  0.21392 
-100.00000 -100.00000 
-0.14195  0.02183 
-100.00000 -100.00000 
-0.14911 -0.00461 
 0.11672  0.91269 
-0.23499 -100.00000 
-100.00000 -100.00000 
-100.00000 -100.00000 
-0.19692  0.18150 
 0.32885  0.43285 
-0.31821  0.31569 
-100.00000 -100.00000 
-0.05321  0.39534 
 0.04243 -0.02000 
-100.00000 -100.00000 
 0.00000  0.00000 
-100.00000 -100.00000 
-0.44128 -0.48775 
 0.00000  0.00000 
-100.00000 -100.00000 
-100.00000 -100.00000 
-0.42831  0.48571 
-100.00000 -100.00000 
 0.44527  0.12854 
-0.49147  0.32124 
-100.00000 -100.00000 
-100.00000 -100.00000 
 0.00000  0.00000 
-100.00000 -100.00000 
-100.00000 -100.00000 
-0.12221 -100.00000 
 0.00000  0.00000 
-100.00000 -100.00000 
-100.00000 -100.00000 
-100.00000 -100.00000 
-100.00000 -100.00000 
 0.20257  0.17530 
-100.00000 -100.00000 
 0.27844 -0.00790 
 0.00000  0.00000 
-100.00000 -100.00000 
-100.00000 -100.00000 
-100.00000 -100.00000 
-100.00000 -100.00000 
-100.00000 -100.00000 
-100.00000 -100.00000 
-100.00000 -100.00000 
 0.22530 -0.10349 
 0.37216  0.73578 
-100.00000  0.13759 
-100.00000 -100.00000 
-100.00000 -100.00000 
 0.00009 -100.00000 
-100.00000 -100.00000 
-100.00000 -100.00000 
-100.00000 -100.00000 
-100.00000 -100.00000 
-100.00000 -100.00000 
-100.00000 -100.00000 
-0.14720 -0.30742 
-0.47157  0.14387 
 0.54392  0.04966 
 0.01692  0.92608 
-100.00000 -100.00000 
-0.00426  0.70984 
-100.00000 -100.00000 
 0.00000  0.00000 
-0.32082 -100.00000 
 0.00681 -0.12935 
 0.00000  0.00000 
 0.21338  0.66784 
-100.00000 -100.00000 
-100.00000 -100.00000 
 0.09502  0.66636 
-0.11520 -100.00000 
-100.00000 -100.00000 
 0.26643 -0.08809 
 0.00000  0.00000 
-100.00000 -100.00000 
-0.25542 -0.27724 
 0.36285  1.12086 
 0.00006 -100.00000 
 0.07201 -0.68317 
-100.00000  0.00019 
-100.00000  0.00005 
 0.01129 -0.23941 
 0.02262 -100.00000 
 0.63689 -100.00000 
-100.00000 -100.00000 
 0.02232 -100.00000 
-0.24935  1.20205 
 0.02257 -0.44036 
-0.22162 -100.00000 
 0.39948 -0.57396 
 0.04171  0.13761 
-100.00000 -100.00000 
-100.00000  0.00009 
-100.00000 -100.00000 
 0.03269  0.45290 
-100.00000 -100.00000 
-0.09724 -0.34071 
 0.13745 -100.00000 
-100.00000 -100.00000 
-100.00000 -100.00000 
-100.00000 -100.00000 
 0.09493  0.03790 
-100.00000 -100.00000 
-100.00000 -100.00000 
-100.00000 -100.00000 
-100.00000 -0.61043 
-100.00000 -100.00000 
-100.00000 -100.00000 
 0.00000  0.00000 
-100.00000 -100.00000 
 0.05070 -0.03473 
-100.00000 -100.00000 
-100.00000 -100.00000 
 0.26617 -100.00000 
-100.00000 -100.00000 
 0.00010 -0.34226 
-0.06954  0.26311 
 0.00785  0.55324 
-0.12114  0.58504 
-100.00000 -100.00000 
-100.00000 -100.00000 
-0.27644 -100.00000 
-100.00000 -100.00000 
-100.00000 -100.00000 
-0.14957  0.23025 
-100.00000 -100.00000 
-100.00000 -100.00000 
-100.00000  0.58495 
-100.00000 -100.00000 
-100.00000 -100.00000 
-0.01490  0.37873 
-100.00000 -100.00000 
-100.00000  0.14211 
-100.00000 -100.00000 
-100.00000 -100.00000 
-100.00000  0.31369 
-100.00000 -100.00000 
-0.00004 -100.00000 
-0.25008 -100.00000 
-0.16917  0.00445 
-100.00000 -100.00000 
 0.34713  0.37855 
-0.35532 -0.27067 
-0.32105  0.14384 
-100.00000 -100.00000 
-100.00000 -100.00000 
 0.13753 -100.00000 
-100.00000 -100.00000 
 0.48752  0.18259 
 0.16487  0.13750 
 0.00000  0.00000 
-100.00000 -100.00000 
 0.13912  0.13740 
-100.00000 -100.00000 
-100.00000 -100.00000 
-100.00000  0.00009 
 0.26308 -100.00000 
-0.10109 -100.00000 
-100.00000 -100.00000 
-100.00000 -100.00000 
 0.14376 -100.00000 
-100.00000 -100.00000 
-100.00000 -100.00000 
-100.00000 -100.00000 
-0.12394  0.03205 
-100.00000 -100.00000 
-0.09696  0.12311 
-100.00000 -0.05275 
-0.23870  0.26308 
 0.50918 -0.28747 
-0.34469 -0.12992 
-0.43699  0.48975 
-100.00000 -100.00000 
 0.06020 -0.73683 
-100.00000 -100.00000 
-0.00015 -100.00000 
-100.00000 -100.00000 
-0.79285  0.37857 
-0.12419 -100.00000 
-100.00000 -100.00000 
-100.00000 -100.00000 
-0.44335 -0.59628 
-0.68294  0.02001 
 0.10601  0.21849 
 0.40474 -0.30012 
 0.13862 -100.00000 
 0.13725 -100.00000 
 0.22497 -0.00002 
-100.00000 -100.00000 
 0.01334 -100.00000 
 0.00000  0.00000 
-0.20904  0.18778 
 0.06278  0.07750 
-0.20721  0.18751 
 0.13901 -0.19071 
 0.35985 -0.40337 
-0.00001 -100.00000 
 0.14029  0.26361 
 0.25904 -0.18678 
-0.00002 -100.00000 
-100.00000 -100.00000 
-0.11880 -100.00000 
-100.00000 -100.00000 
 0.00000  0.00000 
-100.00000 -0.00006 
-100.00000 -100.00000 
 0.00000  0.00000 
-100.00000 -100.00000 
-100.00000 -100.00000 
 0.51293  0.51045 
 0.42287  0.09741 
-100.00000  0.26305 
 0.22224 -0.02829 
-100.00000 -100.00000 
-0.23847 -0.12546 
 0.61980  0.13753 
-0.15179 -0.26749 
 0.04207 -100.00000 
-0.11399  0.45258 
-100.00000 -100.00000 
-100.00000 -100.00000 
-100.00000 -100.00000 
-100.00000 -100.00000 
 0.00000  0.00000 
-0.01643 -0.08899 
 0.14093  0.40586 
-100.00000 -100.00000 
 0.27618  0.74842 
-0.30577 -0.16021 
-0.01671 -0.24502 
-0.23623  0.03359 
-100.00000 -100.00000 
-0.10120 -100.00000 
-0.00001 -100.00000 
-100.00000 -100.00000 
 0.02414 -100.00000 
-0.53595  0.29535 
 0.00000  0.00000 
-100.00000 -100.00000 
 0.00000  0.00000 
