-100.00000 -100.00000 
 0.14765 -0.61399 
-0.36061 -0.08854 
 0.63426 -0.35599 
-100.00000  0.37862 
-100.00000 -100.00000 
-0.23871  0.13737 
-100.00000  0.00005 
-0.29118  0.19992 
-100.00000  0.06114 
 0.21102 -0.27885 
 0.48043  0.41139 
-0.20742 -0.16917 
 0.14332  0.07722 
 0.13754  0.13754 
 0.37847 -100.00000 
-0.13720 -0.32550 
-100.00000 -100.00000 
-0.04932 -0.23967 
-100.00000 -100.00000 
 0.13983  0.10670 
-100.00000 -100.00000 
 0.07749 -0.42583 
-100.00000 -0.01885 
-100.00000 -100.00000 
 0.07796 -0.24407 
-0.29792  0.52321 
 0.31283  0.24598 
 0.00000  0.00000 
 0.37865 -0.09937 
-100.00000  0.00014 
-0.00002 -0.54005 
-100.00000 -100.00000 
-100.00000 -100.00000 
-100.00000  0.26297 
 0.00001 -100.00000 
 0.11945  0.50817 
 0.33732 -100.00000 
-100.00000 -100.00000 
-0.02297  0.44279 
-100.00000 -100.00000 
 0.05126  0.37839 
-100.00000 -100.00000 
-100.00000  0.37856 
 0.14050 -0.41398 
 0.00000  0.00000 
-100.00000 -100.00000 
-0.38147  0.62811 
-100.00000 -100.00000 
-0.12250 -100.00000 
-100.00000 -100.00000 
-0.37555 -0.19614 
 0.00000  0.00000 
-100.00000 -0.12304 
 0.32883  0.01443 
-0.01686  0.21864 
-100.00000 -100.00000 
-100.00000 -100.00000 
-0.09811 -0.14880 
-0.08254 -0.20793 
-0.53773  0.79163 
-0.50574 -0.16373 
-100.00000  0.37846 
 0.13760 -0.15179 
-0.76670 -0.00942 
 0.14396  0.16839 
-100.00000 -100.00000 
-0.08170  0.01262 
-0.21782 -0.36966 
-0.12400  0.18880 
 0.79285  0.49742 
 0.04877 -0.16722 
 0.20131  0.06314 
-0.23711 -0.41830 
-0.24252 -0.05633 
-0.00005 -100.00000 
-100.00000 -100.00000 
-100.00000 -100.00000 
-0.18510  0.34026 
-100.00000 -100.00000 
 0.07809 -0.17031 
 0.55650 -0.26828 
-0.23878  0.13730 
-0.20583 -0.48191 
-100.00000 -100.00000 
 0.00000  0.00000 
-100.00000 -100.00000 
-0.00007 -0.15955 
-0.00036 -0.12559 
-0.04345  0.32719 
-0.03939 -0.52802 
 0.00000  0.00000 
-100.00000 -100.00000 
 0.00000  0.00000 
-0.10135  0.00003 
-0.08050  0.43358 
-100.00000 -100.00000 
-100.00000 -100.00000 
-0.32713  0.28175 
-0.05108  0.01352 
-0.14714  0.48662 
 0.00000  0.00000 
-100.00000  0.13776 
 0.87483  0.61072 
-100.00000  0.00003 
-0.02416  0.31046 
-100.00000  0.43409 
-100.00000 -100.00000 
 0.23618  0.31140 
-100.00000 -100.00000 
-0.12388  0.37844 
-100.00000 -100.00000 
-0.17466 -0.18754 
 0.37861 -0.35443 
-0.46213 -0.59901 
-100.00000 -100.00000 
-100.00000 -100.00000 
-100.00000 -100.00000 
 0.14308  1.11178 
-100.00000 -100.00000 
-100.00000  0.00003 
-0.07476 -0.66240 
 0.00000  0.00000 
 0.00000  0.00000 
-0.34369  0.00019 
 0.00000  0.00000 
 0.00000  0.00000 
 0.61343  0.33853 
-100.00000 -0.52758 
 0.02521 -0.39063 
 0.23678  0.35325 
-100.00000 -100.00000 
-100.00000 -100.00000 
-0.31149 -0.03440 
 0.38816  0.05085 
-0.29104  0.52691 
 0.24659 -0.08011 
 0.00000  0.00000 
 0.00000  0.00000 
-100.00000  0.13764 
-0.59464 -0.36750 
 0.44398  0.01512 
-0.30318  0.47986 
 0.36551 -0.37429 
-0.03926 -0.17245 
-0.06454 -0.05282 
-100.00000 -100.00000 
 0.64280  0.40019 
-0.16914  0.40763 
-0.11654  0.19507 
 0.00000  0.00000 
-0.42237 -0.11795 
 0.00000  0.00000 
-0.47839  0.28808 
 0.15839 -0.15439 
-0.24710 -0.32603 
 0.32849 -0.16686 
 0.00000  0.00000 
 0.00000  0.00000 
 0.40749 -0.24264 
-100.00000 -0.47020 
-0.03579  0.32046 
-0.00451  0.00678 
 0.14435 -0.25529 
-100.00000  0.47123 
-100.00000 -100.00000 
-100.00000 -100.00000 
 0.59885  0.11219 
 0.13229  0.09038 
-0.58356  0.05444 
-0.51502  0.29221 
-0.20607  0.15670 
 0.00000  0.00000 
-100.00000 -0.01367 
 0.08906  0.08392 
 0.22709 -0.86101 
-0.67971  0.04474 
 0.14880  0.21558 
-0.00189 -0.14829 
 0.00000  0.00000 
-100.00000 -0.00014 
-0.80757 -0.01667 
 0.28398  0.49420 
 0.04019 -0.28699 
-100.00000 -100.00000 
-0.17612  0.37617 
-0.12368  0.13761 
 0.42203  0.55847 
-100.00000 -100.00000 
-100.00000 -100.00000 
-100.00000 -100.00000 
-100.00000 -100.00000 
-100.00000 -100.00000 
-0.08253  0.30006 
-100.00000 -100.00000 
-100.00000 -100.00000 
 0.14852 -0.05673 
-0.31577 -0.27996 
 0.00000  0.00000 
 0.00000  0.00000 
 0.00000  0.00000 
 0.06068 -0.12132 
-100.00000 -100.00000 
-100.00000 -100.00000 
 1.02526 -0.42302 
 0.00000  0.00000 
-100.00000 -100.00000 
-100.00000  0.13754 
 0.00000  0.00000 
 0.28497 -0.16932 
-0.28091 -0.15191 
-0.29643 -0.13711 
 0.28140 -0.10577 
 0.01630 -0.00358 
-100.00000 -100.00000 
 0.00000  0.00000 
-100.00000 -100.00000 
-0.18560 -0.45820 
 0.00000  0.00000 
 0.00000  0.00000 
-0.00553 -0.00653 
-0.23160 -0.10976 
-0.09196  0.24747 
-0.54043 -0.14047 
-0.33685 -0.00182 
 0.12238  0.48169 
-0.24591  0.08454 
 0.35666 -0.29193 
 0.18417  0.09573 
-0.26073 -0.07885 
 0.13114 -0.47333 
-0.14702 -0.47185 
-0.17018 -0.24263 
-0.15650 -0.16708 
-0.04183  0.27812 
-0.20198 -0.22837 
-0.09729  0.40417 
 0.25940 -0.36192 
-100.00000  0.00426 
-0.22285 -0.14493 
-100.00000 -100.00000 
-100.00000 -0.11521 
-100.00000 -100.00000 
 0.18089  0.25689 
-100.00000 -100.00000 
-100.00000 -0.24176 
-100.00000 -100.00000 
-0.49492  0.03338 
-0.05465 -0.28778 
-100.00000 -100.00000 
 0.57936 -0.70515 
 0.23278 -0.16141 
-0.44599  0.18774 
-0.41402  0.27099 
-0.05324  0.78006 
-100.00000 -100.00000 
 0.14635 -0.26198 
-0.29566  0.34743 
-100.00000  0.13762 
 0.06203  0.78758 
 0.01109 -0.04460 
-0.41382  0.41161 
-0.38804  0.34712 
-100.00000 -100.00000 
-100.00000 -100.00000 
 0.24517 -0.00149 
 0.40150 -0.22484 
 0.15597  0.28977 
-100.00000 -100.00000 
-0.08696  0.09392 
-0.36621  0.20295 
 0.30765 -0.42181 
-100.00000 -100.00000 
 0.00000  0.00000 
 0.14547  0.22058 
-0.16622  0.27230 
 0.44781 -0.18956 
 0.33739 -0.45852 
 0.00000  0.00000 
 0.44227  0.51130 
 0.02986 -0.24316 
-100.00000 -100.00000 
 0.33862  0.03966 
 0.00000  0.00000 
 0.23570  0.37885 
-0.31998  0.12042 
 0.00000  0.00000 
-0.43694 -0.02535 
-0.13275  0.26291 
 0.33879 -0.08649 
 0.01531 -0.42550 
 0.27748 -0.19391 
 0.39779 -0.60318 
-0.21971 -0.18803 
 0.03887 -0.29016 
-100.00000 -100.00000 
 0.21040 -0.23149 
 0.22138  0.38194 
-0.11469  0.78820 
-100.00000  0.00004 
 0.53357  0.04067 
-100.00000 -100.00000 
-0.31861 -0.86106 
 0.00000  0.00000 
 0.36324  0.45132 
-0.06628 -0.40825 
-0.01739 -0.44739 
 0.01582  0.13731 
-100.00000 -100.00000 
-0.48485 -0.32594 
-100.00000 -100.00000 
-0.36756 -0.15781 
-0.34614 -0.40856 
-0.61198  0.22048 
-0.03796 -0.44175 
-100.00000 -100.00000 
-100.00000 -100.00000 
-0.15204  0.01681 
 0.14354  0.08039 
 0.49247  0.35055 
 0.55013  0.67832 
-100.00000 -100.00000 
-100.00000 -100.00000 
-0.20949  0.26306 
 0.00000  0.00000 
 0.45793  0.05207 
 0.13743 -0.16019 
-0.04182  0.22534 
-0.04057  0.37852 
-100.00000 -100.00000 
-100.00000 -100.00000 
-0.07380 -0.01397 
-100.00000  0.00012 
-100.00000 -100.00000 
-100.00000  0.26306 
 0.26043  0.12337 
 0.24906 -0.06395 
 0.26112  0.11411 
 0.00000  0.00000 
 0.15307 -100.00000 
-0.11447 -0.00006 
-100.00000 -100.00000 
 0.14352  0.10256 
 0.33124  0.08770 
-0.14535 -0.15061 
-0.39057  0.63310 
 0.32130  0.30958 
 0.88561 -0.04500 
 0.14082 -0.03351 
 0.11384 -0.49192 
 0.08378  0.25476 
 0.90259 -0.26996 
-100.00000  0.42786 
-100.00000 -100.00000 
-100.00000 -100.00000 
-100.00000 -100.00000 
-100.00000  0.00002 
 0.33869  0.04002 
-100.00000 -100.00000 
-100.00000 -100.00000 
 0.24955 -0.00045 
-100.00000 -100.00000 
-100.00000 -100.00000 
-100.00000 -100.00000 
-0.00005 -100.00000 
 0.07616  0.14905 
-0.09766  0.37841 
-100.00000 -100.00000 
-0.47689 -0.29895 
-0.22753 -0.14858 
 0.31169  0.13212 
 0.44836  0.21801 
-100.00000 -100.00000 
-100.00000 -0.16122 
 0.00000  0.00000 
 0.20080 -0.19074 
-0.47694 -100.00000 
-0.19140 -0.59320 
-0.12873 -0.28232 
-100.00000 -100.00000 
-100.00000  0.54103 
 0.02159  0.18215 
 0.00000  0.00000 
 0.04131  0.12567 
 0.05754  0.48547 
-0.07977 -0.40573 
-0.03383 -0.62316 
 0.13742 -100.00000 
 0.13737 -0.35985 
 0.21777  0.07645 
-100.00000 -0.00002 
 0.26530  0.06246 
 0.10568  0.00268 
-100.00000  0.00014 
 0.00004 -100.00000 
-0.44061 -0.41534 
 0.00000  0.00000 
-100.00000 -100.00000 
-100.00000 -0.00004 
 0.11339  0.50310 
-100.00000 -100.00000 
-100.00000 -100.00000 
 0.31016  0.58539 
 0.20106 -0.06760 
-100.00000 -100.00000 
 0.54077 -0.42685 
 0.01425 -0.19243 
 0.35295 -0.34529 
-0.44536 -0.12501 
 0.02092 -0.27117 
 0.13746 -0.13721 
-0.34113  0.14598 
-0.14924  0.30098 
 0.46028 -0.27905 
-0.18267 -0.20928 
-0.19823  0.06203 
-100.00000 -100.00000 
-100.00000 -100.00000 
 0.26445  0.00526 
-100.00000 -100.00000 
 0.23027 -100.00000 
 0.11378 -0.20779 
-0.31847 -0.06903 
-0.61452  0.94918 
-100.00000 -100.00000 
-0.17299  0.37856 
 0.21164 -0.19788 
-100.00000  0.00045 
-100.00000 -100.00000 
-100.00000 -100.00000 
-0.33352 -0.05020 
-100.00000 -100.00000 
-100.00000 -100.00000 
 0.13749 -0.21265 
-100.00000 -100.00000 
-0.11002 -100.00000 
-100.00000 -0.44497 
 0.05826 -0.50063 
-100.00000 -100.00000 
-100.00000 -100.00000 
 0.18292  0.24163 
 0.19260  0.00396 
-100.00000 -100.00000 
-100.00000 -100.00000 
-100.00000 -100.00000 
-100.00000 -100.00000 
-0.17095 -0.18030 
-100.00000  0.13756 
 0.02232 -100.00000 
-100.00000  0.00004 
-0.44401  0.39736 
-0.18310 -100.00000 
 0.07514 -0.62762 
-100.00000 -100.00000 
-100.00000 -100.00000 
 0.22175  0.17476 
-0.09741 -0.43846 
-100.00000 -100.00000 
-100.00000 -100.00000 
-0.31724 -0.13753 
-100.00000 -100.00000 
-100.00000  0.13752 
 0.11331  0.11614 
-100.00000 -0.13766 
-100.00000 -100.00000 
-100.00000 -100.00000 
 0.00000  0.00000 
-0.65107  0.00018 
 0.26493  0.29055 
-0.05772  0.38798 
 0.62981  0.30867 
-0.02328 -0.14395 
 0.05792  0.12592 
-100.00000 -100.00000 
-100.00000  0.26289 
-0.06606  0.32745 
-100.00000 -0.01364 
-0.05406  0.37392 
-100.00000 -100.00000 
-100.00000 -0.14840 
 0.48130  0.36603 
-0.20721 -100.00000 
 0.04215 -0.34183 
-100.00000 -0.68715 
-100.00000 -100.00000 
-0.25005 -0.14849 
 0.02418 -0.01400 
-0.13735 -0.14951 
 0.22967  0.47021 
-0.11902 -0.26396 
-0.30589  0.69702 
-100.00000 -100.00000 
 0.14812 -0.37090 
 0.00000  0.00000 
-100.00000 -100.00000 
 0.02432 -100.00000 
-0.32081  0.01500 
-0.10103  0.09045 
-0.19927  0.28705 
-0.10112 -0.28871 
 0.14160  0.34931 
 0.26294  0.43390 
-0.14411  0.79520 
 0.64060 -0.21138 
-0.00014 -0.39058 
 0.00000  0.00000 
 0.01319 -0.15048 
-0.30596  0.03252 
 0.00000  0.00000 
 0.70687 -0.42740 
-0.16067 -0.91633 
-0.11362 -0.19325 
-0.08602  0.20974 
-0.24420  0.08705 
 0.04752  0.01040 
-100.00000 -100.00000 
-0.43743  0.30308 
-0.06825  0.07398 
-100.00000 -100.00000 
 0.55874 -0.14934 
 0.14414 -0.14349 
-0.22045 -0.82127 
 0.00000  0.00000 
-0.39323 -0.49052 
 0.36533 -0.07113 
 0.03273 -0.24875 
-0.22572  0.28551 
 0.13731  0.01861 
 0.14275 -0.09721 
 0.00002  0.00008 
-0.43813  0.11188 
 0.26298 -100.00000 
-0.00014  0.13743 
 0.00000  0.00000 
 0.14171 -0.01262 
-100.00000 -0.00008 
-100.00000 -0.14661 
 0.00000  0.00000 
 0.00000  0.00000 
-0.32561  0.14372 
-0.69129 -100.00000 
 0.01323 -0.15006 
-0.25357  0.78356 
-100.00000 -0.27236 
 0.00000  0.00000 
-100.00000 -100.00000 
-100.00000 -100.00000 
-0.23858 -0.15010 
 0.02419 -100.00000 
 0.00000  0.00000 
-0.21887 -0.29676 
-100.00000 -0.00004 
-0.23859 -0.07703 
-100.00000 -0.28761 
 0.00000  0.00000 
-0.34074 -0.14793 
 0.00035 -100.00000 
 0.00000  0.00000 
-0.08998  0.52897 
 0.00032 -100.00000 
-100.00000 -0.02469 
-0.20727  0.09057 
-100.00000 -100.00000 
 0.55380 -0.28809 
-100.00000 -100.00000 
