-100.00000 -0.00011 
 0.46853 -0.27608 
 0.26287 -0.35694 
-0.00016  0.13758 
 0.08114  0.13746 
-0.00003 -100.00000 
 0.10693  0.00012 
 0.00005 -100.00000 
-0.00009  0.00001 
 0.13760  0.00010 
 0.13480 -0.28836 
 0.00027  0.00016 
-100.00000 -100.00000 
 0.00003  0.13751 
-100.00000 -100.00000 
-0.33525  0.23756 
-0.16184 -0.04412 
 0.26493  0.17119 
-100.00000 -100.00000 
-0.00013 -100.00000 
-0.00008 -0.15144 
-0.15614 -100.00000 
 0.00000  0.00000 
-0.00012  0.00001 
-0.00001 -100.00000 
 0.10721  0.11112 
-100.00000  0.00002 
 0.00001 -100.00000 
-0.29687  0.00004 
-0.00003 -0.00003 
 0.07073 -0.16159 
-100.00000 -100.00000 
-0.15914 -0.00012 
 0.14868 -0.27614 
-100.00000 -100.00000 
 0.00008 -100.00000 
 0.00013 -100.00000 
 0.24263 -0.30202 
-100.00000 -100.00000 
-0.15583 -100.00000 
-0.27927 -0.15164 
-0.53816 -0.50748 
 0.00001 -100.00000 
 0.00005  0.00002 
-100.00000 -100.00000 
 0.00002  0.00003 
 0.13760  0.00005 
-100.00000 -100.00000 
-100.00000 -100.00000 
-100.00000 -100.00000 
-0.11146 -0.04865 
 0.66818  0.13812 
-0.35494  0.47538 
-100.00000 -100.00000 
-100.00000 -100.00000 
 0.00000  0.00000 
-0.31388  0.00003 
 0.00015 -100.00000 
-0.01129  0.48550 
-0.00016  0.26334 
 0.00006 -0.00007 
-0.64915 -0.00001 
 0.00000  0.00000 
-0.00006 -100.00000 
 0.43536  0.77156 
 0.00003 -100.00000 
-100.00000 -100.00000 
-0.32568  0.00009 
 0.00000  0.00009 
 0.00000  0.00000 
-0.27253  0.13743 
 0.26305 -0.41313 
-0.17156 -0.73468 
-0.00002  0.00001 
-0.37826 -100.00000 
 0.00000  0.00000 
-0.16644 -0.27624 
-100.00000 -100.00000 
 0.00013 -0.00002 
 0.00000  0.00000 
 0.00007 -100.00000 
-0.00011 -100.00000 
-0.41043  0.37282 
-0.15568 -0.00002 
-0.06191  0.61641 
 0.11287 -0.44882 
-100.00000 -0.00013 
 0.00003 -0.00006 
 0.02909  0.37664 
-0.06152 -0.02557 
-0.18010  0.16914 
-0.25425  0.13758 
-0.15617  0.26309 
-0.08804  0.13871 
 0.00003 -0.00000 
 0.00003  0.00002 
 0.13740  0.02350 
 0.07334 -0.41620 
-0.30956 -0.17913 
 0.77480  0.29661 
-0.30056  0.06730 
 0.23695  0.00020 
 0.58446  0.08283 
 0.48585 -0.00013 
 0.00000  0.00000 
-100.00000  0.02290 
-0.41227  0.00010 
 0.00002  0.00003 
-100.00000 -100.00000 
 0.00000  0.00000 
 0.22036 -0.14815 
-100.00000 -100.00000 
 0.23447 -0.15731 
-0.50786  0.08574 
-0.14990 -0.19146 
 0.09452 -0.18661 
 0.15506  0.20802 
-100.00000 -100.00000 
 0.26876 -0.10196 
-0.00160 -0.21814 
 0.00003  0.00002 
-0.00009 -0.00002 
-0.21779  0.33497 
 0.08734  0.02070 
 0.13769  0.00010 
 0.26330  0.18944 
-0.04270  0.13773 
-100.00000 -0.00009 
-0.29090 -0.08500 
-0.14724 -0.15828 
-0.00001 -0.00005 
-0.15068 -0.49827 
-100.00000 -100.00000 
 0.00003 -0.00003 
 0.33487 -100.00000 
-0.44574  0.13609 
 0.64144 -0.04469 
 0.34122  0.61271 
 0.47827 -0.00020 
 0.26317 -0.21872 
-100.00000  0.13777 
-100.00000 -100.00000 
-100.00000  0.00025 
-0.38694  0.15048 
-0.08662  0.30551 
 0.00100  0.33996 
 0.00000  0.00000 
 0.13765 -0.05069 
-100.00000 -100.00000 
 0.01375  0.45080 
 0.13746 -0.43228 
 0.26314  0.03148 
 0.25334 -0.61561 
 0.06913  0.00160 
-0.13093  0.52933 
 0.00000  0.00000 
 0.40007 -0.19688 
 0.16233  0.12025 
 0.23906  0.23287 
 0.00004 -0.00002 
 0.00001  0.00002 
 0.51780 -0.49035 
-100.00000 -100.00000 
-0.00017  0.00002 
-100.00000  0.37869 
-0.24884 -0.36786 
-100.00000 -100.00000 
-0.52702  0.00022 
 0.85270 -0.18136 
 0.58974 -100.00000 
 0.00000  0.00000 
-0.17337  0.60985 
 0.06675 -0.18811 
 0.00006 -0.00004 
 0.94195 -0.26981 
-0.37205 -0.15470 
 0.00035 -100.00000 
-0.51092 -100.00000 
 0.04432  0.87389 
 0.00001  0.00018 
-0.00014  0.00002 
 0.13749  0.00026 
-100.00000 -100.00000 
-0.07815  0.29697 
 0.00466  0.13732 
 0.00000  0.00000 
-0.15102 -0.00000 
-0.05619  0.44251 
 0.00012 -100.00000 
-0.00010 -0.00005 
-100.00000 -100.00000 
-100.00000 -0.00005 
 0.26314 -0.25067 
 0.00000  0.00000 
-0.26424  0.26309 
-100.00000 -100.00000 
 0.00001 -100.00000 
-100.00000 -100.00000 
 0.00011 -0.25045 
 0.37018  0.35733 
-0.23719  0.14860 
-0.44584 -0.25753 
 0.34255  0.51820 
-0.00005  0.00005 
-0.62442  0.21558 
-0.25464 -0.08687 
-100.00000 -100.00000 
 0.00004 -0.00008 
-0.26587  0.06795 
 0.29333 -0.71342 
 0.00000  0.00000 
-0.22617  0.88728 
 0.12458 -0.25065 
 0.26290  0.00006 
-100.00000 -100.00000 
-0.13942  0.00018 
-100.00000 -0.00008 
 0.13729 -0.39095 
-0.28300 -0.08589 
 0.10221  0.26610 
 0.19736  0.13763 
 0.00017 -0.00003 
-0.10280  0.57419 
 0.23696 -0.40379 
-0.17487  0.31439 
 0.00019 -0.00016 
-0.22471 -0.20114 
-100.00000  0.00030 
 0.21231 -0.13146 
-0.00005 -100.00000 
 0.34669 -0.25069 
-0.28516 -0.25528 
 0.43973  0.03471 
 0.00020 -100.00000 
 0.00005  0.00079 
 0.13777 -0.33927 
 0.01747 -0.01531 
-0.14108 -0.27929 
 0.13762 -0.00013 
 0.13674 -100.00000 
 0.00000  0.00000 
 0.07224  0.68648 
-100.00000 -100.00000 
-0.11761  0.16737 
 0.00007  0.00006 
 0.00021  0.00035 
 0.13458  0.00013 
-100.00000  0.00008 
-0.00013  0.00003 
-100.00000 -100.00000 
 0.00600 -0.30681 
-100.00000 -100.00000 
 0.00000  0.00000 
 0.01861 -0.08227 
-0.24179  0.00026 
-100.00000 -100.00000 
-0.05951 -0.16553 
 0.00001  0.00002 
 0.10236  0.14286 
 0.53965  0.13757 
-100.00000 -100.00000 
 0.00000  0.00000 
-100.00000 -100.00000 
 0.00009  0.00005 
-100.00000 -100.00000 
 0.12510 -100.00000 
-100.00000 -100.00000 
-0.00236  0.32111 
 0.00005 -0.00004 
-0.33271 -0.76280 
-0.00001 -0.00003 
 0.21696  0.10176 
-100.00000 -100.00000 
 0.42706 -0.33325 
 0.16360  1.07287 
 0.00000  0.00000 
 0.31410  1.23742 
 0.14486 -0.15074 
 0.00006 -100.00000 
 0.00000  0.00000 
 0.00022  0.00013 
 0.00017 -100.00000 
-0.00002  0.26319 
 0.00020  0.00012 
-0.57246  0.66353 
-0.15619 -0.13964 
-0.00010 -100.00000 
-0.54616  0.11358 
-0.48496  0.33343 
 0.11489  0.31511 
 0.22235  0.00004 
-0.00027 -100.00000 
 0.00004 -100.00000 
 0.04109 -0.13880 
-0.15707 -0.00006 
 0.00002  0.00005 
-100.00000 -100.00000 
-100.00000  0.00002 
-0.61687 -0.00019 
 0.00000  0.00000 
-0.01948 -0.00173 
-100.00000 -100.00000 
-0.75277 -0.22560 
 0.29472 -0.47382 
-0.90169 -100.00000 
-100.00000  0.00021 
-100.00000 -100.00000 
 0.00026  0.00011 
 0.00014 -0.00001 
-100.00000 -100.00000 
-0.00001 -100.00000 
 0.72314 -0.00096 
-100.00000 -100.00000 
 0.13735 -0.26650 
-1.03754 -0.25768 
-100.00000 -100.00000 
 0.00000  0.00000 
 0.75878  0.26390 
-0.15677 -0.13878 
-0.15690 -100.00000 
-100.00000 -100.00000 
-0.00022  0.00004 
 0.13792 -100.00000 
 0.03981  0.35934 
 0.54653  0.33159 
-0.24312 -0.01092 
 0.00000  0.00002 
 0.00005  0.00002 
 0.11749  0.26222 
-100.00000 -100.00000 
 0.00004  0.26318 
 0.00010 -100.00000 
 0.00000  0.00000 
-100.00000 -100.00000 
 0.00392  0.12535 
-100.00000 -100.00000 
 0.22310  0.20952 
-0.00019 -100.00000 
-100.00000  0.01025 
-100.00000 -100.00000 
-0.00006  0.00012 
 0.00001  0.00007 
 0.04382 -0.04121 
 0.00000  0.00000 
-100.00000 -100.00000 
 0.00007 -0.00000 
 0.00000  0.00000 
 0.13756 -0.14070 
 0.00000 -100.00000 
-100.00000 -0.00210 
 0.00000  0.00000 
-0.00002  0.00001 
-100.00000 -100.00000 
-0.03489  0.44398 
 0.00000  0.00000 
 0.00000  0.00000 
 0.26306 -0.00007 
-100.00000 -100.00000 
 0.00000  0.00000 
-0.00020  0.00028 
-100.00000 -100.00000 
 0.03391  0.05608 
 0.00000  0.00000 
-0.29828 -0.13890 
-0.00004  0.00006 
 0.00000  0.00000 
-0.00011  0.00006 
-0.00007 -0.00005 
-0.00035 -100.00000 
-0.00032  0.00032 
-100.00000 -100.00000 
-0.13810  0.20767 
-0.00009  0.00018 
 0.00000  0.00000 
-0.01974  0.00012 
 0.00000  0.00000 
-0.00002  0.00001 
 0.67794 -100.00000 
 0.31417 -0.00581 
 0.02226  0.36676 
-0.00019  0.00017 
-0.12517 -0.04878 
-0.06490 -0.80485 
-100.00000 -100.00000 
-0.13717  0.00009 
-0.78877 -0.04829 
-100.00000 -100.00000 
-0.00005 -0.00008 
-100.00000 -100.00000 
 0.00000  0.00000 
-100.00000  0.00007 
 0.00009 -100.00000 
 0.00006 -100.00000 
-100.00000 -100.00000 
-100.00000  0.26293 
-100.00000 -100.00000 
-0.48523  0.00008 
-0.24067  0.48539 
-100.00000 -100.00000 
-0.41262 -0.46572 
-100.00000 -100.00000 
-0.00005 -100.00000 
 0.22258 -100.00000 
 0.25555 -0.10065 
-0.24341  0.32580 
-0.12501  0.37856 
-0.00005 -100.00000 
 0.00084  0.58497 
-0.32048 -0.09266 
 0.00000  0.00000 
 0.42986  0.14809 
-0.29341 -0.43294 
 0.00003  0.00003 
-0.50540 -0.60365 
-0.28194  0.65559 
-0.00002 -100.00000 
-0.54602  0.67816 
-100.00000 -100.00000 
 0.19809 -0.19484 
-0.00007  0.00003 
 0.18252  0.70075 
-100.00000 -100.00000 
 0.00002  0.00001 
-100.00000 -100.00000 
 1.20192 -100.00000 
 0.00005 -100.00000 
 0.24656 -0.00005 
 0.03032  0.87679 
-0.49562  0.59028 
 0.00000  0.00000 
-0.00002 -0.00013 
 0.00008 -100.00000 
-0.15385  1.07034 
-0.00033  0.00003 
 0.13745  0.00003 
-100.00000 -100.00000 
 0.00001 -0.00004 
-100.00000 -100.00000 
-100.00000 -100.00000 
 0.68501 -0.65324 
-0.00003 -0.00007 
-0.00002  0.00008 
 0.12674 -100.00000 
-100.00000 -100.00000 
-100.00000 -100.00000 
-0.04290  1.43291 
-100.00000 -100.00000 
 0.51675 -0.76768 
-0.25767 -0.01389 
-100.00000 -100.00000 
 0.00002  0.00003 
 0.24506 -0.32368 
-0.00015 -0.00001 
-100.00000 -100.00000 
 0.28983  0.05577 
-0.31920  0.26326 
-100.00000 -100.00000 
-100.00000 -0.00005 
 0.00009  0.48558 
-0.12488 -100.00000 
-100.00000 -100.00000 
 0.00002  0.00003 
 0.87609  0.33940 
-0.09338 -0.04768 
-0.26288 -100.00000 
-0.41393 -0.46396 
 0.13088  0.00259 
-0.00023  0.13746 
 0.00024 -0.00002 
-0.08059 -0.00012 
 0.17844 -0.27108 
-100.00000 -100.00000 
-0.62634  0.26318 
 0.54883 -0.02282 
-0.63962  0.07497 
 1.01295 -100.00000 
 0.00000  0.00000 
 0.13755 -100.00000 
 0.00000  0.00000 
 0.00001 -0.22237 
 0.00028  0.00009 
-0.17570 -0.56891 
-0.00031 -0.00004 
-0.00023  0.00010 
 0.00002 -100.00000 
 0.11227 -100.00000 
-0.02558  0.37850 
-0.18391  0.35452 
-100.00000 -100.00000 
 0.49925  0.04983 
 0.00009 -0.05280 
-100.00000 -100.00000 
 0.04009  0.49904 
 0.64747  0.49491 
-0.41300 -0.00017 
-0.27874 -0.50138 
-0.73382 -0.15437 
 0.00000  0.00000 
-0.14777 -100.00000 
-0.00011  0.00003 
 0.24364 -0.11429 
-0.15038 -0.41529 
 0.07348 -0.05301 
 0.05958 -0.19055 
 0.00006  0.00002 
-0.68837  0.18828 
 0.96138 -0.10584 
-0.14639 -0.01943 
 0.29034  0.00002 
-0.14890 -0.50592 
-0.26488  0.00010 
-1.00900  0.07238 
 0.25683 -0.53444 
 0.11892  0.36882 
 0.65971 -0.34866 
-100.00000 -100.00000 
-0.11126 -0.45553 
 0.00000  0.00000 
-100.00000  0.39396 
-0.00015 -0.00008 
-0.00008 -0.37425 
 0.24352  0.45058 
 0.30071 -0.19211 
 0.09444 -0.08764 
 0.00000  0.00000 
-0.24875  0.26341 
 0.37886  0.13728 
 0.58524  0.93541 
-100.00000 -100.00000 
 0.00008 -100.00000 
-100.00000  0.26310 
-100.00000 -100.00000 
-0.00008 -0.00004 
 0.00003  0.00008 
-0.02566 -100.00000 
-0.00008  0.13758 
-100.00000 -100.00000 
-0.14380  0.48658 
 0.13760  0.00002 
-0.25183 -0.19211 
 0.00000  0.00003 
 0.00007 -0.00025 
 0.39056 -0.50791 
-0.00002  0.13752 
-100.00000 -100.00000 
-100.00000 -0.00024 
 0.00000  0.00000 
-0.14939  0.11938 
-100.00000 -100.00000 
-0.48178  0.18509 
-0.79630 -0.77222 
-0.07895  0.26549 
-0.86313 -0.05245 
 0.13768  0.00002 
-0.15136 -0.18990 
-0.27530 -100.00000 
 0.00000  0.00000 
 0.00005  0.00002 
 0.00005 -0.00000 
-0.00011 -0.19007 
 0.13766  0.26316 
 0.58827 -0.91490 
-100.00000 -100.00000 
 0.13757 -0.18995 
-0.00004 -100.00000 
