 0.13971 -100.00000 
 0.16980 -0.25105 
 0.35675 -0.30773 
-0.13339 -0.22289 
-0.12446  0.00011 
-0.10107 -100.00000 
-100.00000 -0.54282 
 0.46389  0.01202 
-100.00000 -100.00000 
-0.00015 -0.15871 
-0.10132  0.04169 
-100.00000  0.00027 
 0.00000 -100.00000 
-0.15775 -100.00000 
 0.13965 -100.00000 
-100.00000  0.38060 
-100.00000 -100.00000 
-100.00000 -100.00000 
 0.21732  0.51622 
-0.12437 -0.01903 
 0.42084 -0.07587 
-0.23872 -100.00000 
-100.00000 -100.00000 
-100.00000 -0.75811 
-0.22274 -0.29514 
-100.00000 -100.00000 
-100.00000 -100.00000 
-100.00000 -100.00000 
-100.00000 -100.00000 
-100.00000 -100.00000 
-100.00000 -100.00000 
-0.10079 -0.01759 
-100.00000 -100.00000 
-100.00000 -100.00000 
-100.00000 -0.00006 
-100.00000  0.10718 
-0.02579 -0.18320 
 0.01316 -100.00000 
 0.24142  0.16256 
-100.00000 -100.00000 
-100.00000 -100.00000 
 0.01401 -100.00000 
-100.00000 -100.00000 
-100.00000  0.13755 
-0.05934  0.37851 
-100.00000 -100.00000 
 0.06116 -0.15126 
-100.00000 -100.00000 
-100.00000 -0.28944 
-0.12250 -100.00000 
-100.00000 -0.00029 
-100.00000 -0.00298 
-0.53631  0.36121 
-0.01588 -0.49617 
-100.00000 -100.00000 
 0.02403 -0.37717 
 0.39136 -0.50179 
-100.00000 -100.00000 
-0.51053 -0.02063 
-0.09377 -0.98078 
-100.00000  0.13756 
-0.13868 -0.09621 
-0.35299  0.10778 
 0.06691  0.41043 
 0.01419  0.39840 
-100.00000 -100.00000 
-100.00000 -100.00000 
-0.80093  0.02633 
-100.00000 -100.00000 
 0.30452 -0.12021 
 0.03570  0.19317 
-0.02698  0.46827 
-100.00000 -0.15589 
-100.00000 -100.00000 
-100.00000 -100.00000 
-0.27655  0.34355 
 0.00000 -0.25845 
 0.00010 -0.42407 
-100.00000 -100.00000 
 0.44780  0.20133 
-100.00000 -100.00000 
-100.00000 -100.00000 
-100.00000 -100.00000 
-0.35743  0.22444 
-100.00000 -0.00008 
-100.00000 -100.00000 
-0.12432 -100.00000 
-0.10136  0.58499 
 0.01342 -0.38625 
 0.88353 -0.10774 
 0.00000  0.00000 
-0.00004  0.00903 
-0.07611  0.48523 
-100.00000 -100.00000 
-100.00000 -100.00000 
-100.00000 -100.00000 
-100.00000 -100.00000 
-100.00000 -0.00003 
 0.19888  0.53991 
-100.00000 -100.00000 
 0.19862 -0.14787 
-100.00000 -100.00000 
-100.00000 -100.00000 
 0.37842  0.17161 
-0.17146  0.32844 
-100.00000 -100.00000 
-0.54381 -0.42692 
-100.00000 -100.00000 
-100.00000  0.00004 
-0.02491  0.19055 
-100.00000 -0.00007 
 0.36172  0.37880 
 0.13982  0.92583 
-100.00000 -100.00000 
-100.00000 -100.00000 
-100.00000 -100.00000 
-100.00000 -100.00000 
-100.00000 -100.00000 
 0.00000  0.00000 
-100.00000 -100.00000 
 0.14470  0.50236 
-100.00000 -100.00000 
-0.15581 -0.48676 
-100.00000  0.00017 
-100.00000 -100.00000 
-0.43739 -0.56216 
 0.09763  0.58510 
-100.00000 -100.00000 
-100.00000 -100.00000 
 0.00000  0.00000 
-100.00000 -100.00000 
-100.00000 -100.00000 
-100.00000 -100.00000 
-100.00000 -100.00000 
-100.00000 -100.00000 
-0.02555 -0.16681 
-100.00000 -100.00000 
-0.07744 -0.54793 
 0.00027 -0.27442 
 0.15070  0.56769 
-0.12358 -0.28610 
-100.00000 -100.00000 
 0.65754 -0.50380 
-100.00000 -100.00000 
-100.00000 -100.00000 
-0.05499 -0.14306 
-0.18258  0.35493 
-100.00000 -0.13260 
-100.00000  0.00027 
-100.00000  0.00033 
-100.00000 -100.00000 
 0.25570  0.11248 
-0.56147  0.16832 
 0.05696  0.20425 
 0.00000  0.00000 
-0.38529  0.19101 
 0.46972 -0.33730 
 0.22894  0.26756 
 0.11038  0.36215 
-100.00000 -100.00000 
-100.00000 -100.00000 
 0.00000  0.00000 
-100.00000 -100.00000 
-100.00000 -100.00000 
-0.10042 -0.15099 
 0.46596  0.00338 
-0.23724  0.11312 
-0.30438 -0.02439 
-0.00138  0.12540 
 0.74214 -0.32491 
 0.48879 -0.14140 
-100.00000 -100.00000 
-0.54363 -100.00000 
-100.00000 -100.00000 
 0.27314  0.25623 
 0.25806 -0.06032 
 0.01333 -0.15100 
-100.00000 -100.00000 
-100.00000  0.58491 
-0.68002  0.35522 
-100.00000 -100.00000 
-0.33810 -0.07509 
-100.00000 -100.00000 
 0.58500  0.52679 
 0.39949  0.08258 
-0.24516 -0.54823 
-0.12787 -0.50175 
-100.00000  0.00018 
-100.00000 -100.00000 
 0.43503 -0.48916 
-100.00000 -100.00000 
 0.02982 -100.00000 
 0.08690  0.36747 
-100.00000 -100.00000 
-100.00000 -100.00000 
-0.49916  0.14806 
 0.06820 -0.68491 
-0.00002 -100.00000 
-100.00000 -100.00000 
 0.38069  0.17839 
 0.51109  0.34866 
-100.00000 -100.00000 
 0.26307 -0.00003 
 0.64435  0.20359 
-0.18293 -0.48471 
-0.07350 -100.00000 
-0.12121  0.00011 
-100.00000 -100.00000 
 0.14792 -0.64510 
 0.06821 -0.30471 
-0.06460  0.54594 
 0.09134  0.00069 
-100.00000  0.00015 
-100.00000  0.26290 
-100.00000 -100.00000 
-0.39034 -0.21132 
-100.00000 -100.00000 
-100.00000 -0.18269 
-100.00000 -100.00000 
 0.11677 -0.14858 
-0.07324  0.73554 
-100.00000  0.13768 
 0.26319 -0.22515 
 0.00000  0.00000 
 0.00000  0.00000 
-100.00000 -100.00000 
-0.64294 -0.38533 
-0.02910  0.17844 
 0.05067  0.48559 
-0.55066  0.20601 
-100.00000 -0.23048 
 0.63458  0.00022 
 0.00000  0.00000 
-0.15890  0.44986 
 0.15064 -0.01279 
 0.26953  0.46443 
 0.00000  0.00000 
-100.00000 -100.00000 
-0.55375 -0.22779 
 0.01086  0.15733 
 0.34347 -0.00216 
 0.00000  0.00000 
-100.00000 -0.00005 
-100.00000 -0.22667 
-100.00000 -100.00000 
-100.00000 -100.00000 
 0.15920  0.39563 
-100.00000  0.13779 
-0.19694 -100.00000 
 0.26320 -100.00000 
 0.39178  0.27321 
 0.04599  0.00001 
-0.03216  0.19327 
-100.00000 -100.00000 
-0.30994 -0.34405 
-100.00000 -0.26439 
-0.17064 -100.00000 
-100.00000 -100.00000 
 0.00000 -100.00000 
-100.00000 -100.00000 
-100.00000 -100.00000 
-100.00000 -0.13801 
-100.00000 -100.00000 
-100.00000  0.13760 
-100.00000 -100.00000 
-100.00000 -100.00000 
-100.00000 -100.00000 
 0.16691 -0.47046 
-0.00008 -100.00000 
-100.00000 -100.00000 
-100.00000 -100.00000 
 0.01630 -0.00139 
-0.07385 -0.12712 
-0.42670 -0.11416 
 0.00000  0.00000 
-0.01265 -0.00802 
 0.03933  0.40750 
-0.33004 -0.07499 
-100.00000  0.11703 
-100.00000 -0.24262 
-0.00009 -100.00000 
-100.00000 -100.00000 
 0.04044  0.43403 
-100.00000 -100.00000 
-0.42474  0.55215 
-0.28603  0.65763 
 0.14378 -0.00010 
-0.07642  0.03880 
 0.10589  0.60786 
-100.00000 -100.00000 
 0.05706  0.01183 
-100.00000 -100.00000 
 0.80380 -100.00000 
-0.19928  0.37304 
 0.53049  0.18672 
-0.01655 -0.01547 
 0.48557 -0.16037 
 0.13753 -100.00000 
-0.00324 -0.16498 
-0.14902  0.54570 
-100.00000 -100.00000 
-100.00000 -100.00000 
-100.00000 -0.80131 
 0.70043  0.13248 
 0.47494 -0.32030 
 0.04224 -0.18609 
-100.00000 -100.00000 
-100.00000  1.94770 
-0.06725  0.27551 
-100.00000 -100.00000 
-0.23522 -100.00000 
 0.39720 -0.10436 
-0.09751 -0.13250 
 0.08163 -0.02910 
-0.35110 -0.65554 
 0.37860 -100.00000 
 0.45628 -0.25892 
 0.45595  0.29823 
-0.09746  0.05858 
-100.00000 -0.00010 
 0.26306  0.09745 
-100.00000 -100.00000 
-100.00000 -100.00000 
 0.00000  0.00000 
-0.10942  0.26314 
 0.40181 -0.36242 
-0.27481  0.09307 
-100.00000 -100.00000 
 0.00000  0.00000 
-0.33932 -0.01722 
-100.00000 -100.00000 
-0.23308 -100.00000 
 0.54742 -0.03453 
-100.00000  0.00002 
 0.00000  0.00000 
-100.00000 -100.00000 
-0.00378 -0.31479 
-100.00000 -0.22460 
-0.22358 -0.02486 
-0.22605 -0.25038 
-0.01310 -0.09023 
-100.00000 -100.00000 
 0.00000  0.00000 
-0.14837 -0.15838 
-100.00000 -100.00000 
-100.00000 -100.00000 
 0.15750 -0.22538 
-100.00000 -100.00000 
-100.00000 -100.00000 
-100.00000 -100.00000 
-100.00000 -100.00000 
-100.00000 -100.00000 
-100.00000 -100.00000 
-100.00000 -100.00000 
-0.57129 -0.11446 
-0.38332 -0.26273 
 0.48901 -0.35642 
-100.00000 -0.00006 
-0.65961 -0.22566 
-100.00000  0.26283 
-0.12975  0.13124 
-100.00000 -100.00000 
 0.26098  0.23628 
 0.23744 -0.37763 
-100.00000 -100.00000 
-100.00000 -100.00000 
-100.00000 -100.00000 
 0.11320 -0.23849 
 0.14957 -0.57306 
 0.09548 -0.03803 
-100.00000 -100.00000 
-100.00000 -100.00000 
 0.35911  0.15285 
 0.58898 -0.10461 
-0.12226  0.26289 
-100.00000 -100.00000 
-100.00000 -100.00000 
-100.00000 -100.00000 
-100.00000 -100.00000 
-100.00000 -100.00000 
-0.19037  0.08228 
-0.05459 -0.39540 
 0.60513  0.00161 
-0.08422 -100.00000 
 0.06376  0.07948 
-0.05279 -0.33769 
-100.00000 -100.00000 
-100.00000 -100.00000 
 0.26590  0.70176 
-0.02780 -0.10402 
-100.00000 -100.00000 
-0.57090  0.11657 
-100.00000 -0.10424 
 0.56550  0.21637 
-100.00000 -100.00000 
 0.13744 -100.00000 
-100.00000 -100.00000 
-100.00000 -100.00000 
-100.00000 -100.00000 
-0.11497 -100.00000 
-0.62553 -0.25844 
-0.22137 -100.00000 
 0.00006 -0.12534 
 0.39626 -0.12554 
 0.35466  0.41701 
-100.00000  0.00007 
 0.80002 -0.27513 
 0.60220  0.04427 
 0.02272 -0.05972 
 0.04231  0.24302 
 0.48686  0.69237 
-0.43440  0.34596 
-100.00000 -100.00000 
-100.00000 -100.00000 
 0.80604  0.43729 
-100.00000 -100.00000 
-100.00000 -100.00000 
 0.05909 -0.58430 
 0.00000  0.00000 
-100.00000 -100.00000 
-100.00000 -100.00000 
-100.00000 -100.00000 
-100.00000 -100.00000 
-100.00000 -100.00000 
 0.23079  0.31143 
 0.07900 -0.03383 
-100.00000 -100.00000 
-100.00000 -100.00000 
-100.00000 -100.00000 
 0.46269 -0.13542 
-100.00000 -100.00000 
-100.00000 -0.06910 
-100.00000 -100.00000 
-100.00000 -100.00000 
-0.18448  0.00558 
-100.00000 -0.12295 
-100.00000  0.00001 
-100.00000 -100.00000 
-100.00000 -100.00000 
-100.00000 -100.00000 
-100.00000 -0.00003 
-100.00000 -100.00000 
-100.00000 -100.00000 
-100.00000 -100.00000 
 0.02287 -100.00000 
-100.00000 -100.00000 
-100.00000 -100.00000 
-100.00000 -100.00000 
 0.00000  0.00000 
-100.00000 -100.00000 
-100.00000 -100.00000 
-100.00000 -100.00000 
-100.00000 -100.00000 
-0.29857  0.05175 
-100.00000 -100.00000 
 0.50619 -0.15210 
-100.00000 -100.00000 
-100.00000 -100.00000 
 0.52121  0.69695 
-0.00002  0.44777 
-100.00000  0.37851 
-100.00000 -100.00000 
-100.00000 -100.00000 
-0.01864 -0.00034 
-100.00000 -100.00000 
-0.66009  0.25512 
 0.20694 -0.07166 
-0.14875 -0.05478 
-100.00000 -100.00000 
-0.18729  0.04867 
-100.00000 -0.26250 
-100.00000 -100.00000 
-100.00000 -100.00000 
 0.56047 -0.20308 
-100.00000 -0.00014 
 0.26310  0.18606 
 0.23821  0.32541 
-100.00000 -100.00000 
 0.20508 -0.59004 
 0.04938 -0.14938 
-100.00000 -100.00000 
-0.05047 -0.15144 
-100.00000 -100.00000 
-0.12469 -0.27454 
 0.23000  0.41525 
 0.25780  0.65156 
-0.05070  0.19681 
-100.00000 -100.00000 
-100.00000 -100.00000 
 0.37877 -0.14703 
 0.25427  0.05742 
-0.10075 -100.00000 
-100.00000  0.09088 
-0.49058 -0.14932 
-100.00000 -100.00000 
 0.00000  0.00000 
-1.02329  0.03066 
-0.19085 -0.25784 
 0.01998 -0.08489 
-100.00000 -100.00000 
-0.35953 -100.00000 
-100.00000 -100.00000 
-0.05028  0.63877 
 0.09466 -0.73886 
-100.00000 -100.00000 
 0.01398 -0.29094 
-0.05170 -0.14928 
-100.00000 -100.00000 
-100.00000 -100.00000 
 0.07636  0.40316 
 0.14186 -100.00000 
-0.47720 -0.59786 
 0.00000  0.00000 
 0.25713  0.37839 
-0.24913  0.15550 
-100.00000  0.11223 
-0.17601  0.15381 
 0.36063 -0.46660 
-0.00006 -0.15066 
-0.22159 -0.49673 
-100.00000 -0.15026 
-0.00001 -100.00000 
-0.02530  0.13792 
-0.23487 -0.22749 
-0.22631  0.56852 
-100.00000 -100.00000 
-100.00000 -100.00000 
-0.11009  0.38796 
-100.00000 -100.00000 
-0.09740 -100.00000 
-100.00000 -100.00000 
-100.00000  0.00010 
-0.00014 -100.00000 
-100.00000 -100.00000 
-100.00000 -100.00000 
-100.00000 -100.00000 
-100.00000 -100.00000 
 0.14211 -0.68858 
 0.00005 -100.00000 
 0.00003 -0.01250 
-100.00000 -100.00000 
 0.24679 -0.15006 
-100.00000 -100.00000 
-100.00000 -100.00000 
-100.00000 -100.00000 
 0.06212 -0.20314 
 0.51608 -0.46398 
-100.00000 -100.00000 
-100.00000 -100.00000 
 0.04214  0.33416 
-100.00000 -0.28712 
 0.14709  0.12752 
-100.00000  0.11186 
-0.05024  0.03253 
-100.00000 -100.00000 
-0.00010 -100.00000 
 0.14561  0.55983 
-100.00000 -100.00000 
-100.00000 -100.00000 
-0.51156  0.14738 
-0.02699  0.11478 
 0.00000  0.00000 
-100.00000 -100.00000 
-0.15757  0.19734 
-100.00000 -100.00000 
