-100.00000 -100.00000 
 0.38626 -0.19191 
 0.02436  0.26312 
-0.36985  0.04973 
-100.00000  0.58492 
 0.37861  0.33385 
-100.00000 -100.00000 
-0.48549  0.65697 
-100.00000 -100.00000 
-100.00000 -100.00000 
-100.00000 -0.01378 
-100.00000 -100.00000 
-100.00000 -100.00000 
-100.00000 -100.00000 
 0.00004 -100.00000 
-100.00000 -100.00000 
-100.00000 -100.00000 
-100.00000 -100.00000 
-0.37589 -100.00000 
-100.00000 -100.00000 
-100.00000 -100.00000 
-100.00000 -100.00000 
-100.00000 -100.00000 
-100.00000 -100.00000 
 0.55623 -0.14764 
-100.00000 -100.00000 
-100.00000 -100.00000 
-100.00000 -100.00000 
-100.00000 -100.00000 
-100.00000 -100.00000 
-100.00000 -0.15401 
-100.00000 -100.00000 
-100.00000 -100.00000 
-100.00000 -100.00000 
-100.00000 -100.00000 
-100.00000 -100.00000 
 0.14279 -0.15221 
-100.00000 -0.87179 
-100.00000  0.00005 
-100.00000 -100.00000 
-100.00000 -100.00000 
-100.00000 -100.00000 
-100.00000 -100.00000 
-100.00000 -100.00000 
-0.26627  0.28258 
-100.00000 -100.00000 
 0.00002 -100.00000 
-100.00000 -100.00000 
 0.02656  0.58506 
-100.00000 -100.00000 
 0.13749 -100.00000 
-100.00000 -0.19070 
-100.00000 -0.15145 
-0.37904  0.73402 
-100.00000 -100.00000 
-100.00000 -100.00000 
-100.00000 -0.02012 
-0.05355 -100.00000 
-100.00000 -100.00000 
-100.00000  0.76584 
-100.00000 -100.00000 
-0.10086  0.26302 
-0.00015 -100.00000 
-100.00000 -100.00000 
-0.39373 -100.00000 
-0.07969  0.11014 
 0.02486 -100.00000 
 0.00000  0.00000 
-100.00000 -100.00000 
 0.44120 -0.15160 
-100.00000 -100.00000 
-100.00000 -100.00000 
 0.37757 -0.15173 
-100.00000 -100.00000 
 0.40746 -100.00000 
-100.00000 -100.00000 
-100.00000 -100.00000 
-100.00000 -100.00000 
-100.00000 -100.00000 
-100.00000 -100.00000 
-100.00000 -100.00000 
 0.33335 -0.15044 
-0.48522  0.08940 
-100.00000 -100.00000 
-100.00000 -100.00000 
-0.13754 -100.00000 
-0.32646 -0.05019 
-0.34491  0.43423 
 0.39289  0.24096 
 0.43308  0.13147 
-0.16362  0.82872 
-0.27771 -100.00000 
-100.00000 -100.00000 
-100.00000 -100.00000 
-100.00000 -100.00000 
-100.00000 -100.00000 
-100.00000 -100.00000 
-100.00000 -100.00000 
-0.23807 -100.00000 
 0.11728  0.55703 
 0.02591 -100.00000 
-0.89044 -100.00000 
 0.33695 -0.35617 
-0.23802  0.07230 
-100.00000 -100.00000 
 0.37879 -100.00000 
-100.00000 -100.00000 
 0.00001 -100.00000 
-0.51667  0.18940 
-100.00000 -100.00000 
-100.00000  0.25962 
-100.00000 -100.00000 
 0.75445 -100.00000 
 0.13760 -100.00000 
 0.13757 -100.00000 
 0.37860 -100.00000 
-100.00000 -100.00000 
-0.43925  0.07414 
-100.00000 -100.00000 
-100.00000 -100.00000 
 0.00000  0.00000 
-100.00000 -100.00000 
 0.13756 -100.00000 
-100.00000  0.36876 
-100.00000 -100.00000 
-100.00000  0.23465 
-100.00000 -0.22719 
-100.00000 -100.00000 
-100.00000 -100.00000 
-100.00000 -100.00000 
-100.00000 -100.00000 
-100.00000 -100.00000 
-100.00000 -100.00000 
-100.00000 -100.00000 
-100.00000 -100.00000 
 0.21144 -1.82196 
 0.37862 -100.00000 
 0.05769 -100.00000 
-100.00000  0.36850 
-100.00000 -100.00000 
-100.00000  0.13760 
-100.00000 -100.00000 
-0.02260  0.24855 
-100.00000 -100.00000 
-100.00000  0.37879 
-0.02258  0.72609 
-100.00000 -100.00000 
-100.00000 -100.00000 
-100.00000 -100.00000 
 0.12343  0.54140 
-100.00000 -100.00000 
-100.00000 -100.00000 
-0.33379  0.02728 
 0.48975  0.52724 
 0.25203 -0.77071 
-100.00000 -0.00485 
 0.28544  0.53066 
-100.00000 -100.00000 
-0.09916 -0.07590 
-100.00000 -100.00000 
-100.00000 -100.00000 
-100.00000 -100.00000 
-100.00000 -100.00000 
-100.00000 -100.00000 
-100.00000 -100.00000 
-100.00000 -100.00000 
-0.30339  0.01694 
-100.00000 -100.00000 
-0.30608 -0.65785 
 0.25767  0.29410 
 0.01174 -0.50536 
-100.00000 -100.00000 
 0.34934  0.29732 
-100.00000 -100.00000 
 0.19613 -0.15550 
 0.33976  0.39489 
-100.00000  0.00033 
-100.00000 -0.00015 
 0.14791 -100.00000 
 0.36669 -100.00000 
-100.00000 -100.00000 
-0.31132  0.32932 
-100.00000 -100.00000 
 0.23597  0.07458 
-100.00000 -0.21904 
-0.10147  0.26322 
-100.00000 -100.00000 
 0.71893 -0.67769 
-100.00000 -100.00000 
-100.00000 -100.00000 
-100.00000 -100.00000 
 0.25720 -100.00000 
-100.00000 -100.00000 
-100.00000 -100.00000 
-100.00000 -100.00000 
 0.05165  0.13750 
 0.02994 -0.47662 
 0.41456 -0.19902 
-100.00000 -100.00000 
-100.00000 -100.00000 
 0.41426 -100.00000 
-100.00000 -100.00000 
 0.00003 -100.00000 
 0.00000  0.00000 
 0.00000  0.00000 
-100.00000 -0.00004 
-100.00000 -100.00000 
-100.00000 -100.00000 
-0.00061  0.02938 
 0.25746  0.31642 
-100.00000 -100.00000 
-100.00000  0.61356 
 0.01655 -100.00000 
-100.00000 -100.00000 
-100.00000 -100.00000 
-0.00030 -100.00000 
-100.00000 -100.00000 
-0.23312 -0.49573 
-100.00000 -100.00000 
 0.13773 -0.18010 
 0.14874 -100.00000 
-100.00000 -100.00000 
-0.70748 -0.06442 
-1.37070 -0.32754 
 0.15127  0.37862 
-100.00000 -100.00000 
-0.23316 -100.00000 
 0.08510  0.50930 
-0.59502  0.07278 
-0.34602  0.76566 
 0.07077  0.14548 
-0.46660  0.45858 
-100.00000 -100.00000 
-100.00000 -100.00000 
-0.38182  0.00287 
-0.06069  0.01134 
-0.13277  0.27439 
-100.00000 -100.00000 
 0.00000  0.00000 
 0.08194 -0.00511 
-100.00000 -100.00000 
-100.00000 -100.00000 
-100.00000 -100.00000 
-0.00644 -100.00000 
-100.00000 -100.00000 
-100.00000 -100.00000 
-100.00000 -100.00000 
-100.00000 -100.00000 
-100.00000 -100.00000 
 0.26320  0.13755 
-0.19807  0.01528 
 0.00011 -100.00000 
-100.00000  0.10880 
 0.02282  0.42637 
 0.14960 -0.20839 
-100.00000 -100.00000 
-0.06885  0.49302 
-100.00000 -100.00000 
-100.00000  0.00001 
-100.00000 -100.00000 
-100.00000 -100.00000 
-100.00000 -100.00000 
-100.00000 -100.00000 
-100.00000 -0.32669 
-100.00000 -100.00000 
-100.00000 -100.00000 
-0.60987  0.48544 
-100.00000 -100.00000 
-100.00000 -100.00000 
-100.00000 -100.00000 
-100.00000 -100.00000 
-0.30701 -100.00000 
 0.14177  0.21395 
 0.38051 -100.00000 
-100.00000 -100.00000 
-100.00000  0.27630 
 0.44326 -0.20121 
 0.06166 -0.20429 
-0.25964  0.11326 
-100.00000 -100.00000 
-100.00000 -100.00000 
-100.00000 -100.00000 
 0.39643  0.32260 
-100.00000 -100.00000 
 0.26283 -100.00000 
-0.20184 -0.67282 
-0.26487 -100.00000 
 0.00009 -100.00000 
-0.34663 -0.35732 
 0.15301 -100.00000 
-100.00000 -100.00000 
-0.43719 -100.00000 
-100.00000 -100.00000 
 0.03878 -0.13880 
-100.00000 -100.00000 
 0.00000  0.00000 
-100.00000 -100.00000 
-100.00000 -100.00000 
 0.00000  0.00000 
-100.00000 -100.00000 
-100.00000 -100.00000 
-100.00000  0.13737 
-0.14854  0.18312 
-100.00000 -100.00000 
-100.00000 -100.00000 
-100.00000 -100.00000 
-100.00000 -100.00000 
-100.00000 -100.00000 
 0.00000  0.00000 
-100.00000 -100.00000 
-100.00000 -100.00000 
 0.02772  0.22056 
-0.65115  0.34697 
-0.11041  0.15097 
-100.00000 -100.00000 
-100.00000 -100.00000 
-100.00000 -100.00000 
-0.52646 -0.07052 
-100.00000 -100.00000 
 0.23387 -0.21113 
-0.07649 -0.52411 
-100.00000 -100.00000 
-100.00000 -100.00000 
-0.00001 -100.00000 
-100.00000 -100.00000 
-100.00000 -0.14510 
 0.02804 -0.00172 
-100.00000 -100.00000 
-100.00000 -100.00000 
-100.00000 -100.00000 
-100.00000 -100.00000 
-100.00000 -100.00000 
-100.00000 -100.00000 
-0.33531 -100.00000 
-100.00000 -100.00000 
-100.00000 -100.00000 
-0.29990 -0.03249 
-0.06915  0.10994 
-100.00000 -100.00000 
-100.00000 -100.00000 
 0.00000  0.00000 
-100.00000 -100.00000 
 0.04597  0.37879 
-100.00000 -100.00000 
-100.00000  0.48555 
-100.00000 -100.00000 
-0.05711 -0.20933 
-100.00000 -100.00000 
-100.00000 -100.00000 
-100.00000 -100.00000 
-100.00000 -100.00000 
-100.00000 -100.00000 
-100.00000 -100.00000 
-0.00021 -100.00000 
-100.00000 -100.00000 
-100.00000 -100.00000 
-100.00000 -100.00000 
-100.00000 -100.00000 
-100.00000 -100.00000 
-100.00000 -100.00000 
-0.35214 -100.00000 
-100.00000 -100.00000 
-100.00000 -100.00000 
-100.00000 -100.00000 
-100.00000 -100.00000 
-100.00000 -100.00000 
-100.00000 -100.00000 
 0.02794 -0.00373 
-0.27840  0.54479 
 0.00000  0.00000 
-100.00000 -100.00000 
-100.00000 -100.00000 
 0.00000  0.00000 
-100.00000 -100.00000 
-0.23502  0.00012 
-100.00000 -100.00000 
-100.00000 -100.00000 
-100.00000 -100.00000 
-100.00000 -100.00000 
-100.00000 -100.00000 
 0.00000  0.00000 
-0.01533 -0.54457 
-100.00000 -100.00000 
-100.00000 -100.00000 
 0.00000  0.00000 
-0.21895  1.18875 
-100.00000 -100.00000 
-100.00000 -100.00000 
-100.00000 -100.00000 
-0.03380 -100.00000 
-100.00000 -100.00000 
-100.00000 -100.00000 
-0.28134  0.00014 
-100.00000 -0.00011 
-100.00000 -100.00000 
-100.00000 -100.00000 
-0.27637 -0.64283 
-100.00000 -100.00000 
-100.00000 -100.00000 
 0.02254  0.39089 
-100.00000 -100.00000 
-100.00000 -100.00000 
-100.00000  0.23212 
-0.09740  0.39119 
 0.00000  0.00000 
-100.00000 -100.00000 
-100.00000 -100.00000 
 0.00018  0.53608 
-100.00000 -100.00000 
 0.13744 -100.00000 
-100.00000  0.37863 
-100.00000 -0.30289 
-100.00000 -100.00000 
-100.00000 -100.00000 
 0.00016 -0.15795 
-100.00000 -100.00000 
-100.00000 -100.00000 
-0.20508 -0.15500 
-100.00000 -100.00000 
-100.00000 -100.00000 
-100.00000 -100.00000 
-100.00000 -100.00000 
-100.00000 -100.00000 
-100.00000 -100.00000 
 0.34171 -0.45110 
-100.00000  0.13748 
-100.00000 -100.00000 
-100.00000 -100.00000 
-100.00000 -100.00000 
-100.00000 -100.00000 
-100.00000 -100.00000 
 0.37851 -0.00003 
-100.00000 -100.00000 
-100.00000 -100.00000 
-100.00000 -100.00000 
-100.00000 -100.00000 
-100.00000 -100.00000 
 0.81033 -0.00002 
-100.00000 -100.00000 
-100.00000 -100.00000 
-100.00000 -100.00000 
-100.00000 -100.00000 
-100.00000 -100.00000 
-100.00000  0.26311 
 0.26641 -0.16442 
-100.00000 -100.00000 
-100.00000 -100.00000 
-100.00000 -100.00000 
-100.00000 -100.00000 
-100.00000 -100.00000 
-100.00000 -100.00000 
-100.00000 -100.00000 
-100.00000 -100.00000 
 0.04148  0.48554 
-100.00000 -100.00000 
-100.00000 -100.00000 
-0.11500 -100.00000 
-100.00000 -100.00000 
-100.00000  0.13766 
-100.00000 -0.54663 
-100.00000 -100.00000 
-100.00000 -100.00000 
-100.00000  0.00023 
-0.23841  0.37851 
-100.00000 -100.00000 
-0.23831 -100.00000 
-0.11496 -100.00000 
 0.00000  0.00000 
-100.00000 -100.00000 
-0.11509  0.29965 
 0.26466 -100.00000 
-0.08415 -100.00000 
-100.00000 -100.00000 
 0.17985 -100.00000 
-100.00000  0.14536 
 0.05480 -100.00000 
 0.13781 -100.00000 
-100.00000 -100.00000 
-100.00000 -100.00000 
-100.00000 -100.00000 
-100.00000 -100.00000 
 0.00004 -100.00000 
-100.00000 -100.00000 
-100.00000 -100.00000 
 0.42108  0.31975 
-0.51920 -0.06431 
-100.00000 -100.00000 
-100.00000 -100.00000 
-100.00000 -100.00000 
 0.00026 -100.00000 
-100.00000 -100.00000 
-100.00000 -100.00000 
-100.00000 -100.00000 
-0.00007  0.17033 
-100.00000 -100.00000 
-100.00000 -0.00021 
 0.35407 -0.44321 
 0.25432 -100.00000 
 0.62188 -100.00000 
-100.00000 -100.00000 
-100.00000 -100.00000 
-100.00000 -100.00000 
 0.36107  0.39445 
 0.30356 -0.19055 
-100.00000 -100.00000 
-100.00000 -100.00000 
-100.00000 -100.00000 
 0.34619 -100.00000 
-100.00000 -100.00000 
-0.18023  0.00015 
-100.00000 -100.00000 
-100.00000 -100.00000 
-100.00000  0.47443 
-100.00000  0.03248 
 0.92613  0.26278 
-100.00000 -100.00000 
-0.00001 -0.11612 
 0.13731 -0.13200 
-100.00000 -100.00000 
-0.02623  0.26296 
-100.00000 -100.00000 
-0.08116  0.13776 
 0.55967  0.27439 
-100.00000 -0.11743 
-100.00000 -100.00000 
-0.11974  0.00037 
 0.40411 -100.00000 
 0.00000  0.00000 
-100.00000  0.14536 
-100.00000 -0.07846 
-100.00000 -100.00000 
-100.00000 -100.00000 
-100.00000 -100.00000 
-0.00009 -100.00000 
-100.00000 -100.00000 
-100.00000 -100.00000 
-100.00000 -100.00000 
-100.00000 -100.00000 
-100.00000 -100.00000 
-100.00000 -0.09855 
-100.00000 -100.00000 
-100.00000 -100.00000 
-100.00000 -100.00000 
-100.00000 -100.00000 
-100.00000 -100.00000 
-0.23819  0.26280 
-100.00000 -100.00000 
-100.00000 -100.00000 
-100.00000 -100.00000 
-100.00000 -100.00000 
-100.00000  0.00005 
-100.00000 -100.00000 
-100.00000 -100.00000 
-100.00000 -100.00000 
 0.68732  0.37857 
-100.00000 -100.00000 
-100.00000 -100.00000 
-0.62349  0.00002 
-100.00000 -100.00000 
 0.00000  0.00000 
-100.00000 -100.00000 
-0.39844 -0.09495 
-100.00000 -100.00000 
-100.00000 -100.00000 
-100.00000 -100.00000 
