-0.16734 -0.24206 
-0.31238 -0.07279 
 0.11968 -100.00000 
 0.71501 -100.00000 
 0.00000  0.00000 
 0.00000  0.00000 
-0.23209  0.35143 
 0.00000  0.00000 
 0.00000  0.00000 
-0.23461  0.22660 
-0.63473  0.10212 
-0.14208  0.47360 
-0.16271  0.22726 
-0.04723 -100.00000 
-100.00000 -100.00000 
-100.00000 -100.00000 
-100.00000 -100.00000 
-100.00000 -100.00000 
-0.33705 -0.52956 
-0.41064 -0.37120 
-100.00000 -100.00000 
-100.00000 -100.00000 
-100.00000 -100.00000 
-100.00000 -100.00000 
-0.38853  0.15646 
-100.00000 -100.00000 
-100.00000 -100.00000 
-100.00000 -100.00000 
-0.65182 -0.15104 
-100.00000 -100.00000 
-100.00000  0.37856 
-100.00000 -100.00000 
-100.00000 -0.00012 
-100.00000 -100.00000 
-100.00000 -100.00000 
-0.42475 -100.00000 
 0.00000  0.00000 
-100.00000 -100.00000 
-100.00000 -100.00000 
-100.00000 -100.00000 
 0.10719 -100.00000 
-100.00000 -100.00000 
-0.37026  0.06674 
-100.00000 -100.00000 
-100.00000  0.00002 
-100.00000 -100.00000 
-0.23631  0.48990 
-100.00000 -100.00000 
 0.00000  0.00000 
 0.00000  0.00000 
-100.00000 -100.00000 
-100.00000 -100.00000 
-0.51114 -0.17205 
-100.00000 -100.00000 
-100.00000 -100.00000 
-100.00000 -100.00000 
 0.33329 -100.00000 
 0.00000  0.00000 
-100.00000 -100.00000 
 0.39021  0.09560 
 0.00000  0.00000 
 0.48552 -100.00000 
-100.00000 -100.00000 
 0.00891 -0.36525 
 0.00017 -0.88211 
-0.37660  0.03895 
 0.00000  0.00000 
-0.24364 -0.39272 
 0.00000  0.00000 
-0.26710  0.49238 
 0.38379  0.48535 
-100.00000 -100.00000 
-100.00000 -100.00000 
 0.10098  0.07808 
 0.12424 -0.09416 
-100.00000 -100.00000 
 0.02620 -0.15016 
 0.00000  0.00000 
 0.00000  0.00000 
-100.00000 -100.00000 
-100.00000 -100.00000 
-0.66124 -0.05023 
-0.27359 -0.15189 
-100.00000 -100.00000 
-100.00000 -100.00000 
-0.03576  0.00752 
 0.00000  0.00000 
 0.00000  0.00000 
-0.20965  0.41891 
-0.69126  0.29713 
 0.49597 -0.37172 
 0.22289 -0.03875 
-0.04693 -100.00000 
-100.00000 -100.00000 
-100.00000 -100.00000 
 0.33404 -0.05550 
 0.11286  0.58504 
-100.00000 -100.00000 
-0.27988  0.13746 
 0.17425 -0.61597 
 0.22881  0.13743 
-100.00000 -100.00000 
 0.78261 -0.00007 
 0.16200 -0.18865 
-100.00000 -100.00000 
 0.00015  0.00004 
-100.00000 -100.00000 
-100.00000 -100.00000 
 0.35278  0.37856 
-100.00000 -100.00000 
-0.15050  0.07444 
 0.00000  0.00000 
-0.67972 -100.00000 
-100.00000 -0.50597 
-0.18268 -0.59621 
-100.00000 -100.00000 
-100.00000 -100.00000 
 0.00000  0.00000 
-100.00000 -100.00000 
-100.00000 -100.00000 
-100.00000 -0.18856 
 0.00000  0.00000 
 0.33366  0.17387 
 0.17782  0.65806 
 0.36478  0.67818 
 0.20610  0.12052 
-0.01643  0.20837 
 0.00000  0.00000 
-100.00000 -100.00000 
-100.00000 -100.00000 
-0.66885 -0.22257 
-100.00000 -100.00000 
-0.45337  1.22847 
 0.31113 -0.57971 
-0.14852  0.33990 
 0.19956  0.08046 
-0.70796  0.15167 
 0.64546 -0.18911 
 0.23887 -0.74603 
 0.56033  0.12920 
 0.02976 -0.37328 
 0.11243 -100.00000 
-0.13967  0.37877 
-100.00000 -100.00000 
-0.02155 -0.32302 
 0.00008 -100.00000 
-100.00000 -100.00000 
 0.32668  0.14833 
-100.00000 -100.00000 
-0.04024  0.89598 
 0.14379 -0.38591 
-100.00000 -100.00000 
-0.06909  0.92737 
-0.18173 -0.17994 
-0.14199  0.01992 
-100.00000 -100.00000 
-0.32782  0.12765 
 0.42762  0.31850 
-0.28363 -0.05563 
 0.53497  0.07412 
-100.00000 -100.00000 
-100.00000 -100.00000 
-100.00000 -100.00000 
 0.00000  0.00000 
 0.00000  0.00000 
 0.26471 -0.21827 
 0.00000  0.00000 
-100.00000  0.58518 
 0.59084  0.26295 
 0.21225 -0.87058 
 0.22122  0.35143 
 0.22229  0.12493 
-0.16823  0.29619 
-100.00000 -100.00000 
 0.99387  0.19898 
 0.35018  0.20766 
 0.00000  0.00000 
 0.05223 -0.23862 
-0.15114  0.02328 
-0.14844  0.48561 
-100.00000 -100.00000 
-0.24968  0.17852 
-0.15137 -100.00000 
 0.55971  0.08022 
 0.78269  0.29609 
 0.52710  0.02233 
-0.57902 -0.70637 
-0.31792  0.32205 
 0.19795  0.58511 
 0.00000  0.00000 
-0.27931  0.21491 
 0.00000  0.00000 
 0.44655 -100.00000 
-100.00000 -100.00000 
 0.04431 -0.32821 
-0.38053 -100.00000 
 0.06953 -100.00000 
 0.26049 -0.55350 
-100.00000 -100.00000 
 0.00011 -100.00000 
-0.15019  0.18572 
 0.12449  0.13738 
-100.00000 -100.00000 
 0.12437  0.37857 
-0.15912 -0.77665 
-0.42183 -100.00000 
 0.00000  0.00000 
-100.00000 -100.00000 
-0.02135  0.02806 
 0.61184 -0.17612 
-0.83688 -0.25430 
 0.15723 -0.08511 
-100.00000 -100.00000 
-0.00215 -0.25019 
-100.00000 -100.00000 
-0.37978  0.24125 
 0.12502 -0.00008 
-0.37979  0.21085 
-100.00000 -0.00001 
 0.37945  0.18959 
 0.32050 -0.45422 
-0.29041 -0.02592 
-0.42858  0.11932 
 0.09724  0.00010 
-0.15030 -0.16394 
-0.00537  0.17902 
 0.11419 -0.01405 
 0.30854 -0.38772 
-0.46022 -0.01564 
 0.32089  1.06882 
-0.00087 -0.21438 
 0.18766  0.00383 
 0.00007 -100.00000 
 0.23390  0.29043 
-0.22754  0.32929 
 0.26112 -0.52914 
 0.13319  0.00141 
-100.00000 -0.13736 
 0.29330 -100.00000 
-0.19393 -0.02070 
-100.00000 -100.00000 
-100.00000 -100.00000 
-0.11923 -100.00000 
 0.21048 -0.05502 
-100.00000 -100.00000 
 0.13772  0.00035 
 0.54962  0.67821 
 0.19465  0.45952 
 0.00000  0.00000 
 0.00000  0.00000 
 0.56304  0.20792 
-0.25417 -0.00779 
-0.23778  0.67819 
-100.00000 -100.00000 
-0.21852 -100.00000 
 0.11154 -0.37577 
-0.04546 -0.32086 
-0.13717  0.26834 
-100.00000 -100.00000 
-100.00000 -100.00000 
-0.12749 -100.00000 
-100.00000 -100.00000 
-100.00000 -100.00000 
 0.00000  0.00000 
-0.22564 -0.15502 
-100.00000 -100.00000 
-0.00285  0.21347 
 0.19064  0.42876 
-100.00000 -100.00000 
-100.00000 -100.00000 
-0.41322 -0.18633 
-0.25860  0.12776 
 0.00000  0.00000 
-0.72623 -0.37583 
-100.00000 -100.00000 
-0.36698 -100.00000 
 0.09058  0.18345 
-0.23994  1.06890 
-100.00000 -100.00000 
-100.00000 -100.00000 
-0.14954 -100.00000 
 0.66367  0.38795 
 0.15058  0.03830 
-0.20535 -0.65765 
 0.90769  0.20410 
 0.30049 -0.06744 
-0.37860  0.27577 
 0.62420 -0.36379 
 0.15746 -0.35112 
-0.04204 -100.00000 
-100.00000 -100.00000 
-0.00027 -0.00029 
-100.00000 -100.00000 
 0.37536  0.21367 
-100.00000 -100.00000 
-100.00000 -0.00102 
-100.00000 -100.00000 
 0.38145  0.38361 
 0.04061  0.26950 
-100.00000 -100.00000 
-100.00000 -100.00000 
-0.55475 -0.65714 
-0.32930  0.46981 
 0.13754 -100.00000 
-100.00000 -100.00000 
 0.00000  0.00000 
-0.17473  0.25824 
 0.15973  0.35523 
 0.42817 -100.00000 
-100.00000 -100.00000 
-0.29048  0.12465 
-100.00000  0.00008 
-0.17975 -0.00578 
-0.51635 -0.42287 
-0.01974 -100.00000 
-0.09232 -0.20907 
-100.00000 -100.00000 
 0.04670  0.37831 
-100.00000 -100.00000 
-0.74383  0.05976 
-0.39027 -0.19978 
-100.00000 -100.00000 
 1.00771 -0.33279 
-0.34364 -0.38345 
 0.52178 -100.00000 
-0.29248  0.11461 
-100.00000 -100.00000 
 0.00000  0.00000 
-100.00000 -100.00000 
-0.15700 -0.49705 
-100.00000 -100.00000 
-100.00000 -100.00000 
-100.00000 -100.00000 
 0.00000  0.00000 
-100.00000 -0.00003 
-100.00000 -100.00000 
 0.52200  0.60544 
-0.35013  0.20230 
 0.00746  0.07705 
-0.38390  0.34640 
-100.00000  0.00012 
-100.00000 -100.00000 
-100.00000 -100.00000 
-100.00000 -100.00000 
 0.00000  0.00000 
 0.05083 -0.18679 
 0.13755 -0.00741 
-100.00000 -100.00000 
 0.52219 -0.12253 
-100.00000 -100.00000 
-100.00000 -100.00000 
 0.01015  0.20331 
-0.90321  0.33681 
-100.00000 -100.00000 
-100.00000 -100.00000 
-100.00000 -100.00000 
 0.62725 -0.24808 
-0.08635  0.22071 
-100.00000 -100.00000 
-0.18936  0.14619 
-0.38974  0.50897 
-100.00000 -100.00000 
-100.00000 -100.00000 
-0.16914  0.23961 
 0.26300 -100.00000 
-100.00000 -100.00000 
-100.00000 -100.00000 
-0.29021 -0.30374 
 0.05755 -100.00000 
-0.06826  0.41385 
-100.00000 -100.00000 
-100.00000 -100.00000 
-0.55288 -0.38117 
-100.00000 -100.00000 
-0.18581  0.33410 
-100.00000 -100.00000 
-100.00000 -100.00000 
-100.00000 -100.00000 
-100.00000 -100.00000 
-100.00000 -100.00000 
-0.61632  0.35799 
 0.29054 -0.22908 
-100.00000 -100.00000 
-100.00000 -100.00000 
-100.00000 -100.00000 
-0.60393  0.15477 
-100.00000 -100.00000 
 0.37329 -0.72785 
-0.13717 -100.00000 
 0.00641 -0.05582 
 0.18166 -100.00000 
 0.00009 -100.00000 
-100.00000 -100.00000 
-100.00000 -100.00000 
 0.61793 -0.39777 
-100.00000 -100.00000 
-100.00000 -100.00000 
 0.00058  0.13747 
 0.00062 -0.04882 
-100.00000 -100.00000 
 0.10395  0.13756 
-0.05712 -0.55932 
-100.00000 -100.00000 
-0.58243 -0.08902 
-100.00000 -100.00000 
 0.29152  0.22914 
-100.00000 -100.00000 
-0.45204 -0.26360 
 0.06303 -100.00000 
-0.00018 -100.00000 
-0.12513 -100.00000 
-0.08259  0.00318 
 0.30738  0.53449 
-100.00000 -100.00000 
 0.32401 -0.97557 
 0.00000  0.00000 
-100.00000 -100.00000 
 0.00036  0.26312 
-100.00000 -100.00000 
-0.58301  0.53460 
-100.00000 -100.00000 
-100.00000 -100.00000 
 0.00000  0.00000 
-100.00000 -100.00000 
-100.00000 -100.00000 
-100.00000 -100.00000 
 0.33082 -0.04487 
 0.00493 -100.00000 
-100.00000 -100.00000 
-100.00000 -100.00000 
 0.00591 -0.04542 
 0.00000  0.00000 
-100.00000 -100.00000 
-0.35337 -0.47314 
-0.28522 -0.28698 
-100.00000 -100.00000 
-100.00000 -100.00000 
 0.13751 -100.00000 
-100.00000 -100.00000 
-100.00000 -100.00000 
 0.00000  0.00000 
 0.00000  0.00000 
-100.00000 -100.00000 
 0.00000  0.00000 
 0.00000  0.00000 
-100.00000 -100.00000 
-100.00000 -100.00000 
-100.00000 -100.00000 
-100.00000 -100.00000 
-100.00000 -100.00000 
 0.00000  0.00000 
-0.26179 -100.00000 
-0.39575 -0.23500 
 0.26304 -100.00000 
-100.00000 -100.00000 
 0.00000  0.00000 
-100.00000 -100.00000 
-0.07534 -100.00000 
-100.00000 -100.00000 
-100.00000 -100.00000 
 0.00000  0.00000 
-100.00000 -100.00000 
-100.00000 -100.00000 
-0.24122 -100.00000 
 0.12552 -100.00000 
-100.00000 -100.00000 
-100.00000  0.26307 
-0.31435  0.26299 
 0.00000  0.00000 
-100.00000  0.13739 
-0.26179 -100.00000 
-100.00000 -100.00000 
-100.00000 -100.00000 
-0.09637  0.75845 
-0.26196 -100.00000 
-0.02753  0.57923 
-0.15114 -0.00005 
-100.00000 -0.00011 
-0.00008 -100.00000 
-100.00000 -100.00000 
-0.40851  0.43806 
 0.50456  0.02052 
-0.43125  0.01055 
-0.09855  0.22595 
-100.00000  0.13755 
 0.03060  0.48548 
-0.01400 -100.00000 
-100.00000 -100.00000 
-100.00000 -100.00000 
-0.34330  0.37879 
-100.00000 -100.00000 
 0.34106  0.07126 
-0.15099 -100.00000 
-0.00009 -100.00000 
-0.02503 -0.05291 
-100.00000 -100.00000 
-0.52757  0.07926 
-100.00000 -100.00000 
-0.25225  0.06231 
 0.23874 -100.00000 
-0.14861  0.26310 
-100.00000 -0.50131 
-0.26369  0.16854 
-0.10651  0.32998 
-100.00000 -100.00000 
 0.41541  0.59402 
 0.21416 -0.01360 
-0.20462  0.31696 
-0.01633 -0.50036 
-0.14629  0.08215 
 0.00000  0.00000 
-0.21316  0.16827 
-0.32229  0.17487 
-0.14905  0.07267 
 0.09120  0.05280 
-0.14992  0.39431 
-0.83346  0.11112 
 0.07795  0.36871 
-0.08841  0.36513 
 0.10070 -100.00000 
 0.00000  0.00000 
-100.00000 -100.00000 
 0.29850  0.83631 
-0.13108  0.35982 
-0.00003 -100.00000 
 0.24360  0.61941 
-100.00000 -100.00000 
-0.11204  0.48605 
-100.00000 -100.00000 
 0.00000  0.00000 
-100.00000  0.00006 
-0.25322 -0.25043 
-100.00000 -0.00004 
 0.30363  0.26311 
-100.00000 -100.00000 
 0.37844 -100.00000 
-100.00000  0.00001 
-100.00000 -100.00000 
 0.27967  0.23201 
 0.00000  0.00000 
 0.06681 -100.00000 
 0.00000  0.00000 
 0.00000  0.00000 
 0.26301 -100.00000 
-0.02493  0.00007 
 0.00000  0.00000 
-100.00000 -100.00000 
-100.00000 -100.00000 
-0.48875 -0.32434 
-0.27028 -0.19016 
 0.63885  0.19313 
-0.26430 -0.35905 
 0.17201  0.18856 
 0.05754 -0.11938 
-0.10652  0.71266 
 0.19759 -0.18989 
-100.00000 -100.00000 
 0.09855  0.07688 
 0.00000  0.00000 
-0.15143  0.26297 
-0.50993 -0.13028 
-0.05559 -0.09495 
 0.13757 -0.18983 
-100.00000 -100.00000 
-0.34054 -0.09567 
