  1 I -0.33409 -0.34866 -0.50635 -0.14725 
  1 H -0.35184 -0.03305 -0.42542 -0.59705 
  1 E -0.17231 -0.13033 -0.07526 -0.31133 
  2 S -0.32364 -0.36061 -0.08854 -0.52177 
  3 P -0.44850 -0.91606 -0.27595 -0.15348 
  3 R -0.12133 -0.13339 -0.22289 -0.00771 
  7 P -0.16094 -0.06610 -0.16103 -0.25570 
  9 T -0.33993 -0.12435 -0.39558 -0.49985 
 15 A -0.19440 -0.30630 -0.24244 -0.03445 
 19 L -0.27755 -0.05081 -0.41064 -0.37120 
 20 G -0.09193 -0.12426 -0.00008 -0.15144 
 23 H -0.11837 -0.21512 -0.13416 -0.00582 
 24 Y -0.29614 -0.36010 -0.37940 -0.14893 
 32 G -0.09451 -0.12428 -0.15914 -0.00012 
 36 R -0.28444 -0.02579 -0.18320 -0.64433 
 37 K -0.29092 -0.16509 -0.46206 -0.24561 
 38 T -0.09519 -0.07632 -0.14394 -0.06532 
 39 D -0.15411 -0.03228 -0.14139 -0.28867 
 40 G -0.26085 -0.35163 -0.27927 -0.15164 
 41 E -0.34733 -0.48281 -0.15965 -0.39953 
 44 Y -0.12563 -0.04388 -0.04379 -0.28921 
 50 G -0.05391 -0.00163 -0.11146 -0.04865 
 50 T -0.16090 -0.24185 -0.22694 -0.01392 
 53 R -0.25401 -0.01588 -0.49617 -0.24998 
 55 T -0.09957 -0.12111 -0.00720 -0.17041 
 58 R -0.31085 -0.51053 -0.02063 -0.40138 
 59 M -0.08265 -0.00001 -0.15839 -0.08954 
 60 V -0.19386 -0.32536 -0.02216 -0.23407 
 61 G -0.28176 -0.19611 -0.64915 -0.00001 
 62 E -0.34304 -0.69706 -0.17431 -0.15775 
 64 S -0.27160 -0.76670 -0.00942 -0.03867 
 64 D -0.30229 -0.68920 -0.03413 -0.18354 
 64 E -0.22787 -0.51052 -0.08736 -0.08572 
 67 I -0.18202 -0.06494 -0.32949 -0.15162 
 67 D -0.15169 -0.26923 -0.03400 -0.15185 
 69 D -0.36878 -0.52981 -0.42480 -0.15172 
 73 V -0.17369 -0.06150 -0.16031 -0.29926 
 74 S -0.22921 -0.24252 -0.05633 -0.38878 
 74 N -0.16222 -0.17750 -0.15322 -0.15595 
 82 L -0.25675 -0.34476 -0.27359 -0.15189 
 82 D -0.57950 -0.31869 -0.86808 -0.55174 
 85 N -0.19995 -0.05985 -0.38963 -0.15036 
 86 Q -0.17973 -0.32646 -0.16255 -0.05019 
 87 A -0.27156 -0.50744 -0.01865 -0.28860 
 87 V -0.21496 -0.39864 -0.09472 -0.15153 
 87 Y -0.13169 -0.23886 -0.15615 -0.00006 
 88 M -0.30652 -0.28956 -0.47539 -0.15460 
 88 W -0.39801 -0.10084 -0.78608 -0.30712 
 88 D -0.28141 -0.15040 -0.68907 -0.00475 
 93 F -0.28611 -0.31418 -0.09365 -0.45050 
 97 D -0.23708 -0.24255 -0.44951 -0.01918 
 98 G -0.28195 -0.35717 -0.30956 -0.17913 
100 H -0.12946 -0.34250 -0.03812 -0.00775 
102 K -0.58566 -0.67337 -0.14684 -0.93676 
103 D -0.24733 -0.46395 -0.14804 -0.13000 
103 E -0.17746 -0.26674 -0.26550 -0.00013 
104 E -0.07491 -0.12746 -0.06644 -0.03082 
106 R -0.36634 -0.54381 -0.42692 -0.12829 
109 E -0.10648 -0.17572 -0.06289 -0.08082 
110 A -0.20245 -0.23797 -0.01406 -0.35531 
112 H -0.09261 -0.07193 -0.07903 -0.12686 
114 S -0.36245 -0.46213 -0.59901 -0.02621 
115 V -0.28891 -0.31114 -0.42808 -0.12752 
121 G -0.00005 -0.00005 -0.00009 -0.00002 
121 S -0.33328 -0.07476 -0.66240 -0.26267 
122 R -0.23310 -0.15581 -0.48676 -0.05673 
127 V -0.48647 -0.19204 -0.76303 -0.50433 
128 G -0.26214 -0.41051 -0.29090 -0.08500 
130 L -0.43163 -0.40347 -0.66885 -0.22257 
131 G -0.31248 -0.28849 -0.15068 -0.49827 
135 M -0.28654 -0.33378 -0.14273 -0.38311 
135 N -0.55752 -0.91123 -0.03686 -0.72448 
137 R -0.28561 -0.07744 -0.54793 -0.23147 
141 K -0.15259 -0.21651 -0.14635 -0.09492 
144 V -0.37099 -0.49802 -0.34874 -0.26622 
144 L -0.17842 -0.19069 -0.02155 -0.32302 
145 R -0.30869 -0.05499 -0.14306 -0.72801 
151 S -0.21146 -0.42237 -0.11795 -0.09405 
152 N -0.13782 -0.10943 -0.29849 -0.00555 
154 I -0.25427 -0.26650 -0.35246 -0.14386 
154 K -0.45526 -0.04325 -0.85582 -0.46672 
156 F -0.19525 -0.43512 -0.03314 -0.11750 
156 T -0.63292 -0.60446 -0.25291 -1.04138 
158 Q -0.05838 -0.09916 -0.00009 -0.07590 
165 G -0.23900 -0.10030 -0.24884 -0.36786 
165 C -0.37232 -0.40118 -0.49752 -0.21827 
168 H -0.14864 -0.01404 -0.33830 -0.09357 
170 W -0.11124 -0.24076 -0.03990 -0.05305 
178 A -0.59465 -0.26448 -0.52902 -0.99044 
178 S -0.09367 -0.00189 -0.14829 -0.13083 
180 C -0.33556 -0.02460 -0.59009 -0.39199 
181 S -0.40814 -0.80757 -0.01667 -0.40018 
184 I -0.33522 -0.61370 -0.14863 -0.24334 
186 L -0.48667 -0.17462 -0.57902 -0.70637 
186 R -0.30481 -0.12787 -0.50175 -0.28482 
187 T -0.23049 -0.23753 -0.26495 -0.18898 
189 G -0.00005 -0.00001 -0.00010 -0.00005 
189 P -0.13738 -0.23498 -0.00873 -0.16842 
196 M -0.12400 -0.23309 -0.13856 -0.00034 
196 W -0.20870 -0.29624 -0.00335 -0.32651 
200 C -0.06692 -0.19940 -0.00128 -0.00009 
201 G -0.31427 -0.23943 -0.44584 -0.25753 
201 N -0.13214 -0.21400 -0.09214 -0.09027 
202 D -0.32272 -0.23156 -0.00512 -0.73147 
203 A -0.27697 -0.33683 -0.38137 -0.11270 
203 H -0.18024 -0.07380 -0.00353 -0.46339 
204 N -0.26716 -0.44599 -0.00977 -0.34573 
204 P -0.20275 -0.29668 -0.22654 -0.08504 
204 R -0.28903 -0.18293 -0.48471 -0.19946 
205 G -0.11928 -0.01632 -0.25464 -0.08687 
208 A -0.30632 -0.29655 -0.49179 -0.13061 
210 T -0.38769 -0.64878 -0.15191 -0.36238 
210 E -0.10774 -0.19950 -0.00746 -0.11627 
211 K -0.28694 -0.46891 -0.35606 -0.03585 
215 C -0.19434 -0.38734 -0.11136 -0.08433 
215 R -0.27057 -0.39034 -0.21132 -0.21004 
216 I -0.34515 -0.39032 -0.06825 -0.57689 
217 S -0.24612 -0.18560 -0.45820 -0.09456 
217 Q -0.42427 -0.23312 -0.54397 -0.49573 
218 G -0.29075 -0.50335 -0.28300 -0.08589 
219 K -0.22436 -0.34807 -0.00589 -0.31913 
221 L -0.28216 -0.53014 -0.29041 -0.02592 
221 S -0.15148 -0.23160 -0.10976 -0.11309 
223 Q -0.78560 -1.37070 -0.65856 -0.32754 
225 I -0.17382 -0.04626 -0.42064 -0.05457 
226 G -0.14199 -0.00013 -0.22471 -0.20114 
228 V -0.19203 -0.10959 -0.43147 -0.03504 
228 L -0.32907 -0.51134 -0.46022 -0.01564 
230 V -0.07240 -0.11792 -0.01187 -0.08741 
230 L -0.09179 -0.06011 -0.00087 -0.21438 
230 F -0.13731 -0.00154 -0.13874 -0.27164 
230 Y -0.54954 -0.91360 -0.12743 -0.60758 
231 G -0.25496 -0.22445 -0.28516 -0.25528 
231 S -0.28660 -0.14702 -0.47185 -0.24093 
232 M -0.15655 -0.34293 -0.07415 -0.05257 
232 S -0.22872 -0.17018 -0.24263 -0.27334 
234 A -0.26460 -0.61721 -0.02903 -0.14757 
235 S -0.40608 -0.20198 -0.22837 -0.78790 
238 R -0.33021 -0.55375 -0.22779 -0.20910 
239 L -0.23706 -0.49656 -0.19393 -0.02070 
239 S -0.26625 -0.22285 -0.14493 -0.43097 
239 P -0.32487 -0.29952 -0.57780 -0.09729 
243 I -0.33041 -0.29988 -0.11720 -0.57415 
243 H -0.12935 -0.02556 -0.04443 -0.31805 
248 V -0.36414 -0.56762 -0.08168 -0.44311 
251 A -0.06705 -0.03795 -0.15859 -0.00460 
253 N -0.24670 -0.01455 -0.44991 -0.27564 
256 L -0.14101 -0.05671 -0.04546 -0.32086 
258 D -0.24728 -0.12606 -0.13027 -0.48550 
259 V -0.02840 -0.02111 -0.00572 -0.05838 
260 I -0.27037 -0.12682 -0.46591 -0.21839 
269 G -0.42151 -0.16903 -0.33271 -0.76280 
270 G -0.00003 -0.00004 -0.00001 -0.00003 
270 H -0.06002 -0.18001 -0.00001 -0.00003 
273 R -0.19906 -0.42670 -0.11416 -0.05632 
275 R -0.08065 -0.01265 -0.00802 -0.22128 
276 E -0.19183 -0.43207 -0.05769 -0.08573 
277 D -0.16717 -0.26425 -0.03296 -0.20429 
283 L -0.34421 -0.16964 -0.20535 -0.65765 
285 G -0.12047 -0.06558 -0.15619 -0.13964 
285 V -0.29540 -0.31221 -0.10708 -0.46691 
285 Q -0.34745 -0.20184 -0.16769 -0.67282 
287 P -0.08570 -0.07642 -0.03045 -0.15023 
289 A -0.16795 -0.12202 -0.27163 -0.11021 
291 T -0.76142 -0.79821 -0.99708 -0.48897 
293 V -0.23334 -0.23576 -0.38996 -0.07431 
294 G -0.07791 -0.07661 -0.15707 -0.00006 
296 A -0.29398 -0.08875 -0.35135 -0.44185 
298 G -0.20579 -0.00031 -0.61687 -0.00019 
298 R -0.13470 -0.00324 -0.16498 -0.23588 
299 V -0.19828 -0.05872 -0.40896 -0.12715 
301 L -0.43540 -0.09430 -0.55475 -0.65714 
302 G -0.47179 -0.43700 -0.75277 -0.22560 
302 S -0.43413 -0.31861 -0.86106 -0.12272 
307 Y -0.32021 -0.36576 -0.17462 -0.42026 
310 M -0.18437 -0.35637 -0.19011 -0.00664 
310 K -0.09067 -0.09772 -0.03590 -0.13839 
311 S -0.18736 -0.36756 -0.15781 -0.03670 
311 P -0.27356 -0.04337 -0.47351 -0.30379 
312 R -0.07804 -0.09751 -0.13250 -0.00412 
313 H -0.25335 -0.00602 -0.68434 -0.06968 
314 G -0.44002 -0.02483 -1.03754 -0.25768 
314 S -0.20274 -0.03796 -0.44175 -0.12850 
314 R -0.33561 -0.35110 -0.65554 -0.00018 
317 A -0.30945 -0.21863 -0.38248 -0.32723 
318 G -0.09852 -0.00002 -0.15677 -0.13878 
320 L -0.24974 -0.15916 -0.39027 -0.19978 
320 Q -0.29640 -0.07649 -0.28859 -0.52411 
321 F -0.51754 -0.54539 -0.80891 -0.19831 
323 T -0.12044 -0.29929 -0.05848 -0.00356 
326 N -0.44988 -0.37012 -0.26056 -0.71895 
328 T -0.11110 -0.04057 -0.15522 -0.13750 
329 L -0.25463 -0.10985 -0.15700 -0.49705 
331 K -0.28272 -0.29612 -0.15148 -0.40056 
336 Q -0.25956 -0.29990 -0.44630 -0.03249 
336 K -0.35279 -0.02092 -0.71818 -0.31927 
338 A -0.41884 -0.57542 -0.00409 -0.67701 
339 T -0.12255 -0.04369 -0.18995 -0.13400 
339 R -0.41638 -0.22605 -0.25038 -0.77271 
339 K -0.26862 -0.70357 -0.00231 -0.09999 
349 T -0.30945 -0.14540 -0.41429 -0.36867 
350 V -0.12520 -0.07527 -0.02951 -0.27082 
352 V -0.21734 -0.01978 -0.39985 -0.23239 
353 K -0.19817 -0.30120 -0.09001 -0.20330 
353 D -0.37402 -0.28164 -0.42928 -0.41114 
354 R -0.23429 -0.57129 -0.11446 -0.01712 
357 N -0.39797 -0.28635 -0.31703 -0.59053 
357 H -0.29083 -0.32902 -0.43837 -0.10510 
360 V -0.19433 -0.37256 -0.12408 -0.08635 
360 K -0.37113 -0.62709 -0.23767 -0.24863 
366 H -0.20236 -0.00969 -0.53497 -0.06241 
367 G -0.00005 -0.00004 -0.00007 -0.00005 
367 Y -0.30625 -0.41953 -0.33440 -0.16481 
369 V -0.15613 -0.03754 -0.19418 -0.23667 
369 S -0.12719 -0.22753 -0.14858 -0.00546 
369 C -0.29114 -0.23506 -0.00032 -0.63804 
372 L -0.35550 -0.13244 -0.55288 -0.38117 
374 D -0.26656 -0.23502 -0.56301 -0.00165 
376 H -0.18551 -0.06236 -0.37602 -0.11816 
377 S -0.34535 -0.19140 -0.59320 -0.25146 
378 V -0.08814 -0.08805 -0.04057 -0.13579 
378 S -0.31897 -0.12873 -0.28232 -0.54586 
380 I -0.22721 -0.14720 -0.22702 -0.30742 
381 Q -0.27945 -0.01533 -0.27844 -0.54457 
385 G -0.27910 -0.00025 -0.78877 -0.04829 
385 M -0.25221 -0.00025 -0.14196 -0.61443 
385 S -0.20859 -0.07977 -0.40573 -0.14027 
385 R -0.16843 -0.05279 -0.33769 -0.11481 
386 S -0.27218 -0.03383 -0.62316 -0.15954 
389 V -0.20479 -0.03390 -0.07088 -0.50958 
389 K -0.33440 -0.00172 -0.76818 -0.23329 
399 G -0.35171 -0.17680 -0.41262 -0.46572 
399 D -0.30288 -0.12224 -0.30301 -0.48338 
400 T -0.14436 -0.03388 -0.23744 -0.16176 
400 R -0.31582 -0.62553 -0.25844 -0.06350 
402 A -0.19154 -0.20497 -0.32165 -0.04799 
403 L -0.26473 -0.12275 -0.58243 -0.08902 
411 G -0.42232 -0.54061 -0.29341 -0.43294 
413 G -0.51861 -0.44679 -0.50540 -0.60365 
413 A -0.04715 -0.07582 -0.06554 -0.00010 
413 H -0.06120 -0.18330 -0.00019 -0.00010 
414 V -0.14181 -0.01874 -0.02514 -0.38155 
420 K -0.18044 -0.17694 -0.06679 -0.29759 
421 I -0.25254 -0.09724 -0.31967 -0.34071 
422 S -0.21123 -0.31847 -0.06903 -0.24618 
424 E -0.35601 -0.33963 -0.06799 -0.66042 
426 A -0.34450 -0.02908 -0.20582 -0.79860 
428 N -0.46813 -0.14036 -0.49994 -0.76409 
430 G -0.00006 -0.00004 -0.00002 -0.00013 
430 S -0.28555 -0.33352 -0.05020 -0.47293 
434 L -0.22168 -0.09285 -0.28522 -0.28698 
438 T -0.29138 -0.09076 -0.25288 -0.53049 
448 G -0.38157 -0.87315 -0.25767 -0.01389 
448 M -0.50696 -0.14901 -0.08472 -1.28716 
449 A -0.22192 -0.11221 -0.05662 -0.49694 
454 N -0.42907 -0.34178 -0.64339 -0.30204 
456 S -0.26073 -0.09741 -0.43846 -0.24633 
459 Y -0.15262 -0.32067 -0.13719 -0.00001 
459 D -0.50980 -0.37907 -0.19014 -0.96020 
463 G -0.04705 -0.00008 -0.09338 -0.04768 
467 M -0.21021 -0.02322 -0.49102 -0.11639 
467 R -0.28770 -0.14875 -0.05478 -0.65957 
469 E -0.16571 -0.31882 -0.08573 -0.09257 
473 E -0.36060 -0.40139 -0.28138 -0.39902 
477 K -0.47767 -0.13579 -0.45644 -0.84077 
481 D -0.25285 -0.06496 -0.37063 -0.32297 
482 G -0.00012 -0.00001 -0.00031 -0.00004 
483 F -0.30255 -0.23919 -0.53717 -0.13130 
484 P -0.22712 -0.23850 -0.39011 -0.05274 
486 Y -0.24373 -0.52250 -0.08765 -0.12103 
487 S -0.37653 -0.13735 -0.14951 -0.84272 
487 N -0.38507 -0.27911 -0.73238 -0.14371 
488 D -0.29996 -0.14193 -0.26128 -0.49666 
492 T -0.26442 -0.00017 -0.28763 -0.50546 
493 N -0.47945 -0.25523 -0.79948 -0.38363 
494 A -0.65904 -1.02354 -0.29938 -0.65419 
495 G -0.35691 -0.29060 -0.27874 -0.50138 
495 I -0.25010 -0.34469 -0.27568 -0.12992 
495 K -0.31484 -0.36734 -0.03155 -0.54564 
496 G -0.34593 -0.14961 -0.73382 -0.15437 
496 V -0.17373 -0.04098 -0.21140 -0.26881 
496 M -0.32263 -0.15861 -0.43124 -0.37805 
496 Y -0.26131 -0.10241 -0.68067 -0.00085 
496 K -0.22425 -0.01457 -0.32582 -0.33235 
496 D -0.32232 -0.25106 -0.21947 -0.49644 
496 E -0.04956 -0.02657 -0.12125 -0.00085 
498 V -0.46905 -0.36460 -0.51144 -0.53110 
498 M -0.42913 -0.65870 -0.08733 -0.54137 
498 N -0.12262 -0.16039 -0.19980 -0.00767 
502 T -0.27673 -0.15984 -0.26369 -0.40667 
503 A -0.18089 -0.05018 -0.23590 -0.25660 
503 N -0.32814 -0.34038 -0.58335 -0.06069 
505 V -0.24489 -0.16033 -0.30743 -0.26692 
506 I -0.42156 -0.44335 -0.22506 -0.59628 
508 A -0.46272 -0.52965 -0.47193 -0.38658 
509 G -0.28729 -0.20704 -0.14890 -0.50592 
511 R -0.39035 -0.47720 -0.59786 -0.09600 
511 D -0.51036 -0.66888 -0.30017 -0.56202 
513 K -0.41158 -0.19616 -0.53658 -0.50201 
516 T -0.15834 -0.34472 -0.06925 -0.06105 
516 Q -0.18400 -0.00001 -0.43587 -0.11612 
517 F -0.20200 -0.19299 -0.21070 -0.20230 
517 H -0.49536 -0.59286 -0.73138 -0.16185 
517 K -0.11576 -0.06665 -0.14864 -0.13200 
519 T -0.11452 -0.27040 -0.01997 -0.05320 
519 R -0.30865 -0.22159 -0.49673 -0.20763 
519 E -0.20243 -0.12282 -0.04497 -0.43949 
521 S -0.47231 -0.22045 -0.82127 -0.37521 
523 T -0.17650 -0.31411 -0.01049 -0.20489 
530 T -0.29550 -0.69680 -0.00494 -0.18476 
530 E -0.07175 -0.00014 -0.13950 -0.07560 
531 L -0.26830 -0.30124 -0.25322 -0.25043 
532 G -0.00009 -0.00014 -0.00008 -0.00004 
532 N -0.25350 -0.20590 -0.35786 -0.19674 
532 H -0.29430 -0.40656 -0.19904 -0.27731 
536 V -0.31017 -0.30543 -0.21863 -0.40646 
537 A -0.55574 -0.09105 -1.38393 -0.19223 
539 G -0.23878 -0.27241 -0.25183 -0.19211 
540 A -0.11766 -0.08159 -0.24599 -0.02539 
541 I -0.21617 -0.15179 -0.22922 -0.26749 
541 C -0.37640 -0.12427 -0.15090 -0.85404 
543 A -0.42824 -0.15870 -0.14224 -0.98377 
547 S -0.24920 -0.23858 -0.15010 -0.35893 
548 V -0.26418 -0.11984 -0.38110 -0.29161 
549 I -0.11783 -0.01643 -0.24806 -0.08899 
550 S -0.17930 -0.21887 -0.29676 -0.02226 
551 L -0.32265 -0.34461 -0.26430 -0.35905 
553 I -0.23785 -0.30577 -0.24758 -0.16021 
554 A -0.30435 -0.13259 -0.14940 -0.63107 
554 Y -0.11721 -0.18044 -0.14857 -0.02263 
555 S -0.23136 -0.34074 -0.14793 -0.20542 
559 E -0.40162 -0.11702 -0.90707 -0.18076 
561 A -0.17601 -0.00006 -0.52795 -0.00002 
561 L -0.11927 -0.20727 -0.05559 -0.09495 
561 E -0.17728 -0.12434 -0.04950 -0.35799 
562 T -0.22060 -0.40377 -0.03505 -0.22298 
