 0.02423 -0.24206 
 0.41228 -0.07279 
-0.08166 -100.00000 
 0.32494 -100.00000 
 0.00000  0.00000 
 0.00000  0.00000 
 0.57305  0.35143 
 0.00000  0.00000 
 0.00000  0.00000 
 0.14355  0.22660 
 0.40433  0.10212 
 0.48201  0.47360 
-0.64509  0.22726 
-100.00000 -100.00000 
-100.00000 -100.00000 
-100.00000 -100.00000 
-100.00000 -100.00000 
-100.00000 -100.00000 
 0.08014 -0.52956 
-0.05081 -0.37120 
-100.00000 -100.00000 
-0.08175 -100.00000 
-100.00000 -100.00000 
-100.00000 -100.00000 
-0.27128  0.15646 
-100.00000 -100.00000 
-100.00000 -100.00000 
-100.00000 -100.00000 
 0.02435 -0.15104 
-100.00000 -100.00000 
-100.00000  0.37856 
-100.00000 -100.00000 
-100.00000 -0.00012 
-100.00000 -100.00000 
-100.00000 -100.00000 
 0.13883 -100.00000 
 0.00000  0.00000 
-100.00000 -100.00000 
-100.00000 -100.00000 
-100.00000 -100.00000 
-0.10113 -100.00000 
-100.00000 -100.00000 
-0.40211  0.06674 
-100.00000 -100.00000 
-100.00000  0.00002 
 0.40857 -100.00000 
 0.42436  0.48990 
-100.00000 -100.00000 
 0.00000  0.00000 
 0.00000  0.00000 
-0.00002 -100.00000 
-100.00000 -100.00000 
 0.00643 -0.17205 
-100.00000 -100.00000 
-100.00000 -100.00000 
-100.00000 -100.00000 
 0.24889 -100.00000 
 0.00000  0.00000 
-100.00000 -100.00000 
-0.31171  0.09560 
 0.00000  0.00000 
-100.00000 -100.00000 
-100.00000 -100.00000 
 0.21117 -0.36525 
 0.44147 -0.88211 
 0.76562  0.03895 
 0.00000  0.00000 
 0.02661 -0.39272 
 0.00000  0.00000 
 0.66628  0.49238 
-0.16164  0.48535 
-100.00000 -100.00000 
-100.00000 -100.00000 
 1.23522  0.07808 
 0.14288 -0.09416 
-100.00000 -100.00000 
 0.34620 -0.15016 
 0.00000  0.00000 
 0.00000  0.00000 
-100.00000 -100.00000 
-100.00000 -100.00000 
 0.20900 -0.05023 
-0.34476 -0.15189 
-100.00000 -100.00000 
-100.00000 -100.00000 
-0.05546  0.00752 
 0.00000  0.00000 
 0.00000  0.00000 
 0.03454  0.41891 
 0.00053  0.29713 
 0.37629 -0.37172 
 0.21455 -0.03875 
 0.50318 -100.00000 
-100.00000 -100.00000 
-100.00000 -100.00000 
 0.44022 -0.05550 
 0.24741  0.58504 
-100.00000 -100.00000 
-0.09442  0.13746 
 0.08437 -0.61597 
-0.12344  0.13743 
-100.00000 -100.00000 
-100.00000 -0.00007 
-0.26459 -0.18865 
-100.00000 -100.00000 
-0.35747  0.00004 
-100.00000 -100.00000 
-100.00000 -100.00000 
 0.05092  0.37856 
-100.00000 -100.00000 
-0.00000  0.07444 
 0.00000  0.00000 
 0.14780 -100.00000 
 0.01391 -0.50597 
 0.28378 -0.59621 
-100.00000 -100.00000 
-100.00000 -100.00000 
 0.00000  0.00000 
-100.00000 -100.00000 
-100.00000 -100.00000 
-0.10034 -0.18856 
 0.00000  0.00000 
-100.00000  0.17387 
-0.13210  0.65806 
 0.22703  0.67818 
 0.26444  0.12052 
-0.26630  0.20837 
 0.00000  0.00000 
-100.00000 -100.00000 
-100.00000 -100.00000 
-0.40347 -0.22257 
-100.00000 -100.00000 
-0.51720  1.22847 
 0.07289 -0.57971 
 0.39296  0.33990 
 0.11225  0.08046 
 0.22044  0.15167 
 0.06458 -0.18911 
-0.24627 -0.74603 
-0.26798  0.12920 
 0.15207 -0.37328 
-100.00000 -100.00000 
 0.14733  0.37877 
-100.00000 -100.00000 
-0.19069 -0.32302 
-100.00000 -100.00000 
-100.00000 -100.00000 
 0.49128  0.14833 
-100.00000 -100.00000 
 0.19224  0.89598 
 0.25175 -0.38591 
-100.00000 -100.00000 
 0.06181  0.92737 
 0.54370 -0.17994 
-0.17339  0.01992 
-100.00000 -100.00000 
 0.21179  0.12765 
 0.17331  0.31850 
-100.00000 -0.05563 
 0.08343  0.07412 
-100.00000 -100.00000 
-100.00000 -100.00000 
-100.00000 -100.00000 
 0.00000  0.00000 
 0.00000  0.00000 
-0.24214 -0.21827 
 0.00000  0.00000 
-100.00000  0.58518 
-0.27089  0.26295 
-0.23637 -0.87058 
-0.36682  0.35143 
-0.17900  0.12493 
 0.31025  0.29619 
-100.00000 -100.00000 
 0.90212  0.19898 
-0.03019  0.20766 
 0.00000  0.00000 
 0.03309 -0.23862 
-0.20607  0.02328 
 0.24147  0.48561 
-100.00000 -100.00000 
-0.04568  0.17852 
-100.00000 -100.00000 
 0.09494  0.08022 
 0.48263  0.29609 
 0.02523  0.02233 
-0.17462 -0.70637 
 0.05494  0.32205 
-100.00000  0.58511 
 0.00000  0.00000 
 0.02551  0.21491 
 0.00000  0.00000 
-0.05511 -100.00000 
-100.00000 -100.00000 
-100.00000 -0.32821 
-100.00000 -100.00000 
-100.00000 -100.00000 
-0.38926 -0.55350 
-100.00000 -100.00000 
-100.00000 -100.00000 
 0.07511  0.18572 
-0.29608  0.13738 
-100.00000 -100.00000 
 0.37859  0.37857 
 0.32305 -0.77665 
 0.04198 -100.00000 
 0.00000  0.00000 
-100.00000 -100.00000 
-0.51223  0.02806 
 0.28323 -0.17612 
 0.28121 -0.25430 
 0.12393 -0.08511 
-100.00000 -100.00000 
 0.14858 -0.25019 
-0.17053 -100.00000 
 0.01593  0.24125 
 0.01639 -0.00008 
 0.07530  0.21085 
-100.00000 -0.00001 
-0.10939  0.18959 
-0.04901 -0.45422 
-0.53014 -0.02592 
-0.04369  0.11932 
-100.00000  0.00010 
-100.00000 -0.16394 
 0.12031  0.17902 
 0.34115 -0.01405 
 0.28594 -0.38772 
-0.51134 -0.01564 
 0.55606  1.06882 
-0.06011 -0.21438 
-0.02186  0.00383 
-100.00000 -100.00000 
-0.40194  0.29043 
-0.38378  0.32929 
 0.21548 -0.52914 
-0.11738  0.00141 
-100.00000 -0.13736 
-100.00000 -100.00000 
-0.49656 -0.02070 
-100.00000 -100.00000 
-100.00000 -100.00000 
 0.05095 -100.00000 
-0.43105 -0.05502 
-100.00000 -100.00000 
 0.03606  0.00035 
-0.21993  0.67821 
-0.35542  0.45952 
 0.00000  0.00000 
 0.00000  0.00000 
-0.12526  0.20792 
 0.53560 -0.00779 
 0.26324  0.67819 
-100.00000 -100.00000 
-0.29488 -100.00000 
 0.61317 -0.37577 
-0.05671 -0.32086 
-0.12207  0.26834 
-100.00000 -100.00000 
-100.00000 -100.00000 
 0.26312 -100.00000 
-100.00000 -100.00000 
-100.00000 -100.00000 
 0.00000  0.00000 
 0.28479 -0.15502 
-100.00000 -100.00000 
 0.14850  0.21347 
-0.11438  0.42876 
-100.00000 -100.00000 
-100.00000 -100.00000 
 0.17551 -0.18633 
 0.76961  0.12776 
 0.00000  0.00000 
 0.10088 -0.37583 
-100.00000 -100.00000 
 0.48546 -100.00000 
-0.04268  0.18345 
-0.25262  1.06890 
 0.00019 -100.00000 
-100.00000 -100.00000 
 0.15566 -100.00000 
-0.62610  0.38795 
 0.02903  0.03830 
-0.16964 -0.65765 
 0.07776  0.20410 
 0.28478 -0.06744 
 0.38627  0.27577 
-0.10369 -0.36379 
 0.14348 -0.35112 
-0.05825 -100.00000 
-100.00000 -100.00000 
-100.00000 -0.00029 
-100.00000 -100.00000 
 0.08660  0.21367 
-100.00000 -100.00000 
 0.03886 -0.00102 
-100.00000 -100.00000 
 0.21951  0.38361 
 0.27410  0.26950 
-100.00000 -100.00000 
-100.00000 -100.00000 
-0.09430 -0.65714 
-0.23693  0.46981 
-100.00000 -100.00000 
-100.00000 -100.00000 
 0.00000  0.00000 
 0.22098  0.25824 
-0.50683  0.35523 
-100.00000 -100.00000 
-100.00000 -100.00000 
-0.47695  0.12465 
 0.14320  0.00008 
 0.54995 -0.00578 
 0.14605 -0.42287 
-100.00000 -100.00000 
 0.61300 -0.20907 
-100.00000 -100.00000 
 0.15250  0.37831 
-100.00000 -100.00000 
 0.10896  0.05976 
-0.15916 -0.19978 
-100.00000 -100.00000 
 0.15696 -0.33279 
 0.30508 -0.38345 
 0.00009 -100.00000 
 0.14209  0.11461 
-100.00000 -100.00000 
 0.00000  0.00000 
-100.00000 -100.00000 
-0.10985 -0.49705 
-100.00000 -100.00000 
 0.02995 -100.00000 
-100.00000 -100.00000 
 0.00000  0.00000 
-100.00000 -0.00003 
-100.00000 -100.00000 
-0.34285  0.60544 
-0.04292  0.20230 
-0.02978  0.07705 
-100.00000  0.34640 
-100.00000  0.00012 
-100.00000 -100.00000 
-100.00000 -100.00000 
-100.00000 -100.00000 
 0.00000  0.00000 
-0.11121 -0.18679 
 0.25210 -0.00741 
-100.00000 -100.00000 
-0.17364 -0.12253 
-100.00000 -100.00000 
-100.00000 -100.00000 
-0.11748  0.20331 
-0.03924  0.33681 
-100.00000 -100.00000 
-100.00000 -100.00000 
-100.00000 -100.00000 
 0.63340 -0.24808 
 0.47715  0.22071 
-100.00000 -100.00000 
 0.26265  0.14619 
 0.07848  0.50897 
-100.00000 -100.00000 
-100.00000 -100.00000 
 0.15548  0.23961 
-100.00000 -100.00000 
-100.00000 -100.00000 
-100.00000 -100.00000 
 0.34986 -0.30374 
 0.13753 -100.00000 
 0.31226  0.41385 
-100.00000 -100.00000 
-100.00000 -100.00000 
-0.13244 -0.38117 
 0.00009 -100.00000 
-0.11991  0.33410 
 0.00016 -100.00000 
-100.00000 -100.00000 
-100.00000 -100.00000 
-100.00000 -100.00000 
-100.00000 -100.00000 
 0.26764  0.35799 
 0.45654 -0.22908 
-100.00000 -100.00000 
-100.00000 -100.00000 
-100.00000 -100.00000 
-0.12145  0.15477 
-100.00000 -100.00000 
 0.11273 -0.72785 
-100.00000 -100.00000 
-0.01163 -0.05582 
-0.50082 -100.00000 
 0.26318 -100.00000 
-100.00000 -100.00000 
-100.00000 -100.00000 
 0.04149 -0.39777 
-100.00000 -100.00000 
-100.00000 -100.00000 
-100.00000  0.13747 
 0.07178 -0.04882 
-100.00000 -100.00000 
-100.00000  0.13756 
 0.18237 -0.55932 
-100.00000 -100.00000 
-0.12275 -0.08902 
-100.00000 -100.00000 
 0.55683  0.22914 
-100.00000 -100.00000 
 0.35200 -0.26360 
 0.55213 -100.00000 
-100.00000 -100.00000 
-100.00000 -100.00000 
 0.19300  0.00318 
 0.16489  0.53449 
-100.00000 -100.00000 
-0.02948 -0.97557 
 0.00000  0.00000 
-100.00000 -100.00000 
 0.48539  0.26312 
-100.00000 -100.00000 
-0.05765  0.53460 
-100.00000 -100.00000 
-100.00000 -100.00000 
 0.00000  0.00000 
-100.00000 -100.00000 
-100.00000 -100.00000 
-100.00000 -100.00000 
 0.05287 -0.04487 
-100.00000 -100.00000 
-100.00000 -100.00000 
-100.00000 -100.00000 
-0.49683 -0.04542 
 0.00000  0.00000 
-100.00000 -100.00000 
 0.36765 -0.47314 
-0.09285 -0.28698 
-100.00000 -100.00000 
-100.00000 -100.00000 
-100.00000 -100.00000 
 0.13762 -100.00000 
-100.00000 -100.00000 
 0.00000  0.00000 
 0.00000  0.00000 
-100.00000 -100.00000 
 0.00000  0.00000 
 0.00000  0.00000 
-100.00000 -100.00000 
-100.00000 -100.00000 
-100.00000 -100.00000 
-100.00000 -100.00000 
-100.00000 -100.00000 
 0.00000  0.00000 
-100.00000 -100.00000 
 0.33986 -0.23500 
-0.00001 -100.00000 
-100.00000 -100.00000 
 0.00000  0.00000 
-100.00000 -100.00000 
-100.00000 -100.00000 
-0.00002 -100.00000 
-100.00000 -100.00000 
 0.00000  0.00000 
-100.00000 -100.00000 
-100.00000 -100.00000 
-100.00000 -100.00000 
 0.26307 -100.00000 
-100.00000 -100.00000 
-100.00000  0.26307 
-0.01049  0.26299 
 0.00000  0.00000 
-100.00000  0.13739 
-100.00000 -100.00000 
-100.00000 -100.00000 
-100.00000 -100.00000 
 0.06609  0.75845 
-100.00000 -100.00000 
 0.24356  0.57923 
 0.02476 -0.00005 
 0.13751 -0.00011 
-100.00000 -100.00000 
-100.00000 -100.00000 
 0.74500  0.43806 
-0.06496  0.02052 
-0.16154  0.01055 
-0.73196  0.22595 
-100.00000  0.13755 
 0.48245  0.48548 
-100.00000 -100.00000 
-100.00000 -100.00000 
-100.00000 -100.00000 
 0.56300  0.37879 
-100.00000 -100.00000 
 0.02478  0.07126 
-100.00000 -100.00000 
-100.00000 -100.00000 
 0.13876 -0.05291 
-100.00000 -100.00000 
-0.40198  0.07926 
-100.00000 -100.00000 
-0.21462  0.06231 
-100.00000 -100.00000 
 0.03577  0.26310 
-0.30615 -0.50131 
-0.10381  0.16854 
-0.55854  0.32998 
-100.00000 -100.00000 
-0.48892  0.59402 
 0.62864 -0.01360 
 0.60923  0.31696 
 0.26056 -0.50036 
-0.13045  0.08215 
 0.00000  0.00000 
-0.33867  0.16827 
 0.20289  0.17487 
-0.34479  0.07267 
-100.00000  0.05280 
 0.94625  0.39431 
 0.25695  0.11112 
-0.11755  0.36871 
 0.06587  0.36513 
-0.20691 -100.00000 
 0.00000  0.00000 
-100.00000 -100.00000 
-0.03661  0.83631 
-0.12208  0.35982 
-100.00000 -100.00000 
-0.18530  0.61941 
-100.00000 -100.00000 
 0.01659  0.48605 
-0.00023 -100.00000 
 0.00000  0.00000 
-0.00014  0.00006 
-0.30124 -0.25043 
-100.00000 -0.00004 
-0.34332  0.26311 
-100.00000 -100.00000 
-100.00000 -100.00000 
-100.00000  0.00001 
-100.00000 -100.00000 
 0.06775  0.23201 
 0.00000  0.00000 
 0.60932 -100.00000 
 0.00000  0.00000 
 0.00000  0.00000 
-100.00000 -100.00000 
-100.00000  0.00007 
 0.00000  0.00000 
-100.00000 -100.00000 
-100.00000 -100.00000 
 0.37837 -0.32434 
 0.01434 -0.19016 
 0.25338  0.19313 
-0.34461 -0.35905 
 0.00003  0.18856 
 0.04215 -0.11938 
-0.06659  0.71266 
-0.23876 -0.18989 
-100.00000 -100.00000 
-0.32604  0.07688 
 0.00000  0.00000 
-0.12395  0.26297 
 0.42058 -0.13028 
-0.20727 -0.09495 
-0.23878 -0.18983 
-100.00000 -100.00000 
 0.40476 -0.09567 
