-100.00000 -100.00000 
 0.62724  0.41805 
 0.04197 -0.04673 
-100.00000 -0.01736 
-0.37407 -100.00000 
-100.00000 -0.29705 
-0.29080  0.27432 
-100.00000 -100.00000 
-100.00000 -100.00000 
-0.57346  0.13034 
-0.27112 -0.18300 
 0.46099  0.51422 
-100.00000 -100.00000 
-100.00000  0.05969 
-100.00000 -100.00000 
-100.00000 -100.00000 
-100.00000 -100.00000 
-100.00000 -100.00000 
-100.00000 -100.00000 
-100.00000 -100.00000 
 0.00000  0.00000 
-100.00000 -100.00000 
-0.25354 -0.11663 
-0.56748  0.11294 
-100.00000 -100.00000 
-100.00000 -100.00000 
-100.00000 -100.00000 
-100.00000 -100.00000 
-100.00000 -100.00000 
-100.00000 -100.00000 
-100.00000 -100.00000 
-100.00000 -100.00000 
-100.00000 -100.00000 
-100.00000 -100.00000 
-100.00000 -100.00000 
-100.00000 -100.00000 
-100.00000 -100.00000 
-100.00000 -100.00000 
-100.00000 -100.00000 
-100.00000 -100.00000 
-100.00000 -100.00000 
-100.00000 -100.00000 
-100.00000 -100.00000 
-100.00000 -100.00000 
-100.00000 -100.00000 
-100.00000  0.13753 
-100.00000 -100.00000 
-100.00000 -100.00000 
-0.00006 -100.00000 
-100.00000 -100.00000 
-0.22892 -0.38224 
-100.00000 -100.00000 
 0.03727 -0.00007 
-100.00000 -0.00012 
-100.00000 -100.00000 
-100.00000 -100.00000 
-100.00000  0.00017 
-100.00000 -100.00000 
 0.00000  0.00000 
-100.00000 -100.00000 
-100.00000 -100.00000 
-100.00000 -100.00000 
-100.00000 -100.00000 
-100.00000 -100.00000 
-100.00000 -100.00000 
-100.00000 -100.00000 
-100.00000 -100.00000 
 0.13736  0.57476 
-100.00000 -100.00000 
-100.00000 -100.00000 
-100.00000 -100.00000 
 0.00000  0.00000 
-100.00000 -100.00000 
-100.00000 -100.00000 
-100.00000 -100.00000 
-100.00000 -100.00000 
-0.08177  0.04200 
-100.00000 -100.00000 
-100.00000 -100.00000 
-100.00000 -100.00000 
-100.00000 -100.00000 
-100.00000 -100.00000 
-100.00000 -100.00000 
 0.00000  0.00000 
-100.00000 -100.00000 
-100.00000 -100.00000 
-100.00000 -100.00000 
-100.00000 -100.00000 
-100.00000 -100.00000 
-100.00000 -100.00000 
-100.00000  0.00031 
-100.00000 -100.00000 
 0.01319  0.15952 
-0.00004 -100.00000 
-0.38973  0.34734 
-100.00000 -100.00000 
-100.00000 -100.00000 
-100.00000 -100.00000 
-100.00000 -100.00000 
-100.00000 -100.00000 
-100.00000 -100.00000 
-100.00000 -100.00000 
-100.00000 -100.00000 
 0.25456 -100.00000 
-100.00000 -100.00000 
 0.00027 -100.00000 
 0.00000  0.00000 
 0.14869 -0.20420 
-100.00000 -100.00000 
-100.00000 -100.00000 
-100.00000 -0.00007 
-100.00000 -100.00000 
 0.37915  0.13590 
-100.00000 -100.00000 
-0.08857  0.75686 
-100.00000 -100.00000 
-100.00000 -100.00000 
-100.00000 -100.00000 
-100.00000 -100.00000 
-100.00000 -100.00000 
-100.00000 -100.00000 
-100.00000 -100.00000 
-0.06361  0.63705 
-100.00000 -100.00000 
 0.25454  0.26322 
-100.00000 -100.00000 
-100.00000 -100.00000 
-100.00000 -100.00000 
-100.00000 -100.00000 
-100.00000 -100.00000 
-100.00000  0.13749 
-100.00000 -100.00000 
-100.00000 -100.00000 
-100.00000  0.00003 
-100.00000 -100.00000 
-100.00000  0.00050 
-100.00000 -100.00000 
 0.13768  0.00023 
-100.00000 -0.93384 
 0.04363 -0.03405 
-100.00000 -100.00000 
-100.00000 -100.00000 
-100.00000 -100.00000 
-100.00000 -100.00000 
-100.00000  0.13400 
-100.00000 -100.00000 
-100.00000 -100.00000 
-100.00000 -100.00000 
-100.00000 -100.00000 
-100.00000 -100.00000 
-100.00000 -100.00000 
 0.00000  0.00000 
-0.17656 -0.03082 
-0.23647  0.13761 
-100.00000 -100.00000 
-100.00000 -100.00000 
-100.00000 -100.00000 
-100.00000 -0.28630 
 0.24310  0.22970 
 0.01416 -100.00000 
-0.22866  0.22435 
-100.00000 -100.00000 
-100.00000 -100.00000 
-100.00000 -100.00000 
-100.00000 -100.00000 
-0.40118 -0.49752 
-100.00000 -100.00000 
-100.00000 -100.00000 
-100.00000  0.32105 
-100.00000 -100.00000 
-100.00000 -100.00000 
-100.00000 -100.00000 
-100.00000 -100.00000 
 0.41158  0.19096 
-100.00000 -100.00000 
-100.00000 -100.00000 
-100.00000 -0.32914 
-100.00000 -0.00016 
-0.08054  0.26298 
-100.00000 -100.00000 
-0.02460 -0.59009 
-0.06379 -0.00001 
-100.00000 -100.00000 
-100.00000 -100.00000 
-100.00000 -100.00000 
-100.00000 -100.00000 
 0.00005 -0.14920 
-100.00000 -100.00000 
-100.00000 -100.00000 
-100.00000 -100.00000 
-100.00000 -100.00000 
-100.00000 -100.00000 
-0.14583  0.32017 
-0.33594 -100.00000 
-100.00000 -100.00000 
-100.00000 -100.00000 
 0.00005 -0.00195 
-100.00000 -100.00000 
-0.52448 -100.00000 
 0.14194 -100.00000 
-0.19940 -0.00128 
-100.00000 -100.00000 
-100.00000 -100.00000 
-100.00000 -100.00000 
-100.00000 -100.00000 
-100.00000 -0.12730 
-100.00000 -100.00000 
 0.03054 -0.00021 
-100.00000  0.26242 
-100.00000 -100.00000 
-100.00000 -100.00000 
-100.00000 -100.00000 
-100.00000 -100.00000 
 0.44713 -0.00755 
-100.00000 -100.00000 
-0.38734 -0.11136 
-100.00000 -100.00000 
 0.40166 -0.23700 
-100.00000 -0.00162 
-100.00000  0.53957 
-100.00000 -100.00000 
-0.06359  0.57898 
 0.25749 -0.00066 
-100.00000 -0.13826 
-100.00000 -100.00000 
-100.00000  0.26323 
-100.00000 -100.00000 
-100.00000 -100.00000 
 0.13781 -100.00000 
 0.15186 -0.00020 
 0.70343  0.41144 
 0.11223  0.34820 
-100.00000 -100.00000 
-100.00000 -100.00000 
-100.00000 -0.15667 
-0.02212  0.21223 
-100.00000 -0.55664 
-100.00000 -100.00000 
-100.00000 -100.00000 
-100.00000 -100.00000 
-100.00000 -100.00000 
-100.00000 -100.00000 
-100.00000 -100.00000 
-100.00000 -100.00000 
 0.27985  0.58940 
-0.42201  0.32739 
 0.26306  0.00013 
-100.00000  0.26332 
-0.00008 -100.00000 
-100.00000 -100.00000 
-100.00000  0.24194 
-100.00000 -100.00000 
-100.00000  0.00012 
-100.00000 -0.00008 
-100.00000  0.20967 
-100.00000 -100.00000 
-0.03898 -0.58765 
 0.13754 -100.00000 
-100.00000 -100.00000 
-100.00000 -100.00000 
-100.00000 -100.00000 
-100.00000 -100.00000 
-100.00000 -100.00000 
-100.00000 -100.00000 
-100.00000 -100.00000 
-100.00000 -100.00000 
-100.00000 -0.00001 
 0.48543 -0.10892 
-0.15533  0.73196 
-100.00000 -100.00000 
-0.09498 -0.00001 
 0.13748 -100.00000 
-100.00000  0.26324 
 0.08178 -0.26514 
-100.00000 -100.00000 
-0.17086  0.26338 
 0.25764  0.44682 
-100.00000  0.00021 
 0.30600 -100.00000 
-0.05506  0.10531 
-100.00000 -100.00000 
-100.00000 -100.00000 
 0.70411 -0.00236 
-100.00000 -100.00000 
-100.00000 -100.00000 
-100.00000 -100.00000 
-100.00000 -100.00000 
-100.00000  0.13751 
-0.12224 -100.00000 
-100.00000 -100.00000 
 0.00000  0.00000 
-100.00000 -100.00000 
-100.00000  0.13754 
-100.00000 -100.00000 
 0.00000  0.00000 
-100.00000 -100.00000 
-100.00000 -100.00000 
-100.00000 -100.00000 
 0.04817  0.64687 
-100.00000 -100.00000 
-100.00000 -100.00000 
-100.00000 -100.00000 
-100.00000 -100.00000 
-100.00000  0.00003 
-100.00000 -100.00000 
-0.61428 -100.00000 
-100.00000 -100.00000 
-100.00000 -100.00000 
-100.00000 -100.00000 
-100.00000 -100.00000 
-100.00000 -100.00000 
-100.00000 -0.00003 
-100.00000 -100.00000 
-100.00000 -100.00000 
 0.14358  0.32818 
-100.00000 -100.00000 
-100.00000 -100.00000 
-0.00013  0.00023 
 0.00000  0.00000 
-100.00000 -100.00000 
-100.00000 -100.00000 
-0.37127 -0.77326 
-100.00000 -100.00000 
-100.00000 -100.00000 
 0.26313 -0.15989 
-100.00000  0.00015 
-100.00000 -100.00000 
-100.00000 -100.00000 
-100.00000 -100.00000 
-100.00000 -100.00000 
 0.13755  0.37856 
-100.00000 -100.00000 
-100.00000 -100.00000 
-100.00000 -100.00000 
-100.00000 -100.00000 
-100.00000 -100.00000 
 0.14432  0.34676 
-100.00000 -100.00000 
-0.00022 -0.00022 
-100.00000 -100.00000 
-100.00000 -100.00000 
 0.02745 -0.01355 
-100.00000 -100.00000 
-0.05728 -100.00000 
-100.00000 -100.00000 
-100.00000 -0.01633 
-100.00000 -100.00000 
-100.00000 -100.00000 
-100.00000 -100.00000 
-100.00000 -100.00000 
-0.07527 -0.48056 
-100.00000 -100.00000 
-100.00000 -100.00000 
-100.00000 -100.00000 
-100.00000 -100.00000 
-100.00000 -100.00000 
 0.25634 -0.16471 
 0.00012 -0.05951 
-100.00000 -100.00000 
-100.00000 -100.00000 
-100.00000 -100.00000 
-100.00000 -100.00000 
-100.00000 -100.00000 
 0.01532  0.10618 
-0.63377  0.70981 
 0.04851 -0.27064 
 0.08954 -0.18432 
-100.00000  0.37844 
 0.32837 -0.57306 
-0.23506 -0.00032 
-100.00000 -100.00000 
-100.00000 -100.00000 
-100.00000 -100.00000 
-100.00000 -100.00000 
-100.00000 -0.00014 
 0.27079 -0.01475 
-0.45899  0.09087 
 0.22896 -0.03422 
-100.00000 -100.00000 
-100.00000 -100.00000 
-100.00000 -0.00019 
-100.00000 -100.00000 
-100.00000 -100.00000 
-0.11514 -100.00000 
-100.00000 -100.00000 
-100.00000 -0.48600 
-100.00000 -100.00000 
-100.00000 -100.00000 
-100.00000 -100.00000 
-0.19546  0.22178 
-100.00000 -100.00000 
-100.00000 -100.00000 
-0.12152 -100.00000 
-100.00000 -100.00000 
-100.00000 -100.00000 
-100.00000 -100.00000 
-100.00000  0.00004 
-100.00000 -100.00000 
-100.00000 -100.00000 
-100.00000 -100.00000 
-100.00000 -100.00000 
-100.00000 -0.00005 
-100.00000 -0.37829 
 0.13758 -0.26261 
 0.13753  0.20708 
 0.14829  0.26311 
-100.00000 -0.00005 
-100.00000  0.48549 
 0.00028  0.00006 
-0.17314 -100.00000 
-100.00000 -100.00000 
 0.14783 -0.13704 
-100.00000  0.37854 
-100.00000 -100.00000 
-0.45384 -100.00000 
-100.00000 -0.10539 
-100.00000 -100.00000 
-100.00000 -100.00000 
-100.00000 -100.00000 
-100.00000 -100.00000 
-100.00000 -100.00000 
-100.00000 -100.00000 
-100.00000 -100.00000 
-100.00000 -100.00000 
-100.00000 -100.00000 
-100.00000 -100.00000 
-100.00000 -100.00000 
-100.00000 -100.00000 
-100.00000 -100.00000 
-100.00000 -100.00000 
-0.00004 -0.00002 
-100.00000 -100.00000 
-100.00000 -100.00000 
-100.00000 -100.00000 
-0.16334 -100.00000 
-100.00000 -100.00000 
 0.24134  0.21914 
-100.00000 -100.00000 
-100.00000 -100.00000 
-100.00000 -100.00000 
-100.00000 -100.00000 
-100.00000 -100.00000 
-100.00000 -100.00000 
-100.00000 -100.00000 
-100.00000 -100.00000 
-100.00000 -100.00000 
-100.00000 -100.00000 
-100.00000 -100.00000 
-100.00000 -100.00000 
-100.00000 -100.00000 
-100.00000 -100.00000 
-100.00000 -100.00000 
-100.00000 -0.00015 
-100.00000 -100.00000 
-100.00000 -100.00000 
-100.00000 -100.00000 
-100.00000 -100.00000 
-100.00000 -100.00000 
-100.00000 -100.00000 
-100.00000 -100.00000 
-100.00000 -100.00000 
 0.42902  0.21550 
-100.00000 -100.00000 
-100.00000 -100.00000 
-100.00000 -0.08677 
-100.00000  0.58496 
-0.35627  0.26326 
-0.00010 -0.12576 
-100.00000 -100.00000 
-100.00000  0.00035 
-100.00000 -100.00000 
-100.00000 -100.00000 
-100.00000 -100.00000 
-0.05773 -100.00000 
-100.00000 -100.00000 
-0.06469  0.00010 
-100.00000 -100.00000 
-100.00000 -100.00000 
-100.00000 -0.15132 
 0.00000  0.00000 
-0.20683  0.00028 
-100.00000 -100.00000 
-100.00000 -0.00031 
-0.29704  0.23078 
-100.00000 -100.00000 
-0.00013 -100.00000 
 0.00000  0.00000 
-100.00000 -100.00000 
-100.00000 -100.00000 
-100.00000 -100.00000 
 0.00000  0.00000 
-100.00000 -100.00000 
-100.00000  0.26300 
-0.39830 -100.00000 
-100.00000 -100.00000 
-100.00000 -100.00000 
-0.06777 -100.00000 
-100.00000 -100.00000 
-100.00000 -0.00092 
 0.34613 -0.42472 
-0.19698 -0.32633 
-0.22724 -0.36949 
-100.00000 -100.00000 
-100.00000 -100.00000 
-0.10424  0.14999 
-0.00018 -0.76824 
-100.00000  0.00072 
-100.00000 -100.00000 
 0.91835  0.26287 
-100.00000 -100.00000 
-0.56755  0.09042 
 0.37826 -0.34041 
 0.26312 -100.00000 
-100.00000 -0.00012 
-100.00000 -100.00000 
-100.00000 -100.00000 
-100.00000 -100.00000 
-100.00000 -100.00000 
-100.00000 -100.00000 
-100.00000 -100.00000 
-100.00000 -100.00000 
-100.00000 -100.00000 
-100.00000 -100.00000 
-0.43685 -100.00000 
-100.00000 -100.00000 
-100.00000 -100.00000 
-0.05272  0.11558 
-100.00000 -100.00000 
-100.00000 -100.00000 
-100.00000 -100.00000 
-100.00000 -100.00000 
-100.00000 -100.00000 
-0.24459  0.03822 
-100.00000 -100.00000 
-100.00000 -0.10106 
 0.00016 -0.26908 
-100.00000  0.11319 
 0.23037 -0.14380 
-100.00000 -100.00000 
-100.00000 -100.00000 
-100.00000 -100.00000 
-0.12427 -0.15090 
-100.00000 -100.00000 
-100.00000 -100.00000 
-100.00000 -100.00000 
-100.00000 -100.00000 
-100.00000 -100.00000 
-100.00000 -100.00000 
-0.67793 -100.00000 
-0.47109  0.03764 
 0.01333 -100.00000 
 0.13880  0.09086 
-100.00000 -100.00000 
 0.00000  0.00000 
-100.00000 -100.00000 
-100.00000 -100.00000 
-100.00000 -100.00000 
-100.00000 -100.00000 
-100.00000 -100.00000 
-100.00000 -100.00000 
 0.00000  0.00000 
-100.00000 -100.00000 
-100.00000 -100.00000 
 0.00000  0.00000 
-100.00000 -100.00000 
