-100.00000 -100.00000 
-0.03305 -0.42542 
-0.20719  0.13734 
 0.20362 -100.00000 
-0.12018 -0.65294 
-100.00000 -100.00000 
-100.00000 -100.00000 
-100.00000 -100.00000 
-100.00000 -0.00009 
 0.01954  0.29974 
 0.03363  1.34425 
-100.00000 -100.00000 
-100.00000 -100.00000 
-100.00000 -100.00000 
-100.00000 -100.00000 
-100.00000  0.01120 
-100.00000 -100.00000 
-100.00000 -0.28775 
 0.21138  0.06283 
-100.00000 -100.00000 
-100.00000 -100.00000 
-100.00000 -100.00000 
-100.00000 -100.00000 
-0.21512 -0.13416 
 0.00000  0.00000 
-100.00000 -100.00000 
 0.13753 -100.00000 
-100.00000 -100.00000 
-100.00000 -100.00000 
-100.00000 -100.00000 
-100.00000 -0.01689 
-100.00000  0.00003 
-100.00000 -100.00000 
-100.00000 -100.00000 
-100.00000 -100.00000 
-100.00000 -100.00000 
-0.10123 -0.03332 
-100.00000  0.00008 
-100.00000 -100.00000 
 0.13885  0.00007 
-100.00000 -100.00000 
-100.00000 -0.00012 
-100.00000 -100.00000 
-100.00000 -100.00000 
 0.00000  0.00000 
-100.00000 -100.00000 
-100.00000 -100.00000 
 0.13748 -0.01522 
-100.00000 -100.00000 
-100.00000  0.00002 
-100.00000 -100.00000 
 0.07885 -0.01182 
 0.14574  0.22600 
 0.00000  0.00000 
-100.00000 -0.13504 
-0.18815  0.26298 
-0.62457  0.22638 
-100.00000 -100.00000 
-100.00000 -100.00000 
 0.75492  0.17891 
-100.00000 -100.00000 
 0.36128  0.47634 
-100.00000 -100.00000 
-0.07832  0.26297 
-100.00000  0.33448 
-100.00000 -100.00000 
-100.00000 -100.00000 
-0.48517 -0.48575 
-100.00000 -100.00000 
 0.14017 -0.42036 
-0.26911 -100.00000 
-100.00000 -100.00000 
-100.00000 -100.00000 
-100.00000 -100.00000 
 0.04489  0.13732 
-100.00000 -100.00000 
-100.00000 -100.00000 
-100.00000 -100.00000 
-100.00000 -100.00000 
-100.00000 -100.00000 
 0.28838  0.04248 
-100.00000 -100.00000 
-100.00000 -100.00000 
-100.00000 -100.00000 
 0.01312 -100.00000 
-0.76222 -0.35793 
-100.00000  0.00004 
 0.01310 -0.01865 
 0.02691  0.19872 
 0.43308  0.26676 
-0.43971  0.64927 
-100.00000 -0.15581 
-100.00000 -100.00000 
-100.00000 -100.00000 
 0.18196 -0.15363 
-100.00000 -100.00000 
-100.00000 -100.00000 
-100.00000 -100.00000 
-100.00000 -0.40000 
-0.26612  0.25624 
-0.34250 -0.03812 
-100.00000 -100.00000 
-100.00000  0.26329 
 0.15344  0.45673 
-100.00000 -100.00000 
-100.00000 -100.00000 
-100.00000 -100.00000 
-0.38110  0.25051 
-100.00000 -100.00000 
-100.00000 -100.00000 
-100.00000  0.14906 
 0.31380  0.29664 
-0.07193 -0.07903 
-0.15507 -0.63384 
 0.23749  0.23084 
-100.00000  0.11185 
-100.00000 -100.00000 
-100.00000 -100.00000 
-100.00000  0.26844 
-100.00000 -100.00000 
 0.62838  0.01146 
-100.00000 -100.00000 
-100.00000  0.11127 
-100.00000 -100.00000 
-100.00000 -100.00000 
-100.00000 -100.00000 
-100.00000 -100.00000 
-100.00000 -100.00000 
-100.00000 -0.28779 
-100.00000 -100.00000 
-100.00000 -100.00000 
-100.00000 -100.00000 
-100.00000 -100.00000 
-100.00000 -100.00000 
-0.14003  0.47859 
 0.16545 -0.65328 
 0.23631 -0.01361 
 0.25492 -0.21689 
 0.14277  0.02344 
-100.00000 -100.00000 
 0.58317  0.24082 
-0.32343 -0.26314 
 0.00000  0.00000 
-100.00000 -100.00000 
-0.00025 -100.00000 
 0.14432  0.28900 
-100.00000 -100.00000 
-100.00000 -100.00000 
-100.00000 -100.00000 
-100.00000 -0.23140 
-100.00000 -100.00000 
-100.00000 -100.00000 
 0.44533  0.37911 
 0.00000  0.00000 
-100.00000 -100.00000 
-0.09122 -100.00000 
 0.13960  0.07494 
 0.26344  0.31326 
-100.00000 -0.14388 
-100.00000 -100.00000 
 0.81247  0.07505 
 0.58492  0.13779 
 0.29782  0.67815 
-100.00000 -100.00000 
 0.13751 -0.28849 
-100.00000 -100.00000 
-100.00000 -100.00000 
-100.00000 -100.00000 
-0.01404 -0.33830 
 1.25789  0.51109 
-0.39530 -0.57750 
 0.13747 -100.00000 
 0.08163 -0.60716 
 0.61978 -0.09247 
-0.16038 -0.23213 
-0.00367  0.60584 
-0.17939  0.00035 
-100.00000 -0.29001 
 0.13929  0.48537 
-100.00000 -0.14844 
 0.00009 -0.12326 
-0.60508 -0.08785 
-100.00000 -100.00000 
-0.06397  0.67819 
-100.00000  0.00018 
-100.00000  0.61456 
-100.00000 -100.00000 
-100.00000 -0.28794 
-100.00000 -100.00000 
 0.05083 -0.46987 
-100.00000 -100.00000 
-100.00000 -100.00000 
-100.00000 -100.00000 
-100.00000 -100.00000 
-100.00000 -100.00000 
 0.00000  0.00000 
 0.00000  0.00000 
-100.00000 -100.00000 
-100.00000 -100.00000 
-100.00000 -100.00000 
 0.01773 -0.35124 
-100.00000 -100.00000 
-100.00000 -100.00000 
-0.07380 -0.00353 
 0.06774 -0.21121 
-100.00000 -100.00000 
-0.00002  0.00011 
 0.57653  0.47598 
 0.15510 -0.45173 
 0.09608  0.13786 
-100.00000 -0.26483 
-0.30537  1.09634 
-100.00000  0.26319 
 0.27743 -0.00967 
-100.00000 -100.00000 
-100.00000 -0.17883 
-100.00000 -100.00000 
 0.06604  0.14818 
-100.00000 -0.00006 
-0.15399  0.17859 
 0.07804  0.14808 
 0.11328 -0.00483 
 0.17732  0.16528 
-0.10759 -0.00500 
-100.00000 -100.00000 
 0.16735 -100.00000 
-100.00000 -0.25187 
-100.00000 -100.00000 
-0.00941  0.25037 
-100.00000 -0.00044 
-0.09780 -0.00522 
-0.09669  0.02915 
-100.00000 -100.00000 
-0.63075 -0.06462 
-100.00000 -100.00000 
-0.22652 -0.25169 
 0.33167 -0.36557 
-100.00000 -0.13092 
 0.44969 -100.00000 
 0.00000  0.00000 
-100.00000 -100.00000 
-100.00000 -100.00000 
-100.00000 -100.00000 
-0.02556 -0.04443 
 0.09718  0.09231 
-0.04416  0.15740 
-100.00000 -100.00000 
-100.00000  0.21984 
-100.00000 -100.00000 
-100.00000 -100.00000 
-0.33596 -0.09691 
 0.09592  0.11476 
-100.00000 -100.00000 
 0.10557  0.24489 
-0.00003 -0.09509 
-100.00000 -100.00000 
-100.00000  0.00029 
-100.00000 -100.00000 
-0.14590 -100.00000 
-100.00000 -100.00000 
-100.00000 -100.00000 
-100.00000 -100.00000 
-0.12123 -100.00000 
-100.00000 -100.00000 
-100.00000 -100.00000 
-100.00000 -100.00000 
-100.00000 -100.00000 
-100.00000 -0.13803 
-0.00573 -0.10204 
-100.00000 -100.00000 
-0.18001 -0.00001 
-0.00002 -100.00000 
-100.00000 -100.00000 
-0.08814 -100.00000 
 0.37861  0.22058 
 0.08142 -0.19631 
-0.34593 -0.23751 
-0.77923  0.11586 
 0.14638  0.00006 
-100.00000 -100.00000 
-100.00000 -100.00000 
-100.00000 -100.00000 
-100.00000 -0.20986 
-100.00000 -100.00000 
-0.50874  0.50621 
-0.10981 -100.00000 
 0.04878 -0.87096 
 0.00009 -0.01960 
 0.00000  0.00000 
-100.00000 -100.00000 
-100.00000 -100.00000 
 0.43142  0.12874 
-100.00000 -100.00000 
-0.00196  0.10507 
-100.00000 -100.00000 
-0.07661  0.13201 
-100.00000 -100.00000 
-0.20197 -0.15674 
-0.13561  0.13009 
-100.00000 -100.00000 
-100.00000  0.00018 
-100.00000 -100.00000 
 0.36309 -0.46116 
 0.00003 -100.00000 
-0.04232 -100.00000 
-0.04414  0.24334 
-0.18725  0.70944 
-100.00000 -100.00000 
 0.07032  0.42080 
-100.00000 -100.00000 
-100.00000 -100.00000 
 0.00000  0.00000 
 0.13747  0.00003 
-0.00602 -0.68434 
 0.01529 -0.54616 
-100.00000 -100.00000 
-100.00000 -100.00000 
-0.16272 -0.03158 
-100.00000 -100.00000 
-100.00000 -100.00000 
 0.58481  0.10675 
 0.01898  0.66576 
-100.00000 -100.00000 
-0.07633 -0.37584 
-100.00000  0.00011 
-100.00000 -0.02257 
-100.00000 -100.00000 
-100.00000 -100.00000 
-100.00000 -100.00000 
-100.00000  0.00006 
-100.00000 -100.00000 
-100.00000 -100.00000 
-100.00000 -100.00000 
-100.00000 -100.00000 
-100.00000 -0.14980 
-100.00000 -100.00000 
-100.00000  0.05058 
-0.14028 -100.00000 
-100.00000 -100.00000 
-100.00000 -100.00000 
-0.22048 -0.25335 
-0.36835 -0.11510 
-100.00000 -100.00000 
-100.00000 -100.00000 
-100.00000 -100.00000 
-100.00000 -100.00000 
-100.00000  0.00005 
-100.00000 -100.00000 
-100.00000 -100.00000 
-100.00000 -100.00000 
-100.00000 -100.00000 
-100.00000 -100.00000 
-100.00000 -100.00000 
-100.00000 -100.00000 
-100.00000 -100.00000 
-100.00000 -100.00000 
-100.00000 -100.00000 
-0.32902 -0.43837 
-100.00000 -100.00000 
-100.00000 -100.00000 
-100.00000 -100.00000 
-100.00000 -100.00000 
-100.00000 -100.00000 
-100.00000 -100.00000 
-0.05264 -0.18884 
-100.00000 -100.00000 
-0.00969 -0.53497 
 0.00000  0.00000 
 0.00000  0.00000 
 0.44194  0.25939 
 0.01518  0.13752 
-100.00000 -100.00000 
-0.27224  0.23852 
-100.00000 -100.00000 
 0.24098 -0.73457 
-100.00000 -100.00000 
-0.06236 -0.37602 
-100.00000 -100.00000 
-100.00000 -100.00000 
-100.00000 -100.00000 
 0.21873  0.00543 
-100.00000  0.26300 
-100.00000 -100.00000 
-100.00000 -0.00001 
 0.02237  0.12587 
-100.00000 -0.32243 
-100.00000 -100.00000 
-100.00000 -100.00000 
-0.31957 -0.11466 
 0.66598 -0.81932 
-100.00000 -100.00000 
-0.58326  0.34817 
 0.40392 -0.64701 
-100.00000 -100.00000 
-100.00000 -100.00000 
-100.00000 -0.26317 
 0.05751 -100.00000 
-100.00000 -100.00000 
-100.00000 -100.00000 
-0.18321  0.00034 
-100.00000 -100.00000 
-100.00000 -100.00000 
-100.00000 -0.24079 
 0.05790  0.20712 
-0.06338 -0.07274 
-100.00000 -100.00000 
-100.00000 -0.16953 
-100.00000 -100.00000 
-100.00000 -100.00000 
-0.31957 -100.00000 
-100.00000  0.00040 
-100.00000 -0.54512 
-100.00000 -100.00000 
-0.18330 -0.00019 
 0.65676 -0.32049 
-100.00000 -100.00000 
-100.00000 -100.00000 
-100.00000 -100.00000 
-100.00000 -100.00000 
-100.00000 -100.00000 
-100.00000 -100.00000 
-0.11493  0.26302 
-100.00000 -100.00000 
-0.22044  0.93366 
-100.00000 -100.00000 
-100.00000 -100.00000 
-100.00000 -100.00000 
-100.00000 -100.00000 
-100.00000 -100.00000 
-100.00000 -100.00000 
-100.00000 -100.00000 
-100.00000 -100.00000 
-100.00000 -100.00000 
-100.00000 -100.00000 
-0.00005 -100.00000 
-100.00000 -100.00000 
 0.02803  0.14042 
-0.22017  0.40276 
-100.00000 -100.00000 
-100.00000 -100.00000 
-100.00000 -100.00000 
-100.00000 -100.00000 
-100.00000 -100.00000 
-100.00000 -100.00000 
-100.00000 -100.00000 
-100.00000 -100.00000 
 0.02235 -100.00000 
-100.00000 -100.00000 
-100.00000 -100.00000 
-100.00000 -100.00000 
-100.00000 -100.00000 
-100.00000 -100.00000 
-100.00000 -100.00000 
 0.00000  0.00000 
-100.00000 -100.00000 
 0.04175 -0.13682 
-0.11500 -100.00000 
-100.00000 -100.00000 
-100.00000  0.12592 
-0.01521  0.00065 
-100.00000 -100.00000 
 0.19470  0.14548 
-100.00000 -100.00000 
-100.00000 -100.00000 
-100.00000 -100.00000 
-100.00000 -0.00001 
-100.00000 -100.00000 
-0.09810 -0.34798 
-100.00000 -0.28828 
-0.18325 -100.00000 
-100.00000 -100.00000 
 0.37854  0.78892 
-100.00000 -100.00000 
-100.00000 -100.00000 
-100.00000 -100.00000 
-100.00000 -100.00000 
 0.00031  0.00012 
 0.14047 -0.01130 
-100.00000 -100.00000 
-100.00000 -100.00000 
-100.00000 -100.00000 
-100.00000 -0.00011 
-100.00000 -100.00000 
-0.28328 -0.42295 
 0.00000  0.00000 
-100.00000 -100.00000 
-100.00000 -100.00000 
-100.00000  0.13723 
 0.13749  0.17035 
-100.00000 -0.17392 
-100.00000 -100.00000 
-100.00000 -100.00000 
 0.02430 -100.00000 
-100.00000 -0.27615 
-100.00000 -100.00000 
-100.00000 -100.00000 
-0.24894 -0.45828 
-100.00000 -100.00000 
-0.15770 -0.47156 
-0.20098  0.41667 
-100.00000 -100.00000 
-0.14233  0.20099 
-100.00000 -100.00000 
-0.17293 -100.00000 
-0.56268  0.62842 
-100.00000  0.13763 
-100.00000  0.37923 
-100.00000 -100.00000 
-100.00000 -100.00000 
-0.03752  0.12618 
-100.00000 -0.28809 
 0.65080 -0.00238 
-100.00000  0.49254 
-100.00000 -100.00000 
 0.25435 -100.00000 
-100.00000 -100.00000 
 0.25422 -0.66134 
-0.59286 -0.73138 
-100.00000 -100.00000 
 0.26604 -0.14869 
-100.00000 -100.00000 
-100.00000 -100.00000 
-0.12404  0.37893 
-100.00000 -100.00000 
 0.13749 -100.00000 
-100.00000 -100.00000 
 0.00476  0.14552 
-0.41611  0.09946 
-100.00000 -100.00000 
-100.00000 -100.00000 
-100.00000 -100.00000 
-100.00000 -100.00000 
-0.40656 -0.19904 
-100.00000 -100.00000 
-100.00000 -100.00000 
-100.00000 -100.00000 
-100.00000 -100.00000 
-100.00000 -100.00000 
-100.00000 -100.00000 
-100.00000 -100.00000 
-100.00000 -100.00000 
 0.24679 -0.01340 
-100.00000 -100.00000 
-100.00000 -100.00000 
-100.00000 -100.00000 
-100.00000 -100.00000 
-100.00000 -100.00000 
-100.00000 -100.00000 
-100.00000 -100.00000 
-100.00000 -100.00000 
-100.00000 -100.00000 
-100.00000 -100.00000 
-100.00000 -100.00000 
-100.00000 -100.00000 
-100.00000 -100.00000 
 0.13741 -0.15033 
-100.00000 -100.00000 
-100.00000 -100.00000 
-100.00000 -100.00000 
-100.00000  0.37840 
-100.00000 -100.00000 
-100.00000  0.72457 
-100.00000 -100.00000 
-100.00000 -100.00000 
-100.00000 -100.00000 
