 0.00000  0.00000 
 0.49647  0.14951 
-100.00000 -100.00000 
 0.29043 -100.00000 
-100.00000 -100.00000 
 0.07810 -0.31545 
-100.00000  0.50426 
 0.22106  0.71978 
 0.22941 -100.00000 
-100.00000 -0.27216 
-0.51947  0.05999 
-100.00000  0.48570 
-100.00000 -100.00000 
-100.00000 -100.00000 
-100.00000 -100.00000 
-100.00000 -100.00000 
-100.00000 -100.00000 
-100.00000 -100.00000 
-100.00000 -100.00000 
 0.11299 -0.32992 
-100.00000 -100.00000 
 0.54676  0.06152 
-100.00000 -100.00000 
-100.00000 -100.00000 
-100.00000 -100.00000 
-100.00000 -100.00000 
-100.00000 -100.00000 
-100.00000 -100.00000 
-100.00000 -100.00000 
-100.00000 -100.00000 
-100.00000 -100.00000 
 0.02474 -100.00000 
-100.00000 -100.00000 
-100.00000 -100.00000 
-100.00000 -100.00000 
 0.20295  0.22346 
-100.00000  0.00013 
-100.00000 -100.00000 
 0.41118 -0.28364 
-100.00000 -100.00000 
 0.40748  0.22358 
-100.00000 -100.00000 
 0.00275  0.05718 
-100.00000 -100.00000 
-100.00000 -100.00000 
 0.00008 -100.00000 
-100.00000  0.17165 
-100.00000 -100.00000 
-0.36366 -0.24490 
-100.00000 -100.00000 
-100.00000 -0.00029 
 0.00004 -100.00000 
-100.00000  0.84793 
-100.00000 -100.00000 
-100.00000 -100.00000 
-100.00000 -100.00000 
-100.00000  0.22638 
-100.00000 -100.00000 
-0.36752  0.25442 
-0.00001 -0.15839 
-100.00000 -100.00000 
-0.12414 -100.00000 
-100.00000 -100.00000 
-0.05308 -0.71746 
-0.00037 -0.06047 
-100.00000 -100.00000 
-100.00000 -100.00000 
-100.00000 -0.28774 
-100.00000 -0.01731 
 0.01351 -0.00005 
-100.00000 -100.00000 
-100.00000 -100.00000 
-100.00000 -100.00000 
 0.00022  0.07634 
-100.00000 -100.00000 
-100.00000 -100.00000 
-100.00000 -100.00000 
-100.00000 -100.00000 
 0.13970 -100.00000 
-100.00000 -100.00000 
-100.00000 -100.00000 
-100.00000 -100.00000 
-100.00000  0.13730 
-100.00000 -100.00000 
-100.00000 -100.00000 
-0.08181 -100.00000 
-0.15762  0.33995 
-0.00007 -0.15615 
-0.28956 -0.47539 
-100.00000  0.38755 
-100.00000  0.71743 
-100.00000  0.67829 
-100.00000 -100.00000 
-100.00000 -100.00000 
-100.00000 -100.00000 
 0.01368  0.11165 
-100.00000 -100.00000 
-100.00000 -100.00000 
-100.00000 -100.00000 
-0.29418  0.26317 
-100.00000 -100.00000 
-100.00000 -100.00000 
-100.00000 -100.00000 
-100.00000 -100.00000 
-100.00000 -100.00000 
 0.00027 -100.00000 
-100.00000 -100.00000 
-100.00000 -100.00000 
-100.00000 -100.00000 
-100.00000 -100.00000 
-100.00000 -100.00000 
-100.00000 -100.00000 
-0.09976 -0.15090 
-100.00000 -0.01351 
-0.43513 -100.00000 
-100.00000 -100.00000 
-100.00000 -100.00000 
 0.72699  0.18907 
 0.26025 -0.14735 
-100.00000 -100.00000 
-100.00000 -100.00000 
-0.32373  0.13741 
-100.00000 -100.00000 
-100.00000 -0.14682 
-100.00000 -100.00000 
-0.30281 -100.00000 
-100.00000 -100.00000 
-0.31697 -100.00000 
-100.00000 -100.00000 
-100.00000 -100.00000 
-100.00000 -100.00000 
-100.00000 -100.00000 
 0.25007  0.18652 
-100.00000 -100.00000 
-100.00000 -100.00000 
-0.33378 -0.14273 
-100.00000 -100.00000 
-0.40426 -100.00000 
-100.00000 -0.02423 
-100.00000 -100.00000 
-100.00000 -100.00000 
-100.00000 -100.00000 
-0.50197 -100.00000 
-100.00000 -100.00000 
 0.03982  0.01545 
 0.64421 -100.00000 
-100.00000 -100.00000 
-0.18781 -100.00000 
-100.00000 -100.00000 
-0.22644 -100.00000 
-100.00000 -100.00000 
-100.00000 -100.00000 
-0.39383  0.20444 
-0.46839  0.26628 
-0.14857 -0.79071 
-100.00000 -100.00000 
-0.34291 -0.14721 
 0.14549 -0.01286 
-100.00000  0.22970 
-100.00000  0.13754 
-100.00000 -100.00000 
-100.00000 -100.00000 
-100.00000 -100.00000 
 0.25493  0.17241 
-100.00000 -100.00000 
-100.00000 -100.00000 
 0.35941 -0.14259 
-0.60304  0.55201 
-0.40106  0.09552 
-0.50416  0.00962 
-100.00000 -100.00000 
-100.00000  0.00015 
-100.00000  0.26314 
-100.00000 -100.00000 
-0.12231 -100.00000 
-0.15774  0.66444 
 0.07635  0.63804 
-100.00000 -100.00000 
-100.00000 -100.00000 
-100.00000 -0.38231 
-100.00000 -100.00000 
-0.23543 -0.35130 
-100.00000 -100.00000 
-0.44210 -100.00000 
 0.08098  0.73545 
-100.00000 -100.00000 
-100.00000  0.26315 
-100.00000 -100.00000 
-100.00000 -100.00000 
-100.00000  0.02113 
-100.00000 -100.00000 
-100.00000 -0.00115 
-100.00000 -100.00000 
-100.00000 -100.00000 
-100.00000 -100.00000 
-100.00000 -100.00000 
-0.23309 -0.13856 
-100.00000 -100.00000 
-100.00000 -100.00000 
-100.00000 -100.00000 
-100.00000 -0.21027 
-100.00000 -100.00000 
-100.00000 -100.00000 
-100.00000 -100.00000 
 0.24389 -0.00045 
-100.00000 -100.00000 
-0.14576  0.41298 
-100.00000 -100.00000 
-100.00000 -0.80092 
-100.00000 -100.00000 
 0.34098 -100.00000 
-100.00000  0.51194 
-100.00000 -100.00000 
-100.00000 -100.00000 
-100.00000 -100.00000 
-0.61459 -100.00000 
-100.00000 -100.00000 
-100.00000  0.08034 
-100.00000 -100.00000 
-0.49801 -0.00672 
 0.73890 -0.71441 
-100.00000  0.50796 
-100.00000 -100.00000 
 0.16481  0.23118 
-100.00000  0.09635 
-100.00000 -0.22407 
-100.00000  0.70593 
-100.00000 -100.00000 
-100.00000 -100.00000 
 0.57646 -0.17431 
-0.12163  0.38442 
-0.38892 -0.69841 
-0.34293 -0.07415 
-0.08656  0.26464 
-100.00000  0.14048 
 0.24644 -0.42751 
-0.07009  0.23105 
-100.00000 -100.00000 
-100.00000  0.66925 
-0.22285 -0.04164 
-100.00000 -100.00000 
-0.17728  0.37856 
 0.00000  0.00000 
-100.00000  0.05044 
-100.00000 -100.00000 
-100.00000 -100.00000 
-100.00000 -100.00000 
 0.05632  0.01208 
 0.29098  0.45030 
-100.00000 -100.00000 
-100.00000  0.15774 
-100.00000 -100.00000 
 0.00020  0.37863 
-100.00000 -100.00000 
-0.09484  0.00044 
 0.22426  0.24984 
-0.16255  0.08566 
-100.00000 -100.00000 
-100.00000 -100.00000 
-100.00000 -100.00000 
-100.00000 -100.00000 
-100.00000 -100.00000 
-100.00000 -100.00000 
-100.00000 -100.00000 
 0.00896  0.02172 
-100.00000 -100.00000 
-100.00000 -100.00000 
-100.00000 -100.00000 
-100.00000 -0.11805 
-100.00000 -100.00000 
-100.00000 -100.00000 
-100.00000 -100.00000 
-0.49912  0.64920 
 0.76057  0.17632 
-100.00000 -100.00000 
-100.00000 -0.10276 
-0.35332  0.63998 
-100.00000 -100.00000 
-100.00000 -100.00000 
-100.00000 -100.00000 
 0.13742 -0.00320 
-100.00000 -100.00000 
 0.22633 -0.55810 
-100.00000 -100.00000 
 0.01665 -0.37345 
-100.00000 -0.61495 
-100.00000 -100.00000 
 0.00000  0.00000 
-100.00000 -100.00000 
-100.00000 -100.00000 
-100.00000 -100.00000 
-100.00000 -100.00000 
-0.10409  0.43821 
-0.39093  0.19501 
-100.00000 -100.00000 
-100.00000 -100.00000 
-100.00000 -100.00000 
-100.00000 -100.00000 
-0.12256 -0.00612 
-100.00000 -100.00000 
-100.00000 -100.00000 
-0.00964  0.60620 
 0.20387 -100.00000 
-100.00000 -100.00000 
 0.44341 -100.00000 
-100.00000  0.37823 
-100.00000 -100.00000 
-100.00000 -100.00000 
-100.00000 -100.00000 
-100.00000 -100.00000 
-0.35637 -0.19011 
-100.00000 -100.00000 
-100.00000 -100.00000 
 0.50862 -100.00000 
-100.00000 -100.00000 
 0.23467  0.20764 
-100.00000 -100.00000 
 0.21432 -100.00000 
-100.00000 -100.00000 
-100.00000 -100.00000 
-0.23503 -100.00000 
-100.00000 -100.00000 
-0.00001 -100.00000 
 0.15163 -0.63706 
-100.00000 -100.00000 
 0.26336 -100.00000 
-100.00000 -100.00000 
 0.25099  0.42984 
-0.05655  0.24338 
 0.00000  0.00000 
-100.00000 -100.00000 
-100.00000 -100.00000 
-100.00000 -100.00000 
-100.00000  0.26305 
-100.00000 -100.00000 
-100.00000 -100.00000 
-100.00000 -0.33680 
-100.00000 -100.00000 
-100.00000 -100.00000 
-100.00000 -0.13981 
-100.00000 -100.00000 
-100.00000 -100.00000 
-100.00000 -100.00000 
-100.00000 -100.00000 
-100.00000 -100.00000 
-100.00000 -100.00000 
 0.02887 -100.00000 
-100.00000 -100.00000 
-100.00000 -0.29654 
-100.00000 -100.00000 
-100.00000 -100.00000 
-100.00000 -0.00002 
-100.00000 -100.00000 
-100.00000 -100.00000 
-100.00000 -100.00000 
-100.00000 -100.00000 
-100.00000 -100.00000 
-100.00000 -100.00000 
-100.00000 -100.00000 
 0.00000  0.00000 
-0.23879  0.00149 
-100.00000 -100.00000 
-100.00000 -100.00000 
 0.00004 -100.00000 
-100.00000 -100.00000 
-100.00000 -100.00000 
-100.00000 -100.00000 
-0.29967 -100.00000 
 1.09331  0.16876 
-100.00000  0.26272 
-100.00000 -100.00000 
-100.00000 -100.00000 
-0.12226 -100.00000 
-100.00000 -100.00000 
 0.03892  0.28605 
-100.00000 -100.00000 
-100.00000 -100.00000 
-100.00000 -100.00000 
-100.00000 -100.00000 
-100.00000 -100.00000 
-0.32044  0.37472 
 0.26352  0.67803 
-100.00000 -100.00000 
-100.00000 -100.00000 
-100.00000 -100.00000 
-0.00025 -0.14196 
-100.00000 -100.00000 
-0.85013 -0.44820 
-100.00000 -100.00000 
-100.00000  0.27737 
-100.00000 -0.24026 
-100.00000 -100.00000 
-100.00000  0.00006 
-0.22154  0.13764 
 0.20710  0.29118 
-100.00000 -100.00000 
-100.00000 -100.00000 
-100.00000 -100.00000 
-100.00000  0.26299 
-100.00000 -100.00000 
-0.08339  0.00004 
 0.00000  0.00000 
-100.00000 -100.00000 
-100.00000 -100.00000 
-100.00000 -100.00000 
 0.48580  0.50302 
-100.00000 -100.00000 
-100.00000 -0.19132 
 0.31113  0.46718 
-100.00000 -100.00000 
-100.00000 -100.00000 
-100.00000 -100.00000 
-100.00000 -100.00000 
-100.00000 -100.00000 
-0.08402 -0.53948 
-100.00000 -100.00000 
-100.00000 -100.00000 
-100.00000 -100.00000 
-0.64761 -0.04297 
 0.00000  0.00000 
-100.00000 -100.00000 
-100.00000 -100.00000 
-100.00000 -100.00000 
-100.00000 -100.00000 
-100.00000 -100.00000 
-100.00000 -100.00000 
-100.00000 -100.00000 
 0.07010  0.34518 
 0.00226  0.30153 
-100.00000 -100.00000 
-100.00000 -100.00000 
-100.00000  0.05395 
-100.00000 -100.00000 
-100.00000  0.35883 
-100.00000 -100.00000 
-100.00000 -100.00000 
-100.00000 -100.00000 
-100.00000 -100.00000 
-100.00000 -0.00008 
-100.00000 -100.00000 
 0.05803  0.12616 
-0.08361 -0.00002 
-100.00000 -100.00000 
-100.00000 -100.00000 
-0.19584  0.00802 
-100.00000 -100.00000 
-100.00000 -100.00000 
-100.00000 -100.00000 
-0.14901 -0.08472 
-100.00000 -100.00000 
 0.04134 -100.00000 
-100.00000 -100.00000 
-100.00000 -100.00000 
-100.00000 -100.00000 
-100.00000 -100.00000 
-100.00000 -100.00000 
-100.00000 -100.00000 
 0.01322 -0.55989 
-100.00000 -100.00000 
-100.00000 -100.00000 
 0.00197  0.00067 
-100.00000 -100.00000 
-0.00004 -100.00000 
-100.00000 -100.00000 
-100.00000 -100.00000 
-100.00000 -100.00000 
-100.00000 -100.00000 
-0.02322 -0.49102 
-100.00000 -100.00000 
 0.44479 -100.00000 
-100.00000 -100.00000 
-100.00000 -100.00000 
-100.00000 -100.00000 
-0.53929  0.78910 
-100.00000 -100.00000 
 0.06967 -0.57311 
-100.00000 -100.00000 
-100.00000 -100.00000 
-100.00000 -100.00000 
-100.00000 -100.00000 
-0.10083 -100.00000 
-100.00000 -100.00000 
-100.00000 -100.00000 
-0.00031 -100.00000 
-100.00000 -100.00000 
 0.25411 -0.53452 
-100.00000  0.00001 
-100.00000 -100.00000 
-100.00000 -100.00000 
 0.67453 -0.28739 
-100.00000 -100.00000 
 0.00000  0.00000 
-0.00017  0.46588 
-100.00000  0.02041 
-100.00000 -100.00000 
-100.00000 -100.00000 
-0.15861 -0.43124 
-100.00000 -100.00000 
-0.65870 -0.08733 
-100.00000 -100.00000 
-100.00000  0.09152 
-100.00000 -100.00000 
-100.00000  0.00009 
-100.00000 -0.52835 
-100.00000 -100.00000 
-100.00000 -0.15019 
-100.00000 -100.00000 
-100.00000 -100.00000 
 0.02436 -100.00000 
 0.31235 -0.48280 
-0.20745  0.11591 
-100.00000 -100.00000 
 0.06351 -0.33627 
-100.00000  0.13738 
 0.64137 -0.14923 
 0.18014 -0.02039 
-100.00000 -100.00000 
-0.37548 -100.00000 
-0.15208  0.12975 
-100.00000 -100.00000 
 0.43251  0.33516 
-100.00000 -100.00000 
-100.00000 -100.00000 
 0.00000  0.00000 
-100.00000 -100.00000 
 0.15728 -0.48186 
-100.00000  0.31519 
-100.00000  0.58524 
-0.43381 -0.36025 
 0.01988  0.28714 
-100.00000 -100.00000 
-100.00000  0.00010 
-100.00000 -100.00000 
-100.00000 -100.00000 
-100.00000 -100.00000 
-100.00000 -100.00000 
-100.00000 -100.00000 
-100.00000 -100.00000 
-100.00000 -100.00000 
 0.29588 -100.00000 
-0.32757  0.06164 
 0.14082 -0.24080 
-0.12433 -0.27485 
-100.00000 -100.00000 
-100.00000 -100.00000 
 0.33406  0.32784 
-100.00000 -100.00000 
-100.00000 -100.00000 
-100.00000 -100.00000 
-100.00000 -0.00018 
-100.00000 -100.00000 
-100.00000 -100.00000 
 0.00000  0.00000 
 0.13881 -100.00000 
 0.14275 -100.00000 
-100.00000  0.00016 
-100.00000 -100.00000 
 0.13743 -100.00000 
 0.01325 -0.01373 
-100.00000 -100.00000 
-100.00000 -100.00000 
-100.00000 -100.00000 
 0.00988 -0.03292 
-100.00000 -100.00000 
 0.13755  0.11194 
