-100.00000 -100.00000 
 0.41805 -0.63529 
 0.00000  0.00000 
 0.31845 -0.24672 
 0.36292  0.26520 
-0.00003 -100.00000 
-0.56088  0.25489 
-100.00000 -100.00000 
-0.00009 -100.00000 
-0.01815  0.00010 
 0.00000  0.00000 
 0.49466 -0.15090 
 0.19383 -0.14583 
 0.00000  0.00000 
 0.53154 -0.47833 
-0.24244 -0.03445 
 0.00000  0.00000 
-100.00000  0.26306 
 0.08351 -0.03890 
-100.00000 -100.00000 
-100.00000 -100.00000 
-100.00000 -100.00000 
-100.00000 -100.00000 
-100.00000 -100.00000 
 0.44768 -100.00000 
 0.00000  0.00000 
-100.00000 -100.00000 
-100.00000 -100.00000 
-0.04663 -0.15023 
-0.47446 -0.22376 
-100.00000  0.00005 
 0.25064  0.34749 
 0.17336  0.26341 
-100.00000  0.13756 
-0.26356 -0.15017 
-100.00000 -100.00000 
-100.00000 -100.00000 
 0.10699 -100.00000 
-100.00000 -100.00000 
-100.00000 -0.00002 
 0.18894  0.07063 
 0.00000  0.00000 
 0.03010 -0.39750 
 0.25714  0.18048 
-100.00000 -100.00000 
-100.00000 -100.00000 
 0.46413 -0.26811 
-100.00000 -100.00000 
-0.00003 -100.00000 
 0.00002  0.00014 
-0.63563 -0.04877 
-0.22729 -0.50987 
-0.68691  0.21917 
-100.00000 -100.00000 
-100.00000 -100.00000 
-100.00000 -0.13115 
 0.18476  0.26306 
-100.00000 -100.00000 
-100.00000 -100.00000 
-0.06434  0.13047 
-100.00000 -100.00000 
 0.10780  0.11024 
-100.00000 -100.00000 
-0.01445  0.00020 
 0.00000  0.00000 
-100.00000 -100.00000 
-100.00000 -100.00000 
-0.35609  0.35877 
-100.00000 -100.00000 
-0.01942 -0.03102 
 0.40964 -100.00000 
-100.00000 -100.00000 
 0.13756  0.01939 
-100.00000 -100.00000 
 0.01267  0.35392 
-0.16594 -0.15155 
-100.00000 -100.00000 
-100.00000 -100.00000 
-100.00000 -100.00000 
 0.00008 -100.00000 
-100.00000 -100.00000 
-100.00000 -100.00000 
-0.23532  0.17119 
-100.00000 -100.00000 
-0.15616 -100.00000 
 0.41176  0.10032 
-100.00000 -100.00000 
-0.01865 -0.28860 
 0.31556  0.62165 
 0.00000  0.00000 
 0.10712 -0.06611 
-0.64128  0.12938 
-100.00000 -100.00000 
 0.00548  0.26401 
-100.00000 -100.00000 
-100.00000 -100.00000 
-0.07907  0.36026 
-100.00000  0.26304 
 0.18579 -0.00971 
 0.01175  0.39615 
 0.01131  0.80860 
-0.48994  0.08398 
 0.07266 -0.18056 
-0.97162 -0.00013 
-100.00000 -0.05128 
 0.00000  0.00000 
-100.00000 -100.00000 
-100.00000 -100.00000 
-100.00000 -100.00000 
 0.26306 -100.00000 
-0.01406 -0.35531 
-100.00000 -100.00000 
-0.62223 -0.62739 
-0.58728  0.48551 
 0.56230  0.11703 
 0.95058  0.49172 
-100.00000 -100.00000 
-100.00000 -100.00000 
-100.00000 -100.00000 
 0.00001 -0.00001 
-100.00000 -100.00000 
-100.00000 -100.00000 
-0.61970 -100.00000 
 0.60920 -100.00000 
 0.13173 -0.18058 
 0.26330 -0.65538 
 0.43571  0.26326 
 0.46535 -100.00000 
-100.00000 -100.00000 
-100.00000 -100.00000 
-100.00000 -100.00000 
-0.15160 -0.50401 
-0.38979 -100.00000 
-100.00000 -100.00000 
 0.21843 -0.35775 
 0.19660 -0.25558 
 0.21358 -0.03919 
 0.50360 -0.30701 
 0.05864 -0.25459 
-100.00000 -100.00000 
 0.26773 -0.05254 
-100.00000 -100.00000 
-100.00000 -100.00000 
-0.41875 -0.38893 
 0.07893 -100.00000 
-0.26154  0.70499 
 0.00013 -100.00000 
-0.38545 -0.11802 
 0.09455 -0.07202 
-0.18450  0.57134 
-0.51269 -100.00000 
-100.00000 -100.00000 
 0.12387  0.39920 
 0.36751  0.00088 
-0.65276 -0.50511 
-0.05116  0.12776 
-100.00000 -100.00000 
-0.05435 -0.29999 
-0.66104  0.09309 
-100.00000 -100.00000 
-100.00000 -100.00000 
-100.00000 -100.00000 
-100.00000 -100.00000 
-100.00000 -100.00000 
-100.00000 -100.00000 
-100.00000 -100.00000 
-100.00000 -100.00000 
 0.07173 -0.39908 
 0.25224 -0.05222 
-0.21336 -0.00434 
-0.19912 -0.51011 
 0.08631  0.08348 
 0.23974 -0.03011 
-100.00000 -100.00000 
 0.53651  0.28822 
 0.14710  0.33830 
 0.23900  0.44737 
 0.35682  0.31346 
-0.52902 -0.99044 
 0.00504 -0.39377 
-100.00000 -100.00000 
 0.15123 -0.15954 
-100.00000 -100.00000 
 0.84811  0.13768 
 0.00018  0.13732 
 0.09921  0.00019 
 0.13134 -100.00000 
-0.56351 -100.00000 
 0.66008  0.55511 
-100.00000 -100.00000 
-0.25408  0.04838 
-100.00000 -100.00000 
-100.00000 -100.00000 
 1.04796  0.32671 
 0.13283 -0.31548 
-100.00000 -100.00000 
-100.00000 -100.00000 
 0.44677 -100.00000 
-0.45111 -100.00000 
-100.00000 -100.00000 
-0.13878  0.30166 
-0.76978  0.03741 
-0.48934 -100.00000 
-0.38137 -0.11270 
 0.09852 -0.27074 
 0.62707 -0.19685 
-100.00000 -100.00000 
-100.00000 -100.00000 
-0.49179 -0.13061 
-0.18261  0.02778 
-100.00000  0.31618 
 0.15835  0.73802 
 0.00000  0.00000 
-100.00000 -100.00000 
 0.95438 -0.14837 
 0.07257  0.42197 
-0.32458  0.53374 
 0.00000  0.00000 
 0.07855  0.14267 
-0.45583  0.33422 
-0.28373 -100.00000 
-100.00000 -100.00000 
-0.29186  0.52388 
 0.22683 -100.00000 
-100.00000 -100.00000 
-100.00000 -100.00000 
-0.08640  0.25750 
 0.39600  1.34182 
 0.04228  0.48550 
-0.00020 -0.65419 
 0.00000  0.00000 
 0.00000  0.00000 
-100.00000 -100.00000 
-0.27804  0.14916 
-0.02903 -0.14757 
 0.83097  0.04599 
 0.29892 -0.76589 
-100.00000 -100.00000 
-100.00000 -100.00000 
 0.14375  0.13976 
-100.00000 -100.00000 
-100.00000 -100.00000 
-100.00000 -100.00000 
-0.16464 -100.00000 
-100.00000 -100.00000 
-100.00000 -100.00000 
-100.00000 -100.00000 
 0.16845  0.03571 
-100.00000 -100.00000 
-100.00000  0.00004 
 0.10109 -0.86585 
-0.15859 -0.00460 
 0.25598  0.00011 
 0.34799  0.08933 
 0.10772  0.09074 
-0.24287 -100.00000 
 0.26112 -0.61040 
-100.00000 -100.00000 
-0.20911  0.23446 
 0.00000  0.00000 
 0.48148  0.16723 
-100.00000 -100.00000 
-100.00000 -100.00000 
-100.00000 -100.00000 
 0.19563  0.10380 
 0.00000  0.00000 
-100.00000 -100.00000 
-0.00053  0.12733 
-100.00000 -100.00000 
 0.00000  0.00000 
-100.00000 -100.00000 
 0.00000  0.00000 
 0.00021  0.38387 
 0.86136 -0.25005 
-100.00000 -100.00000 
 0.57907  0.11163 
-0.05467 -0.11559 
 0.62232  0.15848 
 0.20858  0.12350 
 0.32082  0.00021 
-100.00000 -100.00000 
-100.00000 -100.00000 
-0.09074  0.38381 
 0.34214 -0.48732 
-0.30342  0.09022 
 0.00000  0.00000 
 0.13741 -100.00000 
-0.94059 -0.00005 
-0.12703  0.18269 
-0.27163 -0.11021 
-100.00000 -100.00000 
-100.00000 -100.00000 
 0.24363  0.57979 
-0.25274  0.25945 
-100.00000 -0.00006 
-100.00000 -100.00000 
-0.35135 -0.44185 
 0.28679 -100.00000 
 0.77812 -0.25710 
-100.00000  0.00007 
 0.00000  0.00000 
-100.00000 -100.00000 
 0.42736  0.41969 
-100.00000 -100.00000 
-0.04712 -100.00000 
-0.10852  0.58288 
-100.00000 -100.00000 
-100.00000 -100.00000 
-100.00000 -100.00000 
-100.00000 -100.00000 
-100.00000 -100.00000 
-0.50135  0.33729 
 0.34945 -0.39156 
-0.28235 -0.46369 
-0.38843 -0.08087 
-100.00000 -100.00000 
-100.00000 -100.00000 
-0.38248 -0.32723 
-100.00000 -100.00000 
-100.00000 -100.00000 
-100.00000 -0.00165 
-100.00000 -100.00000 
 1.00771 -0.21391 
-0.04741 -100.00000 
-0.01203 -100.00000 
 0.46006 -0.38869 
-100.00000 -100.00000 
-100.00000 -100.00000 
 0.13751 -100.00000 
-100.00000 -100.00000 
 0.00598  0.35832 
 0.40649 -0.12292 
-100.00000 -100.00000 
-100.00000 -100.00000 
-100.00000 -100.00000 
-100.00000 -100.00000 
 0.25984 -100.00000 
-0.79202 -100.00000 
-0.00409 -0.67701 
-100.00000 -100.00000 
-100.00000 -100.00000 
-100.00000 -100.00000 
-100.00000 -100.00000 
 0.00002  0.26698 
-100.00000 -100.00000 
-100.00000 -100.00000 
 0.24698  0.44343 
 0.00000  0.00000 
-100.00000 -100.00000 
 0.00000  0.00000 
-100.00000 -100.00000 
-100.00000 -100.00000 
-100.00000 -100.00000 
-0.01684 -100.00000 
 0.00005 -100.00000 
-100.00000 -100.00000 
-100.00000 -100.00000 
 0.60181  0.48554 
 0.13756 -0.12836 
-100.00000 -100.00000 
-100.00000 -100.00000 
 0.13757 -0.48967 
-0.15668 -100.00000 
-100.00000 -100.00000 
-0.07049 -100.00000 
-100.00000 -100.00000 
-100.00000 -100.00000 
-0.49411 -100.00000 
-100.00000 -100.00000 
-0.06350 -0.00050 
-100.00000 -100.00000 
 0.24263  0.39324 
 0.49233 -100.00000 
-100.00000 -100.00000 
-0.79959  0.16607 
 0.95106  0.41039 
-100.00000 -100.00000 
 0.00000  0.00000 
 0.00000  0.00000 
-0.15707 -100.00000 
 0.09530 -0.03178 
-0.26200  0.66743 
-0.43873  0.58478 
 0.10728  0.23213 
 0.00004  0.48552 
-0.00050 -0.54392 
 0.00000  0.00000 
-100.00000 -100.00000 
-100.00000  0.84792 
-0.20449  0.19946 
-100.00000 -100.00000 
 0.20302 -0.18836 
 0.26309 -100.00000 
-100.00000 -100.00000 
-100.00000  0.04969 
-100.00000 -100.00000 
 0.58515  1.07047 
-0.28863 -0.63362 
-100.00000 -100.00000 
 0.48545  0.26294 
 0.44499 -100.00000 
 0.00023 -100.00000 
-0.32165 -0.04799 
-0.22844  1.31319 
 0.10155  0.33994 
 0.00007 -100.00000 
-0.58464  0.03516 
 0.00000  0.00000 
 0.36409  0.19545 
 0.34792  0.65747 
 0.30005 -100.00000 
 0.00244  1.26345 
-100.00000 -100.00000 
-0.06554 -0.00010 
 0.39183 -100.00000 
-100.00000 -100.00000 
-100.00000 -100.00000 
-100.00000 -100.00000 
-100.00000 -100.00000 
-100.00000 -100.00000 
-0.09501 -100.00000 
 0.00371 -100.00000 
-100.00000 -100.00000 
-100.00000 -100.00000 
 0.58525 -100.00000 
-100.00000 -100.00000 
-0.20582 -0.79860 
 0.26348 -0.00015 
 0.00019 -100.00000 
-100.00000  0.00006 
-100.00000 -100.00000 
-100.00000 -100.00000 
 0.34012 -100.00000 
-100.00000 -100.00000 
-100.00000 -100.00000 
-0.23034  0.53314 
-100.00000 -100.00000 
-100.00000 -100.00000 
 0.00000  0.00000 
-100.00000  0.13740 
-100.00000 -100.00000 
-0.00002 -100.00000 
 0.58862 -0.24017 
-0.00011 -100.00000 
-100.00000 -100.00000 
 0.26309 -0.53618 
-100.00000 -100.00000 
-0.13708  0.13747 
-100.00000 -100.00000 
-0.05662 -0.49694 
-100.00000 -100.00000 
 0.28223 -100.00000 
-100.00000 -100.00000 
-100.00000 -100.00000 
-0.20623 -100.00000 
-100.00000 -100.00000 
-100.00000 -100.00000 
 0.17201  0.27580 
-100.00000 -100.00000 
-0.30261  0.66614 
-100.00000 -100.00000 
-100.00000 -100.00000 
 0.11614  0.05054 
-0.13766 -100.00000 
-0.36119 -0.55872 
-0.23336 -0.74406 
 0.52537  0.06729 
-0.39202 -0.00005 
-100.00000 -100.00000 
-100.00000  0.07611 
 0.48553  0.00023 
-100.00000 -100.00000 
 0.00000  0.00000 
 0.43219  0.38014 
-0.13698  0.37851 
-100.00000 -0.24476 
 0.00012 -100.00000 
-100.00000 -100.00000 
-100.00000 -100.00000 
-100.00000 -100.00000 
-100.00000 -100.00000 
-0.56291 -100.00000 
-100.00000 -100.00000 
-100.00000 -100.00000 
-100.00000 -100.00000 
-0.29099  0.02027 
-100.00000 -100.00000 
-100.00000 -100.00000 
-100.00000 -100.00000 
-0.31440  0.18813 
-100.00000 -100.00000 
-100.00000 -100.00000 
 0.23113  0.07950 
-0.53130 -0.15837 
-0.29938 -0.65419 
-100.00000 -100.00000 
-0.35570  0.71085 
 0.17190 -0.33339 
 0.05491 -0.20330 
-100.00000 -100.00000 
-0.23929  0.18385 
 0.12329 -0.18083 
 0.26313 -100.00000 
-0.23590 -0.25660 
-100.00000 -100.00000 
 0.02040  0.00021 
-100.00000 -0.63166 
 0.33269  0.07270 
-0.47193 -0.38658 
-0.03400 -0.00339 
-0.59600  0.00010 
-0.20339 -100.00000 
 0.08238 -0.13581 
 0.43641  0.26313 
 0.19307 -100.00000 
-100.00000 -100.00000 
-0.14463  0.49149 
-0.08659  0.20442 
-0.14544  0.00627 
-0.46789 -0.19071 
-100.00000 -100.00000 
-100.00000  0.01738 
 0.52914  0.72975 
-100.00000 -0.00011 
-0.00003 -100.00000 
-0.59158  1.02751 
-100.00000 -100.00000 
 0.00027 -100.00000 
 0.26317 -100.00000 
-100.00000 -100.00000 
 0.00000  0.00000 
-100.00000 -100.00000 
-100.00000 -100.00000 
-100.00000  0.37859 
-0.77542  0.42835 
 0.05249  0.23181 
 0.00000  0.00000 
-1.38393 -0.19223 
-100.00000 -100.00000 
 0.13520 -0.00005 
-0.24599 -0.02539 
-100.00000 -0.38297 
-0.23454 -0.24175 
-0.14224 -0.98377 
-100.00000 -0.05267 
-100.00000 -100.00000 
-0.46398 -0.05532 
 0.00000  0.00000 
-0.15146 -100.00000 
 0.15697  0.40345 
-0.00001 -100.00000 
-0.00004 -100.00000 
 0.37521  0.58409 
 0.00018 -100.00000 
-0.14940 -0.63107 
-100.00000 -100.00000 
-0.15085 -100.00000 
 0.26309 -0.23999 
-100.00000 -100.00000 
-100.00000 -100.00000 
-100.00000 -0.35825 
-0.52795 -0.00002 
-100.00000 -100.00000 
-100.00000 -100.00000 
-100.00000 -100.00000 
