 0.01319 -0.07431 
 0.00000  0.00000 
-100.00000 -0.15127 
 0.00000  0.00000 
-0.00010 -100.00000 
-100.00000 -100.00000 
-100.00000 -100.00000 
-100.00000 -100.00000 
 0.00002 -100.00000 
-100.00000 -100.00000 
-100.00000 -100.00000 
-100.00000 -100.00000 
-100.00000 -100.00000 
-100.00000 -100.00000 
 0.13754  0.09050 
-100.00000 -100.00000 
-100.00000 -100.00000 
-100.00000 -100.00000 
-0.08228 -100.00000 
-100.00000 -100.00000 
-100.00000 -100.00000 
-100.00000 -0.15045 
-100.00000 -100.00000 
-100.00000 -100.00000 
-100.00000 -100.00000 
-100.00000 -100.00000 
 0.32314  0.10931 
 0.64150  0.30516 
-100.00000 -100.00000 
-100.00000 -0.00003 
-100.00000 -100.00000 
-100.00000 -100.00000 
-100.00000 -100.00000 
-100.00000 -100.00000 
 0.13976  0.13744 
 0.02446 -0.02614 
-100.00000 -100.00000 
-0.16509 -0.24561 
 0.00000  0.00000 
 0.14510  0.19617 
-100.00000 -100.00000 
 0.14230 -0.15414 
-100.00000 -100.00000 
 0.02638 -0.28814 
-100.00000 -100.00000 
-100.00000 -100.00000 
 0.00002  0.46278 
 0.46799 -0.58768 
-100.00000 -100.00000 
-100.00000 -100.00000 
-0.12470  0.19661 
-100.00000 -0.00001 
-100.00000 -0.72669 
-0.22932 -100.00000 
 0.05432 -0.38841 
-100.00000 -100.00000 
 0.00000  0.00000 
-100.00000 -100.00000 
-100.00000 -100.00000 
 0.00000  0.00000 
-100.00000 -100.00000 
 0.00000  0.00000 
-100.00000 -100.00000 
 0.03716  0.03307 
-0.04580 -100.00000 
-100.00000 -100.00000 
-100.00000 -100.00000 
 0.14069  0.14785 
-100.00000 -100.00000 
-100.00000  0.51131 
 0.00000  0.00000 
-100.00000 -100.00000 
-0.05017  0.01939 
-100.00000 -100.00000 
 0.00011 -100.00000 
-100.00000 -100.00000 
-100.00000 -100.00000 
-100.00000 -100.00000 
-100.00000 -100.00000 
-100.00000 -100.00000 
 0.14233  0.07087 
-100.00000 -100.00000 
-0.11586 -0.32688 
-100.00000 -100.00000 
-100.00000 -100.00000 
-0.78245 -100.00000 
-100.00000 -100.00000 
-100.00000 -100.00000 
 0.24075 -100.00000 
-0.27258 -0.15147 
-0.32712  0.05054 
-0.23876 -100.00000 
-100.00000 -100.00000 
-100.00000 -100.00000 
-100.00000 -100.00000 
-100.00000 -100.00000 
-100.00000 -100.00000 
 0.19733  0.59630 
-100.00000  0.81706 
-100.00000  0.64421 
 0.14738 -0.11639 
-100.00000 -100.00000 
-0.67337 -0.93676 
-0.04435  0.35982 
-100.00000 -100.00000 
-100.00000 -100.00000 
-100.00000 -100.00000 
-100.00000 -100.00000 
-100.00000 -100.00000 
-100.00000 -100.00000 
-0.08065 -100.00000 
-100.00000 -100.00000 
-100.00000  0.18982 
-100.00000 -100.00000 
-100.00000 -100.00000 
 0.53659 -0.73033 
-0.08626 -0.11437 
-100.00000 -100.00000 
-0.00359  0.36737 
-0.09180  0.15399 
-0.17898  0.26305 
-100.00000 -100.00000 
-100.00000 -0.18828 
-100.00000 -100.00000 
-100.00000 -100.00000 
-0.08033 -0.40028 
-100.00000 -100.00000 
-100.00000 -100.00000 
-0.12218  0.25473 
 0.24092  0.67250 
-100.00000 -100.00000 
 0.28372  0.62378 
-0.08029  0.13775 
-100.00000 -100.00000 
-0.04762 -100.00000 
 0.00000  0.00000 
 0.21471  0.08455 
-100.00000 -100.00000 
 0.02588 -100.00000 
-100.00000 -100.00000 
-100.00000  0.13760 
-0.21651 -0.09492 
-100.00000 -100.00000 
 0.03233 -0.13416 
-100.00000 -100.00000 
 0.25415 -0.22652 
-100.00000 -100.00000 
-100.00000 -100.00000 
-0.08984 -100.00000 
-100.00000 -100.00000 
-100.00000 -100.00000 
-100.00000 -100.00000 
-0.64586  0.09539 
-100.00000 -100.00000 
-0.04325 -0.46672 
-100.00000 -100.00000 
 0.00000  0.00000 
-100.00000 -100.00000 
-100.00000 -100.00000 
-100.00000 -100.00000 
-100.00000 -100.00000 
 0.04006 -0.07804 
 0.42239 -0.26554 
-100.00000 -100.00000 
-100.00000 -100.00000 
-100.00000 -100.00000 
-100.00000 -100.00000 
 0.30537 -0.06125 
 0.00000  0.00000 
 0.00000  0.00000 
-0.32233 -100.00000 
-100.00000 -100.00000 
 0.00095 -100.00000 
-100.00000 -100.00000 
 0.16895 -100.00000 
 0.00000  0.00000 
-100.00000 -100.00000 
 0.00027 -100.00000 
 0.06283  0.26091 
 0.02520 -100.00000 
-100.00000 -100.00000 
 0.08732  0.25996 
 0.23120 -0.01904 
 0.34816  0.28581 
 0.00000  0.00000 
-100.00000 -100.00000 
 0.00000  0.00000 
-0.14539 -0.05918 
-100.00000 -100.00000 
-100.00000 -100.00000 
-100.00000 -100.00000 
-100.00000 -100.00000 
-100.00000 -100.00000 
-100.00000 -100.00000 
-100.00000 -100.00000 
-100.00000 -100.00000 
 0.00005 -100.00000 
-100.00000 -100.00000 
-100.00000 -100.00000 
-100.00000 -100.00000 
 0.01623 -100.00000 
-100.00000 -100.00000 
-0.08898  0.03502 
-0.14589  0.01283 
 0.33135 -100.00000 
-100.00000 -100.00000 
-100.00000 -100.00000 
-100.00000 -100.00000 
-100.00000 -100.00000 
-0.45236  0.15151 
 0.46336 -100.00000 
-0.46891 -0.03585 
 0.04194 -0.19362 
-100.00000 -0.11268 
-100.00000 -100.00000 
-100.00000 -100.00000 
-100.00000 -100.00000 
-100.00000 -100.00000 
 0.14184 -0.11331 
-0.34807 -0.31913 
-0.24892  0.37864 
-100.00000 -100.00000 
 0.04196  0.84871 
 0.06327  0.63797 
 0.88913  0.15484 
-100.00000 -100.00000 
-0.00013 -0.70091 
-100.00000 -100.00000 
-0.20587  0.19665 
 0.14585 -100.00000 
-100.00000 -100.00000 
 0.26162  0.26340 
 0.13591 -0.11824 
 0.24262  0.19002 
 0.00000  0.00000 
-0.14351  0.22746 
-0.29910  0.72245 
-100.00000 -100.00000 
 0.03465 -0.63562 
-100.00000 -0.17440 
-100.00000 -100.00000 
 0.06464 -0.32825 
 0.00010 -100.00000 
 0.18089  0.09958 
-100.00000 -100.00000 
-100.00000 -100.00000 
-100.00000 -100.00000 
 0.03256 -100.00000 
-100.00000 -100.00000 
-100.00000 -100.00000 
-0.33969 -0.10152 
 0.16289 -100.00000 
-100.00000 -100.00000 
 0.00007 -100.00000 
-0.01037  0.12374 
-100.00000  0.13756 
-0.14589  0.02712 
-100.00000 -100.00000 
 0.16562 -0.08290 
-100.00000 -100.00000 
-100.00000 -100.00000 
-100.00000 -100.00000 
-100.00000  0.26309 
-100.00000 -100.00000 
 0.00015 -0.27082 
-100.00000 -100.00000 
-100.00000 -100.00000 
-100.00000 -100.00000 
-100.00000 -100.00000 
-100.00000 -100.00000 
-100.00000 -100.00000 
 0.14183 -100.00000 
-100.00000 -100.00000 
 0.16264  0.02932 
 0.21854  0.20442 
-100.00000  0.00031 
-0.19491  0.10281 
 0.04355  0.08459 
 0.01686 -100.00000 
-100.00000 -100.00000 
-100.00000 -100.00000 
-100.00000 -100.00000 
 0.00915 -0.58422 
-100.00000 -100.00000 
-0.50874  0.01983 
-0.19495 -0.22846 
-100.00000  0.00023 
-0.05842 -0.11808 
-100.00000 -100.00000 
 0.15542 -0.76536 
-100.00000 -100.00000 
 0.24529 -0.00219 
-0.39071 -0.00226 
 0.00000  0.00000 
-100.00000 -100.00000 
 0.14071 -0.45133 
-100.00000 -0.26616 
-100.00000 -100.00000 
 0.45242 -0.18852 
-100.00000 -100.00000 
-100.00000 -100.00000 
-0.15013 -100.00000 
 0.15139  0.25925 
-100.00000 -100.00000 
-0.55704 -0.39698 
-0.40269  0.29943 
-100.00000 -100.00000 
-100.00000 -100.00000 
-0.17396 -0.13877 
-100.00000 -0.20962 
-0.09772 -0.13839 
-100.00000 -100.00000 
-0.00003  0.31781 
-100.00000 -100.00000 
 0.25629  0.21998 
-0.09750  0.44616 
-100.00000 -100.00000 
 0.26359  0.68106 
-100.00000 -100.00000 
-100.00000 -100.00000 
 0.00000  0.00000 
-100.00000 -100.00000 
-100.00000 -100.00000 
-0.37923 -0.33082 
-100.00000 -100.00000 
-0.05494 -0.00049 
 0.00000  0.00000 
-100.00000 -100.00000 
 0.51977  0.04197 
-0.07629 -100.00000 
-100.00000 -100.00000 
-0.29612 -0.40056 
-100.00000 -100.00000 
-100.00000  0.13762 
-0.41442 -0.57428 
-100.00000 -100.00000 
-0.02092 -0.31927 
-100.00000 -100.00000 
 0.02128  0.29945 
-0.70357 -0.09999 
-100.00000 -100.00000 
-100.00000 -100.00000 
-0.03140  0.57169 
-100.00000 -100.00000 
-100.00000 -100.00000 
-100.00000 -100.00000 
-100.00000  0.37856 
-100.00000 -100.00000 
-100.00000 -100.00000 
-100.00000 -100.00000 
-100.00000 -100.00000 
-100.00000 -100.00000 
-100.00000 -100.00000 
-0.30120 -0.20330 
-100.00000 -100.00000 
-100.00000 -100.00000 
-100.00000 -100.00000 
-100.00000 -100.00000 
-100.00000 -100.00000 
 0.25638  0.32003 
-0.62709 -0.24863 
-100.00000 -100.00000 
-100.00000 -100.00000 
-100.00000 -100.00000 
-100.00000 -100.00000 
-100.00000 -100.00000 
-100.00000 -100.00000 
-100.00000 -100.00000 
-100.00000 -100.00000 
 0.03884  0.94166 
 0.14581 -0.24347 
 0.16104 -0.40238 
-0.02927  0.32006 
-100.00000 -100.00000 
-100.00000 -100.00000 
-100.00000 -100.00000 
-100.00000 -100.00000 
-100.00000 -100.00000 
-100.00000 -100.00000 
-100.00000 -100.00000 
-0.07939  1.04858 
 0.00000  0.00000 
-100.00000 -100.00000 
-0.32097 -100.00000 
-0.15004 -0.04854 
-0.27611  0.26370 
-100.00000 -100.00000 
-100.00000 -100.00000 
 0.26441 -0.71565 
-0.00172 -0.23329 
-100.00000 -100.00000 
 0.26354  0.13753 
-0.18277 -0.54901 
 0.00000  0.00000 
-100.00000 -100.00000 
 0.44442 -0.43608 
-100.00000 -100.00000 
-100.00000 -100.00000 
-100.00000 -100.00000 
 0.32297 -0.07067 
 0.00000  0.00000 
 0.07208  0.05062 
 0.64331 -0.84936 
 0.26400 -100.00000 
 0.08398  0.23145 
-100.00000 -100.00000 
 0.20429  0.14457 
-100.00000  0.00001 
-100.00000 -100.00000 
-100.00000 -100.00000 
 0.00000  0.00000 
 0.16687  0.15101 
-100.00000 -100.00000 
-0.31858  1.26294 
-0.01544  0.48518 
-100.00000 -100.00000 
 0.41684  0.84809 
 0.00000  0.00000 
 0.05357  0.50327 
 0.14810  0.13753 
-0.17694 -0.29759 
-100.00000 -100.00000 
-100.00000 -100.00000 
-0.11445  0.37829 
 0.00000  0.00000 
 0.00000  0.00000 
-100.00000  0.02091 
-100.00000  0.02879 
-100.00000 -100.00000 
-100.00000 -100.00000 
-100.00000 -100.00000 
-100.00000 -100.00000 
-100.00000 -100.00000 
-100.00000 -100.00000 
-100.00000 -100.00000 
 0.04101 -100.00000 
-100.00000 -100.00000 
-0.05584 -0.06098 
-100.00000 -100.00000 
 0.37290 -0.45442 
-100.00000 -100.00000 
-100.00000 -100.00000 
-100.00000 -100.00000 
-100.00000 -100.00000 
-100.00000 -100.00000 
 0.51247 -0.85266 
 0.04126  0.76565 
 0.40026  0.80368 
 0.20754 -0.61095 
-100.00000 -100.00000 
-100.00000 -100.00000 
-100.00000 -100.00000 
-100.00000 -100.00000 
-100.00000 -100.00000 
-100.00000 -100.00000 
-0.20400 -100.00000 
 0.26393 -0.24633 
-100.00000 -100.00000 
 0.00000  0.00000 
-0.07566  0.92599 
-100.00000 -100.00000 
-100.00000 -100.00000 
-0.21861  0.20312 
 0.00000  0.00000 
-100.00000 -100.00000 
 0.00000  0.00000 
 0.12799  0.37855 
 0.34675  0.27925 
-100.00000 -100.00000 
 0.00000  0.00000 
-0.20436  0.37875 
-100.00000  0.26308 
-100.00000 -100.00000 
 0.00000  0.00000 
-0.52915  0.78651 
 0.24667 -0.64392 
-100.00000 -100.00000 
-0.13579 -0.84077 
-100.00000 -100.00000 
-100.00000 -100.00000 
-100.00000 -100.00000 
-0.18300  0.20585 
-100.00000 -100.00000 
-100.00000 -100.00000 
-100.00000 -100.00000 
 0.00000  0.00000 
-100.00000 -100.00000 
-100.00000 -100.00000 
-100.00000 -100.00000 
-0.47204  0.29221 
-100.00000 -100.00000 
 0.26294 -0.05427 
 0.08681  0.35870 
-100.00000 -100.00000 
-100.00000 -100.00000 
-0.36734 -0.54564 
-0.01457 -0.33235 
-100.00000 -100.00000 
-0.19152 -0.30140 
-100.00000 -100.00000 
 0.01315  0.18385 
-100.00000 -100.00000 
-100.00000 -100.00000 
 0.00000  0.00000 
-100.00000 -100.00000 
-0.00018  0.25648 
 0.09660  0.42397 
 0.55654  0.31696 
-100.00000 -100.00000 
 0.00000  0.00000 
-100.00000 -100.00000 
 0.14850  0.34487 
 0.28033  0.43449 
-0.19616 -0.50201 
 0.00000  0.00000 
-0.10105  0.13751 
 0.13874  0.20198 
-0.06665 -0.13200 
-100.00000 -100.00000 
 0.00000  0.00000 
-100.00000 -100.00000 
-0.37695  0.76092 
-100.00000  0.67865 
-100.00000 -0.08764 
-100.00000 -100.00000 
-100.00000  0.00037 
-100.00000 -100.00000 
 0.24924  0.26366 
-0.12280  0.00004 
-100.00000 -100.00000 
-0.09819 -100.00000 
-100.00000 -100.00000 
-100.00000 -100.00000 
-100.00000 -100.00000 
-100.00000 -100.00000 
-100.00000 -100.00000 
-100.00000 -100.00000 
-0.00001 -100.00000 
-100.00000 -100.00000 
-100.00000 -100.00000 
-100.00000 -100.00000 
-100.00000 -100.00000 
-100.00000 -100.00000 
-100.00000 -100.00000 
-100.00000 -100.00000 
-100.00000 -100.00000 
-100.00000 -100.00000 
-100.00000 -100.00000 
-100.00000 -100.00000 
-100.00000 -100.00000 
-100.00000 -100.00000 
-100.00000 -100.00000 
-100.00000 -100.00000 
-100.00000 -100.00000 
 0.00007  0.25748 
-0.14189  0.18540 
-100.00000 -100.00000 
-100.00000 -100.00000 
-100.00000 -100.00000 
 0.01355  0.48536 
-100.00000 -100.00000 
 0.00028  0.43265 
-0.10127  0.07320 
-100.00000 -100.00000 
-100.00000 -100.00000 
