 0.22102 -0.05831 
 0.43397  0.18116 
 0.26959  0.25415 
-0.17162  0.16301 
 0.01304 -100.00000 
 0.55390 -100.00000 
 0.48544 -0.26252 
-100.00000 -100.00000 
 0.00002 -0.15635 
-0.12435 -0.39558 
 0.01772  0.14080 
-0.44300 -0.29649 
 0.09136  0.13437 
-0.33842 -0.10928 
 0.00000  0.00000 
-100.00000 -100.00000 
 0.30698  0.45299 
-100.00000 -100.00000 
 0.00000  0.00000 
 0.07733 -0.53236 
-100.00000 -100.00000 
 0.01374  0.17245 
-100.00000 -100.00000 
-0.12443 -0.25394 
 0.13747 -100.00000 
-0.41941  0.03787 
-100.00000 -0.27539 
-100.00000 -100.00000 
-0.10409 -0.15937 
 0.00000  0.00000 
 0.02518  0.69360 
 0.00000  0.00000 
-100.00000 -100.00000 
-100.00000 -0.00000 
 0.00000  0.00000 
 0.20109  0.51051 
-0.32040  0.11834 
-100.00000 -100.00000 
-0.07632 -0.14394 
-0.06469  0.10720 
-100.00000 -100.00000 
 0.29381  0.14261 
-100.00000 -100.00000 
 0.00000  0.00000 
-100.00000 -100.00000 
-100.00000 -100.00000 
-0.53073  0.00009 
-0.45961 -0.25484 
-100.00000 -0.00003 
-100.00000 -100.00000 
-0.24185 -0.22694 
 0.37855 -0.23144 
-0.42973  0.30747 
-100.00000 -0.29860 
-100.00000 -0.00003 
-0.12111 -0.00720 
-0.07870  0.00017 
-0.14401  0.23518 
-100.00000 -100.00000 
 0.27848  0.39252 
-100.00000 -100.00000 
-100.00000 -0.01773 
-100.00000 -100.00000 
 0.07723 -0.80328 
 0.28358 -0.14550 
 0.25505  0.43237 
-100.00000 -100.00000 
 0.39015 -0.45155 
-100.00000 -100.00000 
 0.24708  0.08188 
-0.21905  0.31815 
-100.00000  0.00001 
 0.14311 -0.45297 
 0.25848  0.11290 
 0.00000  0.00000 
-100.00000 -100.00000 
-100.00000 -100.00000 
-100.00000 -100.00000 
-100.00000 -100.00000 
-100.00000 -100.00000 
 0.22979  0.32957 
 0.01326  0.22222 
-0.00016  0.42869 
-100.00000 -100.00000 
-100.00000 -100.00000 
-0.03979 -0.17902 
 0.48547 -100.00000 
 0.25411 -0.09472 
-0.23917  0.22787 
 0.15136  0.29230 
 0.18899 -0.14063 
 0.14325  0.25321 
-100.00000 -100.00000 
 0.02438 -100.00000 
-100.00000 -100.00000 
-0.00527 -0.07834 
-100.00000 -100.00000 
-100.00000 -100.00000 
 0.00000  0.00000 
 0.15340 -0.51109 
 0.52745  0.25021 
 0.12481  0.51006 
 0.49927 -0.08544 
-0.06405 -0.21629 
-100.00000 -100.00000 
 0.65458 -0.03438 
-100.00000 -100.00000 
-100.00000 -100.00000 
-100.00000  0.11196 
-100.00000 -100.00000 
 0.33439 -0.15157 
-100.00000  0.26332 
 0.52545  0.28910 
-100.00000 -100.00000 
 0.04489 -100.00000 
-100.00000 -0.00004 
-100.00000 -100.00000 
-100.00000  0.00001 
 0.13927 -0.15126 
-100.00000 -100.00000 
-100.00000 -100.00000 
-100.00000 -100.00000 
-0.36809  0.17147 
-0.13441  0.00455 
-0.74392  0.48561 
 0.31284  0.08470 
-0.03574  0.58877 
-100.00000  0.14215 
-100.00000  0.33435 
 0.00006 -100.00000 
-100.00000 -100.00000 
-100.00000 -100.00000 
 0.48426  0.33759 
-100.00000 -100.00000 
 0.14128 -0.01305 
 0.23998  0.36174 
 0.04366  0.09395 
 0.36232  0.39424 
-0.06427 -0.47269 
-100.00000 -100.00000 
-0.15074  0.26773 
-0.15519 -0.26314 
-0.33592 -0.26091 
 0.00000  0.00000 
 0.16245 -100.00000 
-100.00000 -100.00000 
-100.00000 -100.00000 
 0.19276  0.07799 
 0.00000  0.00000 
 0.10657  0.00033 
-100.00000 -100.00000 
-100.00000 -100.00000 
 0.30974  0.24345 
 0.06058 -0.07832 
 0.25484 -0.02410 
-100.00000 -0.00044 
-0.60446 -0.25291 
 0.67848  0.61517 
 0.05325 -0.20365 
-100.00000 -100.00000 
-100.00000 -100.00000 
-100.00000 -0.15013 
-0.40063  0.22792 
-100.00000 -100.00000 
-100.00000 -100.00000 
-100.00000 -100.00000 
-100.00000 -100.00000 
 0.00000  0.00000 
 0.37329  0.39274 
 0.48499  0.14353 
 0.12102 -0.44404 
-0.29448 -0.19201 
 0.02644 -0.10825 
-100.00000 -100.00000 
 0.09787  0.16263 
-0.33737 -0.20101 
-0.31993 -0.07094 
 0.00000  0.00000 
 0.26126 -0.58999 
-0.21272  0.20417 
-100.00000 -0.00014 
-0.26255  0.15645 
-0.34364  0.43359 
 0.20031  0.21125 
-0.17877 -0.01343 
-0.35751  0.03785 
 0.14598 -0.53921 
-0.23753 -0.26495 
-100.00000  0.00012 
-100.00000 -100.00000 
-100.00000 -100.00000 
 0.00002 -100.00000 
-100.00000 -100.00000 
-100.00000 -100.00000 
-100.00000 -0.00005 
-100.00000 -100.00000 
-100.00000 -100.00000 
 0.37849  0.09735 
 0.48542 -0.35103 
 0.00001 -100.00000 
 0.06050 -0.06329 
-100.00000 -100.00000 
-100.00000 -100.00000 
-100.00000 -100.00000 
-100.00000 -0.30486 
 0.44754 -0.28161 
-100.00000 -100.00000 
-100.00000 -100.00000 
-0.52627 -0.32962 
 0.17320 -0.11216 
-0.64878 -0.15191 
-0.07409  0.71012 
-0.13077  0.01350 
-0.05517 -100.00000 
 0.00005 -100.00000 
 0.25694  0.27572 
-100.00000 -100.00000 
 0.04425 -0.11254 
 0.05192 -0.24360 
 0.37471  0.01097 
 0.27491 -0.49112 
-0.12134 -0.00285 
-0.09530  0.11400 
 0.02615 -0.08601 
-100.00000 -100.00000 
-0.02627  0.08315 
 0.00000  0.00000 
 0.25484  0.34937 
-0.03950 -0.50139 
-0.38966  0.15073 
-0.01711  0.10250 
-0.16161  0.16137 
-100.00000 -100.00000 
 0.49399 -0.79333 
-0.63161  0.35224 
-0.06918  0.54810 
 0.25861  0.00960 
-100.00000  0.37523 
 0.35658 -0.36785 
-0.37932  0.00533 
-100.00000 -100.00000 
-100.00000  0.00005 
 0.22360 -0.37765 
-100.00000  0.05044 
-100.00000 -0.12110 
-0.00005 -100.00000 
-100.00000 -100.00000 
 0.00000  0.00000 
-100.00000  0.62891 
-100.00000 -100.00000 
-0.34519  0.00510 
-0.06948  0.13036 
-100.00000  0.00204 
-100.00000 -100.00000 
 0.00000  0.00000 
 0.11774 -0.14859 
 0.13133  0.61514 
-100.00000 -100.00000 
-100.00000  0.29775 
-0.59084 -0.20986 
 0.00000  0.00000 
-100.00000 -100.00000 
-100.00000  0.26309 
-100.00000 -100.00000 
 0.14863  0.62682 
 0.47477  0.41193 
 0.25725 -0.00143 
 0.03001  0.70996 
-100.00000  0.12454 
-0.24856 -0.36468 
-100.00000 -100.00000 
-0.47941  0.47408 
-100.00000 -100.00000 
 0.72446 -0.24176 
-100.00000  0.13751 
 0.05150 -0.40012 
 0.20866  0.62681 
 0.23477  0.30052 
-100.00000 -0.10429 
 0.25735  0.44695 
-0.17751  0.20036 
-0.04438 -0.06028 
 0.00000  0.00000 
 0.27654  0.41738 
-0.31809  0.26782 
 0.13150  0.02275 
-0.35070 -0.06082 
 0.02933 -0.59034 
 0.38430 -0.13041 
 0.26329  0.71703 
-100.00000 -100.00000 
-0.79821 -0.99708 
 0.00000  0.00000 
-0.23658  0.02597 
-100.00000 -100.00000 
-100.00000 -100.00000 
 0.00000  0.00000 
 0.14595 -0.28947 
-0.92345 -0.36486 
-100.00000 -100.00000 
 0.61806  0.87012 
-0.28559  0.41014 
-0.37704 -0.23493 
-100.00000 -0.03539 
 0.01545  0.28771 
 0.01517 -0.15716 
 0.58501  0.42773 
-100.00000 -100.00000 
-100.00000 -100.00000 
-100.00000  0.21903 
-0.60169  0.21615 
 0.12615  0.71704 
-0.09751  0.69094 
-0.09741 -0.18643 
 0.00000  0.00000 
-0.21860 -0.26629 
-100.00000 -100.00000 
-0.64888  0.05048 
-100.00000 -100.00000 
 0.04848 -0.37768 
-0.60508  0.29965 
-100.00000 -100.00000 
-0.00001  0.00041 
-0.29929 -0.05848 
-100.00000  0.37862 
 0.00000  0.00000 
-0.00007  0.08082 
-100.00000 -100.00000 
-0.04057 -0.15522 
 0.44322 -0.36950 
-100.00000 -100.00000 
 0.00000  0.00000 
 0.00010  0.00012 
-100.00000 -100.00000 
-100.00000 -100.00000 
-100.00000 -0.00216 
-0.13957  0.10202 
 0.36804  0.13732 
 0.67494 -0.31104 
-0.04369 -0.18995 
-100.00000 -100.00000 
-100.00000  0.00001 
-100.00000 -0.01786 
-100.00000 -100.00000 
-100.00000 -100.00000 
-100.00000 -100.00000 
-100.00000 -100.00000 
 0.22667 -0.37426 
-0.25548  0.06432 
-0.14540 -0.41429 
-100.00000 -100.00000 
-100.00000 -100.00000 
 0.06383  0.76889 
-100.00000 -100.00000 
-100.00000 -100.00000 
-100.00000 -100.00000 
-100.00000 -100.00000 
 0.00000  0.00000 
-0.00015 -100.00000 
 0.15148 -0.83283 
-0.04469 -0.30556 
-100.00000 -100.00000 
-100.00000 -100.00000 
-100.00000 -100.00000 
-100.00000 -0.00004 
-100.00000 -100.00000 
-100.00000 -100.00000 
-100.00000 -0.00007 
 0.07007  0.66634 
-0.18737 -0.17957 
 0.14071 -0.01952 
-100.00000  0.26303 
-100.00000 -100.00000 
-100.00000 -100.00000 
-0.36150  0.28510 
-100.00000 -100.00000 
-100.00000 -100.00000 
 0.22230 -0.08558 
 0.23384 -0.34596 
-100.00000 -100.00000 
-100.00000 -100.00000 
-0.06574 -0.12416 
-0.40155  0.73941 
 0.00000  0.00000 
-100.00000  0.00004 
 0.20071  0.38636 
 0.26870  0.56504 
 0.36312  0.26409 
 0.26600  0.73756 
 0.10325  0.30372 
 0.26445 -0.09188 
 0.00000  0.00000 
-0.24116  0.24327 
-100.00000  0.26317 
-100.00000 -100.00000 
 0.18658 -0.00006 
 0.36323 -0.11533 
-100.00000 -100.00000 
 0.37044  0.00083 
 0.36346 -0.26243 
-0.03388 -0.23744 
-100.00000 -0.48389 
-0.60866 -0.26262 
 0.00000  0.00000 
-100.00000 -100.00000 
-100.00000 -100.00000 
 0.00000  0.00000 
 0.09041  0.00258 
 0.88522 -0.20546 
-100.00000 -100.00000 
-0.27647 -0.11499 
-0.21919  0.69782 
-100.00000 -100.00000 
 0.20177 -1.19913 
-0.34977  0.12580 
-100.00000 -0.00002 
-100.00000 -100.00000 
-100.00000  0.13742 
-100.00000 -100.00000 
 0.05783 -0.22117 
-100.00000 -100.00000 
 0.15712 -100.00000 
-100.00000 -100.00000 
 0.26298 -100.00000 
 0.37098 -0.13535 
-100.00000 -100.00000 
-100.00000 -100.00000 
-100.00000 -100.00000 
-100.00000 -100.00000 
-100.00000 -100.00000 
-100.00000 -100.00000 
-0.20861 -100.00000 
-100.00000  0.01672 
-0.53241  0.13527 
-100.00000 -100.00000 
 0.00000  0.00000 
-100.00000 -100.00000 
 0.14883 -0.12089 
-0.09076 -0.25288 
-100.00000 -100.00000 
 0.37057 -100.00000 
-100.00000 -100.00000 
-100.00000 -100.00000 
-100.00000 -0.00011 
-100.00000 -100.00000 
-100.00000 -100.00000 
-0.00002  0.00007 
-100.00000 -100.00000 
-100.00000 -100.00000 
 0.00000  0.00000 
-100.00000 -100.00000 
-100.00000 -100.00000 
-100.00000  0.00103 
-100.00000 -100.00000 
-100.00000 -100.00000 
 0.32556 -0.13682 
-0.08399  0.12593 
-100.00000 -100.00000 
-0.66782  0.00039 
 0.26462  0.00251 
-100.00000 -100.00000 
-100.00000 -100.00000 
-100.00000 -100.00000 
-0.28784 -0.48566 
 0.26411 -100.00000 
-0.08440  0.41540 
 0.31212  0.36501 
 0.47187 -0.63175 
-100.00000 -100.00000 
 0.81675  0.24136 
 0.17661  0.52463 
-0.32091  0.00004 
 0.22891  0.04248 
 0.14786 -0.26203 
-100.00000  0.12605 
 0.04426 -0.16278 
-100.00000 -100.00000 
 0.14047  0.61673 
-100.00000 -100.00000 
-100.00000 -100.00000 
-100.00000  0.35438 
 0.00004  0.43352 
-100.00000 -100.00000 
-100.00000 -100.00000 
-100.00000 -100.00000 
 0.26290 -0.24765 
-100.00000 -100.00000 
-100.00000 -100.00000 
 0.01322 -0.89990 
 0.58178  0.03312 
-100.00000 -100.00000 
-0.06410  0.24091 
-0.00017 -0.28763 
 0.76130  0.08999 
-100.00000 -100.00000 
-100.00000 -100.00000 
 0.33779  0.03014 
-100.00000 -100.00000 
 0.00000  0.00000 
-100.00000 -100.00000 
-100.00000  0.11249 
-100.00000  0.00009 
-0.15984 -0.26369 
 0.64134 -0.14776 
-100.00000 -100.00000 
-0.47736  0.15055 
-0.23868  0.13822 
 0.26288  0.00008 
 0.21467 -0.05070 
 0.21813  0.06098 
-0.00007  0.33408 
-0.10135  0.17482 
 0.24229 -0.12407 
-100.00000 -0.39987 
-0.02601  0.95121 
 0.64139  0.63857 
-0.34472 -0.06925 
 0.10887 -0.09405 
-100.00000 -0.73140 
-0.27040 -0.01997 
 0.24681 -0.28627 
-100.00000 -0.02273 
 0.13746  0.31000 
-0.31411 -0.01049 
-100.00000 -0.35892 
-100.00000  0.33622 
-0.11987 -100.00000 
-100.00000 -100.00000 
-0.23716  0.02261 
-100.00000 -100.00000 
-0.69680 -0.00494 
 0.08683  0.03154 
-0.00014 -100.00000 
 0.24770 -100.00000 
 0.00000  0.00000 
-100.00000  0.12220 
-0.21920  0.15121 
-100.00000  0.37818 
 0.55421  0.11442 
 0.32245  0.24900 
-0.67737  0.04560 
 0.14300  0.07304 
-0.12433 -0.56131 
-100.00000 -100.00000 
 0.89648  0.35262 
-100.00000 -100.00000 
-100.00000 -100.00000 
 0.06864  0.18999 
-0.22673 -0.90741 
-100.00000  0.13732 
-0.06469 -100.00000 
-100.00000 -100.00000 
-0.54694  0.36555 
-100.00000  0.00018 
-0.18044 -0.63511 
 0.08126  0.32020 
-100.00000 -100.00000 
 0.03383 -0.23664 
-100.00000 -100.00000 
 0.00032 -0.64534 
-100.00000 -100.00000 
-0.08174  0.08633 
-0.40377 -0.03505 
-100.00000 -100.00000 
-0.08149 -0.14967 
