-100.00000 -100.00000 
 0.13811 -100.00000 
-0.61402 -100.00000 
-100.00000 -100.00000 
-100.00000 -100.00000 
-100.00000 -100.00000 
-0.34472 -0.15156 
-100.00000 -100.00000 
-100.00000 -100.00000 
-0.12435 -100.00000 
-100.00000 -100.00000 
-100.00000 -100.00000 
-100.00000 -100.00000 
 0.58102  0.19724 
-100.00000 -100.00000 
 0.00000  0.00000 
-100.00000 -100.00000 
 0.00000  0.00000 
-100.00000 -100.00000 
-100.00000 -100.00000 
-100.00000 -100.00000 
-100.00000 -100.00000 
-0.23681  0.22319 
 0.13740 -0.01388 
-100.00000 -100.00000 
-100.00000 -100.00000 
 0.21366  0.20439 
-0.08922  0.02650 
-100.00000 -100.00000 
-100.00000 -100.00000 
 0.00000  0.00000 
-100.00000 -100.00000 
-0.00003 -0.15193 
 0.00000  0.00000 
-100.00000 -100.00000 
-100.00000 -100.00000 
-100.00000 -100.00000 
-0.56715  0.43319 
-100.00000 -100.00000 
-0.03228 -0.28867 
-100.00000 -100.00000 
-100.00000 -100.00000 
-100.00000 -100.00000 
-100.00000 -100.00000 
-0.12253 -100.00000 
-100.00000 -100.00000 
-100.00000  0.13756 
 0.07668 -0.17791 
-100.00000 -100.00000 
-100.00000 -100.00000 
 0.51695  0.39868 
 0.00000  0.00000 
-100.00000  0.37871 
-100.00000 -100.00000 
 0.19816 -0.16042 
-100.00000 -100.00000 
-100.00000 -100.00000 
-100.00000 -100.00000 
-100.00000 -100.00000 
-100.00000 -100.00000 
-100.00000 -100.00000 
-100.00000  0.10790 
-100.00000 -100.00000 
-100.00000 -100.00000 
-0.68920 -0.18354 
-100.00000 -100.00000 
-100.00000 -100.00000 
-0.26923 -0.15185 
-100.00000 -100.00000 
-0.52981 -0.15172 
-100.00000 -0.27727 
-100.00000 -100.00000 
-0.07368 -0.30446 
-100.00000 -100.00000 
-100.00000 -100.00000 
-100.00000 -100.00000 
-100.00000 -100.00000 
-100.00000 -100.00000 
-100.00000 -100.00000 
-100.00000 -100.00000 
-0.11954 -0.23352 
-100.00000 -100.00000 
-0.31869 -0.55174 
-100.00000 -100.00000 
 0.00000  0.00000 
 0.06062 -100.00000 
-100.00000 -100.00000 
-0.00007 -100.00000 
-0.15040 -0.00475 
 0.05746  0.45654 
-100.00000  0.03621 
 0.49001 -100.00000 
-100.00000 -100.00000 
-100.00000 -100.00000 
-0.10135  0.11166 
-100.00000 -100.00000 
-100.00000 -100.00000 
-0.24255 -0.01918 
-0.61442 -0.74060 
-100.00000 -0.21921 
-0.38761 -0.11205 
-100.00000 -100.00000 
 0.06317  0.08247 
-0.46395 -0.13000 
-100.00000 -100.00000 
-100.00000 -100.00000 
-100.00000 -100.00000 
 0.13751  0.00003 
-100.00000 -100.00000 
-100.00000 -100.00000 
 0.00000  0.00000 
-100.00000 -100.00000 
 0.00063 -100.00000 
 0.00000  0.00000 
-100.00000 -100.00000 
-0.18785  0.08655 
-0.12388  0.07454 
-100.00000 -100.00000 
-100.00000 -100.00000 
 0.14384  0.08026 
-100.00000 -100.00000 
-100.00000 -100.00000 
-100.00000 -100.00000 
 0.26296 -0.20520 
-100.00000 -100.00000 
 0.23159 -100.00000 
 0.46119 -100.00000 
-100.00000 -100.00000 
 0.22752  0.18928 
-100.00000 -100.00000 
-100.00000 -100.00000 
-0.40183 -0.09172 
-100.00000 -100.00000 
-100.00000 -100.00000 
 0.00014 -0.05792 
-0.16270 -0.46928 
-0.18076 -0.09114 
-100.00000 -100.00000 
-100.00000 -100.00000 
-100.00000 -100.00000 
-100.00000 -100.00000 
-0.17207  0.69328 
-100.00000 -100.00000 
-100.00000 -100.00000 
-0.30095  0.11856 
-0.01279  0.05262 
-100.00000 -100.00000 
-100.00000 -100.00000 
-100.00000 -100.00000 
-100.00000 -100.00000 
-100.00000 -100.00000 
-100.00000 -100.00000 
-0.12313 -100.00000 
-0.13260  0.22042 
-0.87618 -100.00000 
-0.00048 -0.63797 
 0.46664 -0.18998 
-100.00000 -100.00000 
-100.00000  0.58958 
-100.00000 -100.00000 
-100.00000 -100.00000 
-100.00000 -100.00000 
-0.15511  0.20394 
-100.00000 -100.00000 
-100.00000 -100.00000 
-100.00000 -100.00000 
-100.00000 -100.00000 
-100.00000 -100.00000 
-100.00000 -100.00000 
 0.06502 -100.00000 
-0.38318  0.17366 
 0.00000  0.00000 
 0.25286  0.39556 
-100.00000 -100.00000 
-0.26360 -100.00000 
-100.00000 -100.00000 
-100.00000 -100.00000 
-100.00000 -100.00000 
 0.69542  0.02328 
-100.00000  0.13769 
-100.00000  0.00002 
-100.00000 -100.00000 
-0.02958  0.00282 
 0.38854  0.61451 
-100.00000 -100.00000 
-0.17880 -100.00000 
-100.00000 -100.00000 
-0.26286 -0.26859 
 0.26313  0.00015 
-100.00000 -100.00000 
-100.00000 -100.00000 
-100.00000 -100.00000 
-100.00000 -100.00000 
-0.01542 -0.18889 
-100.00000 -100.00000 
-100.00000 -100.00000 
-0.12123 -100.00000 
-100.00000 -100.00000 
-100.00000 -100.00000 
-100.00000 -100.00000 
-100.00000 -0.61057 
 0.00000  0.00000 
-0.23156 -0.73147 
-100.00000 -100.00000 
-0.38876 -100.00000 
 0.03146 -100.00000 
-100.00000 -100.00000 
-100.00000 -100.00000 
-0.25489 -100.00000 
-0.00234  0.20727 
-0.12160 -100.00000 
 0.16776 -0.31028 
 0.04194 -0.06458 
-100.00000  0.37857 
-100.00000  0.13745 
-0.00030 -100.00000 
-100.00000 -100.00000 
-100.00000 -100.00000 
-0.00002 -100.00000 
 0.99929 -100.00000 
-0.58605  0.19764 
-100.00000 -100.00000 
 0.20893  0.32836 
-100.00000 -100.00000 
-100.00000 -100.00000 
 0.00012 -0.00016 
 0.13737 -100.00000 
-100.00000 -100.00000 
 0.42528  0.09094 
-100.00000 -100.00000 
 0.04126 -0.13677 
-0.60920  0.31740 
-100.00000 -100.00000 
-100.00000 -100.00000 
-100.00000 -100.00000 
 0.15333 -100.00000 
-0.11700  0.26310 
 0.00000  0.00000 
-100.00000 -100.00000 
-100.00000 -100.00000 
-100.00000 -100.00000 
-100.00000 -100.00000 
-100.00000 -100.00000 
 0.28412  0.21940 
-100.00000 -100.00000 
 0.26299 -100.00000 
-100.00000 -100.00000 
-100.00000  0.00008 
-100.00000 -100.00000 
-100.00000 -100.00000 
-0.32110 -0.09416 
-100.00000 -100.00000 
-0.09365 -100.00000 
 0.00000  0.00000 
-100.00000 -100.00000 
-100.00000 -100.00000 
-100.00000 -100.00000 
-100.00000 -100.00000 
-0.12606 -0.48550 
-100.00000 -100.00000 
-100.00000 -100.00000 
 0.69739  0.79735 
 0.02610  0.27518 
-100.00000 -100.00000 
-100.00000 -100.00000 
-100.00000 -100.00000 
-100.00000 -100.00000 
-100.00000 -100.00000 
-100.00000 -0.00004 
-100.00000  0.00953 
-100.00000 -100.00000 
-100.00000 -100.00000 
-100.00000 -100.00000 
 0.15182  0.06635 
-100.00000 -100.00000 
-0.39178  0.47845 
 0.31005 -100.00000 
-0.26425 -0.20429 
-100.00000 -100.00000 
-0.41411  0.16498 
-100.00000 -100.00000 
-100.00000 -100.00000 
-100.00000 -100.00000 
-100.00000 -100.00000 
 0.05013  0.45364 
-100.00000 -100.00000 
 0.05706  0.40690 
-100.00000 -100.00000 
-0.04309 -100.00000 
 0.06801  0.07819 
-100.00000 -100.00000 
-0.08416  0.09945 
-100.00000 -100.00000 
-0.45859 -100.00000 
-100.00000 -100.00000 
-100.00000 -100.00000 
-100.00000 -100.00000 
-100.00000 -100.00000 
-0.28665  0.44556 
-100.00000 -100.00000 
 0.03899  0.32020 
-100.00000 -100.00000 
 0.44779 -0.39844 
-100.00000 -100.00000 
 0.08197 -0.06640 
-100.00000 -100.00000 
-100.00000 -100.00000 
-100.00000 -100.00000 
-100.00000 -100.00000 
 0.45214  0.20698 
-100.00000 -100.00000 
-0.21906 -0.07966 
-100.00000 -100.00000 
-0.20943  0.13753 
-100.00000 -100.00000 
-100.00000 -100.00000 
-100.00000 -100.00000 
-0.07670  0.15396 
-100.00000 -100.00000 
-100.00000 -100.00000 
-100.00000 -100.00000 
 0.26285 -100.00000 
 0.44332  0.41142 
-100.00000 -100.00000 
-100.00000 -100.00000 
-100.00000 -100.00000 
-100.00000 -100.00000 
-100.00000 -100.00000 
-100.00000 -100.00000 
-100.00000 -100.00000 
-100.00000 -100.00000 
-100.00000 -100.00000 
-100.00000 -100.00000 
-100.00000 -100.00000 
-100.00000 -100.00000 
-0.42356 -100.00000 
-100.00000  0.00040 
-100.00000 -100.00000 
-100.00000 -100.00000 
-100.00000 -100.00000 
-100.00000 -100.00000 
-100.00000  0.00007 
-100.00000 -100.00000 
-0.60570 -0.39697 
-100.00000 -100.00000 
-100.00000 -100.00000 
-100.00000 -100.00000 
 0.36343  0.12234 
-100.00000 -100.00000 
 0.04850 -0.12063 
-0.14588  0.66720 
-100.00000 -100.00000 
-100.00000 -100.00000 
-0.28164 -0.41114 
-100.00000 -100.00000 
-100.00000 -100.00000 
-100.00000 -100.00000 
-100.00000  0.00021 
-100.00000 -100.00000 
-100.00000 -100.00000 
-100.00000 -100.00000 
 0.00000  0.00000 
-100.00000 -100.00000 
-100.00000 -100.00000 
-100.00000 -100.00000 
 0.23392 -0.00549 
-100.00000 -100.00000 
-0.12235 -100.00000 
-100.00000 -100.00000 
-100.00000 -100.00000 
-0.73925  0.54895 
 0.08556 -0.19664 
 0.13754 -100.00000 
-100.00000 -100.00000 
-0.23502 -0.00165 
 0.31711 -0.43761 
 0.01511  0.48544 
-100.00000 -100.00000 
-100.00000 -100.00000 
 0.00000  0.00000 
-100.00000 -100.00000 
-100.00000 -0.39670 
-100.00000 -100.00000 
-100.00000 -100.00000 
-100.00000 -100.00000 
 0.40201 -0.38033 
-0.31978  0.26302 
-100.00000 -100.00000 
-0.45382  0.49359 
-100.00000 -100.00000 
-100.00000 -100.00000 
-100.00000 -100.00000 
-0.44911  0.22853 
-100.00000 -100.00000 
-100.00000 -100.00000 
-0.68555  0.07850 
-100.00000 -100.00000 
-0.22168  0.26300 
-100.00000 -100.00000 
-0.12224 -0.48338 
-100.00000 -100.00000 
-100.00000 -100.00000 
 0.06248  0.48340 
-100.00000 -100.00000 
-100.00000 -100.00000 
-100.00000 -100.00000 
-100.00000 -100.00000 
-0.55737  0.07665 
-100.00000 -100.00000 
-0.03114  0.60166 
-100.00000 -100.00000 
 0.00179 -0.15531 
-100.00000 -100.00000 
-0.02907  0.20196 
 0.08137  0.48518 
-100.00000 -100.00000 
-100.00000 -0.66083 
-100.00000 -100.00000 
-100.00000 -100.00000 
-100.00000 -100.00000 
 0.92284 -1.64053 
-0.10582  0.26314 
-100.00000 -100.00000 
 0.10769 -0.57107 
-100.00000 -100.00000 
-100.00000 -100.00000 
-100.00000 -0.00005 
 0.00000  0.00000 
 0.00000  0.00000 
-100.00000 -100.00000 
-100.00000 -100.00000 
-100.00000 -100.00000 
 0.00000  0.00000 
-100.00000 -100.00000 
-100.00000 -100.00000 
-100.00000 -100.00000 
-100.00000 -0.00004 
 0.40648  0.47072 
-100.00000 -100.00000 
 0.26310  0.58486 
-100.00000 -100.00000 
-100.00000 -100.00000 
-100.00000  0.13752 
-100.00000 -100.00000 
-100.00000 -100.00000 
-0.22156 -0.53618 
 0.13390  0.14477 
-0.45008 -0.46641 
-100.00000 -100.00000 
-100.00000 -100.00000 
-100.00000 -100.00000 
 0.00000  0.00000 
-100.00000 -100.00000 
-100.00000 -100.00000 
 0.00000  0.00000 
 0.16501  0.92622 
-0.12654  0.27723 
-100.00000 -100.00000 
-100.00000 -100.00000 
-0.37907 -0.96020 
-100.00000 -100.00000 
-100.00000 -100.00000 
-0.67131  0.77016 
-100.00000 -100.00000 
-100.00000 -100.00000 
-100.00000 -100.00000 
-100.00000 -100.00000 
-100.00000 -100.00000 
-100.00000 -100.00000 
-100.00000 -100.00000 
-0.18625  0.23142 
 0.15407 -0.11404 
-0.08391  0.00015 
-100.00000 -100.00000 
 0.00226 -0.74606 
-100.00000 -100.00000 
-100.00000 -100.00000 
 0.04311  0.33097 
-100.00000 -100.00000 
-100.00000 -100.00000 
-100.00000 -100.00000 
-0.06496 -0.32297 
-100.00000 -100.00000 
-0.00031 -0.05310 
-100.00000 -100.00000 
-0.34481 -100.00000 
-100.00000 -100.00000 
 0.00000  0.00000 
-0.14193 -0.49666 
 0.54309  0.76582 
-100.00000 -100.00000 
-100.00000 -100.00000 
 0.14492 -0.25641 
-100.00000 -100.00000 
-100.00000 -100.00000 
-100.00000 -100.00000 
-0.25106 -0.49644 
-100.00000  0.00016 
-100.00000  0.66290 
-100.00000  0.00003 
 0.00000  0.00000 
-100.00000 -100.00000 
-100.00000 -100.00000 
-100.00000 -100.00000 
 0.13736 -100.00000 
-100.00000 -100.00000 
-0.03454  0.25705 
-0.27282 -0.13058 
-100.00000 -100.00000 
-0.08151 -100.00000 
-100.00000 -100.00000 
-0.66888 -0.56202 
 0.03584 -100.00000 
-0.67763 -0.00466 
-0.07768 -100.00000 
-100.00000 -100.00000 
 0.00000  0.00000 
-100.00000 -100.00000 
-100.00000 -100.00000 
-0.35935 -0.00008 
-100.00000 -100.00000 
 0.26244  0.41328 
-100.00000  0.20206 
 0.00005 -0.00011 
-0.76398  0.13624 
-100.00000  0.00037 
 0.00010  0.13253 
-0.09481 -100.00000 
-100.00000 -100.00000 
-100.00000 -100.00000 
-100.00000 -100.00000 
-100.00000  0.00006 
 0.26289  0.26299 
-100.00000 -100.00000 
-100.00000 -100.00000 
-100.00000  0.00008 
-100.00000  0.26305 
-100.00000 -100.00000 
-100.00000 -100.00000 
-100.00000 -100.00000 
-100.00000 -100.00000 
-100.00000 -100.00000 
-100.00000 -100.00000 
 0.01345  0.37853 
-100.00000 -100.00000 
-100.00000 -100.00000 
-100.00000 -100.00000 
-100.00000 -100.00000 
-100.00000 -100.00000 
-100.00000 -100.00000 
-100.00000 -100.00000 
-100.00000 -100.00000 
-100.00000 -100.00000 
-100.00000 -100.00000 
-100.00000 -100.00000 
 0.00044  0.57606 
-100.00000 -100.00000 
-100.00000 -100.00000 
-100.00000 -100.00000 
-100.00000 -100.00000 
-100.00000 -100.00000 
 0.13869 -100.00000 
-100.00000 -100.00000 
 0.48552 -100.00000 
-100.00000 -100.00000 
