 0.00004 -100.00000 
 0.42363  0.56105 
-100.00000 -0.29698 
 0.39460 -0.10715 
-100.00000 -100.00000 
-100.00000 -100.00000 
-100.00000 -100.00000 
-100.00000 -100.00000 
-100.00000 -100.00000 
-100.00000 -100.00000 
-100.00000 -100.00000 
-100.00000 -100.00000 
-100.00000 -100.00000 
-100.00000 -100.00000 
-100.00000 -100.00000 
-0.26913 -0.91661 
-100.00000 -100.00000 
 0.14493  0.07810 
-100.00000 -0.48604 
-100.00000 -100.00000 
-100.00000 -100.00000 
-100.00000 -100.00000 
-100.00000 -100.00000 
-0.10139 -0.01885 
-0.56759 -0.04717 
-100.00000 -0.40473 
 0.00000  0.00000 
 0.00000  0.00000 
 0.01324 -0.84767 
 0.14715 -0.18034 
-0.12256  0.07229 
-100.00000  0.33034 
-100.00000 -100.00000 
 0.36039 -0.17407 
-100.00000 -100.00000 
-100.00000 -100.00000 
-100.00000 -100.00000 
-100.00000 -100.00000 
 0.41118  0.20178 
 0.00000  0.00000 
-100.00000 -100.00000 
-100.00000 -100.00000 
-100.00000 -100.00000 
-100.00000 -100.00000 
 0.64300 -0.15158 
-100.00000 -100.00000 
 0.13752 -100.00000 
 0.00000  0.00000 
-100.00000 -100.00000 
-100.00000 -100.00000 
-100.00000 -100.00000 
 0.51470 -0.47177 
 0.27445  0.06568 
-100.00000  0.54187 
 0.00000  0.00000 
-100.00000 -100.00000 
 0.33634  0.77386 
-100.00000 -0.00583 
-100.00000 -100.00000 
 0.35399 -0.06707 
-0.00012  0.00006 
-0.08530  0.05523 
-100.00000 -0.34676 
-100.00000  0.78102 
-100.00000  0.39036 
-100.00000 -100.00000 
-100.00000 -100.00000 
-0.44345  0.06018 
-100.00000 -100.00000 
-0.13674 -0.16757 
-0.13035  0.53717 
-100.00000 -100.00000 
 0.00000  0.00000 
-0.07954 -100.00000 
-0.17750 -0.15322 
-100.00000 -100.00000 
-100.00000 -100.00000 
-100.00000 -100.00000 
-100.00000 -100.00000 
-100.00000 -100.00000 
 0.00000  0.00000 
-100.00000 -100.00000 
-0.00016  0.35365 
-100.00000 -100.00000 
-0.17381  0.04501 
-0.05985 -0.38963 
-100.00000 -100.00000 
-0.12440 -100.00000 
 0.01156 -0.35136 
 0.14305 -0.06673 
 0.05742  0.31830 
 0.13975  0.42673 
-100.00000 -100.00000 
-100.00000 -100.00000 
-0.51949  0.15945 
 0.13751 -0.15139 
-100.00000 -100.00000 
-100.00000 -100.00000 
 0.02496  0.17130 
 0.31884  0.26317 
 0.00000  0.00000 
 0.08049 -0.02580 
-100.00000  0.00026 
 0.00000  0.00000 
-100.00000 -100.00000 
-100.00000 -100.00000 
-100.00000 -100.00000 
-100.00000  0.13752 
-100.00000 -100.00000 
-100.00000 -100.00000 
 0.21652 -0.30608 
-100.00000 -100.00000 
-0.23726 -0.41169 
-0.05670  0.18335 
 0.14561 -0.02266 
-100.00000 -100.00000 
-100.00000 -100.00000 
-100.00000 -100.00000 
-100.00000 -100.00000 
-100.00000 -100.00000 
-100.00000 -100.00000 
-100.00000 -100.00000 
 0.07368  0.00277 
-100.00000  0.13767 
-100.00000 -100.00000 
-0.19462  0.03219 
-100.00000 -0.08056 
-100.00000 -100.00000 
-100.00000 -100.00000 
-100.00000 -100.00000 
-100.00000 -100.00000 
-100.00000 -100.00000 
-100.00000 -100.00000 
-100.00000 -100.00000 
 0.21139  0.58111 
-0.91123 -0.03686 
-0.37387  0.47209 
-0.21835  0.47228 
-0.44097  0.14382 
-100.00000 -100.00000 
-100.00000 -100.00000 
 0.00000  0.00000 
 0.14297 -0.35971 
-100.00000 -100.00000 
-100.00000 -0.09409 
 0.00000  0.00000 
-100.00000 -100.00000 
-100.00000 -100.00000 
-100.00000 -100.00000 
-100.00000 -100.00000 
-100.00000 -100.00000 
-100.00000 -100.00000 
-0.10943 -0.29849 
 0.20656  0.20857 
-100.00000 -100.00000 
 0.37803 -0.42557 
 0.03516 -0.26334 
 0.11729  0.37270 
 0.20407 -0.56162 
-100.00000 -100.00000 
-0.10022 -0.14967 
 0.14190  0.74786 
 0.00000  0.00000 
-100.00000 -100.00000 
-100.00000 -0.01395 
-100.00000 -100.00000 
-100.00000 -100.00000 
-100.00000 -100.00000 
-0.51739  0.03017 
 0.19627 -0.60098 
-0.35347 -0.00089 
-0.05605  0.32571 
 0.43738  0.15045 
 0.25484  0.11186 
-0.06277  0.05555 
-0.08788  0.14963 
-0.00031 -100.00000 
 0.47073 -0.49737 
 0.00000  0.00000 
-0.47462 -100.00000 
 0.03492 -0.52912 
-100.00000 -0.14991 
 0.00000  0.00000 
 0.00000  0.00000 
-0.46812  0.32658 
 0.34715 -0.28775 
 0.34894  0.67165 
-100.00000 -100.00000 
-100.00000 -100.00000 
-100.00000 -100.00000 
-100.00000 -100.00000 
-100.00000 -100.00000 
-100.00000 -100.00000 
-100.00000 -100.00000 
-100.00000 -100.00000 
-0.23319  0.11403 
 0.13282  0.12483 
-100.00000 -100.00000 
-0.00000 -100.00000 
-0.24658  0.07105 
 0.02742 -0.33038 
-0.21400 -0.09214 
-100.00000 -0.00003 
-100.00000 -100.00000 
-0.44599 -0.00977 
 0.53387 -0.00715 
-100.00000 -100.00000 
-100.00000 -100.00000 
-0.22637  0.01045 
 0.00000  0.00000 
-0.10196 -0.85424 
 0.00000  0.00000 
 0.14208 -100.00000 
 0.01630 -100.00000 
-100.00000 -100.00000 
-100.00000 -0.35237 
-100.00000 -100.00000 
-100.00000 -0.00021 
-100.00000 -100.00000 
 0.42901  0.24843 
 0.00000  0.00000 
 0.14170 -100.00000 
 0.00000  0.00000 
 0.14152  0.37883 
-100.00000  0.00009 
-100.00000 -100.00000 
-0.14263 -0.22677 
-100.00000 -100.00000 
-100.00000 -100.00000 
 0.14210  0.19211 
 0.25196  0.13715 
 0.48297 -0.21738 
-100.00000 -100.00000 
-100.00000  0.11638 
-0.08226 -0.13097 
 0.07099  0.70967 
-0.32200  0.39247 
 0.02691  0.61195 
 0.12660  0.13762 
 0.15546  0.26701 
-100.00000 -100.00000 
-100.00000 -100.00000 
-100.00000 -100.00000 
 0.00000  0.00000 
-100.00000 -100.00000 
 0.56010  0.01166 
-100.00000 -100.00000 
-0.19570  0.67835 
-100.00000 -100.00000 
-100.00000 -100.00000 
 0.08883  0.36395 
-100.00000  0.13036 
 0.48563  0.10570 
-0.01455 -0.44991 
 0.01664  0.25665 
-100.00000 -100.00000 
-0.23305 -0.29409 
-100.00000 -100.00000 
-100.00000 -100.00000 
-100.00000 -100.00000 
 0.22787  0.10855 
-100.00000 -100.00000 
 0.00000  0.00000 
-100.00000  0.00009 
-100.00000 -100.00000 
-100.00000 -100.00000 
-100.00000 -100.00000 
-100.00000 -0.00053 
-100.00000 -100.00000 
-100.00000 -100.00000 
-100.00000 -100.00000 
-100.00000 -100.00000 
-100.00000 -100.00000 
 0.08397 -0.33240 
-100.00000 -100.00000 
 0.26764 -0.07697 
 0.05214  0.40879 
 0.31099  0.11841 
-100.00000  0.00545 
-100.00000 -100.00000 
 0.13742  0.29741 
 0.25229  0.13768 
 0.05204 -0.30339 
-100.00000 -100.00000 
 0.00000  0.00000 
 0.15010 -0.75900 
-100.00000  0.27155 
-100.00000 -100.00000 
 0.29811 -0.17370 
-100.00000 -0.29014 
-100.00000 -100.00000 
 0.00000  0.00000 
-100.00000 -100.00000 
 0.16031  1.22651 
-100.00000 -100.00000 
-100.00000 -100.00000 
-100.00000 -100.00000 
-100.00000 -100.00000 
 0.45242  1.13064 
-100.00000 -100.00000 
-100.00000 -100.00000 
-100.00000 -100.00000 
 0.00000  0.00000 
-0.21535 -0.01226 
 0.00000  0.00000 
-100.00000 -100.00000 
-100.00000 -100.00000 
-100.00000 -100.00000 
-100.00000 -100.00000 
 0.00000  0.00000 
-100.00000 -100.00000 
 0.15083  0.08487 
-100.00000 -100.00000 
 0.48532 -0.01646 
-100.00000 -0.00021 
-100.00000 -100.00000 
-100.00000 -100.00000 
-100.00000  0.27674 
-100.00000 -100.00000 
-100.00000 -100.00000 
-0.53546  0.13390 
-0.00018  0.13728 
-100.00000 -100.00000 
-100.00000 -100.00000 
 0.44269 -0.18459 
 0.08700 -0.59105 
-0.37012 -0.26056 
-100.00000 -100.00000 
-100.00000 -100.00000 
-100.00000 -100.00000 
-100.00000 -100.00000 
-100.00000 -100.00000 
-100.00000 -100.00000 
-100.00000 -100.00000 
-100.00000 -100.00000 
 0.00000  0.00000 
 0.15648 -0.46765 
-100.00000 -0.22460 
-100.00000 -100.00000 
-100.00000 -0.00030 
-100.00000  0.12036 
-0.15973  0.23840 
-100.00000 -100.00000 
-100.00000 -100.00000 
-100.00000 -100.00000 
-100.00000 -100.00000 
-100.00000 -100.00000 
-100.00000 -100.00000 
-100.00000  0.32955 
-100.00000 -100.00000 
-100.00000 -100.00000 
-100.00000 -100.00000 
 0.25620 -0.85134 
-100.00000 -100.00000 
-100.00000 -100.00000 
-100.00000 -100.00000 
-100.00000 -100.00000 
-0.28635 -0.31703 
-100.00000 -100.00000 
-100.00000 -100.00000 
-0.00081 -0.00045 
-0.05450  0.14863 
-100.00000 -100.00000 
-100.00000 -100.00000 
-100.00000 -100.00000 
-100.00000 -100.00000 
-100.00000 -100.00000 
 0.36308  0.37844 
 0.05647 -0.04936 
-0.20217 -0.16831 
 0.00000  0.00000 
-100.00000 -100.00000 
-100.00000 -100.00000 
-100.00000 -100.00000 
-100.00000 -100.00000 
-100.00000 -100.00000 
 0.13742 -100.00000 
-100.00000 -100.00000 
-100.00000 -100.00000 
 0.27828 -0.45790 
-100.00000 -100.00000 
-100.00000  0.00036 
-0.02451 -0.08617 
-100.00000 -100.00000 
-100.00000 -100.00000 
 0.00000  0.00000 
-100.00000 -100.00000 
-0.32112  0.24126 
 0.00000  0.00000 
-100.00000 -0.00019 
-100.00000  0.12581 
 0.35181 -0.24052 
 0.00000  0.00000 
 0.10865  0.24938 
-100.00000 -100.00000 
 0.00000  0.00000 
 0.06364 -0.00002 
-100.00000 -100.00000 
-100.00000 -0.00004 
-100.00000 -100.00000 
-0.05678  0.11807 
-100.00000 -100.00000 
 0.00000  0.00000 
 0.08956 -0.37189 
-100.00000 -100.00000 
-100.00000 -100.00000 
-0.08398 -0.19243 
-100.00000 -100.00000 
-100.00000  0.13756 
-100.00000 -0.34205 
-0.23229  0.36314 
-100.00000  0.41621 
-100.00000 -100.00000 
 0.00000  0.00000 
 0.00000  0.00000 
-100.00000 -100.00000 
-100.00000 -100.00000 
 0.14784 -0.12543 
-100.00000 -100.00000 
-100.00000 -100.00000 
-100.00000 -100.00000 
 0.00000  0.00000 
-100.00000 -100.00000 
 0.00000  0.00000 
 0.17312  0.11193 
-100.00000 -0.11086 
-100.00000 -100.00000 
 0.54933  0.39285 
-0.14036 -0.49994 
-100.00000 -100.00000 
-100.00000 -100.00000 
-100.00000 -100.00000 
-0.15668  0.27592 
-100.00000 -100.00000 
-100.00000 -100.00000 
-100.00000 -100.00000 
-100.00000 -100.00000 
 0.00000  0.00000 
-100.00000 -100.00000 
-100.00000 -100.00000 
-100.00000 -100.00000 
-100.00000 -100.00000 
-100.00000 -100.00000 
-100.00000 -100.00000 
-100.00000 -100.00000 
-100.00000 -100.00000 
 0.00000  0.00000 
-100.00000 -100.00000 
-100.00000 -100.00000 
 0.54402  0.00038 
-100.00000 -100.00000 
 0.26523  0.11981 
-100.00000 -100.00000 
 0.46703 -0.33898 
-0.34178 -0.64339 
-100.00000 -0.29649 
 0.00000  0.00000 
-100.00000 -100.00000 
-0.83365  0.32324 
 0.00000  0.00000 
-100.00000  0.00000 
-100.00000 -100.00000 
-100.00000 -0.13710 
 0.01644 -0.44771 
-100.00000 -100.00000 
-0.23831 -100.00000 
-0.25861  0.07552 
-100.00000 -100.00000 
-100.00000 -100.00000 
-0.58006  0.08320 
 0.00000  0.00000 
 0.00000  0.00000 
-100.00000 -100.00000 
-0.29659  0.27266 
-100.00000 -100.00000 
-0.19093  0.17356 
-100.00000  0.22737 
 0.00000  0.00000 
-100.00000 -100.00000 
-100.00000 -100.00000 
-100.00000 -100.00000 
-100.00000  0.11160 
-100.00000 -100.00000 
-100.00000  0.09112 
-0.20695  0.26539 
-0.59108  0.07516 
-100.00000 -100.00000 
-0.27911 -0.73238 
 0.00000  0.00000 
-100.00000 -0.06345 
-100.00000 -100.00000 
-100.00000 -100.00000 
 0.04919 -100.00000 
-0.25523 -0.79948 
-100.00000 -100.00000 
-100.00000 -100.00000 
 0.00000  0.00000 
-100.00000 -100.00000 
-0.16039 -0.19980 
 0.01326  0.07152 
-0.09451  0.39637 
-100.00000 -0.14980 
 0.01314  0.35359 
-0.34038 -0.58335 
-100.00000  0.26309 
-100.00000  0.00012 
-0.00009 -100.00000 
-100.00000 -100.00000 
-100.00000 -100.00000 
-0.27046  0.69704 
-100.00000 -0.52791 
 0.00000  0.00000 
-100.00000  0.10551 
 0.13726 -100.00000 
 0.14569  0.77296 
-100.00000 -100.00000 
-0.48882  0.10852 
-100.00000 -0.04752 
-100.00000 -100.00000 
 0.71943 -0.53804 
-100.00000 -100.00000 
 0.70005  0.56483 
-0.17956  0.13792 
-100.00000 -0.00293 
 0.36880 -100.00000 
-100.00000 -100.00000 
-0.16645 -0.13116 
-100.00000  0.26331 
-0.20302  0.21526 
-100.00000 -100.00000 
-100.00000 -100.00000 
-0.00006 -100.00000 
-0.20590 -0.35786 
-100.00000 -100.00000 
-100.00000  0.09429 
-100.00000 -100.00000 
-100.00000 -100.00000 
-0.07436  0.15143 
-100.00000 -100.00000 
-100.00000 -100.00000 
-100.00000 -100.00000 
-100.00000 -100.00000 
-100.00000 -100.00000 
-100.00000  0.13748 
-100.00000 -100.00000 
-100.00000 -100.00000 
-100.00000 -100.00000 
-100.00000 -100.00000 
 0.01308 -0.01396 
 0.10341 -0.02632 
-100.00000 -100.00000 
-100.00000 -100.00000 
-100.00000 -100.00000 
-100.00000 -100.00000 
 0.13757  0.09018 
 0.00000  0.00000 
 0.00035 -100.00000 
-100.00000  0.00005 
-100.00000 -100.00000 
-100.00000 -100.00000 
-100.00000 -100.00000 
-100.00000 -0.14840 
-100.00000 -100.00000 
-100.00000 -100.00000 
-100.00000  0.13747 
