-100.00000 -100.00000 
-0.03305 -0.59705 
-0.20719  0.13759 
 0.20362 -100.00000 
-0.12018 -100.00000 
-100.00000 -100.00000 
-100.00000 -100.00000 
-100.00000 -100.00000 
-100.00000 -100.00000 
 0.01954  0.52047 
 0.03363 -0.05661 
-100.00000 -100.00000 
-100.00000  0.47739 
-100.00000 -100.00000 
-100.00000 -100.00000 
-100.00000 -100.00000 
-100.00000 -100.00000 
-100.00000 -100.00000 
 0.21138 -0.26230 
-100.00000 -100.00000 
-100.00000 -100.00000 
-100.00000 -100.00000 
-100.00000 -100.00000 
-0.21512 -0.00582 
 0.00000  0.00000 
-100.00000 -100.00000 
 0.13753  0.26305 
-100.00000  0.00000 
-100.00000 -100.00000 
-100.00000 -100.00000 
-100.00000  0.37856 
-100.00000 -100.00000 
-100.00000 -100.00000 
-100.00000  0.13756 
-100.00000 -100.00000 
-100.00000 -100.00000 
-0.10123 -100.00000 
-100.00000 -100.00000 
-100.00000 -100.00000 
 0.13885 -100.00000 
-100.00000 -100.00000 
-100.00000 -100.00000 
-100.00000 -100.00000 
-100.00000 -100.00000 
 0.00000  0.00000 
-100.00000 -100.00000 
-100.00000 -100.00000 
 0.13748 -100.00000 
-100.00000 -100.00000 
-100.00000 -100.00000 
-100.00000 -100.00000 
 0.07885 -100.00000 
 0.14574 -100.00000 
 0.00000  0.00000 
-100.00000  0.13742 
-0.18815 -100.00000 
-0.62457 -100.00000 
-100.00000 -100.00000 
-100.00000 -100.00000 
 0.75492 -100.00000 
-100.00000 -100.00000 
 0.36128  1.04884 
-100.00000 -100.00000 
-0.07832 -0.02135 
-100.00000 -100.00000 
-100.00000 -100.00000 
-100.00000 -100.00000 
-0.48517  0.33358 
-100.00000 -100.00000 
 0.14017  0.37862 
-0.26911  0.31783 
-100.00000 -100.00000 
-100.00000 -0.00008 
-100.00000 -100.00000 
 0.04489  0.26317 
-100.00000 -100.00000 
-100.00000 -100.00000 
-100.00000 -0.00001 
-100.00000 -100.00000 
-100.00000  0.00011 
 0.28838  0.07087 
-100.00000 -100.00000 
-100.00000 -100.00000 
-100.00000 -100.00000 
 0.01312 -100.00000 
-0.76222  0.05940 
-100.00000 -100.00000 
 0.01310 -0.03525 
 0.02691  0.07851 
 0.43308  0.52661 
-0.43971 -100.00000 
-100.00000 -0.04398 
-100.00000 -100.00000 
-100.00000 -100.00000 
 0.18196  0.07058 
-100.00000 -100.00000 
-100.00000 -100.00000 
-100.00000 -100.00000 
-100.00000 -100.00000 
-0.26612 -100.00000 
-0.34250 -0.00775 
-100.00000 -100.00000 
-100.00000 -100.00000 
 0.15344 -100.00000 
-100.00000 -100.00000 
-100.00000 -100.00000 
-100.00000 -100.00000 
-0.38110  0.11494 
-100.00000 -100.00000 
-100.00000 -100.00000 
-100.00000 -100.00000 
 0.31380  0.23006 
-0.07193 -0.12686 
-0.15507  0.39965 
 0.23749 -0.23453 
-100.00000 -100.00000 
-100.00000 -100.00000 
-100.00000 -100.00000 
-100.00000 -0.26274 
-100.00000 -100.00000 
 0.62838 -0.19992 
-100.00000 -100.00000 
-100.00000 -0.21737 
-100.00000 -100.00000 
-100.00000 -100.00000 
-100.00000 -100.00000 
-100.00000 -100.00000 
-100.00000 -100.00000 
-100.00000 -100.00000 
-100.00000 -100.00000 
-100.00000 -100.00000 
-100.00000 -100.00000 
-100.00000 -100.00000 
-100.00000 -100.00000 
-0.14003  0.03382 
 0.16545 -100.00000 
 0.23631 -100.00000 
 0.25492 -0.08792 
 0.14277 -100.00000 
-100.00000 -100.00000 
 0.58317 -0.26805 
-0.32343  0.13753 
 0.00000  0.00000 
-100.00000 -100.00000 
-0.00025 -100.00000 
 0.14432  0.85649 
-100.00000 -100.00000 
-100.00000 -100.00000 
-100.00000 -100.00000 
-100.00000 -100.00000 
-100.00000 -100.00000 
-100.00000 -100.00000 
 0.44533 -0.08799 
 0.00000  0.00000 
-100.00000  0.31948 
-0.09122 -100.00000 
 0.13960  0.07945 
 0.26344 -0.59604 
-100.00000 -0.00002 
-100.00000 -100.00000 
 0.81247  0.11468 
 0.58492 -0.00018 
 0.29782 -0.05241 
-100.00000 -100.00000 
 0.13751 -100.00000 
-100.00000 -100.00000 
-100.00000 -100.00000 
-100.00000 -100.00000 
-0.01404 -0.09357 
 1.25789 -0.09717 
-0.39530  0.83867 
 0.13747 -100.00000 
 0.08163  0.12938 
 0.61978 -0.15822 
-0.16038  0.16351 
-0.00367 -0.11811 
-0.17939  0.26336 
-100.00000 -100.00000 
 0.13929  0.26295 
-100.00000 -100.00000 
 0.00009  0.28766 
-0.60508 -100.00000 
-100.00000 -100.00000 
-0.06397  0.26321 
-100.00000 -100.00000 
-100.00000 -100.00000 
-100.00000 -100.00000 
-100.00000 -0.00003 
-100.00000 -100.00000 
 0.05083 -0.05903 
-100.00000 -100.00000 
-100.00000 -100.00000 
-100.00000 -100.00000 
-100.00000 -100.00000 
-100.00000 -100.00000 
 0.00000  0.00000 
 0.00000  0.00000 
-100.00000 -100.00000 
-100.00000 -100.00000 
-100.00000 -100.00000 
 0.01773  0.92591 
-100.00000 -100.00000 
-100.00000 -100.00000 
-0.07380 -0.46339 
 0.06774 -0.55425 
-100.00000 -100.00000 
-0.00002 -0.32668 
 0.57653 -0.13679 
 0.15510 -0.03650 
 0.09608 -100.00000 
-100.00000 -100.00000 
-0.30537  0.67837 
-100.00000 -0.00041 
 0.27743 -0.19934 
-100.00000 -100.00000 
-100.00000 -100.00000 
-100.00000 -100.00000 
 0.06604 -0.29915 
-100.00000 -100.00000 
-0.15399 -100.00000 
 0.07804  0.12780 
 0.11328 -0.42431 
 0.17732  0.11095 
-0.10759  0.37861 
-100.00000 -100.00000 
 0.16735 -0.11429 
-100.00000 -100.00000 
-100.00000 -100.00000 
-0.00941  0.13758 
-100.00000  0.00013 
-0.09780  0.15915 
-0.09669  0.75657 
-100.00000 -100.00000 
-0.63075  0.31331 
-100.00000 -100.00000 
-0.22652  0.42010 
 0.33167 -0.42256 
-100.00000 -100.00000 
 0.44969 -0.27562 
 0.00000  0.00000 
-100.00000 -100.00000 
-100.00000 -100.00000 
-100.00000 -100.00000 
-0.02556 -0.31805 
 0.09718 -0.02338 
-0.04416  0.40079 
-100.00000 -100.00000 
-100.00000  0.44066 
-100.00000 -100.00000 
-100.00000 -100.00000 
-0.33596  0.00635 
 0.09592 -100.00000 
-100.00000 -0.06809 
 0.10557  0.41940 
-0.00003  0.58523 
-100.00000 -100.00000 
-100.00000 -100.00000 
-100.00000 -100.00000 
-0.14590 -100.00000 
-100.00000 -100.00000 
-100.00000 -100.00000 
-100.00000 -100.00000 
-0.12123 -100.00000 
-100.00000 -100.00000 
-100.00000 -100.00000 
-100.00000 -100.00000 
-100.00000 -100.00000 
-100.00000 -100.00000 
-0.00573  0.16578 
-100.00000 -100.00000 
-0.18001 -0.00003 
-0.00002 -100.00000 
-100.00000 -100.00000 
-0.08814  0.52464 
 0.37861  0.37875 
 0.08142 -100.00000 
-0.34593  0.04392 
-0.77923  0.34451 
 0.14638 -100.00000 
-100.00000  0.00021 
-100.00000 -100.00000 
-100.00000 -100.00000 
-100.00000 -100.00000 
-100.00000 -100.00000 
-0.50874 -0.25622 
-0.10981 -0.00029 
 0.04878 -100.00000 
 0.00009 -100.00000 
 0.00000  0.00000 
-100.00000 -100.00000 
-100.00000 -100.00000 
 0.43142  0.21704 
-100.00000 -100.00000 
-0.00196 -100.00000 
-100.00000 -100.00000 
-0.07661  0.12451 
-100.00000 -100.00000 
-0.20197 -100.00000 
-0.13561 -0.41618 
-100.00000 -100.00000 
-100.00000 -100.00000 
-100.00000 -100.00000 
 0.36309 -0.19694 
 0.00003 -100.00000 
-0.04232 -0.24663 
-0.04414 -0.35163 
-0.18725  0.67491 
-100.00000 -100.00000 
 0.07032  0.18870 
-100.00000  0.00008 
-100.00000 -100.00000 
 0.00000  0.00000 
 0.13747 -0.28464 
-0.00602 -0.06968 
 0.01529 -0.00018 
-100.00000 -100.00000 
-100.00000 -100.00000 
-0.16272  0.58039 
-100.00000 -100.00000 
-100.00000 -100.00000 
 0.58481  0.13761 
 0.01898  0.36798 
-100.00000 -100.00000 
-0.07633 -100.00000 
-100.00000 -100.00000 
-100.00000 -0.02684 
-100.00000 -100.00000 
-100.00000 -100.00000 
-100.00000 -100.00000 
-100.00000 -100.00000 
-100.00000 -100.00000 
-100.00000 -100.00000 
-100.00000 -100.00000 
-100.00000 -100.00000 
-100.00000 -100.00000 
-100.00000 -100.00000 
-100.00000 -100.00000 
-0.14028 -100.00000 
-100.00000 -100.00000 
-100.00000 -100.00000 
-0.22048 -100.00000 
-0.36835  0.02129 
-100.00000 -100.00000 
-100.00000 -100.00000 
-100.00000 -100.00000 
-100.00000 -100.00000 
-100.00000 -100.00000 
-100.00000 -100.00000 
-100.00000 -100.00000 
-100.00000 -100.00000 
-100.00000 -100.00000 
-100.00000 -100.00000 
-100.00000 -100.00000 
-100.00000 -100.00000 
-100.00000 -100.00000 
-100.00000 -100.00000 
-100.00000 -100.00000 
-0.32902 -0.10510 
-100.00000 -100.00000 
-100.00000 -100.00000 
-100.00000 -100.00000 
-100.00000 -100.00000 
-100.00000 -100.00000 
-100.00000 -100.00000 
-0.05264  0.39236 
-100.00000 -100.00000 
-0.00969 -0.06241 
 0.00000  0.00000 
 0.00000  0.00000 
 0.44194  0.31887 
 0.01518 -100.00000 
-100.00000 -100.00000 
-0.27224  0.06441 
-100.00000 -100.00000 
 0.24098 -100.00000 
-100.00000 -100.00000 
-0.06236 -0.11816 
-100.00000 -100.00000 
-100.00000 -100.00000 
-100.00000 -100.00000 
 0.21873  0.48559 
-100.00000  0.58478 
-100.00000 -100.00000 
-100.00000 -100.00000 
 0.02237  0.26312 
-100.00000  0.39228 
-100.00000 -100.00000 
-100.00000 -100.00000 
-0.31957 -100.00000 
 0.66598  0.13795 
-100.00000 -100.00000 
-0.58326 -100.00000 
 0.40392  0.00014 
-100.00000 -100.00000 
-100.00000 -100.00000 
-100.00000 -100.00000 
 0.05751 -100.00000 
-100.00000 -100.00000 
-100.00000 -100.00000 
-0.18321 -100.00000 
-100.00000 -100.00000 
-100.00000 -100.00000 
-100.00000  0.26314 
 0.05790 -0.27177 
-0.06338  1.13770 
-100.00000 -100.00000 
-100.00000  0.09405 
-100.00000 -100.00000 
-100.00000 -100.00000 
-0.31957  0.82235 
-100.00000 -100.00000 
-100.00000 -0.78531 
-100.00000 -100.00000 
-0.18330 -0.00010 
 0.65676  0.13725 
-100.00000 -100.00000 
-100.00000 -100.00000 
-100.00000 -100.00000 
-100.00000 -100.00000 
-100.00000 -100.00000 
-100.00000 -100.00000 
-0.11493  0.58507 
-100.00000 -100.00000 
-0.22044 -100.00000 
-100.00000 -100.00000 
-100.00000 -100.00000 
-100.00000 -100.00000 
-100.00000 -100.00000 
-100.00000 -100.00000 
-100.00000 -100.00000 
-100.00000 -100.00000 
-100.00000 -100.00000 
-100.00000  0.13745 
-100.00000 -100.00000 
-0.00005 -100.00000 
-100.00000 -100.00000 
 0.02803 -0.59332 
-0.22017 -0.54640 
-100.00000 -100.00000 
-100.00000 -100.00000 
-100.00000 -100.00000 
-100.00000 -100.00000 
-100.00000 -100.00000 
-100.00000 -100.00000 
-100.00000 -100.00000 
-100.00000 -100.00000 
 0.02235  0.00012 
-100.00000 -100.00000 
-100.00000 -100.00000 
-100.00000 -100.00000 
-100.00000 -100.00000 
-100.00000 -100.00000 
-100.00000 -100.00000 
 0.00000  0.00000 
-100.00000 -100.00000 
 0.04175 -100.00000 
-0.11500 -100.00000 
-100.00000 -100.00000 
-100.00000 -100.00000 
-0.01521 -0.00001 
-100.00000 -100.00000 
 0.19470 -0.21780 
-100.00000 -100.00000 
-100.00000 -100.00000 
-100.00000 -100.00000 
-100.00000 -100.00000 
-100.00000 -100.00000 
-0.09810  0.26299 
-100.00000 -100.00000 
-0.18325 -100.00000 
-100.00000 -100.00000 
 0.37854 -100.00000 
-100.00000 -100.00000 
-100.00000  0.20708 
-100.00000 -100.00000 
-100.00000 -100.00000 
 0.00031 -100.00000 
 0.14047  0.37841 
-100.00000 -100.00000 
-100.00000 -100.00000 
-100.00000 -100.00000 
-100.00000 -100.00000 
-100.00000 -100.00000 
-0.28328  0.11612 
 0.00000  0.00000 
-100.00000  0.00005 
-100.00000 -100.00000 
-100.00000 -100.00000 
 0.13749 -0.05239 
-100.00000  0.07265 
-100.00000 -100.00000 
-100.00000 -100.00000 
 0.02430  0.26319 
-100.00000 -100.00000 
-100.00000 -100.00000 
-100.00000 -100.00000 
-0.24894  0.08383 
-100.00000 -100.00000 
-0.15770 -100.00000 
-0.20098  0.44502 
-100.00000  0.27909 
-0.14233  0.71902 
-100.00000 -100.00000 
-0.17293  0.25262 
-0.56268  0.38867 
-100.00000  0.07945 
-100.00000  0.00004 
-100.00000 -100.00000 
-100.00000 -100.00000 
-0.03752 -100.00000 
-100.00000 -100.00000 
 0.65080 -100.00000 
-100.00000 -0.00002 
-100.00000 -100.00000 
 0.25435 -0.00026 
-100.00000 -100.00000 
 0.25422 -0.11978 
-0.59286 -0.16185 
-100.00000 -100.00000 
 0.26604 -100.00000 
-100.00000 -100.00000 
-100.00000 -100.00000 
-0.12404 -100.00000 
-100.00000 -100.00000 
 0.13749 -100.00000 
-100.00000 -0.05971 
 0.00476 -0.15528 
-0.41611  0.47356 
-100.00000 -0.23315 
-100.00000 -100.00000 
-100.00000 -100.00000 
-100.00000 -100.00000 
-0.40656 -0.27731 
-100.00000 -100.00000 
-100.00000 -100.00000 
-100.00000 -100.00000 
-100.00000 -100.00000 
-100.00000 -100.00000 
-100.00000 -100.00000 
-100.00000 -100.00000 
-100.00000 -100.00000 
 0.24679 -100.00000 
-100.00000 -100.00000 
-100.00000 -100.00000 
-100.00000 -100.00000 
-100.00000 -100.00000 
-100.00000 -100.00000 
-100.00000 -100.00000 
-100.00000 -100.00000 
-100.00000 -100.00000 
-100.00000 -100.00000 
-100.00000 -100.00000 
-100.00000 -100.00000 
-100.00000 -100.00000 
-100.00000 -100.00000 
 0.13741 -0.12976 
-100.00000 -100.00000 
-100.00000 -100.00000 
-100.00000 -100.00000 
-100.00000 -0.05256 
-100.00000 -100.00000 
-100.00000 -100.00000 
-100.00000 -100.00000 
-100.00000 -100.00000 
-100.00000 -100.00000 
