 0.04176 -0.25588 
 0.50365 -0.03397 
-0.25561 -0.45384 
 0.32605  0.18076 
 0.64107  0.04109 
-100.00000  0.26301 
 0.00000  0.00000 
-100.00000  0.15183 
 0.32173 -0.65269 
-100.00000 -0.16524 
 0.15006  0.45545 
 0.23023  0.68587 
 0.00000  0.00000 
-0.43997  0.42226 
-100.00000 -0.29737 
-100.00000 -100.00000 
 0.14931 -0.49892 
 0.26301  0.13750 
 0.14274  0.06025 
 0.08638  0.22139 
-100.00000 -100.00000 
 0.05464  0.05897 
-0.18067 -0.27428 
-100.00000 -100.00000 
-100.00000 -0.00001 
-0.33003  0.16450 
-100.00000 -100.00000 
-100.00000 -100.00000 
-100.00000 -0.00005 
-100.00000 -100.00000 
 0.26309  0.10864 
-100.00000  0.19029 
 0.00000  0.00000 
-100.00000 -100.00000 
-100.00000 -100.00000 
-0.61357  0.51051 
 0.14069  0.22280 
 0.13869 -100.00000 
-100.00000 -100.00000 
-100.00000 -100.00000 
 0.00000  0.00000 
 0.23517 -0.35495 
 0.00000  0.00000 
-100.00000 -100.00000 
-100.00000 -100.00000 
-100.00000 -100.00000 
 0.00000  0.00000 
-100.00000 -100.00000 
-100.00000 -100.00000 
-0.09787 -0.14822 
-0.19354 -0.44791 
-100.00000  0.13737 
 0.04083 -0.09225 
-100.00000 -100.00000 
-100.00000 -100.00000 
 0.01639 -0.14470 
 0.44154  0.12720 
-100.00000 -100.00000 
-0.23561  0.26303 
-0.00001 -100.00000 
-0.32536 -0.02216 
-100.00000 -100.00000 
 0.03428 -0.01757 
 0.48857  0.48018 
-0.22340  0.16422 
-100.00000 -100.00000 
-0.34398 -100.00000 
 0.75818 -0.67517 
-100.00000  0.22370 
-0.06447  0.10709 
-0.37009 -0.42450 
-100.00000 -100.00000 
-100.00000 -100.00000 
-0.06150 -0.16031 
 0.13761 -0.67243 
 0.01315  0.00010 
-100.00000 -100.00000 
 0.14620 -0.36042 
 0.06073  0.25330 
-100.00000  0.22259 
-100.00000 -100.00000 
-100.00000 -100.00000 
-100.00000 -0.03406 
-100.00000 -100.00000 
-100.00000  0.13743 
-100.00000 -0.59965 
-100.00000 -0.16499 
-0.39864 -0.09472 
 0.01294  0.47821 
-0.24342  0.00959 
 0.33326 -0.01500 
 0.33312  0.76575 
-100.00000 -100.00000 
-100.00000 -100.00000 
-100.00000 -100.00000 
-0.10179  0.06264 
 0.00000  0.00000 
-100.00000 -0.15156 
 0.01347 -0.51181 
-0.00697 -0.20908 
 0.01407 -0.02234 
-100.00000  1.13780 
 0.14748  0.62470 
-0.73598 -0.03199 
 0.13918 -100.00000 
 0.30535  0.38130 
-100.00000 -100.00000 
-100.00000 -100.00000 
-100.00000 -100.00000 
-0.44232  0.13753 
-0.85259 -0.63458 
-0.12456 -100.00000 
 0.56417 -0.46865 
-100.00000 -100.00000 
 0.26310 -0.33546 
-0.31114 -0.42808 
 0.14056 -0.15110 
-100.00000 -100.00000 
-100.00000  0.00000 
-100.00000 -100.00000 
-100.00000 -100.00000 
-0.53395 -100.00000 
 0.48548 -0.28895 
 0.03553  0.26320 
 0.00000  0.00000 
 0.18408 -0.14754 
 0.83260 -100.00000 
-0.19204 -0.76303 
-100.00000 -0.15029 
-100.00000 -100.00000 
 0.46136 -0.04170 
-100.00000  0.26308 
 0.07733  0.85254 
 0.36161  0.37854 
-100.00000 -100.00000 
-0.21307  0.63634 
 0.35617 -0.50831 
 0.08107  0.26557 
 0.17707 -0.23960 
-100.00000 -100.00000 
 0.20419  0.13746 
-100.00000 -100.00000 
-100.00000 -0.00012 
-100.00000 -100.00000 
-0.49802 -0.34874 
 0.23890  0.27682 
-0.05458  0.36159 
 0.00000  0.00000 
-100.00000 -100.00000 
 0.00000  0.00000 
-100.00000 -100.00000 
-100.00000 -100.00000 
 0.31767  0.27526 
-0.07839  0.11319 
 0.28044 -0.55673 
 0.01333 -0.04097 
 0.00399  0.31064 
-100.00000  0.67779 
-100.00000 -100.00000 
 0.13969 -100.00000 
-100.00000 -100.00000 
-100.00000 -100.00000 
-100.00000 -100.00000 
 0.31428 -0.93506 
-0.11775 -0.01395 
-100.00000 -100.00000 
-0.26127 -0.48022 
-100.00000 -100.00000 
 0.24774 -0.14359 
 0.28647 -0.06787 
-0.07914  0.13275 
-0.35781 -0.23562 
-0.00212 -0.33601 
-100.00000 -100.00000 
 0.37300  0.21085 
 0.18389  0.30576 
 0.05613  0.31786 
 0.09767 -0.94308 
 0.36168 -0.30869 
 0.22729 -0.21645 
-100.00000 -100.00000 
 0.00000  0.00000 
-100.00000 -100.00000 
-0.40501 -0.02525 
-0.15543 -0.05513 
 0.46112 -0.15024 
-0.03473  0.30193 
 0.46184  1.02001 
 0.00000  0.00000 
-100.00000 -100.00000 
 0.00000  0.00000 
-0.83491 -0.86868 
-100.00000 -100.00000 
 0.14216  0.00041 
 0.00000  0.00000 
-100.00000 -100.00000 
-0.12123 -100.00000 
-100.00000 -100.00000 
-0.23311  0.00011 
-100.00000 -100.00000 
 0.13748 -100.00000 
 0.07534  0.31805 
 0.14532 -0.12782 
-100.00000 -100.00000 
 0.13720  0.38359 
-100.00000 -100.00000 
-0.00002 -0.13826 
-100.00000 -100.00000 
 0.02932 -0.50764 
 0.73358 -0.27459 
-0.05535 -100.00000 
 0.15329 -0.35606 
 0.49930  0.34143 
-100.00000 -0.23375 
 0.00000  0.00000 
-0.50023  0.50999 
 0.00000  0.00000 
-0.21940  0.12892 
-100.00000 -100.00000 
-0.03656 -0.04901 
 0.72450  0.24026 
 0.37041  0.51977 
-100.00000 -0.37127 
 0.13714 -0.11734 
-100.00000  0.13759 
 0.08217  0.47727 
 0.23564  0.22110 
-0.53226  0.05057 
-0.10959 -0.43147 
 0.03580  0.06553 
-0.11792 -0.01187 
-0.23917  0.24251 
-100.00000 -100.00000 
 0.18000  0.48329 
 0.22037  0.52590 
 0.00000  0.00000 
-100.00000  0.23200 
 0.15249 -0.11353 
-0.00005 -0.33474 
 0.34999 -0.88628 
-0.11494 -100.00000 
-100.00000 -100.00000 
 0.06100  0.11356 
-0.07865  0.25875 
-100.00000 -100.00000 
-100.00000 -100.00000 
-100.00000 -100.00000 
 0.40696 -0.23995 
-0.56762 -0.08168 
 0.17417  1.00134 
 0.23322 -0.39144 
-100.00000  0.00001 
 0.01739 -0.23601 
-100.00000 -0.00008 
-100.00000  0.56331 
 0.58665 -0.32726 
 0.01820  0.39441 
 0.46130 -0.19471 
 0.49232  0.39566 
-0.02111 -0.00572 
-100.00000  0.13753 
-100.00000 -0.13801 
-100.00000 -100.00000 
-0.12110  0.22093 
-0.35574 -0.12285 
 0.06842 -0.14041 
-100.00000 -100.00000 
 0.01631  0.49454 
-100.00000 -100.00000 
-0.41716  0.00146 
-100.00000  0.24124 
-0.02261  0.35983 
-0.45609  0.09842 
 0.45742  0.49118 
-0.12117  0.00000 
 0.25723 -0.09152 
-0.61499  0.02391 
 0.66334 -0.22153 
-100.00000  0.00006 
-100.00000  0.76574 
-0.18463 -0.11727 
 0.07482  0.57993 
 0.13340  0.10492 
-100.00000 -0.13706 
-0.34441 -0.04890 
-0.31221 -0.10708 
 0.02830 -0.15686 
-0.07045  0.29175 
 0.04826 -0.07875 
-100.00000 -0.16749 
-100.00000  0.00005 
-0.29969 -100.00000 
 0.00006 -100.00000 
-0.23576 -0.38996 
-100.00000 -100.00000 
-100.00000 -100.00000 
-100.00000 -100.00000 
-100.00000 -100.00000 
 0.02777 -0.50466 
-0.05872 -0.40896 
-0.17580  0.34152 
-0.17305  0.36146 
-0.24998 -0.44652 
-100.00000 -100.00000 
 0.00009  0.01175 
 0.02798 -0.00028 
-100.00000 -100.00000 
 0.26296 -100.00000 
-100.00000 -100.00000 
-100.00000 -100.00000 
-0.08981  0.09651 
-100.00000 -100.00000 
-100.00000 -100.00000 
 0.00000  0.00000 
 0.28936  0.25876 
 0.01573  0.57927 
 0.02811  0.32850 
 0.35653 -0.57140 
-100.00000 -100.00000 
-100.00000 -100.00000 
-0.55795  0.69461 
-100.00000 -100.00000 
 0.00000  0.00000 
-100.00000 -100.00000 
-100.00000 -100.00000 
 0.04190 -100.00000 
-0.00007 -100.00000 
 0.14407 -100.00000 
-100.00000 -0.27955 
-0.00143  0.39410 
 0.00000  0.00000 
-100.00000 -100.00000 
-0.09482  0.26316 
 0.01679  0.22773 
-100.00000 -100.00000 
-100.00000 -100.00000 
 0.04139 -0.01196 
-100.00000 -100.00000 
-0.25447 -0.39856 
 0.09502 -0.05890 
-100.00000 -100.00000 
-100.00000 -100.00000 
-100.00000 -100.00000 
 0.14687  0.29169 
-0.32239  0.41464 
-0.23328  0.25549 
-100.00000  0.34408 
-0.08602  0.30164 
-0.12771 -0.11024 
-0.39774  0.03540 
-0.07527 -0.02951 
-100.00000  0.10639 
-0.01978 -0.39985 
-0.10829  0.06464 
-0.12216 -0.15591 
 0.36320 -100.00000 
-100.00000 -100.00000 
 0.01536 -0.00006 
 0.02797  0.05881 
-0.27201 -0.09840 
-0.37256 -0.12408 
-100.00000  0.13757 
-0.23499  0.00005 
-100.00000 -100.00000 
-100.00000 -100.00000 
-100.00000 -100.00000 
-100.00000 -100.00000 
-100.00000 -0.00007 
-100.00000  0.28602 
-0.03754 -0.19418 
-100.00000 -100.00000 
 0.00005  0.05760 
-100.00000 -100.00000 
-100.00000 -100.00000 
 0.00005  0.10579 
-100.00000 -0.03554 
-100.00000 -100.00000 
 0.05200 -0.04409 
-0.08805 -0.04057 
-0.00002  0.13745 
 0.34617  0.34838 
 0.08421  0.32280 
-100.00000 -100.00000 
-100.00000 -100.00000 
-100.00000 -0.22143 
 0.02210 -0.26336 
-0.23175 -0.31893 
-0.21912 -0.15970 
 0.26304 -0.44628 
-0.03390 -0.07088 
-0.27314 -0.05175 
-100.00000 -100.00000 
-100.00000 -100.00000 
-100.00000 -100.00000 
 0.00000  0.00000 
-100.00000 -100.00000 
-100.00000 -0.13746 
 0.00000  0.00000 
 0.39958 -0.23639 
-100.00000 -100.00000 
 0.58761  0.44889 
 0.09670  0.20310 
-0.11509 -100.00000 
-0.29278  0.00106 
-100.00000 -0.13720 
 0.08421  0.20715 
 0.15702 -100.00000 
 0.11439  0.20595 
 0.00000  0.00000 
-0.23597  0.09999 
 0.19450  0.00040 
 0.49701  0.03984 
-100.00000  0.26306 
-100.00000 -100.00000 
-0.01874 -0.02514 
-0.58246 -0.34640 
-0.11504 -100.00000 
-100.00000 -100.00000 
-100.00000 -100.00000 
 0.47032 -0.04430 
 0.00020 -100.00000 
-100.00000 -100.00000 
-100.00000  0.37854 
-100.00000 -100.00000 
-100.00000 -100.00000 
-100.00000 -100.00000 
 0.00000  0.00000 
-100.00000  0.13795 
-100.00000  0.12896 
 0.17314  0.02167 
 0.36854  0.22991 
-100.00000 -100.00000 
-100.00000 -100.00000 
 0.03874  0.76077 
-100.00000 -100.00000 
-100.00000 -100.00000 
-100.00000 -100.00000 
-100.00000 -100.00000 
 0.20795 -0.05510 
 0.00007 -0.25957 
-100.00000 -0.35939 
-0.17425 -0.06805 
 0.00000  0.00000 
-100.00000 -0.00011 
-100.00000 -100.00000 
-0.22156 -100.00000 
-100.00000 -100.00000 
-100.00000  0.24143 
-100.00000 -100.00000 
-100.00000 -100.00000 
-100.00000  0.00002 
-100.00000 -0.53778 
-100.00000 -100.00000 
-100.00000 -100.00000 
-100.00000  0.13742 
-0.19873 -0.31780 
-100.00000 -100.00000 
 0.00000  0.00000 
-100.00000 -100.00000 
-100.00000 -0.12488 
-100.00000 -100.00000 
-100.00000 -100.00000 
 0.02243  0.12593 
-100.00000 -0.00012 
 0.00000  0.00000 
-100.00000 -100.00000 
-0.25794  0.00197 
-0.12741  0.14461 
-0.36370  0.73826 
-0.11509 -0.14218 
 0.26438 -100.00000 
-100.00000 -100.00000 
 0.15694  0.28610 
 0.05447  0.41846 
 0.38189  0.29396 
-0.34427 -0.23622 
-100.00000  0.00012 
-100.00000 -100.00000 
 0.03408 -0.02516 
-100.00000 -100.00000 
-100.00000 -0.37093 
-0.34082  0.97465 
 0.01327 -0.02548 
-100.00000 -100.00000 
-100.00000 -100.00000 
-0.69913  0.54295 
-100.00000 -100.00000 
-100.00000 -100.00000 
-100.00000 -100.00000 
 0.59705  0.23854 
-100.00000 -100.00000 
-0.43654  0.09144 
 0.02430 -0.01349 
-100.00000 -100.00000 
 0.00000  0.00000 
-100.00000 -100.00000 
-0.04098 -0.21140 
 0.42105  0.19737 
-0.36460 -0.51144 
-100.00000 -100.00000 
-0.44337  0.03390 
 0.07761  0.09063 
-0.26791  0.67817 
-100.00000 -0.49734 
-100.00000 -100.00000 
-0.16033 -0.30743 
-0.18295 -0.53901 
-0.64459  0.33447 
-0.61019 -0.20797 
-0.12420  0.29216 
 0.13961  0.30516 
-0.23918  0.39452 
-100.00000 -0.27300 
-0.27285 -0.03415 
 0.33328  0.25220 
-0.55411  0.19192 
-0.16020  0.00637 
-0.29111  0.19736 
 0.00000  0.00000 
 0.04228 -0.38970 
-0.53261  0.07374 
-100.00000  0.33555 
-0.50613  0.48128 
 0.92206  0.55093 
-0.16693 -100.00000 
 0.00000  0.00000 
-100.00000 -0.09985 
-100.00000 -100.00000 
-0.62096  0.70446 
-100.00000 -100.00000 
-0.07800 -0.27253 
-0.45210  0.36679 
-100.00000 -100.00000 
-100.00000 -100.00000 
-100.00000 -100.00000 
 0.00000  0.00000 
-0.30543 -0.21863 
-0.10085 -0.77032 
-100.00000 -100.00000 
 0.44115 -0.24544 
 0.00000  0.00000 
 0.14236  0.54313 
-0.07746 -100.00000 
 0.00000  0.00000 
-100.00000 -0.00002 
-100.00000 -100.00000 
 0.02494  0.43540 
 0.35687 -0.44666 
-0.11984 -0.38110 
 0.04214 -100.00000 
-0.15977  0.17321 
-100.00000 -100.00000 
 0.41898 -0.14761 
 0.26303  0.36613 
-100.00000  0.26303 
-0.44027  0.43895 
 0.70935 -100.00000 
-0.18038  0.47715 
-100.00000  0.19727 
 1.62215  0.19705 
-0.23890  0.85040 
 0.02427 -0.45479 
-0.02669  0.52840 
-100.00000 -100.00000 
 0.23483 -0.39014 
