-100.00000 -100.00000 
 1.00755 -100.00000 
 0.60503 -0.38442 
-100.00000 -100.00000 
 0.21411 -0.14984 
 0.33350 -0.01407 
-100.00000 -100.00000 
-100.00000 -100.00000 
-100.00000  0.22720 
 0.00000  0.00000 
-100.00000 -100.00000 
-100.00000 -0.01407 
-100.00000 -0.51080 
-100.00000 -100.00000 
-100.00000 -100.00000 
 0.14116  0.33430 
-100.00000 -100.00000 
 0.14213  0.17066 
-0.10045 -100.00000 
-100.00000 -100.00000 
 0.03973 -0.14773 
-100.00000 -100.00000 
-100.00000 -100.00000 
 0.00000  0.00000 
-0.36010 -0.14893 
-100.00000 -100.00000 
 0.26306  0.00002 
 0.58504 -0.53211 
-100.00000 -100.00000 
-100.00000 -100.00000 
-0.04878 -0.48208 
-100.00000 -100.00000 
-100.00000 -100.00000 
-0.15716  0.11130 
-100.00000 -100.00000 
-100.00000 -100.00000 
 0.43593 -0.63706 
-100.00000 -100.00000 
-100.00000 -100.00000 
-100.00000 -100.00000 
-100.00000 -100.00000 
-100.00000 -100.00000 
-100.00000 -100.00000 
-100.00000 -100.00000 
-0.04388 -0.28921 
 0.24908  0.32766 
 0.28376  0.06419 
-100.00000 -100.00000 
-100.00000 -100.00000 
-100.00000 -100.00000 
-100.00000 -100.00000 
 0.25976  0.07234 
 0.37851 -100.00000 
-0.09182 -100.00000 
-100.00000 -100.00000 
-100.00000 -100.00000 
 0.01445 -0.15763 
-0.12071 -0.00001 
 0.03123  0.42174 
 0.17501  0.50486 
-100.00000 -100.00000 
 0.15061 -0.64023 
-100.00000 -100.00000 
-100.00000 -100.00000 
 0.14542  0.13762 
-100.00000 -100.00000 
-100.00000 -100.00000 
-0.20723 -100.00000 
-100.00000 -100.00000 
-100.00000 -100.00000 
 0.01318 -100.00000 
 0.09134  0.58687 
-100.00000 -100.00000 
-100.00000 -100.00000 
-0.20484  0.00014 
-100.00000 -100.00000 
-100.00000 -100.00000 
-100.00000 -100.00000 
-0.00008 -100.00000 
-100.00000 -100.00000 
-100.00000 -100.00000 
-100.00000 -100.00000 
-100.00000  0.22662 
 0.14823 -0.27041 
 0.55639  0.23668 
 0.29092  0.18267 
-100.00000 -100.00000 
-0.23886 -0.00006 
-0.17472  0.28672 
 0.83201  0.61407 
 0.07755 -100.00000 
-0.11979 -100.00000 
-100.00000 -100.00000 
 0.13876  0.48547 
 0.00000  0.00000 
-100.00000 -100.00000 
-100.00000 -100.00000 
-100.00000 -100.00000 
 0.07662 -100.00000 
-0.27091  0.00004 
-100.00000 -0.00007 
-0.17904 -100.00000 
-100.00000 -100.00000 
 0.07761 -0.32553 
-100.00000 -100.00000 
-100.00000 -100.00000 
-0.15091  0.53658 
 0.00000  0.00000 
-100.00000 -100.00000 
-100.00000 -100.00000 
 0.23589 -0.19981 
-100.00000 -100.00000 
 0.37976  1.04246 
-0.30398  0.40825 
 0.00000  0.00000 
-100.00000 -100.00000 
-100.00000 -100.00000 
-100.00000 -100.00000 
-0.24989  0.48545 
-100.00000 -100.00000 
-100.00000 -100.00000 
-100.00000 -100.00000 
-100.00000 -100.00000 
-0.11649  0.00008 
-100.00000 -100.00000 
-100.00000  0.92787 
-0.34346  0.07452 
-0.10195 -0.00009 
-100.00000 -100.00000 
-100.00000 -100.00000 
-100.00000  0.13746 
-100.00000 -100.00000 
-100.00000 -100.00000 
-100.00000 -100.00000 
-100.00000 -100.00000 
-0.12163 -0.12007 
-100.00000 -100.00000 
 0.60860  0.01759 
 0.13778 -100.00000 
-0.15542 -100.00000 
-100.00000 -100.00000 
-0.23765  0.07661 
 0.24485  0.24380 
-100.00000 -100.00000 
-0.08571  0.00028 
 0.34581  0.51539 
-100.00000 -100.00000 
-100.00000 -100.00000 
-100.00000 -100.00000 
-100.00000 -100.00000 
-100.00000 -100.00000 
-0.05509  0.05666 
 0.40088 -0.43285 
 0.42768 -0.01382 
 0.22926  0.49630 
-100.00000 -100.00000 
 0.36882 -0.09607 
 0.34809 -100.00000 
-100.00000 -100.00000 
-100.00000 -100.00000 
 0.00000  0.00000 
-100.00000 -100.00000 
-100.00000 -100.00000 
-100.00000 -100.00000 
-100.00000 -100.00000 
-100.00000 -100.00000 
-100.00000 -100.00000 
-100.00000 -0.18931 
-100.00000 -100.00000 
 0.29512  0.48674 
 0.13760 -100.00000 
 0.64167  0.26342 
 0.17417  0.16149 
 0.00000  0.00000 
 0.34813  0.27903 
-0.31184 -0.87564 
-0.00031 -100.00000 
-100.00000 -0.70565 
-0.15578  0.07447 
 0.43216  0.18975 
 0.00000  0.00000 
-0.04921  0.04665 
 0.00004 -0.50446 
-100.00000 -0.05095 
-0.15543 -100.00000 
-100.00000  0.37870 
-100.00000 -100.00000 
 0.04378 -0.09299 
-100.00000 -100.00000 
-100.00000 -100.00000 
-100.00000 -100.00000 
-100.00000 -100.00000 
-100.00000  0.11546 
-100.00000 -100.00000 
-100.00000 -100.00000 
-0.72565 -0.15014 
 0.24826  0.15991 
-100.00000 -100.00000 
 0.01704  0.12118 
-100.00000 -100.00000 
 0.24107 -100.00000 
-0.29608 -0.38710 
-100.00000 -100.00000 
-100.00000 -100.00000 
-100.00000 -100.00000 
 0.47595 -100.00000 
-100.00000 -100.00000 
 0.00000  0.00000 
-100.00000 -100.00000 
-100.00000  0.00037 
 0.06042 -100.00000 
-0.32370 -0.63351 
-100.00000  0.37810 
 0.00000  0.00000 
-100.00000 -100.00000 
 0.11438  0.62790 
-100.00000 -100.00000 
-100.00000 -0.00044 
-0.46093  0.04042 
 0.25754  0.13742 
 0.35201  0.76566 
 0.00000  0.00000 
 0.02371  0.07955 
-0.00037 -100.00000 
-100.00000 -100.00000 
-0.18833 -0.79077 
-0.58034  0.12079 
-100.00000 -100.00000 
-0.13537  0.33571 
 0.44541  0.58509 
-0.91360 -0.60758 
-0.09619  0.02116 
-100.00000 -100.00000 
-100.00000 -100.00000 
 0.36522 -100.00000 
-0.62599 -100.00000 
-0.00072 -0.87042 
-100.00000  0.07923 
-100.00000 -100.00000 
 0.04005  0.48582 
-100.00000 -100.00000 
-100.00000 -100.00000 
-100.00000 -100.00000 
 0.10155 -0.18055 
 0.00000  0.00000 
 0.00000  0.00000 
-100.00000 -100.00000 
-100.00000  0.00008 
-100.00000 -100.00000 
-100.00000 -100.00000 
-0.14053 -0.20711 
-100.00000 -100.00000 
-100.00000 -100.00000 
-100.00000 -0.15860 
-0.27907 -0.21099 
-100.00000 -100.00000 
 0.38596 -0.30113 
-100.00000  0.11906 
-100.00000 -100.00000 
-100.00000 -100.00000 
-100.00000 -100.00000 
-100.00000 -100.00000 
-100.00000  0.00006 
 0.65349  0.37856 
-100.00000 -100.00000 
-100.00000 -100.00000 
-100.00000 -100.00000 
-100.00000 -100.00000 
 0.00000  0.00000 
-100.00000 -100.00000 
 0.08303  0.34284 
-100.00000 -100.00000 
-100.00000 -100.00000 
 0.09225 -0.20010 
-100.00000  0.13774 
-100.00000 -100.00000 
-0.20452 -0.24850 
 0.05474 -0.76845 
 0.14239  0.13758 
-100.00000 -100.00000 
-100.00000  0.01259 
-100.00000 -100.00000 
-0.62390 -0.25386 
-100.00000 -100.00000 
 0.24942 -100.00000 
-100.00000  0.11181 
 0.13761 -100.00000 
 0.41106  0.06871 
 0.37793 -0.25881 
-100.00000 -100.00000 
-0.18027  0.02365 
 0.25034 -0.39201 
-100.00000 -100.00000 
-100.00000 -100.00000 
 0.27789 -0.44002 
-100.00000 -100.00000 
-100.00000 -100.00000 
-100.00000 -100.00000 
 0.12409  0.23000 
-100.00000 -100.00000 
-100.00000 -100.00000 
-100.00000 -100.00000 
 0.14070 -0.07781 
-100.00000 -100.00000 
-100.00000 -100.00000 
-100.00000 -100.00000 
-100.00000 -100.00000 
-0.36576 -0.42026 
-100.00000 -100.00000 
 0.14070 -100.00000 
-100.00000 -100.00000 
 0.29536  0.03381 
-100.00000 -100.00000 
-0.41470  0.46462 
-100.00000 -0.21554 
-100.00000 -100.00000 
-100.00000 -100.00000 
-100.00000 -100.00000 
-0.10523  0.34504 
-100.00000 -100.00000 
-100.00000 -100.00000 
 0.00000  0.00000 
-100.00000 -100.00000 
-100.00000 -100.00000 
-100.00000 -100.00000 
-100.00000 -100.00000 
-100.00000 -100.00000 
-100.00000 -100.00000 
-100.00000 -100.00000 
-100.00000 -100.00000 
-100.00000 -100.00000 
-100.00000 -100.00000 
-100.00000 -100.00000 
-100.00000 -100.00000 
-100.00000 -100.00000 
 0.00004 -100.00000 
-100.00000 -100.00000 
-100.00000 -100.00000 
-100.00000 -100.00000 
-100.00000 -100.00000 
-100.00000 -100.00000 
 0.00000  0.00000 
-100.00000 -100.00000 
-100.00000 -100.00000 
-100.00000  0.00012 
 0.13739 -100.00000 
-100.00000 -0.27045 
-100.00000 -100.00000 
-100.00000 -100.00000 
-100.00000 -100.00000 
-100.00000 -100.00000 
 0.13756 -0.13907 
-100.00000 -100.00000 
-100.00000 -100.00000 
-100.00000 -100.00000 
-100.00000 -100.00000 
-100.00000 -100.00000 
-0.20187 -100.00000 
-100.00000 -100.00000 
-100.00000 -100.00000 
-100.00000 -0.00046 
 0.36319 -0.22663 
-100.00000 -100.00000 
-100.00000 -100.00000 
 0.00000  0.00000 
-100.00000 -100.00000 
 0.00000  0.00000 
-0.41953 -0.16481 
-0.39569  0.12455 
-100.00000 -100.00000 
-0.23506 -100.00000 
-100.00000 -100.00000 
 0.01524 -100.00000 
-100.00000 -100.00000 
-100.00000 -100.00000 
-100.00000 -100.00000 
 0.00000  0.00000 
-100.00000 -100.00000 
-100.00000 -100.00000 
-100.00000 -0.12763 
-0.62592 -0.05096 
-100.00000 -100.00000 
-100.00000 -100.00000 
-100.00000 -100.00000 
-100.00000 -100.00000 
-0.05829 -100.00000 
-100.00000 -100.00000 
 0.02229 -100.00000 
-100.00000 -100.00000 
-100.00000 -100.00000 
-100.00000 -100.00000 
 0.14806 -0.39629 
-100.00000 -100.00000 
-100.00000 -100.00000 
-100.00000 -100.00000 
-100.00000 -100.00000 
-0.36363  0.37859 
-100.00000 -100.00000 
-100.00000 -100.00000 
-100.00000 -100.00000 
-100.00000 -100.00000 
-100.00000  0.00016 
-100.00000 -100.00000 
-100.00000 -100.00000 
-100.00000 -100.00000 
-0.20808  0.31358 
-100.00000 -100.00000 
-0.26973 -100.00000 
-100.00000 -100.00000 
-100.00000  0.26352 
-100.00000 -100.00000 
-100.00000  0.26345 
 0.26507  0.04906 
 0.02239 -100.00000 
-0.17051 -0.04906 
-100.00000 -0.22161 
-100.00000 -100.00000 
-100.00000 -100.00000 
-100.00000 -100.00000 
-100.00000 -100.00000 
-100.00000 -100.00000 
-100.00000  0.26314 
-100.00000 -100.00000 
-0.11445  0.13728 
-100.00000 -100.00000 
-100.00000 -100.00000 
-100.00000 -100.00000 
 0.14969 -100.00000 
-100.00000  0.37818 
-100.00000 -100.00000 
-100.00000 -0.47293 
-100.00000 -100.00000 
-100.00000  0.13745 
-100.00000 -100.00000 
-100.00000 -100.00000 
-100.00000 -100.00000 
 0.00000  0.00000 
-100.00000 -0.56325 
 0.00011 -100.00000 
-100.00000 -100.00000 
-100.00000 -100.00000 
-100.00000 -100.00000 
-100.00000 -100.00000 
-100.00000 -100.00000 
-100.00000 -100.00000 
-100.00000 -100.00000 
-0.11516  0.37863 
-100.00000 -100.00000 
-100.00000 -100.00000 
-100.00000 -100.00000 
-100.00000 -100.00000 
-0.41339  0.37851 
-100.00000  0.26302 
-0.25771 -0.24533 
-100.00000  0.37868 
-100.00000 -100.00000 
-0.00002 -100.00000 
-100.00000 -100.00000 
-100.00000 -100.00000 
-0.32067 -0.00001 
-100.00000 -100.00000 
 0.00000  0.00000 
-100.00000 -100.00000 
-100.00000 -100.00000 
-100.00000 -100.00000 
-100.00000 -100.00000 
-100.00000 -100.00000 
-100.00000 -100.00000 
-100.00000 -100.00000 
-100.00000 -100.00000 
-0.27591  0.00023 
-0.22165 -100.00000 
-100.00000 -100.00000 
-0.04564 -0.67380 
-100.00000 -100.00000 
-100.00000  0.00032 
 0.13913 -0.22057 
-100.00000 -100.00000 
-100.00000 -100.00000 
-0.19210  0.05548 
 0.24709  0.37860 
 0.01325 -100.00000 
-100.00000 -0.37076 
 0.00000  0.00000 
 0.24051 -0.06019 
-100.00000 -100.00000 
-0.52250 -0.12103 
 0.67797 -0.50723 
-0.00001 -0.18989 
-0.15677 -0.19038 
 0.30334  0.34315 
-100.00000 -100.00000 
-100.00000 -100.00000 
-100.00000 -100.00000 
-100.00000 -100.00000 
-100.00000 -100.00000 
-0.10241 -0.00085 
-100.00000 -100.00000 
-100.00000  0.05972 
 0.00000  0.00000 
-0.29651  0.18385 
 0.00000  0.00000 
-100.00000 -100.00000 
 0.13753 -100.00000 
 0.00000  0.00000 
 0.13858 -100.00000 
-0.30584  0.12737 
-100.00000 -0.19034 
-100.00000 -100.00000 
 0.01531 -100.00000 
-100.00000 -100.00000 
 0.04903  0.07516 
-100.00000 -100.00000 
-100.00000 -100.00000 
 0.13763 -0.00026 
-100.00000 -100.00000 
 0.32207 -0.09051 
-0.23249 -100.00000 
-100.00000 -100.00000 
 0.13773 -100.00000 
-100.00000 -100.00000 
-100.00000  0.00026 
-100.00000 -100.00000 
-0.09737 -100.00000 
-100.00000 -100.00000 
 0.13751 -100.00000 
 0.00000  0.00000 
-100.00000 -100.00000 
-100.00000 -100.00000 
-100.00000 -100.00000 
-100.00000 -100.00000 
-100.00000  0.00006 
 0.00000  0.00000 
-100.00000 -100.00000 
-100.00000 -100.00000 
-100.00000 -100.00000 
-100.00000 -100.00000 
-100.00000 -100.00000 
-100.00000 -100.00000 
-100.00000 -100.00000 
-100.00000 -100.00000 
-100.00000 -100.00000 
-0.32109 -100.00000 
-100.00000 -100.00000 
-100.00000  0.13757 
-100.00000 -100.00000 
-100.00000 -100.00000 
-100.00000 -100.00000 
-100.00000 -100.00000 
-100.00000 -100.00000 
-0.05016  0.64032 
-0.29657 -100.00000 
-100.00000 -100.00000 
-0.25254  0.44596 
-0.18044 -0.02263 
-100.00000 -100.00000 
-100.00000 -100.00000 
-0.19710  0.56824 
-100.00000 -100.00000 
-100.00000 -100.00000 
-0.20841  0.18345 
-0.00006 -0.00002 
-100.00000 -100.00000 
 0.05103  0.39828 
-100.00000 -100.00000 
