-100.00000 -100.00000 
 0.90551 -100.00000 
 0.00024 -0.38442 
-0.29458 -100.00000 
 0.00011 -0.14984 
-0.00003 -0.01407 
 0.38318 -100.00000 
-100.00000 -100.00000 
-0.01885  0.22720 
 0.00000  0.00000 
 0.19579 -100.00000 
-0.15573 -0.01407 
-100.00000 -0.51080 
-100.00000 -100.00000 
-100.00000 -100.00000 
 0.52647  0.33430 
-100.00000 -100.00000 
-0.28775  0.17066 
-100.00000 -100.00000 
-100.00000 -100.00000 
-0.76649 -0.14773 
-100.00000 -100.00000 
-100.00000 -100.00000 
 0.00000  0.00000 
-0.37940 -0.14893 
-100.00000 -100.00000 
-0.01706  0.00002 
-0.01792 -0.53211 
-100.00000 -100.00000 
-100.00000 -100.00000 
 0.50478 -0.48208 
-100.00000 -100.00000 
-100.00000 -100.00000 
-0.27941  0.11130 
-100.00000 -100.00000 
-100.00000 -100.00000 
 0.01339 -0.63706 
-100.00000 -100.00000 
-100.00000 -100.00000 
-100.00000 -100.00000 
-100.00000 -100.00000 
-100.00000 -100.00000 
-100.00000 -100.00000 
-100.00000 -100.00000 
-0.04379 -0.28921 
-0.15336  0.32766 
-0.37198  0.06419 
-100.00000 -100.00000 
-100.00000 -100.00000 
-100.00000 -100.00000 
-100.00000 -100.00000 
-0.24834  0.07234 
 0.00193 -100.00000 
 0.26292 -100.00000 
-100.00000 -100.00000 
-0.00006 -100.00000 
 0.11090 -0.15763 
-100.00000 -0.00001 
-0.29548  0.42174 
 0.40195  0.50486 
-100.00000 -100.00000 
 0.53407 -0.64023 
-100.00000 -100.00000 
-100.00000 -100.00000 
-0.03413  0.13762 
-100.00000 -100.00000 
-100.00000 -100.00000 
 0.16426 -100.00000 
 0.13751 -100.00000 
-100.00000 -100.00000 
-0.75224 -100.00000 
-0.29945  0.58687 
-100.00000 -100.00000 
-100.00000 -100.00000 
-100.00000  0.00014 
-100.00000 -100.00000 
-100.00000 -100.00000 
-100.00000 -100.00000 
-0.15583 -100.00000 
-100.00000 -100.00000 
-100.00000 -100.00000 
-100.00000 -100.00000 
 0.18833  0.22662 
-0.16293 -0.27041 
-0.04678  0.23668 
-0.06081  0.18267 
-100.00000 -100.00000 
-0.15615 -0.00006 
-0.16519  0.28672 
-0.65153  0.61407 
-0.15936 -100.00000 
 0.52226 -100.00000 
-100.00000 -100.00000 
-0.04638  0.48547 
 0.00000  0.00000 
-100.00000 -100.00000 
-100.00000 -100.00000 
-100.00000 -100.00000 
-0.39702 -100.00000 
 0.21309  0.00004 
-100.00000 -0.00007 
-0.15038 -100.00000 
-100.00000 -100.00000 
 0.26772 -0.32553 
-100.00000 -100.00000 
 0.26318 -100.00000 
 0.26049  0.53658 
 0.00000  0.00000 
-100.00000 -100.00000 
-100.00000 -100.00000 
-0.49042 -0.19981 
-100.00000 -100.00000 
-0.01397  1.04246 
-0.69420  0.40825 
 0.00000  0.00000 
-100.00000 -100.00000 
-100.00000 -100.00000 
-100.00000 -100.00000 
-0.34833  0.48545 
-100.00000 -100.00000 
-100.00000 -100.00000 
-100.00000 -100.00000 
 0.48527 -100.00000 
 0.00017  0.00008 
-100.00000 -100.00000 
-100.00000  0.92787 
-100.00000  0.07452 
-100.00000 -0.00009 
-100.00000 -100.00000 
-100.00000 -100.00000 
-0.15091  0.13746 
-100.00000 -100.00000 
-100.00000 -100.00000 
-100.00000 -100.00000 
-100.00000 -100.00000 
 0.13347 -0.12007 
-100.00000 -100.00000 
-0.01328  0.01759 
-0.41192 -100.00000 
-100.00000 -100.00000 
-100.00000 -100.00000 
-0.01310  0.07661 
-0.11589  0.24380 
-100.00000 -100.00000 
 0.00847  0.00028 
 0.21125  0.51539 
-100.00000 -100.00000 
-100.00000 -100.00000 
-100.00000 -100.00000 
-100.00000 -100.00000 
-100.00000 -100.00000 
 0.26671  0.05666 
 0.06705 -0.43285 
-0.57325 -0.01382 
-100.00000  0.49630 
-100.00000 -100.00000 
-100.00000 -0.09607 
-100.00000 -100.00000 
-100.00000 -100.00000 
-0.14643 -100.00000 
 0.00000  0.00000 
-100.00000 -100.00000 
 0.00008 -100.00000 
-100.00000 -100.00000 
-100.00000 -100.00000 
-100.00000 -100.00000 
-100.00000 -100.00000 
-100.00000 -0.18931 
-100.00000 -100.00000 
 0.47949  0.48674 
-0.52533 -100.00000 
-0.39045  0.26342 
 0.36190  0.16149 
 0.00000  0.00000 
 0.39829  0.27903 
 0.46542 -0.87564 
 0.13786 -100.00000 
-100.00000 -0.70565 
 0.22696  0.07447 
-0.07402  0.18975 
 0.00000  0.00000 
-100.00000  0.04665 
-100.00000 -0.50446 
-100.00000 -0.05095 
-100.00000 -100.00000 
-100.00000  0.37870 
-100.00000 -100.00000 
-100.00000 -0.09299 
-100.00000 -100.00000 
-100.00000 -100.00000 
-100.00000 -100.00000 
-100.00000 -100.00000 
 0.00011  0.11546 
-100.00000 -100.00000 
-100.00000 -100.00000 
 0.36832 -0.15014 
 0.10399  0.15991 
-100.00000 -100.00000 
 0.72151  0.12118 
-100.00000 -100.00000 
 0.67775 -100.00000 
 0.18966 -0.38710 
-100.00000 -100.00000 
-100.00000 -100.00000 
-0.79276 -100.00000 
 0.26303 -100.00000 
-0.13826 -100.00000 
 0.00000  0.00000 
-0.18571 -100.00000 
-0.42019  0.00037 
-100.00000 -100.00000 
 0.09691 -0.63351 
 0.22051  0.37810 
 0.00000  0.00000 
-100.00000 -100.00000 
-0.41727  0.62790 
-100.00000 -100.00000 
-0.30151 -0.00044 
-100.00000  0.04042 
-0.39762  0.13742 
 0.00007  0.76566 
 0.00000  0.00000 
 0.17762  0.07955 
-100.00000 -100.00000 
-100.00000 -100.00000 
 0.47121 -0.79077 
-0.11732  0.12079 
-100.00000 -100.00000 
-0.02630  0.33571 
-0.15318  0.58509 
-0.12743 -0.60758 
-0.00867  0.02116 
-100.00000 -100.00000 
 0.11638 -100.00000 
-0.00700 -100.00000 
-0.25879 -100.00000 
 0.03051 -0.87042 
 0.35451  0.07923 
-100.00000 -100.00000 
-0.50697  0.48582 
-100.00000 -100.00000 
-100.00000 -100.00000 
-100.00000 -100.00000 
 0.94357 -0.18055 
 0.00000  0.00000 
 0.00000  0.00000 
 0.00905 -100.00000 
-100.00000  0.00008 
-100.00000 -100.00000 
-100.00000 -100.00000 
 0.22189 -0.20711 
-100.00000 -100.00000 
-0.10075 -100.00000 
-0.11000 -0.15860 
 0.60830 -0.21099 
-100.00000 -100.00000 
-0.00674 -0.30113 
 0.00001  0.11906 
-100.00000 -100.00000 
-100.00000 -100.00000 
-100.00000 -100.00000 
-100.00000 -100.00000 
 0.13755  0.00006 
-0.10950  0.37856 
-100.00000 -100.00000 
-100.00000 -100.00000 
-100.00000 -100.00000 
-100.00000 -100.00000 
 0.00000  0.00000 
-100.00000 -100.00000 
 0.07787  0.34284 
 0.48566 -100.00000 
-100.00000 -100.00000 
 0.38409 -0.20010 
-0.14342  0.13774 
 0.13785 -100.00000 
 0.52584 -0.24850 
-0.06612 -0.76845 
 0.24188  0.13758 
-100.00000 -100.00000 
 0.00022  0.01259 
-100.00000 -100.00000 
 0.24006 -0.25386 
-100.00000 -100.00000 
-0.68064 -100.00000 
-100.00000  0.11181 
-0.03521 -100.00000 
 0.60843  0.06871 
 0.07774 -0.25881 
-100.00000 -100.00000 
 0.23176  0.02365 
 0.15694 -0.39201 
-100.00000 -100.00000 
-0.38036 -100.00000 
-0.34953 -0.44002 
-100.00000 -100.00000 
-100.00000 -100.00000 
-100.00000 -100.00000 
-0.49134  0.23000 
-100.00000 -100.00000 
-100.00000 -100.00000 
-100.00000 -100.00000 
 0.52047 -0.07781 
-100.00000 -100.00000 
-0.49075 -100.00000 
-0.37815 -100.00000 
-100.00000 -100.00000 
-0.17462 -0.42026 
-100.00000 -100.00000 
 0.10581 -100.00000 
-100.00000 -100.00000 
 0.07609  0.03381 
-100.00000 -100.00000 
 0.52528  0.46462 
 0.70970 -0.21554 
-100.00000 -100.00000 
-100.00000 -100.00000 
-100.00000 -100.00000 
-0.08528  0.34504 
-100.00000 -100.00000 
-100.00000 -100.00000 
 0.00000  0.00000 
-100.00000 -100.00000 
-100.00000 -100.00000 
-100.00000 -100.00000 
-100.00000 -100.00000 
-100.00000 -100.00000 
-100.00000 -100.00000 
-100.00000 -100.00000 
-100.00000 -100.00000 
-100.00000 -100.00000 
-100.00000 -100.00000 
-100.00000 -100.00000 
-100.00000 -100.00000 
-100.00000 -100.00000 
-100.00000 -100.00000 
-100.00000 -100.00000 
-100.00000 -100.00000 
-0.00022 -100.00000 
-100.00000 -100.00000 
-100.00000 -100.00000 
 0.00000  0.00000 
-100.00000 -100.00000 
-100.00000 -100.00000 
-100.00000  0.00012 
 0.00007 -100.00000 
-100.00000 -0.27045 
-100.00000 -100.00000 
-100.00000 -100.00000 
-100.00000 -100.00000 
-100.00000 -100.00000 
-0.00002 -0.13907 
-100.00000 -100.00000 
-100.00000 -100.00000 
-100.00000 -100.00000 
-100.00000 -100.00000 
-100.00000 -100.00000 
-0.11894 -100.00000 
-100.00000 -100.00000 
-100.00000 -100.00000 
 0.13705 -0.00046 
-100.00000 -0.22663 
-100.00000 -100.00000 
-100.00000 -100.00000 
 0.00000  0.00000 
-100.00000 -100.00000 
 0.00000  0.00000 
-0.33440 -0.16481 
-0.25968  0.12455 
-100.00000 -100.00000 
-0.04907 -100.00000 
-100.00000 -100.00000 
-0.85156 -100.00000 
-100.00000 -100.00000 
-0.00014 -100.00000 
-100.00000 -100.00000 
 0.00000  0.00000 
-100.00000 -100.00000 
-100.00000 -100.00000 
 0.13745 -0.12763 
 0.18072 -0.05096 
-0.26267 -100.00000 
-100.00000 -100.00000 
-100.00000 -100.00000 
-100.00000 -100.00000 
-0.07059 -100.00000 
-100.00000 -100.00000 
-0.34702 -100.00000 
 0.15356 -100.00000 
-100.00000 -100.00000 
-100.00000 -100.00000 
 0.08326 -0.39629 
 0.00006 -100.00000 
-100.00000 -100.00000 
-100.00000 -100.00000 
-0.13760 -100.00000 
-0.44024  0.37859 
-100.00000 -100.00000 
-100.00000 -100.00000 
 0.00003 -100.00000 
-100.00000 -100.00000 
-100.00000  0.00016 
 0.00028 -100.00000 
-100.00000 -100.00000 
-100.00000 -100.00000 
-0.15058  0.31358 
-100.00000 -100.00000 
 0.08879 -100.00000 
-100.00000 -100.00000 
-0.60485  0.26352 
-100.00000 -100.00000 
 0.90819  0.26345 
-0.75566  0.04906 
-100.00000 -100.00000 
 0.41632 -0.04906 
 0.08467 -0.22161 
-100.00000 -100.00000 
-100.00000 -100.00000 
-100.00000 -100.00000 
-100.00000 -100.00000 
-100.00000 -100.00000 
-0.00001  0.26314 
-100.00000 -100.00000 
-100.00000  0.13728 
-100.00000 -100.00000 
-100.00000 -100.00000 
-100.00000 -100.00000 
 0.13047 -100.00000 
 0.24443  0.37818 
-100.00000 -100.00000 
-100.00000 -0.47293 
-100.00000 -100.00000 
-0.23247  0.13745 
-100.00000 -100.00000 
-100.00000 -100.00000 
-100.00000 -100.00000 
 0.00000  0.00000 
-0.13497 -0.56325 
-100.00000 -100.00000 
-100.00000 -100.00000 
-0.00003 -100.00000 
-100.00000 -100.00000 
-100.00000 -100.00000 
-100.00000 -100.00000 
 0.00014 -100.00000 
-100.00000 -100.00000 
-100.00000  0.37863 
-100.00000 -100.00000 
-100.00000 -100.00000 
-100.00000 -100.00000 
-100.00000 -100.00000 
 0.00068  0.37851 
 0.00049  0.26302 
 0.58620 -0.24533 
 0.11554  0.37868 
 0.14163 -100.00000 
-100.00000 -100.00000 
-100.00000 -100.00000 
-100.00000 -100.00000 
-0.13719 -0.00001 
-100.00000 -100.00000 
 0.00000  0.00000 
-100.00000 -100.00000 
-100.00000 -100.00000 
-100.00000 -100.00000 
-100.00000 -100.00000 
-100.00000 -100.00000 
-100.00000 -100.00000 
-100.00000 -100.00000 
 0.13747 -100.00000 
 0.11601  0.00023 
-100.00000 -100.00000 
-100.00000 -100.00000 
 0.08278 -0.67380 
-100.00000 -100.00000 
-0.66203  0.00032 
 0.26316 -0.22057 
-100.00000 -100.00000 
-100.00000 -100.00000 
 0.28626  0.05548 
 0.33459  0.37860 
 0.13739 -100.00000 
-1.33356 -0.37076 
 0.00000  0.00000 
-0.73226 -0.06019 
-100.00000 -100.00000 
-0.08765 -0.12103 
-0.25694 -0.50723 
-100.00000 -0.18989 
-100.00000 -0.19038 
-0.02591  0.34315 
-100.00000 -100.00000 
-0.00004 -100.00000 
-100.00000 -100.00000 
-100.00000 -100.00000 
-100.00000 -100.00000 
-0.68067 -0.00085 
-100.00000 -100.00000 
-0.78387  0.05972 
 0.00000  0.00000 
-0.14397  0.18385 
 0.00000  0.00000 
-0.15071 -100.00000 
 0.01203 -100.00000 
 0.00000  0.00000 
-100.00000 -100.00000 
 0.00072  0.12737 
-100.00000 -0.19034 
-100.00000 -100.00000 
-0.46992 -100.00000 
-100.00000 -100.00000 
 0.00494  0.07516 
-0.13550 -100.00000 
 0.26291 -100.00000 
-0.14923 -0.00026 
-100.00000 -100.00000 
-0.06507 -0.09051 
 0.58463 -100.00000 
-0.00007 -100.00000 
-0.15103 -100.00000 
-0.14877 -100.00000 
-100.00000  0.00026 
 0.03000 -100.00000 
-100.00000 -100.00000 
-100.00000 -100.00000 
-0.32405 -100.00000 
 0.00000  0.00000 
-0.24954 -100.00000 
-0.24983 -100.00000 
-100.00000 -100.00000 
-100.00000 -100.00000 
 0.00010  0.00006 
 0.00000  0.00000 
-100.00000 -100.00000 
-100.00000 -100.00000 
-100.00000 -100.00000 
-100.00000 -100.00000 
-100.00000 -100.00000 
-100.00000 -100.00000 
-100.00000 -100.00000 
 0.00000 -100.00000 
-100.00000 -100.00000 
 0.37866 -100.00000 
-100.00000 -100.00000 
 0.13748  0.13757 
-100.00000 -100.00000 
-100.00000 -100.00000 
-100.00000 -100.00000 
-100.00000 -100.00000 
-100.00000 -100.00000 
-0.02409  0.64032 
-0.27496 -100.00000 
-100.00000 -100.00000 
 0.67205  0.44596 
-0.14857 -0.02263 
-100.00000 -100.00000 
-100.00000 -100.00000 
-0.05031  0.56824 
-100.00000 -100.00000 
-100.00000 -100.00000 
 0.20006  0.18345 
-100.00000 -0.00002 
-100.00000 -100.00000 
 0.08798  0.39828 
-100.00000 -100.00000 
