-100.00000 -0.00011 
-0.79324 -0.27608 
-0.12425 -0.35694 
-0.53421  0.13758 
-0.00010  0.13746 
 0.00009 -100.00000 
 0.02433  0.00012 
-100.00000 -100.00000 
 0.00002  0.00001 
-0.00015  0.00010 
-0.20737 -0.28836 
 0.00024  0.00016 
-0.30622 -100.00000 
-0.10461  0.13751 
-100.00000 -100.00000 
-0.08562  0.23756 
 0.53462 -0.04412 
-0.26777  0.17119 
-100.00000 -100.00000 
-100.00000 -100.00000 
-0.12426 -0.15144 
 0.00012 -100.00000 
 0.00000  0.00000 
-0.00010  0.00001 
-100.00000 -100.00000 
-100.00000  0.11112 
 0.00002  0.00002 
-100.00000 -100.00000 
 0.03382  0.00004 
-100.00000 -0.00003 
 0.80503 -0.16159 
-100.00000 -100.00000 
-0.12428 -0.00012 
 0.02597 -0.27614 
-100.00000 -100.00000 
-100.00000 -100.00000 
-0.10123 -100.00000 
-0.25167 -0.30202 
-100.00000 -100.00000 
 0.13997 -100.00000 
-0.35163 -0.15164 
 0.00029 -0.50748 
-100.00000 -100.00000 
-100.00000  0.00002 
-100.00000 -100.00000 
 0.00008  0.00003 
-0.20367  0.00005 
-100.00000 -100.00000 
-100.00000 -100.00000 
-100.00000 -100.00000 
-0.00163 -0.04865 
 0.06317  0.13812 
 0.21651  0.47538 
-0.00018 -100.00000 
-100.00000 -100.00000 
 0.00000  0.00000 
 0.01445  0.00003 
-100.00000 -100.00000 
-0.12264  0.48550 
-0.00001  0.26334 
-0.00012 -0.00007 
-0.19611 -0.00001 
 0.00000  0.00000 
-100.00000 -100.00000 
-0.47993  0.77156 
-100.00000 -100.00000 
-100.00000 -100.00000 
 0.13736  0.00009 
 0.00002  0.00009 
 0.00000  0.00000 
 0.04921  0.13743 
 0.14051 -0.41313 
-100.00000 -0.73468 
-100.00000  0.00001 
-100.00000 -100.00000 
 0.00000  0.00000 
 0.34620 -0.27624 
-100.00000 -100.00000 
-0.00008 -0.00002 
 0.00000  0.00000 
-100.00000 -100.00000 
-100.00000 -100.00000 
-0.54108  0.37282 
 0.26303 -0.00002 
-0.26794  0.61641 
-0.22728 -0.44882 
-100.00000 -0.00013 
-0.00007 -0.00006 
-0.03256  0.37664 
 0.25458 -0.02557 
 0.14597  0.16914 
-0.27088  0.13758 
-0.23878  0.26309 
-0.04316  0.13871 
 0.26300 -0.00000 
-100.00000  0.00002 
-100.00000  0.02350 
-0.05382 -0.41620 
-0.35717 -0.17913 
 0.00013  0.29661 
-0.13941  0.06730 
-0.14190  0.00020 
-0.18467  0.08283 
-0.30470 -0.00013 
 0.00000  0.00000 
 0.48570  0.02290 
 0.13745  0.00010 
 0.00001  0.00003 
-100.00000 -100.00000 
 0.00000  0.00000 
 0.19611 -0.14815 
 0.00017 -100.00000 
 0.24321 -0.15731 
 0.65089  0.08574 
 0.13971 -0.19146 
 0.21543 -0.18661 
-0.06405  0.20802 
-100.00000 -100.00000 
-0.25223 -0.10196 
 0.25989 -0.21814 
 0.00006  0.00002 
-0.00005 -0.00002 
-0.14205  0.33497 
-0.53332  0.02070 
-0.20619  0.00010 
 0.89901  0.18944 
 0.13927  0.13773 
 0.13926 -0.00009 
-0.41051 -0.08500 
 0.40308 -0.15828 
 0.00001 -0.00005 
-0.28849 -0.49827 
-100.00000 -100.00000 
-0.00002 -0.00003 
-100.00000 -100.00000 
 0.01587  0.13609 
 0.33148 -0.04469 
 0.31219  0.61271 
-0.39551 -0.00020 
 0.01374 -0.21872 
-0.00005  0.13777 
-100.00000 -100.00000 
-100.00000  0.00025 
 0.15710  0.15048 
-0.12541  0.30551 
 0.60640  0.33996 
 0.00000  0.00000 
-100.00000 -0.05069 
-100.00000 -100.00000 
 0.36777  0.45080 
 0.00020 -0.43228 
-0.00002  0.03148 
-0.06195 -0.61561 
 0.01423  0.00160 
-0.20545  0.52933 
 0.00000  0.00000 
 0.15242 -0.19688 
 0.14458  0.12025 
-0.28595  0.23287 
 0.00003 -0.00002 
 0.00000  0.00002 
-0.31679 -0.49035 
-100.00000 -100.00000 
 0.00017  0.00002 
-100.00000  0.37869 
-0.10030 -0.36786 
-100.00000 -100.00000 
 0.13748  0.00022 
 0.45969 -0.18136 
-100.00000 -100.00000 
 0.00000  0.00000 
 0.12500  0.60985 
-0.28230 -0.18811 
 0.00010 -0.00004 
 0.38047 -0.26981 
-100.00000 -0.15470 
-0.12417 -100.00000 
 0.03404 -100.00000 
-0.17904  0.87389 
 0.13747  0.00018 
 0.00005  0.00002 
-0.08063  0.00026 
-100.00000 -100.00000 
 0.13920  0.29697 
 0.14078  0.13732 
 0.00000  0.00000 
-100.00000 -0.00000 
 0.25665  0.44251 
-100.00000 -100.00000 
-0.00001 -0.00005 
-0.00023 -100.00000 
-100.00000 -0.00005 
 0.14184 -0.25067 
 0.00000  0.00000 
 0.35225  0.26309 
-100.00000 -100.00000 
 0.00005 -100.00000 
-100.00000 -100.00000 
 0.13750 -0.25045 
-0.20729  0.35733 
-0.74099  0.14860 
-0.23943 -0.25753 
 0.17423  0.51820 
 0.00008  0.00005 
-0.00030  0.21558 
-0.01632 -0.08687 
-100.00000 -100.00000 
 0.00012 -0.00008 
 0.12752  0.06795 
 0.00252 -0.71342 
 0.00000  0.00000 
-0.39032  0.88728 
 0.35514 -0.25065 
 0.00005  0.00006 
 0.13755 -100.00000 
-0.00030  0.00018 
-100.00000 -0.00008 
-100.00000 -0.39095 
-0.50335 -0.08589 
 0.39149  0.26610 
-0.21842  0.13763 
-0.00002 -0.00003 
 0.21520  0.57419 
-0.16203 -0.40379 
-0.12208  0.31439 
 0.00012 -0.00016 
-0.00013 -0.20114 
-100.00000  0.00030 
 0.17453 -0.13146 
 0.00018 -100.00000 
-0.09596 -0.25069 
-0.22445 -0.25528 
 0.11618  0.03471 
-100.00000 -100.00000 
-0.00025  0.00079 
 0.00011 -0.33927 
-0.07088 -0.01531 
 0.01835 -0.27929 
-0.11873 -0.00013 
-100.00000 -100.00000 
 0.00000  0.00000 
-0.53764  0.68648 
-100.00000 -100.00000 
-0.02556  0.16737 
 0.00006  0.00006 
-0.11797  0.00035 
-0.11858  0.00013 
-100.00000  0.00008 
-0.00008  0.00003 
 0.00017 -100.00000 
-0.55521 -0.30681 
-100.00000 -100.00000 
 0.00000  0.00000 
 0.06943 -0.08227 
-100.00000  0.00026 
-100.00000 -100.00000 
 0.30964 -0.16553 
 0.00003  0.00002 
-0.23562  0.14286 
-0.04446  0.13757 
-100.00000 -100.00000 
 0.00000  0.00000 
-100.00000 -100.00000 
-100.00000  0.00005 
-100.00000 -100.00000 
 0.36448 -100.00000 
-100.00000 -100.00000 
-0.62574  0.32111 
-100.00000 -0.00004 
-0.16903 -0.76280 
-0.00004 -0.00003 
 0.25046  0.10176 
-100.00000 -100.00000 
 0.20243 -0.33325 
 0.35476  1.07287 
 0.00000  0.00000 
 0.25764  1.23742 
 0.07888 -0.15074 
 0.25330 -100.00000 
 0.00000  0.00000 
-0.00009  0.00013 
-100.00000 -100.00000 
 0.00024  0.26319 
-0.00005  0.00012 
 0.01652  0.66353 
-0.06558 -0.13964 
 0.00011 -100.00000 
-100.00000  0.11358 
-0.03496  0.33343 
 0.38508  0.31511 
-0.12220  0.00004 
 0.00003 -100.00000 
-100.00000 -100.00000 
-0.23576 -0.13880 
-0.07661 -0.00006 
-0.00001  0.00005 
-100.00000 -100.00000 
-100.00000  0.00002 
-0.00031 -0.00019 
 0.00000  0.00000 
 0.14590 -0.00173 
-100.00000 -100.00000 
-0.43700 -0.22560 
 0.38705 -0.47382 
-0.35861 -100.00000 
-0.00005  0.00021 
-100.00000 -100.00000 
-0.00008  0.00011 
-0.00000 -0.00001 
-100.00000 -100.00000 
-100.00000 -100.00000 
-0.18759 -0.00096 
-100.00000 -100.00000 
-0.12228 -0.26650 
-0.02483 -0.25768 
 0.00009 -100.00000 
 0.00000  0.00000 
-0.35248  0.26390 
-0.00002 -0.13878 
-100.00000 -100.00000 
-0.00015 -100.00000 
-0.00018  0.00004 
-0.00001 -100.00000 
 0.14450  0.35934 
 0.27942  0.33159 
 0.01656 -0.01092 
-0.00007  0.00002 
 0.00005  0.00002 
 0.20646  0.26222 
-100.00000 -100.00000 
 0.03142  0.26318 
-100.00000 -100.00000 
 0.00000  0.00000 
-100.00000 -100.00000 
 0.46193  0.12535 
-100.00000 -100.00000 
-100.00000  0.20952 
-100.00000 -100.00000 
-0.32441  0.01025 
-100.00000 -100.00000 
-100.00000  0.00012 
-0.00004  0.00007 
 0.80291 -0.04121 
 0.00000  0.00000 
-100.00000 -100.00000 
-0.00012 -0.00000 
 0.00000  0.00000 
-100.00000 -0.14070 
-100.00000 -100.00000 
-100.00000 -0.00210 
 0.00000  0.00000 
 0.00005  0.00001 
-100.00000 -100.00000 
-0.55485  0.44398 
 0.00000  0.00000 
 0.00000  0.00000 
 0.00014 -0.00007 
-100.00000 -100.00000 
 0.00000  0.00000 
-100.00000  0.00028 
-0.00081 -100.00000 
 0.32856  0.05608 
 0.00000  0.00000 
 0.26308 -0.13890 
-0.00005  0.00006 
 0.00000  0.00000 
-0.00003  0.00006 
-0.00004 -0.00005 
 0.00003 -100.00000 
 0.00010  0.00032 
-100.00000 -100.00000 
-0.45971  0.20767 
 0.14352  0.00018 
 0.00000  0.00000 
-0.12226  0.00012 
 0.00000  0.00000 
-0.00008  0.00001 
-100.00000 -100.00000 
 0.74017 -0.00581 
-0.32406  0.36676 
-0.00007  0.00017 
 0.13754 -0.04878 
 0.12745 -0.80485 
-100.00000 -100.00000 
-0.00004  0.00009 
-0.00025 -0.04829 
 0.26298 -100.00000 
-100.00000 -0.00008 
-100.00000 -100.00000 
 0.00000  0.00000 
-100.00000  0.00007 
-100.00000 -100.00000 
-0.00008 -100.00000 
-100.00000 -100.00000 
 0.13755  0.26293 
-100.00000 -100.00000 
-0.00002  0.00008 
-0.11506  0.48539 
-100.00000 -100.00000 
-0.17680 -0.46572 
-0.00004 -100.00000 
 0.00013 -100.00000 
 0.51209 -100.00000 
 0.26757 -0.10065 
-0.42201  0.32580 
-0.14928  0.37856 
-100.00000 -100.00000 
 0.26454  0.58497 
 0.07203 -0.09266 
 0.00000  0.00000 
-0.20007  0.14809 
-0.54061 -0.43294 
 0.00001  0.00003 
-0.44679 -0.60365 
-0.41237  0.65559 
-0.00001 -100.00000 
-0.17554  0.67816 
-100.00000 -100.00000 
-0.09039 -0.19484 
-100.00000  0.00003 
-0.01065  0.70075 
-100.00000 -100.00000 
-0.00005  0.00001 
-100.00000 -100.00000 
-100.00000 -100.00000 
-100.00000 -100.00000 
-0.08056 -0.00005 
-0.04297  0.87679 
 0.18581  0.59028 
 0.00000  0.00000 
-0.00004 -0.00013 
-0.10807 -100.00000 
 0.05854  1.07034 
-0.00001  0.00003 
 0.03006  0.00003 
-100.00000 -100.00000 
 0.00004 -0.00004 
-100.00000 -100.00000 
 0.02377 -100.00000 
-0.05400 -0.65324 
 0.00010 -0.00007 
-100.00000  0.00008 
 0.45717 -100.00000 
-100.00000 -100.00000 
-100.00000 -100.00000 
-0.49849  1.43291 
-100.00000 -100.00000 
 0.12964 -0.76768 
-0.87315 -0.01389 
-100.00000 -100.00000 
-0.00005  0.00003 
 0.06053 -0.32368 
 0.00007 -0.00001 
-100.00000 -100.00000 
-0.28745  0.05577 
 0.02267  0.26326 
-100.00000 -100.00000 
 0.02247 -0.00005 
-100.00000  0.48558 
-100.00000 -100.00000 
-100.00000 -100.00000 
 0.00006  0.00003 
 0.64910  0.33940 
-0.00008 -0.04768 
-100.00000 -100.00000 
-100.00000 -0.46396 
 0.41933  0.00259 
-0.00010  0.13746 
-100.00000 -0.00002 
-100.00000 -0.00012 
 0.26370 -0.27108 
-100.00000 -100.00000 
 0.00216  0.26318 
 0.76530 -0.02282 
 0.08212  0.07497 
-100.00000 -100.00000 
 0.00000  0.00000 
-100.00000 -100.00000 
 0.00000  0.00000 
-0.00006 -0.22237 
 0.00032  0.00009 
 0.14948 -0.56891 
-0.00001 -0.00004 
-100.00000  0.00010 
-100.00000 -100.00000 
 0.46056 -100.00000 
 0.36104  0.37850 
-0.17189  0.35452 
-100.00000 -100.00000 
-0.03807  0.04983 
-0.12424 -0.05280 
-100.00000 -100.00000 
-0.13492  0.49904 
 0.10181  0.49491 
-100.00000 -0.00017 
-0.29060 -0.50138 
-0.14961 -0.15437 
 0.00000  0.00000 
 0.13821 -100.00000 
-0.00001  0.00003 
 0.08154 -0.11429 
 0.04177 -0.41529 
-0.20714 -0.05301 
 0.14091 -0.19055 
-0.00014  0.00002 
-0.12445  0.18828 
-0.51432 -0.10584 
 0.14608 -0.01943 
 0.37854  0.00002 
-0.20704 -0.50592 
-0.12009  0.00010 
-0.16184  0.07238 
-0.04538 -0.53444 
-0.88887  0.36882 
-0.13723 -0.34866 
-100.00000 -100.00000 
 0.58721 -0.45553 
 0.00000  0.00000 
 0.01319  0.39396 
 0.03410 -0.00008 
 0.00019 -0.37425 
 0.00236  0.45058 
 0.14237 -0.19211 
-100.00000 -0.08764 
 0.00000  0.00000 
 0.39664  0.26341 
 0.00010  0.13728 
-0.00019  0.93541 
-100.00000 -100.00000 
-100.00000 -100.00000 
-100.00000  0.26310 
-100.00000 -100.00000 
-0.00014 -0.00004 
-100.00000  0.00008 
-0.20459 -100.00000 
 0.14346  0.13758 
-100.00000 -100.00000 
-0.24656  0.48658 
 0.00005  0.00002 
-0.27241 -0.19211 
-0.00013  0.00003 
-0.00004 -0.00025 
-0.00011 -0.50791 
-0.00005  0.13752 
-100.00000 -100.00000 
-100.00000 -0.00024 
 0.00000  0.00000 
 0.64139  0.11938 
-100.00000 -100.00000 
 0.18151  0.18509 
 0.00004 -0.77222 
 0.22979  0.26549 
 0.05431 -0.05245 
 0.26303  0.00002 
 0.00007 -0.18990 
 0.34621 -100.00000 
 0.00000  0.00000 
-0.00007  0.00002 
-0.00001 -0.00000 
 0.00032 -0.19007 
-0.12442  0.26316 
 0.31549 -0.91490 
-100.00000 -100.00000 
 0.01324 -0.18995 
-100.00000 -100.00000 
