-100.00000 -100.00000 
 0.90850  0.06605 
-0.27999 -100.00000 
-0.27595 -0.15348 
 0.12159 -0.54451 
 0.84046  0.22694 
-100.00000 -100.00000 
-0.16103 -0.25570 
-0.15635 -100.00000 
-100.00000 -100.00000 
 0.26291  0.00020 
 0.13557 -0.15158 
-100.00000 -100.00000 
-100.00000 -100.00000 
 0.10672 -0.01370 
-100.00000 -100.00000 
-100.00000 -100.00000 
-100.00000 -100.00000 
 0.26308 -100.00000 
-100.00000 -100.00000 
-100.00000 -100.00000 
-100.00000 -100.00000 
-100.00000 -100.00000 
-100.00000 -100.00000 
 0.09404  0.29690 
-100.00000 -100.00000 
-100.00000 -100.00000 
-100.00000 -100.00000 
 0.54839  0.19440 
 0.32931 -0.01411 
-100.00000 -100.00000 
 0.33034  0.13761 
-100.00000 -100.00000 
-100.00000 -100.00000 
-0.15974 -0.28845 
 0.13758 -100.00000 
-0.89130  0.73242 
-100.00000 -100.00000 
-100.00000 -100.00000 
-100.00000 -100.00000 
-100.00000 -100.00000 
-0.42127 -100.00000 
-100.00000 -100.00000 
-100.00000  0.10679 
 0.13750 -0.41474 
 0.18767  0.10753 
-100.00000 -100.00000 
-100.00000  0.00000 
 0.01814  0.03651 
 0.36797  0.44139 
-100.00000 -100.00000 
-100.00000 -100.00000 
-100.00000 -100.00000 
-0.26055  0.18653 
-100.00000 -100.00000 
-100.00000 -100.00000 
-100.00000 -100.00000 
 1.15913  0.44823 
-100.00000 -100.00000 
-100.00000 -100.00000 
-100.00000 -0.29328 
-100.00000 -100.00000 
-100.00000 -100.00000 
-100.00000 -100.00000 
 0.24206  0.27712 
 0.00000  0.00000 
-0.41681  0.34877 
-0.70814  0.37860 
-100.00000 -100.00000 
-100.00000 -100.00000 
-100.00000 -0.07736 
-100.00000 -100.00000 
-100.00000 -100.00000 
-100.00000  0.00001 
-0.27084  0.67821 
-100.00000 -100.00000 
-100.00000 -100.00000 
 0.04055 -0.24104 
-100.00000 -100.00000 
-100.00000 -100.00000 
-100.00000 -100.00000 
 0.00000  0.00000 
-100.00000 -100.00000 
-100.00000 -100.00000 
-100.00000 -100.00000 
-0.41866 -0.40264 
 0.27350 -0.37895 
 0.71208  0.08491 
 0.00000  0.00000 
-0.22446  0.73808 
 0.00031 -100.00000 
-0.25840  0.22893 
-100.00000 -100.00000 
 0.44247  0.26424 
-100.00000 -100.00000 
-100.00000 -100.00000 
-100.00000 -100.00000 
-100.00000 -100.00000 
-0.41116  0.01624 
 0.00000  0.00000 
-100.00000 -100.00000 
 0.73077  0.81738 
-0.39543 -100.00000 
-100.00000 -100.00000 
-100.00000 -100.00000 
 0.09896 -100.00000 
-100.00000 -100.00000 
-100.00000 -100.00000 
 0.00000  0.00000 
-100.00000 -100.00000 
 0.26296 -0.09227 
 0.16029  0.19585 
-100.00000 -100.00000 
-100.00000 -100.00000 
-0.40979 -100.00000 
-0.15118 -0.38718 
-100.00000 -100.00000 
-0.30426  0.40177 
-100.00000 -100.00000 
-100.00000 -100.00000 
 0.00003 -100.00000 
-100.00000 -100.00000 
-100.00000 -100.00000 
 0.09748  0.41046 
-100.00000 -100.00000 
 0.57535 -0.55808 
 0.65870  0.19200 
-100.00000 -100.00000 
-100.00000 -100.00000 
-100.00000 -100.00000 
-100.00000 -100.00000 
-100.00000 -0.05076 
-100.00000 -100.00000 
-100.00000 -100.00000 
 0.00000  0.00000 
-0.08721  0.26230 
-100.00000 -100.00000 
 0.05751  0.18940 
 0.17544 -0.22409 
-100.00000 -100.00000 
 0.00000  0.00000 
-100.00000 -100.00000 
-0.38644 -100.00000 
-100.00000 -0.25970 
-100.00000 -100.00000 
-0.66579  0.13843 
-100.00000 -100.00000 
 0.00015  0.00076 
-100.00000 -100.00000 
-100.00000 -100.00000 
 0.09991  0.16158 
-100.00000 -100.00000 
 0.02565  0.67359 
-0.17260  0.97956 
-100.00000 -100.00000 
-100.00000 -100.00000 
-100.00000 -100.00000 
-0.33534  0.22406 
-100.00000 -100.00000 
 0.00004 -100.00000 
-100.00000 -100.00000 
-100.00000 -100.00000 
-100.00000 -100.00000 
-100.00000 -100.00000 
-0.60078  0.72168 
-100.00000 -100.00000 
 0.06150  0.58737 
-100.00000  0.00022 
-100.00000 -100.00000 
-100.00000 -100.00000 
-100.00000 -100.00000 
-0.29835  0.49852 
 0.17511 -0.54532 
-100.00000 -100.00000 
 0.00000  0.00000 
 0.20871  0.61623 
 0.85069 -0.17882 
 0.37835  0.13735 
-0.00005 -100.00000 
-0.14687  0.16336 
-100.00000 -100.00000 
-100.00000 -100.00000 
-100.00000 -100.00000 
-100.00000 -100.00000 
-100.00000 -100.00000 
 0.22754 -100.00000 
-100.00000 -100.00000 
 0.41163 -100.00000 
-100.00000 -100.00000 
-0.00873 -0.16842 
-100.00000 -100.00000 
 0.26582 -0.33152 
-100.00000 -100.00000 
-100.00000 -100.00000 
-100.00000 -100.00000 
-0.12697  0.13750 
-0.24371  0.01231 
 0.00000  0.00000 
 0.33713  0.19601 
-100.00000 -100.00000 
-100.00000 -0.20084 
-100.00000 -100.00000 
-100.00000 -100.00000 
-100.00000 -0.25020 
-0.22654 -0.08504 
-100.00000 -100.00000 
 0.13999  0.73745 
-100.00000 -100.00000 
 0.11303  0.42038 
-0.45901  0.42256 
-0.19331  0.50668 
 0.37910 -0.14961 
 0.01737 -0.71368 
-100.00000 -100.00000 
-100.00000 -100.00000 
-0.06741  0.58382 
-100.00000 -100.00000 
-100.00000 -100.00000 
-0.36851 -0.06979 
-0.30338 -0.06980 
-100.00000 -100.00000 
-100.00000 -100.00000 
-100.00000 -100.00000 
-100.00000 -100.00000 
-100.00000 -100.00000 
-100.00000 -100.00000 
-100.00000  0.13786 
 0.00000  0.00000 
-100.00000 -100.00000 
-1.15332  0.26316 
-100.00000  0.00001 
-0.45405  0.19617 
-100.00000 -100.00000 
 0.00000  0.00000 
 0.44958  0.26383 
 0.00027 -100.00000 
-100.00000  0.00007 
-100.00000 -100.00000 
 0.12320  0.67794 
-0.57780 -0.09729 
-100.00000 -100.00000 
-100.00000 -100.00000 
-100.00000 -100.00000 
-100.00000 -100.00000 
-100.00000 -100.00000 
-100.00000 -100.00000 
-100.00000 -100.00000 
-100.00000  0.13759 
-100.00000 -100.00000 
 0.07554 -0.02701 
-0.16323  0.24623 
 0.00000  0.00000 
-100.00000 -100.00000 
-100.00000 -100.00000 
-0.11226  0.12374 
-100.00000 -100.00000 
-100.00000 -100.00000 
-100.00000 -100.00000 
-100.00000 -100.00000 
-100.00000 -0.25056 
 0.00003 -100.00000 
-100.00000 -100.00000 
-100.00000 -100.00000 
 0.24325 -0.12426 
-100.00000 -100.00000 
-0.13793 -100.00000 
 0.00000  0.00000 
-100.00000 -100.00000 
-100.00000 -100.00000 
-100.00000 -100.00000 
-100.00000 -100.00000 
-100.00000 -100.00000 
 0.12655 -0.07378 
-100.00000 -100.00000 
-0.00181 -100.00000 
 0.13785 -100.00000 
 0.71514 -0.26347 
 0.10600  0.31901 
 0.00559  0.19801 
 0.00020 -100.00000 
-100.00000 -100.00000 
-100.00000 -100.00000 
-0.00094  0.01242 
 0.28237  0.91088 
 0.00021 -100.00000 
-100.00000 -0.00029 
 0.28650  0.47501 
-0.03045 -0.15023 
-0.27667  0.00013 
 0.28627  0.73508 
-100.00000 -100.00000 
-100.00000 -100.00000 
-0.28240 -0.00316 
-0.28832  0.23971 
-100.00000 -100.00000 
-100.00000 -0.11814 
 0.55012 -0.32807 
 0.00000  0.00000 
 0.61072  0.19203 
 0.00004 -100.00000 
-100.00000 -100.00000 
-100.00000 -100.00000 
 0.07934 -100.00000 
-100.00000 -100.00000 
-0.15634 -100.00000 
-0.12966  0.59134 
 0.00000  0.00000 
-100.00000 -100.00000 
-0.03529  0.12427 
-100.00000 -100.00000 
-100.00000 -100.00000 
-0.47351 -0.30379 
 0.00000  0.00000 
-100.00000 -100.00000 
 0.48521 -100.00000 
-100.00000 -100.00000 
-100.00000 -100.00000 
-100.00000 -100.00000 
-100.00000 -100.00000 
 0.00000  0.00000 
-100.00000 -100.00000 
-100.00000 -100.00000 
-100.00000 -100.00000 
-100.00000 -100.00000 
-100.00000 -100.00000 
 0.94855 -1.12072 
-100.00000 -100.00000 
-100.00000  0.00002 
-100.00000 -100.00000 
-100.00000 -100.00000 
-100.00000 -100.00000 
-100.00000 -100.00000 
-100.00000 -100.00000 
-0.09891  0.35116 
 0.00002 -100.00000 
-100.00000 -100.00000 
-100.00000 -100.00000 
 0.00000  0.00000 
 0.32465  0.02682 
-100.00000 -100.00000 
-0.00006 -100.00000 
-100.00000 -100.00000 
-100.00000 -100.00000 
-100.00000 -100.00000 
-0.39387  0.05780 
-100.00000 -100.00000 
-100.00000 -100.00000 
 0.13756 -100.00000 
-100.00000 -100.00000 
-100.00000  0.13739 
-100.00000 -100.00000 
-0.01914 -100.00000 
-100.00000 -100.00000 
-100.00000 -100.00000 
-100.00000 -100.00000 
-100.00000 -100.00000 
-100.00000 -100.00000 
 0.02403  0.29794 
-100.00000 -100.00000 
-100.00000 -100.00000 
-100.00000 -100.00000 
-100.00000 -100.00000 
-100.00000 -100.00000 
-100.00000 -100.00000 
-100.00000 -100.00000 
-100.00000 -100.00000 
-100.00000 -100.00000 
-0.15713  0.26298 
-0.01985 -100.00000 
-100.00000 -0.38027 
-100.00000  0.00009 
-100.00000 -100.00000 
-0.16717  0.62709 
-100.00000 -100.00000 
 0.31299  0.43766 
-100.00000 -100.00000 
-100.00000 -100.00000 
-0.00013  0.12340 
-100.00000 -100.00000 
-100.00000 -100.00000 
 0.00100  0.00017 
-100.00000 -0.53420 
-100.00000 -100.00000 
-100.00000 -100.00000 
 0.13754  0.26312 
 0.58393 -100.00000 
 0.26299 -0.00001 
-100.00000 -100.00000 
-100.00000 -100.00000 
-100.00000 -100.00000 
-100.00000 -100.00000 
-100.00000 -100.00000 
-100.00000 -100.00000 
-100.00000 -100.00000 
-100.00000 -100.00000 
-100.00000 -100.00000 
-0.16013 -0.15644 
-100.00000 -100.00000 
-100.00000 -100.00000 
-100.00000 -100.00000 
-100.00000 -100.00000 
-100.00000 -100.00000 
-100.00000 -100.00000 
-0.09190  0.48559 
-100.00000  0.48562 
-100.00000 -100.00000 
 0.00007  0.26297 
-0.09835 -100.00000 
 0.00006 -100.00000 
-100.00000 -100.00000 
-100.00000 -100.00000 
-100.00000 -100.00000 
-100.00000 -100.00000 
-100.00000 -100.00000 
-0.08627 -100.00000 
-100.00000 -100.00000 
-100.00000 -100.00000 
-100.00000 -100.00000 
-100.00000 -100.00000 
-100.00000 -100.00000 
-100.00000 -100.00000 
-100.00000 -100.00000 
-100.00000 -100.00000 
-100.00000 -100.00000 
-100.00000 -100.00000 
-100.00000 -100.00000 
-100.00000 -100.00000 
-100.00000 -100.00000 
-100.00000 -100.00000 
-100.00000 -100.00000 
-100.00000 -100.00000 
 0.39520 -0.06047 
-100.00000 -100.00000 
-100.00000 -100.00000 
-100.00000 -100.00000 
-100.00000  0.00009 
-100.00000 -100.00000 
 0.00001 -100.00000 
-100.00000 -100.00000 
-100.00000 -100.00000 
-100.00000 -100.00000 
-100.00000 -100.00000 
-100.00000 -100.00000 
-0.40720  0.13931 
 0.58557  0.38893 
-100.00000 -100.00000 
-100.00000 -100.00000 
-100.00000 -100.00000 
-100.00000 -100.00000 
-100.00000  0.37839 
-100.00000 -100.00000 
-100.00000 -100.00000 
-100.00000 -100.00000 
-0.24000  0.00011 
-100.00000 -100.00000 
-100.00000 -100.00000 
-100.00000 -100.00000 
-100.00000 -100.00000 
-100.00000 -100.00000 
-100.00000 -100.00000 
-0.44668  0.39169 
-100.00000 -100.00000 
-100.00000 -100.00000 
-100.00000 -100.00000 
-100.00000 -100.00000 
-100.00000 -100.00000 
-100.00000 -100.00000 
-0.34798 -0.00005 
-100.00000 -100.00000 
-100.00000 -100.00000 
-100.00000 -100.00000 
-100.00000 -100.00000 
 0.00002 -100.00000 
-100.00000 -100.00000 
-0.13698 -100.00000 
-100.00000 -100.00000 
 0.00012 -100.00000 
-100.00000 -100.00000 
-100.00000 -100.00000 
-100.00000 -100.00000 
 0.37879 -100.00000 
-100.00000 -100.00000 
-100.00000 -100.00000 
-100.00000 -100.00000 
-0.39011 -0.05274 
 0.13787  0.00005 
-100.00000 -100.00000 
-0.15165 -100.00000 
-100.00000 -100.00000 
 0.20730  0.00028 
-100.00000 -100.00000 
-100.00000 -100.00000 
-100.00000 -100.00000 
-100.00000 -100.00000 
-100.00000 -100.00000 
-100.00000 -100.00000 
-0.00161 -100.00000 
-100.00000 -100.00000 
-100.00000 -100.00000 
-100.00000 -100.00000 
 0.29797 -0.06692 
-100.00000 -100.00000 
 0.00000  0.00000 
-100.00000 -100.00000 
-100.00000 -100.00000 
 0.13156  0.48784 
 0.20637  0.02046 
-100.00000  0.00005 
-0.06716  0.18868 
-100.00000 -100.00000 
-100.00000 -100.00000 
-100.00000 -100.00000 
-100.00000 -100.00000 
-100.00000 -100.00000 
-0.90060 -100.00000 
-100.00000 -100.00000 
-0.26459 -100.00000 
-0.23897  0.11826 
-100.00000 -100.00000 
 0.17258 -0.35906 
-0.50834 -100.00000 
-100.00000 -100.00000 
 0.83636  0.14876 
 0.41211 -100.00000 
-100.00000 -100.00000 
-0.03690 -100.00000 
-100.00000 -100.00000 
-0.11204 -0.06781 
-100.00000 -100.00000 
 0.13483  0.22442 
-100.00000 -100.00000 
-100.00000 -100.00000 
-100.00000 -100.00000 
 0.10863  0.27655 
-0.00013  0.26322 
-100.00000 -100.00000 
-100.00000 -100.00000 
-100.00000 -100.00000 
 0.23803 -0.13436 
 0.34136  0.20799 
-0.14705  0.01873 
 0.26007  0.37029 
-100.00000 -100.00000 
-100.00000 -100.00000 
-0.10023  0.23217 
 0.10726 -0.47775 
-100.00000 -100.00000 
 0.13751  0.00006 
-100.00000 -100.00000 
-100.00000 -100.00000 
-100.00000 -100.00000 
-100.00000 -100.00000 
-100.00000 -100.00000 
-100.00000 -100.00000 
 0.72409  0.40780 
-100.00000 -100.00000 
-100.00000 -100.00000 
 0.11344 -0.08799 
-100.00000 -100.00000 
 0.09013  0.18845 
-100.00000 -100.00000 
-100.00000 -100.00000 
-100.00000 -100.00000 
-100.00000 -100.00000 
-100.00000 -100.00000 
