1  0.00000  0.00000  0.00000  0.00000 
2  0.26126 -0.48844 -0.22718  0.74970 
3  0.00000  0.00000  0.00000  0.00000 
4  0.04607  0.00000  0.04607  0.04607 
5  0.61108 -0.35262  0.25846  0.96370 
6  0.00000  0.00000  0.00000  0.00000 
7  0.00000 -0.55948 -0.55948  0.55948 
8  0.53988 -0.32304  0.21684  0.86292 
9  0.00000 -0.24460 -0.24460  0.24460 
10  0.00000 -0.47344 -0.47344  0.47344 
11  0.19612 -0.46059 -0.26447  0.65671 
12  0.00000 -0.00016 -0.00016  0.00016 
13  0.00000 -0.48905 -0.48905  0.48905 
14  0.00000  0.00000  0.00000  0.00000 
15  0.00000 -0.19808 -0.19808  0.19808 
16  0.00000  0.00000  0.00000  0.00000 
17  0.49946  0.00000  0.49946  0.49946 
18  0.48311 -0.44187  0.04124  0.92498 
19  0.00000 -0.90533 -0.90533  0.90533 
20  0.00000 -0.77392 -0.77392  0.77392 
21  0.00000  0.00000  0.00000  0.00000 
22  0.00000  0.00000  0.00000  0.00000 
23  0.27920 -0.31295 -0.03375  0.59215 
24  0.38753 -0.22831  0.15922  0.61584 
25  0.38988 -0.47828 -0.08840  0.86816 
26  0.00000 -0.53275 -0.53275  0.53275 
27  0.32850  0.00000  0.32850  0.32850 
28  0.58218  0.00000  0.58218  0.58218 
29  0.55425 -0.25263  0.30162  0.80688 
30  0.00000  0.00000  0.00000  0.00000 
31  0.24619  0.00000  0.24619  0.24619 
32  0.20821  0.00000  0.20821  0.20821 
33  0.00000  0.00000  0.00000  0.00000 
34  0.19240  0.00000  0.19240  0.19240 
35  0.16960 -0.22266 -0.05306  0.39226 
36  0.15602  0.00000  0.15602  0.15602 
37  0.28915 -1.04425 -0.75510  1.33340 
38  0.00000  0.00000  0.00000  0.00000 
39  0.60261  0.00000  0.60261  0.60261 
40  0.00000 -0.36804 -0.36804  0.36804 
41  0.22140  0.00000  0.22140  0.22140 
42  0.49756  0.00000  0.49756  0.49756 
43  0.35132  0.00000  0.35132  0.35132 
44  0.41658  0.00000  0.41658  0.41658 
45  0.56803 -0.19807  0.36996  0.76610 
46  0.00000 -0.00002 -0.00002  0.00002 
47  0.00000 -0.25399 -0.25399  0.25399 
48  0.00000 -0.15770 -0.15770  0.15770 
49  0.00000  0.00000  0.00000  0.00000 
50  0.00000  0.00000  0.00000  0.00000 
51  0.57083  0.00000  0.57083  0.57083 
52  0.00000 -0.30418 -0.30418  0.30418 
53  0.64505 -0.64463  0.00042  1.28968 
54  0.00000  0.00000  0.00000  0.00000 
55  0.00000  0.00000  0.00000  0.00000 
56  0.00000 -0.85451 -0.85451  0.85451 
57  0.00000 -0.24048 -0.24048  0.24048 
58  0.00000 -0.13373 -0.13373  0.13373 
59  0.53434  0.00000  0.53434  0.53434 
60  0.07885 -0.82686 -0.74801  0.90571 
61  0.00000 -0.37510 -0.37510  0.37510 
62  0.00000 -0.90041 -0.90041  0.90041 
63  0.20197  0.00000  0.20197  0.20197 
64  0.24119 -1.59948 -1.35829  1.84067 
65  0.00000 -0.58809 -0.58809  0.58809 
66  0.23674 -0.34086 -0.10412  0.57760 
67  0.45265  0.00000  0.45265  0.45265 
68  0.00000 -1.33421 -1.33421  1.33421 
69  0.00000  0.00000  0.00000  0.00000 
70  0.00000 -1.87787 -1.87787  1.87787 
71  0.00000 -0.36000 -0.36000  0.36000 
72  0.00000  0.00000  0.00000  0.00000 
73  0.27597  0.00000  0.27597  0.27597 
74  0.00000 -0.06055 -0.06055  0.06055 
75  0.00000 -0.39893 -0.39893  0.39893 
76  0.00000  0.00000  0.00000  0.00000 
77  0.00000  0.00000  0.00000  0.00000 
78  0.00000  0.00000  0.00000  0.00000 
79  0.00000  0.00000  0.00000  0.00000 
80  0.43442  0.00000  0.43442  0.43442 
81  0.00000 -0.21653 -0.21653  0.21653 
82  0.00000  0.00000  0.00000  0.00000 
83  0.00000 -0.26596 -0.26596  0.26596 
84  0.00000 -0.12937 -0.12937  0.12937 
85  0.00000  0.00000  0.00000  0.00000 
86  0.49343 -0.33163  0.16180  0.82506 
87  0.00000 -0.59852 -0.59852  0.59852 
88  0.13688 -0.71830 -0.58142  0.85518 
89  0.68822 -0.19919  0.48903  0.88741 
90  0.00000 -1.91890 -1.91890  1.91890 
91  0.41112 -0.91069 -0.49957  1.32181 
92  0.00000 -0.68949 -0.68949  0.68949 
93  0.20900  0.00000  0.20900  0.20900 
94  0.39371 -0.41820 -0.02449  0.81191 
95  0.67242  0.00000  0.67242  0.67242 
96  0.40000 -0.40043 -0.00043  0.80043 
97  0.45112  0.00000  0.45112  0.45112 
98  0.26379  0.00000  0.26379  0.26379 
99  0.26035 -1.92381 -1.66346  2.18416 
100  0.00000 -0.94938 -0.94938  0.94938 
101  0.58380 -0.57550  0.00830  1.15930 
102  0.00000  0.00000  0.00000  0.00000 
103  0.00000  0.00000  0.00000  0.00000 
104  0.00000 -2.36426 -2.36426  2.36426 
105  0.00000 -0.71804 -0.71804  0.71804 
106  0.00000 -0.46515 -0.46515  0.46515 
107  0.53103  0.00000  0.53103  0.53103 
108  0.55324  0.00000  0.55324  0.55324 
109  0.00000  0.00000  0.00000  0.00000 
110  0.00000  0.00000  0.00000  0.00000 
111  0.23144 -0.52958 -0.29814  0.76102 
112  0.00000  0.00000  0.00000  0.00000 
113  0.24895  0.00000  0.24895  0.24895 
114  0.22530  0.00000  0.22530  0.22530 
115  0.00000 -0.85125 -0.85125  0.85125 
116  0.25035 -0.25273 -0.00238  0.50308 
117  0.00000  0.00000  0.00000  0.00000 
118  0.00000  0.00000  0.00000  0.00000 
119  0.37222 -0.46760 -0.09538  0.83982 
120  0.00000 -0.58673 -0.58673  0.58673 
121  0.31593  0.00000  0.31593  0.31593 
122  0.00000 -0.32389 -0.32389  0.32389 
123  0.00000  0.00000  0.00000  0.00000 
124  0.00000 -0.29485 -0.29485  0.29485 
125  0.00000 -0.20149 -0.20149  0.20149 
126  0.00000 -0.26832 -0.26832  0.26832 
127  0.00000 -0.27997 -0.27997  0.27997 
128  0.00000  0.00000  0.00000  0.00000 
129  0.00000 -0.17174 -0.17174  0.17174 
130  0.24913  0.00000  0.24913  0.24913 
131  0.00000 -0.30379 -0.30379  0.30379 
132  0.18754  0.00000  0.18754  0.18754 
133  0.35257  0.00000  0.35257  0.35257 
134  0.00000 -0.62145 -0.62145  0.62145 
135  0.00000 -1.66643 -1.66643  1.66643 
136  0.57522 -2.17104 -1.59582  2.74626 
137  0.93151 -1.29091 -0.35940  2.22242 
138  0.00000 -2.04524 -2.04524  2.04524 
139  0.00000 -0.38823 -0.38823  0.38823 
140  0.00000  0.00000  0.00000  0.00000 
141  0.15250 -0.59978 -0.44728  0.75228 
142  0.25213 -0.23428  0.01785  0.48641 
143  0.00000 -0.18493 -0.18493  0.18493 
144  0.00000 -1.01308 -1.01308  1.01308 
145  0.51851 -0.62233 -0.10382  1.14084 
146  0.00000 -2.14039 -2.14039  2.14039 
147  0.00000  0.00000  0.00000  0.00000 
148  0.16882 -1.24256 -1.07374  1.41138 
149  0.00000  0.00000  0.00000  0.00000 
150  0.00000 -1.40059 -1.40059  1.40059 
151  0.00000 -0.75194 -0.75194  0.75194 
152  0.13573 -0.40551 -0.26978  0.54124 
153  0.19913 -3.15696 -2.95783  3.35609 
154  0.60076 -2.48420 -1.88344  3.08496 
155  0.60923 -0.97144 -0.36221  1.58067 
156  0.00000 -1.39799 -1.39799  1.39799 
157  0.00000 -2.65885 -2.65885  2.65885 
158  0.00000 -1.12802 -1.12802  1.12802 
159  0.36654 -0.77492 -0.40838  1.14146 
160  0.00005  0.00000  0.00005  0.00005 
161  0.00000  0.00000  0.00000  0.00000 
162  0.00000 -0.40173 -0.40173  0.40173 
163  0.02887  0.00000  0.02887  0.02887 
164  0.00000 -0.12925 -0.12925  0.12925 
165  0.00000  0.00000  0.00000  0.00000 
166  0.00000  0.00000  0.00000  0.00000 
167  0.44230 -0.83926 -0.39696  1.28156 
168  0.83979 -0.53353  0.30626  1.37332 
169  0.00000 -3.06109 -3.06109  3.06109 
170  0.00000 -4.45212 -4.45212  4.45212 
171  0.57228 -1.09001 -0.51773  1.66229 
172  0.21681 -1.52511 -1.30830  1.74192 
173  0.48949 -0.67861 -0.18912  1.16810 
174  0.10709 -0.67230 -0.56521  0.77939 
175  0.00000 -4.32836 -4.32836  4.32836 
176  0.00000 -4.56760 -4.56760  4.56760 
177  0.50776 -0.18151  0.32625  0.68927 
178  0.53573 -0.49075  0.04498  1.02648 
179  0.17828 -1.19870 -1.02042  1.37698 
180  0.14544  0.00000  0.14544  0.14544 
181  0.00000  0.00000  0.00000  0.00000 
182  0.00000 -0.55615 -0.55615  0.55615 
183  0.25681  0.00000  0.25681  0.25681 
184  0.00000 -0.16271 -0.16271  0.16271 
185  0.42860 -0.44994 -0.02134  0.87854 
186  0.59014 -0.14624  0.44390  0.73638 
187  0.03976 -0.39695 -0.35719  0.43671 
188  0.00000 -0.53237 -0.53237  0.53237 
189  0.00000 -0.77853 -0.77853  0.77853 
190  0.41921  0.00000  0.41921  0.41921 
191  0.00000 -1.01310 -1.01310  1.01310 
192  0.00000 -0.40664 -0.40664  0.40664 
193  0.00000 -0.11123 -0.11123  0.11123 
194  0.59086  0.00000  0.59086  0.59086 
195  0.24400  0.00000  0.24400  0.24400 
196  0.35892 -0.57715 -0.21823  0.93607 
197  0.00000 -2.71539 -2.71539  2.71539 
198  0.00000  0.00000  0.00000  0.00000 
199  0.00000 -0.48305 -0.48305  0.48305 
200  0.00000 -0.30158 -0.30158  0.30158 
201  1.22439 -0.73944  0.48495  1.96383 
202  0.00000 -0.14574 -0.14574  0.14574 
203  0.18065 -0.28971 -0.10906  0.47036 
204  0.16531 -0.55016 -0.38485  0.71547 
205  0.21079 -0.80441 -0.59362  1.01520 
206  0.00000  0.00000  0.00000  0.00000 
207  0.59144 -0.11320  0.47824  0.70464 
208  0.39301  0.00000  0.39301  0.39301 
209  0.28371 -0.76205 -0.47834  1.04576 
210  0.00000 -2.91660 -2.91660  2.91660 
211  0.00000  0.00000  0.00000  0.00000 
212  0.91727 -1.95501 -1.03774  2.87228 
213  0.00000 -1.17134 -1.17134  1.17134 
214  0.00000 -0.37614 -0.37614  0.37614 
215  0.00000  0.00000  0.00000  0.00000 
216  0.14866 -0.00025  0.14841  0.14891 
217  0.37004  0.00000  0.37004  0.37004 
218  0.26151 -0.77947 -0.51796  1.04098 
219  0.32186  0.00000  0.32186  0.32186 
220  0.19602 -0.94483 -0.74881  1.14085 
221  0.80814 -0.69546  0.11268  1.50360 
222  0.33306 -0.60035 -0.26729  0.93341 
223  0.00000 -2.20245 -2.20245  2.20245 
224  0.00000 -0.14055 -0.14055  0.14055 
225  0.00000  0.00000  0.00000  0.00000 
226  0.00000 -0.40478 -0.40478  0.40478 
227  0.00000 -0.58609 -0.58609  0.58609 
228  0.45744 -0.83436 -0.37692  1.29180 
229  0.11195 -1.80268 -1.69073  1.91463 
230  0.00000 -1.76375 -1.76375  1.76375 
231  0.36507 -2.62708 -2.26201  2.99215 
232  0.29656 -2.92645 -2.62989  3.22301 
233  0.35241 -0.23624  0.11617  0.58865 
234  0.00000 -0.78505 -0.78505  0.78505 
235  0.00000 -2.58726 -2.58726  2.58726 
236  0.00000 -1.25852 -1.25852  1.25852 
237  0.00000 -3.34703 -3.34703  3.34703 
238  0.28240 -0.62815 -0.34575  0.91055 
239  0.28163 -0.27770  0.00393  0.55933 
240  0.00000 -1.19066 -1.19066  1.19066 
241  0.00000 -0.43883 -0.43883  0.43883 
242  0.00000  0.00000  0.00000  0.00000 
243  0.00000  0.00000  0.00000  0.00000 
244  0.05476 -0.38571 -0.33095  0.44047 
245  0.00004  0.00000  0.00004  0.00004 
246  0.00000 -0.51722 -0.51722  0.51722 
247  0.28588  0.00000  0.28588  0.28588 
248  0.19356 -0.77577 -0.58221  0.96933 
249  0.24168  0.00000  0.24168  0.24168 
250  0.00000  0.00000  0.00000  0.00000 
251  0.40330 -0.91337 -0.51007  1.31667 
252  0.00000 -0.30029 -0.30029  0.30029 
253  0.00000 -0.51018 -0.51018  0.51018 
254  0.00000 -2.29892 -2.29892  2.29892 
255  0.00000 -1.12319 -1.12319  1.12319 
256  0.54390 -0.56898 -0.02508  1.11288 
257  0.00000 -3.56635 -3.56635  3.56635 
258  0.00000 -0.07583 -0.07583  0.07583 
259  0.00000  0.00000  0.00000  0.00000 
260  0.40558 -0.16259  0.24299  0.56817 
261  0.00000 -1.15088 -1.15088  1.15088 
262  0.00000  0.00000  0.00000  0.00000 
263  0.00000 -0.37489 -0.37489  0.37489 
264  0.00000 -1.19448 -1.19448  1.19448 
265  0.00000 -1.90241 -1.90241  1.90241 
266  0.00000  0.00000  0.00000  0.00000 
267  0.55521 -0.51262  0.04259  1.06783 
268  0.00000 -0.47219 -0.47219  0.47219 
269  0.00000  0.00000  0.00000  0.00000 
270  0.00000  0.00000  0.00000  0.00000 
271  0.44469 -0.54453 -0.09984  0.98922 
272  0.00000 -0.72004 -0.72004  0.72004 
273  0.58207 -0.63360 -0.05153  1.21567 
274  0.64243 -0.33843  0.30400  0.98086 
275  0.53616 -0.17053  0.36563  0.70669 
276  0.00000 -0.37166 -0.37166  0.37166 
277  0.98796 -0.95047  0.03749  1.93843 
278  0.00000 -0.86841 -0.86841  0.86841 
279  0.00000  0.00000  0.00000  0.00000 
280  0.00000 -0.36577 -0.36577  0.36577 
281  0.00000 -0.42646 -0.42646  0.42646 
282  0.29811  0.00000  0.29811  0.29811 
283  0.00000 -0.89121 -0.89121  0.89121 
284  0.00000  0.00000  0.00000  0.00000 
285  0.39613 -0.38883  0.00730  0.78496 
286  0.00000 -1.05243 -1.05243  1.05243 
287  0.41445  0.00000  0.41445  0.41445 
288  0.82134 -0.39796  0.42338  1.21930 
289  0.47343 -0.59175 -0.11832  1.06518 
290  0.68456  0.00000  0.68456  0.68456 
291  0.00000 -0.24735 -0.24735  0.24735 
292  0.13497 -0.34507 -0.21010  0.48004 
293  0.00000 -0.28587 -0.28587  0.28587 
294  0.00000 -1.26733 -1.26733  1.26733 
295  0.00000  0.00000  0.00000  0.00000 
296  0.00000 -0.34665 -0.34665  0.34665 
297  0.00000  0.00000  0.00000  0.00000 
298  0.31862 -0.36168 -0.04306  0.68030 
299  0.13480 -1.58449 -1.44969  1.71929 
300  0.00000 -0.16801 -0.16801  0.16801 
301  0.51451 -0.33102  0.18349  0.84553 
302  0.20832 -0.81778 -0.60946  1.02610 
303  0.65448 -1.58250 -0.92802  2.23698 
304  0.50565 -0.18859  0.31706  0.69424 
305  0.00000  0.00000  0.00000  0.00000 
306  0.74556  0.00000  0.74556  0.74556 
307  0.00000  0.00000  0.00000  0.00000 
308  0.18584 -0.25911 -0.07327  0.44495 
309  0.00000  0.00000  0.00000  0.00000 
310  0.29005  0.00000  0.29005  0.29005 
311  0.00000 -0.33320 -0.33320  0.33320 
312  0.37056 -0.43956 -0.06900  0.81012 
313  0.00000 -0.97547 -0.97547  0.97547 
314  0.00000 -0.57034 -0.57034  0.57034 
315  0.67208 -0.56789  0.10419  1.23997 
316  0.22497  0.00000  0.22497  0.22497 
317  0.39860  0.00000  0.39860  0.39860 
318  0.71493 -1.92358 -1.20865  2.63851 
319  0.23706  0.00000  0.23706  0.23706 
320  0.00000 -0.13305 -0.13305  0.13305 
321  0.00000 -1.10194 -1.10194  1.10194 
322  0.47355 -0.24135  0.23220  0.71490 
323  0.00000 -0.40135 -0.40135  0.40135 
324  0.00000 -0.65059 -0.65059  0.65059 
325  0.59055  0.00000  0.59055  0.59055 
326  1.47920 -0.46234  1.01686  1.94154 
327  0.55808 -0.95755 -0.39947  1.51563 
328  0.00000 -0.08741 -0.08741  0.08741 
329  0.26836 -0.40477 -0.13641  0.67313 
330  0.25814  0.00000  0.25814  0.25814 
331  0.29240  0.00000  0.29240  0.29240 
332  0.00000 -0.20927 -0.20927  0.20927 
333  0.39568 -0.17143  0.22425  0.56711 
334  0.00000 -0.16508 -0.16508  0.16508 
335  0.09018 -0.74256 -0.65238  0.83274 
336  0.00000  0.00000  0.00000  0.00000 
337  1.08364 -0.91686  0.16678  2.00050 
338  0.27934  0.00000  0.27934  0.27934 
339  0.00000 -0.20231 -0.20231  0.20231 
340  0.00000  0.00000  0.00000  0.00000 
341  0.00000  0.00000  0.00000  0.00000 
342  0.04539  0.00000  0.04539  0.04539 
343  0.56058  0.00000  0.56058  0.56058 
344  0.35758 -0.20031  0.15727  0.55789 
345  0.00000 -0.39529 -0.39529  0.39529 
346  0.15527  0.00000  0.15527  0.15527 
347  0.00000  0.00000  0.00000  0.00000 
348  0.41300  0.00000  0.41300  0.41300 
349  0.00000  0.00000  0.00000  0.00000 
350  0.00000  0.00000  0.00000  0.00000 
351  0.00000  0.00000  0.00000  0.00000 
352  0.19735  0.00000  0.19735  0.19735 
353  0.09551 -0.23061 -0.13510  0.32612 
354  0.00000 -0.60409 -0.60409  0.60409 
355  0.00000  0.00000  0.00000  0.00000 
356  0.00000  0.00000  0.00000  0.00000 
357  0.32527  0.00000  0.32527  0.32527 
358  0.00000 -0.97819 -0.97819  0.97819 
359  0.72574  0.00000  0.72574  0.72574 
360  0.64449 -0.22885  0.41564  0.87334 
361  0.40085  0.00000  0.40085  0.40085 
362  0.00000  0.00000  0.00000  0.00000 
363  0.00000  0.00000  0.00000  0.00000 
364  0.00000  0.00000  0.00000  0.00000 
365  0.72143  0.00000  0.72143  0.72143 
366  0.00000  0.00000  0.00000  0.00000 
367  0.00000  0.00000  0.00000  0.00000 
368  0.00000 -1.02925 -1.02925  1.02925 
369  0.39290 -0.13646  0.25644  0.52936 
370  0.35384 -0.54240 -0.18856  0.89624 
371  0.00000  0.00000  0.00000  0.00000 
372  0.00000  0.00000  0.00000  0.00000 
373  0.00000 -0.17795 -0.17795  0.17795 
374  0.14573  0.00000  0.14573  0.14573 
375  0.24109 -1.25283 -1.01174  1.49392 
376  0.00000 -0.31938 -0.31938  0.31938 
377  0.27382  0.00000  0.27382  0.27382 
378  0.00000 -0.27541 -0.27541  0.27541 
379  0.00000 -0.13681 -0.13681  0.13681 
380  0.19750  0.00000  0.19750  0.19750 
381  0.18013  0.00000  0.18013  0.18013 
382  0.29888 -0.43609 -0.13721  0.73497 
383  0.21264 -0.12357  0.08907  0.33621 
384  0.00000  0.00000  0.00000  0.00000 
385  0.00000 -0.23256 -0.23256  0.23256 
386  0.44565  0.00000  0.44565  0.44565 
387  0.35810  0.00000  0.35810  0.35810 
388  0.08439  0.00000  0.08439  0.08439 
389  0.44651 -0.19219  0.25432  0.63870 
390  0.26183 -0.37572 -0.11389  0.63755 
391  0.00000 -0.21949 -0.21949  0.21949 
392  0.00000  0.00000  0.00000  0.00000 
393  0.00000 -0.59721 -0.59721  0.59721 
394  0.00000  0.00000  0.00000  0.00000 
395  0.00000 -0.08327 -0.08327  0.08327 
396  0.00000 -0.18203 -0.18203  0.18203 
397  0.88081 -0.37898  0.50183  1.25979 
398  0.23688  0.00000  0.23688  0.23688 
399  0.00000 -0.40196 -0.40196  0.40196 
400  0.00000 -1.14026 -1.14026  1.14026 
401  0.47350  0.00000  0.47350  0.47350 
402  0.00000  0.00000  0.00000  0.00000 
403  0.23447 -0.31339 -0.07892  0.54786 
404  0.71828 -0.72179 -0.00351  1.44007 
405  0.23764 -1.09083 -0.85319  1.32847 
406  0.32430  0.00000  0.32430  0.32430 
407  0.00000 -0.45821 -0.45821  0.45821 
408  0.00000 -0.58287 -0.58287  0.58287 
409  0.00000  0.00000  0.00000  0.00000 
410  0.14268 -0.24798 -0.10530  0.39066 
411  0.00000  0.00000  0.00000  0.00000 
412  0.00000 -1.41377 -1.41377  1.41377 
413  0.23893 -0.22553  0.01340  0.46446 
414  0.19362 -0.75602 -0.56240  0.94964 
415  0.57950 -1.38271 -0.80321  1.96221 
416  0.56806  0.00000  0.56806  0.56806 
417  0.00000  0.00000  0.00000  0.00000 
418  0.26058 -0.53803 -0.27745  0.79861 
419  0.30335  0.00000  0.30335  0.30335 
420  0.00000  0.00000  0.00000  0.00000 
421  0.43635  0.00000  0.43635  0.43635 
422  0.00000  0.00000  0.00000  0.00000 
423  0.00000  0.00000  0.00000  0.00000 
424  0.00000  0.00000  0.00000  0.00000 
425  0.00000  0.00000  0.00000  0.00000 
426  0.40736  0.00000  0.40736  0.40736 
427  0.35486  0.00000  0.35486  0.35486 
428  0.37241  0.00000  0.37241  0.37241 
429  0.63379 -0.62541  0.00838  1.25920 
430  0.15986  0.00000  0.15986  0.15986 
431  0.31611 -0.13103  0.18508  0.44714 
432  0.00000  0.00000  0.00000  0.00000 
433  0.00000 -0.38820 -0.38820  0.38820 
434  0.00000 -0.50752 -0.50752  0.50752 
435  0.00000  0.00000  0.00000  0.00000 
436  0.15852  0.00000  0.15852  0.15852 
437  0.00000 -0.17544 -0.17544  0.17544 
438  0.00000  0.00000  0.00000  0.00000 
439  0.39673  0.00000  0.39673  0.39673 
440  0.20103 -0.23425 -0.03322  0.43528 
441  0.00000  0.00000  0.00000  0.00000 
442  0.00000  0.00000  0.00000  0.00000 
443  0.00000  0.00000  0.00000  0.00000 
444  0.00000  0.00000  0.00000  0.00000 
445  0.00000  0.00000  0.00000  0.00000 
446  0.32019  0.00000  0.32019  0.32019 
447  0.00000  0.00000  0.00000  0.00000 
448  0.99013  0.00000  0.99013  0.99013 
449  0.29721  0.00000  0.29721  0.29721 
450  0.00000  0.00000  0.00000  0.00000 
451  0.00000  0.00000  0.00000  0.00000 
452  0.62002  0.00000  0.62002  0.62002 
453  0.00000 -0.38659 -0.38659  0.38659 
454  0.12013 -0.28819 -0.16806  0.40832 
455  0.57804 -0.62074 -0.04270  1.19878 
456  1.73677  0.00000  1.73677  1.73677 
457  0.53775  0.00000  0.53775  0.53775 
458  0.22906 -0.29308 -0.06402  0.52214 
459  0.00000 -0.45177 -0.45177  0.45177 
460  0.26470 -0.19660  0.06810  0.46130 
461  0.00000  0.00000  0.00000  0.00000 
462  0.31370  0.00000  0.31370  0.31370 
463  0.00000 -1.07963 -1.07963  1.07963 
464  0.33062 -0.31036  0.02026  0.64098 
465  0.00000  0.00000  0.00000  0.00000 
466  0.39932 -0.23859  0.16073  0.63791 
467  0.42028  0.00000  0.42028  0.42028 
468  0.39362 -1.05851 -0.66489  1.45213 
469  0.00000  0.00000  0.00000  0.00000 
470  0.00000 -1.15585 -1.15585  1.15585 
471  0.26669 -0.70549 -0.43880  0.97218 
472  0.00000  0.00000  0.00000  0.00000 
473  0.06452  0.00000  0.06452  0.06452 
474  0.33914  0.00000  0.33914  0.33914 
475  0.36600 -0.29952  0.06648  0.66552 
476  0.00000 -1.58203 -1.58203  1.58203 
477  0.00000 -0.29996 -0.29996  0.29996 
478  0.00000 -0.51179 -0.51179  0.51179 
479  0.20455  0.00000  0.20455  0.20455 
480  0.55070  0.00000  0.55070  0.55070 
481  0.33325 -0.74703 -0.41378  1.08028 
482  0.00000  0.00000  0.00000  0.00000 
483  0.19498  0.00000  0.19498  0.19498 
484  0.00000 -0.21464 -0.21464  0.21464 
485  0.00000 -0.14712 -0.14712  0.14712 
486  0.45543 -1.26346 -0.80803  1.71889 
487  0.00000 -0.09008 -0.09008  0.09008 
488  0.16333  0.00000  0.16333  0.16333 
489  0.00000 -0.24633 -0.24633  0.24633 
490  0.07732 -0.72513 -0.64781  0.80245 
491  0.00000  0.00000  0.00000  0.00000 
492  0.00000 -0.33705 -0.33705  0.33705 
493  0.00000 -0.98836 -0.98836  0.98836 
494  0.00000  0.00000  0.00000  0.00000 
495  0.48642 -0.33925  0.14717  0.82567 
496  0.43552  0.00000  0.43552  0.43552 
497  0.00000 -5.24031 -5.24031  5.24031 
498  0.00000 -0.87636 -0.87636  0.87636 
499  0.00000 -2.26277 -2.26277  2.26277 
500  0.64043  0.00000  0.64043  0.64043 
501  0.21414 -0.38021 -0.16607  0.59435 
502  0.33786 -0.46630 -0.12844  0.80416 
503  0.58517 -0.57209  0.01308  1.15726 
504  0.00000 -0.94116 -0.94116  0.94116 
505  0.00000 -0.18565 -0.18565  0.18565 
506  0.23001 -0.11842  0.11159  0.34843 
507  0.00000 -1.13652 -1.13652  1.13652 
508  0.00000 -1.35509 -1.35509  1.35509 
509  0.00000 -0.54213 -0.54213  0.54213 
510  0.47849 -0.83108 -0.35259  1.30957 
511  0.00000 -0.48465 -0.48465  0.48465 
512  0.00000 -0.24404 -0.24404  0.24404 
513  0.44052 -1.17491 -0.73439  1.61543 
514  0.13023 -0.23815 -0.10792  0.36838 
515  0.00000 -0.64685 -0.64685  0.64685 
516  0.00000 -0.23521 -0.23521  0.23521 
517  0.94013 -1.74195 -0.80182  2.68208 
518  1.20206 -0.31657  0.88549  1.51863 
519  0.00000  0.00000  0.00000  0.00000 
520  0.00000 -0.49894 -0.49894  0.49894 
521  0.00000 -0.37106 -0.37106  0.37106 
522  0.00000 -0.48521 -0.48521  0.48521 
523  0.00000 -0.33964 -0.33964  0.33964 
524  0.39504  0.00000  0.39504  0.39504 
525  0.00000 -0.13108 -0.13108  0.13108 
526  0.00000 -0.19190 -0.19190  0.19190 
527  0.00000 -0.29078 -0.29078  0.29078 
528  0.00000 -0.37183 -0.37183  0.37183 
529  0.00000 -0.08396 -0.08396  0.08396 
530  0.00000  0.00000  0.00000  0.00000 
531  0.00000 -0.12201 -0.12201  0.12201 
532  0.00000 -0.80933 -0.80933  0.80933 
533  0.00000 -0.08692 -0.08692  0.08692 
534  0.27201 -0.14734  0.12467  0.41935 
535  0.00000  0.00000  0.00000  0.00000 
536  0.17124  0.00000  0.17124  0.17124 
537  0.15968  0.00000  0.15968  0.15968 
538  0.00000 -0.40019 -0.40019  0.40019 
539  0.00000  0.00000  0.00000  0.00000 
540  0.50471 -1.01337 -0.50866  1.51808 
541  0.00000  0.00000  0.00000  0.00000 
542  0.00000 -0.31969 -0.31969  0.31969 
543  0.83054  0.00000  0.83054  0.83054 
544  0.00000 -0.75052 -0.75052  0.75052 
545  0.00000 -0.57029 -0.57029  0.57029 
546  0.09538  0.00000  0.09538  0.09538 
547  0.39290 -0.23784  0.15506  0.63074 
548  0.00000 -0.71395 -0.71395  0.71395 
549  0.00000  0.00000  0.00000  0.00000 
550  0.52445 -0.71678 -0.19233  1.24123 
551  0.00000 -0.50532 -0.50532  0.50532 
552  0.18098 -0.91001 -0.72903  1.09099 
553  0.00000 -0.53448 -0.53448  0.53448 
554  0.00000 -0.20638 -0.20638  0.20638 
555  0.00000 -0.78903 -0.78903  0.78903 
556  0.00000 -1.77818 -1.77818  1.77818 
557  0.29481  0.00000  0.29481  0.29481 
558  0.00000 -0.66631 -0.66631  0.66631 
559  0.00000  0.00000  0.00000  0.00000 
560  0.00000 -0.80869 -0.80869  0.80869 
561  0.00000 -0.16826 -0.16826  0.16826 
562  0.25993  0.00000  0.25993  0.25993 
563  0.00000  0.00000  0.00000  0.00000 
564  0.00000  0.00000  0.00000  0.00000 
565  0.74140  0.00000  0.74140  0.74140 
