0  1.02333 -0.87554  0.14780  1.89887 
1  3.39528 -2.07449  1.32079  5.46977 
2  2.39113 -2.49951 -0.10839  4.89064 
3  3.26955 -3.08425  0.18530  6.35380 
4  2.11336 -1.24814  0.86522  3.36149 
5  1.17714 -1.08047  0.09667  2.25761 
6  1.55038 -2.60484 -1.05446  4.15522 
7  0.99169 -0.86013  0.13156  1.85181 
8  0.12508 -1.14801 -1.02293  1.27309 
9  0.58359 -2.33291 -1.74932  2.91650 
10  2.18575 -2.43105 -0.24530  4.61680 
11  1.18719 -2.12495 -0.93776  3.31215 
12  1.05334 -1.16155 -0.10821  2.21489 
13  1.65348 -1.16056  0.49292  2.81405 
14  0.30756 -0.70496 -0.39741  1.01252 
15  1.38684 -0.65358  0.73326  2.04043 
16  0.98389 -0.27490  0.70899  1.25879 
17  0.96617 -0.61718  0.34899  1.58335 
18  1.27639 -2.59219 -1.31580  3.86858 
19  0.16319 -1.57414 -1.41095  1.73733 
20  0.75149 -0.69578  0.05571  1.44726 
21  0.79667 -0.67445  0.12222  1.47113 
22  0.67792 -0.61587  0.06205  1.29379 
23  0.44020 -0.77589 -0.33570  1.21609 
24  1.18974 -1.51522 -0.32548  2.70496 
25  0.08289 -1.19873 -1.11584  1.28162 
26  0.66272 -0.46619  0.19653  1.12890 
27  0.61288 -0.37197  0.24091  0.98485 
28  0.86250 -0.56291  0.29959  1.42541 
29  0.75548 -0.45960  0.29589  1.21508 
30  1.49481 -0.99535  0.49946  2.49016 
31  0.90607 -0.74811  0.15796  1.65418 
32  0.60918 -0.57260  0.03657  1.18178 
33  0.54433 -0.59219 -0.04787  1.13652 
34  0.46816 -0.35529  0.11287  0.82344 
35  0.68940 -0.83535 -0.14595  1.52475 
36  1.04620 -2.23304 -1.18684  3.27924 
37  0.67065 -0.86014 -0.18949  1.53079 
38  0.86080 -0.59645  0.26434  1.45725 
39  0.57250 -0.90104 -0.32853  1.47354 
40  0.60486 -0.26114  0.34373  0.86600 
41  1.02068 -0.62674  0.39394  1.64742 
42  0.61319 -0.03453  0.57866  0.64773 
43  0.59713 -0.42533  0.17180  1.02246 
44  0.76478 -0.64409  0.12069  1.40886 
45  0.31097 -0.47125 -0.16028  0.78222 
46  0.72837 -1.33566 -0.60729  2.06403 
47  0.16426 -0.84885 -0.68459  1.01310 
48  0.63736 -0.48015  0.15721  1.11751 
49  0.64926 -0.43271  0.21655  1.08197 
50  1.26516 -0.50490  0.76026  1.77007 
51  1.04354 -1.52102 -0.47748  2.56455 
52  1.92785 -2.49095 -0.56311  4.41880 
53  0.36079 -0.78055 -0.41976  1.14134 
54  0.64169 -0.55590  0.08578  1.19759 
55  0.58620 -1.90530 -1.31910  2.49150 
56  0.80275 -2.20933 -1.40658  3.01208 
57  0.35096 -0.36930 -0.01834  0.72027 
58  1.35904 -0.56693  0.79211  1.92597 
59  1.04073 -3.19200 -2.15127  4.23272 
60  0.84687 -1.28023 -0.43336  2.12711 
61  2.05667 -3.05215 -0.99548  5.10883 
62  0.34710 -1.19763 -0.85053  1.54473 
63  0.53085 -2.33061 -1.79975  2.86146 
64  1.07378 -3.59378 -2.52000  4.66756 
65  0.37157 -0.74284 -0.37126  1.11441 
66  0.72314 -0.30159  0.42155  1.02473 
67  0.95383 -4.07970 -3.12587  5.03353 
68  0.49011 -0.46459  0.02551  0.95470 
69  0.90628 -4.15094 -3.24466  5.05722 
70  1.96820 -2.50087 -0.53267  4.46907 
71  0.79144 -0.45875  0.33269  1.25019 
72  0.97591 -1.45129 -0.47538  2.42719 
73  0.66149 -1.09544 -0.43394  1.75693 
74  1.17347 -2.59625 -1.42277  3.76972 
75  0.24021 -0.58070 -0.34049  0.82091 
76  1.00398 -0.40665  0.59733  1.41063 
77  0.63882 -1.08634 -0.44752  1.72515 
78  0.57782 -0.70380 -0.12597  1.28162 
79  0.63324 -0.44474  0.18850  1.07797 
80  0.61067 -1.11388 -0.50321  1.72456 
81  0.49639 -0.61704 -0.12064  1.11343 
82  1.13589 -2.39625 -1.26037  3.53214 
83  0.55946 -0.51912  0.04035  1.07858 
84  0.65833 -0.77703 -0.11870  1.43537 
85  2.27086 -2.98523 -0.71437  5.25609 
86  0.32051 -1.16114 -0.84063  1.48165 
87  1.13500 -2.02573 -0.89073  3.16072 
88  3.14367 -2.03431  1.10936  5.17798 
89  1.94378 -4.83596 -2.89218  6.77974 
90  1.64595 -3.74774 -2.10179  5.39369 
91  1.58281 -2.98667 -1.40386  4.56948 
92  0.43314 -0.52928 -0.09614  0.96243 
93  0.70935 -1.11546 -0.40611  1.82480 
94  0.91196 -0.35273  0.55923  1.26469 
95  0.91362 -0.87155  0.04207  1.78517 
96  1.73561 -0.17718  1.55844  1.91279 
97  0.47282 -0.52036 -0.04753  0.99318 
98  2.03388 -3.39786 -1.36399  5.43174 
99  1.25692 -3.81173 -2.55480  5.06865 
100  1.61612 -1.34560  0.27052  2.96172 
101  1.21950 -2.15681 -0.93730  3.37631 
102  1.14476 -1.85230 -0.70755  2.99706 
103  1.43975 -4.83980 -3.40004  6.27955 
104  0.11576 -0.97518 -0.85942  1.09095 
105  0.61830 -1.46151 -0.84322  2.07981 
106  0.77512 -0.87553 -0.10041  1.65065 
107  1.23565 -0.27867  0.95699  1.51432 
108  0.52827 -0.45257  0.07570  0.98084 
109  0.19529 -0.39145 -0.19616  0.58674 
110  1.84619 -1.83376  0.01243  3.67995 
111  1.15613 -0.82700  0.32913  1.98313 
112  2.82233 -2.57636  0.24597  5.39868 
113  1.27602 -1.14722  0.12879  2.42324 
114  1.00581 -3.05857 -2.05276  4.06438 
115  0.93064 -0.75242  0.17822  1.68306 
116  0.30394 -0.39476 -0.09082  0.69871 
117  0.43093 -0.76049 -0.32957  1.19142 
118  1.50620 -1.46218  0.04402  2.96838 
119  0.29090 -0.81453 -0.52363  1.10543 
120  0.81701 -0.32458  0.49244  1.14159 
121  0.32629 -0.59887 -0.27258  0.92516 
122  1.90182 -2.04894 -0.14713  3.95076 
123  0.58801 -2.31937 -1.73136  2.90737 
124  0.56281 -2.02477 -1.46196  2.58758 
125  2.27512 -2.30164 -0.02652  4.57676 
126  1.20145 -1.73109 -0.52963  2.93254 
127  0.74956 -2.35756 -1.60800  3.10712 
128  0.50352 -1.01245 -0.50893  1.51598 
129  0.80310 -0.65649  0.14661  1.45960 
130  0.56595 -1.04243 -0.47649  1.60838 
131  0.38327 -0.44588 -0.06262  0.82915 
132  1.07686 -0.65339  0.42347  1.73025 
133  0.47045 -0.75447 -0.28403  1.22492 
134  0.61598 -2.88997 -2.27399  3.50595 
135  2.28442 -5.56357 -3.27915  7.84799 
136  1.59611 -2.43156 -0.83545  4.02768 
137  1.71833 -4.39450 -2.67617  6.11282 
138  0.88982 -3.20075 -2.31093  4.09056 
139  0.88168 -1.03216 -0.15048  1.91383 
140  0.96731 -1.71361 -0.74630  2.68092 
141  1.02099 -0.87631  0.14468  1.89730 
142  0.61884 -3.00458 -2.38574  3.62342 
143  0.32505 -1.39732 -1.07227  1.72237 
144  1.19964 -1.74152 -0.54188  2.94117 
145  0.77814 -4.87521 -4.09707  5.65335 
146  0.11849 -0.39531 -0.27681  0.51380 
147  0.84549 -2.24514 -1.39965  3.09063 
148  0.39714 -0.76345 -0.36631  1.16058 
149  0.50091 -3.81432 -3.31341  4.31522 
150  0.01169 -1.34197 -1.33028  1.35366 
151  0.40649 -0.44539 -0.03891  0.85188 
152  1.60230 -6.78088 -5.17858  8.38318 
153  1.85668 -3.75993 -1.90325  5.61660 
154  3.16026 -3.37394 -0.21368  6.53420 
155  0.76822 -3.81602 -3.04781  4.58424 
156  1.74756 -4.89599 -3.14844  6.64355 
157  1.34456 -3.07935 -1.73479  4.42391 
158  0.98298 -2.32406 -1.34108  3.30704 
159  0.89968 -0.17379  0.72589  1.07346 
160  0.70696 -0.41554  0.29143  1.12250 
161  0.36051 -1.34120 -0.98069  1.70171 
162  0.77917 -1.00369 -0.22452  1.78286 
163  0.39346 -0.99085 -0.59739  1.38431 
164  0.59513 -0.91546 -0.32033  1.51058 
165  0.39876 -0.18760  0.21116  0.58636 
166  0.92932 -1.06874 -0.13942  1.99805 
167  1.36843 -0.77625  0.59218  2.14468 
168  0.35134 -5.64019 -5.28885  5.99152 
169  0.61054 -7.36403 -6.75349  7.97457 
170  2.60252 -2.87099 -0.26847  5.47351 
171  0.82125 -2.35328 -1.53203  3.17454 
172  2.04727 -4.03026 -1.98299  6.07753 
173  0.34744 -0.74870 -0.40126  1.09614 
174  1.41727 -6.88669 -5.46943  8.30396 
175  0.83183 -7.29585 -6.46402  8.12768 
176  1.08189 -2.45941 -1.37752  3.54130 
177  1.27863 -2.31462 -1.03599  3.59325 
178  0.88504 -2.98471 -2.09966  3.86975 
179  1.76876 -2.71692 -0.94815  4.48568 
180  0.58043 -0.75957 -0.17914  1.34000 
181  2.51048 -3.86774 -1.35726  6.37822 
182  1.04750 -0.57638  0.47112  1.62387 
183  2.00306 -2.95259 -0.94953  4.95566 
184  0.90162 -2.78316 -1.88154  3.68479 
185  2.15602 -1.43663  0.71938  3.59265 
186  0.70429 -1.85783 -1.15354  2.56212 
187  2.00821 -2.63145 -0.62324  4.63966 
188  0.07598 -1.10071 -1.02473  1.17669 
189  1.31908 -0.76188  0.55720  2.08096 
190  0.05631 -1.56379 -1.50748  1.62010 
191  0.15604 -0.94553 -0.78949  1.10157 
192  0.45972 -0.32566  0.13406  0.78538 
193  1.14363 -0.12964  1.01399  1.27327 
194  0.35445 -0.63752 -0.28307  0.99198 
195  0.70524 -1.08808 -0.38284  1.79332 
196  0.50563 -4.12717 -3.62153  4.63280 
197  0.98295 -0.26198  0.72097  1.24494 
198  0.31441 -1.68566 -1.37124  2.00007 
199  0.35122 -0.76983 -0.41862  1.12105 
200  2.08967 -2.41757 -0.32790  4.50724 
201  1.36008 -1.61873 -0.25865  2.97881 
202  0.61696 -0.60184  0.01512  1.21879 
203  0.27196 -0.91161 -0.63965  1.18356 
204  2.14138 -2.24705 -0.10567  4.38843 
205  1.00349 -2.28248 -1.27899  3.28597 
206  0.98445 -0.54082  0.44363  1.52527 
207  0.53228 -0.14575  0.38653  0.67804 
208  2.26207 -2.63739 -0.37532  4.89946 
209  0.31949 -5.82762 -5.50813  6.14712 
210  1.74954 -2.23940 -0.48986  3.98894 
211  2.31395 -4.94731 -2.63336  7.26127 
212  0.99719 -2.65215 -1.65496  3.64934 
213  0.76523 -2.56762 -1.80239  3.33285 
214  0.38356 -0.61476 -0.23120  0.99832 
215  1.77641 -3.80259 -2.02618  5.57900 
216  0.61056 -0.44068  0.16989  1.05124 
217  0.93533 -3.83698 -2.90164  4.77231 
218  0.75334 -1.42998 -0.67664  2.18333 
219  1.67658 -4.79600 -3.11941  6.47258 
220  2.58422 -2.58163  0.00259  5.16585 
221  1.09580 -1.89207 -0.79627  2.98786 
222  1.82982 -4.11818 -2.28835  5.94800 
223  1.95300 -1.74272  0.21028  3.69573 
224  1.03577 -1.29996 -0.26419  2.33573 
225  0.59821 -2.23076 -1.63255  2.82897 
226  2.18208 -2.79962 -0.61754  4.98170 
227  1.14775 -3.10788 -1.96013  4.25563 
228  0.80001 -3.13077 -2.33076  3.93078 
229  0.92223 -4.18329 -3.26106  5.10551 
230  1.45590 -4.12152 -2.66562  5.57742 
231  2.32553 -6.33370 -4.00817  8.65922 
232  0.68636 -0.74437 -0.05801  1.43072 
233  1.12230 -4.18222 -3.05992  5.30452 
234  0.86386 -6.66750 -5.80364  7.53136 
235  1.33819 -5.21959 -3.88140  6.55778 
236  1.15387 -6.22549 -5.07163  7.37936 
237  0.60959 -1.68722 -1.07764  2.29681 
238  1.00023 -1.22885 -0.22861  2.22908 
239  0.69879 -3.43536 -2.73657  4.13415 
240  0.05372 -0.59538 -0.54166  0.64911 
241  0.62772 -0.27923  0.34849  0.90695 
242  0.24161 -0.66300 -0.42139  0.90460 
243  0.88637 -1.84451 -0.95815  2.73088 
244  0.40513 -0.25825  0.14689  0.66338 
245  0.53555 -1.05536 -0.51981  1.59092 
246  0.73669 -0.07326  0.66343  0.80994 
247  0.94772 -2.51494 -1.56721  3.46266 
248  1.40091 -0.75840  0.64251  2.15930 
249  0.62025 -0.80310 -0.18285  1.42335 
250  2.19031 -3.76932 -1.57902  5.95963 
251  0.75598 -1.03179 -0.27580  1.78777 
252  0.97816 -2.55714 -1.57898  3.53529 
253  0.50697 -3.47034 -2.96337  3.97731 
254  1.43367 -3.74975 -2.31608  5.18342 
255  0.91565 -0.80381  0.11184  1.71945 
256  0.62562 -5.13432 -4.50870  5.75994 
257  0.72256 -0.53324  0.18931  1.25580 
258  0.94195 -0.75634  0.18561  1.69829 
259  1.09764 -0.38570  0.71194  1.48333 
260  0.31454 -1.60813 -1.29359  1.92267 
261  0.53105 -0.44117  0.08989  0.97222 
262  0.36082 -0.73800 -0.37718  1.09882 
263  0.27307 -2.01957 -1.74650  2.29264 
264  0.31313 -2.15261 -1.83947  2.46574 
265  0.65069 -0.75838 -0.10768  1.40907 
266  0.92912 -0.65386  0.27526  1.58299 
267  1.05907 -1.59489 -0.53582  2.65396 
268  0.39514 -0.89044 -0.49530  1.28559 
269  0.97313 -0.83126  0.14188  1.80439 
270  0.45535 -0.93485 -0.47951  1.39020 
271  0.66307 -2.78453 -2.12146  3.44761 
272  0.94994 -1.47767 -0.52773  2.42761 
273  2.36327 -3.02979 -0.66651  5.39306 
274  0.69505 -1.13768 -0.44262  1.83273 
275  1.64461 -2.39564 -0.75103  4.04025 
276  2.90366 -3.50613 -0.60247  6.40979 
277  1.86605 -4.53679 -2.67074  6.40284 
278  1.08824 -1.16206 -0.07382  2.25029 
279  0.36666 -1.34907 -0.98241  1.71573 
280  0.52839 -1.37135 -0.84297  1.89974 
281  0.82934 -0.68709  0.14225  1.51643 
282  1.90490 -4.09184 -2.18694  5.99673 
283  0.40688 -0.60931 -0.20243  1.01619 
284  2.14359 -3.62885 -1.48526  5.77244 
285  1.52972 -3.50297 -1.97325  5.03269 
286  1.80470 -1.74813  0.05657  3.55283 
287  2.34339 -2.04386  0.29954  4.38725 
288  2.46150 -2.99430 -0.53279  5.45580 
289  1.81563 -1.80219  0.01344  3.61782 
290  0.47493 -0.49994 -0.02502  0.97487 
291  1.05958 -1.54710 -0.48752  2.60668 
292  0.52002 -1.03999 -0.51997  1.56001 
293  2.15229 -4.52399 -2.37170  6.67628 
294  0.48978 -0.81998 -0.33020  1.30977 
295  0.35063 -0.48890 -0.13827  0.83953 
296  0.56422 -0.77920 -0.21498  1.34342 
297  0.79199 -0.58527  0.20672  1.37725 
298  2.33397 -3.77933 -1.44535  6.11330 
299  0.39211 -0.62566 -0.23355  1.01777 
300  0.73716 -0.99450 -0.25735  1.73166 
301  0.42636 -1.12388 -0.69752  1.55023 
302  2.16577 -4.11106 -1.94528  6.27683 
303  1.22757 -0.56237  0.66520  1.78994 
304  1.91293 -1.58471  0.32823  3.49764 
305  1.61909 -1.31240  0.30668  2.93149 
306  0.72244 -1.14832 -0.42588  1.87075 
307  0.31765 -0.85609 -0.53844  1.17374 
308  0.55973 -0.49137  0.06836  1.05110 
309  0.70927 -0.33884  0.37043  1.04811 
310  0.99513 -0.88577  0.10936  1.88089 
311  1.43870 -1.44453 -0.00583  2.88323 
312  1.26264 -1.82469 -0.56205  3.08733 
313  1.71777 -3.66674 -1.94897  5.38450 
314  1.57509 -2.13699 -0.56190  3.71208 
315  0.81940 -0.63668  0.18272  1.45608 
316  0.44966 -0.30958  0.14008  0.75924 
317  1.45424 -4.13286 -2.67863  5.58710 
318  0.57590 -0.16814  0.40775  0.74404 
319  0.58904 -0.79274 -0.20369  1.38178 
320  0.72121 -2.74194 -2.02073  3.46315 
321  0.56521 -0.33747  0.22774  0.90268 
322  0.78366 -1.12160 -0.33793  1.90526 
323  0.38211 -2.37110 -1.98899  2.75322 
324  1.00795 -1.03903 -0.03108  2.04698 
325  2.31920 -2.32602 -0.00682  4.64523 
326  0.86843 -1.38740 -0.51896  2.25583 
327  0.22462 -0.51222 -0.28760  0.73684 
328  0.46339 -0.78435 -0.32096  1.24773 
329  0.70546 -0.32020  0.38526  1.02566 
330  0.43035 -0.40979  0.02056  0.84014 
331  0.38949 -0.89670 -0.50722  1.28619 
332  0.89319 -0.28586  0.60733  1.17905 
333  0.77558 -0.81896 -0.04338  1.59455 
334  0.27000 -0.99691 -0.72691  1.26692 
335  0.37059 -0.00908  0.36151  0.37967 
336  1.66172 -2.12539 -0.46367  3.78711 
337  0.58935 -0.79621 -0.20686  1.38556 
338  0.94962 -1.99601 -1.04639  2.94563 
339  0.55056 -0.61627 -0.06571  1.16683 
340  0.13336 -0.55078 -0.41742  0.68414 
341  0.47356 -0.33586  0.13770  0.80942 
342  0.97411 -0.26061  0.71350  1.23472 
343  0.88234 -0.54956  0.33277  1.43190 
344  1.00001 -0.69098  0.30903  1.69099 
345  1.04239 -0.29423  0.74816  1.33662 
346  0.74097 -1.15463 -0.41365  1.89560 
347  0.81620 -0.50257  0.31363  1.31877 
348  0.28868 -1.12690 -0.83823  1.41558 
349  0.67072 -0.88220 -0.21149  1.55292 
350  0.91727 -0.22834  0.68893  1.14562 
351  0.46663 -0.59142 -0.12479  1.05805 
352  0.52831 -0.48068  0.04763  1.00898 
353  0.64274 -0.71642 -0.07368  1.35917 
354  0.42510 -0.25740  0.16769  0.68250 
355  0.60837 -0.33665  0.27172  0.94503 
356  0.66968 -0.22212  0.44756  0.89180 
357  1.23991 -2.67068 -1.43077  3.91060 
358  1.06057 -0.46239  0.59818  1.52296 
359  0.88556 -0.57123  0.31433  1.45679 
360  1.07081 -1.51837 -0.44756  2.58918 
361  0.47114 -0.56224 -0.09110  1.03338 
362  0.35409 -0.53329 -0.17920  0.88738 
363  0.38535 -0.58701 -0.20166  0.97236 
364  0.90082 -0.38883  0.51199  1.28965 
365  0.55504 -0.23636  0.31868  0.79140 
366  0.49770 -0.56713 -0.06942  1.06483 
367  0.42875 -1.66241 -1.23367  2.09116 
368  2.13220 -1.50836  0.62384  3.64056 
369  1.65210 -2.75791 -1.10581  4.41002 
370  0.89681 -0.67675  0.22006  1.57356 
371  0.92908 -1.48740 -0.55832  2.41648 
372  1.37917 -1.41964 -0.04047  2.79881 
373  0.43008 -0.36972  0.06036  0.79979 
374  0.96358 -2.38336 -1.41977  3.34694 
375  0.29285 -0.81166 -0.51881  1.10452 
376  0.76332 -0.72031  0.04301  1.48363 
377  0.32178 -0.91706 -0.59528  1.23884 
378  0.35554 -0.81839 -0.46285  1.17394 
379  0.73345 -0.53154  0.20192  1.26499 
380  1.91966 -1.97097 -0.05130  3.89063 
381  1.68932 -3.35771 -1.66839  5.04703 
382  0.64782 -0.78230 -0.13448  1.43012 
383  0.57710 -0.37851  0.19859  0.95561 
384  0.24464 -0.95143 -0.70678  1.19607 
385  2.68594 -2.02125  0.66469  4.70719 
386  0.60442 -0.27967  0.32475  0.88409 
387  0.77603 -0.55877  0.21727  1.33480 
388  1.83454 -1.59526  0.23928  3.42980 
389  2.76960 -2.15192  0.61768  4.92152 
390  0.74190 -0.64200  0.09989  1.38390 
391  0.71201 -0.80268 -0.09067  1.51469 
392  0.22601 -1.51425 -1.28824  1.74026 
393  0.60522 -0.39825  0.20697  1.00348 
394  0.71460 -0.34023  0.37437  1.05483 
395  0.15024 -0.91535 -0.76511  1.06560 
396  1.07183 -1.28701 -0.21517  2.35884 
397  0.69681 -0.52311  0.17370  1.21993 
398  0.49700 -0.67273 -0.17573  1.16973 
399  1.00464 -1.73226 -0.72762  2.73690 
400  1.76698 -1.87915 -0.11216  3.64613 
401  1.22646 -0.67829  0.54817  1.90475 
402  1.09830 -1.24587 -0.14756  2.34417 
403  1.57594 -2.77315 -1.19720  4.34909 
404  0.94717 -1.24602 -0.29885  2.19319 
405  0.81704 -1.23565 -0.41861  2.05268 
406  1.55342 -1.50145  0.05197  3.05487 
407  0.90569 -2.50551 -1.59982  3.41120 
408  1.04608 -0.49660  0.54948  1.54268 
409  1.06105 -1.05973  0.00131  2.12078 
410  0.83041 -2.17525 -1.34484  3.00566 
411  1.71899 -2.96183 -1.24284  4.68082 
412  0.63364 -0.76594 -0.13230  1.39958 
413  1.07107 -1.32098 -0.24991  2.39205 
414  1.19112 -3.76748 -2.57636  4.95859 
415  1.24068 -0.83461  0.40607  2.07529 
416  0.13226 -0.58598 -0.45372  0.71824 
417  0.67711 -0.73489 -0.05778  1.41200 
418  0.97659 -0.31477  0.66182  1.29135 
419  0.71153 -0.75171 -0.04018  1.46324 
420  0.91659 -0.61685  0.29974  1.53344 
421  0.64301 -0.77409 -0.13108  1.41709 
422  0.57843 -0.12078  0.45765  0.69921 
423  0.91358 -0.35291  0.56067  1.26648 
424  0.55029 -0.96350 -0.41322  1.51379 
425  0.91899 -0.30118  0.61781  1.22017 
426  1.02515 -0.52227  0.50288  1.54742 
427  1.18648 -0.81797  0.36851  2.00445 
428  1.25973 -0.92280  0.33693  2.18253 
429  0.28385 -0.30965 -0.02580  0.59351 
430  0.73988 -0.24787  0.49200  0.98775 
431  0.19702 -0.88888 -0.69186  1.08591 
432  0.17941 -1.33399 -1.15459  1.51340 
433  0.58609 -1.14862 -0.56254  1.73471 
434  0.76418 -0.18194  0.58224  0.94612 
435  0.28836 -0.21843  0.06993  0.50679 
436  0.19524 -0.48664 -0.29140  0.68187 
437  0.87641 -0.89746 -0.02106  1.77387 
438  0.96561 -0.33992  0.62569  1.30553 
439  0.68915 -0.43253  0.25661  1.12168 
440  0.24384 -0.37947 -0.13563  0.62331 
441  0.78411 -0.85178 -0.06767  1.63589 
442  0.15008 -0.54030 -0.39023  0.69038 
443  0.27711 -0.24828  0.02883  0.52539 
444  0.81902 -0.25175  0.56727  1.07078 
445  0.57896 -0.28089  0.29807  0.85985 
446  0.81013 -0.48853  0.32160  1.29866 
447  1.15197 -0.35762  0.79435  1.50959 
448  0.99630 -0.10226  0.89404  1.09855 
449  0.41024 -0.25955  0.15069  0.66979 
450  0.43528 -0.20093  0.23436  0.63621 
451  1.29262 -0.28196  1.01066  1.57459 
452  0.31082 -0.80317 -0.49235  1.11399 
453  0.47409 -0.56393 -0.08984  1.03803 
454  0.69276 -0.95672 -0.26396  1.64948 
455  3.56401 -1.59231  1.97170  5.15633 
456  0.85101 -0.35028  0.50073  1.20129 
457  0.34305 -0.68809 -0.34504  1.03114 
458  0.85934 -1.04082 -0.18148  1.90015 
459  0.79973 -1.70388 -0.90415  2.50361 
460  0.29339 -0.37864 -0.08525  0.67203 
461  0.51067 -0.70006 -0.18939  1.21073 
462  0.45727 -1.67276 -1.21550  2.13003 
463  0.64578 -1.17356 -0.52778  1.81934 
464  0.49460 -0.82389 -0.32928  1.31849 
465  0.81360 -0.88690 -0.07331  1.70050 
466  2.00596 -0.91482  1.09114  2.92078 
467  2.45512 -2.68354 -0.22842  5.13866 
468  0.56735 -0.93348 -0.36613  1.50083 
469  0.74428 -2.48492 -1.74064  3.22919 
470  1.30632 -2.01338 -0.70706  3.31970 
471  0.52906 -0.56932 -0.04026  1.09839 
472  1.08892 -0.43273  0.65618  1.52165 
473  2.11813 -1.94785  0.17028  4.06599 
474  0.75692 -1.89321 -1.13629  2.65013 
475  0.84535 -4.12597 -3.28062  4.97131 
476  0.13992 -1.36363 -1.22370  1.50355 
477  0.28403 -1.32410 -1.04007  1.60813 
478  0.65972 -0.88235 -0.22263  1.54207 
479  0.87879 -0.48104  0.39775  1.35983 
480  0.53259 -1.29916 -0.76657  1.83176 
481  0.81421 -2.46010 -1.64589  3.27430 
482  0.44221 -1.86016 -1.41795  2.30237 
483  0.70316 -1.17647 -0.47331  1.87963 
484  0.52849 -0.92261 -0.39412  1.45111 
485  1.43065 -3.22933 -1.79867  4.65998 
486  0.54473 -0.71317 -0.16844  1.25790 
487  0.56506 -0.80827 -0.24320  1.37333 
488  0.53825 -1.94808 -1.40982  2.48633 
489  1.40922 -3.39768 -1.98846  4.80690 
490  0.89476 -0.44081  0.45395  1.33557 
491  0.50434 -0.77942 -0.27508  1.28376 
492  1.12137 -2.84924 -1.72788  3.97061 
493  0.76076 -2.58497 -1.82422  3.34573 
494  0.66924 -0.37570  0.29354  1.04494 
495  1.18989 -0.14896  1.04093  1.33885 
496  0.51726 -6.94120 -6.42393  7.45846 
497  0.56686 -1.43935 -0.87249  2.00621 
498  1.04191 -6.20143 -5.15952  7.24334 
499  0.71777 -0.86855 -0.15078  1.58632 
500  1.63501 -1.86771 -0.23270  3.50272 
501  1.46645 -1.48504 -0.01859  2.95149 
502  2.35933 -1.80557  0.55376  4.16490 
503  0.73985 -3.37888 -2.63904  4.11873 
504  0.16788 -1.01699 -0.84911  1.18486 
505  1.10602 -2.27935 -1.17333  3.38538 
506  2.25754 -3.86678 -1.60924  6.12431 
507  0.85346 -2.88283 -2.02937  3.73629 
508  0.46821 -2.70697 -2.23876  3.17518 
509  2.25055 -3.25706 -1.00651  5.50761 
510  0.98011 -1.22876 -0.24865  2.20887 
511  2.27704 -1.96030  0.31674  4.23734 
512  1.65961 -2.55324 -0.89364  4.21285 
513  1.61250 -2.66839 -1.05589  4.28088 
514  1.30667 -3.25897 -1.95230  4.56565 
515  0.22684 -0.78240 -0.55557  1.00924 
516  2.33689 -3.59356 -1.25667  5.93045 
517  3.38227 -2.42567  0.95660  5.80794 
518  1.05978 -0.90346  0.15632  1.96324 
519  1.39883 -2.62672 -1.22788  4.02555 
520  0.69440 -2.02119 -1.32679  2.71559 
521  1.94891 -1.29589  0.65302  3.24481 
522  1.24150 -2.29847 -1.05697  3.53997 
523  2.00789 -1.35421  0.65368  3.36210 
524  0.54096 -1.00651 -0.46555  1.54747 
525  1.06084 -1.51092 -0.45007  2.57176 
526  0.47345 -1.52604 -1.05259  1.99950 
527  0.36490 -1.33428 -0.96938  1.69918 
528  0.73887 -1.09588 -0.35701  1.83474 
529  0.66767 -0.57343  0.09424  1.24110 
530  0.64311 -0.36847  0.27464  1.01158 
531  0.46854 -1.52491 -1.05637  1.99345 
532  0.47252 -0.81496 -0.34244  1.28749 
533  0.37020 -0.21675  0.15345  0.58695 
534  0.87991 -0.46398  0.41593  1.34389 
535  0.45010 -0.58170 -0.13160  1.03180 
536  0.36925 -0.44248 -0.07323  0.81173 
537  0.95751 -1.59528 -0.63777  2.55278 
538  0.65260 -1.32889 -0.67629  1.98148 
539  1.12585 -2.19874 -1.07289  3.32459 
540  0.38293 -2.22435 -1.84142  2.60727 
541  0.91709 -1.48610 -0.56901  2.40319 
542  1.02301 -1.24144 -0.21843  2.26446 
543  0.39472 -1.11229 -0.71757  1.50701 
544  0.41521 -1.37272 -0.95750  1.78793 
545  0.36149 -0.33464  0.02685  0.69613 
546  0.52324 -0.65814 -0.13490  1.18137 
547  0.69476 -0.99969 -0.30493  1.69445 
548  0.81457 -0.77865  0.03592  1.59322 
549  1.27287 -1.51345 -0.24059  2.78632 
550  0.90578 -0.98418 -0.07840  1.88997 
551  0.50624 -1.09376 -0.58753  1.60000 
552  1.02441 -1.59065 -0.56624  2.61506 
553  0.66680 -1.25441 -0.58761  1.92121 
554  1.34714 -2.36596 -1.01882  3.71310 
555  0.18950 -3.23227 -3.04277  3.42177 
556  0.52662 -1.22614 -0.69952  1.75276 
557  0.70414 -1.25351 -0.54938  1.95765 
558  0.61798 -0.42069  0.19729  1.03867 
559  0.62897 -1.20849 -0.57953  1.83746 
560  1.44227 -0.82427  0.61801  2.26654 
561  1.49454 -1.87533 -0.38079  3.36987 
562  0.80403 -0.60147  0.20257  1.40550 
563  0.76836 -0.27396  0.49440  1.04232 
564  0.84521 -0.42601  0.41920  1.27123 
