0  1.62252 -0.55716  1.06536  2.17968 
1  3.38781 -1.90801  1.47980  5.29582 
2  0.80918 -2.55792 -1.74874  3.36710 
3  3.93923 -2.14557  1.79366  6.08480 
4  1.22827 -0.95414  0.27413  2.18241 
5  2.53216 -1.23921  1.29295  3.77137 
6  1.46145 -2.09232 -0.63087  3.55377 
7  0.55387 -1.09455 -0.54068  1.64842 
8  0.14458 -1.31605 -1.17147  1.46063 
9  0.77614 -2.48838 -1.71224  3.26452 
10  0.99958 -3.51162 -2.51204  4.51120 
11  0.52795 -2.10654 -1.57859  2.63449 
12  1.20031 -1.03444  0.16587  2.23475 
13  0.16898 -1.72481 -1.55583  1.89379 
14  0.52009 -0.42845  0.09164  0.94854 
15  2.56743 -0.20582  2.36161  2.77325 
16  0.90662 -0.40542  0.50120  1.31204 
17  1.35251 -0.52085  0.83166  1.87336 
18  1.22799 -2.39558 -1.16759  3.62357 
19  0.09821 -1.74000 -1.64179  1.83821 
20  1.26892 -0.73150  0.53742  2.00042 
21  0.14915 -0.59382 -0.44467  0.74297 
22  0.81749 -0.85308 -0.03559  1.67057 
23  0.99891 -0.12583  0.87308  1.12474 
24  2.00078 -1.07771  0.92307  3.07849 
25  0.00000 -1.23482 -1.23482  1.23482 
26  0.47250 -0.98950 -0.51700  1.46200 
27  0.60289 -0.46944  0.13345  1.07233 
28  0.58149 -0.90248 -0.32099  1.48397 
29  0.80250 -0.13267  0.66983  0.93517 
30  2.17918 -0.61082  1.56836  2.79000 
31  1.05102 -0.41063  0.64039  1.46165 
32  0.74868 -0.83909 -0.09041  1.58777 
33  0.40159 -0.36742  0.03417  0.76901 
34  0.13022 -0.64796 -0.51774  0.77818 
35  0.29699 -1.35332 -1.05633  1.65031 
36  0.45906 -2.96489 -2.50583  3.42395 
37  0.51633 -1.55013 -1.03380  2.06646 
38  0.94651 -0.98001 -0.03350  1.92652 
39  0.81254 -0.43648  0.37606  1.24902 
40  0.97906  0.00000  0.97906  0.97906 
41  1.10053 -0.78644  0.31409  1.88697 
42  0.31579 -0.03554  0.28025  0.35133 
43  0.53235  0.00000  0.53235  0.53235 
44  0.60579 -1.07499 -0.46920  1.68078 
45  0.33078 -0.06874  0.26204  0.39952 
46  0.86735 -0.37579  0.49156  1.24314 
47  0.00000 -1.27951 -1.27951  1.27951 
48  0.11458 -0.50705 -0.39247  0.62163 
49  1.30636 -0.24982  1.05654  1.55618 
50  0.48750 -0.81920 -0.33170  1.30670 
51  0.51346 -2.09450 -1.58104  2.60796 
52  1.92822 -1.19313  0.73509  3.12135 
53  0.77925  0.00000  0.77925  0.77925 
54  0.90060 -0.50379  0.39681  1.40439 
55  1.09624 -2.07199 -0.97575  3.16823 
56  0.01607 -2.52739 -2.51132  2.54346 
57  0.40104 -0.22938  0.17166  0.63042 
58  0.73054 -0.96523 -0.23469  1.69577 
59  2.04851 -1.50664  0.54187  3.55515 
60  1.71406 -0.15661  1.55745  1.87067 
61  3.44178 -2.07357  1.36821  5.51535 
62  0.12497 -0.99908 -0.87411  1.12405 
63  0.68116 -1.64014 -0.95898  2.32130 
64  2.22839 -1.97919  0.24920  4.20758 
65  0.46121 -0.52774 -0.06653  0.98895 
66  1.18879 -0.11586  1.07293  1.30465 
67  0.45558 -4.36098 -3.90540  4.81656 
68  0.51261 -0.66611 -0.15350  1.17872 
69  0.69844 -4.67598 -3.97754  5.37442 
70  2.57798 -3.59206 -1.01408  6.17004 
71  0.47545 -0.60392 -0.12847  1.07937 
72  1.00984  0.00000  1.00984  1.00984 
73  1.36905 -1.10839  0.26066  2.47744 
74  0.58617 -2.84825 -2.26208  3.43442 
75  0.53165 -0.44509  0.08656  0.97674 
76  0.63396 -0.74383 -0.10987  1.37779 
77  1.10021 -1.47372 -0.37351  2.57393 
78  0.60374 -1.25880 -0.65506  1.86254 
79  0.18756 -0.10067  0.08689  0.28823 
80  0.93394 -0.90202  0.03192  1.83596 
81  0.56950 -0.69137 -0.12187  1.26087 
82  0.50946 -2.11649 -1.60703  2.62595 
83  1.32065 -0.71861  0.60204  2.03926 
84  0.13740 -1.07895 -0.94155  1.21635 
85  1.51035 -3.25989 -1.74954  4.77024 
86  0.08935 -0.99577 -0.90642  1.08512 
87  0.86412 -2.49292 -1.62880  3.35704 
88  4.72817 -1.47310  3.25507  6.20127 
89  3.12781 -3.86326 -0.73545  6.99107 
90  0.65408 -2.99119 -2.33711  3.64527 
91  1.59947 -3.81218 -2.21271  5.41165 
92  0.35268 -0.31605  0.03663  0.66873 
93  0.48633 -2.05003 -1.56370  2.53636 
94  0.40873 -0.89273 -0.48400  1.30146 
95  0.41679 -0.84170 -0.42491  1.25849 
96  1.84274 -0.11571  1.72703  1.95845 
97  0.34647 -0.19563  0.15084  0.54210 
98  0.95260 -4.37643 -3.42383  5.32903 
99  1.02849 -6.21783 -5.18934  7.24632 
100  1.89319 -1.32808  0.56511  3.22127 
101  0.86261 -1.54279 -0.68018  2.40540 
102  1.68771 -1.66063  0.02708  3.34834 
103  1.92550 -3.92618 -2.00068  5.85168 
104  0.15483 -0.71667 -0.56184  0.87150 
105  1.20487 -0.64919  0.55568  1.85406 
106  0.63996 -0.39356  0.24640  1.03352 
107  0.70721 -0.34849  0.35872  1.05570 
108  0.24920 -0.28649 -0.03729  0.53569 
109  0.03349 -0.47472 -0.44123  0.50821 
110  0.87439 -1.30887 -0.43448  2.18326 
111  1.15487 -0.67238  0.48249  1.82725 
112  0.51116 -3.84281 -3.33165  4.35397 
113  2.24592 -0.94447  1.30145  3.19039 
114  0.88081 -1.90934 -1.02853  2.79015 
115  0.23594 -0.97058 -0.73464  1.20652 
116  0.08952 -0.46855 -0.37903  0.55807 
117  0.57498  0.00000  0.57498  0.57498 
118  1.70974 -0.89180  0.81794  2.60154 
119  0.23970 -0.34410 -0.10440  0.58380 
120  0.99004 -0.44954  0.54050  1.43958 
121  0.15777 -0.52305 -0.36528  0.68082 
122  1.16601 -1.41746 -0.25145  2.58347 
123  0.76863 -1.60825 -0.83962  2.37688 
124  0.53586 -2.30113 -1.76527  2.83699 
125  3.22516 -1.86547  1.35969  5.09063 
126  1.23271 -0.98251  0.25020  2.21522 
127  1.05306 -2.61726 -1.56420  3.67032 
128  0.94807 -0.45293  0.49514  1.40100 
129  0.85035 -0.43083  0.41952  1.28118 
130  0.24617 -0.75113 -0.50496  0.99730 
131  0.56251  0.00000  0.56251  0.56251 
132  1.32506 -0.06984  1.25522  1.39490 
133  0.27773 -0.34564 -0.06791  0.62337 
134  0.84630 -3.26118 -2.41488  4.10748 
135  1.86372 -6.48228 -4.61856  8.34600 
136  0.86636 -4.20430 -3.33794  5.07066 
137  2.58627 -3.47909 -0.89282  6.06536 
138  0.26618 -5.07130 -4.80512  5.33748 
139  0.82826 -1.68931 -0.86105  2.51757 
140  0.40355 -3.25149 -2.84794  3.65504 
141  1.23013 -1.13685  0.09328  2.36698 
142  0.92706 -2.94550 -2.01844  3.87256 
143  0.33108 -1.15477 -0.82369  1.48585 
144  0.58607 -1.48012 -0.89405  2.06619 
145  0.68047 -4.77044 -4.08997  5.45091 
146  0.01348 -0.55865 -0.54517  0.57213 
147  0.37231 -2.50404 -2.13173  2.87635 
148  0.01894 -0.47708 -0.45814  0.49602 
149  0.19957 -3.47096 -3.27139  3.67053 
150  0.00000 -0.81529 -0.81529  0.81529 
151  0.42440 -0.21577  0.20863  0.64017 
152  1.37656 -5.48677 -4.11021  6.86333 
153  1.75032 -3.72783 -1.97751  5.47815 
154  2.34326 -3.26266 -0.91940  5.60592 
155  0.38599 -3.87694 -3.49095  4.26293 
156  2.56136 -4.97674 -2.41538  7.53810 
157  0.35634 -2.88769 -2.53135  3.24403 
158  0.98536 -1.92725 -0.94189  2.91261 
159  0.84566 -0.10936  0.73630  0.95502 
160  1.37917 -0.37847  1.00070  1.75764 
161  0.22768 -1.40352 -1.17584  1.63120 
162  1.39390 -0.26664  1.12726  1.66054 
163  1.11492 -1.00359  0.11133  2.11851 
164  0.42100 -1.00521 -0.58421  1.42621 
165  0.30716 -0.15469  0.15247  0.46185 
166  0.71859 -0.67301  0.04558  1.39160 
167  1.42272 -0.37648  1.04624  1.79920 
168  0.42522 -7.61851 -7.19329  8.04373 
169  0.22951 -8.10540 -7.87589  8.33491 
170  4.18212 -3.30194  0.88018  7.48406 
171  1.27753 -1.57517 -0.29764  2.85270 
172  0.38930 -5.28821 -4.89891  5.67751 
173  0.01827 -0.79708 -0.77881  0.81535 
174  1.08240 -7.79972 -6.71732  8.88212 
175  0.96354 -7.67414 -6.71060  8.63768 
176  1.19277 -2.99035 -1.79758  4.18312 
177  0.90667 -2.98313 -2.07646  3.88980 
178  1.11998 -3.10450 -1.98452  4.22448 
179  0.86550 -2.50490 -1.63940  3.37040 
180  0.62048 -0.83264 -0.21216  1.45312 
181  1.44124 -4.60777 -3.16653  6.04901 
182  0.23621 -0.94765 -0.71144  1.18386 
183  2.18241 -4.04414 -1.86173  6.22655 
184  1.12251 -1.63497 -0.51246  2.75748 
185  1.59243 -1.88184 -0.28941  3.47427 
186  0.50973 -2.84169 -2.33196  3.35142 
187  2.51360 -3.30197 -0.78837  5.81557 
188  0.14946 -0.40370 -0.25424  0.55316 
189  1.39879 -0.64669  0.75210  2.04548 
190  0.00000 -1.24262 -1.24262  1.24262 
191  0.33899 -0.95738 -0.61839  1.29637 
192  0.53969 -0.32429  0.21540  0.86398 
193  1.65602  0.00000  1.65602  1.65602 
194  0.97252 -0.00419  0.96833  0.97671 
195  0.25478 -1.54357 -1.28879  1.79835 
196  0.67301 -3.68919 -3.01618  4.36220 
197  1.61261  0.00000  1.61261  1.61261 
198  0.53884 -0.93225 -0.39341  1.47109 
199  0.37846 -0.63657 -0.25811  1.01503 
200  2.20804 -1.40099  0.80705  3.60903 
201  0.72995 -0.70086  0.02909  1.43081 
202  0.40719 -0.64552 -0.23833  1.05271 
203  0.03161 -1.00794 -0.97633  1.03955 
204  3.08676 -1.16274  1.92402  4.24950 
205  1.08086 -1.95879 -0.87793  3.03965 
206  1.69115 -0.50560  1.18555  2.19675 
207  0.35951 -0.12854  0.23097  0.48805 
208  1.95686 -2.64991 -0.69305  4.60677 
209  0.47288 -4.74957 -4.27669  5.22245 
210  1.43019 -2.40792 -0.97773  3.83811 
211  2.14548 -4.67986 -2.53438  6.82534 
212  1.91943 -2.32757 -0.40814  4.24700 
213  0.56628 -1.56024 -0.99396  2.12652 
214  0.00000 -1.52453 -1.52453  1.52453 
215  2.15913 -2.22920 -0.07007  4.38833 
216  0.66110  0.00000  0.66110  0.66110 
217  1.94577 -1.59086  0.35491  3.53663 
218  0.90528 -1.38657 -0.48129  2.29185 
219  3.16099 -3.08235  0.07864  6.24334 
220  2.53670 -2.59033 -0.05363  5.12703 
221  0.72284 -1.47260 -0.74976  2.19544 
222  2.01216 -4.32430 -2.31214  6.33646 
223  1.37491 -1.39819 -0.02328  2.77310 
224  1.31581  0.00000  1.31581  1.31581 
225  0.58649 -2.03281 -1.44632  2.61930 
226  2.05158 -1.58219  0.46939  3.63377 
227  1.85326 -2.33195 -0.47869  4.18521 
228  0.62129 -3.58356 -2.96227  4.20485 
229  1.02042 -3.42437 -2.40395  4.44479 
230  2.08721 -2.22575 -0.13854  4.31296 
231  1.77539 -6.15553 -4.38014  7.93092 
232  1.46776 -0.19794  1.26982  1.66570 
233  0.23613 -4.24480 -4.00867  4.48093 
234  1.86074 -3.88605 -2.02531  5.74679 
235  1.57941 -5.34058 -3.76117  6.91999 
236  1.13422 -6.40714 -5.27292  7.54136 
237  0.74828 -0.63203  0.11625  1.38031 
238  1.19664 -0.37712  0.81952  1.57376 
239  0.69612 -3.07516 -2.37904  3.77128 
240  0.16117 -0.22208 -0.06091  0.38325 
241  1.07632 -0.20175  0.87457  1.27807 
242  0.46402 -0.14927  0.31475  0.61329 
243  1.19583 -1.44172 -0.24589  2.63755 
244  0.36107 -0.52917 -0.16810  0.89024 
245  0.76323 -1.20548 -0.44225  1.96871 
246  1.29701 -0.10019  1.19682  1.39720 
247  1.26614 -2.81077 -1.54463  4.07691 
248  2.19133 -0.77684  1.41449  2.96817 
249  0.87347 -0.92992 -0.05645  1.80339 
250  3.45716 -1.80244  1.65472  5.25960 
251  0.64104 -1.23344 -0.59240  1.87448 
252  1.05512 -2.63720 -1.58208  3.69232 
253  0.41393 -3.67455 -3.26062  4.08848 
254  2.31728 -1.99074  0.32654  4.30802 
255  0.92375 -0.23508  0.68867  1.15883 
256  0.59379 -4.80274 -4.20895  5.39653 
257  1.38868 -0.63362  0.75506  2.02230 
258  2.01633 -0.01453  2.00180  2.03086 
259  1.56905 -0.74139  0.82766  2.31044 
260  0.14950 -2.26590 -2.11640  2.41540 
261  0.89966  0.00000  0.89966  0.89966 
262  0.32552 -0.71729 -0.39177  1.04281 
263  0.33699 -0.84934 -0.51235  1.18633 
264  0.88017 -1.96679 -1.08662  2.84696 
265  0.39008 -0.91659 -0.52651  1.30667 
266  1.10195 -0.73459  0.36736  1.83654 
267  1.36603 -0.85164  0.51439  2.21767 
268  0.00000 -0.29534 -0.29534  0.29534 
269  1.35221 -0.71434  0.63787  2.06655 
270  0.59286 -1.23357 -0.64071  1.82643 
271  0.74669 -1.78794 -1.04125  2.53463 
272  1.72271 -0.43654  1.28617  2.15925 
273  1.89284 -2.01718 -0.12434  3.91002 
274  0.93228 -1.03282 -0.10054  1.96510 
275  1.60102 -3.44481 -1.84379  5.04583 
276  2.32487 -3.84945 -1.52458  6.17432 
277  2.14243 -4.73764 -2.59521  6.88007 
278  0.79421 -0.42141  0.37280  1.21562 
279  0.70211 -0.96684 -0.26473  1.66895 
280  0.41546 -0.71143 -0.29597  1.12689 
281  1.02192  0.00000  1.02192  1.02192 
282  2.22622 -5.51565 -3.28943  7.74187 
283  1.00085 -0.25784  0.74301  1.25869 
284  3.09083 -1.23978  1.85105  4.33061 
285  1.10127 -2.51772 -1.41645  3.61899 
286  1.17392 -2.07176 -0.89784  3.24568 
287  2.15023 -1.40807  0.74216  3.55830 
288  1.77976 -3.56271 -1.78295  5.34247 
289  1.80477 -1.90208 -0.09731  3.70685 
290  0.14714 -0.52721 -0.38007  0.67435 
291  2.00944 -1.76952  0.23992  3.77896 
292  0.91426 -0.18699  0.72727  1.10125 
293  1.98437 -5.46633 -3.48196  7.45070 
294  0.16641 -1.01691 -0.85050  1.18332 
295  0.28021 -0.54392 -0.26371  0.82413 
296  1.06435 -0.94574  0.11861  2.01009 
297  1.12534 -1.18769 -0.06235  2.31303 
298  2.57552 -5.24615 -2.67063  7.82167 
299  0.07231 -0.14604 -0.07373  0.21835 
300  0.56311 -0.89041 -0.32730  1.45352 
301  0.56532 -2.15287 -1.58755  2.71819 
302  1.49727 -4.82967 -3.33240  6.32694 
303  0.52283 -0.70274 -0.17991  1.22557 
304  2.42085 -2.70232 -0.28147  5.12317 
305  1.59833 -0.55790  1.04043  2.15623 
306  0.69881 -0.73415 -0.03534  1.43296 
307  0.58404 -0.00239  0.58165  0.58643 
308  0.87302 -0.16525  0.70777  1.03827 
309  0.42672 -0.45378 -0.02706  0.88050 
310  0.87303 -1.28413 -0.41110  2.15716 
311  0.62323 -1.66905 -1.04582  2.29228 
312  1.14561 -1.29547 -0.14986  2.44108 
313  2.90846 -2.59732  0.31114  5.50578 
314  1.02791 -1.87936 -0.85145  2.90727 
315  0.57065 -0.66263 -0.09198  1.23328 
316  0.60538 -0.08287  0.52251  0.68825 
317  1.38799 -3.26707 -1.87908  4.65506 
318  0.58130  0.00000  0.58130  0.58130 
319  0.33472 -1.27950 -0.94478  1.61422 
320  0.04667 -2.62720 -2.58053  2.67387 
321  0.29376 -0.60531 -0.31155  0.89907 
322  2.27814 -0.75182  1.52632  3.02996 
323  0.00000 -2.97722 -2.97722  2.97722 
324  0.95913 -0.27953  0.67960  1.23866 
325  1.66789 -2.62167 -0.95378  4.28956 
326  0.40033 -1.43071 -1.03038  1.83104 
327  0.35938 -0.70392 -0.34454  1.06330 
328  0.22929 -0.73068 -0.50139  0.95997 
329  0.94117 -0.18199  0.75918  1.12316 
330  0.67584 -0.60272  0.07312  1.27856 
331  1.16846 -0.43159  0.73687  1.60005 
332  0.50804 -0.36088  0.14716  0.86892 
333  1.06258 -0.10016  0.96242  1.16274 
334  0.17327 -0.82399 -0.65072  0.99726 
335  0.67586  0.00000  0.67586  0.67586 
336  2.59203 -2.16417  0.42786  4.75620 
337  0.67355 -0.44616  0.22739  1.11971 
338  1.09732 -1.44132 -0.34400  2.53864 
339  0.29719 -0.66464 -0.36745  0.96183 
340  0.26262 -0.36652 -0.10390  0.62914 
341  0.45701 -0.27709  0.17992  0.73410 
342  1.13038 -0.23969  0.89069  1.37007 
343  1.39179 -0.54550  0.84629  1.93729 
344  1.56738 -0.58639  0.98099  2.15377 
345  2.30853  0.00000  2.30853  2.30853 
346  0.00000 -2.58260 -2.58260  2.58260 
347  1.10369 -0.04407  1.05962  1.14776 
348  0.29183 -0.57511 -0.28328  0.86694 
349  0.70739 -0.53373  0.17366  1.24112 
350  2.40341  0.00000  2.40341  2.40341 
351  1.00013 -0.24212  0.75801  1.24225 
352  0.13669 -0.88515 -0.74846  1.02184 
353  0.68624 -0.92968 -0.24344  1.61592 
354  0.33266 -0.16739  0.16527  0.50005 
355  1.56943  0.00000  1.56943  1.56943 
356  0.69084 -0.48457  0.20627  1.17541 
357  0.88334 -2.61949 -1.73615  3.50283 
358  1.27743 -0.24229  1.03514  1.51972 
359  0.93254 -0.31128  0.62126  1.24382 
360  0.66386 -1.97848 -1.31462  2.64234 
361  0.25531 -0.90917 -0.65386  1.16448 
362  0.41690 -0.77033 -0.35343  1.18723 
363  0.44262 -0.25284  0.18978  0.69546 
364  0.72986 -0.12632  0.60354  0.85618 
365  0.04151 -0.53948 -0.49797  0.58099 
366  0.00000 -1.42794 -1.42794  1.42794 
367  0.49482 -1.13104 -0.63622  1.62586 
368  1.32612 -2.70463 -1.37851  4.03075 
369  2.24632 -1.98507  0.26125  4.23139 
370  1.38361 -0.86498  0.51863  2.24859 
371  0.73123 -1.17741 -0.44618  1.90864 
372  0.83319 -2.30871 -1.47552  3.14190 
373  0.07486 -0.62004 -0.54518  0.69490 
374  1.61028 -1.44643  0.16385  3.05671 
375  0.12995 -0.72979 -0.59984  0.85974 
376  0.57948 -0.53519  0.04429  1.11467 
377  0.27617 -0.79134 -0.51517  1.06751 
378  0.13661 -0.80961 -0.67300  0.94622 
379  0.85313 -0.60788  0.24525  1.46101 
380  1.33642 -2.35053 -1.01411  3.68695 
381  1.29303 -4.55326 -3.26023  5.84629 
382  0.08351 -0.92546 -0.84195  1.00897 
383  1.00707 -0.44550  0.56157  1.45257 
384  0.00942 -0.68602 -0.67660  0.69544 
385  3.12080 -0.80295  2.31785  3.92375 
386  0.42026 -0.19543  0.22483  0.61569 
387  0.33567 -1.18387 -0.84820  1.51954 
388  1.62445 -1.78749 -0.16304  3.41194 
389  0.82215 -3.69382 -2.87167  4.51597 
390  0.00000 -0.54356 -0.54356  0.54356 
391  1.16918 -0.52730  0.64188  1.69648 
392  0.06246 -1.19922 -1.13676  1.26168 
393  0.70350 -0.32122  0.38228  1.02472 
394  0.39310 -0.65559 -0.26249  1.04869 
395  0.20241 -0.64470 -0.44229  0.84711 
396  1.08201 -1.72432 -0.64231  2.80633 
397  0.33516 -0.79053 -0.45537  1.12569 
398  0.03933 -0.08310 -0.04377  0.12243 
399  1.68956 -0.94956  0.74000  2.63912 
400  3.17268 -0.14223  3.03045  3.31491 
401  1.25856 -0.97532  0.28324  2.23388 
402  1.24175 -0.98659  0.25516  2.22834 
403  1.82355 -2.74284 -0.91929  4.56639 
404  0.61961 -0.66421 -0.04460  1.28382 
405  0.98754 -0.05700  0.93054  1.04454 
406  1.60231 -1.17661  0.42570  2.77892 
407  0.50927 -1.96459 -1.45532  2.47386 
408  1.61179 -0.37161  1.24018  1.98340 
409  1.36866 -1.13953  0.22913  2.50819 
410  0.22735 -1.82769 -1.60034  2.05504 
411  1.42594 -3.21955 -1.79361  4.64549 
412  0.97007 -0.31816  0.65191  1.28823 
413  1.19533 -1.00906  0.18627  2.20439 
414  1.48827 -4.92106 -3.43279  6.40933 
415  1.30316 -0.25948  1.04368  1.56264 
416  0.28901  0.00000  0.28901  0.28901 
417  0.14318 -0.56690 -0.42372  0.71008 
418  1.00732 -0.39610  0.61122  1.40342 
419  0.93759 -0.76301  0.17458  1.70060 
420  1.45943 -0.17585  1.28358  1.63528 
421  0.77797 -0.14726  0.63071  0.92523 
422  0.27707 -0.33605 -0.05898  0.61312 
423  0.16219 -0.73867 -0.57648  0.90086 
424  0.17912 -1.20345 -1.02433  1.38257 
425  0.60256  0.00000  0.60256  0.60256 
426  0.99515 -0.43322  0.56193  1.42837 
427  1.14298 -0.49448  0.64850  1.63746 
428  1.23648 -0.62198  0.61450  1.85846 
429  0.48714 -0.07001  0.41713  0.55715 
430  0.49856 -0.31181  0.18675  0.81037 
431  0.32480  0.00000  0.32480  0.32480 
432  0.04388 -0.54577 -0.50189  0.58965 
433  0.16525 -0.80549 -0.64024  0.97074 
434  0.90577 -0.34874  0.55703  1.25451 
435  0.18883 -0.43212 -0.24329  0.62095 
436  0.24133 -0.45382 -0.21249  0.69515 
437  0.80172 -1.11524 -0.31352  1.91696 
438  0.78970 -0.22658  0.56312  1.01628 
439  0.57980 -0.56198  0.01782  1.14178 
440  0.21171 -0.10115  0.11056  0.31286 
441  0.27731 -1.45160 -1.17429  1.72891 
442  0.29936 -0.19542  0.10394  0.49478 
443  0.56397 -0.24980  0.31417  0.81377 
444  0.25282 -0.72363 -0.47081  0.97645 
445  0.95605 -0.20517  0.75088  1.16122 
446  0.35558 -1.09904 -0.74346  1.45462 
447  0.74478 -0.10126  0.64352  0.84604 
448  0.58219 -0.07327  0.50892  0.65546 
449  0.23034 -0.59789 -0.36755  0.82823 
450  0.72211 -0.00097  0.72114  0.72308 
451  1.20775 -0.28451  0.92324  1.49226 
452  0.36602 -0.37673 -0.01071  0.74275 
453  0.03735 -0.84943 -0.81208  0.88678 
454  0.22728 -0.66670 -0.43942  0.89398 
455  5.98457 -0.51607  5.46850  6.50064 
456  0.82144 -1.05084 -0.22940  1.87228 
457  0.47139 -0.19360  0.27779  0.66499 
458  1.66216 -0.95055  0.71161  2.61271 
459  0.82624 -1.43445 -0.60821  2.26069 
460  0.63662 -0.39921  0.23741  1.03583 
461  0.02281 -0.29681 -0.27400  0.31962 
462  0.03597 -1.29787 -1.26190  1.33384 
463  0.94688 -0.50941  0.43747  1.45629 
464  0.00000 -0.84762 -0.84762  0.84762 
465  0.26058 -0.49366 -0.23308  0.75424 
466  1.62999 -1.55816  0.07183  3.18815 
467  0.70211 -3.63235 -2.93024  4.33446 
468  0.03861 -0.32331 -0.28470  0.36192 
469  0.61854 -0.88501 -0.26647  1.50355 
470  1.63374 -1.67091 -0.03717  3.30465 
471  1.33485  0.00000  1.33485  1.33485 
472  0.95918 -0.66241  0.29677  1.62159 
473  1.22947 -2.18403 -0.95456  3.41350 
474  0.71926 -1.48166 -0.76240  2.20092 
475  2.20024 -2.64802 -0.44778  4.84826 
476  0.08449 -1.69041 -1.60592  1.77490 
477  0.09504 -0.99436 -0.89932  1.08940 
478  0.24870 -0.60276 -0.35406  0.85146 
479  0.78137 -1.07855 -0.29718  1.85992 
480  0.15856 -1.05755 -0.89899  1.21611 
481  1.16579 -1.85803 -0.69224  3.02382 
482  0.61129 -0.00560  0.60569  0.61689 
483  0.79675 -0.50774  0.28901  1.30449 
484  0.80529 -0.61037  0.19492  1.41566 
485  2.03209 -2.71434 -0.68225  4.74643 
486  0.40063 -0.37578  0.02485  0.77641 
487  0.32215 -1.72700 -1.40485  2.04915 
488  0.80583 -0.61052  0.19531  1.41635 
489  1.01271 -5.35202 -4.33931  6.36473 
490  0.88185 -0.48603  0.39582  1.36788 
491  0.01648 -0.81396 -0.79748  0.83044 
492  1.26304 -1.81320 -0.55016  3.07624 
493  0.46160 -1.84296 -1.38136  2.30456 
494  0.98580 -0.47033  0.51547  1.45613 
495  0.88066 -0.27835  0.60231  1.15901 
496  1.04796 -6.42421 -5.37625  7.47217 
497  0.39133 -2.01694 -1.62561  2.40827 
498  1.17677 -3.84743 -2.67066  5.02420 
499  0.44020 -0.10525  0.33495  0.54545 
500  1.22931 -2.03669 -0.80738  3.26600 
501  0.84045 -1.67660 -0.83615  2.51705 
502  2.40647 -1.23992  1.16655  3.64639 
503  1.01086 -2.93386 -1.92300  3.94472 
504  0.29001 -0.90415 -0.61414  1.19416 
505  1.62364 -1.49649  0.12715  3.12013 
506  1.84300 -2.23718 -0.39418  4.08018 
507  0.03552 -3.49172 -3.45620  3.52724 
508  1.12248 -1.07387  0.04861  2.19635 
509  0.44315 -3.26933 -2.82618  3.71248 
510  1.81963 -1.67800  0.14163  3.49763 
511  1.73406 -2.01675 -0.28269  3.75081 
512  0.70818 -2.13471 -1.42653  2.84289 
513  1.25197 -1.77032 -0.51835  3.02229 
514  1.17090 -2.93349 -1.76259  4.10439 
515  0.07674 -1.25391 -1.17717  1.33065 
516  2.88711 -3.23591 -0.34880  6.12302 
517  3.90961 -1.22267  2.68694  5.13228 
518  0.41421 -0.50806 -0.09385  0.92227 
519  1.67636 -2.37451 -0.69815  4.05087 
520  0.52451 -2.10480 -1.58029  2.62931 
521  2.04834 -1.16218  0.88616  3.21052 
522  1.46840 -1.62867 -0.16027  3.09707 
523  3.01796 -0.71402  2.30394  3.73198 
524  0.44619 -0.67195 -0.22576  1.11814 
525  1.93518 -1.15464  0.78054  3.08982 
526  0.96997 -1.21989 -0.24992  2.18986 
527  0.30267 -1.57087 -1.26820  1.87354 
528  0.91021 -0.89164  0.01857  1.80185 
529  0.30016 -0.89329 -0.59313  1.19345 
530  0.38451 -0.57121 -0.18670  0.95572 
531  0.42162 -1.58644 -1.16482  2.00806 
532  0.33049 -1.22151 -0.89102  1.55200 
533  0.75047 -0.02389  0.72658  0.77436 
534  0.05112 -0.23865 -0.18753  0.28977 
535  0.68262 -0.14501  0.53761  0.82763 
536  0.06572  0.00000  0.06572  0.06572 
537  1.55220 -0.91929  0.63291  2.47149 
538  0.47288 -0.62823 -0.15535  1.10111 
539  1.35933 -1.79183 -0.43250  3.15116 
540  0.27602 -3.17935 -2.90333  3.45537 
541  1.46763 -2.18309 -0.71546  3.65072 
542  1.19513 -1.76051 -0.56538  2.95564 
543  0.67809 -0.54254  0.13555  1.22063 
544  0.26278 -1.54141 -1.27863  1.80419 
545  0.13677 -0.50053 -0.36376  0.63730 
546  0.91991 -0.48088  0.43903  1.40079 
547  0.18101 -1.04936 -0.86835  1.23037 
548  0.25486 -0.85014 -0.59528  1.10500 
549  0.31824 -2.04695 -1.72871  2.36519 
550  0.62529 -1.14908 -0.52379  1.77437 
551  1.16880 -0.84411  0.32469  2.01291 
552  0.51232 -1.32115 -0.80883  1.83347 
553  0.93633 -2.14918 -1.21285  3.08551 
554  2.84514 -2.11500  0.73014  4.96014 
555  0.47016 -3.20907 -2.73891  3.67923 
556  0.01220 -3.23856 -3.22636  3.25076 
557  0.42064 -0.62457 -0.20393  1.04521 
558  0.41086 -0.32707  0.08379  0.73793 
559  0.38009 -1.66358 -1.28349  2.04367 
560  1.15145 -0.60073  0.55072  1.75218 
561  1.66066 -2.40968 -0.74902  4.07034 
562  1.11381 -0.58216  0.53165  1.69597 
563  1.38042 -0.24360  1.13682  1.62402 
564  0.34113 -0.36988 -0.02875  0.71101 
