 0.28812  0.27276 
-0.07057 -0.25681 
 0.30528 -100.00000 
-0.67778 -0.15511 
-0.67257  0.24747 
-0.65050 -100.00000 
 0.12983  0.38550 
-0.57746  0.00002 
-0.27951 -0.26318 
 0.68469 -0.34163 
 0.05080 -100.00000 
 0.11227  0.13162 
-0.04648  0.35432 
-100.00000 -100.00000 
-0.35645  0.46673 
-100.00000 -100.00000 
-100.00000 -100.00000 
-100.00000 -100.00000 
 0.33252 -0.33424 
 0.00000  0.00000 
-100.00000 -100.00000 
 0.00000  0.00000 
-100.00000 -100.00000 
-100.00000 -100.00000 
-100.00000 -100.00000 
-100.00000 -100.00000 
-100.00000  0.00001 
-100.00000  0.13745 
-100.00000 -100.00000 
 0.64346  0.28563 
-100.00000 -100.00000 
-0.30909 -0.04707 
-0.07116 -0.00065 
-100.00000 -100.00000 
 0.05054  0.26835 
 0.00000  0.00000 
 0.48575 -0.32902 
-100.00000 -100.00000 
-100.00000 -100.00000 
-100.00000 -100.00000 
-100.00000 -100.00000 
-100.00000 -100.00000 
-100.00000 -100.00000 
-0.48397  0.13459 
-100.00000 -100.00000 
-100.00000 -100.00000 
 0.13094 -0.65291 
-100.00000 -100.00000 
 0.39353 -100.00000 
 0.26782  0.00012 
-0.16822 -100.00000 
-100.00000 -100.00000 
-0.09340 -0.03459 
-100.00000 -100.00000 
-0.00028 -100.00000 
-100.00000 -100.00000 
-100.00000 -100.00000 
 0.06512 -0.34365 
-100.00000 -100.00000 
-0.14753 -100.00000 
-0.42872 -0.32800 
 0.13767 -100.00000 
-100.00000 -100.00000 
 0.00000  0.00000 
-100.00000 -100.00000 
-100.00000 -100.00000 
 0.09806  0.26325 
-0.28020 -0.68945 
-100.00000 -100.00000 
-100.00000 -100.00000 
-0.25150 -0.00008 
-100.00000 -100.00000 
-100.00000  0.00007 
 0.00000  0.00000 
-0.00322 -0.57107 
-100.00000 -100.00000 
-100.00000 -100.00000 
-0.32233 -0.52950 
-0.51454 -100.00000 
-100.00000 -100.00000 
-100.00000 -100.00000 
-100.00000 -100.00000 
-100.00000 -100.00000 
-100.00000 -100.00000 
-100.00000 -100.00000 
 1.27693 -0.32660 
-0.74307 -0.15076 
-0.16039  0.08866 
 0.49672  0.07927 
-0.47824 -0.69535 
 0.21591  0.15954 
-0.14242  0.22759 
-100.00000 -100.00000 
-100.00000 -100.00000 
-100.00000 -100.00000 
 0.00000  0.00000 
-0.19935 -0.18896 
-100.00000 -100.00000 
-0.01984  0.57056 
-100.00000  0.00001 
-0.16287 -100.00000 
-100.00000 -100.00000 
 0.00029  0.07203 
-1.34775  0.35226 
-100.00000 -100.00000 
-100.00000 -100.00000 
-100.00000 -100.00000 
-100.00000 -100.00000 
-100.00000 -100.00000 
-100.00000 -100.00000 
-100.00000 -100.00000 
-0.96385  0.05635 
 0.00000  0.00000 
-100.00000 -100.00000 
-0.47359  0.37461 
-100.00000 -100.00000 
-100.00000 -100.00000 
 0.00000 -0.19084 
-100.00000 -100.00000 
-100.00000 -100.00000 
-100.00000 -100.00000 
-100.00000 -100.00000 
 0.01991 -0.18188 
-100.00000 -100.00000 
-0.57542  0.10729 
 0.32713 -0.00007 
-100.00000 -100.00000 
 0.13735 -0.09681 
-100.00000 -100.00000 
-0.51411 -0.26813 
-0.16229 -0.05416 
-100.00000 -100.00000 
 0.00000  0.00000 
-100.00000  0.13746 
-100.00000 -100.00000 
-100.00000 -0.00870 
 0.13757 -0.00016 
-0.07558  0.86407 
 0.13751 -100.00000 
-100.00000 -100.00000 
-100.00000 -0.19305 
-100.00000 -0.19213 
-100.00000 -100.00000 
 0.35452  0.02611 
 0.08480  0.13744 
-100.00000  0.00015 
-100.00000 -100.00000 
-0.19791 -0.09461 
 0.56915  0.22440 
 0.30530  0.17435 
-100.00000 -100.00000 
-100.00000 -100.00000 
-0.10904 -0.12317 
-0.05059  0.97278 
-0.79024  0.07010 
-100.00000 -100.00000 
 0.61064 -0.35097 
-0.17875  0.07091 
-0.40086  0.18283 
-0.16277 -100.00000 
-100.00000 -100.00000 
-0.30775 -0.24771 
-0.04523  0.39298 
 0.37518 -100.00000 
-0.82767  0.48928 
-100.00000 -100.00000 
-0.58618  0.58783 
-100.00000 -100.00000 
-100.00000 -100.00000 
-100.00000 -0.00120 
 0.11472 -100.00000 
-100.00000 -0.09603 
 0.40564  0.47179 
-100.00000 -100.00000 
-1.28160  0.22966 
-0.30369 -0.05395 
 0.59969  0.71168 
 0.06266  0.18826 
-0.63862 -100.00000 
-0.30782  0.67807 
-100.00000 -100.00000 
-100.00000 -0.05347 
-100.00000 -100.00000 
-0.06140  0.00018 
-0.83014 -0.37363 
-100.00000 -100.00000 
 0.13741  0.18748 
-100.00000 -100.00000 
-0.14921  0.29221 
-0.09874 -100.00000 
 0.66088  0.29671 
-0.44984  0.11347 
-100.00000 -100.00000 
-100.00000 -100.00000 
-0.66658  0.57930 
-100.00000 -100.00000 
-0.34318 -0.00064 
-100.00000 -100.00000 
-100.00000 -0.25198 
 0.06670 -0.70609 
-0.37517 -100.00000 
-0.07454 -100.00000 
-100.00000 -100.00000 
-100.00000 -100.00000 
-100.00000 -100.00000 
 0.15421  0.46684 
-0.04126 -0.25311 
-100.00000 -100.00000 
 0.33972  1.01109 
 0.40565 -0.23253 
-100.00000 -0.00037 
-0.34802  0.10451 
-100.00000 -0.11462 
-0.33751 -0.32826 
-0.36288 -0.12027 
-100.00000 -100.00000 
-0.00885 -0.45042 
-100.00000 -100.00000 
-100.00000 -100.00000 
-0.16279 -100.00000 
-0.21824 -0.11481 
-100.00000 -100.00000 
-0.59234 -0.43074 
-100.00000 -100.00000 
-0.59242  0.21237 
-0.32386 -0.61762 
-0.58797  0.89635 
-0.23665 -0.47729 
-100.00000 -0.00097 
 0.00000  0.00000 
-100.00000 -0.11549 
-0.51775 -0.70566 
-100.00000 -100.00000 
 0.37833 -100.00000 
 0.04523 -0.86474 
-0.05603 -0.35637 
-0.07625  0.27857 
-0.27076  0.15950 
-100.00000 -0.48653 
 0.48563  0.47589 
-100.00000 -100.00000 
 0.00001 -100.00000 
 0.31534 -0.14934 
-0.09146 -0.90548 
-100.00000 -100.00000 
-100.00000 -100.00000 
-100.00000 -100.00000 
 0.12563 -0.15978 
 0.33379 -0.10541 
 0.04089  0.07499 
-100.00000  0.10402 
-100.00000 -100.00000 
-100.00000 -100.00000 
-100.00000 -100.00000 
-0.02083 -0.31423 
 0.00000  0.00000 
 0.00000  0.00000 
 0.01161 -0.68388 
-100.00000 -100.00000 
-100.00000 -100.00000 
 0.19722 -0.15267 
-100.00000 -100.00000 
-100.00000  0.00003 
-0.14553  0.45947 
 0.00000  0.00000 
 0.13743 -0.46879 
-100.00000 -100.00000 
-100.00000 -100.00000 
-100.00000 -100.00000 
-100.00000 -100.00000 
-0.48282  0.26298 
 0.31441  0.20821 
 0.06402  0.63568 
-0.47872 -100.00000 
 0.00499  0.00002 
-100.00000 -100.00000 
-0.04183 -0.80592 
 0.03287 -0.47066 
-100.00000 -100.00000 
-100.00000 -100.00000 
 0.00000  0.00000 
 0.00000  0.00000 
-0.44284 -0.69285 
-100.00000 -100.00000 
 0.58808 -0.12066 
 0.60792 -0.60935 
-100.00000 -0.27294 
 0.28215  0.28631 
-100.00000 -100.00000 
-100.00000  0.00016 
-100.00000 -100.00000 
-100.00000  0.00520 
-100.00000 -100.00000 
-0.43173 -0.22719 
-100.00000 -100.00000 
-100.00000 -100.00000 
 0.28475  0.52933 
-100.00000 -100.00000 
 0.18964 -0.34563 
-100.00000 -100.00000 
-100.00000 -100.00000 
 0.00000  0.00000 
 0.26359  0.16950 
-0.05114  0.11909 
-100.00000  0.11675 
-100.00000 -0.64134 
-100.00000 -100.00000 
-100.00000 -0.00004 
-100.00000 -100.00000 
 0.00003 -100.00000 
 0.00000  0.00000 
-100.00000 -100.00000 
-0.00009 -100.00000 
 0.70799 -0.19411 
-0.06346 -0.99020 
 0.00000  0.00000 
-100.00000 -100.00000 
-100.00000  0.00395 
-100.00000 -100.00000 
-100.00000 -100.00000 
 0.40852  0.59134 
-100.00000 -100.00000 
 0.34342  0.01575 
-100.00000 -100.00000 
 0.08943  0.20933 
 0.08131  0.92227 
-0.00003 -100.00000 
-100.00000 -100.00000 
-100.00000 -100.00000 
 0.26099  0.46272 
-0.20520  0.44943 
 0.34693  0.09183 
-100.00000 -100.00000 
 0.02912  0.48695 
 0.04349 -0.14181 
-100.00000 -100.00000 
 0.00000  0.00000 
-100.00000 -100.00000 
 0.09676 -0.47951 
 0.00000  0.00000 
-100.00000 -100.00000 
-100.00000 -100.00000 
 0.18599  0.13765 
-100.00000 -100.00000 
 0.02289 -0.30968 
-0.89878 -0.10877 
-100.00000 -100.00000 
-100.00000 -100.00000 
 0.00000  0.00000 
-100.00000 -100.00000 
-100.00000 -100.00000 
-0.15122 -100.00000 
 0.00000  0.00000 
-100.00000 -100.00000 
-100.00000 -100.00000 
-100.00000 -100.00000 
-100.00000 -100.00000 
 0.22428  0.61235 
-100.00000 -100.00000 
-0.08823 -0.21859 
 0.00000  0.00000 
-100.00000 -100.00000 
-100.00000 -100.00000 
-100.00000 -100.00000 
-100.00000 -100.00000 
-100.00000 -100.00000 
-100.00000 -100.00000 
-100.00000 -100.00000 
 1.05592 -0.09229 
 0.00353  0.32608 
-100.00000  0.00000 
-100.00000 -100.00000 
-100.00000 -100.00000 
-0.15130 -100.00000 
-100.00000 -100.00000 
-100.00000 -100.00000 
-100.00000 -100.00000 
-100.00000 -100.00000 
-100.00000 -100.00000 
-100.00000 -100.00000 
 0.34258  0.09190 
-0.59426  0.90057 
 0.08391 -0.04800 
 0.55110  0.48545 
-100.00000 -100.00000 
-0.69618  0.28167 
-100.00000 -100.00000 
 0.00000  0.00000 
-0.21472 -100.00000 
 0.32964 -0.43583 
 0.00000  0.00000 
 0.82916  0.95370 
-100.00000 -100.00000 
-100.00000 -100.00000 
 0.09797  0.78856 
 0.00003 -100.00000 
-100.00000 -100.00000 
 0.07333 -0.56366 
 0.00000  0.00000 
-100.00000 -100.00000 
 1.65811 -0.53859 
 1.32019  0.73688 
 0.48537 -100.00000 
-0.12101 -0.61791 
-100.00000  0.00021 
-100.00000  0.26297 
 0.18988 -0.36457 
-0.97216 -100.00000 
 0.28158 -100.00000 
-100.00000 -100.00000 
-0.00002 -100.00000 
-1.08605  0.67834 
-0.18836 -0.54464 
-0.00016 -100.00000 
-0.10286 -0.11881 
 0.48549  0.37858 
-100.00000 -100.00000 
-100.00000  0.00005 
-100.00000 -100.00000 
 0.25895  1.04054 
-100.00000 -100.00000 
-0.08185 -0.54457 
 0.13756 -100.00000 
-100.00000 -100.00000 
-100.00000 -100.00000 
-100.00000 -100.00000 
 0.32721  0.59098 
-100.00000 -100.00000 
-100.00000 -100.00000 
-100.00000 -100.00000 
-100.00000 -0.61137 
-100.00000 -100.00000 
-100.00000 -100.00000 
 0.00000  0.00000 
-100.00000 -100.00000 
 0.07000 -0.24349 
-100.00000 -100.00000 
-100.00000 -100.00000 
 0.54924 -100.00000 
-100.00000 -100.00000 
 0.00007 -0.78697 
-0.51547  0.00007 
-0.42820  0.44855 
-0.02375  0.84814 
-100.00000 -100.00000 
-100.00000 -100.00000 
 0.37849 -100.00000 
-100.00000 -100.00000 
-100.00000 -100.00000 
 0.43283  0.14476 
-100.00000 -100.00000 
-100.00000 -100.00000 
-100.00000  0.48548 
-100.00000 -100.00000 
-100.00000 -100.00000 
 0.28815  0.00024 
-100.00000 -100.00000 
-100.00000  0.23126 
-100.00000 -100.00000 
-100.00000 -100.00000 
-100.00000 -0.26960 
-100.00000 -100.00000 
 0.00014 -100.00000 
-0.21438 -100.00000 
-0.07459 -0.20104 
-100.00000 -100.00000 
 0.04834  0.37840 
-0.00207 -0.04657 
-0.42895 -0.39503 
-100.00000 -100.00000 
-100.00000 -100.00000 
-0.07704 -100.00000 
-100.00000 -100.00000 
-0.29586  0.10900 
-0.40177  0.48534 
 0.00000  0.00000 
-100.00000 -100.00000 
-0.33217  0.26302 
-100.00000 -100.00000 
-100.00000 -100.00000 
-100.00000  0.26314 
-0.22900 -100.00000 
 0.44927 -100.00000 
-100.00000 -100.00000 
-100.00000 -100.00000 
-0.59695 -100.00000 
-100.00000 -100.00000 
-100.00000 -100.00000 
-100.00000 -100.00000 
-0.00049  0.00164 
-100.00000 -100.00000 
 0.10087 -0.14719 
-100.00000 -0.20083 
 0.03428  0.13759 
-0.00284 -0.42208 
-0.09126 -0.15479 
-0.09922  0.47064 
-100.00000 -100.00000 
 0.18770 -0.21710 
-100.00000 -100.00000 
-0.09188 -100.00000 
-100.00000 -100.00000 
-0.34143  0.26307 
-0.22179 -100.00000 
-100.00000 -100.00000 
-100.00000 -100.00000 
-0.00008 -0.64345 
 0.30183  0.38835 
-0.74120  0.18083 
 0.16512 -0.66087 
 0.01835 -100.00000 
 0.04767 -100.00000 
 0.39166 -0.00028 
-100.00000 -100.00000 
-0.22854 -100.00000 
 0.00000  0.00000 
 0.04765  0.38360 
-0.22258  0.25185 
-0.11894  0.17682 
 0.13725 -0.20130 
-0.73706 -0.55054 
-0.11915 -100.00000 
-0.11937  0.26354 
 0.33829 -0.00392 
-0.00001 -100.00000 
-100.00000 -100.00000 
 0.13801 -100.00000 
-100.00000 -100.00000 
 0.00000  0.00000 
-100.00000 -0.00009 
-100.00000 -100.00000 
 0.00000  0.00000 
-100.00000 -100.00000 
-100.00000 -100.00000 
-0.14548  0.59103 
 0.04628  1.07775 
-100.00000  0.00004 
 0.17300  0.22540 
-100.00000 -100.00000 
-0.28981  0.27090 
 0.06844  0.00000 
 0.40272  0.08912 
-0.37807 -100.00000 
-0.04832 -0.03370 
-100.00000 -100.00000 
-100.00000 -100.00000 
-100.00000 -100.00000 
-100.00000 -100.00000 
 0.00000  0.00000 
 1.17735 -0.64826 
-0.11494 -0.37894 
-100.00000 -100.00000 
 0.00676  0.61380 
 0.15441 -0.29773 
-0.19476  0.31495 
-0.02966 -0.29666 
-100.00000 -100.00000 
 0.01839 -100.00000 
-0.00003 -100.00000 
-100.00000 -100.00000 
 1.25017 -100.00000 
 0.51711  0.17797 
 0.00000  0.00000 
-100.00000 -100.00000 
 0.00000  0.00000 
