-100.00000 -100.00000 
-0.47922  0.02039 
-0.53770 -100.00000 
-0.15742 -0.01556 
 0.55894 -0.09183 
 0.19225  0.33464 
-100.00000 -100.00000 
 0.04313  0.03215 
-0.15455 -100.00000 
-100.00000 -100.00000 
-0.00021  0.13747 
-0.53763  0.33436 
-100.00000 -100.00000 
-100.00000 -100.00000 
-0.01686 -0.01276 
-100.00000 -100.00000 
-100.00000 -100.00000 
-100.00000 -100.00000 
-0.00028 -100.00000 
-100.00000 -100.00000 
-100.00000 -100.00000 
-100.00000 -100.00000 
-100.00000 -100.00000 
-100.00000 -100.00000 
-0.60943  0.29823 
-100.00000 -100.00000 
-100.00000 -100.00000 
-100.00000 -100.00000 
 0.42059  0.10860 
-0.15434 -0.01333 
-100.00000 -100.00000 
-0.01630  0.00001 
-100.00000 -100.00000 
-100.00000 -100.00000 
-0.29385 -0.14957 
 0.00025 -100.00000 
-0.10272  0.23709 
-100.00000 -100.00000 
-100.00000 -100.00000 
-100.00000 -100.00000 
-100.00000 -100.00000 
-0.41866 -100.00000 
-100.00000 -100.00000 
-100.00000 -0.15587 
-0.00005 -0.41384 
 0.26065  0.10939 
-100.00000 -100.00000 
-100.00000  0.00009 
 0.60139  0.03732 
 0.04118  0.36766 
-100.00000 -100.00000 
-100.00000 -100.00000 
-100.00000 -100.00000 
-0.28501  0.18358 
-100.00000 -100.00000 
-100.00000 -100.00000 
-100.00000 -100.00000 
 0.56262  0.26843 
-100.00000 -100.00000 
-100.00000 -100.00000 
-100.00000 -0.29216 
-100.00000 -100.00000 
-100.00000 -100.00000 
-100.00000 -100.00000 
-0.18902  0.13743 
 0.00000  0.00000 
-0.23259  0.32030 
-0.54558 -0.00021 
-100.00000 -100.00000 
-100.00000 -100.00000 
-100.00000 -0.30828 
-100.00000 -100.00000 
-100.00000 -100.00000 
-100.00000  0.00004 
-0.27026  0.48544 
-100.00000 -100.00000 
-100.00000 -100.00000 
-0.08908 -0.15043 
-100.00000 -100.00000 
-100.00000 -100.00000 
-100.00000 -100.00000 
 0.00000  0.00000 
-100.00000 -100.00000 
-100.00000 -100.00000 
-100.00000 -100.00000 
-0.77217 -0.06633 
 0.35397 -0.57577 
 1.30119  0.22616 
 0.00000  0.00000 
 0.87530  0.17544 
-0.00039 -100.00000 
-0.36793 -0.00719 
-100.00000 -100.00000 
 0.50491  0.14209 
-100.00000 -100.00000 
-100.00000 -100.00000 
-100.00000 -100.00000 
-100.00000 -100.00000 
-0.21356 -0.31307 
 0.00000  0.00000 
-100.00000 -100.00000 
-0.41868 -0.11974 
 1.29173 -100.00000 
-100.00000 -100.00000 
-100.00000 -100.00000 
-0.07222 -100.00000 
-100.00000 -100.00000 
-100.00000 -100.00000 
 0.00000  0.00000 
-100.00000 -100.00000 
 0.00031  0.01961 
 0.05596  0.28838 
-100.00000 -100.00000 
-100.00000 -100.00000 
-0.28070 -100.00000 
 0.10930 -0.39375 
-100.00000 -100.00000 
 0.18771  0.44405 
-100.00000 -100.00000 
-100.00000 -100.00000 
-0.00005 -100.00000 
-100.00000 -100.00000 
-100.00000 -100.00000 
 0.38075  0.44500 
-100.00000 -100.00000 
-0.48320 -0.50491 
 0.23237  0.25152 
-100.00000 -100.00000 
-100.00000 -100.00000 
-100.00000 -100.00000 
-100.00000 -100.00000 
-100.00000 -0.19013 
-100.00000 -100.00000 
-100.00000 -100.00000 
 0.00000  0.00000 
-0.96029  0.58463 
-100.00000 -100.00000 
-0.27330 -0.19140 
 0.36555 -0.07190 
-100.00000 -100.00000 
 0.00000  0.00000 
-100.00000 -100.00000 
-0.53471 -100.00000 
-100.00000 -0.40422 
-100.00000 -100.00000 
-0.92471  0.13765 
-100.00000 -100.00000 
-0.00081 -0.00044 
-100.00000 -100.00000 
-100.00000 -100.00000 
 0.31299  0.48486 
-100.00000 -100.00000 
-0.17924  0.49856 
 0.25585  0.99344 
-100.00000 -100.00000 
-100.00000 -100.00000 
-100.00000 -100.00000 
-0.19311 -0.06687 
-100.00000 -100.00000 
 0.26306 -100.00000 
-100.00000 -100.00000 
-100.00000 -100.00000 
-100.00000 -100.00000 
-100.00000 -100.00000 
-0.27953  0.36706 
-100.00000 -100.00000 
 0.27482  0.31632 
-100.00000  0.00006 
-100.00000 -100.00000 
-100.00000 -100.00000 
-100.00000 -100.00000 
-1.16420  0.60733 
-0.41100 -1.00932 
-100.00000 -100.00000 
 0.00000  0.00000 
-1.19021  0.31998 
 0.28205  0.43122 
 0.13818 -0.00015 
-0.00002 -100.00000 
-0.57845 -0.43188 
-100.00000 -100.00000 
-100.00000 -100.00000 
-100.00000 -100.00000 
-100.00000 -100.00000 
-100.00000 -100.00000 
-0.15391 -100.00000 
-100.00000 -100.00000 
-1.08729 -100.00000 
-100.00000 -100.00000 
 0.00483  0.53659 
-100.00000 -100.00000 
 0.41862  0.09389 
-100.00000 -100.00000 
-100.00000 -100.00000 
-100.00000 -100.00000 
 0.10400  0.13763 
-0.39548  0.01077 
 0.00000  0.00000 
-0.04271 -0.24003 
-100.00000 -100.00000 
-100.00000 -0.20298 
-100.00000 -100.00000 
-100.00000 -100.00000 
-100.00000 -0.25147 
-0.36845 -0.08713 
-100.00000 -100.00000 
-0.11064  0.45951 
-100.00000 -100.00000 
-0.27526 -0.38994 
-1.57374 -0.06715 
-0.23393  0.38250 
-1.24849 -0.04459 
-0.74049 -0.63676 
-100.00000 -100.00000 
-100.00000 -100.00000 
 0.16909  0.53350 
-100.00000 -100.00000 
-100.00000 -100.00000 
-0.21328 -0.01582 
 0.33583 -0.20489 
-100.00000 -100.00000 
-100.00000 -100.00000 
-100.00000 -100.00000 
-100.00000 -100.00000 
-100.00000 -100.00000 
-100.00000 -100.00000 
-100.00000  0.26355 
 0.00000  0.00000 
-100.00000 -100.00000 
-0.51260 -0.00024 
-100.00000 -0.00096 
-0.81694  0.23810 
-100.00000 -100.00000 
 0.00000  0.00000 
-0.50216  0.13738 
-0.00097 -100.00000 
-100.00000 -0.00053 
-100.00000 -100.00000 
-0.13247  0.58498 
-1.08322 -0.40388 
-100.00000 -100.00000 
-100.00000 -100.00000 
-100.00000 -100.00000 
-100.00000 -100.00000 
-100.00000 -100.00000 
-100.00000 -100.00000 
-100.00000 -100.00000 
-100.00000  0.00026 
-100.00000 -100.00000 
 0.36717 -0.23341 
-0.49969  0.37331 
 0.00000  0.00000 
-100.00000 -100.00000 
-100.00000 -100.00000 
-0.25476 -0.25662 
-100.00000 -100.00000 
-100.00000 -100.00000 
-100.00000 -100.00000 
-100.00000 -100.00000 
-100.00000 -0.25190 
-0.00007 -100.00000 
-100.00000 -100.00000 
-100.00000 -100.00000 
 0.06282 -0.42025 
-100.00000 -100.00000 
-0.14347 -100.00000 
 0.00000  0.00000 
-100.00000 -100.00000 
-100.00000 -100.00000 
-100.00000 -100.00000 
-100.00000 -100.00000 
-100.00000 -100.00000 
 0.26026 -0.10159 
-100.00000 -100.00000 
-0.27462 -100.00000 
 0.00039 -100.00000 
-0.12112 -0.21494 
-0.19349  0.03362 
 0.07074  0.13856 
 0.00017 -100.00000 
-100.00000 -100.00000 
-100.00000 -100.00000 
 0.23416 -0.11489 
 0.58284  0.90468 
-0.00070 -100.00000 
-100.00000  0.13714 
 0.48044  0.53097 
-0.38444 -0.38011 
-0.49786  0.13707 
 0.55954  0.32574 
-100.00000 -100.00000 
-100.00000 -100.00000 
-0.52847 -0.37395 
 0.43580  0.00119 
-100.00000 -100.00000 
-100.00000 -0.11036 
 0.19749 -0.31679 
 0.00000  0.00000 
-0.09149 -0.61443 
-0.00005 -100.00000 
-100.00000 -100.00000 
-100.00000 -100.00000 
-0.28898 -100.00000 
-100.00000 -100.00000 
-0.01297 -100.00000 
-0.34784  0.58271 
 0.00000  0.00000 
-100.00000 -100.00000 
-0.02515  0.12746 
-100.00000 -100.00000 
-100.00000 -100.00000 
-0.69000  0.17847 
 0.00000  0.00000 
-100.00000 -100.00000 
 0.13688 -100.00000 
-100.00000 -100.00000 
-100.00000 -100.00000 
-100.00000 -100.00000 
-100.00000 -100.00000 
 0.00000  0.00000 
-100.00000 -100.00000 
-100.00000 -100.00000 
-100.00000 -100.00000 
-100.00000 -100.00000 
-100.00000 -100.00000 
 0.09973 -1.17383 
-100.00000 -100.00000 
-100.00000  0.00002 
-100.00000 -100.00000 
-100.00000 -100.00000 
-100.00000 -100.00000 
-100.00000 -100.00000 
-100.00000 -100.00000 
 0.43025  0.36693 
 0.00002 -100.00000 
-100.00000 -100.00000 
-100.00000 -100.00000 
 0.00000  0.00000 
-0.02392 -0.19941 
-100.00000 -100.00000 
 0.00001 -100.00000 
-100.00000 -100.00000 
-100.00000 -100.00000 
-100.00000 -100.00000 
 0.15219 -0.36479 
-100.00000 -100.00000 
-100.00000 -100.00000 
 0.00008 -100.00000 
-100.00000 -100.00000 
-100.00000 -0.00000 
-100.00000 -100.00000 
 0.11196 -100.00000 
-100.00000 -100.00000 
-100.00000 -100.00000 
-100.00000 -100.00000 
-100.00000 -100.00000 
-100.00000 -100.00000 
-0.38816 -0.27321 
-100.00000 -100.00000 
-100.00000 -100.00000 
-100.00000 -100.00000 
-100.00000 -100.00000 
-100.00000 -100.00000 
-100.00000 -100.00000 
-100.00000 -100.00000 
-100.00000 -100.00000 
-100.00000 -100.00000 
-0.15120  0.13751 
 0.22654 -100.00000 
-100.00000 -0.10974 
-100.00000  0.00000 
-100.00000 -100.00000 
 0.05636  0.34983 
-100.00000 -100.00000 
-0.05673  0.19933 
-100.00000 -100.00000 
-100.00000 -100.00000 
-0.00018 -0.13672 
-100.00000 -100.00000 
-100.00000 -100.00000 
 0.29446  0.00019 
-100.00000 -0.53239 
-100.00000 -100.00000 
-100.00000 -100.00000 
 0.76560  0.00004 
-0.00119 -100.00000 
 0.00002  0.00018 
-100.00000 -100.00000 
-100.00000 -100.00000 
-100.00000 -100.00000 
-100.00000 -100.00000 
-100.00000 -100.00000 
-100.00000 -100.00000 
-100.00000 -100.00000 
-100.00000 -100.00000 
-100.00000 -100.00000 
-0.41887 -0.15373 
-100.00000 -100.00000 
-100.00000 -100.00000 
-100.00000 -100.00000 
-100.00000 -100.00000 
-100.00000 -100.00000 
-100.00000 -100.00000 
-0.06232  0.26284 
-100.00000  0.00021 
-100.00000 -100.00000 
-0.29063  0.13747 
-0.50224 -100.00000 
 0.00002 -100.00000 
-100.00000 -100.00000 
-100.00000 -100.00000 
-100.00000 -100.00000 
-100.00000 -100.00000 
-100.00000 -100.00000 
-0.34844 -100.00000 
-100.00000 -100.00000 
-100.00000 -100.00000 
-100.00000 -100.00000 
-100.00000 -100.00000 
-100.00000 -100.00000 
-100.00000 -100.00000 
-100.00000 -100.00000 
-100.00000 -100.00000 
-100.00000 -100.00000 
-100.00000 -100.00000 
-100.00000 -100.00000 
-100.00000 -100.00000 
-100.00000 -100.00000 
-100.00000 -100.00000 
-100.00000 -100.00000 
-100.00000 -100.00000 
 0.53262  0.10191 
-100.00000 -100.00000 
-100.00000 -100.00000 
-100.00000 -100.00000 
-100.00000  0.13761 
-100.00000 -100.00000 
-0.00015 -100.00000 
-100.00000 -100.00000 
-100.00000 -100.00000 
-100.00000 -100.00000 
-100.00000 -100.00000 
-100.00000 -100.00000 
-0.03266  0.52907 
 0.58706  0.66043 
-100.00000 -100.00000 
-100.00000 -100.00000 
-100.00000 -100.00000 
-100.00000 -100.00000 
-100.00000  0.48539 
-100.00000 -100.00000 
-100.00000 -100.00000 
-100.00000 -100.00000 
 0.34908  0.48570 
-100.00000 -100.00000 
-100.00000 -100.00000 
-100.00000 -100.00000 
-100.00000 -100.00000 
-100.00000 -100.00000 
-100.00000 -100.00000 
 0.49772  0.39336 
-100.00000 -100.00000 
-100.00000 -100.00000 
-100.00000 -100.00000 
-100.00000 -100.00000 
-100.00000 -100.00000 
-100.00000 -100.00000 
-0.53313  0.26284 
-100.00000 -100.00000 
-100.00000 -100.00000 
-100.00000 -100.00000 
-100.00000 -100.00000 
 0.00023 -100.00000 
-100.00000 -100.00000 
-0.15273 -100.00000 
-100.00000 -100.00000 
-0.00009 -100.00000 
-100.00000 -100.00000 
-100.00000 -100.00000 
-100.00000 -100.00000 
 0.48490 -100.00000 
-100.00000 -100.00000 
-100.00000 -100.00000 
-100.00000 -100.00000 
-0.56723 -0.06316 
 0.00178  0.00001 
-100.00000 -100.00000 
 0.09867 -100.00000 
-100.00000 -100.00000 
 0.07843  0.00039 
-100.00000 -100.00000 
-100.00000 -100.00000 
-100.00000 -100.00000 
-100.00000 -100.00000 
-100.00000 -100.00000 
-100.00000 -100.00000 
-0.00283 -100.00000 
-100.00000 -100.00000 
-100.00000 -100.00000 
-100.00000 -100.00000 
-0.17352  0.16646 
-100.00000 -100.00000 
 0.00000  0.00000 
-100.00000 -100.00000 
-100.00000 -100.00000 
 0.39038  0.79930 
-0.68169  0.00151 
-100.00000  0.00006 
-0.12604  0.38486 
-100.00000 -100.00000 
-100.00000 -100.00000 
-100.00000 -100.00000 
-100.00000 -100.00000 
-100.00000 -100.00000 
-1.07829 -100.00000 
-100.00000 -100.00000 
-0.42966 -100.00000 
-0.74476  0.08707 
-100.00000 -100.00000 
-0.44463 -0.37785 
-1.86505 -100.00000 
-100.00000 -100.00000 
 0.52578 -0.35517 
-0.31617 -100.00000 
-100.00000 -100.00000 
-0.53548 -100.00000 
-100.00000 -100.00000 
 0.28585 -0.34559 
-100.00000 -100.00000 
 0.02251 -0.11111 
-100.00000 -100.00000 
-100.00000 -100.00000 
-100.00000 -100.00000 
-0.03893  0.11610 
 0.13735  0.13795 
-100.00000 -100.00000 
-100.00000 -100.00000 
-100.00000 -100.00000 
-1.21998 -0.09399 
 0.70245  0.10504 
-0.09423 -0.37910 
 0.26000  0.76664 
-100.00000 -100.00000 
-100.00000 -100.00000 
-0.93024 -0.50493 
 0.29753  0.10121 
-100.00000 -100.00000 
 0.13755  0.00007 
-100.00000 -100.00000 
-100.00000 -100.00000 
-100.00000 -100.00000 
-100.00000 -100.00000 
-100.00000 -100.00000 
-100.00000 -100.00000 
-0.06689  0.47172 
-100.00000 -100.00000 
-100.00000 -100.00000 
 0.64803 -0.20614 
-100.00000 -100.00000 
 0.27363  0.38460 
-100.00000 -100.00000 
-100.00000 -100.00000 
-100.00000 -100.00000 
-100.00000 -100.00000 
-100.00000 -100.00000 
