 0.11699  0.27276 
-2.17042 -0.25681 
-0.29382 -100.00000 
 0.55516 -0.15511 
-0.57007  0.24747 
 0.37908 -100.00000 
-0.32046  0.38550 
-0.53780  0.00002 
 0.34438 -0.26318 
 0.01121 -0.34163 
-0.15453 -100.00000 
-0.88732  0.13162 
 0.10095  0.35432 
-100.00000 -100.00000 
 0.12530  0.46673 
-100.00000 -100.00000 
-100.00000 -100.00000 
-100.00000 -100.00000 
-0.34135 -0.33424 
 0.00000  0.00000 
-100.00000 -100.00000 
 0.00000  0.00000 
-100.00000 -100.00000 
-100.00000 -100.00000 
-100.00000 -100.00000 
-100.00000 -100.00000 
-100.00000  0.00001 
 0.13752  0.13745 
-100.00000 -100.00000 
 0.36312  0.28563 
-100.00000 -100.00000 
 0.25399 -0.04707 
-0.13550 -0.00065 
-100.00000 -100.00000 
 0.15949  0.26835 
 0.00000  0.00000 
-0.57789 -0.32902 
-100.00000 -100.00000 
-100.00000 -100.00000 
-100.00000 -100.00000 
-0.53717 -100.00000 
-100.00000 -100.00000 
-100.00000 -100.00000 
-0.23375  0.13459 
-100.00000 -100.00000 
-100.00000 -100.00000 
 0.00346 -0.65291 
-100.00000 -100.00000 
-100.00000 -100.00000 
 0.48549  0.00012 
 0.13660 -100.00000 
-100.00000 -100.00000 
-0.88332 -0.03459 
-100.00000 -100.00000 
-0.00002 -100.00000 
-100.00000 -100.00000 
-0.00023 -100.00000 
-0.22876 -0.34365 
-100.00000 -100.00000 
-0.00078 -100.00000 
-0.93390 -0.32800 
-0.15558 -100.00000 
-100.00000 -100.00000 
 0.00000  0.00000 
-100.00000 -100.00000 
-100.00000 -100.00000 
-0.15836  0.26325 
-0.47455 -0.68945 
-100.00000 -100.00000 
-0.00029 -100.00000 
 0.13691 -0.00008 
-100.00000 -100.00000 
-0.01719  0.00007 
 0.00000  0.00000 
-0.84589 -0.57107 
-100.00000 -100.00000 
-100.00000 -100.00000 
-0.39955 -0.52950 
-0.28310 -100.00000 
-100.00000 -100.00000 
-0.15595 -100.00000 
-100.00000 -100.00000 
-0.15456 -100.00000 
-100.00000 -100.00000 
-100.00000 -100.00000 
-0.16009 -0.32660 
-0.87454 -0.15076 
-1.30264  0.08866 
-1.65326  0.07927 
 0.67987 -0.69535 
-0.68028  0.15954 
-0.03096  0.22759 
-100.00000 -100.00000 
-100.00000 -100.00000 
-100.00000 -100.00000 
 0.00000  0.00000 
 0.24013 -0.18896 
-100.00000 -100.00000 
-0.54605  0.57056 
-0.00015  0.00001 
-0.29140 -100.00000 
-100.00000 -100.00000 
-0.02945  0.07203 
-0.94150  0.35226 
-100.00000 -100.00000 
-100.00000 -100.00000 
-100.00000 -100.00000 
-100.00000 -100.00000 
-100.00000 -100.00000 
-100.00000 -100.00000 
-100.00000 -100.00000 
 0.13711  0.05635 
 0.00000  0.00000 
-100.00000 -100.00000 
-0.44836  0.37461 
-100.00000 -100.00000 
-100.00000 -100.00000 
-0.00003 -0.19084 
-0.53666 -100.00000 
-100.00000 -100.00000 
-100.00000 -100.00000 
-100.00000 -100.00000 
-0.94142 -0.18188 
-0.15331 -100.00000 
 0.01798  0.10729 
-0.01613 -0.00007 
-100.00000 -100.00000 
-1.83821 -0.09681 
 0.00016 -100.00000 
 0.10919 -0.26813 
-0.15363 -0.05416 
-100.00000 -100.00000 
 0.00000  0.00000 
-100.00000  0.13746 
-100.00000 -100.00000 
-0.14317 -0.00870 
-100.00000 -0.00016 
-1.37064  0.86407 
 0.00012 -100.00000 
-100.00000 -100.00000 
-100.00000 -0.19305 
-100.00000 -0.19213 
-0.29238 -100.00000 
 0.10345  0.02611 
-0.14839  0.13744 
-0.00098  0.00015 
-100.00000 -100.00000 
-0.50096 -0.09461 
 0.11452  0.22440 
 1.19825  0.17435 
-100.00000 -100.00000 
-100.00000 -100.00000 
-0.73932 -0.12317 
-0.46799  0.97278 
-1.14048  0.07010 
-100.00000 -100.00000 
-0.48510 -0.35097 
-0.70236  0.07091 
-0.26985  0.18283 
-100.00000 -100.00000 
-100.00000 -100.00000 
-100.00000 -0.24771 
 0.06684  0.39298 
-0.29257 -100.00000 
 0.73447  0.48928 
-100.00000 -100.00000 
-0.32090  0.58783 
-100.00000 -100.00000 
-100.00000 -100.00000 
-0.28206 -0.00120 
 0.27822 -100.00000 
 0.38514 -0.09603 
-0.00564  0.47179 
-100.00000 -100.00000 
-0.00348  0.22966 
-0.38270 -0.05395 
 1.11642  0.71168 
-0.37143  0.18826 
 0.33157 -100.00000 
-0.41910  0.67807 
-100.00000 -100.00000 
-100.00000 -0.05347 
-100.00000 -100.00000 
-0.15483  0.00018 
-0.38017 -0.37363 
-0.00031 -100.00000 
-0.15371  0.18748 
-100.00000 -100.00000 
-0.33510  0.29221 
 0.26577 -100.00000 
-0.44106  0.29671 
-1.29925  0.11347 
-100.00000 -100.00000 
-100.00000 -100.00000 
-0.16265  0.57930 
-100.00000 -100.00000 
-0.00084 -0.00064 
-100.00000 -100.00000 
-0.00034 -0.25198 
-0.30717 -0.70609 
-0.12000 -100.00000 
-100.00000 -100.00000 
-100.00000 -100.00000 
-100.00000 -100.00000 
 0.37809 -100.00000 
-0.68556  0.46684 
-0.27473 -0.25311 
-100.00000 -100.00000 
-0.82793  1.01109 
-1.13427 -0.23253 
-0.79387 -0.00037 
-0.44907  0.10451 
-100.00000 -0.11462 
-0.27357 -0.32826 
-0.08317 -0.12027 
 0.02735 -100.00000 
 0.35611 -0.45042 
-0.87644 -100.00000 
-100.00000 -100.00000 
-100.00000 -100.00000 
-0.61539 -0.11481 
-100.00000 -100.00000 
-0.01475 -0.43074 
-100.00000 -100.00000 
-0.50023  0.21237 
-1.12585 -0.61762 
-0.54183  0.89635 
-1.27754 -0.47729 
-0.00009 -0.00097 
 0.00000  0.00000 
-0.00206 -0.11549 
-0.79841 -0.70566 
-100.00000 -100.00000 
-1.03280 -100.00000 
-0.20355 -0.86474 
-0.33712 -0.35637 
-1.02355  0.27857 
 0.19777  0.15950 
-100.00000 -0.48653 
-1.44612  0.47589 
-100.00000 -100.00000 
-100.00000 -100.00000 
-0.35387 -0.14934 
-0.38351 -0.90548 
-100.00000 -100.00000 
-100.00000 -100.00000 
-100.00000 -100.00000 
-0.31012 -0.15978 
-0.97120 -0.10541 
 0.61476  0.07499 
-0.14286  0.10402 
-100.00000 -100.00000 
-100.00000 -100.00000 
-100.00000 -100.00000 
 0.58982 -0.31423 
 0.00000  0.00000 
 0.00000  0.00000 
-0.18502 -0.68388 
-100.00000 -100.00000 
-100.00000 -100.00000 
-0.10516 -0.15267 
-100.00000 -100.00000 
-100.00000  0.00003 
-0.77120  0.45947 
 0.00000  0.00000 
-100.00000 -0.46879 
-100.00000 -100.00000 
-100.00000 -100.00000 
 0.00154 -100.00000 
-100.00000 -100.00000 
-100.00000  0.26298 
-0.32549  0.20821 
-0.65437  0.63568 
 0.53170 -100.00000 
-0.13712  0.00002 
 0.00039 -100.00000 
-0.76338 -0.80592 
-0.19769 -0.47066 
-0.00001 -100.00000 
-100.00000 -100.00000 
 0.00000  0.00000 
 0.00000  0.00000 
 0.97481 -0.69285 
-100.00000 -100.00000 
-0.23946 -0.12066 
 0.89886 -0.60935 
-0.44229 -0.27294 
 0.15351  0.28631 
-0.00025 -100.00000 
 0.13750  0.00016 
-100.00000 -100.00000 
-0.73484  0.00520 
-100.00000 -100.00000 
-0.86728 -0.22719 
-100.00000 -100.00000 
 0.00022 -100.00000 
 0.28605  0.52933 
-100.00000 -100.00000 
-0.39022 -0.34563 
-100.00000 -100.00000 
-0.00016 -100.00000 
 0.00000  0.00000 
-1.25533  0.16950 
 0.07214  0.11909 
-0.27429  0.11675 
-0.49764 -0.64134 
-100.00000 -100.00000 
 0.13744 -0.00004 
-100.00000 -100.00000 
-100.00000 -100.00000 
 0.00000  0.00000 
-100.00000 -100.00000 
-100.00000 -100.00000 
-0.38990 -0.19411 
-0.47015 -0.99020 
 0.00000  0.00000 
-100.00000 -100.00000 
-0.63490  0.00395 
-100.00000 -100.00000 
-100.00000 -100.00000 
 0.38535  0.59134 
-100.00000 -100.00000 
-0.30543  0.01575 
-100.00000 -100.00000 
-0.26438  0.20933 
-0.73342  0.92227 
-100.00000 -100.00000 
 0.00007 -100.00000 
-100.00000 -100.00000 
 0.00601  0.46272 
 0.18652  0.44943 
 0.75236  0.09183 
 0.00023 -100.00000 
-0.14235  0.48695 
-0.03352 -0.14181 
-100.00000 -100.00000 
 0.00000  0.00000 
-100.00000 -100.00000 
-0.01855 -0.47951 
 0.00000  0.00000 
-100.00000 -100.00000 
-100.00000 -100.00000 
-0.01095  0.13765 
-100.00000 -100.00000 
-0.04849 -0.30968 
-0.90750 -0.10877 
-100.00000 -100.00000 
-100.00000 -100.00000 
 0.00000  0.00000 
-100.00000 -100.00000 
-100.00000 -100.00000 
-100.00000 -100.00000 
 0.00000  0.00000 
-100.00000 -100.00000 
-100.00000 -100.00000 
-100.00000 -100.00000 
-100.00000 -100.00000 
 0.16307  0.61235 
-100.00000 -100.00000 
 0.85203 -0.21859 
 0.00000  0.00000 
-100.00000 -100.00000 
-100.00000 -100.00000 
-100.00000 -100.00000 
-100.00000 -100.00000 
-100.00000 -100.00000 
-100.00000 -100.00000 
-100.00000 -100.00000 
-0.15041 -0.09229 
-0.22817  0.32608 
-100.00000  0.00000 
-100.00000 -100.00000 
-100.00000 -100.00000 
-100.00000 -100.00000 
-100.00000 -100.00000 
-100.00000 -100.00000 
-100.00000 -100.00000 
-0.15110 -100.00000 
-100.00000 -100.00000 
-100.00000 -100.00000 
-1.04811  0.09190 
-0.27966  0.90057 
-0.37661 -0.04800 
-0.03828  0.48545 
-100.00000 -100.00000 
-0.87776  0.28167 
-100.00000 -100.00000 
 0.00000  0.00000 
-0.26135 -100.00000 
-1.06878 -0.43583 
 0.00000  0.00000 
 0.45421  0.95370 
-0.00008 -100.00000 
-100.00000 -100.00000 
 0.31204  0.78856 
-100.00000 -100.00000 
-100.00000 -100.00000 
-1.13737 -0.56366 
 0.00000  0.00000 
-100.00000 -100.00000 
-0.45159 -0.53859 
-1.18853  0.73688 
-100.00000 -100.00000 
 0.19757 -0.61791 
-100.00000  0.00021 
-0.73931  0.26297 
 0.72153 -0.36457 
-0.15312 -100.00000 
-0.03813 -100.00000 
-100.00000 -100.00000 
-0.41677 -100.00000 
-100.00000  0.67834 
-0.15249 -0.54464 
-100.00000 -100.00000 
-0.53649 -0.11881 
 0.33343  0.37858 
-100.00000 -100.00000 
-100.00000  0.00005 
-100.00000 -100.00000 
 0.32956  1.04054 
-100.00000 -100.00000 
-0.05404 -0.54457 
-100.00000 -100.00000 
-100.00000 -100.00000 
-100.00000 -100.00000 
-0.15164 -100.00000 
-0.48991  0.59098 
-100.00000 -100.00000 
-100.00000 -100.00000 
-100.00000 -100.00000 
 0.43906 -0.61137 
-100.00000 -100.00000 
-100.00000 -100.00000 
 0.00000  0.00000 
-100.00000 -100.00000 
 0.56937 -0.24349 
-100.00000 -100.00000 
-0.00015 -100.00000 
-0.04962 -100.00000 
-100.00000 -100.00000 
-0.23227 -0.78697 
-0.76307  0.00007 
 0.16900  0.44855 
 0.05395  0.84814 
-100.00000 -100.00000 
-100.00000 -100.00000 
-100.00000 -100.00000 
-100.00000 -100.00000 
-100.00000 -100.00000 
 0.08797  0.14476 
-100.00000 -100.00000 
-100.00000 -100.00000 
 0.00011  0.48548 
-100.00000 -100.00000 
-100.00000 -100.00000 
-0.15262  0.00024 
-100.00000 -100.00000 
-0.63946  0.23126 
-100.00000 -100.00000 
-100.00000 -100.00000 
-100.00000 -0.26960 
-1.15627 -100.00000 
-0.15273 -100.00000 
-100.00000 -100.00000 
-0.35017 -0.20104 
-100.00000 -100.00000 
 0.00647  0.37840 
 0.11364 -0.04657 
 1.01610 -0.39503 
-0.29074 -100.00000 
-100.00000 -100.00000 
 0.13751 -100.00000 
-100.00000 -100.00000 
-0.23389  0.10900 
-100.00000  0.48534 
 0.00000  0.00000 
-100.00000 -100.00000 
-0.16278  0.26302 
-100.00000 -100.00000 
-100.00000 -100.00000 
-0.00052  0.26314 
-0.00025 -100.00000 
-3.64225 -100.00000 
-100.00000 -100.00000 
-100.00000 -100.00000 
-0.06467 -100.00000 
-100.00000 -100.00000 
-100.00000 -100.00000 
-0.31335 -100.00000 
 0.42028  0.00164 
-100.00000 -100.00000 
-0.36895 -0.14719 
-0.22896 -0.20083 
-0.31214  0.13759 
 0.01013 -0.42208 
 0.04000 -0.15479 
-0.94852  0.47064 
-100.00000 -100.00000 
-0.52955 -0.21710 
-100.00000 -100.00000 
 0.13740 -100.00000 
 0.00001 -100.00000 
-0.50228  0.26307 
-0.92259 -100.00000 
-100.00000 -100.00000 
-100.00000 -100.00000 
 0.12177 -0.64345 
-0.07128  0.38835 
 0.55380  0.18083 
-100.00000 -0.66087 
-100.00000 -100.00000 
 1.13500 -100.00000 
-0.17219 -0.00028 
-0.00065 -100.00000 
-0.29907 -100.00000 
 0.00000  0.00000 
 0.48533  0.38360 
-0.79495  0.25185 
-0.40431  0.17682 
 0.55537 -0.20130 
-0.59314 -0.55054 
 0.00002 -100.00000 
-0.65094  0.26354 
-0.72744 -0.00392 
-100.00000 -100.00000 
 1.21120 -100.00000 
 0.00011 -100.00000 
-100.00000 -100.00000 
 0.00000  0.00000 
-100.00000 -0.00009 
-100.00000 -100.00000 
 0.00000  0.00000 
-100.00000 -100.00000 
-100.00000 -100.00000 
 0.68709  0.59103 
 0.06587  1.07775 
-100.00000  0.00004 
-0.70252  0.22540 
-100.00000 -100.00000 
 0.58454  0.27090 
-0.18139  0.00000 
-0.13269  0.08912 
 0.38116 -100.00000 
-0.27848 -0.03370 
-100.00000 -100.00000 
-100.00000 -100.00000 
-100.00000 -100.00000 
-100.00000 -100.00000 
 0.00000  0.00000 
 0.14158 -0.64826 
-0.04791 -0.37894 
-100.00000 -100.00000 
 0.70694  0.61380 
-0.78428 -0.29773 
-0.29971  0.31495 
 0.47846 -0.29666 
-100.00000 -100.00000 
 0.26325 -100.00000 
-100.00000 -100.00000 
-100.00000 -100.00000 
-0.38104 -100.00000 
-0.64704  0.17797 
 0.00000  0.00000 
-100.00000 -100.00000 
 0.00000  0.00000 
