-100.00000 -0.00007 
 0.64304  0.15167 
-0.22985 -0.69795 
 0.83465 -0.49829 
-100.00000 -100.00000 
-100.00000 -100.00000 
 0.13798  0.00021 
-100.00000 -100.00000 
-0.05098 -0.55929 
-100.00000 -0.34641 
-0.46816  0.56080 
 0.19966  0.54290 
 0.11628 -100.00000 
 0.08438 -0.28848 
-0.14657  0.26721 
 0.48551 -100.00000 
-0.33704  0.19774 
-100.00000 -100.00000 
-0.16071 -0.30590 
-100.00000 -100.00000 
 0.30537 -100.00000 
-100.00000 -100.00000 
-0.22097  0.32185 
-100.00000 -0.28718 
-100.00000 -100.00000 
-0.44459 -0.04299 
-0.70996 -0.37002 
-0.40686 -0.15155 
 0.00000  0.00000 
-0.40154 -0.03364 
-100.00000 -100.00000 
 0.27549  0.00001 
-100.00000 -100.00000 
-100.00000 -100.00000 
-100.00000 -100.00000 
 0.00009 -100.00000 
 0.37154 -0.42452 
-0.22979 -100.00000 
-100.00000 -100.00000 
-0.45557 -0.46916 
-100.00000 -100.00000 
-0.13430 -0.15494 
-100.00000 -100.00000 
-100.00000  0.00004 
-0.26929 -100.00000 
 0.00000  0.00000 
-100.00000 -0.00021 
 0.12450  0.11585 
-100.00000 -100.00000 
-0.00002 -100.00000 
-100.00000  0.13747 
-0.22409  0.24542 
 0.00000  0.00000 
-100.00000 -100.00000 
-0.93611  0.39827 
 0.01772  0.09215 
-100.00000 -100.00000 
-100.00000 -100.00000 
-0.01560 -0.16265 
-0.16927  0.77762 
 0.16199  0.35738 
 0.45051 -0.00003 
-100.00000 -100.00000 
-0.00027 -100.00000 
-0.74784  0.46463 
-0.63774 -0.49315 
-100.00000 -100.00000 
 0.25080  0.53965 
-0.51676  0.31484 
 0.11632 -0.28807 
 0.07043 -0.03458 
-0.01638  0.26676 
 0.06459  0.56465 
 0.26319 -100.00000 
 0.75686 -0.38735 
 0.00006 -100.00000 
-100.00000 -100.00000 
-100.00000 -100.00000 
-0.60182 -0.07964 
-100.00000 -100.00000 
 0.45611  0.09993 
-0.30666  0.15929 
-0.00006 -0.00020 
-0.00983 -0.15365 
-100.00000 -100.00000 
 0.00000  0.00000 
-100.00000 -100.00000 
-0.00007 -100.00000 
 0.13224  0.02482 
 0.04084 -0.47376 
-0.05871  1.21324 
 0.00000  0.00000 
-100.00000 -100.00000 
 0.00000  0.00000 
-0.40143 -100.00000 
 0.00006 -0.00003 
-100.00000 -100.00000 
-100.00000 -100.00000 
-0.34399  0.33883 
-0.62421  0.19043 
-0.16624 -0.74279 
 0.00000  0.00000 
-100.00000 -100.00000 
 0.41992 -1.00962 
-100.00000 -100.00000 
-0.18287  0.57486 
-100.00000 -0.36040 
-100.00000 -0.00010 
-0.61095 -0.09675 
-100.00000 -100.00000 
 0.00003 -0.22140 
-100.00000 -100.00000 
 0.27843 -0.14231 
-0.00020 -0.36120 
-0.53788 -0.13842 
-100.00000 -100.00000 
-100.00000 -100.00000 
-100.00000 -100.00000 
-0.53564  0.27926 
-100.00000 -100.00000 
-100.00000 -100.00000 
 0.40786  0.27914 
 0.00000  0.00000 
 0.00000  0.00000 
 0.13714 -100.00000 
 0.00000  0.00000 
 0.00000  0.00000 
-0.46532 -0.14575 
-100.00000 -100.00000 
-0.30798  0.37860 
-0.02656 -0.40393 
-100.00000 -100.00000 
-100.00000 -100.00000 
 0.17758 -0.02538 
-0.02297  0.34594 
-0.80021 -0.04883 
-0.12075 -0.33577 
 0.00000  0.00000 
 0.00000  0.00000 
-100.00000 -100.00000 
 0.26354  0.33224 
-0.59770 -0.17500 
-0.17930 -0.19403 
-0.16363 -100.00000 
-0.05020  0.87800 
 0.05601  0.31246 
-100.00000 -100.00000 
-0.06880 -0.00880 
-0.02290 -1.03582 
-0.16314 -0.34875 
 0.00000  0.00000 
-0.06565 -0.09888 
 0.00000  0.00000 
-0.37369 -0.13515 
 0.02808 -0.07186 
 0.23058 -100.00000 
 0.59770 -0.21061 
 0.00000  0.00000 
 0.00000  0.00000 
-0.20189  0.89825 
-100.00000 -100.00000 
 0.17768 -0.35977 
-0.20542 -0.35067 
-0.29869  0.07166 
-100.00000  0.00007 
-100.00000 -100.00000 
-100.00000 -100.00000 
-0.18780 -0.51036 
-0.26233 -0.38165 
-0.37912 -0.94526 
 0.90947  0.44095 
 0.10095  0.25152 
 0.00000  0.00000 
-100.00000  0.13757 
-0.02080 -0.15199 
-0.17816 -0.78567 
-0.19182 -100.00000 
 0.51599 -0.75315 
 0.51310 -0.14300 
 0.00000  0.00000 
-100.00000 -0.19032 
 0.30339 -0.06722 
-0.28397 -0.11902 
 0.77843  0.35226 
-100.00000 -100.00000 
-0.06941  0.00021 
-0.16228 -100.00000 
-0.12384  0.18758 
-100.00000 -100.00000 
-100.00000 -100.00000 
-100.00000 -100.00000 
-100.00000 -100.00000 
-100.00000 -100.00000 
-0.57934 -0.04972 
-100.00000 -100.00000 
-100.00000 -100.00000 
 0.37833 -1.39014 
 0.24296 -0.17690 
 0.00000  0.00000 
 0.00000  0.00000 
 0.00000  0.00000 
 0.42796 -100.00000 
-100.00000 -100.00000 
-100.00000 -100.00000 
-0.61404  0.10227 
 0.00000  0.00000 
-100.00000 -100.00000 
-100.00000 -0.33301 
 0.00000  0.00000 
-0.25049  0.02379 
-0.21669 -0.01037 
 0.06448  0.49931 
-0.36686 -0.37067 
 0.08435 -0.79761 
-100.00000 -100.00000 
 0.00000  0.00000 
-100.00000 -100.00000 
-0.06881 -0.70547 
 0.00000  0.00000 
 0.00000  0.00000 
 0.28814 -0.72872 
-0.07480  0.12668 
-0.15608 -0.10772 
-0.51495  1.48543 
 0.37843 -100.00000 
 0.13916 -0.16584 
 0.28413  0.56014 
-0.85213 -0.48068 
 0.79119  0.30602 
-0.04134  0.26279 
 0.10892 -0.25097 
 0.50846 -0.51225 
 0.10392 -0.06970 
 0.03629  0.02428 
-0.34191  0.64215 
-0.12164 -0.62453 
-0.08991 -0.38885 
-0.18250  0.37849 
-100.00000 -0.00640 
-0.19172  0.18873 
-100.00000 -100.00000 
-100.00000  0.37883 
-100.00000 -100.00000 
 0.23047  0.60456 
-100.00000 -100.00000 
-100.00000 -100.00000 
-100.00000 -100.00000 
-0.69240 -0.21782 
 0.25022  0.58692 
-100.00000 -100.00000 
-0.44761  0.12273 
-0.06301  0.62874 
-0.16891  0.26312 
-0.68868  0.37851 
 0.80840  0.13099 
-100.00000 -100.00000 
 0.07674 -0.20521 
-0.14571 -0.72624 
-100.00000  0.01083 
-0.28095  0.23352 
-0.73918 -0.67576 
 0.47057  0.25825 
-0.21770  0.01079 
-100.00000 -100.00000 
-100.00000 -100.00000 
 0.08407 -0.11587 
-0.02606 -0.33647 
 0.28466 -0.27580 
-100.00000 -100.00000 
 0.06487 -0.39648 
-0.51860  0.02617 
 0.15044 -0.09428 
-100.00000 -100.00000 
 0.00000  0.00000 
-0.33733  0.00002 
-0.57129  0.53132 
-0.06208  0.27382 
-0.30864 -0.75115 
 0.00000  0.00000 
-0.09871  0.09941 
 0.13742  0.13756 
-100.00000 -100.00000 
-0.33781  0.23515 
 0.00000  0.00000 
 0.28698  0.35815 
 0.06305 -0.06791 
 0.00000  0.00000 
 1.34360  0.61989 
-0.64702 -0.10762 
-0.44955 -0.36483 
 0.13764  0.00002 
 0.01659  0.00322 
-0.04411  0.12734 
 0.23698 -0.62536 
-0.15134 -0.34145 
-100.00000 -100.00000 
-0.11527 -100.00000 
-0.07663 -1.25213 
 0.10754 -0.12331 
-100.00000  0.13753 
-0.07201 -0.09165 
-100.00000 -100.00000 
 0.12294  0.17102 
 0.00000  0.00000 
 0.94401 -0.55958 
-1.01294 -100.00000 
 0.23651  0.01137 
-0.05933 -0.09880 
-100.00000 -100.00000 
-0.14987 -0.20981 
-100.00000 -100.00000 
 0.29368  0.41966 
-0.65661 -0.38073 
-0.06237  0.19613 
-0.49812 -0.23968 
-100.00000 -100.00000 
-100.00000 -100.00000 
 0.25163 -0.33696 
-0.15192  0.13767 
 0.08392  0.14727 
 0.26409  0.00011 
-100.00000 -100.00000 
-100.00000 -100.00000 
-0.49908  0.24197 
 0.00000  0.00000 
-0.28013 -0.45144 
-0.28941 -0.27432 
 0.08804  0.32089 
 0.00001 -0.00382 
-100.00000 -100.00000 
-100.00000 -100.00000 
 0.00007 -100.00000 
-100.00000 -100.00000 
-100.00000 -100.00000 
-100.00000 -0.00001 
 0.07008 -100.00000 
 0.03704 -0.21127 
 0.32424  0.31049 
 0.00000  0.00000 
-0.29519 -100.00000 
-0.00011 -100.00000 
-100.00000 -100.00000 
 0.18599 -100.00000 
 0.24475 -0.15206 
-0.53136 -0.14312 
 0.65088  0.46311 
 0.38710 -100.00000 
 0.58448 -0.00073 
 0.11115  0.13756 
-0.25783 -0.29540 
 0.26461  0.43588 
 0.00164  0.25400 
-100.00000 -0.21631 
-100.00000 -100.00000 
-100.00000 -100.00000 
-100.00000 -100.00000 
-100.00000 -100.00000 
-0.02582 -0.21755 
-100.00000 -100.00000 
-100.00000 -100.00000 
-0.25779 -100.00000 
-100.00000 -100.00000 
-100.00000 -100.00000 
-100.00000 -100.00000 
 0.13758 -0.12171 
-0.06810  0.21084 
 0.00000  0.13756 
-100.00000 -100.00000 
 0.13773 -100.00000 
 0.12896  0.06660 
 0.09785  0.11208 
 0.06525  0.16996 
-100.00000 -100.00000 
-100.00000 -100.00000 
 0.00000  0.00000 
 0.42199  0.08256 
 0.31870  0.13754 
 0.97064 -0.50716 
-0.01431 -0.08552 
-100.00000 -100.00000 
-100.00000 -0.04912 
-0.29846 -0.53239 
 0.00000  0.00000 
 0.00005  0.00002 
 0.13766  0.13755 
-0.08242 -0.31055 
 0.04796 -0.05077 
-0.21442 -0.00017 
-0.47795 -0.84244 
 0.18561  0.41532 
-100.00000 -0.53296 
-0.02510  0.84839 
 0.40497  0.66658 
-100.00000 -100.00000 
 0.00007 -100.00000 
-0.34210  1.07050 
 0.00000  0.00000 
-100.00000 -100.00000 
-100.00000 -0.53244 
-0.57800  0.37852 
-100.00000  0.13757 
-100.00000 -100.00000 
-0.08695 -0.71101 
-0.16279 -0.98434 
-100.00000 -100.00000 
 0.68687 -0.55551 
 0.02482 -100.00000 
 0.19611 -0.15513 
-0.45165  0.37835 
-0.45111  0.17050 
-0.00002 -100.00000 
-0.06300 -100.00000 
-0.08145 -0.30321 
-0.38477 -0.46169 
-0.35132  0.03269 
 0.34947 -0.33807 
-100.00000 -100.00000 
-100.00000 -100.00000 
-0.43113 -0.27690 
-100.00000 -100.00000 
-0.66458 -100.00000 
-0.32122  0.88427 
 0.41373  0.40020 
-0.43148 -1.41899 
-100.00000 -100.00000 
 0.55019 -100.00000 
 0.02564  0.21726 
-100.00000 -100.00000 
-100.00000 -100.00000 
-100.00000 -100.00000 
-0.85539 -0.12594 
-100.00000 -100.00000 
-100.00000 -100.00000 
-0.03227 -0.01272 
-100.00000 -100.00000 
 0.26323 -100.00000 
-100.00000 -100.00000 
-0.49273  0.38102 
-100.00000 -0.06560 
-100.00000 -100.00000 
 0.26310 -100.00000 
-0.03877  0.22814 
-100.00000 -100.00000 
-100.00000 -100.00000 
-100.00000 -100.00000 
-100.00000 -100.00000 
-0.12955  0.26307 
-100.00000 -100.00000 
 0.04857  0.13727 
-100.00000 -0.27028 
-0.34276  0.73026 
-0.07728 -100.00000 
 0.39364  0.14671 
-100.00000 -100.00000 
-100.00000 -100.00000 
-0.26528  0.26525 
 0.43291 -0.43653 
-100.00000 -100.00000 
-100.00000 -100.00000 
 0.46685 -0.07410 
-100.00000 -100.00000 
-100.00000 -100.00000 
-0.13800 -100.00000 
-100.00000 -0.43352 
-100.00000 -100.00000 
-100.00000 -0.00028 
 0.00000  0.00000 
-0.64653  0.28193 
 0.28528 -0.07261 
-0.42935  0.13720 
 0.09135  0.23295 
 0.18953  0.48332 
 0.13762  0.13777 
-100.00000 -100.00000 
-100.00000 -0.53394 
 0.06805 -0.26535 
-100.00000 -100.00000 
 0.04491 -0.38680 
-100.00000 -100.00000 
-100.00000  0.06121 
-0.17430  0.07781 
-0.09149  0.48535 
 0.33225  0.26705 
-100.00000 -0.24044 
-100.00000 -100.00000 
 0.38245 -0.15736 
-0.19334 -100.00000 
-0.44808  0.00568 
-0.64388 -0.18838 
-0.62212  0.36391 
-0.41674 -0.41304 
-100.00000 -100.00000 
 0.48259  0.13934 
 0.00000  0.00000 
-100.00000 -100.00000 
 0.01861 -0.27027 
-0.19504 -0.22155 
-0.22890 -0.65918 
-0.18617  0.00414 
-0.11885  0.00005 
-0.37620  0.64675 
-0.22875  0.38431 
 0.39983  0.27727 
 0.06155 -0.44817 
 0.13746 -100.00000 
 0.00000  0.00000 
-0.00008 -0.41238 
 0.24791 -0.89524 
 0.00000  0.00000 
 0.37458  0.24341 
 0.18374 -0.43817 
 0.25055  0.48965 
-0.34530 -0.02950 
 0.47045 -0.41337 
-0.54156 -0.82636 
-100.00000 -100.00000 
-0.25230 -0.34545 
 0.23055  0.03674 
-100.00000 -100.00000 
 0.05486 -0.32004 
-0.13865 -0.00242 
-0.19640 -0.40150 
 0.00000  0.00000 
 0.16778  0.63175 
-0.24317 -100.00000 
 0.13572 -0.29292 
-0.23455 -0.00021 
-0.00015 -0.26150 
-0.30757  0.33164 
-0.12300 -0.00009 
-0.12254 -0.29145 
-0.12255  0.15673 
 0.37856 -0.25420 
 0.00000  0.00000 
-0.07016  1.20276 
-100.00000 -100.00000 
-100.00000 -0.11876 
 0.00000  0.00000 
 0.00000  0.00000 
-0.34648 -0.31240 
-0.94118 -100.00000 
-0.09154  0.13757 
 0.10475 -0.16034 
-100.00000  0.00000 
 0.00000  0.00000 
-100.00000 -100.00000 
-100.00000 -100.00000 
 0.00010  0.00077 
 0.25637  0.00004 
 0.00000  0.00000 
 0.16517 -0.37271 
-100.00000 -100.00000 
-0.06797  0.48571 
-100.00000 -0.20106 
 0.00000  0.00000 
 0.30305 -0.07432 
 0.01818 -100.00000 
 0.00000  0.00000 
-0.55481  0.03931 
-0.33102 -100.00000 
-100.00000  0.48580 
-0.04773 -0.00002 
-100.00000 -100.00000 
 0.72905 -0.06280 
-100.00000  0.26307 
