-100.00000 -100.00000 
 0.08452  0.27313 
-0.03312 -100.00000 
-100.00000 -0.15306 
-0.05089 -1.08865 
-100.00000 -100.00000 
 0.48590 -100.00000 
-100.00000 -100.00000 
-100.00000 -100.00000 
-0.41381  0.00454 
 0.30566 -100.00000 
 0.20568 -0.28775 
-100.00000 -100.00000 
-100.00000 -100.00000 
-100.00000 -100.00000 
-100.00000 -100.00000 
-100.00000 -100.00000 
-100.00000 -100.00000 
-100.00000 -100.00000 
-100.00000 -100.00000 
 0.00000  0.00000 
-100.00000 -100.00000 
-0.31991  0.34112 
 0.84793 -0.46875 
-100.00000  0.00013 
-100.00000 -100.00000 
-100.00000 -100.00000 
-100.00000 -100.00000 
-100.00000 -100.00000 
-100.00000 -100.00000 
-100.00000 -100.00000 
-100.00000 -100.00000 
-100.00000 -100.00000 
-100.00000 -100.00000 
-100.00000 -100.00000 
-100.00000 -100.00000 
-100.00000 -100.00000 
-100.00000 -100.00000 
-100.00000 -100.00000 
-100.00000 -100.00000 
-100.00000 -100.00000 
-100.00000 -100.00000 
-100.00000 -100.00000 
-100.00000 -100.00000 
-100.00000 -100.00000 
-100.00000  0.26310 
-100.00000 -100.00000 
-100.00000 -100.00000 
 0.00002 -100.00000 
-100.00000 -100.00000 
-0.16167 -100.00000 
-100.00000 -100.00000 
-0.16137 -0.10602 
-100.00000 -100.00000 
-100.00000 -100.00000 
-100.00000 -100.00000 
-100.00000 -100.00000 
-100.00000 -100.00000 
 0.00000  0.00000 
-100.00000 -100.00000 
-100.00000 -100.00000 
-100.00000 -100.00000 
-100.00000 -100.00000 
-100.00000 -100.00000 
-100.00000 -100.00000 
-100.00000 -100.00000 
-100.00000 -100.00000 
 0.00001 -100.00000 
-100.00000 -100.00000 
-100.00000 -100.00000 
-100.00000 -100.00000 
 0.00000  0.00000 
-100.00000 -100.00000 
-100.00000 -100.00000 
-100.00000  0.00001 
-100.00000 -100.00000 
 0.13757  0.48550 
-100.00000 -100.00000 
-100.00000 -100.00000 
-100.00000 -100.00000 
-100.00000 -100.00000 
-100.00000 -100.00000 
-100.00000 -100.00000 
 0.00000  0.00000 
-100.00000 -100.00000 
-100.00000 -100.00000 
-100.00000 -100.00000 
-100.00000 -100.00000 
-100.00000 -100.00000 
-100.00000 -100.00000 
-100.00000 -100.00000 
-100.00000 -100.00000 
 0.13752 -0.01315 
 0.00001 -100.00000 
-0.43874 -0.64114 
-100.00000 -100.00000 
-100.00000 -100.00000 
-100.00000 -100.00000 
-100.00000 -100.00000 
-100.00000 -100.00000 
-100.00000 -100.00000 
-100.00000 -100.00000 
-100.00000 -100.00000 
-0.06162 -100.00000 
-100.00000 -100.00000 
-0.00016 -100.00000 
 0.00000  0.00000 
-0.38818 -0.59920 
-100.00000 -100.00000 
-100.00000 -100.00000 
-100.00000 -100.00000 
-100.00000 -100.00000 
-0.00052 -0.39307 
-100.00000 -100.00000 
-0.28644 -0.51915 
-100.00000 -100.00000 
-100.00000 -100.00000 
-100.00000 -100.00000 
-100.00000 -100.00000 
-100.00000 -100.00000 
-100.00000 -100.00000 
-100.00000 -100.00000 
 0.20468 -0.76961 
-100.00000 -100.00000 
-0.02489 -100.00000 
-100.00000 -100.00000 
-100.00000 -100.00000 
-100.00000 -100.00000 
-100.00000 -100.00000 
-100.00000 -100.00000 
-100.00000 -100.00000 
-100.00000 -100.00000 
-100.00000 -100.00000 
-100.00000 -0.19111 
-100.00000 -100.00000 
-100.00000 -100.00000 
-100.00000 -100.00000 
-0.17070 -100.00000 
-100.00000 -100.00000 
-0.44032 -0.09680 
-100.00000 -100.00000 
-100.00000 -100.00000 
-100.00000 -100.00000 
-100.00000 -100.00000 
-100.00000 -0.11564 
-100.00000 -100.00000 
-100.00000 -100.00000 
-100.00000 -100.00000 
-100.00000 -100.00000 
-100.00000 -100.00000 
-100.00000 -100.00000 
 0.00000  0.00000 
 0.14427 -100.00000 
 0.00033 -100.00000 
-100.00000 -100.00000 
-100.00000 -100.00000 
-100.00000 -100.00000 
-100.00000 -100.00000 
 0.27593  0.26273 
-0.02527  0.26305 
-0.20136 -0.34710 
-100.00000 -100.00000 
-100.00000 -100.00000 
-100.00000 -100.00000 
-100.00000 -100.00000 
-0.73648  0.22565 
-100.00000 -100.00000 
-100.00000 -100.00000 
-100.00000 -100.00000 
-100.00000 -100.00000 
-100.00000 -100.00000 
-100.00000 -100.00000 
-100.00000 -100.00000 
 0.41347  0.30198 
-100.00000 -0.00145 
-100.00000 -1.05231 
-100.00000 -100.00000 
-100.00000 -0.00015 
 0.00017 -100.00000 
-100.00000 -0.00000 
-0.29807 -0.03660 
-0.07773 -100.00000 
-100.00000 -100.00000 
-100.00000 -100.00000 
-100.00000 -100.00000 
-100.00000 -100.00000 
-0.00010  0.00001 
-100.00000 -100.00000 
-100.00000 -100.00000 
-100.00000 -100.00000 
-100.00000 -100.00000 
-100.00000 -100.00000 
 0.19735 -0.16747 
-0.20090  0.12343 
-100.00000 -100.00000 
-100.00000 -100.00000 
-0.00018 -0.00064 
-100.00000 -100.00000 
-0.20007 -100.00000 
-0.00005 -0.00024 
-0.07446  0.37855 
-100.00000 -100.00000 
-100.00000 -100.00000 
-100.00000 -100.00000 
-100.00000 -100.00000 
-100.00000  0.37830 
-100.00000 -100.00000 
-0.10339 -0.84577 
-100.00000  0.13748 
-100.00000 -100.00000 
-100.00000 -100.00000 
-100.00000 -100.00000 
-100.00000 -100.00000 
-0.45344  0.29770 
-100.00000 -100.00000 
-0.24447 -0.08682 
-100.00000 -100.00000 
-0.59458 -100.00000 
-100.00000  0.13748 
-100.00000 -100.00000 
-100.00000 -100.00000 
 0.25810 -0.29082 
 0.26189 -100.00000 
-100.00000 -100.00000 
-100.00000 -100.00000 
-100.00000 -100.00000 
-100.00000 -100.00000 
-100.00000 -100.00000 
 0.00010 -100.00000 
-0.84179 -100.00000 
 0.13367  0.02856 
-0.63402  0.01373 
-100.00000 -100.00000 
-100.00000 -0.11824 
-100.00000 -100.00000 
 0.08232 -0.00063 
-100.00000 -100.00000 
-100.00000 -100.00000 
-100.00000 -100.00000 
-100.00000 -100.00000 
-100.00000 -100.00000 
-100.00000 -100.00000 
-100.00000 -100.00000 
-100.00000 -100.00000 
-0.36063  0.10710 
 0.09391  1.19569 
 0.13760 -0.28206 
-100.00000 -100.00000 
 0.00018 -100.00000 
-100.00000 -100.00000 
-100.00000 -100.00000 
-100.00000 -100.00000 
-100.00000 -100.00000 
-100.00000 -100.00000 
-100.00000 -100.00000 
-100.00000 -100.00000 
-0.21882 -100.00000 
-0.04121 -100.00000 
-100.00000 -100.00000 
-100.00000 -100.00000 
-100.00000 -100.00000 
-100.00000  0.37861 
-100.00000 -100.00000 
-100.00000 -100.00000 
-100.00000 -100.00000 
-100.00000 -100.00000 
-100.00000 -100.00000 
 0.48559 -0.11492 
 0.03537  0.25267 
-100.00000 -100.00000 
-0.00023 -100.00000 
-0.00011  0.00031 
-100.00000 -100.00000 
-0.25558 -0.32813 
-100.00000 -100.00000 
-0.17861 -100.00000 
 0.26345  0.13684 
-100.00000 -100.00000 
 0.30606 -100.00000 
 0.30676 -0.25246 
-100.00000 -100.00000 
-100.00000 -100.00000 
-0.27368 -0.46688 
-100.00000 -100.00000 
-100.00000 -100.00000 
-100.00000  0.22777 
-100.00000 -100.00000 
-100.00000  0.00023 
 0.58466 -0.51165 
-100.00000 -100.00000 
 0.00000  0.00000 
-100.00000 -100.00000 
-100.00000 -100.00000 
-100.00000 -100.00000 
 0.00000  0.00000 
-100.00000 -100.00000 
-100.00000  0.00013 
-100.00000 -100.00000 
-0.15146 -0.13638 
-100.00000 -100.00000 
-100.00000 -100.00000 
-100.00000 -100.00000 
-100.00000 -100.00000 
-100.00000  0.21143 
-100.00000 -100.00000 
-0.04425 -0.92258 
-100.00000 -100.00000 
-100.00000 -0.25983 
-100.00000 -100.00000 
-100.00000 -100.00000 
-100.00000 -100.00000 
-100.00000 -100.00000 
-100.00000 -100.00000 
-100.00000 -100.00000 
-0.63660 -0.31555 
-100.00000 -100.00000 
-100.00000 -100.00000 
-0.00010 -100.00000 
 0.00000  0.00000 
-100.00000 -100.00000 
-100.00000 -100.00000 
-0.24849 -0.14191 
-100.00000 -100.00000 
-100.00000 -100.00000 
 0.26327 -100.00000 
-100.00000 -100.00000 
-100.00000 -100.00000 
-100.00000 -100.00000 
-100.00000 -100.00000 
-100.00000 -100.00000 
-0.15336  0.00017 
-100.00000 -100.00000 
-100.00000 -100.00000 
-100.00000 -100.00000 
-100.00000 -100.00000 
-100.00000 -100.00000 
 0.10755 -100.00000 
-100.00000 -100.00000 
 0.00002 -100.00000 
-100.00000 -100.00000 
-100.00000 -100.00000 
-0.03066  0.67417 
-100.00000 -100.00000 
-0.50102 -0.00422 
-100.00000 -100.00000 
-100.00000  0.13756 
-100.00000 -100.00000 
-100.00000 -100.00000 
-100.00000 -100.00000 
-100.00000 -100.00000 
 0.22690 -100.00000 
-100.00000  0.00004 
-100.00000 -100.00000 
-100.00000 -100.00000 
-100.00000 -100.00000 
-100.00000 -100.00000 
-0.41388  0.00363 
 0.13770 -100.00000 
-100.00000 -100.00000 
-100.00000 -100.00000 
-100.00000 -100.00000 
-100.00000 -100.00000 
-100.00000 -100.00000 
 0.22685  0.12720 
 0.32385  0.72913 
 1.05002  0.11867 
-0.31003  0.68623 
-100.00000 -100.00000 
-0.06254 -0.25941 
-0.01406 -0.35239 
-100.00000 -100.00000 
-100.00000 -100.00000 
-100.00000 -100.00000 
-100.00000 -100.00000 
-100.00000 -100.00000 
 0.10177  0.19549 
-0.39791  0.34851 
-0.33192  0.09633 
-100.00000 -100.00000 
-100.00000 -100.00000 
-100.00000 -100.00000 
-100.00000 -100.00000 
-100.00000  0.26302 
 0.00005 -100.00000 
-100.00000 -100.00000 
-100.00000 -100.00000 
-100.00000 -100.00000 
-100.00000 -100.00000 
-100.00000 -100.00000 
 0.30457 -0.43774 
-100.00000 -100.00000 
-100.00000 -100.00000 
 0.26316 -100.00000 
-100.00000 -100.00000 
-100.00000 -100.00000 
-100.00000 -100.00000 
-100.00000 -100.00000 
-100.00000 -100.00000 
-100.00000 -100.00000 
-100.00000 -100.00000 
-100.00000 -100.00000 
-100.00000 -100.00000 
-100.00000 -100.00000 
-0.00018  0.14470 
 0.04828 -0.26931 
 0.26329 -100.00000 
-100.00000 -100.00000 
-100.00000  0.67814 
-0.21444 -0.40843 
 0.67769 -100.00000 
-100.00000 -100.00000 
 0.58493  0.37878 
-100.00000 -100.00000 
-100.00000 -100.00000 
 0.73633 -100.00000 
-100.00000 -100.00000 
-100.00000 -100.00000 
-100.00000 -100.00000 
-100.00000 -100.00000 
-100.00000 -100.00000 
-100.00000 -100.00000 
-100.00000 -100.00000 
-100.00000 -100.00000 
-100.00000 -100.00000 
-100.00000 -100.00000 
-100.00000 -100.00000 
-100.00000 -100.00000 
-100.00000 -100.00000 
-100.00000 -100.00000 
-100.00000 -100.00000 
-0.08292 -0.00016 
-100.00000 -100.00000 
-100.00000 -100.00000 
-100.00000 -100.00000 
 0.02840 -0.08088 
-100.00000 -100.00000 
 0.40405  0.10407 
-100.00000 -100.00000 
-100.00000  0.26296 
-100.00000 -100.00000 
-100.00000 -100.00000 
-100.00000 -100.00000 
-100.00000 -100.00000 
-100.00000 -100.00000 
-100.00000 -100.00000 
-100.00000 -100.00000 
-100.00000 -100.00000 
-100.00000 -100.00000 
-100.00000 -100.00000 
-100.00000 -100.00000 
-100.00000 -100.00000 
-100.00000 -100.00000 
-100.00000 -100.00000 
-100.00000 -100.00000 
-100.00000 -100.00000 
-100.00000 -100.00000 
-100.00000 -100.00000 
-100.00000 -100.00000 
-100.00000 -100.00000 
-100.00000 -100.00000 
-100.00000 -100.00000 
 0.47256  1.14619 
-100.00000 -100.00000 
-100.00000 -100.00000 
-100.00000 -100.00000 
-100.00000 -0.00028 
 0.26292 -100.00000 
-0.40140 -100.00000 
-100.00000 -100.00000 
-100.00000 -100.00000 
-100.00000 -100.00000 
-100.00000 -100.00000 
-100.00000 -100.00000 
-0.07768 -0.01693 
-100.00000 -100.00000 
-0.28899 -100.00000 
-100.00000 -100.00000 
-100.00000 -100.00000 
-100.00000 -100.00000 
 0.00000  0.00000 
 0.26299  0.26314 
-100.00000 -100.00000 
-100.00000 -0.20042 
 0.15224  0.02846 
-100.00000 -100.00000 
 0.00002 -100.00000 
 0.00000  0.00000 
-100.00000 -100.00000 
-100.00000 -100.00000 
-100.00000 -100.00000 
 0.00000  0.00000 
-100.00000 -100.00000 
-100.00000 -100.00000 
 0.00004 -100.00000 
-100.00000 -100.00000 
-100.00000 -100.00000 
-0.61783 -100.00000 
-100.00000 -100.00000 
-100.00000  0.26233 
 0.06255 -0.17662 
-0.19408  0.00036 
 0.59084  0.07798 
-100.00000 -100.00000 
-100.00000 -100.00000 
-0.29932 -0.46268 
 0.04754  0.13767 
-100.00000 -100.00000 
-100.00000 -100.00000 
-0.06097  0.00009 
-100.00000  0.00002 
 0.37847  0.00005 
 0.14977 -100.00000 
 0.00014 -100.00000 
-100.00000 -100.00000 
-100.00000 -100.00000 
-100.00000 -100.00000 
-100.00000 -100.00000 
-100.00000 -100.00000 
-100.00000 -100.00000 
-100.00000 -100.00000 
-100.00000 -100.00000 
-100.00000 -100.00000 
-100.00000 -100.00000 
 0.37884 -100.00000 
-100.00000 -100.00000 
-100.00000 -100.00000 
-0.27666 -0.52277 
-100.00000 -100.00000 
-100.00000 -0.33121 
-100.00000 -100.00000 
-100.00000 -100.00000 
-100.00000 -100.00000 
 0.08049  0.21174 
-100.00000 -100.00000 
-100.00000 -100.00000 
 0.00001 -100.00000 
-100.00000 -100.00000 
-0.76569  0.24296 
-100.00000 -100.00000 
-100.00000 -100.00000 
-100.00000 -100.00000 
 0.03399 -0.03338 
-100.00000 -100.00000 
-100.00000 -100.00000 
-100.00000 -100.00000 
-100.00000 -100.00000 
-100.00000 -100.00000 
-100.00000  0.00007 
-0.81977 -100.00000 
 0.41029 -100.00000 
-0.22889 -100.00000 
 0.14944  0.20732 
-100.00000 -100.00000 
 0.00000  0.00000 
-100.00000 -100.00000 
-100.00000 -100.00000 
-100.00000 -100.00000 
-100.00000 -100.00000 
-100.00000 -100.00000 
-100.00000 -100.00000 
 0.00000  0.00000 
-100.00000 -100.00000 
-100.00000 -100.00000 
 0.00000  0.00000 
-100.00000 -100.00000 
