-100.00000 -100.00000 
 0.57292  0.02039 
-0.48058 -100.00000 
 0.14511 -0.01556 
-0.35710 -0.09183 
-0.62903  0.33464 
-100.00000 -100.00000 
 0.06563  0.03215 
-0.27951 -100.00000 
-100.00000 -100.00000 
-100.00000  0.13747 
-100.00000  0.33436 
-100.00000 -100.00000 
-100.00000 -100.00000 
-100.00000 -0.01276 
-100.00000 -100.00000 
 0.13764 -100.00000 
-100.00000 -100.00000 
 0.26311 -100.00000 
-100.00000 -100.00000 
-100.00000 -100.00000 
-100.00000 -100.00000 
-100.00000 -100.00000 
-100.00000 -100.00000 
-0.33644  0.29823 
-100.00000 -100.00000 
-100.00000 -100.00000 
-100.00000 -100.00000 
-0.16072  0.10860 
-0.01669 -0.01333 
-100.00000 -100.00000 
 0.48548  0.00001 
-100.00000 -100.00000 
-100.00000 -100.00000 
 0.26301 -0.14957 
 0.18327 -100.00000 
 0.24120  0.23709 
-100.00000 -100.00000 
-100.00000 -100.00000 
-100.00000 -100.00000 
-100.00000 -100.00000 
-0.11531 -100.00000 
-100.00000 -100.00000 
-100.00000 -0.15587 
-0.02049 -0.41384 
 0.37505  0.10939 
-100.00000 -100.00000 
-100.00000  0.00009 
 0.18188  0.03732 
-0.55865  0.36766 
-100.00000 -100.00000 
-100.00000 -100.00000 
-100.00000 -100.00000 
-100.00000  0.18358 
-100.00000 -100.00000 
-100.00000 -100.00000 
-100.00000 -100.00000 
 0.19066  0.26843 
-100.00000 -100.00000 
-100.00000 -100.00000 
-100.00000 -0.29216 
-100.00000 -100.00000 
-100.00000 -100.00000 
-0.14962 -100.00000 
 0.22606  0.13743 
 0.00000  0.00000 
 0.05689  0.32030 
-0.26473 -0.00021 
-100.00000 -100.00000 
-100.00000 -100.00000 
-0.34154 -0.30828 
-100.00000 -100.00000 
-100.00000 -100.00000 
-100.00000  0.00004 
-0.41129  0.48544 
-100.00000 -100.00000 
-100.00000 -100.00000 
 0.09593 -0.15043 
-0.00011 -100.00000 
-100.00000 -100.00000 
-100.00000 -100.00000 
 0.00000  0.00000 
-100.00000 -100.00000 
-100.00000 -100.00000 
-100.00000 -100.00000 
-0.04384 -0.06633 
 0.45710 -0.57577 
-0.12077  0.22616 
 0.00000  0.00000 
 0.05195  0.17544 
-100.00000 -100.00000 
-0.30858 -0.00719 
-100.00000 -100.00000 
-0.11874  0.14209 
-100.00000 -100.00000 
-100.00000 -100.00000 
-100.00000 -100.00000 
-100.00000 -100.00000 
 0.14924 -0.31307 
 0.00000  0.00000 
-0.56333 -100.00000 
-0.22444 -0.11974 
 0.84829 -100.00000 
-100.00000 -100.00000 
-100.00000 -100.00000 
-0.16542 -100.00000 
-100.00000 -100.00000 
-100.00000 -100.00000 
 0.00000  0.00000 
-100.00000 -100.00000 
-0.63905  0.01961 
 0.98788  0.28838 
-100.00000 -100.00000 
-100.00000 -100.00000 
-100.00000 -100.00000 
-0.29820 -0.39375 
-100.00000 -100.00000 
 0.10251  0.44405 
-100.00000 -100.00000 
-100.00000 -100.00000 
-100.00000 -100.00000 
-100.00000 -100.00000 
 0.00001 -100.00000 
 0.37215  0.44500 
-100.00000 -100.00000 
 0.27250 -0.50491 
-0.38770  0.25152 
-100.00000 -100.00000 
-100.00000 -100.00000 
-100.00000 -100.00000 
-100.00000 -100.00000 
-0.02442 -0.19013 
-100.00000 -100.00000 
-100.00000 -100.00000 
 0.00000  0.00000 
-0.73864  0.58463 
-100.00000 -100.00000 
 0.21619 -0.19140 
-0.60280 -0.07190 
-100.00000 -100.00000 
 0.00000  0.00000 
-100.00000 -100.00000 
 0.21529 -100.00000 
-0.17309 -0.40422 
-100.00000 -100.00000 
-0.32240  0.13765 
-100.00000 -100.00000 
-100.00000 -0.00044 
-100.00000 -100.00000 
-100.00000 -100.00000 
 0.40294  0.48486 
-100.00000 -100.00000 
-0.00617  0.49856 
 0.76057  0.99344 
-100.00000 -100.00000 
-0.16211 -100.00000 
-100.00000 -100.00000 
-0.32388 -0.06687 
-100.00000 -100.00000 
-0.00003 -100.00000 
-100.00000 -100.00000 
-100.00000 -100.00000 
-100.00000 -100.00000 
-100.00000 -100.00000 
 0.29901  0.36706 
-100.00000 -100.00000 
 0.16580  0.31632 
-100.00000  0.00006 
-100.00000 -100.00000 
-100.00000 -100.00000 
 0.00006 -100.00000 
-0.20179  0.60733 
-0.12808 -1.00932 
-100.00000 -100.00000 
 0.00000  0.00000 
-0.64817  0.31998 
 0.02080  0.43122 
-0.16216 -0.00015 
 0.00017 -100.00000 
 0.42549 -0.43188 
-100.00000 -100.00000 
-100.00000 -100.00000 
-100.00000 -100.00000 
-100.00000 -100.00000 
-100.00000 -100.00000 
-0.02451 -100.00000 
-100.00000 -100.00000 
-0.29467 -100.00000 
-100.00000 -100.00000 
 0.16853  0.53659 
-100.00000 -100.00000 
 0.40815  0.09389 
-100.00000 -100.00000 
-100.00000 -100.00000 
-100.00000 -100.00000 
-0.17872  0.13763 
-100.00000  0.01077 
 0.00000  0.00000 
 0.05402 -0.24003 
-100.00000 -100.00000 
 0.92603 -0.20298 
 0.00012 -100.00000 
-100.00000 -100.00000 
-100.00000 -0.25147 
 0.00503 -0.08713 
-100.00000 -100.00000 
 0.49931  0.45951 
-100.00000 -100.00000 
-0.54466 -0.38994 
-0.70799 -0.06715 
-0.07069  0.38250 
-0.96692 -0.04459 
-0.26039 -0.63676 
-100.00000 -100.00000 
-100.00000 -100.00000 
 0.54290  0.53350 
-100.00000 -100.00000 
-0.00034 -100.00000 
-0.29272 -0.01582 
-0.04688 -0.20489 
-100.00000 -100.00000 
-100.00000 -100.00000 
-100.00000 -100.00000 
-100.00000 -100.00000 
-100.00000 -100.00000 
-100.00000 -100.00000 
-100.00000  0.26355 
 0.00000  0.00000 
-100.00000 -100.00000 
-0.17884 -0.00024 
-0.33797 -0.00096 
 0.20288  0.23810 
-100.00000 -100.00000 
 0.00000  0.00000 
-0.20470  0.13738 
-100.00000 -100.00000 
-100.00000 -0.00053 
-100.00000 -100.00000 
 0.03375  0.58498 
-0.12469 -0.40388 
-100.00000 -100.00000 
-100.00000 -100.00000 
-100.00000 -100.00000 
-100.00000 -100.00000 
-100.00000 -100.00000 
-100.00000 -100.00000 
-100.00000 -100.00000 
 0.00010  0.00026 
-100.00000 -100.00000 
-0.21688 -0.23341 
 0.19919  0.37331 
 0.00000  0.00000 
-100.00000 -100.00000 
-100.00000 -100.00000 
 0.08419 -0.25662 
-100.00000 -100.00000 
-100.00000 -100.00000 
-100.00000 -100.00000 
-100.00000 -100.00000 
-100.00000 -0.25190 
-100.00000 -100.00000 
-100.00000 -100.00000 
-100.00000 -100.00000 
-0.10299 -0.42025 
-100.00000 -100.00000 
-100.00000 -100.00000 
 0.00000  0.00000 
-100.00000 -100.00000 
-100.00000 -100.00000 
-100.00000 -100.00000 
-100.00000 -100.00000 
-100.00000 -100.00000 
-0.14235 -0.10159 
-100.00000 -100.00000 
 0.13762 -100.00000 
-100.00000 -100.00000 
 0.34033 -0.21494 
-0.37143  0.03362 
-0.09509  0.13856 
-100.00000 -100.00000 
-100.00000 -100.00000 
-100.00000 -100.00000 
-0.21797 -0.11489 
 0.07685  0.90468 
 0.13791 -100.00000 
-100.00000  0.13714 
 0.30945  0.53097 
 0.05578 -0.38011 
 0.08951  0.13707 
 0.43583  0.32574 
-100.00000 -100.00000 
-100.00000 -100.00000 
-100.00000 -0.37395 
-100.00000  0.00119 
-100.00000 -100.00000 
 0.26314 -0.11036 
 0.31789 -0.31679 
 0.00000  0.00000 
 0.14464 -0.61443 
-100.00000 -100.00000 
-100.00000 -100.00000 
-100.00000 -100.00000 
-0.15169 -100.00000 
-100.00000 -100.00000 
-100.00000 -100.00000 
 0.30581  0.58271 
 0.00000  0.00000 
-100.00000 -100.00000 
-0.15128  0.12746 
-100.00000 -100.00000 
-100.00000 -100.00000 
-0.15072  0.17847 
 0.00000  0.00000 
-100.00000 -100.00000 
-100.00000 -100.00000 
-100.00000 -100.00000 
-100.00000 -100.00000 
-100.00000 -100.00000 
-100.00000 -100.00000 
 0.00000  0.00000 
-100.00000 -100.00000 
-100.00000 -100.00000 
-100.00000 -100.00000 
-100.00000 -100.00000 
-100.00000 -100.00000 
-0.70019 -1.17383 
-100.00000 -100.00000 
-100.00000  0.00002 
-100.00000 -100.00000 
-100.00000 -100.00000 
-100.00000 -100.00000 
 0.26311 -100.00000 
-100.00000 -100.00000 
-0.10653  0.36693 
-100.00000 -100.00000 
-100.00000 -100.00000 
-100.00000 -100.00000 
 0.00000  0.00000 
-0.04370 -0.19941 
-100.00000 -100.00000 
-100.00000 -100.00000 
-100.00000 -100.00000 
-0.00007 -100.00000 
-100.00000 -100.00000 
 0.53772 -0.36479 
-100.00000 -100.00000 
-100.00000 -100.00000 
-100.00000 -100.00000 
-100.00000 -100.00000 
-100.00000 -0.00000 
-100.00000 -100.00000 
-0.00006 -100.00000 
-100.00000 -100.00000 
-100.00000 -100.00000 
-100.00000 -100.00000 
-100.00000 -100.00000 
-100.00000 -100.00000 
-0.00609 -0.27321 
-100.00000 -100.00000 
-100.00000 -100.00000 
-100.00000 -100.00000 
-100.00000 -100.00000 
-100.00000 -100.00000 
-100.00000 -100.00000 
 0.13758 -100.00000 
-100.00000 -100.00000 
-100.00000 -100.00000 
-0.00012  0.13751 
 0.33405 -100.00000 
 0.11147 -0.10974 
-100.00000  0.00000 
-100.00000 -100.00000 
 0.17089  0.34983 
-100.00000 -100.00000 
-0.23742  0.19933 
-100.00000 -100.00000 
-100.00000 -100.00000 
-100.00000 -0.13672 
-0.00010 -100.00000 
-100.00000 -100.00000 
 0.13755  0.00019 
 0.13713 -0.53239 
-100.00000 -100.00000 
-100.00000 -100.00000 
-100.00000  0.00004 
-100.00000 -100.00000 
-0.07758  0.00018 
-100.00000 -100.00000 
-100.00000 -100.00000 
-100.00000 -100.00000 
-100.00000 -100.00000 
-100.00000 -100.00000 
-100.00000 -100.00000 
-100.00000 -100.00000 
-100.00000 -100.00000 
-100.00000 -100.00000 
-0.12987 -0.15373 
-100.00000 -100.00000 
-100.00000 -100.00000 
-100.00000 -100.00000 
-100.00000 -100.00000 
-100.00000 -100.00000 
-100.00000 -100.00000 
 0.08376  0.26284 
-0.18832  0.00021 
-100.00000 -100.00000 
 0.04854  0.13747 
-100.00000 -100.00000 
-100.00000 -100.00000 
-100.00000 -100.00000 
-100.00000 -100.00000 
-100.00000 -100.00000 
-100.00000 -100.00000 
-100.00000 -100.00000 
-100.00000 -100.00000 
-100.00000 -100.00000 
-100.00000 -100.00000 
-100.00000 -100.00000 
-100.00000 -100.00000 
-100.00000 -100.00000 
-100.00000 -100.00000 
-100.00000 -100.00000 
-100.00000 -100.00000 
-100.00000 -100.00000 
-100.00000 -100.00000 
-100.00000 -100.00000 
-100.00000 -100.00000 
-100.00000 -100.00000 
 0.00012 -100.00000 
-100.00000 -100.00000 
-100.00000 -100.00000 
-0.26385  0.10191 
-100.00000 -100.00000 
-100.00000 -100.00000 
-100.00000 -100.00000 
-100.00000  0.13761 
-100.00000 -100.00000 
-100.00000 -100.00000 
-100.00000 -100.00000 
-100.00000 -100.00000 
-100.00000 -100.00000 
-100.00000 -100.00000 
-100.00000 -100.00000 
 0.08743  0.52907 
 0.41817  0.66043 
-100.00000 -100.00000 
-100.00000 -100.00000 
-100.00000 -100.00000 
-100.00000 -100.00000 
 0.26298  0.48539 
-100.00000 -100.00000 
-100.00000 -100.00000 
-100.00000 -100.00000 
 0.16388  0.48570 
-100.00000 -100.00000 
-100.00000 -100.00000 
-100.00000 -100.00000 
-100.00000 -100.00000 
-100.00000 -100.00000 
-100.00000 -100.00000 
-0.58626  0.39336 
-100.00000 -100.00000 
-100.00000 -100.00000 
-100.00000 -100.00000 
-100.00000 -100.00000 
-100.00000 -100.00000 
-100.00000 -100.00000 
-100.00000  0.26284 
-0.07700 -100.00000 
-100.00000 -100.00000 
-100.00000 -100.00000 
-100.00000 -100.00000 
-100.00000 -100.00000 
-100.00000 -100.00000 
-100.00000 -100.00000 
-100.00000 -100.00000 
-100.00000 -100.00000 
-100.00000 -100.00000 
-100.00000 -100.00000 
-100.00000 -100.00000 
 0.01854 -100.00000 
-100.00000 -100.00000 
-100.00000 -100.00000 
-100.00000 -100.00000 
-0.06812 -0.06316 
 0.01854  0.00001 
-100.00000 -100.00000 
-0.00004 -100.00000 
-100.00000 -100.00000 
-0.68990  0.00039 
-100.00000 -100.00000 
-100.00000 -100.00000 
-100.00000 -100.00000 
-100.00000 -100.00000 
-100.00000 -100.00000 
-100.00000 -100.00000 
-100.00000 -100.00000 
-100.00000 -100.00000 
-0.11926 -100.00000 
-100.00000 -100.00000 
-100.00000  0.16646 
-100.00000 -100.00000 
 0.00000  0.00000 
-100.00000 -100.00000 
-100.00000 -100.00000 
 0.25660  0.79930 
-0.19355  0.00151 
 0.13751  0.00006 
-0.28185  0.38486 
-100.00000 -100.00000 
-100.00000 -100.00000 
-100.00000 -100.00000 
-100.00000 -100.00000 
-0.09126 -100.00000 
 0.16314 -100.00000 
-100.00000 -100.00000 
-100.00000 -100.00000 
 0.14944  0.08707 
-100.00000 -100.00000 
-0.22914 -0.37785 
-100.00000 -100.00000 
-100.00000 -100.00000 
 0.09034 -0.35517 
 0.07989 -100.00000 
-100.00000 -100.00000 
 0.13793 -100.00000 
 0.00050 -100.00000 
-100.00000 -0.34559 
-100.00000 -100.00000 
 0.56431 -0.11111 
-100.00000 -100.00000 
-100.00000 -100.00000 
-100.00000 -100.00000 
 0.04138  0.11610 
-100.00000  0.13795 
-100.00000 -100.00000 
-100.00000 -100.00000 
-100.00000 -100.00000 
-0.40793 -0.09399 
 0.18658  0.10504 
-0.22908 -0.37910 
 0.19398  0.76664 
-100.00000 -100.00000 
-100.00000 -100.00000 
 0.06879 -0.50493 
-0.07721  0.10121 
-100.00000 -100.00000 
-100.00000  0.00007 
-100.00000 -100.00000 
-100.00000 -100.00000 
-100.00000 -100.00000 
-100.00000 -100.00000 
-100.00000 -100.00000 
-100.00000 -100.00000 
 0.73930  0.47172 
-100.00000 -100.00000 
-100.00000 -100.00000 
 0.73025 -0.20614 
-100.00000 -100.00000 
-100.00000  0.38460 
-100.00000 -100.00000 
-100.00000 -100.00000 
-100.00000 -100.00000 
-100.00000 -100.00000 
-100.00000 -100.00000 
