-100.00000 -100.00000 
-100.00000 -100.00000 
-0.16032 -100.00000 
-0.53593 -100.00000 
-100.00000 -100.00000 
-100.00000 -100.00000 
 0.13671 -0.15077 
-100.00000 -100.00000 
-100.00000 -100.00000 
 0.29113 -100.00000 
-100.00000 -100.00000 
-100.00000 -100.00000 
-100.00000 -100.00000 
-0.36820 -0.02387 
-100.00000 -100.00000 
 0.00000  0.00000 
-100.00000 -100.00000 
 0.00000  0.00000 
-0.00028 -100.00000 
-100.00000 -100.00000 
-100.00000 -100.00000 
-100.00000 -100.00000 
 0.17606  0.52202 
-100.00000 -0.15075 
-0.00022 -100.00000 
-100.00000 -100.00000 
 0.28300  0.42902 
 0.45673  0.11154 
-100.00000 -100.00000 
-100.00000 -100.00000 
 0.00000  0.00000 
-100.00000 -100.00000 
-100.00000 -0.15104 
 0.00000  0.00000 
-100.00000 -100.00000 
-100.00000 -100.00000 
-100.00000 -100.00000 
-0.36797  0.33451 
-100.00000 -100.00000 
 0.33373  0.25168 
-100.00000 -100.00000 
-100.00000 -100.00000 
-100.00000 -100.00000 
-100.00000 -100.00000 
-100.00000 -100.00000 
-100.00000 -100.00000 
-0.00018  0.13729 
 0.00460  0.40915 
-100.00000 -100.00000 
-100.00000 -100.00000 
 0.17580  0.49010 
 0.00000  0.00000 
 0.06842  0.00025 
-100.00000 -100.00000 
-0.17596 -0.28718 
-100.00000 -100.00000 
-100.00000 -100.00000 
-100.00000 -100.00000 
-100.00000 -100.00000 
-0.00078 -100.00000 
-100.00000 -100.00000 
-0.32300  0.26254 
-100.00000 -100.00000 
-100.00000 -100.00000 
-0.03619 -0.09904 
-100.00000 -100.00000 
-100.00000 -100.00000 
 0.28752 -0.15145 
-100.00000 -100.00000 
-0.42089 -0.28807 
-0.15479 -0.03458 
-100.00000 -100.00000 
 0.20308 -0.03030 
-100.00000 -100.00000 
-100.00000 -100.00000 
-100.00000 -100.00000 
-100.00000 -100.00000 
-0.00013 -100.00000 
-100.00000 -100.00000 
-100.00000 -100.00000 
 0.64987 -0.06943 
-100.00000 -100.00000 
-0.85607 -0.35336 
-100.00000 -100.00000 
 0.00000  0.00000 
-0.39114 -100.00000 
 0.00003 -100.00000 
-100.00000 -100.00000 
-0.33460 -0.12036 
-0.92585 -0.14580 
-100.00000 -0.76574 
-0.15460 -100.00000 
-100.00000 -100.00000 
-100.00000 -100.00000 
-0.15441 -0.01328 
-100.00000 -100.00000 
-100.00000 -100.00000 
-0.57529 -0.24632 
-1.00906 -0.62186 
 0.67792 -0.99261 
-0.94768 -0.12359 
-0.00029 -100.00000 
 0.13359 -0.00657 
-0.42832 -0.19581 
-100.00000 -100.00000 
-100.00000 -100.00000 
-100.00000 -100.00000 
-0.15513 -0.00010 
-100.00000 -100.00000 
-100.00000 -100.00000 
 0.00000  0.00000 
-100.00000 -100.00000 
-100.00000 -100.00000 
 0.00000  0.00000 
 0.22497 -100.00000 
-0.05627  0.30002 
-0.02985  0.29503 
-100.00000 -100.00000 
-100.00000 -100.00000 
-0.02985  0.16865 
-100.00000 -100.00000 
-100.00000 -100.00000 
-100.00000 -100.00000 
-0.69836 -0.12546 
-100.00000 -100.00000 
 0.13757 -100.00000 
-0.15410 -100.00000 
-100.00000 -100.00000 
 1.08628  0.07185 
-100.00000 -100.00000 
-100.00000 -100.00000 
-0.15662  0.02040 
-100.00000 -100.00000 
-100.00000 -100.00000 
-0.56034 -0.61806 
-0.28255 -0.47946 
-0.65065 -0.50516 
 0.72670 -100.00000 
-100.00000 -100.00000 
-100.00000 -100.00000 
-0.53451 -100.00000 
-0.15675  0.07160 
-100.00000 -100.00000 
-100.00000 -100.00000 
-0.75295 -0.52341 
-0.05818  0.06300 
-100.00000 -100.00000 
-100.00000 -100.00000 
-100.00000 -100.00000 
-100.00000 -100.00000 
-100.00000 -100.00000 
-100.00000 -100.00000 
-100.00000 -100.00000 
-1.40418  0.44862 
-0.15322 -100.00000 
 0.43107 -0.72268 
-0.29308  0.07101 
-100.00000 -100.00000 
-1.69269  0.01672 
-100.00000 -100.00000 
-100.00000 -100.00000 
-100.00000 -100.00000 
-0.15767 -0.27147 
-100.00000 -100.00000 
-100.00000 -100.00000 
-100.00000 -100.00000 
-100.00000 -100.00000 
-100.00000 -100.00000 
-100.00000 -100.00000 
-0.15468 -100.00000 
-0.31661  0.23216 
 0.00000  0.00000 
-0.73213  0.05177 
 0.13738 -100.00000 
-0.75112 -100.00000 
-100.00000 -100.00000 
-100.00000 -100.00000 
-100.00000 -100.00000 
 0.08905  0.22627 
-0.41910 -0.00000 
-0.28218  0.00004 
-0.00023 -100.00000 
 0.21639  0.16374 
 0.17604 -0.28511 
-100.00000 -100.00000 
-0.35195 -100.00000 
-100.00000 -100.00000 
-0.05285 -0.41808 
 0.10940  0.00009 
-100.00000 -100.00000 
-100.00000 -100.00000 
-100.00000 -100.00000 
-100.00000 -100.00000 
 0.10610 -0.52944 
-100.00000 -100.00000 
-100.00000 -100.00000 
-0.74222 -100.00000 
-100.00000 -100.00000 
-100.00000 -100.00000 
-100.00000 -100.00000 
-100.00000  0.16280 
 0.00000  0.00000 
 0.22142 -0.29530 
-100.00000 -100.00000 
-100.00000 -100.00000 
-0.85001 -100.00000 
-100.00000 -100.00000 
-0.14320 -100.00000 
 0.16477 -100.00000 
-0.01782  0.70064 
-100.00000 -100.00000 
 0.27247 -1.10054 
-0.01798 -0.27411 
-100.00000 -0.00009 
-100.00000 -0.00002 
-0.00305 -100.00000 
-100.00000 -100.00000 
-100.00000 -100.00000 
-100.00000 -100.00000 
-0.10910 -100.00000 
-0.12978  0.60943 
-100.00000 -100.00000 
-0.78157 -0.20720 
-100.00000 -100.00000 
-100.00000 -100.00000 
-0.00076 -0.00003 
-0.00024 -100.00000 
-100.00000 -100.00000 
-0.84008 -0.20734 
-100.00000 -100.00000 
 0.17094 -0.33401 
-1.49623 -0.34024 
-100.00000 -100.00000 
-100.00000 -100.00000 
-0.27384 -100.00000 
-0.14346 -100.00000 
-100.00000 -0.00053 
 0.00000  0.00000 
-100.00000 -100.00000 
 0.13533 -100.00000 
-100.00000 -100.00000 
-100.00000 -100.00000 
-100.00000 -100.00000 
-0.16412  0.63884 
-0.13726 -100.00000 
-100.00000 -100.00000 
-100.00000 -100.00000 
-0.00023  0.13776 
-100.00000 -100.00000 
-100.00000 -100.00000 
 0.38306 -0.38912 
 0.13744 -100.00000 
 0.21358 -100.00000 
 0.00000  0.00000 
-0.50246 -100.00000 
-100.00000 -100.00000 
-0.00261 -100.00000 
-100.00000 -100.00000 
-0.81687 -0.57268 
-100.00000 -100.00000 
-0.00007 -100.00000 
 0.65572  1.01751 
-0.10595  0.41669 
-100.00000 -100.00000 
-100.00000 -100.00000 
-100.00000 -100.00000 
-100.00000 -100.00000 
-100.00000 -100.00000 
-100.00000 -0.00003 
-0.14328  0.00823 
-100.00000 -100.00000 
-100.00000 -100.00000 
-100.00000 -100.00000 
-0.87826 -0.06176 
-100.00000 -100.00000 
 0.00039  0.09065 
-0.82093 -100.00000 
-0.34481  0.45900 
-100.00000 -100.00000 
-0.02965  0.15851 
-100.00000 -100.00000 
-100.00000 -100.00000 
-100.00000 -100.00000 
-100.00000 -100.00000 
 0.29926  0.32846 
-100.00000 -100.00000 
-0.00008 -0.38320 
-100.00000 -100.00000 
 2.26441 -100.00000 
-1.26959  0.40990 
-100.00000 -100.00000 
 0.07508  0.27939 
-100.00000 -100.00000 
-0.14978 -100.00000 
-100.00000 -100.00000 
-100.00000 -100.00000 
-100.00000 -100.00000 
-100.00000 -100.00000 
-0.33865  0.00113 
-100.00000 -100.00000 
-0.15041  0.00393 
-100.00000 -100.00000 
-0.14812  0.61916 
-100.00000 -100.00000 
 1.94649 -0.09770 
-100.00000 -100.00000 
-100.00000 -100.00000 
-100.00000 -100.00000 
 0.00004 -100.00000 
-0.14972  0.28700 
-100.00000 -100.00000 
 0.49341 -0.14067 
-100.00000 -100.00000 
-0.14868  0.48529 
-100.00000 -100.00000 
-100.00000 -100.00000 
-100.00000 -100.00000 
-0.57748 -0.37718 
-100.00000 -100.00000 
-100.00000 -100.00000 
-100.00000 -100.00000 
-100.00000 -100.00000 
-0.06032 -0.12368 
-100.00000 -100.00000 
-100.00000 -100.00000 
-0.14356 -100.00000 
-100.00000 -100.00000 
-100.00000 -100.00000 
-100.00000 -100.00000 
-100.00000 -100.00000 
-100.00000 -100.00000 
-100.00000 -100.00000 
-100.00000 -100.00000 
-0.14807 -100.00000 
-100.00000 -100.00000 
-0.04270 -100.00000 
 0.13881  0.48616 
-100.00000 -100.00000 
-100.00000 -100.00000 
-100.00000 -100.00000 
-100.00000 -100.00000 
-100.00000  0.00010 
-100.00000 -100.00000 
 0.85425 -0.46741 
-100.00000 -100.00000 
-100.00000 -100.00000 
-100.00000 -100.00000 
-0.38876 -0.13753 
-100.00000 -100.00000 
 0.67433 -0.23845 
 0.18143  0.28217 
-100.00000 -100.00000 
-100.00000 -100.00000 
-0.13870  0.04049 
-100.00000 -100.00000 
-100.00000 -100.00000 
-100.00000 -100.00000 
-0.05606  0.00017 
-100.00000 -100.00000 
-100.00000 -100.00000 
-100.00000 -100.00000 
 0.00000  0.00000 
-100.00000 -100.00000 
-100.00000 -100.00000 
-0.41357 -100.00000 
-0.38220  0.17703 
-100.00000 -100.00000 
-100.00000 -100.00000 
-0.15198 -100.00000 
-0.00093 -100.00000 
 0.20468  0.42250 
-0.45353  0.40096 
-100.00000 -100.00000 
-100.00000 -100.00000 
-0.91496  0.32587 
-0.22906 -0.46297 
-100.00000  0.26307 
-100.00000 -100.00000 
-100.00000 -100.00000 
 0.00000  0.00000 
-100.00000 -100.00000 
-0.00030 -0.53239 
-100.00000 -100.00000 
-100.00000 -100.00000 
-100.00000 -100.00000 
-0.62407  0.09665 
-0.15221  0.26321 
-100.00000 -100.00000 
 0.08506 -0.22587 
-100.00000 -100.00000 
-100.00000 -100.00000 
-100.00000 -100.00000 
 0.28720  0.89790 
-100.00000 -100.00000 
-100.00000 -100.00000 
 0.04529  0.45969 
-100.00000 -100.00000 
-100.00000 -0.00010 
-100.00000 -100.00000 
-1.15593 -0.10082 
-100.00000 -100.00000 
-100.00000 -100.00000 
 0.21275 -0.21352 
-100.00000 -100.00000 
-100.00000 -100.00000 
-100.00000 -100.00000 
-100.00000 -100.00000 
-0.05478 -0.24260 
-100.00000 -100.00000 
-0.93375  0.49918 
-100.00000 -100.00000 
-0.82027  0.39377 
-100.00000 -100.00000 
-0.35533  0.03490 
 0.23653  0.58487 
-100.00000 -100.00000 
-0.02766 -0.78366 
-100.00000 -100.00000 
-100.00000 -100.00000 
-100.00000 -100.00000 
 1.23819 -1.77444 
 0.28699  0.58514 
-100.00000 -100.00000 
-0.00577 -0.76060 
-100.00000 -100.00000 
-100.00000 -100.00000 
-100.00000  0.13795 
 0.00000  0.00000 
 0.00000  0.00000 
-100.00000 -100.00000 
-100.00000 -100.00000 
-100.00000 -100.00000 
 0.00000  0.00000 
-100.00000 -100.00000 
-100.00000 -100.00000 
-100.00000 -100.00000 
-100.00000  0.13744 
-0.22287 -0.04743 
-100.00000 -100.00000 
-0.47320  0.58487 
-100.00000 -100.00000 
-100.00000 -100.00000 
 0.11091  0.26306 
-100.00000 -100.00000 
-100.00000 -100.00000 
-0.00001  0.05043 
-0.60245 -0.15315 
-0.37634 -0.96544 
-100.00000 -100.00000 
-100.00000 -100.00000 
-100.00000 -100.00000 
 0.00000  0.00000 
-100.00000 -100.00000 
-100.00000 -100.00000 
 0.00000  0.00000 
 0.46348  1.00024 
-0.15424  0.00405 
-100.00000 -100.00000 
-100.00000 -100.00000 
-0.43045 -0.03364 
-100.00000 -100.00000 
-100.00000 -100.00000 
-0.41817  0.62147 
-100.00000 -100.00000 
-100.00000 -100.00000 
-100.00000 -100.00000 
 0.00055 -100.00000 
-100.00000 -100.00000 
-100.00000 -100.00000 
 0.13732 -100.00000 
-0.22988  0.84593 
 0.28488 -0.26181 
-0.15240  0.26330 
-100.00000 -100.00000 
-0.80691 -0.74326 
-0.00024 -100.00000 
-100.00000 -100.00000 
 0.50178  0.22102 
-100.00000 -100.00000 
 0.00000 -100.00000 
-100.00000 -100.00000 
-1.15295 -0.54172 
-100.00000 -100.00000 
-0.00028 -0.20130 
-100.00000 -100.00000 
-100.00000 -100.00000 
-100.00000 -100.00000 
 0.00000  0.00000 
-0.31960 -0.22914 
-0.59474  0.26342 
-100.00000 -100.00000 
-100.00000 -100.00000 
-0.71719 -0.55161 
-0.00058 -100.00000 
-100.00000 -100.00000 
-100.00000 -100.00000 
-0.61855 -0.72888 
-0.31159 -0.00003 
-1.50876 -0.66733 
 0.21381  0.00005 
 0.00000  0.00000 
-100.00000 -100.00000 
-100.00000 -100.00000 
-0.44583 -100.00000 
 0.37853 -100.00000 
-100.00000 -100.00000 
-0.21221 -0.04848 
 0.21439 -0.15577 
-100.00000 -100.00000 
-100.00000 -100.00000 
-100.00000 -100.00000 
-0.61961 -0.03745 
-100.00000 -100.00000 
 0.92535 -0.42691 
-0.63196 -100.00000 
-100.00000 -100.00000 
 0.00000  0.00000 
-100.00000 -100.00000 
-100.00000 -100.00000 
-0.00003 -0.00010 
-100.00000 -100.00000 
 0.32201  1.46100 
-0.17242 -0.04461 
-0.31617  0.00015 
-100.00000  0.11233 
-100.00000  0.00018 
-0.30814 -0.27045 
-100.00000 -100.00000 
-100.00000 -100.00000 
-100.00000 -100.00000 
-100.00000 -100.00000 
-100.00000 -0.00000 
 0.07003  0.48551 
-100.00000 -100.00000 
-100.00000 -100.00000 
-100.00000  0.00037 
-100.00000  0.00004 
-100.00000 -100.00000 
-100.00000 -100.00000 
-100.00000 -100.00000 
-100.00000 -100.00000 
-100.00000 -100.00000 
-100.00000 -100.00000 
-0.02618  0.37851 
-100.00000 -100.00000 
-100.00000 -100.00000 
-100.00000 -100.00000 
-100.00000 -100.00000 
-100.00000 -100.00000 
-100.00000 -100.00000 
-100.00000 -100.00000 
-0.00013 -100.00000 
-100.00000 -100.00000 
-100.00000 -100.00000 
 0.35236 -100.00000 
-0.69684 -0.63560 
-100.00000 -100.00000 
-100.00000 -100.00000 
-100.00000 -100.00000 
-100.00000 -100.00000 
-100.00000 -100.00000 
 0.69853 -100.00000 
-100.00000 -100.00000 
-100.00000 -100.00000 
-100.00000 -100.00000 
