-100.00000 -100.00000 
 1.38965  0.27313 
 0.90102 -100.00000 
-0.15398 -0.15306 
-100.00000 -1.08865 
-0.29318 -100.00000 
 0.73228 -100.00000 
-100.00000 -100.00000 
-100.00000 -100.00000 
-0.14173  0.00454 
 0.37579 -100.00000 
 0.03958 -0.28775 
-100.00000 -100.00000 
-0.42113 -100.00000 
-100.00000 -100.00000 
-100.00000 -100.00000 
-100.00000 -100.00000 
-100.00000 -100.00000 
-100.00000 -100.00000 
-100.00000 -100.00000 
 0.00000  0.00000 
-100.00000 -100.00000 
 0.06452  0.34112 
 0.03181 -0.46875 
-100.00000  0.00013 
-100.00000 -100.00000 
-100.00000 -100.00000 
-100.00000 -100.00000 
-100.00000 -100.00000 
-100.00000 -100.00000 
-100.00000 -100.00000 
-100.00000 -100.00000 
-100.00000 -100.00000 
-100.00000 -100.00000 
-100.00000 -100.00000 
-100.00000 -100.00000 
-100.00000 -100.00000 
-100.00000 -100.00000 
-100.00000 -100.00000 
-100.00000 -100.00000 
-100.00000 -100.00000 
-100.00000 -100.00000 
-100.00000 -100.00000 
-100.00000 -100.00000 
-100.00000 -100.00000 
-0.00004  0.26310 
-100.00000 -100.00000 
-100.00000 -100.00000 
-100.00000 -100.00000 
-100.00000 -100.00000 
-0.40916 -100.00000 
-100.00000 -100.00000 
 0.26226 -0.10602 
-0.00012 -100.00000 
-100.00000 -100.00000 
-100.00000 -100.00000 
-0.00023 -100.00000 
-100.00000 -100.00000 
 0.00000  0.00000 
-100.00000 -100.00000 
-100.00000 -100.00000 
-100.00000 -100.00000 
-100.00000 -100.00000 
-100.00000 -100.00000 
-100.00000 -100.00000 
-100.00000 -100.00000 
-100.00000 -100.00000 
-0.42121 -100.00000 
-100.00000 -100.00000 
-100.00000 -100.00000 
-100.00000 -100.00000 
 0.00000  0.00000 
-100.00000 -100.00000 
-100.00000 -100.00000 
-100.00000  0.00001 
-100.00000 -100.00000 
-0.40026  0.48550 
-100.00000 -100.00000 
-100.00000 -100.00000 
-100.00000 -100.00000 
-100.00000 -100.00000 
-100.00000 -100.00000 
-100.00000 -100.00000 
 0.00000  0.00000 
-100.00000 -100.00000 
-100.00000 -100.00000 
-100.00000 -100.00000 
-100.00000 -100.00000 
-100.00000 -100.00000 
-100.00000 -100.00000 
-0.00039 -100.00000 
-100.00000 -100.00000 
-0.15791 -0.01315 
-100.00000 -100.00000 
 0.18876 -0.64114 
-100.00000 -100.00000 
-100.00000 -100.00000 
-100.00000 -100.00000 
-100.00000 -100.00000 
-100.00000 -100.00000 
-100.00000 -100.00000 
-100.00000 -100.00000 
-100.00000 -100.00000 
-100.00000 -100.00000 
-100.00000 -100.00000 
-100.00000 -100.00000 
 0.00000  0.00000 
-0.61574 -0.59920 
-100.00000 -100.00000 
-100.00000 -100.00000 
 0.00031 -100.00000 
-100.00000 -100.00000 
-0.16284 -0.39307 
-100.00000 -100.00000 
 0.58018 -0.51915 
-100.00000 -100.00000 
-100.00000 -100.00000 
-100.00000 -100.00000 
-100.00000 -100.00000 
-100.00000 -100.00000 
-100.00000 -100.00000 
-100.00000 -100.00000 
-0.15550 -0.76961 
-100.00000 -100.00000 
-0.00008 -100.00000 
-100.00000 -100.00000 
-100.00000 -100.00000 
-100.00000 -100.00000 
-100.00000 -100.00000 
-100.00000 -100.00000 
-0.00008 -100.00000 
-100.00000 -100.00000 
-100.00000 -100.00000 
 0.00001 -0.19111 
-100.00000 -100.00000 
 0.00197 -100.00000 
-100.00000 -100.00000 
-0.00081 -100.00000 
-1.08525 -100.00000 
-0.28139 -0.09680 
-100.00000 -100.00000 
-100.00000 -100.00000 
-100.00000 -100.00000 
-100.00000 -100.00000 
 0.33704 -0.11564 
-100.00000 -100.00000 
-100.00000 -100.00000 
-100.00000 -100.00000 
-100.00000 -100.00000 
-100.00000 -100.00000 
-100.00000 -100.00000 
 0.00000  0.00000 
-0.53257 -100.00000 
-0.00378 -100.00000 
-100.00000 -100.00000 
-100.00000 -100.00000 
-100.00000 -100.00000 
-0.29635 -100.00000 
 0.33229  0.26273 
-100.00000  0.26305 
 0.56019 -0.34710 
-100.00000 -100.00000 
-100.00000 -100.00000 
-100.00000 -100.00000 
-100.00000 -100.00000 
-0.26530  0.22565 
-100.00000 -100.00000 
-100.00000 -100.00000 
 0.14036 -100.00000 
-100.00000 -100.00000 
-100.00000 -100.00000 
-100.00000 -100.00000 
-100.00000 -100.00000 
-0.24340  0.30198 
-100.00000 -0.00145 
-100.00000 -1.05231 
 0.14430 -100.00000 
 0.00068 -0.00015 
-0.00002 -100.00000 
-100.00000 -0.00000 
-0.70917 -0.03660 
 0.76530 -100.00000 
-100.00000 -100.00000 
-100.00000 -100.00000 
-100.00000 -100.00000 
-100.00000 -100.00000 
 0.04935  0.00001 
-100.00000 -100.00000 
-100.00000 -100.00000 
-100.00000 -100.00000 
-100.00000 -100.00000 
-100.00000 -100.00000 
 0.65143 -0.16747 
-100.00000  0.12343 
-100.00000 -100.00000 
-100.00000 -100.00000 
-0.27554 -0.00064 
-100.00000 -100.00000 
-100.00000 -100.00000 
-100.00000 -0.00024 
 0.11851  0.37855 
-100.00000 -100.00000 
-100.00000 -100.00000 
-100.00000 -100.00000 
-100.00000 -100.00000 
 0.21033  0.37830 
-100.00000 -100.00000 
-0.01811 -0.84577 
 0.37791  0.13748 
-100.00000 -100.00000 
-100.00000 -100.00000 
-100.00000 -100.00000 
-100.00000 -100.00000 
-0.74203  0.29770 
-100.00000 -100.00000 
-0.24559 -0.08682 
-100.00000 -100.00000 
-0.65490 -100.00000 
-0.27473  0.13748 
-0.14469 -100.00000 
-100.00000 -100.00000 
 0.01853 -0.29082 
 0.78162 -100.00000 
-0.14434 -100.00000 
-100.00000 -100.00000 
-0.00076 -100.00000 
-100.00000 -100.00000 
-100.00000 -100.00000 
-100.00000 -100.00000 
-0.14387 -100.00000 
 0.76859  0.02856 
-0.58838  0.01373 
-100.00000 -100.00000 
-100.00000 -0.11824 
-1.04759 -100.00000 
 0.80953 -0.00063 
-1.09306 -100.00000 
-100.00000 -100.00000 
-100.00000 -100.00000 
-100.00000 -100.00000 
-100.00000 -100.00000 
-100.00000 -100.00000 
-100.00000 -100.00000 
-100.00000 -100.00000 
 0.20703  0.10710 
-0.52865  1.19569 
 0.00012 -0.28206 
 0.26280 -100.00000 
-100.00000 -100.00000 
-100.00000 -100.00000 
-0.14286 -100.00000 
-100.00000 -100.00000 
-0.00011 -100.00000 
-0.00067 -100.00000 
-0.39226 -100.00000 
-100.00000 -100.00000 
-0.47285 -100.00000 
-100.00000 -100.00000 
-100.00000 -100.00000 
-100.00000 -100.00000 
-100.00000 -100.00000 
-100.00000  0.37861 
-100.00000 -100.00000 
-100.00000 -100.00000 
-100.00000 -100.00000 
-100.00000 -100.00000 
 0.00001 -100.00000 
-0.24177 -0.11492 
-0.39185  0.25267 
-100.00000 -100.00000 
-0.00017 -100.00000 
-100.00000  0.00031 
-0.00004 -100.00000 
-0.27512 -0.32813 
-100.00000 -100.00000 
 0.00039 -100.00000 
-0.00598  0.13684 
 0.00031 -100.00000 
-100.00000 -100.00000 
-0.01541 -0.25246 
-100.00000 -100.00000 
-100.00000 -100.00000 
-0.13198 -0.46688 
-100.00000 -100.00000 
-100.00000 -100.00000 
-100.00000  0.22777 
-100.00000 -100.00000 
-0.00050  0.00023 
-100.00000 -0.51165 
-100.00000 -100.00000 
 0.00000  0.00000 
-100.00000 -100.00000 
-0.00028 -100.00000 
-100.00000 -100.00000 
 0.00000  0.00000 
-100.00000 -100.00000 
-100.00000  0.00013 
-100.00000 -100.00000 
 0.97432 -0.13638 
-100.00000 -100.00000 
-100.00000 -100.00000 
-100.00000 -100.00000 
-100.00000 -100.00000 
 0.13754  0.21143 
-100.00000 -100.00000 
-100.00000 -0.92258 
-100.00000 -100.00000 
-100.00000 -0.25983 
-100.00000 -100.00000 
-100.00000 -100.00000 
-100.00000 -100.00000 
-0.00021 -100.00000 
-100.00000 -100.00000 
-100.00000 -100.00000 
-0.15194 -0.31555 
-100.00000 -100.00000 
-100.00000 -100.00000 
-0.00013 -100.00000 
 0.00000  0.00000 
-100.00000 -100.00000 
-100.00000 -100.00000 
-0.41155 -0.14191 
-100.00000 -100.00000 
-100.00000 -100.00000 
-0.15021 -100.00000 
-0.00005 -100.00000 
-100.00000 -100.00000 
-100.00000 -100.00000 
-100.00000 -100.00000 
-100.00000 -100.00000 
 0.00008  0.00017 
-100.00000 -100.00000 
-100.00000 -100.00000 
-100.00000 -100.00000 
-100.00000 -100.00000 
-100.00000 -100.00000 
-0.28086 -100.00000 
-100.00000 -100.00000 
 0.37795 -100.00000 
-100.00000 -100.00000 
-100.00000 -100.00000 
-0.49867  0.67417 
-100.00000 -100.00000 
-100.00000 -0.00422 
-100.00000 -100.00000 
-0.14989  0.13756 
-100.00000 -100.00000 
-100.00000 -100.00000 
-100.00000 -100.00000 
-100.00000 -100.00000 
-0.46559 -100.00000 
-100.00000  0.00004 
-100.00000 -100.00000 
-100.00000 -100.00000 
-100.00000 -100.00000 
-100.00000 -100.00000 
-0.03498  0.00363 
-0.52841 -100.00000 
-100.00000 -100.00000 
-100.00000 -100.00000 
-100.00000 -100.00000 
-100.00000 -100.00000 
-100.00000 -100.00000 
-0.01379  0.12720 
 1.12248  0.72913 
 0.03167  0.11867 
-0.56248  0.68623 
 0.48563 -100.00000 
-1.21949 -0.25941 
-0.00093 -0.35239 
-100.00000 -100.00000 
-100.00000 -100.00000 
-100.00000 -100.00000 
-100.00000 -100.00000 
-0.00020 -100.00000 
 0.34888  0.19549 
-0.14949  0.34851 
 0.19770  0.09633 
-100.00000 -100.00000 
-100.00000 -100.00000 
-0.00022 -100.00000 
-100.00000 -100.00000 
-100.00000  0.26302 
-100.00000 -100.00000 
-100.00000 -100.00000 
-0.53404 -100.00000 
-100.00000 -100.00000 
-100.00000 -100.00000 
-100.00000 -100.00000 
-0.15641 -0.43774 
-100.00000 -100.00000 
-100.00000 -100.00000 
-100.00000 -100.00000 
-100.00000 -100.00000 
-100.00000 -100.00000 
-100.00000 -100.00000 
 0.11032 -100.00000 
-100.00000 -100.00000 
-100.00000 -100.00000 
-100.00000 -100.00000 
-100.00000 -100.00000 
-0.00020 -100.00000 
 0.43130 -100.00000 
-0.02850  0.14470 
-0.41675 -0.26931 
 0.13768 -100.00000 
 0.37878 -100.00000 
 0.00012  0.67814 
 0.00002 -0.40843 
-100.00000 -100.00000 
-100.00000 -100.00000 
 0.22399  0.37878 
 0.00001 -100.00000 
-100.00000 -100.00000 
-100.00000 -100.00000 
 0.53884 -100.00000 
-100.00000 -100.00000 
-100.00000 -100.00000 
-100.00000 -100.00000 
-100.00000 -100.00000 
-100.00000 -100.00000 
-100.00000 -100.00000 
-100.00000 -100.00000 
-100.00000 -100.00000 
-100.00000 -100.00000 
-100.00000 -100.00000 
-100.00000 -100.00000 
-100.00000 -100.00000 
-100.00000 -100.00000 
-100.00000 -100.00000 
 0.37866 -0.00016 
-100.00000 -100.00000 
-100.00000 -100.00000 
-100.00000 -100.00000 
-100.00000 -0.08088 
-100.00000 -100.00000 
 0.26321  0.10407 
-100.00000 -100.00000 
-100.00000  0.26296 
-100.00000 -100.00000 
-100.00000 -100.00000 
-100.00000 -100.00000 
-100.00000 -100.00000 
-100.00000 -100.00000 
-100.00000 -100.00000 
-100.00000 -100.00000 
-100.00000 -100.00000 
-100.00000 -100.00000 
-100.00000 -100.00000 
-100.00000 -100.00000 
-100.00000 -100.00000 
-100.00000 -100.00000 
 0.13761 -100.00000 
-100.00000 -100.00000 
-100.00000 -100.00000 
-100.00000 -100.00000 
-100.00000 -100.00000 
-100.00000 -100.00000 
-100.00000 -100.00000 
-100.00000 -100.00000 
-100.00000 -100.00000 
 0.11651  1.14619 
-100.00000 -100.00000 
-100.00000 -100.00000 
 0.01471 -100.00000 
-0.00017 -0.00028 
 0.13805 -100.00000 
-0.29111 -100.00000 
-100.00000 -100.00000 
-0.15276 -100.00000 
-100.00000 -100.00000 
-100.00000 -100.00000 
-100.00000 -100.00000 
-100.00000 -0.01693 
-100.00000 -100.00000 
-0.00024 -100.00000 
-100.00000 -100.00000 
-100.00000 -100.00000 
-0.16403 -100.00000 
 0.00000  0.00000 
 0.76501  0.26314 
-100.00000 -100.00000 
 0.37634 -0.20042 
 0.22482  0.02846 
-100.00000 -100.00000 
-100.00000 -100.00000 
 0.00000  0.00000 
-100.00000 -100.00000 
-100.00000 -100.00000 
-100.00000 -100.00000 
 0.00000  0.00000 
-100.00000 -100.00000 
-0.00072 -100.00000 
-100.00000 -100.00000 
-100.00000 -100.00000 
-100.00000 -100.00000 
-100.00000 -100.00000 
-100.00000 -100.00000 
-0.00257  0.26233 
-0.10491 -0.17662 
-0.83492  0.00036 
-0.52458  0.07798 
-100.00000 -100.00000 
-100.00000 -100.00000 
-0.30439 -0.46268 
-0.95393  0.13767 
-0.00076 -100.00000 
-100.00000 -100.00000 
-0.00008  0.00009 
-100.00000  0.00002 
-0.17405  0.00005 
-0.74380 -100.00000 
-100.00000 -100.00000 
-0.00065 -100.00000 
-100.00000 -100.00000 
-100.00000 -100.00000 
-100.00000 -100.00000 
-100.00000 -100.00000 
-100.00000 -100.00000 
-100.00000 -100.00000 
-100.00000 -100.00000 
-100.00000 -100.00000 
-100.00000 -100.00000 
-100.00000 -100.00000 
-100.00000 -100.00000 
-100.00000 -100.00000 
-0.08895 -0.52277 
-100.00000 -100.00000 
-100.00000 -0.33121 
-100.00000 -100.00000 
-100.00000 -100.00000 
-100.00000 -100.00000 
-0.10981  0.21174 
-100.00000 -100.00000 
-0.74587 -100.00000 
-0.30409 -100.00000 
-0.16347 -100.00000 
-0.29749  0.24296 
-100.00000 -100.00000 
-100.00000 -100.00000 
-100.00000 -100.00000 
-0.16393 -0.03338 
-100.00000 -100.00000 
-100.00000 -100.00000 
-100.00000 -100.00000 
-100.00000 -100.00000 
-100.00000 -100.00000 
-100.00000  0.00007 
-100.00000 -100.00000 
 0.31900 -100.00000 
-100.00000 -100.00000 
-0.17374  0.20732 
-100.00000 -100.00000 
 0.00000  0.00000 
-100.00000 -100.00000 
-100.00000 -100.00000 
-100.00000 -100.00000 
-100.00000 -100.00000 
-100.00000 -100.00000 
-100.00000 -100.00000 
 0.00000  0.00000 
-100.00000 -100.00000 
-100.00000 -100.00000 
 0.00000  0.00000 
-100.00000 -100.00000 
