-100.00000 -100.00000 
-0.36304  0.09446 
-0.22985  0.74508 
 0.35248  0.03705 
-100.00000 -100.00000 
-100.00000 -100.00000 
-100.00000 -100.00000 
-100.00000 -100.00000 
-100.00000 -100.00000 
-100.00000 -100.00000 
 0.11675  0.04506 
-100.00000 -0.15107 
-0.27973 -100.00000 
-100.00000 -100.00000 
-100.00000 -100.00000 
 0.33468 -0.02360 
 0.11646  0.19774 
 0.08386 -0.15099 
-0.02431 -100.00000 
-100.00000 -100.00000 
-100.00000 -100.00000 
-100.00000 -100.00000 
-100.00000 -100.00000 
-100.00000 -100.00000 
-100.00000 -100.00000 
 0.05965 -0.52842 
-100.00000 -100.00000 
-100.00000 -100.00000 
-100.00000 -100.00000 
-100.00000 -100.00000 
 0.48354  0.25931 
-100.00000  0.00001 
-100.00000 -100.00000 
-0.26439  0.05736 
-100.00000 -100.00000 
-100.00000 -100.00000 
-100.00000 -100.00000 
 0.00000  0.00000 
 0.03356  0.08728 
 0.58498 -100.00000 
-100.00000 -100.00000 
 0.27408  0.31251 
-100.00000 -100.00000 
-100.00000 -100.00000 
-100.00000 -100.00000 
-100.00000 -100.00000 
-100.00000 -100.00000 
-100.00000 -100.00000 
-100.00000 -100.00000 
-100.00000 -100.00000 
 0.00000  0.00000 
-0.48571 -0.20822 
 0.10992  0.20653 
-100.00000 -100.00000 
-100.00000 -100.00000 
-0.09651  0.15855 
-0.28020  0.04163 
-100.00000 -100.00000 
-100.00000 -100.00000 
-0.17948  0.16050 
-100.00000 -100.00000 
 0.59727 -0.15275 
 0.06084  0.24160 
-100.00000 -100.00000 
 0.33559 -0.27663 
-100.00000 -100.00000 
-100.00000 -100.00000 
 0.51434 -0.34429 
-100.00000 -100.00000 
 0.34586  0.51024 
-0.20220 -0.44700 
-100.00000 -100.00000 
-100.00000 -100.00000 
-100.00000 -100.00000 
-100.00000 -0.15563 
 0.95567  0.60559 
-100.00000 -100.00000 
-100.00000 -100.00000 
-100.00000 -100.00000 
-0.43890  0.90302 
-100.00000 -100.00000 
-100.00000 -100.00000 
 0.00000  0.00000 
-100.00000 -100.00000 
 0.91827  0.43840 
 0.50093  0.00854 
-100.00000 -100.00000 
-100.00000 -100.00000 
-0.14659 -0.38155 
-0.70063 -0.19082 
 0.30165 -0.50872 
 0.45196  0.43404 
-100.00000 -100.00000 
-100.00000 -100.00000 
-100.00000 -100.00000 
-100.00000 -100.00000 
-0.02450 -100.00000 
 0.00000  0.00000 
 0.22660 -0.02374 
 0.10080  0.36893 
-0.17876 -100.00000 
-100.00000 -0.00008 
 0.00000  0.00000 
-0.29131 -0.00080 
-0.44101  0.43611 
-0.77692  0.12636 
-100.00000 -100.00000 
-100.00000 -100.00000 
-100.00000 -100.00000 
 0.70239 -0.16319 
-0.18255  0.25229 
-100.00000 -100.00000 
 0.23684 -100.00000 
-1.12921 -0.99532 
-100.00000 -100.00000 
 0.00000  0.00000 
 0.00000  0.00000 
-100.00000 -100.00000 
-100.00000 -100.00000 
 0.00000  0.00000 
-100.00000 -0.22137 
-100.00000 -100.00000 
-100.00000 -0.19018 
-100.00000 -0.41278 
-100.00000 -0.00003 
-0.43076 -100.00000 
-100.00000  0.13229 
-100.00000 -100.00000 
 0.00000  0.00000 
-100.00000 -100.00000 
-100.00000 -100.00000 
 0.00000  0.00000 
-100.00000 -100.00000 
-100.00000 -100.00000 
 0.52733  0.15022 
-0.56381 -0.96320 
 0.00000  0.00000 
-0.42451  0.05092 
-100.00000 -100.00000 
-100.00000 -100.00000 
-0.54857 -100.00000 
-0.00012 -100.00000 
-100.00000 -100.00000 
-100.00000 -100.00000 
-0.29846  0.55714 
 0.16292  0.15987 
-0.22639  0.51751 
-0.18858 -100.00000 
-100.00000 -100.00000 
-0.32730 -100.00000 
-100.00000 -100.00000 
-100.00000 -100.00000 
-0.40077 -0.38369 
-0.75342 -0.54152 
 0.04325 -0.64075 
 0.07335  1.03777 
 0.34235  0.04208 
-100.00000 -100.00000 
-0.64807 -100.00000 
-100.00000 -100.00000 
-100.00000 -100.00000 
-100.00000 -100.00000 
-100.00000 -100.00000 
-100.00000 -100.00000 
-100.00000 -100.00000 
-100.00000 -100.00000 
-100.00000 -100.00000 
-100.00000 -100.00000 
-0.79392  0.34046 
 0.34814  0.01633 
-0.21290  0.63597 
 0.05848  0.09940 
-0.45287 -0.11972 
-100.00000 -100.00000 
-0.56352 -0.03996 
-0.59601 -0.50556 
-100.00000 -100.00000 
-1.13017 -100.00000 
-0.17654 -100.00000 
-0.11675  0.07211 
-100.00000 -100.00000 
 0.68653  0.48540 
-100.00000 -100.00000 
 0.39385  0.77399 
 0.39313 -0.50496 
 0.53931  0.18026 
-0.03755  0.29271 
 0.00000  0.00000 
-100.00000 -100.00000 
-100.00000 -100.00000 
 0.00064  0.37852 
-100.00000 -100.00000 
-100.00000 -100.00000 
-100.00000 -100.00000 
-100.00000 -100.00000 
-100.00000 -100.00000 
-100.00000 -0.00064 
-100.00000 -100.00000 
-100.00000 -100.00000 
-0.17881 -100.00000 
-100.00000 -100.00000 
-0.25512 -0.65221 
 0.00000  0.00000 
-100.00000  0.26303 
 0.34075  0.27291 
 0.14753 -0.40109 
-100.00000 -100.00000 
-100.00000 -100.00000 
-0.57929 -100.00000 
-100.00000 -0.00103 
 0.58423  0.12544 
-0.05241  0.58500 
-100.00000 -100.00000 
-100.00000 -100.00000 
-100.00000 -100.00000 
-100.00000 -100.00000 
-100.00000  0.12525 
-0.80762 -0.07252 
-100.00000 -100.00000 
-0.32385 -0.81894 
-100.00000 -100.00000 
-100.00000 -100.00000 
-0.38301 -0.07905 
-100.00000 -100.00000 
-100.00000 -100.00000 
 0.33927 -100.00000 
-0.04162 -100.00000 
-100.00000 -100.00000 
 0.00000  0.00000 
-100.00000 -0.00024 
-100.00000 -100.00000 
-0.57439  0.15299 
-100.00000 -100.00000 
-100.00000 -100.00000 
-0.23825  0.44503 
-0.02541 -100.00000 
-0.15903 -0.22839 
 0.21018  0.92598 
-100.00000 -100.00000 
-100.00000  0.00013 
 0.40829 -0.95929 
-100.00000 -100.00000 
-100.00000 -100.00000 
 0.48562 -100.00000 
-100.00000 -100.00000 
-100.00000 -100.00000 
-100.00000 -100.00000 
-100.00000 -100.00000 
-100.00000 -100.00000 
-100.00000 -100.00000 
 0.00000  0.00000 
-100.00000 -100.00000 
 0.16021 -0.28978 
 0.29461  0.28755 
-100.00000 -0.06514 
-100.00000 -100.00000 
-100.00000 -0.00127 
-100.00000 -100.00000 
 0.00000  0.00000 
 0.08418  0.37853 
 0.26288 -0.00018 
-100.00000 -100.00000 
-100.00000 -100.00000 
-100.00000 -100.00000 
-100.00000 -100.00000 
-0.21839 -100.00000 
-100.00000 -100.00000 
 0.13766  0.00017 
-100.00000 -100.00000 
-100.00000 -100.00000 
-100.00000 -100.00000 
-0.72711  1.11832 
-100.00000 -100.00000 
-0.16247  0.36298 
-100.00000 -100.00000 
-0.68927 -0.26330 
-0.22210  0.11819 
 0.00000  0.00000 
-100.00000 -100.00000 
-100.00000 -100.00000 
-100.00000 -100.00000 
-100.00000 -100.00000 
-0.07478 -100.00000 
-100.00000 -100.00000 
-0.01372  0.02136 
 0.60763  0.44105 
 0.26407  0.00005 
-100.00000 -100.00000 
 0.13720 -0.25984 
 0.00000  0.00000 
-100.00000 -100.00000 
-0.37299 -100.00000 
-100.00000 -100.00000 
-0.04823  0.14850 
-100.00000 -100.00000 
-100.00000  0.00005 
-100.00000 -100.00000 
-100.00000 -100.00000 
 0.48618 -100.00000 
 0.14900 -0.10011 
-100.00000  0.13750 
-100.00000 -100.00000 
-0.22353  0.42652 
-100.00000 -100.00000 
-100.00000 -100.00000 
-100.00000 -100.00000 
-100.00000 -100.00000 
-100.00000 -100.00000 
-100.00000 -100.00000 
-100.00000 -100.00000 
-100.00000 -100.00000 
-100.00000 -100.00000 
-100.00000 -100.00000 
-100.00000 -100.00000 
-100.00000 -100.00000 
-100.00000 -100.00000 
 0.30902  0.27286 
 0.00000  0.00000 
-100.00000 -100.00000 
-100.00000 -100.00000 
-0.05801  0.48554 
-100.00000 -100.00000 
-100.00000 -100.00000 
-100.00000 -100.00000 
-100.00000 -100.00000 
 0.22350  0.23422 
 0.20194 -0.08783 
-100.00000 -100.00000 
-100.00000 -100.00000 
-100.00000 -100.00000 
-100.00000 -100.00000 
-100.00000 -100.00000 
 0.64498  0.58986 
-100.00000 -100.00000 
 0.37856  0.26303 
-100.00000 -100.00000 
-100.00000 -100.00000 
-100.00000 -100.00000 
-100.00000 -100.00000 
-100.00000 -100.00000 
-0.32444 -100.00000 
-100.00000 -100.00000 
-100.00000  0.13765 
-100.00000 -100.00000 
-100.00000 -100.00000 
-100.00000 -100.00000 
 0.36805 -0.74355 
-100.00000 -100.00000 
-100.00000 -100.00000 
-100.00000 -100.00000 
-100.00000 -100.00000 
-100.00000 -100.00000 
-100.00000 -100.00000 
 0.00000  0.00000 
 0.02988  0.05852 
-0.10263  0.19387 
-100.00000 -100.00000 
-100.00000 -100.00000 
 0.03248 -0.02221 
-100.00000 -100.00000 
-100.00000 -100.00000 
-0.49892 -0.34265 
-0.07617  0.08285 
-100.00000 -100.00000 
-100.00000 -100.00000 
-100.00000 -100.00000 
-100.00000 -100.00000 
-100.00000 -100.00000 
-100.00000 -100.00000 
-100.00000  0.17069 
-100.00000 -100.00000 
 0.00000  0.00000 
-0.27657 -0.31500 
-0.09289 -0.38260 
 0.19665  0.00011 
-100.00000 -100.00000 
-100.00000 -100.00000 
 0.67838  0.00154 
 0.43315  0.54254 
-0.27672  0.44940 
-100.00000  0.13769 
 0.59841 -0.62978 
-100.00000 -100.00000 
-100.00000 -100.00000 
-100.00000  0.00004 
-100.00000 -0.04416 
-100.00000 -100.00000 
-100.00000 -100.00000 
-0.07722 -100.00000 
-0.11499  0.78832 
-100.00000 -100.00000 
 0.26316  0.00039 
-100.00000 -100.00000 
-0.23814 -0.15660 
-100.00000 -0.39586 
-100.00000 -100.00000 
-100.00000 -100.00000 
-100.00000 -100.00000 
-100.00000 -100.00000 
 0.00000  0.00000 
-0.60790  0.78334 
-100.00000 -100.00000 
-100.00000 -100.00000 
-100.00000 -100.00000 
-0.42933 -100.00000 
-100.00000 -100.00000 
-100.00000 -100.00000 
-100.00000 -100.00000 
-100.00000 -100.00000 
-100.00000 -100.00000 
-0.23750 -0.79904 
 0.00000  0.00000 
-100.00000 -100.00000 
-100.00000 -100.00000 
 0.13761  0.13741 
-100.00000 -100.00000 
 0.00000  0.00000 
-0.13809  0.13755 
-100.00000 -100.00000 
-100.00000 -100.00000 
 0.00000  0.00000 
-100.00000 -100.00000 
-100.00000 -100.00000 
-100.00000 -100.00000 
 0.63273  0.13551 
-0.51655 -0.17162 
-100.00000 -100.00000 
-0.45894  0.13762 
 0.92612 -0.16984 
-0.21327 -0.20655 
-100.00000 -100.00000 
-0.00016 -100.00000 
 1.42135 -0.00827 
-100.00000 -100.00000 
-100.00000 -100.00000 
-100.00000 -100.00000 
-100.00000 -100.00000 
-100.00000 -100.00000 
-0.30772  0.37843 
 0.00000  0.00000 
-100.00000 -100.00000 
-100.00000 -100.00000 
-100.00000 -100.00000 
-100.00000 -100.00000 
-100.00000 -100.00000 
 0.00000  0.00000 
-100.00000 -100.00000 
 0.00000  0.00000 
-100.00000 -100.00000 
-100.00000 -100.00000 
-100.00000 -100.00000 
 0.04970  0.37857 
-100.00000 -100.00000 
-100.00000 -100.00000 
-0.63246  1.23400 
-100.00000 -0.27189 
-100.00000 -100.00000 
 0.26309 -100.00000 
-0.45567  0.11365 
-100.00000 -100.00000 
-100.00000 -100.00000 
-100.00000 -100.00000 
 0.00000  0.00000 
 0.51357  0.90149 
-100.00000  0.13746 
-0.04649 -0.43546 
-100.00000 -100.00000 
-0.00007 -100.00000 
-100.00000 -100.00000 
-0.70964 -0.46140 
-100.00000 -100.00000 
-100.00000 -100.00000 
-100.00000 -100.00000 
-0.06763 -0.28979 
 0.00000  0.00000 
-100.00000 -0.06283 
-0.26853  0.09408 
-100.00000 -100.00000 
 0.60617  0.52690 
-100.00000 -100.00000 
-100.00000 -100.00000 
 0.00000  0.00000 
-100.00000 -100.00000 
-100.00000 -100.00000 
-100.00000 -100.00000 
-0.09658  0.47100 
-100.00000 -100.00000 
-0.03032 -0.27033 
-100.00000 -100.00000 
 0.00000  0.00000 
-100.00000 -100.00000 
-100.00000 -100.00000 
 0.00000  0.00000 
-0.34663  0.00009 
-0.22877  0.13743 
-100.00000 -100.00000 
 0.00136 -0.00156 
-0.39172  0.08442 
-0.19381 -100.00000 
-100.00000 -100.00000 
-0.22938  0.17726 
-0.11890 -100.00000 
-0.22895 -100.00000 
-0.19447  0.08917 
-100.00000 -100.00000 
 0.47032  0.13767 
 0.00000  0.00000 
 0.00000  0.00000 
-100.00000 -100.00000 
-0.22934 -0.10737 
 0.77083 -100.00000 
-0.33084 -100.00000 
-100.00000 -100.00000 
 0.00000  0.00000 
 1.14067 -0.12021 
-100.00000 -100.00000 
-0.08262 -0.06476 
-0.18290  0.34382 
-100.00000 -0.06419 
-0.34990 -0.31973 
-100.00000 -100.00000 
 0.00000  0.00000 
 0.16101 -100.00000 
-100.00000 -0.24234 
-0.60728 -0.30660 
 0.13793  0.00510 
-0.23490 -0.00021 
-100.00000 -100.00000 
 0.00004 -100.00000 
-100.00000 -100.00000 
 0.34928 -0.09283 
-100.00000 -100.00000 
-100.00000 -100.00000 
-100.00000 -100.00000 
-100.00000 -100.00000 
-100.00000 -100.00000 
-100.00000 -100.00000 
-100.00000 -100.00000 
-100.00000 -100.00000 
-100.00000 -100.00000 
-0.04826 -100.00000 
-100.00000 -100.00000 
-100.00000 -100.00000 
-100.00000 -100.00000 
-100.00000 -100.00000 
-100.00000 -100.00000 
-0.30201 -0.42167 
 0.25672  0.06187 
-100.00000 -100.00000 
-100.00000 -100.00000 
 0.01862 -100.00000 
-100.00000 -0.24014 
-100.00000 -100.00000 
-100.00000 -100.00000 
-0.19359 -0.29592 
-100.00000 -100.00000 
 0.68519  0.39592 
-100.00000  0.00000 
-100.00000 -100.00000 
 0.53796  0.15143 
-100.00000 -100.00000 
 0.14414 -0.11353 
-100.00000 -100.00000 
-100.00000 -100.00000 
-100.00000 -100.00000 
