-0.06117 -0.23876 
-0.43190  0.11425 
 0.12980 -100.00000 
-0.23903 -100.00000 
 0.00000  0.00000 
 0.00000  0.00000 
-0.96245  0.07314 
 0.00000  0.00000 
 0.00000  0.00000 
-1.10977 -0.15143 
-0.63601  0.07423 
-0.12778  0.07234 
-0.42142  0.11262 
-0.42113 -100.00000 
-100.00000 -100.00000 
-100.00000 -100.00000 
-100.00000 -100.00000 
-100.00000 -100.00000 
-0.87180 -0.70655 
-0.68024 -0.49414 
-100.00000 -100.00000 
-100.00000 -100.00000 
-100.00000 -100.00000 
-100.00000 -100.00000 
-1.30410  0.08945 
-100.00000 -100.00000 
-100.00000 -100.00000 
-100.00000 -100.00000 
-0.16007 -0.27495 
-100.00000 -100.00000 
-100.00000  0.00003 
-100.00000 -100.00000 
-100.00000  0.13756 
-100.00000 -100.00000 
-100.00000 -100.00000 
-0.04188 -100.00000 
 0.00000  0.00000 
-100.00000 -100.00000 
-100.00000 -100.00000 
-100.00000 -100.00000 
 0.33129 -100.00000 
-100.00000 -100.00000 
-0.48088 -0.27942 
-100.00000 -100.00000 
-100.00000 -0.00003 
-100.00000 -100.00000 
-0.91908  0.08869 
-100.00000 -100.00000 
 0.00000  0.00000 
 0.00000  0.00000 
-100.00000 -100.00000 
-100.00000 -100.00000 
-0.67687  0.01524 
-100.00000 -100.00000 
-100.00000 -100.00000 
-100.00000 -100.00000 
-0.15279 -100.00000 
 0.00000  0.00000 
-100.00000 -100.00000 
-0.74984 -0.67851 
 0.00000  0.00000 
 0.37863 -100.00000 
-100.00000 -100.00000 
 0.21687 -0.18326 
 0.00028 -0.67319 
 0.12541 -0.16682 
 0.00000  0.00000 
-1.19095 -0.04296 
 0.00000  0.00000 
-0.48311  0.31086 
-0.05242 -0.00008 
-100.00000 -100.00000 
-100.00000 -100.00000 
-0.52821  0.57668 
-0.64078 -0.25257 
-100.00000 -100.00000 
-0.06087 -0.36983 
 0.00000  0.00000 
 0.00000  0.00000 
-100.00000 -100.00000 
-100.00000 -100.00000 
-0.46924  0.80045 
 0.73264 -0.15111 
-100.00000 -100.00000 
-100.00000 -100.00000 
-0.09462  0.07474 
 0.00000  0.00000 
 0.00000  0.00000 
 0.21271  0.20748 
-0.46958 -0.41264 
 0.55610 -0.25383 
 0.04705  0.25522 
-0.04243 -100.00000 
-100.00000 -100.00000 
-100.00000 -100.00000 
-0.01630 -0.38324 
 0.02111  1.20175 
-100.00000 -100.00000 
-0.59911  0.58521 
-0.42632 -0.03827 
-0.15315 -0.00026 
-100.00000 -100.00000 
 0.08603 -0.00001 
-0.72057 -0.19130 
-100.00000 -100.00000 
-0.00002 -0.00000 
-100.00000 -100.00000 
-100.00000 -100.00000 
 0.25904  0.48546 
-100.00000 -100.00000 
 1.92358 -0.19068 
 0.00000  0.00000 
-0.99393 -100.00000 
-100.00000 -0.51215 
-1.25334  0.39339 
-100.00000 -100.00000 
-100.00000 -100.00000 
 0.00000  0.00000 
-100.00000 -100.00000 
-100.00000 -100.00000 
-100.00000  0.07247 
 0.00000  0.00000 
 0.61158  0.07617 
-0.39374  0.94549 
-0.50647  0.99997 
-0.08242  0.18368 
-0.74723 -0.50362 
 0.00000  0.00000 
-100.00000 -100.00000 
-100.00000 -100.00000 
-0.51509 -0.06996 
-100.00000 -100.00000 
-1.40350  0.63982 
 0.01070 -0.67677 
 0.34683 -0.25027 
 2.81982  1.44553 
-1.11815 -0.06778 
 0.10371 -0.05390 
 0.31329 -0.30621 
 0.70771  0.48816 
-0.10106 -0.51568 
 0.43157 -100.00000 
-0.74394  0.13729 
-100.00000 -100.00000 
-0.13146  0.38027 
-0.14966 -100.00000 
-100.00000 -100.00000 
-0.42908  0.24823 
-100.00000 -100.00000 
-0.42131  0.87270 
-0.82903  0.14783 
-100.00000 -100.00000 
 0.15914  0.93174 
-0.70788 -0.24642 
-0.43507 -0.22489 
-100.00000 -100.00000 
-0.52350  0.01709 
-1.21887  0.56376 
-0.29113 -0.19568 
 0.46070 -0.19827 
-100.00000 -100.00000 
-100.00000 -100.00000 
-100.00000 -100.00000 
 0.00000  0.00000 
 0.00000  0.00000 
-0.15649  0.40622 
 0.00000  0.00000 
-100.00000  0.00006 
-0.16346 -0.00038 
-1.26184 -0.88206 
-0.39993 -0.26799 
-0.28846 -0.16102 
-0.96830  0.34247 
-100.00000 -100.00000 
-0.71467 -0.70537 
-1.14075 -0.09757 
 0.00000  0.00000 
 1.03660 -0.03424 
-0.29286 -0.09566 
 0.00062  0.37851 
-100.00000 -100.00000 
-0.89097 -0.11639 
-0.15386 -100.00000 
-0.29234 -0.50944 
 0.08604 -0.19136 
-0.15391  0.22539 
-1.45841 -0.26483 
-1.00883  0.64054 
-0.29239  0.00009 
 0.00000  0.00000 
 0.14576  0.21272 
 0.00000  0.00000 
 0.23475 -100.00000 
-100.00000 -100.00000 
-0.73122 -0.33017 
-0.39438 -100.00000 
 0.30293 -100.00000 
 0.53032  0.02812 
-100.00000 -100.00000 
 0.00034 -100.00000 
-0.84401  0.03030 
-0.14368  0.13744 
-100.00000 -100.00000 
-0.00645  0.13750 
-0.06018 -0.09374 
-0.60402 -100.00000 
 0.00000  0.00000 
-100.00000 -100.00000 
-0.63859  0.02509 
-0.79385 -0.47683 
-1.23953 -1.22967 
-1.09973  0.21206 
-100.00000 -100.00000 
-0.27357 -0.25163 
-100.00000 -100.00000 
-1.04127 -0.70151 
 0.11960  0.37850 
-0.39418  0.20812 
-100.00000 -0.00003 
 0.07505 -0.37314 
 0.21089 -0.54661 
-0.85176 -0.17450 
-1.07506 -0.48775 
-0.24241  0.00000 
 0.74143 -0.06721 
-1.36765  0.31568 
-0.01161  0.10580 
-0.34367 -0.27968 
-0.39306 -0.28235 
-0.37511  0.60051 
-1.25960 -0.12576 
-0.68099  0.09098 
 0.00021 -100.00000 
 0.19961 -0.42024 
-1.01925 -0.17205 
 0.37465 -0.85882 
-0.27125 -0.49305 
-100.00000  0.10129 
-0.01183 -100.00000 
-0.41951  0.05111 
-100.00000 -100.00000 
-100.00000 -100.00000 
-0.13631 -100.00000 
-0.58274  0.05708 
-100.00000 -100.00000 
 0.26256  0.13772 
 0.62534  0.26311 
-0.49952  0.75062 
 0.00000  0.00000 
 0.00000  0.00000 
-0.18938  0.01256 
-0.00675 -0.01156 
-0.95072  0.92609 
-100.00000 -100.00000 
-0.50246 -100.00000 
-0.05282 -0.59215 
-1.11141 -0.40237 
-0.37896  0.08747 
-100.00000 -100.00000 
-100.00000 -100.00000 
-0.27482 -100.00000 
-100.00000 -100.00000 
-100.00000 -100.00000 
 0.00000  0.00000 
-1.33654 -1.27584 
-100.00000 -100.00000 
-0.02289  0.29859 
 0.34320  0.01605 
-100.00000 -100.00000 
-100.00000 -100.00000 
-0.51900 -0.31701 
-1.70718  0.51356 
 0.00000  0.00000 
-1.05468 -0.58642 
-100.00000 -100.00000 
-0.87829 -100.00000 
-0.19098 -0.07148 
 1.22874  0.81589 
-100.00000 -100.00000 
-100.00000 -100.00000 
-0.84338 -100.00000 
-0.02822  0.10016 
-0.36802 -0.35958 
-0.34278 -0.66111 
-0.60475 -0.33953 
 0.15590 -0.28769 
-1.33906  0.19763 
-0.00468 -0.39906 
 0.26441 -0.34213 
-0.66338 -100.00000 
-100.00000 -100.00000 
-0.00015  0.00005 
-100.00000 -100.00000 
 0.16384  0.20813 
-100.00000 -100.00000 
-100.00000  0.00204 
-100.00000 -100.00000 
 0.85101  0.21068 
-0.36046 -0.24675 
-100.00000 -100.00000 
-100.00000 -100.00000 
-0.70178 -0.98643 
-1.70024 -0.11886 
 0.00004 -100.00000 
-100.00000 -100.00000 
 0.00000  0.00000 
 0.49417 -0.30992 
-0.22626  0.31828 
 0.11177 -100.00000 
-100.00000 -100.00000 
-0.41368  0.00212 
-100.00000  0.13773 
-0.30102 -0.13280 
-1.14579  0.00462 
-0.15194 -100.00000 
-0.42898  0.22862 
-100.00000 -100.00000 
-0.99641  0.00229 
-100.00000 -100.00000 
-0.49485  0.20287 
-0.63420  0.76028 
-100.00000 -100.00000 
-0.27522 -0.31630 
-0.14746 -0.37597 
-0.15106 -100.00000 
-0.20022 -0.14563 
-100.00000 -100.00000 
 0.00000  0.00000 
-100.00000 -100.00000 
 0.09205 -0.10998 
-100.00000 -100.00000 
-100.00000 -100.00000 
-100.00000 -100.00000 
 0.00000  0.00000 
-100.00000 -0.00001 
-100.00000 -100.00000 
 0.51996  0.52874 
-0.04265 -0.03744 
-0.26642  0.07892 
 0.07525  0.43804 
-100.00000 -0.00001 
-100.00000 -100.00000 
-100.00000 -100.00000 
-100.00000 -100.00000 
 0.00000  0.00000 
 0.08454  0.11452 
-0.00003 -0.26531 
-100.00000 -100.00000 
 0.11235 -0.24039 
-100.00000 -100.00000 
-100.00000 -100.00000 
 0.64495  0.15206 
-1.59735  0.00709 
-100.00000 -100.00000 
-100.00000 -100.00000 
-100.00000 -100.00000 
 0.71163 -0.36481 
-0.50370 -0.04729 
-100.00000 -100.00000 
-0.46333 -0.43556 
-0.62665 -0.05804 
-100.00000 -100.00000 
-100.00000 -100.00000 
-0.37179  0.24268 
-0.00005 -100.00000 
-100.00000 -100.00000 
-100.00000 -100.00000 
 0.35221 -0.53193 
 0.26398 -100.00000 
-0.59267  0.11963 
-100.00000 -100.00000 
-100.00000 -100.00000 
-0.52024  0.00496 
-100.00000 -100.00000 
 0.41878  0.43053 
-100.00000 -100.00000 
-100.00000 -100.00000 
-100.00000 -100.00000 
-100.00000 -100.00000 
-100.00000 -100.00000 
-0.91736  0.62971 
 0.21623  0.25959 
-100.00000 -100.00000 
-100.00000 -100.00000 
-100.00000 -100.00000 
-0.32397 -0.02152 
-100.00000 -100.00000 
 0.36860 -1.28009 
-0.15277 -100.00000 
 0.26483  0.31673 
-0.05466 -100.00000 
 0.00004 -100.00000 
-100.00000 -100.00000 
-100.00000 -100.00000 
 0.28632  0.31463 
-100.00000 -100.00000 
-100.00000 -100.00000 
 0.74502  0.76543 
-0.15403 -0.26941 
-100.00000 -100.00000 
-0.04511  0.00006 
 0.30313 -0.26016 
-100.00000 -100.00000 
 0.26769 -0.48495 
-100.00000 -100.00000 
 0.20607  0.27046 
-100.00000 -100.00000 
 0.22768  0.02979 
-0.36732 -100.00000 
 0.00006 -100.00000 
-0.29076 -100.00000 
-0.72256  0.00570 
 0.60070  0.46582 
-100.00000 -100.00000 
-0.58665 -1.13560 
 0.00000  0.00000 
-100.00000 -100.00000 
-0.24832  0.26309 
-100.00000 -100.00000 
-0.43468  0.31397 
-100.00000 -100.00000 
-100.00000 -100.00000 
 0.00000  0.00000 
-100.00000 -100.00000 
-100.00000 -100.00000 
-100.00000 -100.00000 
 0.26815  0.23325 
-0.01266 -100.00000 
-100.00000 -100.00000 
-100.00000 -100.00000 
 0.15336 -0.23150 
 0.00000  0.00000 
-100.00000 -100.00000 
-0.03968  0.15510 
-0.12583 -0.08088 
-100.00000 -100.00000 
-100.00000 -100.00000 
-0.00015 -100.00000 
-100.00000 -100.00000 
-100.00000 -100.00000 
 0.00000  0.00000 
 0.00000  0.00000 
-100.00000 -100.00000 
 0.00000  0.00000 
 0.00000  0.00000 
-100.00000 -100.00000 
-100.00000 -100.00000 
-100.00000 -100.00000 
-100.00000 -100.00000 
-100.00000 -100.00000 
 0.00000  0.00000 
-0.29037 -100.00000 
-0.69497  0.14671 
-0.00000 -100.00000 
-100.00000 -100.00000 
 0.00000  0.00000 
-100.00000 -100.00000 
-0.62428 -100.00000 
-100.00000 -100.00000 
-100.00000 -100.00000 
 0.00000  0.00000 
-100.00000 -100.00000 
-100.00000 -100.00000 
-0.41706 -100.00000 
 0.22562 -100.00000 
-100.00000 -100.00000 
-100.00000  0.26293 
-0.25802  0.84781 
 0.00000  0.00000 
-100.00000  0.13720 
-0.92116 -100.00000 
-100.00000 -100.00000 
-100.00000 -100.00000 
-0.34185  0.94088 
-0.29059 -100.00000 
 1.24207  0.33467 
 0.09882  0.13747 
-100.00000 -0.00001 
 0.00007 -100.00000 
-100.00000 -100.00000 
-1.05408  0.34084 
-1.23243  0.00217 
-0.34116  0.03957 
-0.71207  0.00057 
-100.00000  0.00013 
 0.42435  0.00001 
 0.09885 -100.00000 
-100.00000 -100.00000 
-100.00000 -100.00000 
-1.60404  0.13789 
-100.00000 -100.00000 
-0.40401 -0.06526 
-0.16465 -100.00000 
-0.00058 -100.00000 
-0.17379  0.64722 
-100.00000 -100.00000 
 0.21301 -0.03833 
-100.00000 -100.00000 
-0.59345  0.16508 
-2.20726 -100.00000 
-0.44450  0.00036 
-100.00000 -1.21693 
 0.19925  0.23056 
-1.16280 -0.21368 
-100.00000 -100.00000 
 0.54626  0.50361 
-0.19547 -0.18448 
-0.70117  0.00267 
-1.21031 -0.40782 
-0.44169 -0.11243 
 0.00000  0.00000 
-1.09533  0.46495 
-1.15212 -0.08100 
 0.75429 -0.20117 
-0.31136  0.00433 
 0.17416 -0.06363 
-1.00330 -0.20915 
-0.69134  0.54941 
 0.07293  0.04027 
-0.50293 -100.00000 
 0.00000  0.00000 
-100.00000 -100.00000 
 0.08825  0.62919 
-0.43353  0.34262 
-0.00001 -100.00000 
-0.18039  0.68688 
-100.00000 -100.00000 
-0.16161  0.13792 
-100.00000 -100.00000 
 0.00000  0.00000 
-100.00000  0.00006 
-0.29966  0.17100 
-100.00000  0.00008 
 0.53879  0.58506 
-100.00000 -100.00000 
 0.00008 -100.00000 
-100.00000  0.00004 
-100.00000 -100.00000 
 0.14698  0.33300 
 0.00000  0.00000 
 0.12394 -100.00000 
 0.00000  0.00000 
 0.00000  0.00000 
-0.00013 -100.00000 
 0.36662  0.13734 
 0.00000  0.00000 
-100.00000 -100.00000 
-100.00000 -100.00000 
-1.00291  0.00310 
 0.49014 -0.06344 
-0.29261  0.08850 
-0.30398  0.20732 
-0.18129  0.17811 
 0.28099 -0.15812 
-0.08397  0.00223 
-0.31136  0.28475 
-100.00000 -100.00000 
-0.39705  0.05196 
 0.00000  0.00000 
 0.09900  0.26304 
-1.05911  0.05146 
 0.47849 -0.11353 
 0.00007 -0.20020 
-100.00000 -100.00000 
 1.81916  0.00097 
