-100.00000 -100.00000 
-100.00000  0.17346 
-100.00000 -100.00000 
-100.00000 -100.00000 
 0.07153 -100.00000 
-0.20147 -100.00000 
-0.38747  0.22938 
-100.00000 -100.00000 
 0.04222 -100.00000 
-100.00000 -100.00000 
 0.53318 -100.00000 
 0.00000  0.00000 
-100.00000 -100.00000 
-100.00000 -100.00000 
-100.00000 -100.00000 
-100.00000 -100.00000 
-100.00000 -100.00000 
-100.00000 -100.00000 
 0.48550 -100.00000 
-100.00000 -100.00000 
-100.00000 -100.00000 
-100.00000 -100.00000 
-100.00000 -100.00000 
-100.00000  0.13745 
-100.00000 -100.00000 
-100.00000 -100.00000 
-100.00000 -100.00000 
-100.00000 -100.00000 
-100.00000 -100.00000 
-100.00000 -100.00000 
-100.00000 -100.00000 
-100.00000 -100.00000 
-100.00000 -100.00000 
-100.00000 -100.00000 
-100.00000 -100.00000 
-100.00000 -100.00000 
-0.12868 -0.48898 
-100.00000 -100.00000 
-100.00000 -100.00000 
-100.00000 -100.00000 
-100.00000 -100.00000 
-100.00000 -100.00000 
-100.00000 -100.00000 
-100.00000 -100.00000 
-100.00000 -100.00000 
-100.00000 -100.00000 
-100.00000 -0.14665 
-100.00000 -100.00000 
-100.00000 -100.00000 
-0.42308  0.14730 
-100.00000 -100.00000 
-100.00000 -100.00000 
-100.00000  0.00025 
-100.00000 -100.00000 
-100.00000 -100.00000 
-100.00000 -0.00005 
-100.00000 -100.00000 
-100.00000 -100.00000 
-100.00000 -100.00000 
-100.00000 -100.00000 
-100.00000  0.25939 
-100.00000  0.01738 
-100.00000 -100.00000 
-100.00000 -100.00000 
-100.00000 -100.00000 
-100.00000 -100.00000 
-100.00000 -100.00000 
-100.00000 -100.00000 
-100.00000 -0.03867 
 0.11632 -100.00000 
-100.00000 -100.00000 
-100.00000 -100.00000 
-100.00000 -100.00000 
-0.01015 -100.00000 
-100.00000 -100.00000 
-100.00000 -100.00000 
-100.00000 -100.00000 
-0.20311  0.01938 
-100.00000  0.22739 
-100.00000 -100.00000 
-100.00000 -100.00000 
-100.00000 -100.00000 
-0.37649 -0.52734 
-0.00983  0.58491 
-100.00000 -100.00000 
 0.13779 -100.00000 
-100.00000 -100.00000 
-100.00000 -100.00000 
 0.33360 -0.39305 
 0.17004 -100.00000 
-100.00000  0.26307 
-100.00000 -100.00000 
-100.00000 -100.00000 
 0.04977 -0.14800 
-100.00000 -100.00000 
-100.00000 -100.00000 
-100.00000 -100.00000 
-100.00000 -100.00000 
-100.00000 -100.00000 
-100.00000 -0.02126 
-100.00000 -100.00000 
-100.00000 -100.00000 
-100.00000 -100.00000 
-0.36449 -1.23860 
-100.00000 -100.00000 
-100.00000 -100.00000 
-100.00000 -100.00000 
-100.00000 -100.00000 
-100.00000 -100.00000 
-100.00000 -100.00000 
-100.00000 -100.00000 
 0.06036  0.36759 
 0.08106  0.58489 
-100.00000 -100.00000 
-100.00000 -100.00000 
-100.00000 -100.00000 
-100.00000 -100.00000 
-100.00000 -100.00000 
 0.36059  0.00023 
-100.00000 -100.00000 
-100.00000 -100.00000 
-100.00000 -100.00000 
 0.51614 -100.00000 
-100.00000 -100.00000 
-100.00000 -100.00000 
-100.00000 -100.00000 
-100.00000 -100.00000 
-0.02619  0.16721 
-100.00000 -100.00000 
-100.00000 -100.00000 
 0.00000  0.00000 
-100.00000 -100.00000 
-100.00000 -100.00000 
 0.00000  0.00000 
-100.00000 -100.00000 
 0.07296 -0.37639 
-100.00000 -100.00000 
-100.00000 -100.00000 
-0.67425 -100.00000 
 0.26342  0.22512 
-100.00000 -100.00000 
-100.00000 -100.00000 
-0.43554 -0.19403 
-100.00000 -100.00000 
 0.00000  0.00000 
-100.00000 -0.22362 
-100.00000 -100.00000 
-100.00000 -100.00000 
-100.00000 -100.00000 
-0.33557 -0.89860 
-100.00000 -100.00000 
-0.03613  0.04588 
-0.60980 -0.30240 
 0.00033  0.13839 
-100.00000  0.00564 
-100.00000 -100.00000 
 0.28589 -0.51212 
-100.00000 -100.00000 
-100.00000 -100.00000 
 0.00000  0.00000 
-100.00000 -0.35995 
-100.00000 -100.00000 
-100.00000 -100.00000 
-100.00000 -100.00000 
-100.00000 -100.00000 
-100.00000 -100.00000 
-100.00000 -100.00000 
-100.00000 -100.00000 
-100.00000 -100.00000 
-100.00000  0.13630 
-0.08895 -100.00000 
-100.00000 -100.00000 
 0.11985 -100.00000 
-0.39850 -0.05347 
-100.00000 -100.00000 
-0.29562 -0.60576 
-0.28619 -100.00000 
-100.00000 -100.00000 
-100.00000 -100.00000 
 0.63507 -0.38934 
-100.00000 -100.00000 
 0.72999 -0.24271 
-100.00000 -100.00000 
 0.26306 -100.00000 
-100.00000 -0.64785 
-100.00000 -100.00000 
-100.00000 -100.00000 
-100.00000 -100.00000 
-100.00000 -100.00000 
-100.00000 -100.00000 
-100.00000 -100.00000 
-100.00000 -100.00000 
-100.00000 -100.00000 
-100.00000 -100.00000 
-100.00000 -100.00000 
-100.00000 -100.00000 
-100.00000 -100.00000 
-100.00000 -100.00000 
-100.00000 -100.00000 
-100.00000 -100.00000 
-0.01698 -100.00000 
-100.00000 -100.00000 
-100.00000 -100.00000 
-100.00000 -100.00000 
-100.00000 -100.00000 
-0.24535 -100.00000 
 0.03469 -0.51565 
-100.00000 -100.00000 
-100.00000 -0.20332 
-100.00000 -100.00000 
-0.15140 -100.00000 
-100.00000 -100.00000 
-100.00000 -100.00000 
-100.00000 -100.00000 
 0.13735  0.37850 
-100.00000 -0.33135 
-100.00000 -100.00000 
-0.99230 -100.00000 
-100.00000 -100.00000 
-0.17897 -100.00000 
-100.00000 -0.00018 
 0.19965 -100.00000 
-0.52902  0.09751 
-100.00000 -100.00000 
-100.00000 -100.00000 
 0.00000  0.00000 
-100.00000  0.42640 
-100.00000 -100.00000 
 0.09567 -0.97737 
-0.09266 -100.00000 
 0.29612 -0.51666 
-0.42012 -0.26678 
-100.00000 -100.00000 
 0.37833 -100.00000 
-0.52142 -0.34926 
-100.00000 -100.00000 
-0.38641 -100.00000 
-100.00000 -100.00000 
-100.00000 -100.00000 
-100.00000 -100.00000 
-100.00000 -100.00000 
-100.00000 -100.00000 
-100.00000 -100.00000 
-100.00000 -100.00000 
-100.00000 -100.00000 
-100.00000 -100.00000 
-100.00000 -100.00000 
-100.00000 -100.00000 
-0.07804 -100.00000 
-100.00000 -100.00000 
-100.00000 -0.47287 
-100.00000 -100.00000 
 0.08269 -100.00000 
-100.00000 -100.00000 
-100.00000 -100.00000 
-100.00000 -100.00000 
 0.12591 -100.00000 
 0.00000  0.00000 
-100.00000 -100.00000 
-100.00000 -100.00000 
-100.00000 -100.00000 
-100.00000 -100.00000 
-100.00000 -100.00000 
-100.00000 -100.00000 
-100.00000 -100.00000 
-100.00000 -100.00000 
-100.00000 -100.00000 
-100.00000 -100.00000 
-100.00000 -0.61180 
-100.00000 -100.00000 
 0.00000  0.00000 
-100.00000 -100.00000 
-100.00000 -100.00000 
-100.00000 -100.00000 
-100.00000 -100.00000 
-100.00000 -100.00000 
 0.00000  0.00000 
-0.23353 -0.33316 
 0.33914 -0.50616 
-100.00000 -100.00000 
-0.07544 -0.84482 
-0.80600  0.33302 
-100.00000 -100.00000 
-100.00000 -100.00000 
-100.00000 -100.00000 
-100.00000 -100.00000 
-100.00000  0.13755 
-0.59777  0.00023 
-100.00000  0.00459 
-100.00000 -100.00000 
-100.00000 -100.00000 
 0.00008 -100.00000 
-100.00000 -100.00000 
 0.18546 -0.46304 
-100.00000 -100.00000 
-100.00000 -100.00000 
-100.00000 -100.00000 
-100.00000 -100.00000 
-100.00000 -100.00000 
-100.00000 -100.00000 
-100.00000 -100.00000 
-100.00000 -100.00000 
-100.00000 -100.00000 
-100.00000 -100.00000 
-100.00000 -100.00000 
-0.05977  0.36438 
-100.00000 -100.00000 
 0.00000  0.00000 
-100.00000 -100.00000 
-100.00000 -100.00000 
-100.00000 -100.00000 
-100.00000 -100.00000 
-100.00000 -100.00000 
-0.36668 -0.48381 
-0.25808 -100.00000 
-100.00000 -100.00000 
-100.00000 -100.00000 
-100.00000  0.13979 
-0.56635  0.30395 
-100.00000 -100.00000 
-100.00000 -100.00000 
-0.18092 -0.48360 
-0.15147  0.32378 
-100.00000 -100.00000 
-100.00000 -100.00000 
-0.05466 -100.00000 
-100.00000 -100.00000 
-100.00000 -100.00000 
-100.00000 -100.00000 
-100.00000 -100.00000 
-100.00000 -100.00000 
-100.00000 -100.00000 
-100.00000 -100.00000 
-100.00000 -100.00000 
-100.00000 -100.00000 
-100.00000 -100.00000 
-100.00000 -100.00000 
-100.00000 -100.00000 
 0.04838  0.50628 
-100.00000 -100.00000 
-100.00000 -100.00000 
 0.13755 -100.00000 
-100.00000 -100.00000 
-100.00000 -100.00000 
-100.00000 -100.00000 
 0.00000  0.00000 
-100.00000 -100.00000 
-100.00000 -100.00000 
-100.00000 -100.00000 
-100.00000 -100.00000 
-100.00000 -100.00000 
 0.00000  0.00000 
-100.00000 -100.00000 
-100.00000 -100.00000 
-100.00000 -100.00000 
-100.00000 -100.00000 
-100.00000 -100.00000 
-100.00000 -100.00000 
-100.00000 -100.00000 
-100.00000 -100.00000 
-100.00000 -100.00000 
-100.00000 -100.00000 
-100.00000 -100.00000 
 0.00000 -100.00000 
-100.00000 -100.00000 
-100.00000 -100.00000 
 0.49388 -100.00000 
-100.00000 -100.00000 
 0.28623  0.34990 
-100.00000 -100.00000 
-100.00000 -100.00000 
-100.00000 -100.00000 
-100.00000  0.00812 
-100.00000 -100.00000 
-100.00000 -100.00000 
-100.00000 -100.00000 
-100.00000 -100.00000 
-0.15156 -100.00000 
-100.00000 -100.00000 
-100.00000 -100.00000 
-100.00000  0.14353 
-100.00000 -100.00000 
-100.00000 -100.00000 
-100.00000 -100.00000 
-100.00000 -100.00000 
-100.00000 -100.00000 
-100.00000 -100.00000 
-100.00000 -100.00000 
-100.00000 -100.00000 
 0.20468 -100.00000 
-100.00000 -100.00000 
-100.00000 -100.00000 
-100.00000 -100.00000 
-100.00000 -100.00000 
-100.00000 -100.00000 
-100.00000 -100.00000 
-100.00000 -100.00000 
 0.04847 -100.00000 
-100.00000 -100.00000 
-100.00000 -100.00000 
-100.00000 -100.00000 
 0.21125  0.00001 
-100.00000 -100.00000 
-100.00000  1.17847 
-100.00000 -100.00000 
 0.00000  0.00000 
-100.00000 -100.00000 
-100.00000 -100.00000 
-100.00000 -100.00000 
-100.00000 -100.00000 
-100.00000 -100.00000 
-100.00000 -100.00000 
 0.00000  0.00000 
-100.00000 -100.00000 
 0.17747 -0.00010 
 0.08413  0.53646 
-100.00000 -100.00000 
 0.00006  0.00005 
-100.00000 -100.00000 
-100.00000 -100.00000 
-100.00000 -100.00000 
-100.00000 -100.00000 
-100.00000 -100.00000 
-100.00000 -100.00000 
-100.00000 -100.00000 
-100.00000 -100.00000 
-100.00000 -100.00000 
-100.00000 -100.00000 
-100.00000 -100.00000 
-100.00000 -100.00000 
 0.00000  0.00000 
-100.00000 -100.00000 
-100.00000 -100.00000 
-100.00000 -100.00000 
-100.00000 -100.00000 
-100.00000 -100.00000 
 0.67824 -100.00000 
-100.00000 -100.00000 
-100.00000 -100.00000 
-100.00000 -100.00000 
-0.02297 -0.43905 
 0.18245  0.58503 
-100.00000 -100.00000 
-100.00000 -100.00000 
-100.00000  0.26328 
-100.00000 -100.00000 
-100.00000 -100.00000 
-100.00000 -100.00000 
-100.00000 -100.00000 
-100.00000 -100.00000 
-100.00000 -100.00000 
-100.00000 -100.00000 
 0.00000  0.00000 
-100.00000 -100.00000 
-100.00000 -100.00000 
-100.00000 -100.00000 
-100.00000 -100.00000 
-100.00000 -100.00000 
-100.00000 -100.00000 
-100.00000 -100.00000 
-100.00000 -100.00000 
-100.00000 -100.00000 
-100.00000 -100.00000 
-100.00000 -100.00000 
-100.00000 -100.00000 
-100.00000 -100.00000 
-100.00000 -100.00000 
-100.00000 -100.00000 
-100.00000 -100.00000 
-100.00000 -100.00000 
-100.00000 -100.00000 
-100.00000 -100.00000 
-100.00000 -100.00000 
 0.26543 -0.28293 
-100.00000 -100.00000 
-100.00000  0.06270 
-100.00000 -0.53347 
-100.00000 -100.00000 
-100.00000 -100.00000 
-100.00000 -100.00000 
 0.00000  0.00000 
-100.00000 -100.00000 
 0.00000  0.00000 
-0.00001 -0.04987 
-100.00000 -100.00000 
-100.00000 -100.00000 
-100.00000 -100.00000 
-100.00000 -100.00000 
-100.00000 -100.00000 
-100.00000 -100.00000 
-0.49217 -0.06348 
-100.00000 -100.00000 
-100.00000 -100.00000 
-100.00000 -100.00000 
-100.00000 -100.00000 
-100.00000 -100.00000 
 0.15387 -0.52103 
-100.00000 -100.00000 
-0.26224 -100.00000 
-100.00000 -100.00000 
-100.00000  0.13786 
 0.05929 -100.00000 
-100.00000 -100.00000 
-0.09158 -100.00000 
-0.46249 -100.00000 
-0.42310 -100.00000 
-100.00000 -100.00000 
-0.37529 -100.00000 
-100.00000 -100.00000 
 0.14920 -0.06254 
-0.33422 -100.00000 
-100.00000  0.72490 
-100.00000  0.17695 
-100.00000 -0.11452 
 0.23591 -100.00000 
-100.00000 -100.00000 
-100.00000 -100.00000 
-0.44945 -0.64483 
-100.00000 -100.00000 
 0.05879 -100.00000 
-100.00000 -100.00000 
-100.00000 -100.00000 
-100.00000 -100.00000 
-0.11591 -100.00000 
-0.00001 -100.00000 
-0.18674 -100.00000 
-100.00000 -100.00000 
-100.00000 -100.00000 
-100.00000 -100.00000 
 0.00003 -100.00000 
-100.00000 -100.00000 
-0.43771  0.15673 
-0.12008  0.00008 
-100.00000 -100.00000 
-100.00000 -100.00000 
-0.12236  0.13788 
-100.00000 -100.00000 
-100.00000 -100.00000 
-100.00000 -100.00000 
-100.00000 -100.00000 
-100.00000  0.13751 
-0.55030 -100.00000 
 0.24996 -100.00000 
-0.00005 -0.20378 
-0.19378  0.17750 
-100.00000 -100.00000 
-100.00000 -100.00000 
-100.00000 -100.00000 
-0.21733  0.30090 
-0.16320 -100.00000 
 0.00000  0.00000 
-100.00000 -100.00000 
-100.00000 -100.00000 
-0.34130 -100.00000 
 0.06905 -100.00000 
-100.00000 -100.00000 
-100.00000 -100.00000 
-100.00000  0.31500 
-100.00000 -100.00000 
-100.00000 -100.00000 
-0.16290 -100.00000 
-100.00000 -0.20054 
-100.00000 -100.00000 
-0.75729 -0.04758 
-100.00000 -0.20107 
