-100.00000 -100.00000 
 0.06068 -0.03086 
-0.14218  0.58482 
 0.11578 -0.00032 
 0.48536 -0.15607 
-0.00015  0.00057 
 0.00048 -0.15504 
-100.00000  0.00005 
-0.00009 -0.00016 
-0.00004 -0.00033 
 0.30566  0.22770 
-0.00001 -0.00019 
-0.14675 -100.00000 
 0.06063  0.00000 
-100.00000 -100.00000 
 0.05901  0.04627 
-0.71018 -0.15765 
 0.13049  0.60763 
-100.00000 -100.00000 
-100.00000 -0.00003 
-0.14658 -0.00011 
 0.00000 -0.15427 
 0.00000  0.00000 
-0.00007 -0.00023 
-100.00000 -0.00022 
-100.00000 -0.15432 
 0.00000 -100.00000 
-100.00000  0.00002 
-0.13854 -0.29364 
-100.00000 -0.00002 
 0.39287  0.33871 
-100.00000 -100.00000 
 0.26307 -0.29359 
 0.00478  0.51398 
-100.00000 -100.00000 
-100.00000  0.00025 
 0.13718  0.00112 
 0.29421 -0.16388 
-100.00000 -100.00000 
 0.48544  0.10887 
-0.03792  0.04779 
-0.01009 -0.39750 
-100.00000  0.13761 
-100.00000  0.00003 
-100.00000 -100.00000 
 0.00001 -0.00004 
 0.26295  0.48525 
-100.00000 -100.00000 
-100.00000 -100.00000 
-100.00000 -100.00000 
-0.17078  0.47677 
 0.44460  0.02601 
-0.34298 -0.84041 
-0.00006 -100.00000 
-100.00000 -100.00000 
 0.00000  0.00000 
 0.13742 -0.81811 
-100.00000  0.00000 
-0.27863 -0.15185 
 0.00007 -0.00078 
-0.00008  0.00013 
 0.04822 -0.26604 
 0.00000  0.00000 
-100.00000 -0.00040 
 0.07884 -0.41470 
-100.00000  0.00003 
-100.00000 -100.00000 
 0.00001 -0.39925 
-0.00002  0.00001 
 0.00000  0.00000 
-0.74465 -0.38281 
-0.00896 -0.00003 
-100.00000  0.25130 
-100.00000 -0.00018 
-100.00000  4.10875 
 0.00000  0.00000 
-0.14195 -0.50833 
-100.00000 -100.00000 
-0.14690  0.00004 
 0.00000  0.00000 
-100.00000  0.00014 
-100.00000  0.00001 
-0.47272  0.39955 
-0.28100 -0.29194 
 0.54130  0.05561 
-0.42528 -0.26816 
-100.00000 -100.00000 
-0.00007 -0.00027 
-0.58309 -0.93944 
-0.35509 -0.42697 
 0.20959  0.15312 
-0.44451 -0.87432 
 0.37853  0.22415 
-0.03222  0.99795 
-0.00006  0.00001 
-100.00000 -0.00002 
-100.00000  0.13759 
-0.13561 -0.10487 
-0.81391 -0.82450 
 0.26284 -0.15394 
 0.06711 -0.49807 
 0.03615  0.22924 
 0.80450  0.68686 
-0.17038 -0.00022 
 0.00000  0.00000 
-0.06168 -100.00000 
-0.16221 -0.41878 
-0.00000  0.00001 
-100.00000 -100.00000 
 0.00000  0.00000 
 0.88503 -0.57818 
 0.00019 -100.00000 
-0.59709 -0.89891 
-0.57933  0.75573 
 0.10001 -0.15354 
 0.33309  0.36214 
 0.19726  0.33658 
-100.00000 -100.00000 
 0.12757  0.24881 
-0.21472  0.27596 
 0.00002 -0.00005 
-0.00004 -0.00008 
-0.18864  0.21418 
 0.00004  0.44033 
-0.00036 -0.00008 
 0.45793  0.00007 
 0.26304 -0.39871 
-0.00016 -100.00000 
-0.62946 -0.55321 
-0.20693 -0.04241 
-0.00000 -0.00008 
-0.64391  0.49342 
-100.00000 -100.00000 
 0.00000  0.00001 
-100.00000 -0.15357 
-0.02989 -1.06154 
 0.25910  0.70054 
-0.56219 -0.05510 
-0.38963 -0.29193 
-0.16213  0.00008 
-0.00008 -100.00000 
-100.00000 -100.00000 
-100.00000 -100.00000 
-0.16711 -1.06716 
-0.70036 -0.20104 
 0.04005 -0.33106 
 0.00000  0.00000 
-100.00000 -0.00081 
-100.00000 -100.00000 
-0.03503 -0.62096 
-0.00004 -0.00028 
 0.00011  0.00003 
 0.24696 -1.34476 
 0.13784 -0.15687 
-0.04121  0.40591 
 0.00000  0.00000 
-0.36012 -0.83245 
 0.42646 -0.16700 
-0.07445 -0.46709 
-0.00003  0.00002 
 0.00004  0.00002 
 0.20437  0.36627 
-100.00000 -100.00000 
 0.00009 -0.00016 
-100.00000 -100.00000 
-0.02470 -0.48106 
-100.00000 -100.00000 
-0.16202 -0.53511 
-0.99229 -0.25441 
-100.00000 -0.41956 
 0.00000  0.00000 
-0.14873 -0.31219 
-0.76321  0.09848 
 0.00004 -0.00013 
-0.65503 -1.42919 
-100.00000 -0.64785 
-0.00005 -0.00010 
-0.13017  0.06252 
 0.00017  0.56308 
-0.17714  0.00024 
-0.00009 -0.00008 
-0.02397 -0.00023 
-100.00000 -100.00000 
-0.30764 -1.16142 
-0.04492  0.52799 
 0.00000  0.00000 
-100.00000 -0.15371 
 0.62047 -0.59513 
-100.00000  0.13741 
 0.00005 -0.00008 
 0.00064 -100.00000 
-100.00000 -100.00000 
-0.48072  0.00011 
 0.00000  0.00000 
-0.48124 -0.13661 
-100.00000 -100.00000 
-0.00018 -0.00084 
-100.00000 -100.00000 
-0.00023 -0.00034 
-0.56233  1.48916 
 0.45662 -0.32905 
 0.07802  0.17096 
-0.11467  0.48833 
-0.00001 -0.00004 
-0.33732 -0.39356 
 0.07837 -1.20430 
-100.00000 -100.00000 
 0.00003  0.00013 
-0.13553  0.16831 
-0.38004  2.24508 
 0.00000  0.00000 
 0.08522 -0.69821 
-0.79211 -0.14568 
-0.00017  0.00117 
-0.17876 -100.00000 
-0.00012 -0.14699 
-100.00000 -100.00000 
-100.00000 -0.00029 
 0.42790 -0.53283 
-0.53055 -0.77536 
 0.01206  0.40004 
-0.00016 -0.00017 
-0.60208 -0.34549 
 0.45413 -0.49874 
-0.43109 -0.21977 
-0.00013 -0.00076 
 0.13716 -0.50510 
-100.00000 -100.00000 
-0.48652 -0.86898 
 0.00012 -0.00043 
-0.02656 -0.00834 
-0.39188  0.87585 
 0.48827  0.09371 
-100.00000  0.00254 
-0.00075  0.13503 
-0.04321 -0.00097 
-0.12563 -0.56795 
-0.03073  0.14609 
-0.00010 -0.00006 
-100.00000  0.13533 
 0.00000  0.00000 
-0.35942  0.49164 
-100.00000 -100.00000 
 0.13093  0.00153 
-0.00011  0.00003 
-0.00008 -0.00047 
-0.18343 -0.00270 
-100.00000 -100.00000 
 0.00018 -0.00018 
-0.00001 -100.00000 
 0.38247  0.00287 
-100.00000 -100.00000 
 0.00000  0.00000 
-0.31129 -0.91670 
-100.00000 -0.02820 
-100.00000 -100.00000 
-0.47464 -1.77801 
 0.00001 -0.00003 
 0.33042  0.18065 
-0.90640 -0.14383 
-100.00000 -100.00000 
 0.00000  0.00000 
-100.00000 -100.00000 
-100.00000 -0.00009 
-100.00000 -100.00000 
 0.13743 -0.00597 
-100.00000 -100.00000 
 0.03488 -0.47002 
-100.00000  0.00154 
 0.35321 -0.57611 
-0.00023 -0.00017 
-0.37746  0.80133 
-100.00000 -100.00000 
 0.12491  0.97162 
 0.00945 -0.10120 
 0.00000  0.00000 
 0.13792  0.33531 
 0.19375 -0.50373 
 0.08367 -0.00001 
 0.00000  0.00000 
-0.00009 -0.00009 
-100.00000 -0.00003 
-0.00012 -0.00055 
-0.00023 -0.00002 
 0.15375 -1.03393 
 0.07098  0.22721 
 0.00013 -0.00008 
-100.00000 -0.52920 
-0.37096 -0.67420 
 0.17304  0.23882 
-0.28938 -0.01334 
 0.00008 -0.00015 
-100.00000 -0.00028 
 0.02889  0.15092 
 0.26302 -0.01385 
 0.00011  0.00022 
-100.00000 -100.00000 
-100.00000 -100.00000 
 0.00001 -0.73330 
 0.00000  0.00000 
 0.26327  0.11144 
-100.00000 -100.00000 
-0.15199 -1.06561 
-0.75711 -0.14778 
-0.02640 -1.75909 
-0.00007 -100.00000 
-100.00000 -100.00000 
 0.00002 -0.00007 
 0.00006  0.00004 
-100.00000 -100.00000 
-100.00000 -0.00008 
-0.31986  0.43502 
-100.00000 -100.00000 
 0.19570  0.26253 
 0.41350 -0.67353 
 0.00024 -100.00000 
 0.00000  0.00000 
-0.15067 -0.20626 
-0.00010 -0.15108 
-100.00000 -0.15132 
 0.00019 -100.00000 
-0.00013 -0.00014 
 0.37886 -0.00021 
 0.40609  0.36681 
 0.45883  0.05524 
-0.38552  0.35211 
 0.13747 -0.00014 
-0.00003  0.00007 
-0.19979  0.11280 
-100.00000 -100.00000 
-0.01585  0.00008 
-100.00000  0.00035 
 0.00000  0.00000 
-100.00000 -100.00000 
 0.06571 -0.13217 
-100.00000 -100.00000 
-100.00000  0.77345 
-100.00000  0.00006 
-0.30554 -100.00000 
-100.00000 -100.00000 
-100.00000  0.00001 
 0.00005 -0.00007 
-0.18170  0.42099 
 0.00000  0.00000 
-100.00000 -100.00000 
 0.00000 -0.00001 
 0.00000  0.00000 
-100.00000  0.00008 
-100.00000  0.00002 
-100.00000 -100.00000 
 0.00000  0.00000 
-0.00006  0.00011 
-100.00000 -100.00000 
 0.24317  0.36834 
 0.00000  0.00000 
 0.00000  0.00000 
 0.00008  0.13755 
-100.00000 -100.00000 
 0.00000  0.00000 
-100.00000 -0.00024 
-0.00021 -100.00000 
 0.84887 -0.00365 
 0.00000  0.00000 
 0.00000 -0.28820 
 0.00007 -0.00005 
 0.00000  0.00000 
 0.00000  0.00098 
-0.15178  0.00020 
 0.00022 -0.00058 
-0.00003  0.26210 
-100.00000 -100.00000 
 0.52073  0.12331 
-0.15157 -0.00006 
 0.00000  0.00000 
-0.00010 -0.15161 
 0.00000  0.00000 
 0.00008  0.00006 
-100.00000  0.48525 
-0.73562 -0.24817 
-0.45811 -0.38268 
 0.00004 -0.00022 
-0.00038 -0.29114 
 0.25740  0.30203 
-100.00000 -100.00000 
 0.00016 -0.15253 
-0.00071 -0.62646 
-0.21508 -100.00000 
-100.00000 -0.00013 
-100.00000 -100.00000 
 0.00000  0.00000 
-100.00000 -100.00000 
-100.00000  0.00004 
 0.00012 -0.00008 
-100.00000 -100.00000 
 0.00007 -100.00000 
-100.00000 -100.00000 
-0.00012  1.18962 
-0.07706 -0.15433 
-100.00000 -100.00000 
 0.20368 -0.46737 
 0.00026 -100.00000 
 0.00026 -0.00020 
-0.03677 -0.15315 
 0.06667  0.01887 
-0.08925  0.74685 
 0.44693 -0.15297 
-100.00000  0.00027 
-0.07708 -0.27912 
-0.26417 -0.40332 
 0.00000  0.00000 
-0.00121 -0.34088 
-0.31042 -1.15813 
-0.00001  0.00001 
-0.88680  0.80834 
-0.48681 -0.59026 
 0.00007  0.00050 
-0.91024 -0.23777 
-100.00000 -100.00000 
-0.08977  0.30958 
-100.00000  0.00008 
 0.47050  0.07444 
-100.00000 -100.00000 
 0.00006  0.00006 
-100.00000 -100.00000 
-100.00000 -0.00019 
-100.00000  0.00006 
 0.26312  0.11321 
-0.85420 -0.55774 
-0.14864  0.09913 
 0.00000  0.00000 
-0.00008  0.00015 
-0.00016 -0.00043 
 0.83242 -0.39454 
-0.00003 -0.00002 
-0.23464 -0.00010 
-100.00000 -100.00000 
 0.00017  0.00006 
-100.00000 -100.00000 
-0.40438 -100.00000 
-0.13383  0.89927 
 0.00007 -0.00005 
-100.00000 -0.00009 
-0.00010 -0.15212 
-100.00000 -100.00000 
-100.00000 -100.00000 
 0.29408 -0.10771 
-100.00000 -100.00000 
 0.46726  0.56742 
-0.31459 -0.12544 
-100.00000 -100.00000 
-0.00003 -0.00001 
-0.25099  0.03818 
 0.00009  0.00011 
-100.00000 -100.00000 
 0.15562  0.40088 
 0.18369 -0.37542 
-100.00000 -100.00000 
 0.16388 -100.00000 
-100.00000 -0.00005 
-100.00000 -0.28981 
-100.00000 -100.00000 
 0.00005 -0.00007 
 0.40651  0.28114 
 0.00003 -0.06211 
-100.00000  0.08755 
-100.00000 -0.81855 
-0.19861  0.41744 
-0.00007 -0.29111 
-100.00000 -0.00012 
-100.00000 -0.07244 
-0.45220 -0.91543 
-100.00000 -100.00000 
 0.26315 -0.34714 
-0.21518 -0.41746 
-0.54908 -0.41801 
-100.00000 -1.82024 
 0.00000  0.00000 
-100.00000  0.00002 
 0.00000  0.00000 
 0.00012  0.00000 
-0.00004 -0.00052 
-0.05086 -0.40059 
 0.00008 -0.00218 
-100.00000 -0.00028 
-100.00000 -0.00018 
-0.19349 -0.16227 
 0.13749 -0.17411 
-0.39414  0.10697 
-100.00000 -100.00000 
-0.17990 -0.07672 
-0.00004 -0.00005 
-100.00000 -100.00000 
-0.07659 -0.21584 
 0.18517 -0.07112 
-100.00000 -0.18188 
 0.35092 -0.22449 
-0.91977 -1.02479 
 0.00000  0.00000 
 0.04719 -0.90639 
 0.00003 -0.00050 
-0.07784 -0.12075 
-0.61718  0.06712 
-0.28896  0.23395 
 0.34685 -0.12291 
-0.00004  0.00002 
-0.19346 -0.50351 
-0.15312 -1.36488 
-0.08243 -0.70480 
 0.01837 -0.30202 
 0.14360 -0.56717 
-0.34210 -0.56738 
-0.59666 -0.95315 
 0.23741 -0.21633 
 0.12853 -0.45208 
 0.24991 -0.11643 
-100.00000 -100.00000 
 0.11326 -0.05578 
 0.00000  0.00000 
-0.11894 -100.00000 
-0.19376 -0.00003 
-0.00011 -0.00013 
 0.15886  0.46540 
 0.25309 -0.04689 
-100.00000 -0.43762 
 0.00000  0.00000 
 0.13430  0.28798 
 1.26354  0.00011 
-0.00015  0.48585 
-100.00000 -100.00000 
-100.00000  0.13744 
-100.00000 -100.00000 
-100.00000 -100.00000 
-0.12008  0.00002 
-100.00000  0.00001 
 0.14317 -1.04411 
-0.35157  0.00008 
-100.00000 -100.00000 
-0.53694  0.35459 
 0.00000 -0.00010 
 0.25931 -0.67862 
-0.11905 -0.00009 
-0.00009  0.00000 
-0.00004 -0.31125 
-0.11927 -0.00013 
-100.00000 -100.00000 
-100.00000 -100.00000 
 0.00000  0.00000 
-0.04763  0.40333 
-100.00000 -100.00000 
 0.06721 -0.92490 
 0.26325 -1.35797 
 0.01001 -0.70440 
-0.17098  0.38257 
 0.01850  0.00017 
-0.11907 -0.16433 
-0.42632  0.04044 
 0.00000  0.00000 
-0.00015  0.00021 
-0.00003  0.00014 
-0.00004  0.00004 
-0.19309  0.48543 
 0.13943  1.25108 
-100.00000 -100.00000 
-0.22882  0.00004 
-100.00000  0.00037 
