-100.00000 -100.00000 
-0.13787 -100.00000 
 0.44648 -100.00000 
-100.00000 -100.00000 
-100.00000 -100.00000 
-100.00000 -100.00000 
-0.14615 -0.15077 
-100.00000 -100.00000 
-100.00000 -100.00000 
-0.00925 -100.00000 
-100.00000 -100.00000 
-100.00000 -100.00000 
-100.00000 -100.00000 
-0.35440 -0.02387 
-100.00000 -100.00000 
 0.00000  0.00000 
-100.00000 -100.00000 
 0.00000  0.00000 
-100.00000 -100.00000 
-100.00000 -100.00000 
-100.00000 -100.00000 
-100.00000 -100.00000 
-0.11737  0.52202 
-0.14654 -0.15075 
-100.00000 -100.00000 
-100.00000 -100.00000 
 0.28189  0.42902 
-0.23012  0.11154 
-100.00000 -100.00000 
-100.00000 -100.00000 
 0.00000  0.00000 
-100.00000 -100.00000 
-0.14673 -0.15104 
 0.00000  0.00000 
-100.00000 -100.00000 
-100.00000 -100.00000 
-100.00000 -100.00000 
-0.42776  0.33451 
-100.00000 -100.00000 
 0.08948  0.25168 
-100.00000 -100.00000 
-100.00000 -100.00000 
-100.00000 -100.00000 
-100.00000 -100.00000 
-0.01123 -100.00000 
-100.00000 -100.00000 
-100.00000  0.13729 
-0.22717  0.40915 
-100.00000 -100.00000 
-100.00000 -100.00000 
-0.29917  0.49010 
 0.00000  0.00000 
-100.00000  0.00025 
-100.00000 -100.00000 
-0.39952 -0.28718 
-100.00000 -100.00000 
-100.00000 -100.00000 
-100.00000 -100.00000 
-100.00000 -100.00000 
-100.00000 -100.00000 
-100.00000 -100.00000 
-100.00000  0.26254 
-100.00000 -100.00000 
-100.00000 -100.00000 
-0.59122 -0.09904 
-100.00000 -100.00000 
-100.00000 -100.00000 
 1.03073 -0.15145 
-100.00000 -100.00000 
-0.05442 -0.28807 
-100.00000 -0.03458 
-100.00000 -100.00000 
 0.03872 -0.03030 
-100.00000 -100.00000 
-100.00000 -100.00000 
-100.00000 -100.00000 
-100.00000 -100.00000 
-100.00000 -100.00000 
-100.00000 -100.00000 
-100.00000 -100.00000 
-0.28458 -0.06943 
-100.00000 -100.00000 
-0.53028 -0.35336 
-100.00000 -100.00000 
 0.00000  0.00000 
 0.97196 -100.00000 
-100.00000 -100.00000 
 0.13743 -100.00000 
-0.33696 -0.12036 
-0.23744 -0.14580 
-100.00000 -0.76574 
 0.13682 -100.00000 
-100.00000 -100.00000 
-100.00000 -100.00000 
 0.13744 -0.01328 
-100.00000 -100.00000 
-100.00000 -100.00000 
 0.17782 -0.24632 
 0.71144 -0.62186 
-100.00000 -0.99261 
-0.23601 -0.12359 
-100.00000 -100.00000 
-0.45770 -0.00657 
 0.09538 -0.19581 
-100.00000 -100.00000 
-100.00000 -100.00000 
-100.00000 -100.00000 
-0.16207 -0.00010 
-100.00000 -100.00000 
-100.00000 -100.00000 
 0.00000  0.00000 
-100.00000 -100.00000 
-0.00052 -100.00000 
 0.00000  0.00000 
-100.00000 -100.00000 
 0.15388  0.30002 
 0.48546  0.29503 
-100.00000 -100.00000 
-100.00000 -100.00000 
-0.47853  0.16865 
-100.00000 -100.00000 
-100.00000 -100.00000 
-100.00000 -100.00000 
 0.13754 -0.12546 
-100.00000 -100.00000 
-0.53537 -100.00000 
 0.00001 -100.00000 
-100.00000 -100.00000 
 0.32658  0.07185 
-100.00000 -100.00000 
-100.00000 -100.00000 
 0.32350  0.02040 
-100.00000 -100.00000 
-100.00000 -100.00000 
-0.42484 -0.61806 
-0.55191 -0.47946 
-0.49303 -0.50516 
-100.00000 -100.00000 
-100.00000 -100.00000 
-100.00000 -100.00000 
-100.00000 -100.00000 
 0.00515  0.07160 
-100.00000 -100.00000 
-100.00000 -100.00000 
 0.32245 -0.52341 
 0.16478  0.06300 
-100.00000 -100.00000 
-100.00000 -100.00000 
-100.00000 -100.00000 
-100.00000 -100.00000 
-100.00000 -100.00000 
-100.00000 -100.00000 
 0.00077 -100.00000 
-0.31651  0.44862 
-0.00855 -100.00000 
 0.00021 -0.72268 
-0.86884  0.07101 
-100.00000 -100.00000 
-100.00000  0.01672 
-100.00000 -100.00000 
-100.00000 -100.00000 
-100.00000 -100.00000 
-0.28733 -0.27147 
-100.00000 -100.00000 
-100.00000 -100.00000 
-100.00000 -100.00000 
-100.00000 -100.00000 
-100.00000 -100.00000 
-100.00000 -100.00000 
-0.30993 -100.00000 
 0.43961  0.23216 
 0.00000  0.00000 
-0.03621  0.05177 
-100.00000 -100.00000 
-0.29377 -100.00000 
-100.00000 -100.00000 
-100.00000 -100.00000 
-100.00000 -100.00000 
 0.32758  0.22627 
-100.00000 -0.00000 
-100.00000  0.00004 
-100.00000 -100.00000 
 0.08513  0.16374 
-0.47648 -0.28511 
-100.00000 -100.00000 
-0.44118 -100.00000 
-100.00000 -100.00000 
-0.38804 -0.41808 
-0.02465  0.00009 
-100.00000 -100.00000 
-100.00000 -100.00000 
-100.00000 -100.00000 
-100.00000 -100.00000 
-0.14475 -0.52944 
-100.00000 -100.00000 
-100.00000 -100.00000 
-0.00018 -100.00000 
-100.00000 -100.00000 
-100.00000 -100.00000 
-100.00000 -100.00000 
-100.00000  0.16280 
 0.00000  0.00000 
-0.07430 -0.29530 
-100.00000 -100.00000 
 0.05186 -100.00000 
-0.34845 -100.00000 
-100.00000 -100.00000 
-100.00000 -100.00000 
-0.20085 -100.00000 
-0.19558  0.70064 
 0.00454 -100.00000 
 0.68356 -1.10054 
-0.48098 -0.27411 
-100.00000 -0.00009 
-100.00000 -0.00002 
-0.17858 -100.00000 
-100.00000 -100.00000 
-100.00000 -100.00000 
-0.00012 -100.00000 
 0.06690 -100.00000 
 0.29603  0.60943 
-100.00000 -100.00000 
 0.04579 -0.20720 
-100.00000 -100.00000 
-100.00000 -100.00000 
-0.00013 -0.00003 
-0.00034 -100.00000 
-100.00000 -100.00000 
-0.54080 -0.20734 
-100.00000 -100.00000 
-0.33797 -0.33401 
 0.49573 -0.34024 
-100.00000 -100.00000 
-100.00000 -100.00000 
-100.00000 -100.00000 
-0.07819 -100.00000 
-0.95932 -0.00053 
 0.00000  0.00000 
-100.00000 -100.00000 
-100.00000 -100.00000 
-100.00000 -100.00000 
-100.00000 -100.00000 
-100.00000 -100.00000 
 0.28103  0.63884 
-100.00000 -100.00000 
 0.13742 -100.00000 
-100.00000 -100.00000 
-100.00000  0.13776 
-100.00000 -100.00000 
-100.00000 -100.00000 
-0.11529 -0.38912 
-100.00000 -100.00000 
-0.20308 -100.00000 
 0.00000  0.00000 
-100.00000 -100.00000 
-100.00000 -100.00000 
-100.00000 -100.00000 
-100.00000 -100.00000 
 0.07246 -0.57268 
-100.00000 -100.00000 
-100.00000 -100.00000 
-0.28145  1.01751 
-0.25572  0.41669 
-100.00000 -100.00000 
-100.00000 -100.00000 
-100.00000 -100.00000 
-100.00000 -100.00000 
-100.00000 -100.00000 
-100.00000 -0.00003 
-100.00000  0.00823 
-100.00000 -100.00000 
-100.00000 -100.00000 
-100.00000 -100.00000 
-0.25558 -0.06176 
-100.00000 -100.00000 
 0.19450  0.09065 
-0.25541 -100.00000 
 0.40618  0.45900 
-100.00000 -100.00000 
 0.42281  0.15851 
-100.00000 -100.00000 
-100.00000 -100.00000 
-100.00000 -100.00000 
-100.00000 -100.00000 
 0.00900  0.32846 
-100.00000 -100.00000 
-0.73593 -0.38320 
-100.00000 -100.00000 
 0.11251 -100.00000 
-0.26394  0.40990 
-100.00000 -100.00000 
 0.11951  0.27939 
-100.00000 -100.00000 
-0.49964 -100.00000 
-100.00000 -100.00000 
-100.00000 -100.00000 
-100.00000 -100.00000 
-100.00000 -100.00000 
-0.21049  0.00113 
-100.00000 -100.00000 
 0.63737  0.00393 
-100.00000 -100.00000 
-0.14941  0.61916 
-100.00000 -100.00000 
-0.66670 -0.09770 
-100.00000 -100.00000 
-100.00000 -100.00000 
-100.00000 -100.00000 
-100.00000 -100.00000 
-0.01798  0.28700 
-100.00000 -100.00000 
-0.24988 -0.14067 
-100.00000 -100.00000 
 0.05414  0.48529 
-100.00000 -100.00000 
-100.00000 -100.00000 
-100.00000 -100.00000 
 0.07100 -0.37718 
-100.00000 -100.00000 
-100.00000 -100.00000 
-100.00000 -100.00000 
-0.41404 -100.00000 
-0.45076 -0.12368 
-100.00000 -100.00000 
-100.00000 -100.00000 
-100.00000 -100.00000 
-100.00000 -100.00000 
-100.00000 -100.00000 
-100.00000 -100.00000 
-100.00000 -100.00000 
-100.00000 -100.00000 
-100.00000 -100.00000 
-100.00000 -100.00000 
-100.00000 -100.00000 
-100.00000 -100.00000 
-0.17796 -100.00000 
-100.00000  0.48616 
-100.00000 -100.00000 
-100.00000 -100.00000 
-100.00000 -100.00000 
-100.00000 -100.00000 
-100.00000  0.00010 
-100.00000 -100.00000 
 0.15142 -0.46741 
-100.00000 -100.00000 
-100.00000 -100.00000 
-100.00000 -100.00000 
-0.27801 -0.13753 
-100.00000 -100.00000 
 0.17032 -0.23845 
-0.59050  0.28217 
-100.00000 -100.00000 
-100.00000 -100.00000 
-0.03870  0.04049 
-100.00000 -100.00000 
-100.00000 -100.00000 
-100.00000 -100.00000 
-100.00000  0.00017 
-100.00000 -100.00000 
-100.00000 -100.00000 
-100.00000 -100.00000 
 0.00000  0.00000 
-100.00000 -100.00000 
-100.00000 -100.00000 
-100.00000 -100.00000 
 0.12523  0.17703 
-100.00000 -100.00000 
-0.00012 -100.00000 
-100.00000 -100.00000 
-100.00000 -100.00000 
 0.20383  0.42250 
-0.53674  0.40096 
-0.39185 -100.00000 
-100.00000 -100.00000 
-0.15096  0.32587 
 0.75307 -0.46297 
-0.01405  0.26307 
-100.00000 -100.00000 
-100.00000 -100.00000 
 0.00000  0.00000 
-100.00000 -100.00000 
-100.00000 -0.53239 
-100.00000 -100.00000 
-100.00000 -100.00000 
-100.00000 -100.00000 
 0.08358  0.09665 
-0.26474  0.26321 
-100.00000 -100.00000 
 0.07455 -0.22587 
-100.00000 -100.00000 
-100.00000 -100.00000 
-100.00000 -100.00000 
-0.20801  0.89790 
-100.00000 -100.00000 
-100.00000 -100.00000 
 0.68722  0.45969 
-100.00000 -100.00000 
-0.21457 -0.00010 
-100.00000 -100.00000 
-0.61575 -0.10082 
-100.00000 -100.00000 
-100.00000 -100.00000 
-0.00203 -0.21352 
-100.00000 -100.00000 
-100.00000 -100.00000 
-100.00000 -100.00000 
-100.00000 -100.00000 
-0.79516 -0.24260 
-100.00000 -100.00000 
-0.20519  0.49918 
-100.00000 -100.00000 
-0.82301  0.39377 
-100.00000 -100.00000 
 0.08883  0.03490 
 0.35239  0.58487 
-100.00000 -100.00000 
-100.00000 -0.78366 
-100.00000 -100.00000 
-100.00000 -100.00000 
-100.00000 -100.00000 
-0.98926 -1.77444 
-0.13074  0.58514 
-100.00000 -100.00000 
-0.16354 -0.76060 
-100.00000 -100.00000 
-100.00000 -100.00000 
-100.00000  0.13795 
 0.00000  0.00000 
 0.00000  0.00000 
-100.00000 -100.00000 
-100.00000 -100.00000 
-100.00000 -100.00000 
 0.00000  0.00000 
-100.00000 -100.00000 
-100.00000 -100.00000 
-100.00000 -100.00000 
-100.00000  0.13744 
 0.19516 -0.04743 
-100.00000 -100.00000 
 0.00001  0.58487 
-100.00000 -100.00000 
-100.00000 -100.00000 
-100.00000  0.26306 
-100.00000 -100.00000 
-100.00000 -100.00000 
-0.26401  0.05043 
 0.01868 -0.15315 
-0.33655 -0.96544 
-100.00000 -100.00000 
-100.00000 -100.00000 
-100.00000 -100.00000 
 0.00000  0.00000 
-100.00000 -100.00000 
-100.00000 -100.00000 
 0.00000  0.00000 
 0.48544  1.00024 
 0.27068  0.00405 
-100.00000 -100.00000 
-100.00000 -100.00000 
-0.00304 -0.03364 
-100.00000 -100.00000 
-100.00000 -100.00000 
-0.06809  0.62147 
-100.00000 -100.00000 
-100.00000 -100.00000 
-100.00000 -100.00000 
-100.00000 -100.00000 
-100.00000 -100.00000 
-100.00000 -100.00000 
-100.00000 -100.00000 
-0.08948  0.84593 
-0.20918 -0.26181 
 0.37863  0.26330 
-100.00000 -100.00000 
-0.23017 -0.74326 
-100.00000 -100.00000 
-100.00000 -100.00000 
 0.73822  0.22102 
-100.00000 -100.00000 
-100.00000 -100.00000 
-100.00000 -100.00000 
-0.19432 -0.54172 
-100.00000 -100.00000 
-0.11900 -0.20130 
-100.00000 -100.00000 
 0.00002 -100.00000 
-100.00000 -100.00000 
 0.00000  0.00000 
 0.11091 -0.22914 
-1.35487  0.26342 
-100.00000 -100.00000 
-100.00000 -100.00000 
 0.07358 -0.55161 
-100.00000 -100.00000 
-100.00000 -100.00000 
-100.00000 -100.00000 
 0.15655 -0.72888 
-100.00000 -0.00003 
-100.00000 -0.66733 
-100.00000  0.00005 
 0.00000  0.00000 
-100.00000 -100.00000 
-100.00000 -100.00000 
-100.00000 -100.00000 
 0.26299 -100.00000 
-100.00000 -100.00000 
-0.31967 -0.04848 
 0.05903 -0.15577 
-100.00000 -100.00000 
 0.14360 -100.00000 
-100.00000 -100.00000 
 0.23335 -0.03745 
 0.24902 -100.00000 
 0.25408 -0.42691 
-0.28210 -100.00000 
-100.00000 -100.00000 
 0.00000  0.00000 
-100.00000 -100.00000 
-100.00000 -100.00000 
 0.15416 -0.00010 
-100.00000 -100.00000 
 0.23919  1.46100 
-100.00000 -0.04461 
-0.11591  0.00015 
 0.23404  0.11233 
-100.00000  0.00018 
 0.25689 -0.27045 
-0.12903 -100.00000 
-100.00000 -100.00000 
-100.00000 -100.00000 
-100.00000 -100.00000 
-100.00000 -0.00000 
-0.12008  0.48551 
-100.00000 -100.00000 
-100.00000 -100.00000 
-100.00000  0.00037 
-100.00000  0.00004 
-100.00000 -100.00000 
-100.00000 -100.00000 
-100.00000 -100.00000 
-100.00000 -100.00000 
-100.00000 -100.00000 
-100.00000 -100.00000 
-0.06866  0.37851 
-100.00000 -100.00000 
-100.00000 -100.00000 
-100.00000 -100.00000 
-100.00000 -100.00000 
-100.00000 -100.00000 
-100.00000 -100.00000 
-100.00000 -100.00000 
-100.00000 -100.00000 
-100.00000 -100.00000 
-100.00000 -100.00000 
-100.00000 -100.00000 
-0.11850 -0.63560 
-100.00000 -100.00000 
-100.00000 -100.00000 
-100.00000 -100.00000 
-100.00000 -100.00000 
-100.00000 -100.00000 
-0.09128 -100.00000 
-100.00000 -100.00000 
 0.25957 -100.00000 
-100.00000 -100.00000 
