-100.00000 -100.00000 
-0.11137 -0.07996 
 0.69297 -0.70273 
-100.00000 -0.29284 
 0.16463  0.00045 
 0.39826  0.48600 
-100.00000 -0.40071 
-100.00000 -100.00000 
-100.00000 -0.15455 
 0.00000  0.00000 
-100.00000 -0.38285 
-100.00000  0.33098 
-100.00000 -100.00000 
-100.00000 -100.00000 
-100.00000 -100.00000 
 0.23053 -0.05295 
-100.00000 -100.00000 
 0.08386 -0.15779 
-0.13978 -100.00000 
-100.00000 -100.00000 
-0.11752 -0.75398 
-100.00000 -100.00000 
-100.00000 -100.00000 
 0.00000  0.00000 
-0.27364 -0.10563 
-100.00000 -100.00000 
 0.26304 -0.15358 
-0.14237 -0.15398 
-100.00000 -100.00000 
-100.00000 -100.00000 
 0.09789  0.16628 
-100.00000 -100.00000 
-100.00000 -100.00000 
-0.13886  0.38875 
-100.00000 -100.00000 
-100.00000 -100.00000 
 0.23396 -0.60706 
-100.00000 -100.00000 
-100.00000 -100.00000 
-100.00000 -100.00000 
-100.00000 -100.00000 
-100.00000 -100.00000 
-100.00000 -100.00000 
-100.00000 -100.00000 
 0.30143 -0.26951 
-0.36191 -0.47632 
-0.95784 -0.26013 
-100.00000 -100.00000 
-100.00000 -100.00000 
-100.00000 -100.00000 
-100.00000 -100.00000 
-0.14879  0.50813 
-0.45597 -0.14801 
-0.16607  0.26291 
-100.00000 -100.00000 
-100.00000 -0.00011 
-0.14954 -0.15279 
 0.00001 -100.00000 
-0.12792 -0.22922 
 0.29515 -1.26929 
-100.00000 -100.00000 
-0.11985 -0.83882 
-100.00000 -100.00000 
-100.00000 -100.00000 
-0.02037 -0.41470 
-100.00000 -100.00000 
-100.00000 -100.00000 
-0.37723 -0.60484 
-100.00000  0.00001 
-100.00000 -100.00000 
-0.14696 -0.74632 
 0.04733 -0.48947 
-100.00000 -100.00000 
-100.00000 -100.00000 
-0.14758 -100.00000 
-100.00000 -100.00000 
-100.00000 -100.00000 
-100.00000 -100.00000 
-0.00011 -0.15421 
-100.00000 -100.00000 
-100.00000 -100.00000 
-100.00000 -100.00000 
-100.00000 -0.03090 
 0.16104 -0.15914 
 0.25196 -0.28351 
-0.17682 -0.19537 
-100.00000 -100.00000 
 0.13743 -0.15467 
 0.45905  0.68728 
 0.08385  0.65129 
-0.80615 -0.29431 
-0.14242  0.33082 
-100.00000 -100.00000 
 0.11631 -0.04211 
 0.00000  0.00000 
-100.00000 -100.00000 
-100.00000 -100.00000 
-100.00000 -100.00000 
-0.20407 -1.08754 
-0.17040 -0.38092 
-100.00000 -100.00000 
-0.07555 -0.28229 
-100.00000 -100.00000 
-0.33053 -0.32839 
-100.00000 -100.00000 
-100.00000 -0.00002 
 0.24885 -0.08049 
 0.00000  0.00000 
-100.00000 -100.00000 
-100.00000 -100.00000 
-0.49481 -0.50238 
-100.00000 -100.00000 
-0.51427 -0.15404 
-0.06216 -0.82261 
 0.00000  0.00000 
-100.00000 -100.00000 
-100.00000 -100.00000 
-100.00000 -100.00000 
 0.28667 -2.33860 
-100.00000 -100.00000 
-100.00000 -100.00000 
-100.00000 -100.00000 
-100.00000  0.37845 
 0.36961  0.58498 
-100.00000 -100.00000 
-100.00000 -100.00000 
 0.04538 -100.00000 
 0.02010 -100.00000 
-100.00000 -100.00000 
-100.00000 -100.00000 
-100.00000 -0.15363 
-100.00000 -100.00000 
-100.00000 -100.00000 
-100.00000 -100.00000 
-100.00000 -100.00000 
-0.31664 -0.23027 
-100.00000 -100.00000 
-0.27900 -1.30997 
 0.48543 -0.41842 
 0.32329 -100.00000 
-100.00000 -100.00000 
-0.16258 -0.15339 
-0.57475 -1.14754 
-100.00000 -100.00000 
 0.37805  0.11465 
 0.20114 -0.76155 
-100.00000 -100.00000 
-100.00000 -100.00000 
-100.00000 -100.00000 
-100.00000 -100.00000 
-100.00000 -100.00000 
 0.33974  0.19126 
-0.27650 -0.29885 
 0.14585 -0.85854 
-0.63162 -100.00000 
-100.00000 -100.00000 
 0.11597 -100.00000 
-0.86988 -100.00000 
-100.00000 -100.00000 
-100.00000 -0.28001 
 0.00000  0.00000 
-100.00000 -100.00000 
-100.00000  0.13748 
-100.00000 -100.00000 
-100.00000 -100.00000 
-100.00000 -100.00000 
-100.00000 -100.00000 
-100.00000 -100.00000 
-100.00000 -100.00000 
-0.76210 -0.03016 
 0.06953 -0.15598 
 0.10095 -0.15756 
 0.43387 -0.26680 
 0.00000  0.00000 
-0.63792 -0.68081 
-0.09979 -1.55644 
-0.00005 -0.00010 
-100.00000 -100.00000 
-0.16176 -0.01636 
-0.09222 -0.08680 
 0.00000  0.00000 
 0.51889 -100.00000 
-0.00001 -100.00000 
-100.00000 -100.00000 
-0.44033 -100.00000 
-100.00000 -100.00000 
-100.00000 -100.00000 
 0.37029 -100.00000 
-100.00000 -100.00000 
-100.00000 -100.00000 
-100.00000 -100.00000 
-100.00000 -100.00000 
-100.00000  0.00011 
-100.00000 -100.00000 
-100.00000 -100.00000 
 0.00696 -0.02819 
-0.20315  0.83732 
-100.00000 -100.00000 
-0.55354 -0.88622 
-100.00000 -100.00000 
-0.46721 -0.00072 
-0.10226 -0.12638 
-100.00000 -100.00000 
-100.00000 -100.00000 
-100.00000 -0.77963 
-0.63697 -0.00050 
-100.00000 -0.14398 
 0.00000  0.00000 
-100.00000 -0.02916 
-100.00000 -0.12051 
-1.03908 -100.00000 
-0.34802  0.26077 
-100.00000 -0.27653 
 0.00000  0.00000 
-100.00000 -100.00000 
-0.81009 -1.59540 
-100.00000 -100.00000 
-100.00000 -0.56577 
-0.65073 -100.00000 
-0.04146 -0.96958 
 0.04051  0.13748 
 0.00000  0.00000 
-0.01597 -0.46624 
-0.00015 -100.00000 
-100.00000 -100.00000 
-0.29380  0.04788 
 0.31898 -0.39447 
-100.00000 -100.00000 
 0.69840 -0.95936 
-0.34389 -1.14291 
 0.79853 -0.04211 
-0.09726 -0.90120 
-100.00000 -100.00000 
-100.00000 -0.27068 
-0.07917 -0.43548 
-0.71079 -0.27313 
-0.55483 -0.96295 
-100.00000  0.12297 
-100.00000 -100.00000 
-0.39650 -0.19897 
-100.00000 -100.00000 
-100.00000 -100.00000 
-100.00000 -100.00000 
 0.55649  0.66155 
 0.00000  0.00000 
 0.00000  0.00000 
-100.00000 -0.14020 
-100.00000 -100.00000 
-100.00000 -100.00000 
-100.00000 -100.00000 
 0.19366 -0.14725 
-100.00000 -100.00000 
-100.00000 -0.36293 
-100.00000  0.19324 
-0.33610  0.61470 
-100.00000 -100.00000 
-0.79368 -0.44052 
-100.00000 -0.00003 
-100.00000 -100.00000 
-100.00000 -100.00000 
-100.00000 -100.00000 
-100.00000 -100.00000 
-100.00000  0.00004 
 0.04990 -0.50513 
-100.00000 -100.00000 
-100.00000 -100.00000 
-100.00000 -100.00000 
-100.00000 -100.00000 
 0.00000  0.00000 
-100.00000 -100.00000 
-0.48282 -0.61072 
-100.00000 -0.00031 
-100.00000 -100.00000 
 0.00920 -0.39509 
-100.00000 -0.79625 
-100.00000  0.00039 
-0.02565  0.04757 
-0.07756 -0.25966 
 0.08367  0.99459 
-100.00000 -100.00000 
-100.00000 -0.00009 
-100.00000 -100.00000 
 0.23739 -0.14436 
-100.00000 -100.00000 
-0.20042 -0.83793 
-100.00000 -100.00000 
-0.15165 -0.15065 
-0.49840  0.33351 
 0.34997 -0.00475 
-100.00000 -100.00000 
 0.54851 -0.14322 
-0.02572 -0.03525 
-100.00000 -100.00000 
-100.00000 -0.34753 
-0.00568 -0.20001 
-100.00000 -100.00000 
-100.00000 -100.00000 
-100.00000 -100.00000 
-0.50707 -0.73330 
-100.00000 -100.00000 
-100.00000 -100.00000 
-100.00000 -100.00000 
 0.26268  0.22653 
-100.00000 -100.00000 
-100.00000  0.11599 
-100.00000 -0.59684 
-100.00000 -100.00000 
 0.65624 -0.14866 
-100.00000 -100.00000 
 0.48545 -0.15150 
-100.00000 -100.00000 
-0.42433  0.23075 
-100.00000 -100.00000 
-0.86631  0.40755 
-100.00000  0.07149 
-100.00000 -100.00000 
-100.00000 -100.00000 
-100.00000 -100.00000 
-0.13190  0.37161 
-100.00000 -100.00000 
-100.00000 -100.00000 
 0.00000  0.00000 
-100.00000 -100.00000 
-100.00000 -100.00000 
-100.00000 -100.00000 
-100.00000 -100.00000 
-100.00000 -100.00000 
-100.00000 -100.00000 
-100.00000 -100.00000 
-100.00000 -100.00000 
-100.00000 -100.00000 
-100.00000 -100.00000 
-100.00000 -100.00000 
-100.00000 -100.00000 
-100.00000 -100.00000 
 0.13749 -100.00000 
-100.00000 -100.00000 
-100.00000 -100.00000 
-100.00000 -0.00056 
-100.00000 -100.00000 
-100.00000 -100.00000 
 0.00000  0.00000 
-100.00000 -100.00000 
-100.00000 -100.00000 
-100.00000 -100.00000 
 0.13750  0.13749 
-100.00000 -100.00000 
-100.00000 -100.00000 
-100.00000 -100.00000 
-100.00000 -100.00000 
-100.00000 -100.00000 
-0.15173  0.00011 
-100.00000 -100.00000 
-100.00000 -100.00000 
-100.00000 -100.00000 
-100.00000 -100.00000 
-100.00000 -100.00000 
 0.26323 -1.08611 
-100.00000 -100.00000 
-100.00000 -100.00000 
-100.00000 -0.00121 
 0.08955 -100.00000 
-100.00000 -100.00000 
-100.00000 -100.00000 
 0.00000  0.00000 
-100.00000 -100.00000 
 0.00000  0.00000 
-0.10079  0.14623 
 0.05592 -0.14953 
-100.00000 -100.00000 
 0.11155 -0.15045 
-100.00000 -100.00000 
 0.13759 -0.82733 
-100.00000 -100.00000 
-100.00000 -0.00020 
-100.00000 -100.00000 
 0.00000  0.00000 
-100.00000 -100.00000 
-100.00000 -100.00000 
-100.00000  0.26312 
 0.63451 -0.29226 
-100.00000 -0.29114 
-100.00000 -100.00000 
-100.00000 -100.00000 
-100.00000 -100.00000 
-0.00071 -0.39182 
-100.00000 -100.00000 
 0.00014 -0.39513 
-100.00000  0.75737 
-100.00000 -100.00000 
-100.00000 -100.00000 
 0.00013 -0.15519 
-100.00000 -0.00008 
-100.00000 -100.00000 
-100.00000 -100.00000 
-100.00000 -0.01522 
-0.30353 -0.23830 
-100.00000 -100.00000 
-100.00000 -100.00000 
-100.00000 -0.00012 
-100.00000 -100.00000 
-100.00000 -100.00000 
-100.00000 -0.63990 
-100.00000 -100.00000 
-100.00000 -100.00000 
-0.70358  1.32485 
-100.00000 -100.00000 
-0.11472 -0.73957 
-100.00000 -100.00000 
-100.00000 -1.02471 
-100.00000 -100.00000 
-100.00000 -0.74144 
 0.16384 -1.08775 
 0.04813 -100.00000 
-0.15957 -0.33658 
-100.00000  2.30575 
-100.00000 -100.00000 
-100.00000 -100.00000 
-100.00000 -100.00000 
-100.00000 -100.00000 
-100.00000 -100.00000 
-100.00000  0.00007 
-100.00000 -100.00000 
 0.13744 -100.00000 
-100.00000 -100.00000 
-100.00000 -100.00000 
-100.00000 -100.00000 
 0.37816 -0.01266 
-100.00000  0.11171 
-100.00000 -100.00000 
-100.00000 -100.00000 
-100.00000 -100.00000 
-100.00000 -0.14234 
-100.00000 -100.00000 
-100.00000 -100.00000 
-100.00000 -100.00000 
 0.00000  0.00000 
-100.00000 -0.15156 
 0.00004 -100.00000 
-100.00000 -100.00000 
-100.00000 -0.00005 
-100.00000 -100.00000 
-100.00000 -100.00000 
-100.00000 -100.00000 
-100.00000  0.00013 
-100.00000 -100.00000 
-0.07692 -100.00000 
-100.00000 -100.00000 
-100.00000 -100.00000 
-100.00000 -100.00000 
-100.00000 -100.00000 
-0.26431 -0.01503 
-100.00000  0.43272 
 0.16388  0.39374 
-100.00000 -0.15340 
-100.00000 -0.81664 
 0.48544 -100.00000 
-100.00000 -100.00000 
-100.00000 -100.00000 
 0.00010 -0.15183 
-100.00000 -100.00000 
 0.00000  0.00000 
-100.00000 -100.00000 
-100.00000 -100.00000 
-100.00000 -100.00000 
-100.00000 -100.00000 
-100.00000 -100.00000 
-100.00000 -100.00000 
-100.00000 -100.00000 
-100.00000 -0.00018 
 0.27070 -0.15366 
-0.07704 -100.00000 
-100.00000 -100.00000 
-0.02755 -0.67939 
-100.00000 -100.00000 
-100.00000 -0.21789 
-0.19356 -0.00009 
-100.00000 -100.00000 
-100.00000 -100.00000 
 0.15184  0.28206 
-0.13716 -0.02704 
-0.11909 -0.00025 
-100.00000 -3.29396 
 0.00000  0.00000 
 0.15427 -0.68057 
-100.00000 -100.00000 
-0.19452  0.20582 
-0.03032 -0.41743 
-0.19348 -100.00000 
 0.25901 -100.00000 
 0.29597  0.00766 
-100.00000 -100.00000 
-100.00000 -0.00072 
-100.00000 -100.00000 
-100.00000 -100.00000 
-100.00000 -100.00000 
-0.00084 -0.40950 
-100.00000 -100.00000 
-100.00000 -1.46909 
 0.00000  0.00000 
-0.03517  0.53927 
 0.00000  0.00000 
-100.00000 -0.16354 
-0.19372 -0.71118 
 0.00000  0.00000 
-0.11889 -100.00000 
 0.03410 -0.00076 
-100.00000 -100.00000 
-100.00000 -100.00000 
-0.92011 -0.52138 
-100.00000 -100.00000 
-0.40932  0.26349 
-100.00000 -0.04129 
-100.00000  0.13686 
 0.03449 -0.44497 
-100.00000 -100.00000 
 0.34697  1.37732 
-0.13440 -0.00167 
-100.00000  0.00068 
-0.11923 -0.16393 
-100.00000 -0.17323 
-100.00000 -100.00000 
-100.00000 -0.87876 
 0.00033 -100.00000 
-100.00000 -100.00000 
-0.12597 -0.35224 
 0.00000  0.00000 
-100.00000  0.07940 
-100.00000 -0.15965 
-100.00000 -100.00000 
-100.00000 -100.00000 
-100.00000  0.00019 
 0.00000  0.00000 
-100.00000 -100.00000 
-100.00000 -100.00000 
-100.00000 -100.00000 
-100.00000 -100.00000 
-100.00000 -100.00000 
-100.00000 -100.00000 
-100.00000 -100.00000 
-100.00000 -0.00009 
-100.00000 -100.00000 
-0.44013  0.00002 
-100.00000 -100.00000 
-100.00000  0.13729 
-100.00000 -100.00000 
-100.00000 -100.00000 
-100.00000 -100.00000 
-100.00000 -100.00000 
-100.00000 -100.00000 
-0.27005  0.68905 
-0.09510 -0.44479 
-100.00000 -100.00000 
 0.67207  0.56298 
-0.54222 -0.55605 
-100.00000 -100.00000 
-100.00000 -100.00000 
-0.86976 -0.30180 
-100.00000 -100.00000 
-100.00000 -100.00000 
 0.16316  0.13204 
-0.22878 -100.00000 
-100.00000 -100.00000 
-0.04550  0.06591 
-100.00000 -100.00000 
