 0.45290 -0.42721 
 0.59910 -0.29389 
 0.37735 -1.24677 
-1.69860 -0.02170 
-0.48007 -0.27466 
-100.00000  0.37908 
 0.00000  0.00000 
-100.00000 -0.57741 
 0.00283 -0.64610 
-100.00000 -0.64560 
-0.00757  0.15821 
-0.12662 -0.73259 
 0.00000  0.00000 
 0.21143 -0.04262 
-100.00000 -0.29389 
-100.00000 -100.00000 
 0.39079 -0.22813 
 0.00002  0.00000 
-0.25244 -1.25300 
-0.45419  0.04677 
-100.00000 -100.00000 
 0.04376  0.48682 
 0.23195 -0.26761 
-100.00000 -100.00000 
-100.00000 -0.00022 
 0.15743 -0.05655 
-100.00000 -100.00000 
-100.00000 -100.00000 
-100.00000 -0.00005 
-100.00000 -100.00000 
 0.13762  0.10952 
-100.00000  0.19263 
 0.00000  0.00000 
-100.00000 -100.00000 
-100.00000 -100.00000 
-0.51375  0.79038 
 0.13718  0.10997 
 0.26302 -100.00000 
-100.00000 -100.00000 
-100.00000 -100.00000 
 0.00000  0.00000 
 0.01378  0.25653 
 0.00000  0.00000 
-100.00000 -100.00000 
-100.00000 -100.00000 
-100.00000 -100.00000 
 0.00000  0.00000 
-100.00000 -100.00000 
-100.00000 -100.00000 
 0.33532 -0.41464 
-0.29075 -0.40304 
-100.00000 -0.00019 
-0.25979 -0.62108 
-100.00000 -100.00000 
-100.00000 -100.00000 
-0.15471 -0.14901 
-0.38525 -0.63963 
-100.00000 -100.00000 
-0.00005  0.00000 
 0.00007 -100.00000 
-0.12323  0.38094 
-100.00000 -100.00000 
 0.37853  0.10923 
-0.45282 -0.47199 
-0.06765  0.37449 
-100.00000 -100.00000 
 0.11601 -100.00000 
-0.03835  0.74341 
-100.00000  0.22469 
-0.02328  0.22399 
-0.40210 -0.04260 
-100.00000 -100.00000 
-100.00000 -100.00000 
 0.54309  0.05509 
 0.00003  0.22091 
 0.53144  0.13753 
-100.00000 -100.00000 
-0.22279 -0.70181 
 0.30483 -0.15757 
-100.00000 -0.15435 
-100.00000 -100.00000 
-100.00000 -100.00000 
-100.00000 -0.29394 
-100.00000 -100.00000 
-100.00000  0.13743 
-100.00000 -1.17100 
-100.00000 -0.40042 
 0.26297 -0.24665 
-0.38909 -0.21833 
-0.12094  0.60385 
-0.35493 -0.64181 
-0.34756  0.13722 
-100.00000 -100.00000 
-100.00000 -100.00000 
-100.00000 -100.00000 
 0.02130  0.17565 
 0.00000  0.00000 
-100.00000 -0.15391 
-0.00023 -1.00906 
 0.33049 -0.74825 
-0.00018 -0.29140 
-100.00000  0.67778 
-0.13618 -0.66679 
 0.15420  1.05502 
-0.02464 -100.00000 
 0.16942  0.26589 
-100.00000 -100.00000 
-100.00000 -100.00000 
-100.00000 -100.00000 
 0.10124  0.26310 
-0.77656 -0.64759 
 0.18869 -100.00000 
 0.37400 -0.20223 
-100.00000 -100.00000 
-0.78009 -0.57223 
 0.02373 -0.54709 
 0.00003 -0.29289 
-100.00000 -100.00000 
-100.00000 -0.00073 
-100.00000 -100.00000 
-100.00000 -100.00000 
 0.00494 -100.00000 
-0.43973  0.38507 
-0.56248  0.00002 
 0.00000  0.00000 
-0.16188  0.06197 
-0.18273 -100.00000 
-0.22086 -0.59840 
-100.00000  0.70777 
-100.00000 -100.00000 
-0.30816 -0.15683 
-100.00000  0.00015 
 0.29795  0.01091 
 0.00000  0.13751 
-100.00000 -100.00000 
-0.59638  0.05835 
 0.32890  0.39337 
-0.51484 -0.41992 
-0.34235 -0.83608 
-100.00000 -100.00000 
-0.19094 -0.00016 
-100.00000 -100.00000 
-100.00000 -0.00096 
-100.00000 -100.00000 
-0.34939 -0.81379 
-0.15250 -0.60581 
 0.13739  0.11822 
 0.00000  0.00000 
-100.00000 -100.00000 
 0.00000  0.00000 
-100.00000 -100.00000 
-100.00000 -100.00000 
 0.22191 -0.61430 
-0.30553 -1.22754 
-0.29442 -0.35227 
 0.32331 -0.39767 
-0.20827  0.01424 
-100.00000 -0.00474 
-100.00000 -100.00000 
-0.30901 -100.00000 
-100.00000 -100.00000 
-100.00000 -100.00000 
-100.00000 -100.00000 
 0.32327 -1.13320 
 0.29380 -0.01638 
-100.00000 -100.00000 
-0.22811 -1.29756 
-100.00000 -100.00000 
 0.06981 -0.38314 
-0.29278 -0.94843 
 0.18815  0.17850 
 0.76259  0.00014 
-0.06374 -0.27713 
-100.00000 -100.00000 
 0.21148 -0.34731 
-1.56900 -0.92819 
-0.06110  0.01670 
 0.15202 -0.62317 
 0.76305 -1.02160 
-0.06166 -0.34810 
-100.00000 -100.00000 
 0.00000  0.00000 
-100.00000 -100.00000 
-0.30241 -0.02930 
-0.42407 -0.74343 
 0.58508 -0.15522 
-0.47759 -0.40098 
 0.14020 -0.41948 
 0.00000  0.00000 
-100.00000 -100.00000 
 0.00000  0.00000 
-0.35476 -0.89758 
-100.00000 -100.00000 
-0.04162 -0.13606 
 0.00000  0.00000 
-100.00000 -100.00000 
-0.00018 -100.00000 
-100.00000 -100.00000 
 0.13727 -0.00034 
-100.00000 -100.00000 
 0.30685 -100.00000 
 1.09538 -0.70358 
 0.20002 -0.27487 
-100.00000 -100.00000 
 0.00003  0.09023 
-100.00000 -100.00000 
-0.17876  0.23453 
-100.00000 -100.00000 
-0.33836  0.20531 
-0.47389 -0.53980 
 0.19718 -100.00000 
 0.04084 -1.12218 
 0.19257 -0.59235 
-100.00000 -1.03397 
 0.00000  0.00000 
 0.59968 -0.56420 
 0.00000  0.00000 
 0.28783  0.53124 
-100.00000 -100.00000 
-0.91437 -1.00884 
 0.03068 -0.14380 
-0.73074 -0.70421 
-100.00000  0.28674 
-0.00015 -0.25732 
-100.00000  0.00008 
 0.13787  0.13253 
-0.27423 -0.27464 
-0.31020 -1.23400 
 0.13750  1.18500 
 0.13240 -0.50586 
-0.32083 -0.18154 
-0.62843  0.83360 
-100.00000 -100.00000 
-0.43746  2.80814 
-0.56017 -0.78267 
 0.00000  0.00000 
-100.00000 -0.00818 
-0.18250 -0.26781 
-0.00010 -0.11874 
-0.51197 -1.34273 
-0.35725 -100.00000 
-100.00000 -100.00000 
-0.33636 -0.20398 
 0.26323 -0.25989 
-100.00000 -100.00000 
-100.00000 -100.00000 
-100.00000 -100.00000 
 0.38791 -0.28209 
-0.20696 -0.72109 
 0.16348 -0.02501 
-0.36560 -0.87311 
-100.00000 -0.00006 
-0.00006 -0.01215 
-100.00000 -0.00067 
-100.00000 -0.39694 
-0.36872 -0.30791 
 0.26979 -0.32594 
 0.19714 -0.02484 
-0.14586 -0.09926 
 0.28271  0.20349 
-100.00000 -0.00007 
-100.00000 -0.14360 
-100.00000 -100.00000 
-0.00001  0.10392 
 0.07646 -0.69703 
-0.47975  0.14894 
-100.00000 -100.00000 
 0.19990  0.69211 
-100.00000 -100.00000 
 0.69994 -0.38828 
-100.00000  0.11968 
 0.10296  0.57377 
-0.43559 -0.26362 
 0.19113 -0.20351 
 0.13762  0.13736 
-0.33752  0.13241 
-0.13249 -0.11199 
-0.02485 -0.09259 
-100.00000 -0.00001 
-100.00000  0.37869 
-0.21294 -0.47614 
-0.49519  0.14718 
-0.12215  0.83805 
-100.00000 -0.14323 
 0.73247 -1.03393 
 0.12193 -0.50767 
 0.26316 -0.15129 
-0.28075  0.62912 
-0.73472 -0.73462 
-100.00000 -0.15022 
-100.00000 -0.00001 
 0.23624 -100.00000 
 0.00008 -100.00000 
-0.73664  0.04446 
-100.00000 -100.00000 
-100.00000 -100.00000 
-100.00000 -100.00000 
-100.00000 -100.00000 
-0.02619 -0.14550 
-0.15056 -0.15050 
 0.09483  0.29509 
 0.31651 -0.45705 
-0.28294  1.07364 
-100.00000 -100.00000 
 0.00018 -0.24658 
 0.52630 -0.00051 
-100.00000 -100.00000 
-0.15163 -100.00000 
-100.00000 -100.00000 
-100.00000 -100.00000 
-0.08301  0.09996 
-100.00000 -100.00000 
-100.00000 -100.00000 
 0.00000  0.00000 
-0.08633 -0.98124 
 0.65664  0.42498 
-0.01413 -0.01383 
-0.66510  0.36670 
-100.00000 -100.00000 
-100.00000 -100.00000 
 0.78139 -0.08742 
-100.00000 -100.00000 
 0.00000  0.00000 
-100.00000 -100.00000 
-100.00000 -100.00000 
 0.06264 -100.00000 
-0.41490 -100.00000 
-0.01504 -100.00000 
-100.00000 -0.40830 
 0.15625  0.63502 
 0.00000  0.00000 
-100.00000 -100.00000 
-0.28743  0.48565 
 0.26306  0.43689 
-100.00000 -100.00000 
-100.00000 -100.00000 
 0.06988 -0.08644 
-100.00000 -100.00000 
 0.09676 -0.91638 
-0.07815 -0.53764 
-100.00000 -100.00000 
-100.00000 -100.00000 
-100.00000 -100.00000 
-0.15278 -0.14829 
 1.25092  0.04076 
-0.15915 -0.34993 
-100.00000 -0.41054 
 0.33582  0.29653 
 0.47792  0.09105 
 0.18339 -0.14520 
-0.24996 -0.02271 
-100.00000 -0.15107 
 0.33188 -0.39163 
 0.68047  0.51633 
 0.13744 -0.01328 
-0.59832 -100.00000 
-100.00000 -100.00000 
 0.33387 -0.00033 
 0.19639 -0.14988 
 0.08431  0.53932 
 0.23792 -0.10956 
-100.00000  0.00005 
 0.11138  0.00004 
-100.00000 -100.00000 
-100.00000 -100.00000 
-100.00000 -100.00000 
-100.00000 -100.00000 
-100.00000  0.00020 
-100.00000  0.55902 
-0.17504 -1.27418 
-100.00000 -100.00000 
-0.15114 -0.27606 
-100.00000 -100.00000 
-100.00000 -100.00000 
-0.15165 -0.15161 
-100.00000 -0.15070 
-100.00000 -100.00000 
 0.07845 -0.24899 
-0.08145  0.19164 
 0.00007  0.13758 
-0.49461  0.33277 
-0.08157  0.58174 
-100.00000 -100.00000 
-100.00000 -100.00000 
-100.00000 -0.26926 
-0.57787 -0.15675 
 0.19532  0.22675 
 0.54449 -1.09593 
-0.00013  0.12568 
 0.18402  0.84352 
 0.17117 -0.67535 
-100.00000 -100.00000 
-100.00000 -100.00000 
-100.00000 -100.00000 
 0.00000  0.00000 
-100.00000 -100.00000 
-100.00000 -0.01521 
 0.00000  0.00000 
-0.50464 -0.40109 
-100.00000 -100.00000 
-0.91240 -0.01453 
 0.01853 -0.15566 
-0.00006 -100.00000 
 0.56311 -0.37755 
-100.00000 -0.15266 
-0.02256  0.58356 
-0.21450 -100.00000 
 0.13142  0.45794 
 0.00000  0.00000 
-0.82912 -0.15091 
 0.29648 -0.29076 
-0.51307 -1.46136 
-100.00000  0.00001 
-100.00000 -100.00000 
 0.15001 -0.77191 
-0.07703 -0.53155 
-0.00012 -100.00000 
-100.00000 -100.00000 
-100.00000 -100.00000 
-0.33519  0.32956 
-0.00032 -100.00000 
-100.00000 -100.00000 
-100.00000  0.26309 
-100.00000 -100.00000 
-100.00000 -100.00000 
-100.00000 -100.00000 
 0.00000  0.00000 
-100.00000  0.00043 
-100.00000  0.22719 
-0.42621  0.34105 
 0.54511 -0.03095 
-100.00000 -100.00000 
-100.00000 -100.00000 
-0.09271  0.19292 
-100.00000 -100.00000 
-100.00000 -100.00000 
-100.00000 -100.00000 
-100.00000 -100.00000 
 0.29416  0.25831 
 0.26304 -0.28917 
-100.00000 -0.65653 
-0.07776  0.50617 
 0.00000  0.00000 
-100.00000 -0.00003 
-100.00000 -100.00000 
 0.13755 -100.00000 
-100.00000 -100.00000 
-100.00000  0.61304 
-100.00000 -100.00000 
-100.00000 -100.00000 
-100.00000 -0.00001 
-100.00000 -0.73873 
-100.00000 -100.00000 
-100.00000 -100.00000 
-100.00000 -0.00007 
-0.40113  2.15299 
-100.00000 -100.00000 
 0.00000  0.00000 
-100.00000 -100.00000 
-100.00000 -0.28981 
-100.00000 -100.00000 
-100.00000 -100.00000 
 0.13765  0.43224 
-100.00000 -0.00003 
 0.00000  0.00000 
-100.00000 -100.00000 
 0.01064 -0.24693 
-0.26455  1.92185 
-0.42895 -1.09486 
-0.00015 -0.66993 
 0.37843 -100.00000 
-100.00000 -100.00000 
 0.04060  1.02898 
 0.14919  0.50055 
 0.27055 -0.33198 
-0.37077 -0.23842 
-100.00000  0.13741 
-100.00000 -100.00000 
 0.13753  0.27360 
-100.00000 -100.00000 
-100.00000 -0.68044 
 0.24238  1.01025 
-0.11889  0.06494 
-100.00000 -100.00000 
-100.00000 -100.00000 
-0.72258 -0.08004 
-100.00000 -100.00000 
-100.00000 -100.00000 
-100.00000 -100.00000 
-0.50623 -0.42997 
-100.00000 -100.00000 
-0.34842  0.46198 
 0.03412  0.21386 
-100.00000 -100.00000 
 0.00000  0.00000 
-100.00000 -100.00000 
-0.26737 -1.73208 
 0.25396  0.27338 
 0.04109 -1.39220 
-100.00000 -100.00000 
-0.28952 -0.40525 
 0.04024 -0.17389 
-0.29962  0.76581 
-100.00000 -0.68085 
-100.00000 -100.00000 
-0.03428 -0.06984 
-0.35738 -0.02786 
-0.19425  0.60141 
 0.09336  0.63151 
-0.22931 -0.19445 
-0.19390 -0.06988 
 0.02350 -0.09533 
-100.00000 -0.30432 
-0.06785 -0.18236 
 0.67210  0.12630 
-0.49256 -0.71707 
-0.06964 -0.52562 
-0.08383 -0.57018 
 0.00000  0.00000 
-1.34926 -0.56684 
 0.23479 -1.06156 
-100.00000  0.60207 
-1.73438  0.89171 
 0.11474 -0.07160 
-0.18816 -100.00000 
 0.00000  0.00000 
-100.00000 -0.30314 
-100.00000 -100.00000 
 0.05850  0.34775 
-100.00000 -100.00000 
 0.73523 -0.24679 
-0.25513  0.47031 
-100.00000 -100.00000 
-100.00000 -100.00000 
-100.00000 -100.00000 
 0.00000  0.00000 
 0.38877 -0.45924 
 0.14880 -0.83390 
-100.00000 -100.00000 
-0.10126 -0.78836 
 0.00000  0.00000 
-0.19447  0.43309 
-0.15590 -100.00000 
 0.00000  0.00000 
-100.00000 -0.00022 
-100.00000 -100.00000 
-0.06843  0.32211 
-0.00249 -0.32015 
 0.08557 -0.80706 
-0.13720 -100.00000 
 0.58991  0.23365 
-100.00000 -100.00000 
 0.04791  0.12339 
-0.00003  0.58330 
-100.00000 -0.00017 
 0.83302 -1.14119 
-1.71574 -100.00000 
-0.19363 -0.31139 
-100.00000  0.27367 
-1.27638  0.27363 
 0.01886  0.48111 
-0.16320 -0.84197 
-0.15580 -0.20019 
-100.00000 -100.00000 
 0.49957  0.01836 
