 0.00011 -100.00000 
 0.01107 -0.28927 
-100.00000 -0.14800 
 0.38039 -0.31772 
-100.00000 -100.00000 
-100.00000 -100.00000 
-100.00000 -0.14816 
-100.00000 -100.00000 
-100.00000 -100.00000 
-100.00000 -0.15143 
-100.00000 -0.42627 
-100.00000 -100.00000 
-100.00000 -100.00000 
-100.00000 -100.00000 
-100.00000 -100.00000 
 0.06555  0.47093 
-100.00000 -100.00000 
-0.03729 -0.69407 
-100.00000 -0.00029 
-100.00000 -100.00000 
-100.00000 -100.00000 
-100.00000 -0.00000 
-100.00000 -100.00000 
-0.13820 -0.00005 
 0.20586  0.67820 
-100.00000 -100.00000 
 0.00000  0.00000 
 0.00000  0.00000 
 0.11639 -100.00000 
-0.58003 -0.36782 
-0.04899  0.38720 
-100.00000  0.19475 
-100.00000 -100.00000 
 0.22804  0.14900 
-100.00000 -100.00000 
-100.00000 -100.00000 
-100.00000 -100.00000 
-100.00000 -100.00000 
-0.24655 -0.06523 
 0.00000  0.00000 
-100.00000 -100.00000 
-100.00000 -100.00000 
-100.00000 -100.00000 
-100.00000 -100.00000 
-0.26929 -0.00003 
-100.00000 -100.00000 
-0.00008 -100.00000 
 0.00000  0.00000 
-100.00000 -100.00000 
-100.00000 -100.00000 
-100.00000 -100.00000 
 0.00960 -0.19437 
-0.08937  0.30681 
-100.00000  0.11876 
 0.00000  0.00000 
-100.00000 -100.00000 
-0.03024 -0.04968 
-100.00000 -0.00002 
-100.00000 -100.00000 
 0.18745 -0.52984 
-0.14738 -0.00003 
 0.08601 -0.27584 
-100.00000 -100.00000 
-100.00000 -100.00000 
-100.00000 -0.16770 
-100.00000 -100.00000 
-100.00000 -100.00000 
-0.40223 -100.00000 
-100.00000 -100.00000 
-0.27988 -100.00000 
-0.07806  0.06974 
-100.00000 -100.00000 
 0.00000  0.00000 
 0.13766 -0.74842 
 0.08143  0.10740 
-100.00000 -100.00000 
-100.00000 -100.00000 
-100.00000 -100.00000 
-100.00000 -100.00000 
-100.00000 -100.00000 
 0.00000  0.00000 
-100.00000 -100.00000 
-0.00006 -0.27678 
-100.00000 -100.00000 
 0.37197 -0.14406 
 0.21411 -0.27445 
-100.00000 -100.00000 
-0.00007 -100.00000 
 0.38242  0.04059 
 0.21069  0.54256 
 0.38490 -100.00000 
-0.26430 -100.00000 
-100.00000 -100.00000 
-100.00000 -100.00000 
-0.14214 -0.25421 
 0.26310 -0.00003 
-100.00000 -100.00000 
-100.00000 -100.00000 
 0.90816 -0.64557 
-0.39840 -0.19079 
 0.00000  0.00000 
 0.10653 -100.00000 
-100.00000  0.26303 
 0.00000  0.00000 
-100.00000 -100.00000 
-100.00000 -100.00000 
-100.00000 -100.00000 
-100.00000 -0.00010 
-100.00000 -100.00000 
-100.00000 -100.00000 
 0.09232  0.14378 
-100.00000 -100.00000 
 0.76502 -0.30448 
 0.25470 -0.32596 
-0.18533 -100.00000 
-100.00000 -100.00000 
-100.00000 -100.00000 
-100.00000 -100.00000 
-100.00000 -100.00000 
-100.00000 -100.00000 
-100.00000 -100.00000 
-100.00000 -100.00000 
 0.27102  0.40143 
-100.00000 -100.00000 
-100.00000 -100.00000 
 0.10110  0.49118 
-100.00000 -100.00000 
-100.00000 -100.00000 
-100.00000 -100.00000 
-100.00000 -100.00000 
-100.00000 -100.00000 
-100.00000 -100.00000 
-100.00000 -100.00000 
-100.00000 -100.00000 
-0.35000 -0.28942 
 0.13104 -0.44738 
 0.37450 -100.00000 
 1.15708 -0.66001 
 0.13751  0.39262 
-100.00000 -100.00000 
-100.00000 -100.00000 
 0.00000  0.00000 
 0.32390 -0.03611 
-100.00000 -100.00000 
-100.00000  0.11657 
 0.00000  0.00000 
-100.00000 -100.00000 
-100.00000 -100.00000 
-100.00000 -100.00000 
-100.00000 -100.00000 
-100.00000 -100.00000 
-100.00000 -100.00000 
-0.28747 -0.13723 
-0.47680 -0.73332 
-100.00000  0.43565 
-0.56183 -100.00000 
-0.07668  0.15060 
 0.39718 -0.16972 
-0.27635 -1.32110 
-100.00000 -100.00000 
 0.42298 -100.00000 
-0.30260  0.15262 
 0.00000  0.00000 
-100.00000 -100.00000 
-100.00000 -100.00000 
-100.00000 -100.00000 
-100.00000 -100.00000 
-100.00000 -100.00000 
-0.13169 -0.12267 
 0.22272 -0.40548 
 0.07232 -0.06211 
-0.00711  0.04323 
-0.32848 -0.00179 
 0.00004 -0.19097 
-0.10084 -0.71931 
-0.41109  0.22523 
-0.02459 -100.00000 
-0.45210  0.07211 
 0.00000  0.00000 
-0.09893  0.12591 
-0.04466  0.22649 
-100.00000  0.13748 
 0.00000  0.00000 
 0.00000  0.00000 
 0.14880 -0.50682 
 0.23797 -0.51060 
-0.01666 -0.50817 
-100.00000 -100.00000 
-100.00000 -100.00000 
-100.00000 -100.00000 
-100.00000 -100.00000 
-100.00000 -100.00000 
-100.00000 -100.00000 
-100.00000 -100.00000 
-100.00000 -100.00000 
 0.19979  0.27234 
-0.31851 -0.65801 
-100.00000 -100.00000 
-0.00023 -100.00000 
 0.28151 -0.61682 
-0.25184 -0.25254 
 0.13334  0.00066 
-100.00000 -100.00000 
-100.00000 -100.00000 
 0.11074 -0.16802 
 0.03828 -0.33790 
-100.00000 -100.00000 
-100.00000 -100.00000 
-0.22509  0.05745 
 0.00000  0.00000 
 0.33944  0.77914 
 0.00000  0.00000 
-0.00039 -0.00061 
-0.00017 -100.00000 
-100.00000 -100.00000 
-100.00000 -100.00000 
-100.00000 -100.00000 
-100.00000 -100.00000 
-100.00000  0.01091 
 0.48505  0.22030 
 0.00000  0.00000 
-0.17886 -0.11433 
 0.00000  0.00000 
-0.47389 -0.25261 
-100.00000 -100.00000 
-100.00000 -100.00000 
 0.19939  0.03331 
-100.00000 -100.00000 
-100.00000 -100.00000 
 0.00012 -0.25409 
 0.24699  0.55907 
-0.34944 -0.35323 
-100.00000 -100.00000 
-100.00000 -100.00000 
-0.10823 -0.10825 
-0.22262  0.07054 
-0.13002 -0.00496 
 0.42913 -0.16715 
-0.28512 -100.00000 
-0.04223  0.17352 
-100.00000 -100.00000 
-100.00000 -100.00000 
-100.00000 -100.00000 
 0.00000  0.00000 
-100.00000  0.13749 
-0.04229  0.26325 
-100.00000 -100.00000 
-0.34414  0.84826 
-100.00000 -100.00000 
-100.00000 -100.00000 
-0.02770  0.10402 
-100.00000 -0.83309 
 0.26298 -0.88586 
-0.17258  0.19165 
 0.00026  0.42145 
-100.00000 -100.00000 
 0.19891 -100.00000 
-100.00000 -100.00000 
-100.00000 -100.00000 
-100.00000 -100.00000 
-0.56472  0.01118 
-100.00000 -100.00000 
 0.00000  0.00000 
-100.00000 -100.00000 
-100.00000 -100.00000 
-100.00000 -100.00000 
-100.00000 -100.00000 
-100.00000 -100.00000 
-100.00000 -100.00000 
-100.00000 -100.00000 
-100.00000 -100.00000 
-100.00000 -100.00000 
-100.00000 -100.00000 
-0.12647  0.60316 
-100.00000 -100.00000 
 0.35868  0.04965 
-0.35494 -0.00066 
-1.02002 -0.82488 
-100.00000  0.45349 
-100.00000  0.00010 
 0.08433  0.13756 
 0.13734 -100.00000 
-0.21797  0.26269 
-100.00000 -100.00000 
 0.00000  0.00000 
-0.27694 -0.46792 
-100.00000 -100.00000 
-100.00000 -100.00000 
-0.52164 -0.56913 
-100.00000 -0.11867 
-100.00000 -100.00000 
 0.00000  0.00000 
-100.00000 -100.00000 
-0.19580  0.49022 
-100.00000  0.13756 
-100.00000 -100.00000 
-100.00000 -100.00000 
-100.00000 -100.00000 
-0.45600 -0.37323 
-100.00000 -100.00000 
-100.00000 -100.00000 
-100.00000 -100.00000 
 0.00000  0.00000 
 0.44529  0.30927 
 0.00000  0.00000 
-100.00000 -100.00000 
-100.00000 -100.00000 
-100.00000 -100.00000 
-100.00000 -100.00000 
 0.00000  0.00000 
-100.00000 -100.00000 
 0.50155  0.10073 
-100.00000 -100.00000 
-0.01467 -0.00014 
-100.00000 -100.00000 
-100.00000 -100.00000 
-100.00000  0.00009 
-100.00000 -0.75569 
-100.00000 -100.00000 
-100.00000 -100.00000 
 0.19643 -0.40964 
-0.15131  0.00209 
-100.00000 -100.00000 
-100.00000 -100.00000 
 0.90547 -0.26065 
 0.50321  0.23288 
-0.54753  0.15825 
-100.00000 -100.00000 
-100.00000 -100.00000 
-100.00000 -100.00000 
-100.00000 -100.00000 
-100.00000 -100.00000 
-100.00000 -100.00000 
-100.00000 -100.00000 
-100.00000 -100.00000 
 0.00000  0.00000 
 0.83330  0.17135 
-100.00000 -100.00000 
-100.00000 -100.00000 
-100.00000 -100.00000 
-100.00000 -100.00000 
-0.43043 -0.17116 
-100.00000 -100.00000 
-100.00000 -100.00000 
-100.00000 -100.00000 
-100.00000 -100.00000 
-100.00000 -100.00000 
-100.00000 -100.00000 
-100.00000 -0.13723 
-100.00000 -100.00000 
-100.00000 -100.00000 
-100.00000 -100.00000 
 0.22712 -0.12195 
-100.00000 -100.00000 
-100.00000 -100.00000 
-100.00000 -100.00000 
-100.00000 -100.00000 
-0.05769  0.00562 
-100.00000 -100.00000 
-100.00000 -100.00000 
-0.00021 -100.00000 
 0.18649 -0.14269 
-100.00000 -100.00000 
-100.00000 -100.00000 
-100.00000 -0.37328 
-100.00000 -100.00000 
-100.00000 -100.00000 
-0.01427 -0.37320 
-0.15104 -0.66992 
-0.01406 -100.00000 
 0.00000  0.00000 
-100.00000 -100.00000 
-100.00000 -100.00000 
-100.00000 -100.00000 
-100.00000 -100.00000 
-100.00000 -100.00000 
-0.27653 -0.13544 
-100.00000 -100.00000 
-100.00000 -100.00000 
 0.97145 -0.24899 
-100.00000 -100.00000 
-100.00000  0.13746 
 0.01307  0.58562 
-100.00000 -100.00000 
-100.00000 -100.00000 
 0.00000  0.00000 
-100.00000 -100.00000 
 0.04861 -0.04767 
 0.00000  0.00000 
-100.00000 -100.00000 
-100.00000 -0.39546 
 0.27111 -0.21385 
 0.00000  0.00000 
-0.02615  0.15153 
-100.00000 -100.00000 
 0.00000  0.00000 
-0.28853  0.58493 
-100.00000 -100.00000 
-100.00000 -100.00000 
-100.00000 -100.00000 
 0.58522 -0.27556 
-100.00000 -100.00000 
 0.00000  0.00000 
-0.45509  0.65785 
-100.00000 -100.00000 
-100.00000 -100.00000 
 0.27093 -100.00000 
-100.00000 -100.00000 
-100.00000 -100.00000 
-100.00000 -100.00000 
 0.09820  0.39396 
-100.00000 -100.00000 
-100.00000 -100.00000 
 0.00000  0.00000 
 0.00000  0.00000 
-100.00000 -100.00000 
-100.00000 -100.00000 
-0.08097 -0.15317 
-100.00000 -100.00000 
-100.00000 -100.00000 
-100.00000 -100.00000 
 0.00000  0.00000 
-100.00000 -100.00000 
 0.00000  0.00000 
-0.29781 -0.40421 
-100.00000  0.13692 
-100.00000 -100.00000 
-0.55965 -0.46273 
 0.57132 -0.45052 
-100.00000 -100.00000 
-100.00000 -100.00000 
-100.00000 -100.00000 
 0.13528 -0.35093 
-100.00000 -0.46018 
-100.00000 -100.00000 
-100.00000 -100.00000 
-100.00000 -100.00000 
 0.00000  0.00000 
-100.00000 -100.00000 
-100.00000 -100.00000 
-100.00000 -100.00000 
-100.00000 -100.00000 
-100.00000 -100.00000 
-100.00000 -100.00000 
-100.00000 -100.00000 
-100.00000 -100.00000 
 0.00000  0.00000 
-100.00000 -100.00000 
-100.00000 -100.00000 
 0.13745 -0.33684 
-100.00000 -100.00000 
 1.46827  0.05203 
-100.00000 -100.00000 
-0.11791  0.90035 
-0.24293  0.09736 
-100.00000 -100.00000 
 0.00000  0.00000 
-100.00000 -100.00000 
-0.26385  0.26310 
 0.00000  0.00000 
-100.00000 -100.00000 
-100.00000  0.13760 
-100.00000  0.13771 
-0.58587 -1.20465 
-100.00000 -100.00000 
 0.19878 -0.54237 
 0.16592  0.12907 
-100.00000 -100.00000 
-100.00000 -100.00000 
-0.37176 -100.00000 
 0.00000  0.00000 
 0.00000  0.00000 
-100.00000 -100.00000 
-0.01395  0.33951 
-100.00000 -100.00000 
-0.68361  0.76119 
-100.00000 -100.00000 
 0.00000  0.00000 
-100.00000 -100.00000 
-100.00000 -100.00000 
-100.00000 -100.00000 
-100.00000 -0.00008 
-100.00000 -100.00000 
-100.00000 -0.24044 
-0.51681  0.17785 
-0.31684  0.38854 
-100.00000 -100.00000 
 0.58250 -0.15860 
 0.00000  0.00000 
-100.00000  0.00039 
-100.00000 -100.00000 
-100.00000 -100.00000 
 0.10485  0.06540 
 0.06058 -0.31282 
-100.00000 -100.00000 
-100.00000 -100.00000 
 0.00000  0.00000 
-100.00000 -100.00000 
-0.12499 -0.41009 
 0.13753 -100.00000 
-0.44207  0.11254 
-100.00000 -0.06314 
 0.05896 -100.00000 
-0.44849 -0.29785 
-100.00000  0.48538 
-100.00000 -100.00000 
-0.00008 -100.00000 
-100.00000 -100.00000 
-100.00000 -100.00000 
-0.17043 -0.54243 
-100.00000 -100.00000 
 0.00000  0.00000 
-100.00000 -0.08100 
 0.00012 -100.00000 
 0.34103  0.12949 
-100.00000 -100.00000 
 0.58779 -0.31221 
-100.00000 -100.00000 
-100.00000 -100.00000 
-0.16478 -0.43521 
-100.00000 -100.00000 
 0.00947  0.16628 
-0.16441  0.00050 
-100.00000 -100.00000 
-1.05474 -100.00000 
-100.00000 -100.00000 
-0.23422 -100.00000 
-100.00000 -100.00000 
 0.13943 -0.46872 
-100.00000 -100.00000 
-100.00000 -100.00000 
-0.09793 -100.00000 
 0.25446  0.05396 
-100.00000 -100.00000 
-100.00000 -0.20132 
-100.00000 -100.00000 
-100.00000 -100.00000 
 0.43463  0.88445 
-100.00000 -100.00000 
-100.00000 -100.00000 
-100.00000 -100.00000 
-100.00000 -100.00000 
-100.00000 -100.00000 
-100.00000 -100.00000 
-100.00000 -100.00000 
-100.00000 -100.00000 
-100.00000 -100.00000 
-100.00000 -100.00000 
 0.14393  0.06217 
-0.03641 -0.63288 
-100.00000 -100.00000 
-100.00000 -100.00000 
-100.00000 -100.00000 
-100.00000 -100.00000 
-0.03049 -100.00000 
 0.00000  0.00000 
 0.01818 -100.00000 
-100.00000  0.00000 
-100.00000 -100.00000 
-100.00000 -100.00000 
-100.00000 -100.00000 
-100.00000 -100.00000 
-100.00000 -100.00000 
-100.00000 -100.00000 
-100.00000  0.00004 
