-100.00000 -100.00000 
 0.57292 -0.47922 
-0.48058 -0.53770 
 0.14511 -0.15742 
-0.35710  0.55894 
-0.62903  0.19225 
-100.00000 -100.00000 
 0.06563  0.04313 
-0.27951 -0.15455 
-100.00000 -100.00000 
-100.00000 -0.00021 
-100.00000 -0.53763 
-100.00000 -100.00000 
-100.00000 -100.00000 
-100.00000 -0.01686 
-100.00000 -100.00000 
 0.13764 -100.00000 
-100.00000 -100.00000 
 0.26311 -0.00028 
-100.00000 -100.00000 
-100.00000 -100.00000 
-100.00000 -100.00000 
-100.00000 -100.00000 
-100.00000 -100.00000 
-0.33644 -0.60943 
-100.00000 -100.00000 
-100.00000 -100.00000 
-100.00000 -100.00000 
-0.16072  0.42059 
-0.01669 -0.15434 
-100.00000 -100.00000 
 0.48548 -0.01630 
-100.00000 -100.00000 
-100.00000 -100.00000 
 0.26301 -0.29385 
 0.18327  0.00025 
 0.24120 -0.10272 
-100.00000 -100.00000 
-100.00000 -100.00000 
-100.00000 -100.00000 
-100.00000 -100.00000 
-0.11531 -0.41866 
-100.00000 -100.00000 
-100.00000 -100.00000 
-0.02049 -0.00005 
 0.37505  0.26065 
-100.00000 -100.00000 
-100.00000 -100.00000 
 0.18188  0.60139 
-0.55865  0.04118 
-100.00000 -100.00000 
-100.00000 -100.00000 
-100.00000 -100.00000 
-100.00000 -0.28501 
-100.00000 -100.00000 
-100.00000 -100.00000 
-100.00000 -100.00000 
 0.19066  0.56262 
-100.00000 -100.00000 
-100.00000 -100.00000 
-100.00000 -100.00000 
-100.00000 -100.00000 
-100.00000 -100.00000 
-0.14962 -100.00000 
 0.22606 -0.18902 
 0.00000  0.00000 
 0.05689 -0.23259 
-0.26473 -0.54558 
-100.00000 -100.00000 
-100.00000 -100.00000 
-0.34154 -100.00000 
-100.00000 -100.00000 
-100.00000 -100.00000 
-100.00000 -100.00000 
-0.41129 -0.27026 
-100.00000 -100.00000 
-100.00000 -100.00000 
 0.09593 -0.08908 
-0.00011 -100.00000 
-100.00000 -100.00000 
-100.00000 -100.00000 
 0.00000  0.00000 
-100.00000 -100.00000 
-100.00000 -100.00000 
-100.00000 -100.00000 
-0.04384 -0.77217 
 0.45710  0.35397 
-0.12077  1.30119 
 0.00000  0.00000 
 0.05195  0.87530 
-100.00000 -0.00039 
-0.30858 -0.36793 
-100.00000 -100.00000 
-0.11874  0.50491 
-100.00000 -100.00000 
-100.00000 -100.00000 
-100.00000 -100.00000 
-100.00000 -100.00000 
 0.14924 -0.21356 
 0.00000  0.00000 
-0.56333 -100.00000 
-0.22444 -0.41868 
 0.84829  1.29173 
-100.00000 -100.00000 
-100.00000 -100.00000 
-0.16542 -0.07222 
-100.00000 -100.00000 
-100.00000 -100.00000 
 0.00000  0.00000 
-100.00000 -100.00000 
-0.63905  0.00031 
 0.98788  0.05596 
-100.00000 -100.00000 
-100.00000 -100.00000 
-100.00000 -0.28070 
-0.29820  0.10930 
-100.00000 -100.00000 
 0.10251  0.18771 
-100.00000 -100.00000 
-100.00000 -100.00000 
-100.00000 -0.00005 
-100.00000 -100.00000 
 0.00001 -100.00000 
 0.37215  0.38075 
-100.00000 -100.00000 
 0.27250 -0.48320 
-0.38770  0.23237 
-100.00000 -100.00000 
-100.00000 -100.00000 
-100.00000 -100.00000 
-100.00000 -100.00000 
-0.02442 -100.00000 
-100.00000 -100.00000 
-100.00000 -100.00000 
 0.00000  0.00000 
-0.73864 -0.96029 
-100.00000 -100.00000 
 0.21619 -0.27330 
-0.60280  0.36555 
-100.00000 -100.00000 
 0.00000  0.00000 
-100.00000 -100.00000 
 0.21529 -0.53471 
-0.17309 -100.00000 
-100.00000 -100.00000 
-0.32240 -0.92471 
-100.00000 -100.00000 
-100.00000 -0.00081 
-100.00000 -100.00000 
-100.00000 -100.00000 
 0.40294  0.31299 
-100.00000 -100.00000 
-0.00617 -0.17924 
 0.76057  0.25585 
-100.00000 -100.00000 
-0.16211 -100.00000 
-100.00000 -100.00000 
-0.32388 -0.19311 
-100.00000 -100.00000 
-0.00003  0.26306 
-100.00000 -100.00000 
-100.00000 -100.00000 
-100.00000 -100.00000 
-100.00000 -100.00000 
 0.29901 -0.27953 
-100.00000 -100.00000 
 0.16580  0.27482 
-100.00000 -100.00000 
-100.00000 -100.00000 
-100.00000 -100.00000 
 0.00006 -100.00000 
-0.20179 -1.16420 
-0.12808 -0.41100 
-100.00000 -100.00000 
 0.00000  0.00000 
-0.64817 -1.19021 
 0.02080  0.28205 
-0.16216  0.13818 
 0.00017 -0.00002 
 0.42549 -0.57845 
-100.00000 -100.00000 
-100.00000 -100.00000 
-100.00000 -100.00000 
-100.00000 -100.00000 
-100.00000 -100.00000 
-0.02451 -0.15391 
-100.00000 -100.00000 
-0.29467 -1.08729 
-100.00000 -100.00000 
 0.16853  0.00483 
-100.00000 -100.00000 
 0.40815  0.41862 
-100.00000 -100.00000 
-100.00000 -100.00000 
-100.00000 -100.00000 
-0.17872  0.10400 
-100.00000 -0.39548 
 0.00000  0.00000 
 0.05402 -0.04271 
-100.00000 -100.00000 
 0.92603 -100.00000 
 0.00012 -100.00000 
-100.00000 -100.00000 
-100.00000 -100.00000 
 0.00503 -0.36845 
-100.00000 -100.00000 
 0.49931 -0.11064 
-100.00000 -100.00000 
-0.54466 -0.27526 
-0.70799 -1.57374 
-0.07069 -0.23393 
-0.96692 -1.24849 
-0.26039 -0.74049 
-100.00000 -100.00000 
-100.00000 -100.00000 
 0.54290  0.16909 
-100.00000 -100.00000 
-0.00034 -100.00000 
-0.29272 -0.21328 
-0.04688  0.33583 
-100.00000 -100.00000 
-100.00000 -100.00000 
-100.00000 -100.00000 
-100.00000 -100.00000 
-100.00000 -100.00000 
-100.00000 -100.00000 
-100.00000 -100.00000 
 0.00000  0.00000 
-100.00000 -100.00000 
-0.17884 -0.51260 
-0.33797 -100.00000 
 0.20288 -0.81694 
-100.00000 -100.00000 
 0.00000  0.00000 
-0.20470 -0.50216 
-100.00000 -0.00097 
-100.00000 -100.00000 
-100.00000 -100.00000 
 0.03375 -0.13247 
-0.12469 -1.08322 
-100.00000 -100.00000 
-100.00000 -100.00000 
-100.00000 -100.00000 
-100.00000 -100.00000 
-100.00000 -100.00000 
-100.00000 -100.00000 
-100.00000 -100.00000 
 0.00010 -100.00000 
-100.00000 -100.00000 
-0.21688  0.36717 
 0.19919 -0.49969 
 0.00000  0.00000 
-100.00000 -100.00000 
-100.00000 -100.00000 
 0.08419 -0.25476 
-100.00000 -100.00000 
-100.00000 -100.00000 
-100.00000 -100.00000 
-100.00000 -100.00000 
-100.00000 -100.00000 
-100.00000 -0.00007 
-100.00000 -100.00000 
-100.00000 -100.00000 
-0.10299  0.06282 
-100.00000 -100.00000 
-100.00000 -0.14347 
 0.00000  0.00000 
-100.00000 -100.00000 
-100.00000 -100.00000 
-100.00000 -100.00000 
-100.00000 -100.00000 
-100.00000 -100.00000 
-0.14235  0.26026 
-100.00000 -100.00000 
 0.13762 -0.27462 
-100.00000  0.00039 
 0.34033 -0.12112 
-0.37143 -0.19349 
-0.09509  0.07074 
-100.00000  0.00017 
-100.00000 -100.00000 
-100.00000 -100.00000 
-0.21797  0.23416 
 0.07685  0.58284 
 0.13791 -0.00070 
-100.00000 -100.00000 
 0.30945  0.48044 
 0.05578 -0.38444 
 0.08951 -0.49786 
 0.43583  0.55954 
-100.00000 -100.00000 
-100.00000 -100.00000 
-100.00000 -0.52847 
-100.00000  0.43580 
-100.00000 -100.00000 
 0.26314 -100.00000 
 0.31789  0.19749 
 0.00000  0.00000 
 0.14464 -0.09149 
-100.00000 -0.00005 
-100.00000 -100.00000 
-100.00000 -100.00000 
-0.15169 -0.28898 
-100.00000 -100.00000 
-100.00000 -0.01297 
 0.30581 -0.34784 
 0.00000  0.00000 
-100.00000 -100.00000 
-0.15128 -0.02515 
-100.00000 -100.00000 
-100.00000 -100.00000 
-0.15072 -0.69000 
 0.00000  0.00000 
-100.00000 -100.00000 
-100.00000  0.13688 
-100.00000 -100.00000 
-100.00000 -100.00000 
-100.00000 -100.00000 
-100.00000 -100.00000 
 0.00000  0.00000 
-100.00000 -100.00000 
-100.00000 -100.00000 
-100.00000 -100.00000 
-100.00000 -100.00000 
-100.00000 -100.00000 
-0.70019  0.09973 
-100.00000 -100.00000 
-100.00000 -100.00000 
-100.00000 -100.00000 
-100.00000 -100.00000 
-100.00000 -100.00000 
 0.26311 -100.00000 
-100.00000 -100.00000 
-0.10653  0.43025 
-100.00000  0.00002 
-100.00000 -100.00000 
-100.00000 -100.00000 
 0.00000  0.00000 
-0.04370 -0.02392 
-100.00000 -100.00000 
-100.00000  0.00001 
-100.00000 -100.00000 
-0.00007 -100.00000 
-100.00000 -100.00000 
 0.53772  0.15219 
-100.00000 -100.00000 
-100.00000 -100.00000 
-100.00000  0.00008 
-100.00000 -100.00000 
-100.00000 -100.00000 
-100.00000 -100.00000 
-0.00006  0.11196 
-100.00000 -100.00000 
-100.00000 -100.00000 
-100.00000 -100.00000 
-100.00000 -100.00000 
-100.00000 -100.00000 
-0.00609 -0.38816 
-100.00000 -100.00000 
-100.00000 -100.00000 
-100.00000 -100.00000 
-100.00000 -100.00000 
-100.00000 -100.00000 
-100.00000 -100.00000 
 0.13758 -100.00000 
-100.00000 -100.00000 
-100.00000 -100.00000 
-0.00012 -0.15120 
 0.33405  0.22654 
 0.11147 -100.00000 
-100.00000 -100.00000 
-100.00000 -100.00000 
 0.17089  0.05636 
-100.00000 -100.00000 
-0.23742 -0.05673 
-100.00000 -100.00000 
-100.00000 -100.00000 
-100.00000 -0.00018 
-0.00010 -100.00000 
-100.00000 -100.00000 
 0.13755  0.29446 
 0.13713 -100.00000 
-100.00000 -100.00000 
-100.00000 -100.00000 
-100.00000  0.76560 
-100.00000 -0.00119 
-0.07758  0.00002 
-100.00000 -100.00000 
-100.00000 -100.00000 
-100.00000 -100.00000 
-100.00000 -100.00000 
-100.00000 -100.00000 
-100.00000 -100.00000 
-100.00000 -100.00000 
-100.00000 -100.00000 
-100.00000 -100.00000 
-0.12987 -0.41887 
-100.00000 -100.00000 
-100.00000 -100.00000 
-100.00000 -100.00000 
-100.00000 -100.00000 
-100.00000 -100.00000 
-100.00000 -100.00000 
 0.08376 -0.06232 
-0.18832 -100.00000 
-100.00000 -100.00000 
 0.04854 -0.29063 
-100.00000 -0.50224 
-100.00000  0.00002 
-100.00000 -100.00000 
-100.00000 -100.00000 
-100.00000 -100.00000 
-100.00000 -100.00000 
-100.00000 -100.00000 
-100.00000 -0.34844 
-100.00000 -100.00000 
-100.00000 -100.00000 
-100.00000 -100.00000 
-100.00000 -100.00000 
-100.00000 -100.00000 
-100.00000 -100.00000 
-100.00000 -100.00000 
-100.00000 -100.00000 
-100.00000 -100.00000 
-100.00000 -100.00000 
-100.00000 -100.00000 
-100.00000 -100.00000 
-100.00000 -100.00000 
 0.00012 -100.00000 
-100.00000 -100.00000 
-100.00000 -100.00000 
-0.26385  0.53262 
-100.00000 -100.00000 
-100.00000 -100.00000 
-100.00000 -100.00000 
-100.00000 -100.00000 
-100.00000 -100.00000 
-100.00000 -0.00015 
-100.00000 -100.00000 
-100.00000 -100.00000 
-100.00000 -100.00000 
-100.00000 -100.00000 
-100.00000 -100.00000 
 0.08743 -0.03266 
 0.41817  0.58706 
-100.00000 -100.00000 
-100.00000 -100.00000 
-100.00000 -100.00000 
-100.00000 -100.00000 
 0.26298 -100.00000 
-100.00000 -100.00000 
-100.00000 -100.00000 
-100.00000 -100.00000 
 0.16388  0.34908 
-100.00000 -100.00000 
-100.00000 -100.00000 
-100.00000 -100.00000 
-100.00000 -100.00000 
-100.00000 -100.00000 
-100.00000 -100.00000 
-0.58626  0.49772 
-100.00000 -100.00000 
-100.00000 -100.00000 
-100.00000 -100.00000 
-100.00000 -100.00000 
-100.00000 -100.00000 
-100.00000 -100.00000 
-100.00000 -0.53313 
-0.07700 -100.00000 
-100.00000 -100.00000 
-100.00000 -100.00000 
-100.00000 -100.00000 
-100.00000  0.00023 
-100.00000 -100.00000 
-100.00000 -0.15273 
-100.00000 -100.00000 
-100.00000 -0.00009 
-100.00000 -100.00000 
-100.00000 -100.00000 
-100.00000 -100.00000 
 0.01854  0.48490 
-100.00000 -100.00000 
-100.00000 -100.00000 
-100.00000 -100.00000 
-0.06812 -0.56723 
 0.01854  0.00178 
-100.00000 -100.00000 
-0.00004  0.09867 
-100.00000 -100.00000 
-0.68990  0.07843 
-100.00000 -100.00000 
-100.00000 -100.00000 
-100.00000 -100.00000 
-100.00000 -100.00000 
-100.00000 -100.00000 
-100.00000 -100.00000 
-100.00000 -0.00283 
-100.00000 -100.00000 
-0.11926 -100.00000 
-100.00000 -100.00000 
-100.00000 -0.17352 
-100.00000 -100.00000 
 0.00000  0.00000 
-100.00000 -100.00000 
-100.00000 -100.00000 
 0.25660  0.39038 
-0.19355 -0.68169 
 0.13751 -100.00000 
-0.28185 -0.12604 
-100.00000 -100.00000 
-100.00000 -100.00000 
-100.00000 -100.00000 
-100.00000 -100.00000 
-0.09126 -100.00000 
 0.16314 -1.07829 
-100.00000 -100.00000 
-100.00000 -0.42966 
 0.14944 -0.74476 
-100.00000 -100.00000 
-0.22914 -0.44463 
-100.00000 -1.86505 
-100.00000 -100.00000 
 0.09034  0.52578 
 0.07989 -0.31617 
-100.00000 -100.00000 
 0.13793 -0.53548 
 0.00050 -100.00000 
-100.00000  0.28585 
-100.00000 -100.00000 
 0.56431  0.02251 
-100.00000 -100.00000 
-100.00000 -100.00000 
-100.00000 -100.00000 
 0.04138 -0.03893 
-100.00000  0.13735 
-100.00000 -100.00000 
-100.00000 -100.00000 
-100.00000 -100.00000 
-0.40793 -1.21998 
 0.18658  0.70245 
-0.22908 -0.09423 
 0.19398  0.26000 
-100.00000 -100.00000 
-100.00000 -100.00000 
 0.06879 -0.93024 
-0.07721  0.29753 
-100.00000 -100.00000 
-100.00000  0.13755 
-100.00000 -100.00000 
-100.00000 -100.00000 
-100.00000 -100.00000 
-100.00000 -100.00000 
-100.00000 -100.00000 
-100.00000 -100.00000 
 0.73930 -0.06689 
-100.00000 -100.00000 
-100.00000 -100.00000 
 0.73025  0.64803 
-100.00000 -100.00000 
-100.00000  0.27363 
-100.00000 -100.00000 
-100.00000 -100.00000 
-100.00000 -100.00000 
-100.00000 -100.00000 
-100.00000 -100.00000 
