-100.00000 -0.00007 
 0.12254  0.15167 
 0.07155 -0.69795 
-0.81495 -0.49829 
 0.00045 -100.00000 
-100.00000 -100.00000 
-0.00079  0.00021 
 0.26309 -100.00000 
-0.55039 -0.55929 
-0.15783 -0.34641 
-0.55055  0.56080 
-0.09416  0.54290 
-0.48401 -100.00000 
-0.46221 -0.28848 
 0.00010  0.26721 
-100.00000 -100.00000 
-0.90130  0.19774 
-100.00000 -100.00000 
-1.09548 -0.30590 
-100.00000 -100.00000 
 0.10849 -100.00000 
-100.00000 -100.00000 
-0.04261  0.32185 
 0.22387 -0.28718 
-100.00000 -100.00000 
-1.09778 -0.04299 
-0.08179 -0.37002 
-0.16192 -0.15155 
 0.00000  0.00000 
-0.71166 -0.03364 
-0.00009 -100.00000 
 0.04888  0.00001 
-100.00000 -100.00000 
-100.00000 -100.00000 
 0.00001 -100.00000 
-100.00000 -100.00000 
 1.00177 -0.42452 
-100.00000 -100.00000 
-100.00000 -100.00000 
-0.00204 -0.46916 
-100.00000 -100.00000 
 0.26319 -0.15494 
-100.00000 -100.00000 
 0.13753  0.00004 
-0.41669 -100.00000 
 0.00000  0.00000 
-100.00000 -0.00021 
 0.06629  0.11585 
-100.00000 -100.00000 
-100.00000 -100.00000 
-100.00000  0.13747 
-0.41047  0.24542 
 0.00000  0.00000 
-0.28501 -100.00000 
-0.35650  0.39827 
-0.23918  0.09215 
-100.00000 -100.00000 
-100.00000 -100.00000 
 0.11118 -0.16265 
-1.16471  0.77762 
-0.25229  0.35738 
 0.94041 -0.00003 
 0.00004 -100.00000 
-0.41687 -100.00000 
-0.22560  0.46463 
 0.16805 -0.49315 
-100.00000 -100.00000 
-0.74645  0.53965 
-0.15930  0.31484 
-0.29384 -0.28807 
 0.95910 -0.03458 
-0.26763  0.26676 
-0.72598  0.56465 
 0.06753 -100.00000 
-0.15536 -0.38735 
-100.00000 -100.00000 
-100.00000 -100.00000 
-100.00000 -100.00000 
 0.30091 -0.07964 
-100.00000 -100.00000 
 0.50500  0.09993 
 0.57629  0.15929 
 0.13724 -0.00020 
-0.25676 -0.15365 
-100.00000 -100.00000 
 0.00000  0.00000 
-100.00000 -100.00000 
-0.29412 -100.00000 
-1.00969  0.02482 
 0.46701 -0.47376 
-1.16881  1.21324 
 0.00000  0.00000 
-100.00000 -100.00000 
 0.00000  0.00000 
 0.13751 -100.00000 
-0.15380 -0.00003 
-100.00000 -100.00000 
-100.00000 -100.00000 
 0.86858  0.33883 
 0.33226  0.19043 
 0.01200 -0.74279 
 0.00000  0.00000 
 0.00010 -100.00000 
 1.32495 -1.00962 
 0.00005 -100.00000 
 0.01024  0.57486 
 0.10952 -0.36040 
-100.00000 -0.00010 
 0.23328 -0.09675 
-100.00000 -100.00000 
 0.26334 -0.22140 
-100.00000 -100.00000 
-0.16528 -0.14231 
-0.47962 -0.36120 
-1.15885 -0.13842 
-100.00000 -100.00000 
-100.00000 -100.00000 
-100.00000 -100.00000 
 0.52358  0.27926 
-100.00000 -100.00000 
-0.00005 -100.00000 
-0.57623  0.27914 
 0.00000  0.00000 
 0.00000  0.00000 
 0.48535 -100.00000 
 0.00000  0.00000 
 0.00000  0.00000 
 0.16058 -0.14575 
-0.27220 -100.00000 
-0.53598  0.37860 
-0.15594 -0.40393 
-100.00000 -100.00000 
-100.00000 -100.00000 
 0.16580 -0.02538 
-0.24742  0.34594 
 0.23781 -0.04883 
-0.96899 -0.33577 
 0.00000  0.00000 
 0.00000  0.00000 
 0.00008 -100.00000 
-0.30272  0.33224 
-0.33880 -0.17500 
-0.02935 -0.19403 
-0.66016 -100.00000 
-0.02062  0.87800 
-0.66167  0.31246 
-100.00000 -100.00000 
-0.32194 -0.00880 
-0.52279 -1.03582 
-1.02012 -0.34875 
 0.00000  0.00000 
-0.27928 -0.09888 
 0.00000  0.00000 
 0.03365 -0.13515 
 0.03194 -0.07186 
-0.07637 -100.00000 
-0.19120 -0.21061 
 0.00000  0.00000 
 0.00000  0.00000 
 0.02460  0.89825 
-0.74351 -100.00000 
-0.39802 -0.35977 
-0.24154 -0.35067 
 0.67863  0.07166 
-0.53622  0.00007 
-100.00000 -100.00000 
-100.00000 -100.00000 
-0.01594 -0.51036 
-0.61834 -0.38165 
-0.28138 -0.94526 
 0.75466  0.44095 
 0.14453  0.25152 
 0.00000  0.00000 
 0.10916  0.13757 
-0.91351 -0.15199 
-1.94284 -0.78567 
-0.64779 -100.00000 
-1.26983 -0.75315 
-0.52832 -0.14300 
 0.00000  0.00000 
-0.00008 -0.19032 
-0.16397 -0.06722 
-0.35271 -0.11902 
-0.01446  0.35226 
-100.00000 -100.00000 
-0.93381  0.00021 
-0.00007 -100.00000 
 1.61315  0.18758 
-100.00000 -100.00000 
-100.00000 -100.00000 
-100.00000 -100.00000 
-100.00000 -100.00000 
-100.00000 -100.00000 
 0.09235 -0.04972 
-100.00000 -100.00000 
-100.00000 -100.00000 
-1.25338 -1.39014 
 0.43887 -0.17690 
 0.00000  0.00000 
 0.00000  0.00000 
 0.00000  0.00000 
 0.34707 -100.00000 
-100.00000 -100.00000 
-100.00000 -100.00000 
-0.37821  0.10227 
 0.00000  0.00000 
-100.00000 -100.00000 
 0.00013 -0.33301 
 0.00000  0.00000 
-0.81277  0.02379 
-0.35670 -0.01037 
-0.16972  0.49931 
-0.96334 -0.37067 
 0.34373 -0.79761 
-100.00000 -100.00000 
 0.00000  0.00000 
-100.00000 -100.00000 
 0.20043 -0.70547 
 0.00000  0.00000 
 0.00000  0.00000 
-0.08855 -0.72872 
-0.50542  0.12668 
-0.28374 -0.10772 
-0.73726  1.48543 
 0.10392 -100.00000 
 0.01632 -0.16584 
 0.30623  0.56014 
-0.60755 -0.48068 
-0.01330  0.30602 
-0.27900  0.26279 
-0.88320 -0.25097 
-0.65025 -0.51225 
-0.25634 -0.06970 
 3.16954  0.02428 
 0.56362  0.64215 
-0.45328 -0.62453 
-0.82835 -0.38885 
-0.12213  0.37849 
 0.23719 -0.00640 
-0.77530  0.18873 
-100.00000 -100.00000 
 0.00092  0.37883 
-100.00000 -100.00000 
 0.55200  0.60456 
-100.00000 -100.00000 
-0.26806 -100.00000 
-100.00000 -100.00000 
-0.74727 -0.21782 
-0.02650  0.58692 
-100.00000 -100.00000 
-0.82162  0.12273 
-0.14887  0.62874 
 0.59920  0.26312 
-0.46621  0.37851 
 0.50965  0.13099 
-100.00000 -100.00000 
-1.40217 -0.20521 
 0.53448 -0.72624 
-0.00007  0.01083 
 0.34160  0.23352 
 0.14459 -0.67576 
-0.25738  0.25825 
 0.70429  0.01079 
-100.00000 -100.00000 
-100.00000 -100.00000 
-0.36661 -0.11587 
 0.07990 -0.33647 
-1.60415 -0.27580 
-100.00000 -100.00000 
-0.22706 -0.39648 
-0.03112  0.02617 
-1.31229 -0.09428 
-100.00000 -100.00000 
 0.00000  0.00000 
-0.13712  0.00002 
-0.31394  0.53132 
-0.37628  0.27382 
-0.69555 -0.75115 
 0.00000  0.00000 
 0.52211  0.09941 
-0.01603  0.13756 
-100.00000 -100.00000 
-0.41623  0.23515 
 0.00000  0.00000 
 0.11832  0.35815 
-0.42535 -0.06791 
 0.00000  0.00000 
-0.51212  0.61989 
-0.75137 -0.10762 
-0.56450 -0.36483 
-0.27462  0.00002 
 0.08285  0.00322 
-0.92422  0.12734 
-0.46589 -0.62536 
 0.07203 -0.34145 
-100.00000 -100.00000 
-0.77764 -100.00000 
-0.14847 -1.25213 
 0.36786 -0.12331 
-0.00005  0.13753 
-1.49797 -0.09165 
-100.00000 -100.00000 
-0.61695  0.17102 
 0.00000  0.00000 
 0.09615 -0.55958 
-0.52861 -100.00000 
-1.03321  0.01137 
-0.19961 -0.09880 
-100.00000 -100.00000 
 0.41287 -0.20981 
-100.00000 -100.00000 
 0.05083  0.41966 
-0.86813 -0.38073 
-0.70465  0.19613 
-0.56218 -0.23968 
-100.00000 -100.00000 
-100.00000 -100.00000 
-0.39084 -0.33696 
 0.09056  0.13767 
 0.24355  0.14727 
 0.13745  0.00011 
-100.00000 -100.00000 
-100.00000 -100.00000 
 0.48549  0.24197 
 0.00000  0.00000 
-0.92577 -0.45144 
-0.28812 -0.27432 
-0.14701  0.32089 
 0.48532 -0.00382 
-100.00000 -100.00000 
-100.00000 -100.00000 
-0.01119 -100.00000 
 0.00023 -100.00000 
-100.00000 -100.00000 
 0.00002 -0.00001 
-0.01379 -100.00000 
-0.75137 -0.21127 
-0.02500  0.31049 
 0.00000  0.00000 
-100.00000 -100.00000 
 0.00001 -100.00000 
-100.00000 -100.00000 
 0.09542 -100.00000 
-0.14039 -0.15206 
-0.52253 -0.14312 
 0.64035  0.46311 
-0.26194 -100.00000 
 0.26651 -0.00073 
-0.02410  0.13756 
-1.29129 -0.29540 
-0.31148  0.43588 
 0.40395  0.25400 
-0.15167 -0.21631 
-100.00000 -100.00000 
-100.00000 -100.00000 
-100.00000 -100.00000 
 0.00005 -100.00000 
 0.39759 -0.21755 
-100.00000 -100.00000 
-100.00000 -100.00000 
-0.00121 -100.00000 
-100.00000 -100.00000 
-100.00000 -100.00000 
-100.00000 -100.00000 
-100.00000 -0.12171 
 0.24370  0.21084 
 0.00098  0.13756 
-100.00000 -100.00000 
-0.15148 -100.00000 
-0.17283  0.06660 
 0.60889  0.11208 
 0.43551  0.16996 
-100.00000 -100.00000 
-0.28847 -100.00000 
 0.00000  0.00000 
 0.09985  0.08256 
-100.00000  0.13754 
-0.64294 -0.50716 
-0.39040 -0.08552 
-100.00000 -100.00000 
 0.52542 -0.04912 
-0.26043 -0.53239 
 0.00000  0.00000 
-0.15267  0.00002 
 0.00007  0.13755 
-0.77242 -0.31055 
-0.69354 -0.05077 
-100.00000 -0.00017 
-0.61670 -0.84244 
-0.05073  0.41532 
 0.26288 -0.53296 
 0.02811  0.84839 
 0.31629  0.66658 
 0.00013 -100.00000 
-100.00000 -100.00000 
-0.59291  1.07050 
 0.00000  0.00000 
-100.00000 -100.00000 
 0.13744 -0.53244 
 0.38719  0.37852 
-100.00000  0.13757 
-100.00000 -100.00000 
 1.17683 -0.71101 
-1.13391 -0.98434 
-100.00000 -100.00000 
-1.15645 -0.55551 
 0.18624 -100.00000 
-0.92978 -0.15513 
 0.70933  0.37835 
 0.81212  0.17050 
-0.15269 -100.00000 
-0.42016 -100.00000 
 0.58372 -0.30321 
-0.28025 -0.46169 
-0.88395  0.03269 
-0.09313 -0.33807 
-100.00000 -100.00000 
-100.00000 -100.00000 
-0.04456 -0.27690 
-100.00000 -100.00000 
-100.00000 -100.00000 
 0.66257  0.88427 
-0.08524  0.40020 
-0.27669 -1.41899 
-100.00000 -100.00000 
 0.67813 -100.00000 
 0.46778  0.21726 
 0.00043 -100.00000 
-100.00000 -100.00000 
-100.00000 -100.00000 
 0.58572 -0.12594 
-100.00000 -100.00000 
-100.00000 -100.00000 
-0.40464 -0.01272 
-100.00000 -100.00000 
-100.00000 -100.00000 
-0.13592 -100.00000 
-0.30948  0.38102 
-100.00000 -0.06560 
-100.00000 -100.00000 
 0.22604 -100.00000 
 0.04007  0.22814 
-100.00000 -100.00000 
-100.00000 -100.00000 
-100.00000 -100.00000 
-100.00000 -100.00000 
-0.15526  0.26307 
 1.07047 -100.00000 
-100.00000  0.13727 
 0.37855 -0.27028 
 0.31881  0.73026 
-100.00000 -100.00000 
 0.89297  0.14671 
-100.00000 -100.00000 
-100.00000 -100.00000 
 0.12980  0.26525 
-0.32472 -0.43653 
-100.00000 -100.00000 
-100.00000 -100.00000 
-0.02461 -0.07410 
-100.00000 -100.00000 
 0.13743 -100.00000 
 0.08779 -100.00000 
 0.11020 -0.43352 
-100.00000 -100.00000 
-100.00000 -0.00028 
 0.00000  0.00000 
-0.07345  0.28193 
-0.15532 -0.07261 
 0.06876  0.13720 
 0.15654  0.23295 
-0.25535  0.48332 
 0.11064  0.13777 
-100.00000 -100.00000 
-0.00030 -0.53394 
-0.16290 -0.26535 
 0.68379 -100.00000 
-0.09066 -0.38680 
-100.00000 -100.00000 
-0.44416  0.06121 
 0.52120  0.07781 
-100.00000  0.48535 
-0.03638  0.26705 
-0.39623 -0.24044 
-100.00000 -100.00000 
-0.29969 -0.15736 
-0.16418 -100.00000 
-0.03456  0.00568 
 0.35656 -0.18838 
 0.11060  0.36391 
-0.02656 -0.41304 
-100.00000 -100.00000 
-0.74436  0.13934 
 0.00000  0.00000 
-100.00000 -100.00000 
-100.00000 -0.27027 
 0.39642 -0.22155 
 0.45395 -0.65918 
 0.40253  0.00414 
-0.17460  0.00005 
-0.71139  0.64675 
 0.21444  0.38431 
-0.08086  0.27727 
-0.74821 -0.44817 
-0.56742 -100.00000 
 0.00000  0.00000 
-0.16485 -0.41238 
-0.19952 -0.89524 
 0.00000  0.00000 
-0.83569  0.24341 
-0.92101 -0.43817 
 0.00213  0.48965 
 0.06107 -0.02950 
-0.97360 -0.41337 
-1.27633 -0.82636 
-100.00000 -100.00000 
-0.34665 -0.34545 
-0.12997  0.03674 
-100.00000 -100.00000 
 0.04080 -0.32004 
-0.20611 -0.00242 
-0.74212 -0.40150 
 0.00000  0.00000 
-0.31209  0.63175 
-0.40123 -100.00000 
-0.29698 -0.29292 
-0.41088 -0.00021 
 0.05704 -0.26150 
-0.42548  0.33164 
 0.13744 -0.00009 
-0.04064 -0.29145 
-100.00000  0.15673 
 0.13752 -0.25420 
 0.00000  0.00000 
 0.04809  1.20276 
 0.00008 -100.00000 
-0.30602 -0.11876 
 0.00000  0.00000 
 0.00000  0.00000 
-1.04801 -0.31240 
-100.00000 -100.00000 
-0.31112  0.13757 
 0.19574 -0.16034 
-0.30636  0.00000 
 0.00000  0.00000 
-100.00000 -100.00000 
-100.00000 -100.00000 
-0.04807  0.00077 
-100.00000  0.00004 
 0.00000  0.00000 
 0.36913 -0.37271 
-0.00013 -100.00000 
-0.83787  0.48571 
-0.17361 -0.20106 
 0.00000  0.00000 
-0.04738 -0.07432 
-100.00000 -100.00000 
 0.00000  0.00000 
 0.41701  0.03931 
-100.00000 -100.00000 
-0.31128  0.48580 
-0.04827 -0.00002 
-100.00000 -100.00000 
-0.17397 -0.06280 
-100.00000  0.26307 
