-0.02256 -0.36820 
 0.00000  0.00000 
-100.00000  0.10860 
 0.00000  0.00000 
-0.00007 -100.00000 
-100.00000 -100.00000 
-100.00000 -0.53821 
-100.00000 -100.00000 
-0.48014 -100.00000 
-100.00000 -0.00033 
-100.00000 -100.00000 
-100.00000 -100.00000 
-100.00000 -100.00000 
-100.00000 -100.00000 
 0.23194  0.00010 
-100.00000 -100.00000 
-100.00000 -100.00000 
-100.00000 -100.00000 
-0.20424  0.60115 
-100.00000  0.10851 
-100.00000 -100.00000 
-100.00000 -100.00000 
-100.00000 -100.00000 
-100.00000 -100.00000 
-100.00000 -100.00000 
-100.00000 -100.00000 
-0.00981 -0.41895 
-0.62926  0.06543 
-100.00000 -100.00000 
-100.00000 -100.00000 
-100.00000 -100.00000 
-100.00000 -100.00000 
-100.00000 -100.00000 
-100.00000 -100.00000 
-0.37615  0.22412 
 0.33880 -0.50767 
-100.00000 -100.00000 
 0.33900  0.02851 
 0.00000  0.00000 
-0.13297  0.34496 
-100.00000 -100.00000 
-0.37941 -100.00000 
-100.00000 -100.00000 
 0.11456  0.11034 
-100.00000 -100.00000 
-100.00000 -100.00000 
 0.26295 -0.15247 
 0.69687 -0.70380 
-100.00000 -100.00000 
-100.00000 -100.00000 
-0.02616 -0.13936 
-100.00000 -0.29162 
-100.00000 -0.80984 
-0.00006 -100.00000 
-0.65329 -0.61805 
-100.00000 -0.00011 
 0.00000  0.00000 
-100.00000 -100.00000 
-100.00000 -100.00000 
 0.00000  0.00000 
-100.00000 -100.00000 
 0.00000  0.00000 
-100.00000 -100.00000 
 0.22890  0.01502 
-0.71989 -0.53016 
-100.00000 -100.00000 
-100.00000 -100.00000 
 0.05897  0.25355 
-100.00000 -100.00000 
-100.00000 -0.15452 
 0.00000  0.00000 
-100.00000 -100.00000 
 0.16426 -0.36793 
-100.00000 -100.00000 
 0.00003 -100.00000 
-100.00000 -100.00000 
-100.00000 -100.00000 
-100.00000 -100.00000 
-100.00000 -100.00000 
-100.00000 -100.00000 
 0.25126  0.92614 
-100.00000 -100.00000 
 0.11950  0.28821 
-100.00000 -100.00000 
-100.00000 -100.00000 
-0.02263 -100.00000 
-100.00000 -100.00000 
-100.00000 -100.00000 
 0.44609 -0.42097 
 1.07029  0.04997 
-0.07511 -0.12876 
 0.23172 -100.00000 
-100.00000 -100.00000 
-100.00000 -100.00000 
-100.00000 -100.00000 
-100.00000 -100.00000 
-100.00000 -100.00000 
-0.37692  0.38319 
-100.00000 -0.89893 
-100.00000 -0.00015 
 0.29095  0.62212 
-100.00000 -100.00000 
-0.28057 -1.22629 
-0.62135  0.08044 
-100.00000 -100.00000 
-100.00000 -0.15378 
-100.00000 -100.00000 
-100.00000 -100.00000 
-100.00000 -100.00000 
-100.00000 -100.00000 
-0.29113 -100.00000 
-100.00000 -100.00000 
-100.00000 -0.01654 
-100.00000 -100.00000 
-100.00000 -100.00000 
 0.70860 -0.55410 
-0.15798  0.83801 
-100.00000 -100.00000 
-0.15077 -0.09940 
-0.36427  0.02113 
-0.18247 -0.29282 
-100.00000 -100.00000 
-100.00000 -0.00007 
-100.00000 -100.00000 
-100.00000 -100.00000 
 0.00012  1.96354 
-100.00000 -0.00036 
-100.00000 -100.00000 
 0.01850  0.28163 
-0.32932 -0.53369 
-100.00000 -100.00000 
-0.01500  0.74671 
-0.17748 -100.00000 
-100.00000 -100.00000 
-0.04538 -100.00000 
 0.00000  0.00000 
-0.27896 -0.15720 
-100.00000 -0.74429 
-0.02490 -100.00000 
-100.00000 -100.00000 
-100.00000 -0.15341 
 0.04426 -0.15731 
-100.00000 -100.00000 
 0.06792 -0.03966 
-100.00000 -0.00012 
 0.22516 -0.74413 
-100.00000 -100.00000 
-100.00000 -0.00081 
 0.20816  0.33753 
-100.00000 -0.01096 
-100.00000 -100.00000 
-100.00000 -100.00000 
 0.18761 -1.40843 
-100.00000  0.25925 
-0.09750 -0.37912 
-100.00000 -0.48382 
 0.00000  0.00000 
-100.00000 -0.00474 
-100.00000 -100.00000 
-100.00000 -100.00000 
-100.00000 -100.00000 
 0.79117  0.07947 
-0.56203 -0.15459 
-100.00000 -100.00000 
-100.00000 -100.00000 
-100.00000 -100.00000 
-100.00000 -100.00000 
 0.04528 -0.74700 
 0.00000  0.00000 
 0.00000  0.00000 
 0.45656 -100.00000 
-100.00000 -0.00033 
-0.16237 -100.00000 
-100.00000 -100.00000 
-0.44144 -1.12623 
 0.00000  0.00000 
-100.00000 -100.00000 
-0.02466 -100.00000 
-0.28790  0.49722 
 0.17761  0.13775 
-100.00000 -100.00000 
-0.46404 -0.00023 
 0.21646  0.08564 
-0.10781 -0.42356 
 0.00000  0.00000 
-100.00000 -100.00000 
 0.00000  0.00000 
 0.32867  0.21165 
-100.00000 -100.00000 
-100.00000 -100.00000 
-100.00000 -100.00000 
-100.00000 -100.00000 
-100.00000 -100.00000 
-100.00000 -100.00000 
-100.00000 -100.00000 
-100.00000 -100.00000 
-0.00018 -100.00000 
-100.00000 -100.00000 
-100.00000 -100.00000 
-100.00000 -100.00000 
-0.34312 -0.74176 
-100.00000 -100.00000 
 0.08579 -0.55120 
 0.26302  0.37847 
-0.34752 -0.44179 
-100.00000 -100.00000 
-100.00000 -100.00000 
-100.00000 -100.00000 
-100.00000  0.34331 
-0.16295  0.57720 
 0.08432 -100.00000 
 0.38895 -0.05179 
-0.45397 -0.22067 
-100.00000 -0.14273 
-100.00000 -100.00000 
-100.00000 -0.14699 
-100.00000 -100.00000 
-100.00000 -100.00000 
-0.47347  0.24287 
-0.01838  0.58379 
 0.03068  0.15769 
-100.00000 -100.00000 
-0.34887  0.21028 
 0.55696  0.05340 
 0.30836  0.26137 
-100.00000 -100.00000 
-0.00034 -0.41512 
-100.00000 -100.00000 
-0.39613 -0.30956 
 0.08419  0.21111 
-100.00000 -0.60992 
-0.46191  0.17552 
-0.11236  0.09325 
-0.24814 -1.02781 
 0.00000  0.00000 
-0.35389 -0.14346 
-0.16438 -0.25019 
-100.00000 -100.00000 
 0.08034 -0.11874 
-100.00000 -100.00000 
-100.00000 -100.00000 
 0.06448 -0.34974 
-0.35932 -100.00000 
 0.19049 -0.38153 
-100.00000 -100.00000 
-100.00000 -100.00000 
-100.00000 -100.00000 
-0.17896 -100.00000 
-100.00000 -100.00000 
-100.00000 -100.00000 
-0.63443  0.34411 
 0.05767 -100.00000 
-100.00000 -100.00000 
-0.18088 -0.00067 
-0.05365 -0.01375 
-100.00000  0.21094 
 0.08344 -0.61036 
-100.00000 -100.00000 
 0.31933 -0.10570 
-100.00000 -100.00000 
-100.00000 -100.00000 
-100.00000 -100.00000 
-100.00000  0.00004 
-100.00000 -100.00000 
 0.14764  0.11825 
-100.00000 -100.00000 
-100.00000 -100.00000 
-100.00000 -0.00012 
-100.00000 -100.00000 
-100.00000 -100.00000 
-100.00000 -100.00000 
-0.00011 -0.56650 
-100.00000 -100.00000 
-1.07524 -0.95365 
 0.68410 -0.08480 
-100.00000 -0.60764 
 0.19072 -0.95843 
-0.49332  1.55813 
 0.00007 -100.00000 
-100.00000 -100.00000 
-100.00000 -100.00000 
-100.00000 -100.00000 
 0.15895 -0.14436 
-100.00000 -100.00000 
 0.06628 -0.53143 
-0.43133 -0.15130 
-100.00000 -0.14743 
-0.41393  0.07136 
-100.00000 -0.49786 
-0.14971  0.90070 
-100.00000 -100.00000 
 0.07139  0.51224 
 0.26384 -0.01403 
 0.00000  0.00000 
-100.00000 -100.00000 
 0.26314  0.43377 
-100.00000 -0.01371 
-100.00000 -100.00000 
 0.40114  2.54926 
-100.00000 -100.00000 
-100.00000 -100.00000 
-0.15151 -0.15124 
-0.45032 -0.27659 
-100.00000 -100.00000 
-0.02640  1.14592 
 0.50558 -0.15173 
-100.00000 -100.00000 
-100.00000 -100.00000 
 0.08972  0.26307 
-100.00000 -0.59737 
 0.48557 -0.15104 
-100.00000 -100.00000 
-0.00009 -0.23697 
-100.00000  0.26253 
-0.39233  0.26241 
-0.15132 -0.00006 
-100.00000 -100.00000 
-0.02488 -0.46884 
-100.00000 -100.00000 
-100.00000 -100.00000 
 0.00000  0.00000 
-100.00000 -100.00000 
-100.00000 -100.00000 
-0.26149  0.26907 
-100.00000 -100.00000 
 0.16217 -100.00000 
 0.00000  0.00000 
-100.00000 -100.00000 
 0.72013 -0.40562 
 0.37860 -100.00000 
-100.00000 -100.00000 
-0.03026 -0.01119 
-100.00000 -100.00000 
-100.00000  0.13764 
 0.20321  0.68269 
-100.00000 -0.26509 
 0.23285 -0.18230 
-100.00000 -100.00000 
 0.00002 -0.28159 
-0.32109  0.43468 
-100.00000  0.11007 
-100.00000 -100.00000 
-0.24895  0.08489 
-100.00000 -100.00000 
-100.00000 -100.00000 
-100.00000 -100.00000 
-100.00000 -0.00003 
-100.00000 -100.00000 
-100.00000 -100.00000 
-100.00000 -100.00000 
-100.00000 -100.00000 
-100.00000 -100.00000 
-100.00000 -100.00000 
 0.52689  0.00360 
-100.00000 -100.00000 
-100.00000 -100.00000 
-100.00000 -100.00000 
-100.00000 -100.00000 
-100.00000 -100.00000 
-0.01407 -0.00024 
-0.28976 -0.97116 
-100.00000 -100.00000 
-100.00000 -100.00000 
-100.00000 -100.00000 
-100.00000 -100.00000 
-100.00000 -100.00000 
-100.00000 -100.00000 
-100.00000 -100.00000 
-100.00000 -100.00000 
-0.04366 -0.15198 
 0.48552 -0.15045 
 0.03531 -0.95541 
 0.52651 -0.26557 
-100.00000 -100.00000 
-100.00000 -100.00000 
-100.00000 -100.00000 
-100.00000 -100.00000 
-100.00000 -100.00000 
-100.00000 -100.00000 
-100.00000 -100.00000 
 0.71393  0.30877 
 0.00000  0.00000 
-100.00000  0.00005 
-0.21443 -0.41679 
 0.92313  0.26310 
-0.36291  0.48427 
-100.00000 -100.00000 
-100.00000 -100.00000 
 0.28786 -0.06160 
 0.06221 -1.39782 
-100.00000 -100.00000 
 0.58509 -0.02778 
 0.19820 -0.26867 
 0.00000  0.00000 
-100.00000 -100.00000 
-0.13795  0.38719 
-100.00000 -100.00000 
-100.00000 -100.00000 
-100.00000 -100.00000 
-0.39102 -0.04778 
 0.00000  0.00000 
 0.04871  0.19452 
-0.69887 -0.06761 
-0.42954  0.77885 
-0.02300 -0.92080 
-100.00000 -100.00000 
 0.13154  0.58217 
-100.00000 -100.00000 
-100.00000 -100.00000 
-100.00000  0.37857 
 0.00000  0.00000 
 0.12965 -0.61715 
-100.00000 -100.00000 
-0.58711  1.10013 
-0.04624 -0.04802 
-100.00000  0.00050 
-0.50079  0.43132 
 0.00000  0.00000 
 0.27305 -0.22134 
 0.13747 -100.00000 
-0.13908 -0.25332 
-100.00000  0.37858 
-100.00000 -100.00000 
 0.26297 -100.00000 
 0.00000  0.00000 
 0.00000  0.00000 
-100.00000  0.19951 
-100.00000  0.22835 
-100.00000 -100.00000 
-100.00000 -100.00000 
-100.00000 -100.00000 
-100.00000 -0.00043 
-100.00000 -100.00000 
-100.00000 -100.00000 
-100.00000 -100.00000 
 0.04051 -0.26252 
-100.00000 -100.00000 
 0.04699  0.22695 
-100.00000 -100.00000 
-0.05124 -0.01972 
-100.00000 -100.00000 
-100.00000 -100.00000 
-100.00000 -100.00000 
-100.00000 -100.00000 
-100.00000 -100.00000 
 0.08919  0.02684 
-0.13802  0.31517 
 0.63586 -0.55659 
 0.98759 -0.66601 
-100.00000 -100.00000 
-100.00000 -100.00000 
-100.00000 -100.00000 
-100.00000 -100.00000 
-100.00000 -100.00000 
-100.00000 -100.00000 
 0.76555  0.00034 
-0.61583  0.05272 
-100.00000 -100.00000 
 0.00000  0.00000 
-0.03726  2.04068 
-100.00000 -100.00000 
-100.00000 -100.00000 
 0.82147 -0.76633 
 0.00000  0.00000 
-100.00000 -100.00000 
 0.00000  0.00000 
-0.50095 -100.00000 
 0.11135 -0.77369 
-100.00000 -100.00000 
 0.00000  0.00000 
-0.07722 -0.26999 
-100.00000  0.22597 
-100.00000 -100.00000 
 0.00000  0.00000 
-0.45543 -0.57001 
-0.41767  0.16736 
-100.00000 -100.00000 
-0.37737 -0.21042 
-100.00000  0.00007 
-100.00000 -100.00000 
-100.00000 -100.00000 
-0.11455  0.18483 
-100.00000 -100.00000 
-100.00000 -100.00000 
-100.00000 -100.00000 
 0.00000  0.00000 
-100.00000 -100.00000 
-100.00000 -100.00000 
-100.00000  0.68204 
 0.58954  0.90412 
-100.00000 -100.00000 
 0.14931  0.21497 
-0.01413  0.37669 
-100.00000 -0.44585 
-100.00000 -100.00000 
-0.08997 -0.71707 
-0.65990 -0.54451 
-100.00000 -100.00000 
 0.17058 -100.00000 
-100.00000 -100.00000 
 0.14913 -0.38923 
-100.00000 -100.00000 
-100.00000 -0.04761 
 0.00000  0.00000 
-100.00000 -100.00000 
 0.26315 -100.00000 
-0.03785 -0.22050 
 0.42687  0.56279 
-100.00000 -100.00000 
 0.00000  0.00000 
-100.00000 -100.00000 
-0.27348 -0.59408 
-0.12483 -0.34759 
 0.15762  0.36366 
 0.00000  0.00000 
 0.01853 -100.00000 
 0.36640 -1.16163 
-0.05801 -0.44579 
-100.00000 -100.00000 
 0.00000  0.00000 
-100.00000 -100.00000 
-0.28334  0.02923 
-100.00000 -0.19186 
-100.00000  0.44936 
-100.00000 -100.00000 
-100.00000  0.13776 
-100.00000 -100.00000 
 0.24948  0.24969 
 0.80124  0.22222 
-100.00000 -100.00000 
-0.34060 -100.00000 
-100.00000 -100.00000 
-100.00000 -100.00000 
-100.00000 -100.00000 
-100.00000 -100.00000 
-100.00000 -100.00000 
-100.00000 -100.00000 
-0.00012 -100.00000 
-100.00000 -100.00000 
-100.00000 -100.00000 
-100.00000 -100.00000 
-100.00000 -100.00000 
-100.00000 -100.00000 
-100.00000 -100.00000 
-100.00000 -100.00000 
-100.00000 -100.00000 
-100.00000 -100.00000 
-100.00000 -100.00000 
-100.00000 -100.00000 
-100.00000 -100.00000 
-100.00000 -100.00000 
-100.00000 -100.00000 
-100.00000  0.06781 
-100.00000 -100.00000 
-0.11907 -100.00000 
-0.68477  0.91499 
-100.00000 -100.00000 
-100.00000 -100.00000 
-100.00000 -100.00000 
 0.46596 -0.18194 
-100.00000 -100.00000 
 0.52542 -0.22568 
 0.03433  0.00007 
-100.00000 -100.00000 
-100.00000 -100.00000 
