-0.36820 -0.22235 
 0.00000  0.00000 
 0.10860 -0.28745 
 0.00000  0.00000 
-100.00000 -100.00000 
-100.00000 -100.00000 
-0.53821 -100.00000 
-100.00000 -100.00000 
-100.00000 -100.00000 
-0.00033 -100.00000 
-100.00000 -100.00000 
-100.00000 -100.00000 
-100.00000 -100.00000 
-100.00000 -100.00000 
 0.00010  0.09208 
-100.00000 -100.00000 
-100.00000 -100.00000 
-100.00000 -100.00000 
 0.60115 -100.00000 
 0.10851 -100.00000 
-100.00000 -100.00000 
-100.00000 -0.14850 
-100.00000 -100.00000 
-100.00000 -100.00000 
-100.00000 -100.00000 
-100.00000 -100.00000 
-0.41895  0.33233 
 0.06543 -0.34409 
-100.00000 -100.00000 
-100.00000  0.00002 
-100.00000 -100.00000 
-100.00000 -100.00000 
-100.00000 -100.00000 
-100.00000 -100.00000 
 0.22412  0.13753 
-0.50767 -0.15046 
-100.00000 -100.00000 
 0.02851  0.45634 
 0.00000  0.00000 
 0.34496  0.39016 
-100.00000 -100.00000 
-100.00000 -0.15361 
-100.00000 -100.00000 
 0.11034 -0.04624 
-100.00000 -100.00000 
-100.00000 -100.00000 
-0.15247 -0.03963 
-0.70380  0.07697 
-100.00000 -100.00000 
-100.00000 -100.00000 
-0.13936 -0.48995 
-0.29162  0.00004 
-0.80984 -0.41501 
-100.00000 -100.00000 
-0.61805 -0.04570 
-0.00011 -100.00000 
 0.00000  0.00000 
-100.00000 -100.00000 
-100.00000 -100.00000 
 0.00000  0.00000 
-100.00000 -100.00000 
 0.00000  0.00000 
-100.00000 -100.00000 
 0.01502  0.12704 
-0.53016 -100.00000 
-100.00000 -100.00000 
-100.00000 -100.00000 
 0.25355  0.05658 
-100.00000 -100.00000 
-0.15452  0.43493 
 0.00000  0.00000 
-100.00000 -100.00000 
-0.36793 -0.44699 
-100.00000 -100.00000 
-100.00000 -100.00000 
-100.00000 -100.00000 
-100.00000 -100.00000 
-100.00000 -100.00000 
-100.00000 -100.00000 
-100.00000 -100.00000 
 0.92614  0.35280 
-100.00000 -100.00000 
 0.28821 -0.52355 
-100.00000 -100.00000 
-100.00000 -100.00000 
-100.00000 -100.00000 
-100.00000 -100.00000 
-100.00000 -100.00000 
-0.42097 -100.00000 
 0.04997 -0.01424 
-0.12876 -0.07220 
-100.00000 -100.00000 
-100.00000 -100.00000 
-100.00000 -100.00000 
-100.00000 -100.00000 
-100.00000 -100.00000 
-100.00000 -100.00000 
 0.38319  0.17284 
-0.89893  1.25637 
-0.00015  0.56671 
 0.62212  0.00455 
-100.00000 -100.00000 
-1.22629 -0.29471 
 0.08044  0.03143 
-100.00000 -100.00000 
-0.15378 -100.00000 
-100.00000 -100.00000 
-100.00000 -100.00000 
-100.00000 -100.00000 
-100.00000 -100.00000 
-100.00000 -100.00000 
-100.00000 -100.00000 
-0.01654  0.39407 
-100.00000 -100.00000 
-100.00000 -100.00000 
-0.55410 -0.58021 
 0.83801 -0.01761 
-100.00000 -100.00000 
-0.09940  0.09874 
 0.02113  0.38709 
-0.29282  0.48543 
-100.00000 -100.00000 
-0.00007  0.18833 
-100.00000 -100.00000 
-100.00000 -100.00000 
 1.96354 -0.73005 
-0.00036 -100.00000 
-100.00000 -100.00000 
 0.28163 -0.05477 
-0.53369  0.24867 
-100.00000 -100.00000 
 0.74671  0.61826 
-100.00000  0.26320 
-100.00000 -100.00000 
-100.00000 -100.00000 
 0.00000  0.00000 
-0.15720  0.38473 
-0.74429 -100.00000 
-100.00000 -100.00000 
-100.00000 -100.00000 
-0.15341 -0.00024 
-0.15731  0.48633 
-100.00000 -100.00000 
-0.03966  0.08120 
-0.00012 -100.00000 
-0.74413 -0.51923 
-100.00000 -100.00000 
-0.00081 -100.00000 
 0.33753 -100.00000 
-0.01096 -100.00000 
-100.00000 -100.00000 
-100.00000 -100.00000 
-1.40843 -0.34518 
 0.25925 -100.00000 
-0.37912 -0.25826 
-0.48382 -100.00000 
 0.00000  0.00000 
-0.00474 -100.00000 
-100.00000 -100.00000 
-100.00000 -100.00000 
-100.00000 -100.00000 
 0.07947 -0.45243 
-0.15459 -0.51248 
-100.00000 -100.00000 
-100.00000 -100.00000 
-100.00000 -100.00000 
-100.00000 -100.00000 
-0.74700  0.14207 
 0.00000  0.00000 
 0.00000  0.00000 
-100.00000 -100.00000 
-0.00033 -100.00000 
-100.00000 -100.00000 
-100.00000 -100.00000 
-1.12623 -100.00000 
 0.00000  0.00000 
-100.00000 -100.00000 
-100.00000 -100.00000 
 0.49722  0.33871 
 0.13775 -100.00000 
-100.00000 -100.00000 
-0.00023 -0.37301 
 0.08564  0.25651 
-0.42356 -0.06092 
 0.00000  0.00000 
-100.00000 -100.00000 
 0.00000  0.00000 
 0.21165  0.27015 
-100.00000 -100.00000 
-100.00000 -100.00000 
-100.00000 -100.00000 
-100.00000 -100.00000 
-100.00000 -100.00000 
-100.00000 -100.00000 
-100.00000 -100.00000 
-100.00000 -100.00000 
-100.00000 -100.00000 
-100.00000 -100.00000 
-100.00000 -100.00000 
-100.00000 -100.00000 
-0.74176 -100.00000 
-100.00000 -100.00000 
-0.55120  0.10971 
 0.37847 -0.11396 
-0.44179 -100.00000 
-100.00000 -100.00000 
-100.00000 -100.00000 
-100.00000 -100.00000 
 0.34331 -100.00000 
 0.57720 -0.76180 
-100.00000 -100.00000 
-0.05179 -0.11789 
-0.22067 -0.41010 
-0.14273 -0.25163 
-100.00000 -100.00000 
-0.14699 -100.00000 
-100.00000 -100.00000 
-100.00000 -100.00000 
 0.24287  0.59587 
 0.58379 -0.05223 
 0.15769  0.67789 
-100.00000 -100.00000 
 0.21028  0.67767 
 0.05340 -0.11379 
 0.26137  0.11782 
-100.00000 -100.00000 
-0.41512 -0.86673 
-100.00000 -100.00000 
-0.30956 -0.01315 
 0.21111 -100.00000 
-0.60992 -100.00000 
 0.17552 -0.00163 
 0.09325  0.36225 
-1.02781  0.18653 
 0.00000  0.00000 
-0.14346  0.22526 
-0.25019  0.23420 
-100.00000 -100.00000 
-0.11874 -0.09317 
-100.00000 -0.31698 
-100.00000 -100.00000 
-0.34974  0.29617 
-100.00000 -100.00000 
-0.38153 -0.09870 
-100.00000 -100.00000 
-100.00000 -100.00000 
-100.00000 -100.00000 
-100.00000 -100.00000 
-100.00000 -100.00000 
-100.00000 -100.00000 
 0.34411 -0.39316 
-100.00000 -100.00000 
-100.00000 -100.00000 
-0.00067 -100.00000 
-0.01375 -0.11912 
 0.21094  0.26288 
-0.61036 -0.16965 
-100.00000 -100.00000 
-0.10570 -0.22487 
-100.00000 -100.00000 
-100.00000 -100.00000 
-100.00000 -100.00000 
 0.00004  0.13753 
-100.00000 -100.00000 
 0.11825 -0.51483 
-100.00000 -100.00000 
-100.00000 -100.00000 
-0.00012 -100.00000 
-100.00000 -100.00000 
-100.00000 -100.00000 
-100.00000 -100.00000 
-0.56650 -100.00000 
-100.00000 -100.00000 
-0.95365 -0.38890 
-0.08480 -0.26610 
-0.60764 -0.00012 
-0.95843 -0.02235 
 1.55813 -0.80257 
-100.00000 -100.00000 
-100.00000 -100.00000 
-100.00000 -100.00000 
-100.00000 -100.00000 
-0.14436 -0.82962 
-100.00000 -100.00000 
-0.53143  0.08513 
-0.15130  0.10286 
-0.14743  0.00005 
 0.07136  0.62698 
-0.49786 -100.00000 
 0.90070  0.07627 
-100.00000 -100.00000 
 0.51224  0.22616 
-0.01403  0.50580 
 0.00000  0.00000 
-100.00000 -100.00000 
 0.43377 -0.09216 
-0.01371  0.50513 
-100.00000 -100.00000 
 2.54926 -0.17480 
-100.00000 -100.00000 
-100.00000 -100.00000 
-0.15124 -100.00000 
-0.27659  0.10044 
-100.00000 -100.00000 
 1.14592 -0.38369 
-0.15173 -0.27201 
-100.00000 -100.00000 
-100.00000 -100.00000 
 0.26307  0.12746 
-0.59737 -0.31394 
-0.15104  0.00212 
-100.00000 -100.00000 
-0.23697 -0.66983 
 0.26253 -100.00000 
 0.26241  0.11844 
-0.00006 -0.13582 
-100.00000 -100.00000 
-0.46884  0.42548 
-100.00000 -100.00000 
-100.00000 -100.00000 
 0.00000  0.00000 
-100.00000 -100.00000 
-100.00000 -100.00000 
 0.26907 -0.19284 
-100.00000 -100.00000 
-100.00000  0.13721 
 0.00000  0.00000 
-100.00000 -100.00000 
-0.40562  0.30248 
-100.00000 -100.00000 
-100.00000 -100.00000 
-0.01119 -0.01598 
-100.00000 -100.00000 
 0.13764  0.00012 
 0.68269 -1.01921 
-0.26509 -100.00000 
-0.18230  0.23587 
-100.00000 -100.00000 
-0.28159  0.07892 
 0.43468  0.22249 
 0.11007 -100.00000 
-100.00000 -100.00000 
 0.08489  0.22021 
-100.00000 -100.00000 
-100.00000 -100.00000 
-100.00000 -100.00000 
-0.00003 -0.00011 
-100.00000 -100.00000 
-100.00000 -100.00000 
-100.00000 -100.00000 
-100.00000 -100.00000 
-100.00000 -100.00000 
-100.00000 -100.00000 
 0.00360 -0.44724 
-100.00000 -100.00000 
-100.00000 -100.00000 
-100.00000 -100.00000 
-100.00000 -100.00000 
-100.00000 -100.00000 
-0.00024  0.00304 
-0.97116 -0.13869 
-100.00000 -100.00000 
-100.00000 -100.00000 
-100.00000 -100.00000 
-100.00000 -100.00000 
-100.00000 -100.00000 
-100.00000 -100.00000 
-100.00000 -100.00000 
-100.00000 -100.00000 
-0.15198  1.06019 
-0.15045 -0.11031 
-0.95541 -0.23768 
-0.26557  0.00356 
-100.00000 -100.00000 
-100.00000 -100.00000 
-100.00000 -100.00000 
-100.00000 -100.00000 
-100.00000 -100.00000 
-100.00000 -100.00000 
-100.00000 -100.00000 
 0.30877  0.60296 
 0.00000  0.00000 
 0.00005 -100.00000 
-0.41679 -100.00000 
 0.26310  0.14582 
 0.48427 -0.02152 
-100.00000 -100.00000 
-100.00000 -100.00000 
-0.06160 -0.89284 
-1.39782  0.07331 
-100.00000 -100.00000 
-0.02778  0.37891 
-0.26867 -0.33968 
 0.00000  0.00000 
-100.00000 -100.00000 
 0.38719 -0.78132 
-100.00000 -100.00000 
-100.00000 -100.00000 
-100.00000 -100.00000 
-0.04778 -0.19118 
 0.00000  0.00000 
 0.19452 -0.39527 
-0.06761 -0.29875 
 0.77885 -100.00000 
-0.92080 -0.15383 
-100.00000 -100.00000 
 0.58217 -0.15329 
-100.00000  0.00006 
-100.00000 -100.00000 
 0.37857 -100.00000 
 0.00000  0.00000 
-0.61715  0.20029 
-100.00000 -100.00000 
 1.10013  0.84773 
-0.04802  0.58487 
 0.00050 -100.00000 
 0.43132  0.67814 
 0.00000  0.00000 
-0.22134  0.64385 
-100.00000  0.13757 
-0.25332 -0.14778 
 0.37858 -100.00000 
-100.00000 -100.00000 
-100.00000  0.13726 
 0.00000  0.00000 
 0.00000  0.00000 
 0.19951  0.30651 
 0.22835 -0.16810 
-100.00000 -100.00000 
-100.00000 -100.00000 
-100.00000 -100.00000 
-0.00043 -100.00000 
-100.00000 -100.00000 
-100.00000 -100.00000 
-100.00000 -100.00000 
-0.26252 -100.00000 
-100.00000 -100.00000 
 0.22695  0.13310 
-100.00000 -100.00000 
-0.01972 -0.57628 
-100.00000 -100.00000 
-100.00000 -100.00000 
-100.00000 -100.00000 
-100.00000 -100.00000 
-100.00000 -100.00000 
 0.02684 -0.62660 
 0.31517  0.67810 
-0.55659  0.25695 
-0.66601 -0.04844 
-100.00000 -100.00000 
-100.00000 -100.00000 
-100.00000 -100.00000 
-100.00000 -100.00000 
-100.00000 -100.00000 
-100.00000 -100.00000 
 0.00034 -100.00000 
 0.05272 -0.54344 
-100.00000 -100.00000 
 0.00000  0.00000 
 2.04068  1.37874 
-100.00000 -100.00000 
-100.00000 -100.00000 
-0.76633  0.20644 
 0.00000  0.00000 
-100.00000 -100.00000 
 0.00000  0.00000 
-100.00000  0.13740 
-0.77369 -0.33474 
-100.00000 -100.00000 
 0.00000  0.00000 
-0.26999  0.13756 
 0.22597  0.37862 
-100.00000 -100.00000 
 0.00000  0.00000 
-0.57001  0.53645 
 0.16736 -0.67457 
-100.00000 -100.00000 
-0.21042 -0.47426 
 0.00007 -100.00000 
-100.00000 -100.00000 
-100.00000 -100.00000 
 0.18483  0.23989 
-100.00000 -100.00000 
-100.00000 -100.00000 
-100.00000 -100.00000 
 0.00000  0.00000 
-100.00000 -100.00000 
-100.00000 -100.00000 
 0.68204 -100.00000 
 0.90412  0.44311 
-100.00000 -100.00000 
 0.21497  0.38220 
 0.37669  0.48927 
-0.44585 -100.00000 
-100.00000 -100.00000 
-0.71707  0.06845 
-0.54451 -0.54938 
-100.00000 -100.00000 
-100.00000 -0.45900 
-100.00000 -100.00000 
-0.38923  0.65941 
-100.00000 -100.00000 
-0.04761 -100.00000 
 0.00000  0.00000 
-100.00000 -100.00000 
-100.00000  0.31394 
-0.22050 -0.90706 
 0.56279  0.96420 
-100.00000 -100.00000 
 0.00000  0.00000 
-100.00000 -100.00000 
-0.59408  0.46505 
-0.34759  0.49053 
 0.36366 -0.19218 
 0.00000  0.00000 
-100.00000  0.00003 
-1.16163  0.08896 
-0.44579 -0.27325 
-100.00000 -100.00000 
 0.00000  0.00000 
-100.00000 -100.00000 
 0.02923  0.45145 
-0.19186  0.76604 
 0.44936  0.13617 
-100.00000 -100.00000 
 0.13776  0.00018 
-100.00000 -100.00000 
 0.24969  0.84842 
 0.22222 -0.00004 
-100.00000 -100.00000 
-100.00000 -100.00000 
-100.00000 -100.00000 
-100.00000 -100.00000 
-100.00000 -100.00000 
-100.00000 -100.00000 
-100.00000 -100.00000 
-100.00000 -100.00000 
-100.00000 -100.00000 
-100.00000 -100.00000 
-100.00000 -100.00000 
-100.00000 -100.00000 
-100.00000 -100.00000 
-100.00000 -100.00000 
-100.00000 -100.00000 
-100.00000 -100.00000 
-100.00000 -100.00000 
-100.00000 -100.00000 
-100.00000 -100.00000 
-100.00000 -100.00000 
-100.00000 -100.00000 
-100.00000 -100.00000 
-100.00000 -100.00000 
 0.06781 -100.00000 
-100.00000 -100.00000 
-100.00000  0.05192 
 0.91499  0.18550 
-100.00000 -100.00000 
-100.00000 -100.00000 
-100.00000 -100.00000 
-0.18194  0.37852 
-100.00000 -100.00000 
-0.22568  0.39792 
 0.00007  0.06284 
-100.00000 -100.00000 
-100.00000 -100.00000 
