-100.00000 -100.00000 
 0.55662 -0.37895 
 0.00002  0.00005 
 0.38829 -0.15511 
-100.00000  0.13757 
-0.25093  0.43417 
-100.00000 -100.00000 
-0.26383  0.07377 
-100.00000 -100.00000 
-100.00000 -100.00000 
-100.00000 -0.15079 
-100.00000 -100.00000 
-100.00000 -100.00000 
-100.00000 -100.00000 
-0.00012 -100.00000 
-100.00000 -100.00000 
-100.00000 -100.00000 
-100.00000 -100.00000 
-0.37417 -100.00000 
-100.00000 -100.00000 
-100.00000 -100.00000 
-100.00000 -100.00000 
-100.00000 -100.00000 
-100.00000 -100.00000 
 0.16508 -0.53586 
-100.00000 -100.00000 
-100.00000 -100.00000 
-100.00000 -100.00000 
-100.00000 -100.00000 
-100.00000 -100.00000 
-100.00000  0.10956 
-100.00000 -100.00000 
-100.00000 -100.00000 
-100.00000 -100.00000 
-100.00000 -100.00000 
-100.00000 -100.00000 
-0.54372 -0.15046 
-100.00000 -0.54439 
-100.00000 -0.00003 
-100.00000 -100.00000 
-100.00000 -100.00000 
-100.00000 -100.00000 
-100.00000 -100.00000 
-100.00000 -100.00000 
-0.36259  0.07665 
-100.00000 -100.00000 
-0.00008 -100.00000 
-100.00000 -100.00000 
-0.14360  0.13754 
-100.00000 -100.00000 
-0.00016 -100.00000 
-100.00000 -0.05544 
-100.00000  0.13534 
-0.16607 -0.05742 
-100.00000 -100.00000 
-100.00000 -100.00000 
-100.00000 -0.15733 
 0.10893 -100.00000 
-100.00000 -100.00000 
-100.00000  0.67786 
-100.00000 -100.00000 
 0.09799  0.26300 
 0.00002 -100.00000 
-100.00000 -100.00000 
-0.26908 -100.00000 
-0.14313 -0.39157 
-0.14295 -100.00000 
 0.00000  0.00000 
-100.00000 -100.00000 
-0.27469 -0.39059 
-100.00000 -100.00000 
-100.00000 -100.00000 
-0.03717 -0.15090 
-100.00000 -100.00000 
 0.09703 -100.00000 
-100.00000 -100.00000 
-100.00000 -100.00000 
-100.00000 -100.00000 
-100.00000 -100.00000 
-100.00000 -100.00000 
-100.00000 -100.00000 
 0.26299 -0.14853 
-0.02313 -0.02468 
-100.00000 -100.00000 
-100.00000 -100.00000 
-0.26364 -100.00000 
 0.09897 -0.36955 
-0.27969  0.58831 
-0.35959  0.05945 
 0.27649  0.00415 
-0.48716 -0.14205 
-0.25043 -100.00000 
-100.00000 -100.00000 
-100.00000 -100.00000 
-100.00000 -100.00000 
-100.00000 -100.00000 
-100.00000 -100.00000 
-100.00000 -100.00000 
 0.32320 -100.00000 
 0.22833 -0.00591 
 0.10017 -100.00000 
 0.26432 -100.00000 
 0.50913 -0.35964 
 0.10076  0.43244 
-100.00000 -100.00000 
 0.07063 -100.00000 
-100.00000 -100.00000 
-0.00000 -100.00000 
 0.17748  0.48700 
-100.00000 -100.00000 
-100.00000 -0.50671 
-100.00000 -100.00000 
-0.47730 -100.00000 
-0.00020 -100.00000 
-0.30935 -100.00000 
-0.02444 -100.00000 
-100.00000 -100.00000 
 0.10090  0.07219 
-100.00000 -100.00000 
-100.00000 -100.00000 
 0.00000  0.00000 
-100.00000 -100.00000 
 0.00001 -100.00000 
-100.00000 -0.09764 
-100.00000 -100.00000 
-100.00000  0.42978 
-100.00000 -0.55162 
-100.00000 -100.00000 
-100.00000 -100.00000 
-100.00000 -100.00000 
-100.00000 -100.00000 
-100.00000 -100.00000 
-100.00000 -100.00000 
-100.00000 -100.00000 
-100.00000 -100.00000 
-0.33554 -1.67716 
-0.53552 -100.00000 
 0.07022 -100.00000 
-100.00000 -0.09784 
-100.00000 -100.00000 
-100.00000 -0.00024 
-100.00000 -100.00000 
-0.06382  0.17276 
-100.00000 -100.00000 
-100.00000  0.13744 
-0.93415 -0.74338 
-100.00000 -100.00000 
-100.00000 -100.00000 
-100.00000 -100.00000 
-0.33321  0.90006 
-100.00000 -100.00000 
-100.00000 -100.00000 
-0.09242  0.12387 
-0.27698  0.34779 
-0.33661 -0.19279 
-100.00000 -0.13959 
-0.01247  0.11371 
-100.00000 -100.00000 
 0.32258 -0.24566 
-100.00000 -100.00000 
-100.00000 -100.00000 
-100.00000 -100.00000 
-100.00000 -100.00000 
-100.00000 -100.00000 
-100.00000 -100.00000 
-100.00000 -100.00000 
 0.10004 -0.22743 
-100.00000 -100.00000 
-0.03695 -0.00079 
-0.51912  0.57093 
 0.03277 -0.51613 
-100.00000 -100.00000 
-0.46488  0.57572 
-100.00000 -100.00000 
-0.33445  0.12742 
-0.10909 -0.22694 
-100.00000  0.00006 
-100.00000  0.26288 
-0.28329 -100.00000 
 0.57152 -100.00000 
-100.00000 -100.00000 
 0.16000 -0.04537 
-100.00000 -100.00000 
-0.17688 -0.19040 
-100.00000 -0.09705 
-0.38831  0.48563 
-100.00000 -100.00000 
 0.25682 -0.59365 
-100.00000 -100.00000 
-100.00000 -100.00000 
-100.00000 -100.00000 
 0.08452 -100.00000 
-100.00000 -100.00000 
-100.00000 -100.00000 
-100.00000 -100.00000 
-0.61122  0.58509 
 0.04092 -0.96613 
 0.40633 -0.29025 
-100.00000 -100.00000 
-100.00000 -100.00000 
-0.19999 -100.00000 
-100.00000 -100.00000 
 0.00002 -100.00000 
 0.00000  0.00000 
 0.00000  0.00000 
-100.00000 -0.00021 
-100.00000 -100.00000 
-100.00000 -100.00000 
-0.00058 -0.20951 
 0.24681 -0.65417 
-100.00000 -100.00000 
-100.00000 -0.27404 
-0.17897 -100.00000 
-100.00000 -100.00000 
-100.00000 -100.00000 
-0.34291 -100.00000 
-100.00000 -100.00000 
-0.34454 -1.26090 
-100.00000 -100.00000 
 0.26266 -0.73981 
-0.14614 -100.00000 
-100.00000 -100.00000 
-0.64394 -0.51601 
 0.11713  0.01792 
 0.26296  0.26320 
-100.00000 -100.00000 
-0.21837 -100.00000 
 0.74577  0.41971 
 0.19413  0.06725 
 0.89155  0.58472 
 0.03025 -0.18979 
 0.12693  0.29383 
-100.00000 -100.00000 
-100.00000 -100.00000 
 0.14742 -0.10825 
 0.04610  0.46668 
-0.29707  0.35345 
-100.00000 -100.00000 
 0.00000  0.00000 
-0.09806  0.42858 
-100.00000 -100.00000 
-100.00000 -100.00000 
-100.00000 -100.00000 
-0.10202 -100.00000 
-100.00000 -100.00000 
-100.00000 -100.00000 
-100.00000 -100.00000 
-100.00000 -100.00000 
-100.00000 -100.00000 
 0.13750  0.13755 
-0.24451  0.20521 
-0.20588 -100.00000 
-100.00000  0.10606 
-0.31546 -0.46360 
 0.58878 -0.47435 
-100.00000 -100.00000 
-1.25468 -0.28196 
-100.00000 -100.00000 
-100.00000  0.00003 
-100.00000 -100.00000 
-100.00000 -100.00000 
-100.00000 -100.00000 
-100.00000 -100.00000 
-100.00000 -0.32903 
-100.00000 -100.00000 
-100.00000 -100.00000 
 0.58505 -0.00001 
-100.00000 -100.00000 
-100.00000 -100.00000 
-100.00000 -100.00000 
-100.00000 -100.00000 
 0.29603 -100.00000 
 0.40612 -0.46624 
 0.04091 -100.00000 
-100.00000 -100.00000 
-100.00000 -0.27457 
-0.37826 -0.32927 
 0.05552 -0.59544 
 0.48550 -0.33661 
-100.00000 -100.00000 
-100.00000 -100.00000 
-100.00000 -100.00000 
 1.22934  0.18115 
-100.00000 -100.00000 
 0.00041 -100.00000 
 0.08954 -0.24218 
-0.15118 -100.00000 
 0.00014 -100.00000 
 0.18707 -0.78981 
-0.49828 -100.00000 
-100.00000 -100.00000 
-0.15156 -100.00000 
-100.00000 -100.00000 
-0.27733  0.62922 
-100.00000 -100.00000 
 0.00000  0.00000 
-100.00000 -100.00000 
-100.00000 -100.00000 
 0.00000  0.00000 
-100.00000 -100.00000 
-100.00000 -100.00000 
-100.00000  0.26288 
 0.52608 -0.07527 
-100.00000 -100.00000 
-100.00000 -100.00000 
-100.00000 -100.00000 
-100.00000 -100.00000 
-100.00000 -100.00000 
 0.00000  0.00000 
-100.00000 -100.00000 
-100.00000 -100.00000 
 0.11147  0.00392 
 0.71107  0.00189 
 0.16953 -0.24405 
-100.00000 -100.00000 
-100.00000 -100.00000 
-100.00000 -100.00000 
-0.58316 -0.11253 
-100.00000 -100.00000 
 0.08962  0.09963 
-0.04436 -0.61433 
-100.00000 -100.00000 
-100.00000 -100.00000 
 0.00003 -100.00000 
-100.00000 -100.00000 
-100.00000  0.30730 
-0.27739  0.54190 
-100.00000 -100.00000 
-100.00000 -100.00000 
-100.00000 -100.00000 
-100.00000 -100.00000 
-100.00000 -100.00000 
-100.00000 -100.00000 
 0.13753 -100.00000 
-100.00000 -100.00000 
-100.00000 -100.00000 
-0.03546  0.20965 
 0.10185 -0.09329 
-100.00000 -100.00000 
-100.00000 -100.00000 
 0.00000  0.00000 
-100.00000 -100.00000 
-0.54723  0.00014 
-100.00000 -100.00000 
-100.00000  0.13740 
-100.00000 -100.00000 
-0.27954 -0.54554 
-100.00000 -100.00000 
-100.00000 -100.00000 
-100.00000 -100.00000 
-100.00000 -100.00000 
-100.00000 -100.00000 
-100.00000 -100.00000 
 0.00020 -100.00000 
-100.00000 -100.00000 
-100.00000 -100.00000 
-100.00000 -100.00000 
-100.00000 -100.00000 
-100.00000 -100.00000 
-100.00000 -100.00000 
-0.15106 -100.00000 
-100.00000 -100.00000 
-100.00000 -100.00000 
-100.00000 -100.00000 
-100.00000 -100.00000 
-100.00000 -100.00000 
-100.00000 -100.00000 
-0.41428  0.00767 
 0.65735  0.00502 
 0.00000  0.00000 
-100.00000 -100.00000 
-100.00000 -100.00000 
 0.00000  0.00000 
-100.00000 -100.00000 
-0.00010  0.00011 
-100.00000 -100.00000 
-100.00000 -100.00000 
-100.00000 -100.00000 
-100.00000 -100.00000 
-100.00000 -100.00000 
 0.00000  0.00000 
-0.38781 -0.15485 
-100.00000 -100.00000 
-100.00000 -100.00000 
 0.00000  0.00000 
-0.68709  0.60529 
-100.00000 -100.00000 
-100.00000 -100.00000 
-100.00000 -100.00000 
 0.46456 -100.00000 
-100.00000 -100.00000 
-100.00000 -100.00000 
-0.08191  0.00030 
-100.00000  0.26299 
-100.00000 -100.00000 
-100.00000 -100.00000 
-0.57733 -0.45894 
-100.00000 -100.00000 
-100.00000 -100.00000 
-0.07734  0.72992 
-100.00000 -100.00000 
-100.00000 -100.00000 
-100.00000 -0.53186 
 0.04819  0.53702 
 0.00000  0.00000 
-100.00000 -100.00000 
-100.00000 -100.00000 
-0.00012  0.60496 
-100.00000 -100.00000 
-0.21652 -100.00000 
-100.00000  0.26306 
-100.00000 -0.08830 
-100.00000 -100.00000 
-100.00000 -100.00000 
 0.00010 -0.07266 
-100.00000 -100.00000 
-100.00000 -100.00000 
-0.13809 -0.39418 
-100.00000 -100.00000 
-100.00000 -100.00000 
-100.00000 -100.00000 
-100.00000 -100.00000 
-100.00000 -100.00000 
-100.00000 -100.00000 
-0.42927 -0.55605 
-100.00000  0.13741 
-100.00000 -100.00000 
-100.00000 -100.00000 
-100.00000 -100.00000 
-100.00000 -100.00000 
-100.00000 -100.00000 
 0.04862  0.00009 
-100.00000 -100.00000 
-100.00000 -100.00000 
-100.00000 -100.00000 
-100.00000 -100.00000 
-100.00000 -100.00000 
 1.12618 -0.00008 
-100.00000 -100.00000 
-100.00000 -100.00000 
-100.00000 -100.00000 
-100.00000 -100.00000 
-100.00000 -100.00000 
-100.00000  0.00014 
 0.11014  0.30665 
-100.00000 -100.00000 
-100.00000 -100.00000 
-100.00000 -100.00000 
-100.00000 -100.00000 
-100.00000 -100.00000 
-100.00000 -100.00000 
-100.00000 -100.00000 
-100.00000 -100.00000 
-0.36431  0.67834 
-100.00000 -100.00000 
-100.00000 -100.00000 
 0.00002 -100.00000 
-100.00000 -100.00000 
-100.00000  0.13757 
-100.00000 -0.92210 
-100.00000 -100.00000 
-100.00000 -100.00000 
-100.00000  0.26324 
-0.30322 -0.00010 
-100.00000 -100.00000 
-0.00022 -100.00000 
-0.00011 -100.00000 
 0.00000  0.00000 
-100.00000 -100.00000 
-0.30382 -0.25777 
 0.18344 -100.00000 
-0.21454 -100.00000 
-100.00000 -100.00000 
 0.73304 -100.00000 
-100.00000 -0.33777 
-0.26857 -100.00000 
-0.00012 -100.00000 
-100.00000 -100.00000 
-100.00000 -100.00000 
-100.00000 -100.00000 
-100.00000 -100.00000 
-0.22900 -100.00000 
-100.00000 -100.00000 
-100.00000 -100.00000 
 0.53653  0.47110 
 0.35609 -0.44731 
-100.00000 -100.00000 
-100.00000 -100.00000 
-100.00000 -100.00000 
-0.00049 -100.00000 
-100.00000 -100.00000 
-100.00000 -100.00000 
-100.00000 -100.00000 
 0.00004 -0.15404 
-100.00000 -100.00000 
-100.00000 -0.00007 
-0.23448 -0.33793 
-0.11902 -100.00000 
-0.12678 -100.00000 
-100.00000 -100.00000 
-100.00000 -100.00000 
-100.00000 -100.00000 
 0.51691  0.06187 
 0.01021  0.56420 
-100.00000 -100.00000 
-100.00000 -100.00000 
-100.00000 -100.00000 
 0.13751 -100.00000 
-100.00000 -100.00000 
-0.19391  0.00002 
-100.00000 -100.00000 
-100.00000 -100.00000 
-100.00000 -0.21850 
-100.00000 -0.09144 
 0.01893  0.26329 
-100.00000 -100.00000 
 0.13749 -0.69337 
-0.00008  0.04868 
-100.00000 -100.00000 
-0.34727 -0.00010 
-100.00000 -100.00000 
-0.25353  0.13792 
 0.30901 -0.00645 
-100.00000 -0.25925 
-100.00000 -100.00000 
-0.12597  0.13768 
 0.22467 -100.00000 
 0.00000  0.00000 
-100.00000 -0.25333 
-100.00000 -0.23315 
-100.00000 -100.00000 
-100.00000 -100.00000 
-100.00000 -100.00000 
 0.00004 -100.00000 
-100.00000 -100.00000 
-100.00000 -100.00000 
-100.00000 -100.00000 
-100.00000 -100.00000 
-100.00000 -100.00000 
-100.00000 -0.24331 
-100.00000 -100.00000 
-100.00000 -100.00000 
-100.00000 -100.00000 
-100.00000 -100.00000 
-100.00000 -100.00000 
 0.25517 -0.00010 
-100.00000 -100.00000 
-100.00000 -100.00000 
-100.00000 -100.00000 
-100.00000 -100.00000 
-100.00000 -0.00021 
-100.00000 -100.00000 
-100.00000 -100.00000 
-100.00000 -100.00000 
 0.16216  0.26303 
-100.00000 -100.00000 
-100.00000 -100.00000 
-0.37435  0.00000 
-100.00000 -100.00000 
 0.00000  0.00000 
-100.00000 -100.00000 
-0.33088 -0.11353 
-100.00000 -100.00000 
-100.00000 -100.00000 
-100.00000 -100.00000 
