site,abs_diffsel,positive_diffsel,negative_diffsel
232,8.28767129006,2.00987239896,-6.2777988911
176,7.6736047245,0.148140936483,-7.52546378802
138,7.06993769858,2.20530739736,-4.86463030122
175,6.68015978415,0.55143610555,-6.1287236786
277,6.64360983949,3.79876362024,-2.84484621925
4,6.50655612947,3.44986588423,-3.05669024523
490,6.5052163503,1.09068316384,-5.41453318646
274,6.21748374697,1.9339201667,-4.28356358027
210,6.01332972997,0.925878636163,-5.08745109381
289,5.95453884242,1.46285531778,-4.49168352464
212,5.91918941256,2.8360682193,-3.08312119326
68,5.86173283388,2.58767801039,-3.27405482349
218,5.85423550118,1.01097952464,-4.84325597654
412,5.8364756516,2.41044580343,-3.42602984817
314,5.79180868864,2.32125431725,-3.47055437138
170,5.76523642842,0.868794121658,-4.89644230676
382,5.75188794196,1.27244496844,-4.47944297352
154,5.71469008349,2.30298154761,-3.41170853588
257,5.57428112713,0.950428268874,-4.62385285826
386,5.55002011757,2.32116477396,-3.22885534361
89,5.53841449716,3.57650540763,-1.96190908953
113,5.53229328057,2.17540961001,-3.35688367056
100,5.49471360538,1.75444765237,-3.74026595301
211,5.46594433259,2.15360732879,-3.3123370038
90,5.41882630568,2.41067017104,-3.00815613464
92,5.41315341218,2.47591663568,-2.9372367765
136,5.3829923798,0.546322426784,-4.83666995301
99,5.36998563184,2.31863800364,-3.0513476282
86,5.33961507359,3.80443579534,-1.53517927825
182,5.33222828755,3.79107152992,-1.54115675763
223,5.33027869795,0.444039305117,-4.88623939283
126,5.30311222378,3.12752649069,-2.17558573309
515,5.26773073849,3.65727299421,-1.61045774428
299,5.25888692636,2.64611097344,-2.61277595292
497,5.25481872159,1.16114593767,-4.09367278392
229,5.20172032905,2.10064710803,-3.10107322102
276,5.19048318231,2.64720376951,-2.5432794128
103,5.14151599907,3.21996480089,-1.92155119818
237,5.11203877565,0.593126274659,-4.51891250099
224,5.04902821282,1.77379564817,-3.27523256465
278,5.04834730312,0.968722837912,-4.07962446521
153,5.04210427678,2.70810883444,-2.33399544235
520,4.93938698345,1.39622829594,-3.54315868751
415,4.93061996643,2.97238175252,-1.95823821391
401,4.92399075851,2.92280593318,-2.00118482533
157,4.90651312835,2.73743867175,-2.16907445659
91,4.87908176855,1.11204766122,-3.76703410734
104,4.82284480751,1.30188096644,-3.52096384107
318,4.80747905023,1.66431935936,-3.14315969087
220,4.78132867804,1.16598340445,-3.61534527359
240,4.76009173468,2.03841924525,-2.72167248942
512,4.75401175609,1.91542253268,-2.83858922342
303,4.71434514394,1.42348348183,-3.29086166211
201,4.71189054007,2.428050698,-2.28383984206
184,4.70019157318,1.81108750891,-2.88910406427
158,4.68629315956,0.892939701319,-3.79335345824
173,4.67978821192,1.74418250354,-2.93560570837
145,4.64540575279,0.785299470344,-3.86010628244
179,4.62859367656,3.05621826654,-1.57237541002
115,4.586729815,1.5728855988,-3.0138442162
155,4.57283210908,0.496366038976,-4.0764660701
3,4.55220125964,1.95951654099,-2.59268471865
555,4.53844166708,1.76269494975,-2.77574671733
474,4.52906594938,1.8705574866,-2.65850846278
523,4.50959363058,1.92968561198,-2.5799080186
146,4.50914909001,2.27963589382,-2.22951319619
283,4.4694577058,2.05479721461,-2.4146604912
216,4.45652036698,1.46696058646,-2.98955978052
527,4.4445347402,2.69724072993,-1.74729401027
197,4.41457927916,1.53853541965,-2.87604385951
288,4.361897666,2.09549805751,-2.26639960849
2,4.32100383065,3.57975876021,-0.741245070444
392,4.31886158537,3.28025303349,-1.03860855188
169,4.31225376233,0.397238933673,-3.91501482866
236,4.31126547585,1.66891822515,-2.64234725071
251,4.30469681819,1.86857709011,-2.43611972808
381,4.29072029922,2.48238986082,-1.8083304384
294,4.26568504065,1.66196590409,-2.60371913656
541,4.25120946363,2.59297561537,-1.65823384826
209,4.2409121864,1.76969636461,-2.47121582179
306,4.23833347149,1.40874213538,-2.82959133611
290,4.23041275147,1.88663795774,-2.34377479373
456,4.22496352965,2.49203625086,-1.73292727879
476,4.21606955847,1.06860092496,-3.14746863352
65,4.20509308567,1.07897780253,-3.12611528315
517,4.18596168078,2.30262189267,-1.88333978811
178,4.15287080154,0.943703790982,-3.20916701056
231,4.14971134271,1.90206599284,-2.24764534987
369,4.14828660277,3.09962926239,-1.04865734037
7,4.12750785187,2.93873446434,-1.18877338753
111,4.1101801955,1.56408844997,-2.54609174553
525,4.08759618404,1.99413255801,-2.09346362604
5,4.0659939459,2.06996389183,-1.99603005406
390,4.06161343358,2.61642668182,-1.44518675176
230,4.05185868563,1.80148127092,-2.25037741471
510,4.01357683709,1.15795441465,-2.85562242244
60,4.00048010212,2.24123875724,-1.75924134488
139,3.98191976245,1.73751422982,-2.24440553263
414,3.96163951185,2.10116533883,-1.86047417301
248,3.94404858616,1.97046307081,-1.97358551535
486,3.93414101612,1.70375401221,-2.23038700391
406,3.91569291753,2.97524285567,-0.940450061861
244,3.9084748113,2.6361056474,-1.2723691639
503,3.88910797646,1.67494115331,-2.21416682315
315,3.88132891565,0.413496161593,-3.46783275406
468,3.84924731972,1.5244417765,-2.32480554322
285,3.83279018243,3.44000350186,-0.392786680568
52,3.81574291455,1.8425118948,-1.97323101975
234,3.79442742729,1.10511654364,-2.68931088366
171,3.78526379357,2.56059418803,-1.22466960554
408,3.77760052292,0.755715720874,-3.02188480205
428,3.75605603087,1.43403920293,-2.32201682794
326,3.73376890533,2.31326896783,-1.42049993751
11,3.7291956495,2.97361346868,-0.755582180823
180,3.71014474678,1.85506118133,-1.85508356545
286,3.67933476817,2.69207451892,-0.987260249255
470,3.67207825304,1.1498652833,-2.52221296973
37,3.66018152358,1.89809242964,-1.76208909394
389,3.65208736374,0.997216086024,-2.65487127772
305,3.63902279565,2.04955090421,-1.58947189144
562,3.62231752422,1.96806002637,-1.65425749785
188,3.60849472653,2.04034615111,-1.56814857541
205,3.5754048189,1.08435664765,-2.49104817125
137,3.56146897049,2.13320643674,-1.42826253375
501,3.50592056196,0.298256875709,-3.20766368625
506,3.48552590057,2.04346168349,-1.44206421708
556,3.47151620292,1.13607296016,-2.33544324276
558,3.42384247658,0.898138114284,-2.5257043623
337,3.4192207975,2.80394263734,-0.615278160153
32,3.37694125488,2.00616483537,-1.37077641951
156,3.33345199476,1.62611634597,-1.70733564878
206,3.30797613104,0.555648639433,-2.7523274916
185,3.30485310617,1.17197547514,-2.13287763103
186,3.27364728938,2.1882208234,-1.08542646597
255,3.2647850675,2.16827054642,-1.09651452108
560,3.2642961149,1.32627082511,-1.93802528979
511,3.25872865154,1.49527656248,-1.76345208907
504,3.24386400423,0.803276492485,-2.44058751174
150,3.23396542593,0.578868281707,-2.65509714422
471,3.22529164369,1.40820035281,-1.81709129088
141,3.21475711713,1.21636371375,-1.99839340338
557,3.20260227453,0.721560308232,-2.48104196629
19,3.20142376507,2.03619645685,-1.16522730822
538,3.18988168167,1.2009934698,-1.98888821187
313,3.18964069898,1.05819532576,-2.13144537322
71,3.15180454054,0.931131352115,-2.22067318843
143,3.15095535155,0.801816319255,-2.34913903229
400,3.15085382815,1.0579299144,-2.09292391376
361,3.14588976862,1.3818433146,-1.76404645402
228,3.14553776647,0.831552358902,-2.31398540757
502,3.14142943375,1.25862000537,-1.88280942837
225,3.12925996263,0.949747402677,-2.17951255995
159,3.12732879273,0.879062166867,-2.24826662586
64,3.1134069442,1.23209954691,-1.88130739729
135,3.10455959876,1.36065697559,-1.74390262317
112,3.09593270146,2.13207818362,-0.963854517838
279,3.09031004474,2.08283147471,-1.00747857003
177,3.0788615985,0.937844995687,-2.14101660281
235,3.06126736837,0.192650185724,-2.86861718265
385,3.05239554539,2.4670794294,-0.585316115982
227,3.02830214804,1.68368438238,-1.34461776566
101,3.00741109586,0.527681699888,-2.47972939597
518,2.99134957027,1.65465329646,-1.33669627381
282,2.96150744978,0.613603770073,-2.34790367971
114,2.95093060437,0.254704643445,-2.69622596092
410,2.94750785087,0.895779161802,-2.05172868906
507,2.94630846397,1.27402524254,-1.67228322143
213,2.94608145324,0.408885849787,-2.53719560345
378,2.94439906872,2.46091523208,-0.483483836636
272,2.94072777506,0.884949740359,-2.0557780347
508,2.92454870173,1.44817241051,-1.47637629122
404,2.92038119584,0.84248802175,-2.07789317409
345,2.91183557113,2.22840215629,-0.683433414836
202,2.90353554839,2.11444493776,-0.789090610626
83,2.89779633601,1.33885444311,-1.5589418929
221,2.87753207619,1.19504128559,-1.6824907906
429,2.86548383235,2.55101342096,-0.314470411389
6,2.85788676329,0.672958817704,-2.18492794559
433,2.80861004925,2.4280948873,-0.380515161956
554,2.80213028317,0.923000950334,-1.87912933284
373,2.79514086591,1.59639990501,-1.1987409609
426,2.77759202845,2.26104641674,-0.51654561171
324,2.77590537322,1.18284049078,-1.59306488243
47,2.7612064086,0.992933553307,-1.7682728553
409,2.76097481172,1.48115971681,-1.2798150949
526,2.75559711177,2.25427488017,-0.501322231602
187,2.75298272661,0.605452130498,-2.14753059611
287,2.73865411305,1.54926234716,-1.18939176589
427,2.72664826879,2.08841608967,-0.638232179117
53,2.72261380038,0.831870344595,-1.89074345578
542,2.713434033,1.23774672944,-1.47568730355
222,2.7080054703,0.524545873206,-2.1834595971
70,2.7026700306,1.13070841213,-1.57196161847
252,2.68724513055,0.092792285151,-2.5944528454
38,2.67972414428,0.89623234495,-1.78349179933
106,2.64941895477,0.340870061938,-2.30854889284
321,2.64731064159,2.16264411529,-0.4846665263
453,2.62854198603,1.47876534583,-1.1497766402
524,2.62543902071,2.11447306543,-0.510965955284
346,2.61488980443,1.11040673076,-1.50448307367
226,2.59757414218,0.897311898697,-1.70026224349
254,2.5941117919,0.719314027396,-1.87479776451
499,2.59279347042,0.565500397389,-2.02729307303
312,2.59043190672,1.32217003064,-1.26826187608
439,2.57824044496,1.43953857132,-1.13870187364
214,2.57345303869,0.235599741578,-2.33785329712
561,2.57322111896,2.21722813718,-0.355992981778
438,2.56435395715,2.07162129321,-0.492732663946
327,2.557716876,1.02816403381,-1.52955284219
292,2.53745925183,1.16928298513,-1.3681762667
421,2.53064175061,0.733215714742,-1.79742603587
238,2.52697932814,1.51588587807,-1.01109345007
509,2.5190797469,0.303999189585,-2.21508055732
452,2.5084240719,1.83856768838,-0.669856383521
540,2.50256069928,1.199459739,-1.30310096028
85,2.49649999863,2.08639127714,-0.41010872149
253,2.4940533145,1.25479450249,-1.23925881201
172,2.48448800443,1.5038738714,-0.980614133032
81,2.47815835151,1.24304556104,-1.23511279048
425,2.47296868984,1.53038938553,-0.942579304307
271,2.47140329938,0.0,-2.47140329938
75,2.4638334038,1.42101826027,-1.04281514353
564,2.44979016941,1.24819038634,-1.20159978307
333,2.44409052721,2.15665680493,-0.287433722284
36,2.43030584864,1.68636679425,-0.743939054386
31,2.42647604724,1.86196246214,-0.564513585097
514,2.41131208322,1.48802818957,-0.923283893651
273,2.40798071693,0.848427316611,-1.55955340032
522,2.40321491983,1.08326040746,-1.31995451236
403,2.40089130409,1.06953747649,-1.3313538276
464,2.38081026408,1.01382262771,-1.36698763637
261,2.38046849082,1.07470147616,-1.30576701466
478,2.37928784226,1.17639961353,-1.20288822873
76,2.37610472308,1.48800303849,-0.888101684594
88,2.37184417859,0.899623356307,-1.47222082228
165,2.36064809072,0.592810969241,-1.76783712148
397,2.35369770793,0.714744545753,-1.63895316218
494,2.35153820612,1.38763669912,-0.963901507002
529,2.34717996042,1.2769390555,-1.07024090491
79,2.33913262583,0.536438659781,-1.80269396605
13,2.31626397194,0.421515601742,-1.8947483702
551,2.31449010923,1.60921530951,-0.705274799719
368,2.31180474988,0.433185879168,-1.87861887071
550,2.3094898314,1.80694323456,-0.502546596848
513,2.30093974772,1.2367235931,-1.06421615462
40,2.30067971025,1.4231233311,-0.877556379153
449,2.28728709723,1.97270138417,-0.314585713056
265,2.28624478906,0.805686708912,-1.48055808015
123,2.28312861524,1.14930735499,-1.13382126025
411,2.27854436304,0.937171816537,-1.3413725465
1,2.27473918274,1.5429921779,-0.731747004846
467,2.27214075853,0.77273614113,-1.4994046174
375,2.27110079477,0.671886284154,-1.59921451061
10,2.26138946264,1.58702901894,-0.674360443699
424,2.25605363262,0.807685182534,-1.44836845008
316,2.25114951208,2.0998250415,-0.151324470577
17,2.23701481997,1.18979793911,-1.04721688085
463,2.23700921993,1.81656943589,-0.420439784037
268,2.23625571386,2.10308103392,-0.133174679945
140,2.22780073198,1.33858634024,-0.889214391739
323,2.22712102646,1.54420027389,-0.682920752572
124,2.22634159322,1.21229850245,-1.01404309077
87,2.21814463074,0.819063296292,-1.39908133445
521,2.21338402055,0.7460915089,-1.46729251165
402,2.21318565752,1.85126843938,-0.36191721814
475,2.20955947864,0.571550669602,-1.63800880904
195,2.20140641457,0.706810273349,-1.49459614122
219,2.18963065978,0.696790590659,-1.49284006912
57,2.1825423414,0.463659084857,-1.71888325654
482,2.17394246138,0.407481392002,-1.76646106937
528,2.17109810438,0.899194039669,-1.27190406471
55,2.16870068157,0.0,-2.16870068157
437,2.16462325004,1.75114858786,-0.413474662184
325,2.14870573424,1.72008452609,-0.428621208144
549,2.14043982886,0.894747236317,-1.24569259254
339,2.13871155417,1.10670540395,-1.03200615021
358,2.12814723385,2.03855751825,-0.0895897156023
50,2.11374874285,0.981625677394,-1.13212306545
338,2.11264304307,0.563441682667,-1.5492013604
25,2.11042588345,0.760300208624,-1.35012567483
24,2.10233988084,0.985363021185,-1.11697685965
301,2.10218753641,1.8787628973,-0.223424639112
125,2.09463906683,0.182222831748,-1.91241623508
162,2.08347315715,1.17481521123,-0.908657945916
168,2.07906674503,0.902194487568,-1.17687225746
448,2.05675365241,1.5056868623,-0.551066790104
431,2.05655056511,0.682537417831,-1.37401314728
62,2.05323899257,1.68403832846,-0.369200664105
281,2.05125551039,0.890961112972,-1.16029439742
531,2.02731512503,1.34345452022,-0.683860604805
450,2.01931568263,0.833260334098,-1.18605534854
304,2.01599523165,1.20774442352,-0.808250808132
142,2.01017159568,0.265339180676,-1.744832415
405,2.00766135636,0.222272365436,-1.78538899093
505,2.00743109619,1.02329414911,-0.984136947081
291,1.99249031935,1.31020854312,-0.682281776238
30,1.9894515693,0.643457857805,-1.3459937115
127,1.98546985316,1.04172932775,-0.943740525408
498,1.98284901467,0.694315203685,-1.28853381099
190,1.97971802919,1.04588631445,-0.933831714742
349,1.96688112408,1.55177327759,-0.415107846492
466,1.96403259724,0.336072367436,-1.6279602298
530,1.96111086772,1.1027316621,-0.858379205617
340,1.95718628074,0.859951980464,-1.09723430027
26,1.94894391666,0.813606448073,-1.13533746859
109,1.94384127252,0.6002504605,-1.34359081202
119,1.94129273592,1.21014256862,-0.731150167301
461,1.93840192229,0.301311132637,-1.63709078965
362,1.92801051879,1.12574246871,-0.802268050087
48,1.91686301982,0.821372458162,-1.09549056166
372,1.91091315993,0.621289371886,-1.28962378804
457,1.90017785463,1.20710359878,-0.693074255851
239,1.88866439725,0.697000759583,-1.19166363767
129,1.88781391894,1.16855280822,-0.719261110722
357,1.88119033794,1.31581670194,-0.565373636002
545,1.87739943844,0.212611782186,-1.66478765625
488,1.86117228358,0.719963325615,-1.14120895797
344,1.86010148813,0.53364040813,-1.32646108
380,1.85892643054,1.10995543966,-0.748970990875
284,1.85351610944,0.0768497901988,-1.77666631924
348,1.84919996713,1.55661059918,-0.292589367948
351,1.84802986743,1.00751790453,-0.8405119629
20,1.84464586129,1.11186136809,-0.7327844932
543,1.81566156115,0.647803811229,-1.16785774992
199,1.81391297157,0.275584233408,-1.53832873816
167,1.80791423482,0.821323560864,-0.986590673957
329,1.80602165465,0.7989569845,-1.00706467015
260,1.79274448613,0.366894356773,-1.42585012936
370,1.79048338491,0.707635667193,-1.08284771772
12,1.78851932431,0.820287890723,-0.968231433584
485,1.78693417583,0.709249153598,-1.07768502223
196,1.78632521297,0.996384219718,-0.78994099325
376,1.74551149146,1.41735602631,-0.328155465145
391,1.73505382958,0.535227996825,-1.19982583275
120,1.73234234714,0.0,-1.73234234714
407,1.73218757303,0.665700853842,-1.06648671919
249,1.73205279057,1.44704514562,-0.285007644951
270,1.72379886652,1.72379886652,0.0
377,1.72208078148,1.03359584379,-0.688484937688
396,1.71632611685,0.900355160902,-0.815970955953
27,1.70239381062,0.982627658603,-0.719766152013
455,1.69828549422,0.155623642174,-1.54266185205
420,1.69593454024,0.64514679906,-1.05078774118
371,1.69315717545,1.54167054564,-0.15148662981
493,1.68789748143,1.27400507933,-0.413892402103
359,1.68723483302,1.27279934692,-0.4144354861
393,1.68378342,1.26831585835,-0.415467561653
417,1.68364706793,0.270776470511,-1.41287059742
191,1.67897424094,1.67897424094,0.0
489,1.6757554657,0.110906226362,-1.56484923934
128,1.67277217273,0.157447898288,-1.51532427445
365,1.67147161521,1.12841639205,-0.543055223165
51,1.66627226171,0.0,-1.66627226171
275,1.6602671562,1.28199053097,-0.378276625225
161,1.65315160331,1.11968542199,-0.533466181327
441,1.65081562998,1.41321944064,-0.237596189338
45,1.64841323516,0.576367949115,-1.07204528604
342,1.64777109707,0.727834150024,-0.919936947047
122,1.64694671206,0.412807051874,-1.23413966018
343,1.6454741467,0.646856273904,-0.998617872795
297,1.64471782118,0.740091787405,-0.904626033778
379,1.62783006409,0.433148655194,-1.19468140889
116,1.61989264262,1.2214519704,-0.398440672217
302,1.61404916015,0.693319642502,-0.920729517646
164,1.61181969393,0.962801189436,-0.649018504492
519,1.59764726791,1.26834876119,-0.329298506719
516,1.58753107798,0.877765276006,-0.709765801972
399,1.58294654912,0.736816288527,-0.846130260593
353,1.57832421409,1.57832421409,0.0
148,1.57375565553,0.0905751922637,-1.48318046326
535,1.5733948052,0.609529260966,-0.963865544232
280,1.56547545166,1.24694559198,-0.31852985968
14,1.56468997054,1.21028682296,-0.354403147579
29,1.54934025571,0.72674037441,-0.822599881304
56,1.54779166378,1.10672387628,-0.441067787505
9,1.54641674336,0.0450489338719,-1.50136780949
477,1.54344064846,0.08220835688,-1.46123229158
59,1.53936520149,0.537905710889,-1.0014594906
559,1.53688328704,0.669138003733,-0.867745283304
163,1.53619873284,0.0,-1.53619873284
147,1.53364950597,0.653171288966,-0.880478217001
483,1.532558689,1.06597930496,-0.466579384042
436,1.53106011572,1.44603454837,-0.0850255673526
347,1.52420863894,0.755147593553,-0.769061045384
130,1.52225541588,0.0,-1.52225541588
532,1.52063190165,0.248428866263,-1.27220303539
354,1.52051815625,1.45339097258,-0.067127183672
198,1.52043775184,1.17710656247,-0.343331189374
256,1.51309014123,0.52641873405,-0.986671407179
398,1.49354172432,0.121799651185,-1.37174207313
204,1.4891813564,0.63713436024,-0.852046996156
469,1.48346898778,0.548290516509,-0.935178471272
15,1.45773667877,0.231937926269,-1.2257987525
459,1.44592385543,0.299920039219,-1.14600381621
366,1.44156273836,1.37346441117,-0.0680983271837
192,1.43485670811,0.63016273593,-0.804693972183
311,1.43190437478,1.32500784987,-0.10689652491
193,1.43078713111,0.591818482897,-0.838968648216
443,1.42330961274,0.383915982674,-1.03939363007
35,1.42151344418,0.497154048823,-0.924359395354
107,1.42066970755,0.817959056567,-0.602710650982
383,1.41667675385,0.45149731676,-0.965179437085
144,1.41127398817,0.743822317165,-0.667451671005
28,1.41019951173,0.0,-1.41019951173
533,1.40998823238,0.809605327471,-0.600382904905
46,1.40739587449,0.753701918118,-0.653693956372
74,1.40432392246,1.39417500185,-0.0101489206057
434,1.39403056551,0.595574370373,-0.798456195139
267,1.39158133544,1.36552515044,-0.0260561850041
194,1.38745622728,0.378452596568,-1.00900363071
565,1.37725605934,0.952385712404,-0.424870346937
39,1.37723249072,0.10701849639,-1.27021399433
200,1.37446721417,0.632660343874,-0.741806870299
293,1.37368758659,1.09156734859,-0.282120238004
102,1.36725969538,0.840039554193,-0.527220141186
133,1.3630916,0.349621238917,-1.01347036108
495,1.3540134469,0.74424057425,-0.609772872646
416,1.349098465,1.05754482347,-0.291553641532
181,1.34799939063,0.460770489867,-0.887228900762
367,1.34745947451,0.756990291593,-0.590469182915
413,1.34475042409,0.603547013869,-0.741203410226
479,1.33915826294,0.950727168659,-0.388431094282
263,1.33740964524,0.52601397504,-0.811395670197
110,1.33469474587,1.33469474587,0.0
16,1.33152160565,1.17626195555,-0.155259650099
183,1.33045614683,0.576569662275,-0.753886484556
246,1.32860578376,0.842325976096,-0.48627980766
563,1.32609404086,0.535941238161,-0.790152802702
481,1.31796954644,0.681987418242,-0.635982128201
160,1.31578576053,0.290907847206,-1.02487791332
132,1.31476331094,0.460963528351,-0.853799782591
66,1.30629119845,0.504974624671,-0.801316573774
151,1.29851342298,0.491975096422,-0.806538326559
241,1.29629708293,0.939049121577,-0.357247961356
484,1.29276122179,0.337295194983,-0.955466026808
418,1.28485190825,0.927710333407,-0.357141574846
341,1.26941731342,0.274793669211,-0.994623644209
95,1.26848475727,0.285334428442,-0.983150328829
460,1.26708183266,1.03834904198,-0.228732790684
491,1.25435082948,0.314438096426,-0.939912733056
174,1.24654897798,0.508812188593,-0.737736789383
334,1.24182389393,0.980067842318,-0.261756051611
388,1.24085783742,1.02643707467,-0.214420762752
149,1.23743778867,1.21454207447,-0.0228957141949
108,1.23739972385,0.642403288009,-0.594996435845
295,1.23646721807,0.596805523574,-0.639661694492
233,1.23516913094,0.785036653713,-0.450132477226
432,1.23493354088,0.311497546055,-0.923435994824
350,1.23386914749,0.869712788641,-0.364156358848
243,1.23350419558,0.48415570043,-0.749348495155
473,1.22599283403,1.22599283403,0.0
49,1.22142667527,0.713185511491,-0.508241163782
331,1.22088931237,0.817522396414,-0.403366915956
134,1.20827233812,0.703684968381,-0.50458736974
8,1.19625618278,0.317534899659,-0.878721283124
465,1.19566488909,0.301275267222,-0.894389621864
78,1.19067660475,0.442017429865,-0.748659174883
21,1.18872103613,0.30537339537,-0.883347640761
480,1.1839260332,1.1839260332,0.0
310,1.17901718527,0.860397666179,-0.31861951909
42,1.17431582434,0.535210612035,-0.639105212309
547,1.17065981995,0.681090446248,-0.489569373704
308,1.17012834562,0.670303905162,-0.499824440454
259,1.15543355674,1.00957615454,-0.145857402195
462,1.15063888116,0.885855686331,-0.264783194834
322,1.14627418131,0.0,-1.14627418131
454,1.14512303412,0.662902011527,-0.482221022589
69,1.1389556974,0.48439113334,-0.654564564064
332,1.1346983836,0.813748815016,-0.32094956858
266,1.13278767665,0.433748950261,-0.69903872639
242,1.13043250501,0.771008199436,-0.359424305576
384,1.12564186029,0.911206860764,-0.214434999521
492,1.1174821708,0.769064901733,-0.348417269067
247,1.11630217345,0.932874181405,-0.183427992046
77,1.10101463138,0.9590605867,-0.141954044682
539,1.0982710941,0.57082382327,-0.527447270829
166,1.0945773497,0.144646124909,-0.949931224795
328,1.08883287823,0.35104346999,-0.737789408242
419,1.08192066894,0.536036147938,-0.545884521
430,1.08057628304,0.0,-1.08057628304
82,1.06872389672,0.262988788421,-0.805735108304
33,1.0649383658,0.847046328404,-0.2178920374
330,1.0607599945,0.907795339779,-0.152964654717
472,1.05703059762,0.401999058491,-0.65503153913
58,1.05502565597,0.502387979229,-0.552637676743
319,1.05185299607,0.200351737095,-0.851501258978
258,1.04932425795,0.381466332747,-0.6678579252
356,1.03533527913,0.137417330747,-0.897917948383
307,1.03009238281,0.880188182472,-0.149904200334
264,1.02725739496,0.578506528254,-0.448750866709
262,1.01528352611,0.555002775322,-0.460280750792
73,1.01271622232,0.682440735485,-0.330275486831
320,1.01046868786,1.01046868786,0.0
80,1.00845419856,0.0,-1.00845419856
309,1.00544005648,0.426916040197,-0.578524016281
447,1.00543664368,0.397176808963,-0.608259834722
61,0.997715014972,0.161990164816,-0.835724850156
394,0.977279812423,0.0,-0.977279812423
364,0.966782530538,0.516691892719,-0.450090637819
203,0.960585857472,0.77160689649,-0.188978960983
98,0.953951963797,0.440813586696,-0.5131383771
537,0.952209699019,0.665963524276,-0.286246174743
96,0.947486121084,0.923086241304,-0.0243998797799
131,0.945839125739,0.448817008531,-0.497022117208
487,0.942499107941,0.435535868945,-0.506963238996
117,0.942242600902,0.784261308306,-0.157981292596
208,0.940228631924,0.395021117817,-0.545207514107
22,0.926463899306,0.278706335204,-0.647757564102
374,0.920078724086,0.374407484541,-0.545671239545
250,0.917736300195,0.341865568665,-0.57587073153
422,0.898270654543,0.0481600128432,-0.8501106417
23,0.891009037873,0.231949500593,-0.65905953728
63,0.889604852143,0.702752391668,-0.186852460475
387,0.888634260931,0.331236574753,-0.557397686178
269,0.887780194768,0.364264849773,-0.523515344995
395,0.885952816392,0.808940484033,-0.0770123323595
44,0.884133848967,0.399967902015,-0.484165946952
105,0.873494915224,0.0,-0.873494915224
215,0.87212203569,0.137351504794,-0.734770530896
546,0.864329695809,0.337592075716,-0.526737620093
296,0.861469052195,0.819493552671,-0.0419754995232
207,0.855436773189,0.534258825797,-0.321177947392
335,0.850138029664,0.691668965538,-0.158469064126
445,0.846833317143,0.846833317143,0.0
54,0.834853392535,0.18855523075,-0.646298161784
189,0.821156468298,0.293371855126,-0.527784613172
442,0.81515574251,0.182451053928,-0.632704688582
245,0.814687693266,0.0,-0.814687693266
84,0.812395730207,0.258549418709,-0.553846311498
458,0.797062638734,0.795317330451,-0.00174530828333
352,0.796858392423,0.00163563439771,-0.795222758026
553,0.795424712115,0.198679575761,-0.596745136354
552,0.790600723494,0.303402728593,-0.4871979949
446,0.785451057307,0.521439114657,-0.26401194265
34,0.773682183985,0.370436794917,-0.403245389068
423,0.766674366171,0.689686208223,-0.0769881579481
536,0.760525779742,0.286591048973,-0.473934730769
121,0.755102982032,0.548174711999,-0.206928270033
355,0.739412183055,0.167319658935,-0.57209252412
451,0.736611925858,0.270859705554,-0.465752220303
360,0.727279782605,0.348455909187,-0.378823873418
496,0.707379726082,0.526149885384,-0.181229840698
435,0.700960008703,0.466321565243,-0.23463844346
97,0.679017446668,0.284766550598,-0.39425089607
43,0.657902853573,0.64818496807,-0.0097178855033
93,0.654882231283,0.522537942997,-0.132344288286
534,0.640393539962,0.520004915882,-0.120388624081
317,0.625480891269,0.309178024466,-0.316302866803
336,0.6181968362,0.277654357328,-0.340542478872
298,0.617503896332,0.238137436967,-0.379366459365
41,0.604699306215,0.516440197597,-0.0882591086182
217,0.59555114392,0.36636994662,-0.2291811973
440,0.58572050123,0.40065002127,-0.18507047996
67,0.561060626368,0.271086092577,-0.289974533791
72,0.557271514244,0.283945565239,-0.273325949006
548,0.552986123941,0.502869221914,-0.0501169020278
500,0.54333971591,0.424491483748,-0.118848232162
152,0.532534354291,0.430760333859,-0.101774020432
544,0.530605287896,0.0,-0.530605287896
444,0.513458584049,0.224942453554,-0.288516130495
94,0.498034144557,0.330204736357,-0.1678294082
18,0.4779290698,0.298418463331,-0.179510606469
118,0.457309591133,0.203462052838,-0.253847538295
300,0.411706034398,0.247127645934,-0.164578388464
363,0.330931193281,0.248973733749,-0.0819574595323
566,0.0,0.0,0.0
