site,abs_diffsel,positive_diffsel,negative_diffsel
2,11.3234107769,7.04635159209,-4.27705918482
176,11.1327023692,10.6758698089,-0.456832560327
232,10.9649906188,5.17199392068,-5.79299669813
412,10.9421400322,9.37660404886,-1.56553598336
175,10.7759201322,10.2685571275,-0.507363004674
138,10.4799001438,9.15445155786,-1.32544858596
104,10.4420469279,6.61411224728,-3.82793468065
277,10.3868303211,6.41998424167,-3.96684607941
210,10.1339200758,6.24190948938,-3.89201058639
299,10.0260147791,5.04643420557,-4.97958057358
407,9.87194346071,5.23916060286,-4.63278285785
89,9.78307748008,7.68016680412,-2.10291067596
75,9.69982314278,3.37045577407,-6.32936736871
278,9.41280734229,5.34260989096,-4.07019745132
386,9.4093789495,5.34482562524,-4.06455332426
86,9.33566222207,8.4323232973,-0.903338924767
212,9.16668278312,4.89092155823,-4.2757612249
223,9.09582481279,5.97825166921,-3.11757314358
180,9.06151293765,3.56554766568,-5.49596527197
474,9.00011892631,7.11673163182,-1.88338729449
99,8.92749666992,6.77735896475,-2.15013770517
490,8.87553903325,6.51262828606,-2.36291074719
90,8.78800320153,2.22936962847,-6.55863357305
227,8.7402352232,5.81311399378,-2.92712122942
68,8.64327465789,4.53324151096,-4.11003314693
318,8.60413094755,4.99108634819,-3.61304459935
235,8.56670667721,4.13444612351,-4.4322605537
234,8.56063023241,2.70144559977,-5.85918463264
178,8.38891903641,2.0863972163,-6.30252182011
182,8.25493930613,6.40605678452,-1.84888252161
390,8.21396235592,4.13636719153,-4.07759516439
220,8.20891993605,4.88138301545,-3.32753692061
136,8.19670370735,4.01630686961,-4.18039683774
113,8.05939506736,5.02326976226,-3.0361253051
3,8.05607530867,3.40334456992,-4.65273073875
303,8.00635392072,5.37554219999,-2.63081172072
517,8.00629450221,4.66215186147,-3.34414264073
460,7.9878474004,2.86255567228,-5.12529172812
53,7.9544939033,5.97587838523,-1.97861551806
251,7.90440322339,5.29824063947,-2.60616258392
285,7.80933293848,6.59616681293,-1.21316612555
305,7.73030337557,3.09968240435,-4.63062097122
255,7.72391414178,3.96059208211,-3.76332205966
111,7.70695356743,2.65250152375,-5.05445204368
60,7.68532426354,4.46098424774,-3.2243400158
154,7.66780084618,7.50418262085,-0.163618225332
515,7.66242584226,5.73951895173,-1.92290689053
415,7.63366346451,5.48950261398,-2.14416085053
137,7.47060707412,3.9309433233,-3.53966375081
288,7.44475285712,5.47309170739,-1.97166114973
294,7.42079271837,3.10670974894,-4.31408296942
153,7.41918646569,4.87097133183,-2.54821513387
5,7.35012762345,2.81348839419,-4.53663922926
370,7.34248072449,6.61199664768,-0.730484076806
381,7.18553066999,3.70627839715,-3.47925227283
206,7.15504609729,5.2347634598,-1.92028263749
289,7.135786878,4.79747316544,-2.33831371256
408,7.07933718769,4.3455224849,-2.73381470279
184,6.98740652796,4.11889659706,-2.8685099309
237,6.82853750238,3.82046152206,-3.00807598033
157,6.82399013057,4.88046219611,-1.94352793446
201,6.80048894461,5.84608010362,-0.954408840991
476,6.76639351628,3.8178532905,-2.94854022578
145,6.750378318,3.8116919356,-2.9386863824
230,6.73941385946,4.2536528781,-2.48576098136
216,6.72549166785,5.6237275105,-1.10176415735
269,6.65975004942,1.46370079378,-5.19604925564
187,6.58744159411,4.34930129759,-2.23814029653
62,6.57161242035,3.14052274826,-3.4310896721
497,6.52906402135,1.06249856873,-5.46656545262
229,6.50692648365,4.09731924593,-2.40960723772
467,6.50483770548,2.23473061139,-4.27010709409
209,6.47701756727,2.26143731548,-4.21558025179
188,6.44344164211,3.62966112583,-2.81378051628
240,6.36888108034,5.64747260979,-0.72140847055
501,6.34024620253,3.21095670349,-3.12928949904
169,6.32935474104,3.77519218617,-2.55416255487
314,6.30743511374,4.75201543507,-1.55541967866
404,6.28751057084,2.72709232924,-3.5604182416
506,6.25387987272,4.51765792107,-1.73622195165
231,6.23571824141,3.86522130743,-2.37049693398
103,6.2323300451,3.94380587708,-2.28852416802
146,6.22905626887,4.41836758452,-1.81068868435
283,6.20489199634,3.84552219657,-2.35936979978
126,6.11531346153,3.18125227131,-2.93406119022
272,6.10567757262,3.670060176,-2.43561739663
456,6.09016989502,3.58459212553,-2.50557776949
214,6.08219850155,1.8002950358,-4.28190346575
236,6.07414906317,4.52976854025,-1.54438052292
171,6.04390900093,3.15165274222,-2.89225625871
523,6.03074254833,3.78456856827,-2.24617398007
155,6.02511343097,2.6948984505,-3.33021498047
518,6.02125071664,5.1388550288,-0.882395687838
222,5.94583029867,3.58339558225,-2.36243471642
65,5.94356452604,2.56515542611,-3.37840909993
123,5.840160752,4.4279523725,-1.4122083795
101,5.83183112035,5.16476060665,-0.667070513704
7,5.7993669439,4.20519073878,-1.59417620512
486,5.76661451234,2.77827350013,-2.98834101221
287,5.7575667495,2.74725134948,-3.01031540002
337,5.73004187119,0.939964072137,-4.79007779905
520,5.70362202072,4.33363354429,-1.36998847643
468,5.68821953856,2.25287188708,-3.43534765148
150,5.68113157789,4.37210508763,-1.30902649026
91,5.67254938757,2.89685966474,-2.77568972283
173,5.65223761239,4.39321227252,-1.25902533987
276,5.58535863972,3.07653043246,-2.50882820726
170,5.58127175448,4.94251256157,-0.638759192913
555,5.55866827445,2.8259486172,-2.73271965725
179,5.55642186681,2.8988604397,-2.65756142711
510,5.54560483799,3.28719069715,-2.25841414085
382,5.49306953,3.98361828717,-1.50945124283
512,5.4573445197,2.39522486411,-3.06211965559
218,5.44409210209,2.75944939558,-2.68464270651
503,5.42672283181,2.16996109635,-3.25676173546
504,5.37721163519,3.10762069045,-2.26959094475
373,5.31940148989,3.66418191455,-1.65521957535
358,5.30270870304,2.91779115118,-2.38491755186
493,5.28548421486,4.32575220126,-0.959732013593
326,5.2827175964,1.8431813619,-3.43953623449
369,5.26069555242,3.61663868032,-1.64405687209
139,5.24022202114,1.74623234797,-3.49398967318
274,5.18407821618,4.70434397947,-0.479734236713
102,5.12847024311,4.84360882224,-0.284861420869
10,5.123047781,3.81580275117,-1.30724502983
177,5.07679324634,1.46533259958,-3.61146064676
158,5.04420592068,4.26859180015,-0.77561412053
339,5.02067803333,2.54393401223,-2.47674402111
499,4.99773062871,3.70434627746,-1.29338435124
115,4.94307706505,4.41134065268,-0.531736412369
286,4.93967339027,3.23242170841,-1.70725168186
37,4.93524235375,2.2387357588,-2.69650659495
6,4.92047923311,1.16971934214,-3.75075989097
268,4.89705637022,2.38473784026,-2.51231852996
70,4.85619441316,3.23659917324,-1.61959523991
502,4.8499625224,1.89782052503,-2.95214199737
507,4.80771279026,3.65003332091,-1.15767946935
127,4.80645344323,4.73504152656,-0.0714119166669
52,4.80601213139,1.50243997086,-3.30357216053
410,4.7668011009,3.03969748573,-1.72710361518
83,4.76026823795,2.58722345241,-2.17304478554
524,4.73768665474,2.55053641951,-2.18715023523
562,4.7321844734,3.49432966672,-1.23785480668
414,4.72502513306,1.68739751389,-3.03762761916
403,4.71248808616,2.59785537402,-2.11463271215
202,4.65651203089,2.37292504643,-2.28358698446
135,4.62120552741,2.46827612147,-2.15292940594
197,4.59778758168,2.4350688517,-2.16271872998
257,4.58744908836,3.56815988114,-1.01928920723
409,4.58553155695,2.9500225454,-1.63550901155
9,4.56023588035,3.74475239825,-0.815483482102
224,4.55242399073,4.55242399073,0.0
114,4.54271741917,0.79582853669,-3.74688888248
11,4.49219489695,1.67894940526,-2.81324549169
312,4.40439077157,3.86510628527,-0.539284486295
471,4.38533400913,3.30747481239,-1.07785919674
416,4.33460436425,0.612129653702,-3.72247471055
100,4.32379753551,0.935992473632,-3.38780506188
4,4.29893143944,2.77978866202,-1.51914277742
186,4.29137967044,4.17310784784,-0.118271822598
402,4.27445628993,3.40065371815,-0.873802571779
514,4.26264106316,1.60043110508,-2.66220995808
213,4.22789767933,4.10723503454,-0.12066264479
470,4.21006429242,3.16841231295,-1.04165197946
211,4.20909052717,3.05625825892,-1.15283226825
124,4.2088589182,1.70692562444,-2.50193329376
200,4.19809781013,0.618331838853,-3.57976597128
244,4.1298659313,2.69224735547,-1.43761857584
389,4.08194363592,1.92758163914,-2.15436199678
290,4.06128800437,1.03275193782,-3.02853606655
253,3.98322847437,3.09854877858,-0.884679695789
64,3.89180121476,2.94368745682,-0.948113757943
438,3.8791333,3.8791333,0.0
12,3.8483923789,3.34390626539,-0.504486113506
190,3.81294708378,1.65765783908,-2.1552892447
47,3.80810020235,2.97678625842,-0.831313943922
250,3.78491295018,1.05433862257,-2.73057432761
19,3.77446058771,3.56284913924,-0.211611448473
315,3.77203615673,3.35543748981,-0.416598666919
119,3.74388780967,3.30809893545,-0.435788874221
558,3.74137291989,1.56422490068,-2.17714801921
406,3.73588981924,0.492907813232,-3.24298200601
540,3.7301459992,3.32338733947,-0.406758659737
372,3.72410408006,1.07404920553,-2.65005487454
521,3.71652363279,1.61541220329,-2.1011114295
397,3.70997291784,1.71989909892,-1.99007381892
321,3.70601944716,2.10668839596,-1.5993310512
526,3.69047726365,2.02748706978,-1.66299019387
172,3.68236862343,2.01858635623,-1.6637822672
292,3.68232788138,2.83155771849,-0.850770162885
279,3.61351291984,2.62585501465,-0.987657905189
475,3.60460664561,3.60460664561,0.0
248,3.60299062905,2.68828160018,-0.914709028873
61,3.58879529589,1.59309113892,-1.99570415697
405,3.55968745154,2.18974209837,-1.36994535318
368,3.53794507064,0.366457620063,-3.17148745058
313,3.46742269903,2.92244151068,-0.544981188355
249,3.46611994331,2.30450143287,-1.16161851044
205,3.4623456617,1.92299972486,-1.53934593684
325,3.45933328228,3.19052001989,-0.268813262386
528,3.4320136397,1.2950928887,-2.136920751
71,3.42503798662,1.56703026775,-1.85800771887
159,3.41397952561,2.09810238049,-1.31587714512
143,3.41332418461,2.87792037356,-0.535403811051
551,3.39286164438,1.62876817456,-1.76409346982
565,3.3922758721,0.777643494515,-2.61463237758
347,3.38619671055,1.93042309378,-1.45577361676
367,3.35942820953,0.743839500093,-2.61558870943
554,3.34539393481,0.945181772455,-2.40021216235
375,3.31606205702,2.04451399609,-1.27154806093
353,3.28535402697,2.77192174683,-0.513432280144
16,3.27784369178,2.4426627297,-0.835180962078
541,3.25763824617,1.75299787023,-1.50464037594
553,3.25569030935,1.14004307899,-2.11564723036
513,3.24364510069,2.78731658344,-0.456328517247
494,3.23801382664,3.07079273594,-0.167221090696
463,3.21270564175,2.39293237505,-0.819773266706
511,3.19589159615,1.86327596651,-1.33261562964
556,3.17918075637,1.23020817669,-1.94897257968
24,3.14314291656,0.988056206085,-2.15508671048
92,3.11501365357,2.8142951361,-0.30071851747
293,3.09997346429,3.09997346429,0.0
39,3.0783799746,1.62712536122,-1.45125461338
246,3.06377614781,2.94439157937,-0.119384568446
116,3.06274507835,2.19423409287,-0.868510985477
361,3.06040985669,3.06040985669,0.0
226,3.05553199209,2.41389316095,-0.64163883114
88,3.0495867154,1.7650420617,-1.2845446537
142,3.03107141375,2.45937907071,-0.571692343039
453,3.01258418245,1.1952809927,-1.81730318975
550,2.99901541091,1.81709328545,-1.18192212546
482,2.98689090564,1.0592932934,-1.92759761224
148,2.95733229448,1.9731207123,-0.984211582179
519,2.95101020896,0.696617982246,-2.25439222671
185,2.94407728822,1.27141448741,-1.67266280081
228,2.92089606451,2.64438908632,-0.27650697819
160,2.91627553588,1.71722443301,-1.19905110286
306,2.91409849294,2.18631722017,-0.727781272775
522,2.91237115309,2.42674784424,-0.485623308846
332,2.90987286277,0.798173687306,-2.11169917546
477,2.90687800373,1.54389752182,-1.36298048191
316,2.90323742269,2.3900661563,-0.513171266385
15,2.87933352102,1.66356042929,-1.21577309173
57,2.85987509653,2.25655125238,-0.603323844146
535,2.85213680602,1.3168637062,-1.53527309982
133,2.84308982411,1.75239003181,-1.09069979231
509,2.81716639663,0.253664845341,-2.56350155129
398,2.81526894209,1.73817619687,-1.07709274522
32,2.80786270331,1.16727228825,-1.64059041505
221,2.80127651391,1.88778395837,-0.913492555541
448,2.7962834105,1.12279878955,-1.67348462094
144,2.79011303666,2.08508928473,-0.705023751935
94,2.74607351614,1.39466826544,-1.3514052507
225,2.70186966631,1.50622992863,-1.19563973769
465,2.68429137431,1.66197865372,-1.02231272059
478,2.67719878232,1.31888224066,-1.35831654166
323,2.67652676496,1.92084453652,-0.755682228444
238,2.67238560718,1.28509351634,-1.38729209083
529,2.66606183245,2.14945166545,-0.516610166995
59,2.66319964709,1.94761408159,-0.715585565504
129,2.65033223163,0.536473781174,-2.11385845045
424,2.61918518943,1.57682683251,-1.04235835693
327,2.60357890155,2.19279068726,-0.410788214298
1,2.60180975686,1.27091225854,-1.33089749832
442,2.58519941571,2.15683375124,-0.428365664469
464,2.56900865123,1.62869525145,-0.940313399782
508,2.56103796265,1.38783639279,-1.17320156986
425,2.55457240314,2.10481484905,-0.449757554083
141,2.53578220622,2.27259107847,-0.263191127751
388,2.52929146892,0.800097713077,-1.72919375584
376,2.52194086368,1.20430233545,-1.31763852823
73,2.50393891563,1.89157392227,-0.612364993364
14,2.50238241913,1.35304980615,-1.14933261298
383,2.49917975758,2.16843779366,-0.330741963916
345,2.48499413201,2.23378501749,-0.251209114519
74,2.47338547019,1.15622384891,-1.31716162127
219,2.47139230279,1.157929207,-1.31346309579
488,2.46227763258,1.53474090837,-0.927536724216
254,2.45595333466,2.08052480397,-0.375428530688
50,2.41778720533,0.815801179818,-1.60198602552
338,2.41695185998,0.710140530604,-1.70681132937
8,2.39798444736,1.22419606742,-1.17378837993
473,2.37638539664,0.63295511192,-1.74343028472
561,2.37112019549,1.32716297466,-1.04395722083
51,2.34347657858,1.66157392538,-0.681902653199
350,2.33572036212,1.04510288945,-1.29061747266
31,2.33502435467,0.819659749853,-1.51536460481
256,2.31723608904,1.97537145788,-0.341864631154
36,2.31469385652,0.13725096216,-2.17744289436
454,2.30779952165,1.2513199782,-1.05647954345
96,2.30709978688,1.23729916003,-1.06980062685
360,2.3040496037,1.26703765347,-1.03701195023
265,2.29932153173,0.708615935218,-1.59070559651
560,2.2912649315,0.978947170348,-1.31231776115
298,2.28330442063,1.15844527903,-1.1248591416
87,2.28004309579,1.20916045422,-1.07088264157
392,2.27511171666,0.765272598486,-1.50983911818
165,2.25494585611,1.66588670389,-0.589059152221
275,2.24949834942,1.72542835025,-0.524069999171
393,2.24018491553,1.35863975609,-0.881545159446
128,2.22371424468,1.55423177342,-0.669482471254
233,2.2213486103,0.130336082748,-2.09101252755
385,2.2167161315,0.764525495949,-1.45219063555
395,2.19966159119,0.0,-2.19966159119
527,2.18545227977,1.67322769427,-0.512224585501
281,2.18078139632,0.917415322195,-1.26336607412
328,2.17445836136,1.09160572333,-1.08285263803
344,2.14525300712,1.67209375568,-0.473159251447
532,2.13796533636,0.568202502307,-1.56976283405
130,2.1296973251,1.42239524297,-0.707302082132
25,2.1266607662,1.74725765443,-0.379403111771
447,2.1131573549,1.05049647135,-1.06266088355
40,2.09830678299,1.74312365092,-0.35518313207
563,2.08685387588,1.39122486486,-0.695629011026
340,2.07669650149,1.57083301123,-0.505863490252
457,2.06068497104,1.55030167647,-0.510383294573
349,2.0563172452,1.66984880321,-0.386468441986
106,2.05003851015,1.31415042103,-0.735888089115
549,2.03903171551,1.61726652187,-0.421765193641
434,2.03743463497,0.997128221382,-1.04030641358
432,2.03590600352,1.4338973031,-0.602008700415
151,2.03225353968,2.03225353968,0.0
156,2.02717904947,1.5548838495,-0.47229519997
538,2.01428151345,0.916172605605,-1.09810890785
371,1.99429471669,0.856031891229,-1.13826282546
264,1.99102291797,1.35801184551,-0.633011072462
343,1.99065869853,1.72988584201,-0.260772856518
243,1.98836884893,1.26224383352,-0.726125015407
18,1.98450645282,1.35008627282,-0.634420179997
54,1.97216451124,1.26564158679,-0.706522924444
413,1.97086178857,1.75682784291,-0.214033945666
422,1.96612039561,0.423574157247,-1.54254623836
330,1.95634903092,1.17599861384,-0.780350417079
168,1.9547640546,0.594463089532,-1.36030096507
22,1.93032771749,0.678804890763,-1.25152282673
431,1.92927923369,0.137332383654,-1.79194685004
384,1.91871377472,0.593045641818,-1.3256681329
481,1.91557109417,1.1089006867,-0.806670407471
26,1.90423952392,1.04629643366,-0.857943090268
542,1.89621517939,1.05262584284,-0.843589336545
543,1.89614615923,1.80976879672,-0.0863773625052
204,1.88489116891,0.569254092666,-1.31563707624
378,1.87388505898,0.663350371211,-1.21053468777
42,1.86413159794,0.774573382711,-1.08955821523
122,1.85722367752,1.64574952174,-0.211474155779
324,1.85210844126,1.08632040365,-0.765788037609
428,1.84399282359,0.612504750601,-1.23148807299
400,1.84368816339,1.6357184294,-0.207969733998
261,1.83315459787,0.348029386411,-1.48512521146
387,1.82745256416,1.21133429314,-0.616118271012
439,1.81631707826,1.30674399758,-0.509573080675
167,1.8050614038,1.07403307463,-0.73102832917
284,1.79751538819,1.35085271614,-0.446662672049
335,1.78001019515,1.35928395095,-0.420726244199
346,1.77953156405,1.02837818772,-0.75115337633
452,1.77799899767,1.01877503655,-0.759223961121
162,1.76636903096,0.488224186072,-1.27814484489
164,1.76140703799,1.10938055981,-0.652026478175
391,1.75945707629,0.69281475679,-1.0666423195
78,1.7517556806,0.953097562178,-0.798658118426
13,1.74646332718,0.728775822706,-1.01768750447
34,1.74165239428,0.137356327268,-1.60429606701
427,1.73820219664,1.20840993589,-0.529792260744
500,1.73653049835,0.813174964223,-0.923355534125
271,1.73043126157,1.30696266049,-0.423468601073
81,1.72548086194,1.01566253634,-0.709818325595
334,1.7151545326,1.03216914708,-0.682985385521
484,1.7007922028,1.19535463291,-0.505437569888
308,1.70066606517,0.811811759473,-0.888854305696
487,1.69074455915,0.971149092041,-0.719595467111
35,1.68674451255,0.639701656875,-1.04704285567
207,1.6778637165,1.18801763802,-0.489846078485
401,1.6725960649,0.61508691917,-1.05750914573
429,1.66981642875,0.624144614698,-1.04567181405
380,1.64116718634,0.780512830546,-0.860654355793
280,1.63657269354,1.04094270961,-0.595629983925
559,1.63424110979,0.0,-1.63424110979
396,1.63348850804,0.662390582398,-0.971097925644
77,1.63203928291,0.822905599609,-0.809133683302
545,1.63094008809,0.61376243398,-1.01717765411
273,1.62655710481,1.05668529147,-0.569871813347
97,1.62378900496,0.46074221466,-1.1630467903
304,1.6147981563,0.83719427976,-0.777603876536
194,1.60637365557,1.27652657247,-0.329847083095
479,1.60408096019,0.274675262182,-1.329405698
379,1.59698813533,1.05033070775,-0.546657427576
480,1.59404722322,1.42208043549,-0.171966787733
491,1.59188215718,1.20208725057,-0.389794906614
365,1.59001882648,0.695999537467,-0.894019289011
58,1.58679423009,1.58550960861,-0.00128462147451
41,1.58197353365,0.663429804396,-0.918543729253
423,1.58133166751,0.402675918038,-1.17865574947
258,1.57520176845,1.3546682318,-0.220533536646
109,1.56987670426,0.366178192015,-1.20369851225
329,1.56604239423,0.986951337938,-0.579091056296
108,1.56524237713,0.00336471184034,-1.56187766529
85,1.55575295104,1.05358793184,-0.502165019203
544,1.5383148436,1.10607763846,-0.432237205148
56,1.5377260267,0.781103250921,-0.756622775778
496,1.52574960721,0.862610593006,-0.663139014205
193,1.52566268994,0.798093373696,-0.727569316244
23,1.52068000028,0.671730777794,-0.848949222491
79,1.52028269636,1.06895583047,-0.451326865884
134,1.5148129015,1.12433509019,-0.390477811314
411,1.5140475146,0.41607891424,-1.09796860036
469,1.50678595152,1.09024687848,-0.416539073042
72,1.49894279848,1.08858775652,-0.410355041963
29,1.4941335888,1.25035568511,-0.243777903686
505,1.49174165777,0.689025353547,-0.802716304221
489,1.48950713727,0.229090702407,-1.26041643486
120,1.47847566336,1.23204379699,-0.246431866373
437,1.4767251415,1.11161668899,-0.365108452508
331,1.47627918687,0.971544452911,-0.50473473396
354,1.47119091443,1.22626200002,-0.244928914411
195,1.46894180895,0.499712909303,-0.969228899647
333,1.46581027924,0.589325002693,-0.876485276551
302,1.46411989632,0.834260535786,-0.629859360535
93,1.46064576988,0.72580979001,-0.734835979869
525,1.44486473422,0.856850012935,-0.588014721287
296,1.4367730465,0.0,-1.4367730465
530,1.43610418167,0.965731739986,-0.470372441686
311,1.43412728687,1.42989565558,-0.00423163128974
352,1.43092832656,0.137390710469,-1.29353761609
43,1.430019834,0.106066776017,-1.32395305798
192,1.42938183179,0.895083307376,-0.534298524417
121,1.41554009884,1.41554009884,0.0
259,1.41137726422,0.591648741661,-0.819728522559
552,1.40642366004,1.40642366004,0.0
63,1.40590677412,0.0,-1.40590677412
282,1.40338698099,1.02986141727,-0.373525563726
420,1.39263408957,0.106800498507,-1.28583359106
203,1.37331142578,0.594557299258,-0.778754126519
342,1.36935792661,0.871055333478,-0.498302593136
341,1.36576865805,0.562379430755,-0.803389227294
320,1.36343468209,0.811309134286,-0.5521255478
310,1.35270867508,0.573187071921,-0.779521603163
48,1.34122376147,0.971242232936,-0.369981528535
348,1.33850981748,0.400284502942,-0.938225314538
446,1.33719188392,0.680395174173,-0.656796709744
297,1.33674820217,0.602773606674,-0.733974595493
260,1.32882815831,1.0099572223,-0.318870936012
45,1.32393660329,1.1749828861,-0.148953717193
46,1.32024855658,0.784104875086,-0.536143681493
557,1.30954275229,0.731501161235,-0.578041591056
462,1.30401977945,1.05976114462,-0.244258634831
459,1.29849695691,0.574616218002,-0.72388073891
531,1.29659467734,0.877701905761,-0.418892771575
351,1.29249443837,0.354169990098,-0.938324448274
270,1.27810203313,1.27810203313,0.0
426,1.26471223156,0.552646978095,-0.712065253465
374,1.25435148123,0.870107956741,-0.384243524487
436,1.25008075753,0.914749973183,-0.335330784347
366,1.24587718538,0.550410486541,-0.695466698842
498,1.24371216467,0.964370105231,-0.279342059443
132,1.24133964914,0.366228556676,-0.875111092467
55,1.23889979639,0.378450595608,-0.860449200786
307,1.23435506857,0.338025713342,-0.896329355226
181,1.23418363702,1.12762023636,-0.106563400655
441,1.22954612602,0.795571541653,-0.433974584368
433,1.22800665775,0.918445675022,-0.309560982729
191,1.22190877124,0.365082823947,-0.856825947292
252,1.22075661747,0.73897782602,-0.481778791445
483,1.22064685383,0.0518275226644,-1.16881933116
95,1.21720826797,0.900384951703,-0.316823316263
66,1.20364615914,0.137436546696,-1.06620961245
492,1.19542026677,0.441625957904,-0.753794308863
84,1.19006021025,0.843075772198,-0.346984438056
377,1.1884508119,0.94540503816,-0.243045773738
301,1.17321745092,1.16356240074,-0.00965505017816
533,1.17180741854,0.406484332388,-0.765323086153
536,1.1717725242,0.641408584514,-0.530363939688
418,1.16747726491,0.529248790886,-0.638228474022
239,1.15497988659,0.852152122628,-0.302827763957
548,1.14997593082,0.46172211827,-0.68825381255
196,1.14428616163,0.770646585417,-0.373639576209
215,1.14244141159,0.378445723727,-0.76399568786
183,1.14014295137,0.566118097079,-0.574024854291
152,1.13870457009,0.832332318525,-0.306372251564
112,1.12683547737,0.736425179995,-0.390410297376
443,1.12649912936,0.595923637947,-0.530575491413
20,1.12463818228,0.461850224512,-0.662787957772
455,1.11993569169,0.883908512332,-0.236027179354
262,1.11910930305,0.883071335713,-0.236037967341
199,1.11095737567,1.11095737567,0.0
430,1.1081433867,0.864391706882,-0.24375167982
174,1.10438884858,0.864027799348,-0.240361049233
309,1.10342365725,0.973754567181,-0.129669090067
69,1.10274505986,0.322603590939,-0.780141468918
49,1.09812515516,0.262973136044,-0.835152019118
245,1.08614839237,0.878578331822,-0.207570060547
449,1.08292798581,0.591368823252,-0.49155916256
458,1.07883135339,0.826127351682,-0.252704001708
421,1.07754822434,0.613693431404,-0.463854792939
300,1.03182920915,0.910635605067,-0.121193604086
466,1.03081098678,0.404712715972,-0.626098270806
295,1.02849600293,0.567026615307,-0.461469387624
140,1.02546137807,0.77188381722,-0.253577560851
166,1.01480826551,0.228791894932,-0.786016370574
247,1.01230582878,0.530218327849,-0.482087500932
118,1.01199783275,0.266435968622,-0.745561864129
322,1.00424441563,0.622195503192,-0.382048912443
125,0.997760547612,0.523350976783,-0.474409570829
161,0.990590540831,0.612458337999,-0.378132202833
189,0.985348347299,0.819041608731,-0.166306738567
82,0.958076176908,0.347586388318,-0.61048978859
117,0.955557898648,0.302220075232,-0.653337823416
450,0.952287249276,0.22561944082,-0.726667808456
363,0.944252671451,0.944252671451,0.0
440,0.943582579346,0.258159912903,-0.685422666443
21,0.938450449776,0.420570375191,-0.517880074586
547,0.934302522367,0.638425408999,-0.295877113368
359,0.918516686998,0.0,-0.918516686998
472,0.916034736318,0.252168644066,-0.663866092252
242,0.906578108866,0.541331111118,-0.365246997748
263,0.899429925554,0.738765244269,-0.160664681285
419,0.895924301902,0.709822104766,-0.186102197136
267,0.890966852099,0.890966852099,0.0
27,0.886748832646,0.426156696649,-0.460592135998
364,0.876404007618,0.263004076304,-0.613399931314
44,0.87580584225,0.598645224761,-0.277160617489
564,0.872282468048,0.46283821115,-0.409444256898
266,0.871612947056,0.521896756238,-0.349716190818
461,0.868493437575,0.671393755558,-0.197099682018
76,0.863779938846,0.740802845304,-0.122977093543
539,0.846954679218,0.825203966788,-0.0217507124297
291,0.843593603087,0.158848821734,-0.684744781353
98,0.83877202916,0.400488433556,-0.438283595604
149,0.837007830655,0.473098966936,-0.363908863719
485,0.835573738036,0.792424248024,-0.0431494900121
208,0.829603755248,0.143583329113,-0.686020426135
110,0.79601423344,0.0,-0.79601423344
147,0.783972383362,0.657611472201,-0.126360911161
319,0.781471953738,0.101060693326,-0.680411260412
356,0.779884304254,0.260573592776,-0.519310711478
17,0.760797207273,0.353289230452,-0.407507976821
107,0.73905315873,0.574204094204,-0.164849064526
163,0.731480339537,0.403799227656,-0.32768111188
241,0.715615203678,0.259402136323,-0.456213067355
546,0.68966096345,0.565960189849,-0.123700773601
444,0.689019156029,0.376770298312,-0.312248857717
417,0.676664030174,0.0,-0.676664030174
537,0.674170372373,0.390590863263,-0.28357950911
217,0.666909451549,0.196007060221,-0.470902391328
317,0.665425591347,0.238710829126,-0.426714762221
38,0.660770714039,0.391554572808,-0.269216141231
105,0.629022887404,0.500580668272,-0.128442219132
198,0.617322484427,0.321337443464,-0.295985040963
336,0.608647470808,0.284425074706,-0.324222396103
131,0.604895019395,0.498401119792,-0.106493899603
355,0.59830224468,0.382905484497,-0.215396760182
399,0.578895839629,0.370310229958,-0.208585609671
445,0.572450464767,0.328698733446,-0.243751731321
80,0.539479978321,0.516013518288,-0.0234664600327
534,0.538086561536,0.312069442021,-0.226017119515
451,0.534659244593,0.534659244593,0.0
495,0.525914848864,0.260225030575,-0.265689818289
28,0.519335687879,0.264502975826,-0.254832712053
394,0.511126863304,0.154643054336,-0.356483808968
516,0.50526576201,0.163223696151,-0.342042065859
357,0.498015830091,0.15001215462,-0.348003675471
30,0.438476684724,0.338830302859,-0.099646381865
362,0.387453641421,0.0538489731998,-0.333604668221
33,0.353261923492,0.252998613609,-0.100263309882
435,0.293281476232,0.211161458425,-0.0821200178071
67,0.274870066594,0.112646670492,-0.162223396102
566,0.0,0.0,0.0
