site,abs_diffsel,positive_diffsel,negative_diffsel
235,13.8883828882,0.30771915923,-13.580663729
153,12.9352234641,2.6141068767,-10.3211165874
499,12.3538519882,1.93817113442,-10.4156808538
170,11.093133886,0.631585370523,-10.4615485155
175,11.0842892206,2.12166140029,-8.96262782029
237,10.6467270076,1.64096843035,-9.00575857729
220,10.6332376436,1.17530859912,-9.45792904453
176,10.2975964396,0.157881978356,-10.1397144612
510,10.2664003833,5.27738339807,-4.98901698526
232,9.99910754176,2.55007404137,-7.44903350039
274,9.74018879619,4.53444146949,-5.20574732669
4,9.69174745533,3.93361289055,-5.75813456477
212,9.63560284711,2.20704655059,-7.42855629651
155,9.58051898662,5.4371058782,-4.14341310842
210,9.56732880807,0.398141238427,-9.16918756964
182,9.39571138392,4.70996475064,-4.68574663328
234,9.34566438901,2.11148686003,-7.23417752899
136,9.31901428036,3.03157962785,-6.28743465251
497,9.28782469998,0.258746709883,-9.0290779901
507,9.18930686531,4.0804180069,-5.10888885842
285,9.14023658612,3.00820442879,-6.13203215733
3,9.03703557671,5.58324492874,-3.45379064796
216,8.70094146547,2.41875243758,-6.28218902789
227,8.56316700449,3.45659889993,-5.10656810456
236,8.51635845322,1.7082819041,-6.80807654911
90,8.34668711038,1.14995994724,-7.19672716314
218,8.33358505946,0.253480120209,-8.08010493925
146,8.14979468284,1.08392146941,-7.06587321344
65,8.10184182266,0.77207939091,-7.32976243175
104,8.059573687,1.44040547139,-6.61916821561
255,8.04752234384,1.35361965579,-6.69390268805
294,8.01028287933,2.36948789852,-5.64079498081
277,8.00506491831,4.19946816228,-3.80559675603
138,8.00480988282,1.76300218735,-6.24180769547
456,7.97976829436,4.60263523491,-3.37713305945
86,7.97314387465,4.08098625147,-3.89215762318
230,7.95769777319,0.99052577566,-6.96717199753
251,7.94548504193,2.17078944011,-5.77469560182
517,7.9347394691,3.32124688403,-4.61349258507
468,7.83267841073,4.68827382122,-3.14440458952
115,7.81549766779,2.41102488981,-5.40447277798
518,7.78488351534,3.20844869181,-4.57643482353
318,7.67451639589,1.06466585037,-6.60985054551
111,7.61539656997,5.25963101531,-2.35576555467
512,7.57285822727,4.1795097079,-3.39334851937
314,7.55620195565,1.34307205131,-6.21312990434
154,7.47150185011,2.56470832915,-4.90679352096
102,7.44826349272,2.30566561969,-5.14259787303
53,7.42192575882,3.07795317134,-4.34397258748
386,7.41836046875,3.17392906899,-4.24443139976
303,7.38446428077,2.99297654015,-4.39148774063
415,7.31159058749,1.31936598308,-5.9922246044
91,7.26309921198,1.75448164874,-5.50861756325
68,7.18906974278,1.79268722238,-5.39638252041
113,7.18810836165,4.44868705812,-2.73942130352
476,7.17680302056,0.377439970458,-6.7993630501
503,7.17582001535,2.8331888635,-4.34263115185
169,7.16811792317,0.373517954739,-6.79459996843
474,7.12289110782,4.06930910937,-3.05358199845
201,7.12182720345,1.89378781398,-5.22803938947
180,7.03076134624,2.85398916038,-4.17677218586
278,7.00676707754,2.14931176099,-4.85745531656
123,6.94600193875,4.67739379709,-2.26860814166
157,6.94338522786,0.837097257918,-6.10628796994
19,6.92449712022,1.34482082381,-5.57967629641
156,6.91738934295,1.91865568673,-4.99873365622
150,6.912720696,0.417436376958,-6.49528431904
223,6.89561702265,1.90073679117,-4.99488023148
231,6.87030303552,0.365545086015,-6.5047579495
99,6.82183280743,3.20208770851,-3.61974509891
209,6.7772469686,3.37501443732,-3.40223253128
62,6.72353570808,0.3689072573,-6.35462845078
515,6.71630596112,1.92071993859,-4.79558602252
486,6.70405765791,1.08093815005,-5.62311950786
11,6.67078062633,3.91549116465,-2.75528946168
370,6.57442634526,2.10625024162,-4.46817610365
289,6.5727569165,3.2990371088,-3.27371980769
470,6.56935251191,0.711080563726,-5.85827194819
214,6.56242156817,1.7287391234,-4.83368244478
286,6.53473090208,0.924231424734,-5.61049947735
2,6.52426243381,3.8388102808,-2.68545215301
173,6.52123987269,1.43182029607,-5.08941957663
412,6.49439738326,3.05014526019,-3.44425212308
92,6.47399738789,2.54960693675,-3.92439045114
257,6.46738840738,1.09602776133,-5.37136064605
514,6.45360255962,1.86076458413,-4.59283797549
158,6.43968686101,1.34070181378,-5.09898504723
240,6.40885584429,0.676424573369,-5.73243127092
197,6.40395087377,0.706894524384,-5.69705634939
390,6.37343292616,5.15310330167,-1.22032962449
221,6.33987321817,2.29803624225,-4.04183697592
184,6.22564838073,1.97328270828,-4.25236567245
299,6.21727981361,3.32939409451,-2.88788571911
60,6.21725551554,0.76497925123,-5.45227626431
408,6.21267736951,2.01233877427,-4.20033859525
224,6.03884522673,2.56461037827,-3.47423484846
211,6.03834552438,2.47482620131,-3.56351932307
358,5.99328252177,1.90795048282,-4.08533203895
283,5.98250781373,1.32843606634,-4.65407174739
145,5.97379914253,2.58515228417,-3.38864685836
206,5.971076305,1.45653896625,-4.51453733874
513,5.96348197991,3.1002912545,-2.86319072542
490,5.92221004271,1.3921946549,-4.53001538781
482,5.92054289521,1.51784823905,-4.40269465616
493,5.87076031726,1.02274948566,-4.84801083159
171,5.84522464696,2.80937520936,-3.0358494376
315,5.78410161342,2.37379799688,-3.41030361654
494,5.7805794563,1.37868063348,-4.40189882282
37,5.75611076873,2.64261263153,-3.1134981372
504,5.70127837171,0.488362031907,-5.2129163398
389,5.63696476554,2.989187502,-2.64777726354
228,5.59926555554,0.562176078502,-5.03708947704
288,5.59885318226,2.57808790871,-3.02076527355
185,5.47911898588,1.45997152061,-4.01914746527
12,5.46870668494,2.4849773133,-2.98372937164
483,5.46364861607,0.0920787089148,-5.37156990716
7,5.46308070369,2.46721881078,-2.99586189291
222,5.46158181832,2.31144902932,-3.150132789
326,5.38786438219,3.10289848565,-2.28496589653
523,5.32334629224,1.96658770362,-3.35675858861
471,5.31985884552,2.30207375904,-3.01778508648
126,5.26279259632,1.13428417655,-4.12850841977
369,5.25390675844,4.31933789013,-0.934568868307
489,5.22734100886,0.262221324351,-4.96511968451
508,5.21258593302,1.83103572771,-3.38155020531
272,5.15882412901,0.857668403217,-4.30115572579
100,5.15410494363,2.16304899289,-2.99105595074
287,5.13740798623,2.89741718137,-2.23999080486
179,5.12763484086,0.547941667179,-4.57969317369
213,5.0642573055,0.837146343623,-4.22711096188
382,5.05272296005,1.76541379527,-3.28730916478
253,5.011597827,1.04790339739,-3.9636944296
401,5.01065987073,0.833706903401,-4.17695296733
143,4.97790046774,1.01225475828,-3.96564570947
276,4.97642656775,1.73118691814,-3.24523964961
14,4.96802962764,4.23185457613,-0.736175051505
127,4.9591052634,1.73932824834,-3.21977701507
89,4.95748247387,2.54996363997,-2.4075188339
404,4.93413422255,0.900301123284,-4.03383309927
509,4.9312409684,0.0,-4.9312409684
524,4.91313970123,2.2056055904,-2.70753411083
70,4.88501400481,1.0970057428,-3.78800826201
506,4.85387328522,0.890498090795,-3.96337519442
520,4.85330549457,0.787659780056,-4.06564571452
83,4.85188468378,1.3306834068,-3.52120127698
205,4.84295509532,1.70574557828,-3.13720951704
139,4.84242590384,1.91148827286,-2.93093763097
119,4.82325452202,2.25750762582,-2.5657468962
88,4.80001477625,1.59583259405,-3.2041821822
137,4.7975984511,2.10002514868,-2.69757330242
540,4.79419467725,1.43908593028,-3.35510874697
178,4.78224337949,2.10505775112,-2.67718562837
562,4.77173532509,1.76440642302,-3.00732890207
186,4.75516173852,4.36292754014,-0.392234198385
128,4.75286921901,0.308396580816,-4.4444726382
502,4.74668696633,3.07965240738,-1.66703455895
188,4.744546117,2.83488621544,-1.90965990157
226,4.74234513876,0.280941379251,-4.46140375951
202,4.73929885879,2.27923273513,-2.46006612366
71,4.61570018779,2.38657555415,-2.22912463364
238,4.61237358643,1.50840688913,-3.10396669729
313,4.60082521266,2.11146638221,-2.48935883046
57,4.59623141728,1.87067535592,-2.72555606136
254,4.54237493333,0.59165022119,-3.95072471214
375,4.52642933189,0.905743350004,-3.62068598188
177,4.52525293814,1.74545521748,-2.77979772067
244,4.48134695445,1.1603649485,-3.32098200595
229,4.45077356428,0.47271742898,-3.9780561353
159,4.44967527483,0.230477350743,-4.21919792408
75,4.42686457361,0.543746585041,-3.88311798857
106,4.42364803447,1.07519513128,-3.34845290319
248,4.39721080941,1.74112115522,-2.65608965418
407,4.39709248155,2.76704375611,-1.63004872545
373,4.39157213391,2.94497366911,-1.44659846479
239,4.35802816581,2.40617030274,-1.95185786307
148,4.33874509471,0.60960586548,-3.72913922923
467,4.3031473581,3.44692983088,-0.856217527217
381,4.29814209265,2.2473663219,-2.05077577074
124,4.23468743614,0.529043129905,-3.70564430624
555,4.23412762131,0.634374893629,-3.59975272768
406,4.20157138718,0.85640828144,-3.34516310574
501,4.13387936474,2.70253543972,-1.43134392501
64,4.13372238822,0.387068652369,-3.74665373585
339,4.12195148856,1.00628513001,-3.11566635856
553,4.10507198062,1.42376890338,-2.68130307723
325,4.09526010709,1.75021299107,-2.34504711602
521,4.09205060099,0.993764562999,-3.098286038
10,4.07720923951,0.0317168965372,-4.04549234297
466,4.07194133898,2.14638371944,-1.92555761954
324,4.06480333279,1.13406918454,-2.93073414825
52,4.05141269799,2.60613050097,-1.44528219702
463,4.02282032306,1.04019078528,-2.98262953778
321,3.99184347211,0.597063877153,-3.39477959496
103,3.92940770983,0.842054789782,-3.08735292005
337,3.925615799,1.82351945764,-2.10209634137
199,3.89519333176,0.184113548769,-3.71107978299
411,3.86830993447,1.24797488418,-2.62033505029
268,3.85764571281,1.17654432525,-2.68110138756
397,3.80292629388,1.75572582533,-2.04720046855
522,3.77869874497,2.64326751553,-1.13543122945
305,3.75360300869,1.95411771215,-1.79948529654
478,3.73085568957,0.677841700895,-3.05301398867
225,3.71603851894,0.482933544751,-3.23310497419
460,3.6863600187,0.0429268610285,-3.64343315768
312,3.66969709313,1.33861827549,-2.33107881764
25,3.6625662092,1.01912400403,-2.64344220516
414,3.63228193152,2.44448982431,-1.18779210721
432,3.61902696873,0.987498223135,-2.63152874559
290,3.58089392796,1.51924923509,-2.06164469287
393,3.54257636916,0.230782266255,-3.3117941029
526,3.52788867127,0.854231396002,-2.67365727527
556,3.52085255667,0.0983279583063,-3.42252459836
429,3.51175600895,2.57531250949,-0.936443499462
538,3.45560916748,0.432198931169,-3.02341023631
279,3.44108523138,1.67560549657,-1.76547973481
135,3.42335588194,1.00164634836,-2.42170953358
500,3.42316520389,1.13301445123,-2.29015075266
416,3.4136770229,2.38952600694,-1.02415101596
306,3.41364675108,1.32642631372,-2.08722043737
187,3.40933846195,0.936219153311,-2.47311930864
549,3.39771016703,1.84239971186,-1.55531045518
265,3.38560979784,0.0,-3.38560979784
541,3.3743819435,0.567543413427,-2.80683853007
6,3.35052083946,0.827805461428,-2.52271537804
101,3.34981972044,2.27952834996,-1.07029137048
475,3.33841016856,0.804312853632,-2.53409731492
459,3.33485122055,0.91585647295,-2.4189947476
5,3.33410830998,1.60749733709,-1.7266109729
73,3.32191936096,1.090031984,-2.23188737696
405,3.31288963118,1.40289305784,-1.90999657333
465,3.3095058995,1.68546437805,-1.62404152145
264,3.29551949328,0.45126189566,-2.84425759762
400,3.29393393497,1.02517404192,-2.26875989305
172,3.29096958023,0.199321569067,-3.09164801116
269,3.28303696772,0.979748300586,-2.30328866713
413,3.28180459762,0.0917722760602,-3.19003232156
519,3.26088905823,2.25991312508,-1.00097593315
249,3.25752553745,1.96847477967,-1.28905075778
428,3.22222707417,1.67951910171,-1.54270797247
372,3.21945514084,1.77721791827,-1.44223722257
63,3.21269022728,0.506290988279,-2.706399239
51,3.15838981571,2.57781969409,-0.580570121615
529,3.14906235282,1.08665739102,-2.0624049618
438,3.1263077052,2.04637361872,-1.07993408648
13,3.12307488653,1.49587510915,-1.62719977738
561,3.11842725638,2.32925394578,-0.789173310598
481,3.11587143034,0.715680301244,-2.4001911291
403,3.11238523379,1.25262084206,-1.85976439173
421,3.10636226379,1.20053677333,-1.90582549045
455,3.08409461469,0.54623330827,-2.53786130642
368,3.06510147396,0.516475147221,-2.54862632674
345,3.05383569139,1.66938049742,-1.38445519396
433,3.05155890265,0.00615256775325,-3.0454063349
273,3.05141771939,0.639670772541,-2.41174694685
47,3.03818760272,0.644120569003,-2.39406703371
464,3.02570271326,0.916649926461,-2.10905278679
191,3.00950158652,0.137030870447,-2.87247071607
527,3.00358670799,0.676273269682,-2.3273134383
385,2.99726745652,0.485290787444,-2.51197666908
410,2.99704463781,0.647904788812,-2.349139849
361,2.97601642133,1.42457208169,-1.55144433964
141,2.97208685885,1.61212462758,-1.35996223128
163,2.95118156177,0.857717562397,-2.09346399937
61,2.94057253373,0.0,-2.94057253373
399,2.92844397381,1.27165733008,-1.65678664373
532,2.92278951781,0.799459482878,-2.12333003493
418,2.91223213632,1.67460668583,-1.23762545049
112,2.87776615494,1.14535884737,-1.73240730757
133,2.87336756216,0.823191724128,-2.05017583803
261,2.82321417823,0.765413771902,-2.05780040633
550,2.76710590032,1.44224160659,-1.32486429373
426,2.75369642682,1.89275948466,-0.860936942162
391,2.74440927513,1.68898894624,-1.05542032889
125,2.74401134862,0.547224008228,-2.1967873404
469,2.74226146782,0.262859868447,-2.47940159937
16,2.73790474183,1.1986322644,-1.53927247742
275,2.71474565034,0.71782953767,-1.99691611267
144,2.70956939867,0.491685554773,-2.2178838439
452,2.682275595,1.83950504324,-0.842770551755
307,2.66668910372,1.47942187178,-1.18726723193
151,2.66605276464,0.136841762865,-2.52921100177
511,2.66586550329,0.520558606912,-2.14530689637
343,2.65922791251,2.49955362454,-0.159674287977
462,2.65233223882,0.884833931648,-1.76749830717
543,2.63733902123,1.18838249126,-1.44895652996
293,2.63120385681,0.645794118726,-1.98540973809
120,2.62228197278,1.28139860762,-1.34088336516
439,2.60658370011,1.93040358825,-0.676180111858
558,2.59561408764,0.713777015481,-1.88183707216
196,2.58914655438,1.57608849864,-1.01305805575
114,2.5678217878,0.982837711685,-1.58498407612
525,2.5615153149,0.965329843661,-1.59618547123
281,2.55417353132,0.791333660725,-1.76283987059
447,2.52439412988,2.37649118089,-0.147902948986
484,2.52245269545,0.744908070737,-1.77754462471
56,2.52113968344,0.788061148874,-1.73307853457
190,2.5168443355,1.18350243775,-1.33334189775
282,2.51082311456,0.569795036479,-1.94102807808
448,2.50633182053,1.6293879614,-0.876943859129
396,2.50599520372,0.706736828515,-1.79925837521
31,2.50415083311,1.79198467444,-0.712166158666
256,2.49008492483,1.77757063382,-0.712514291008
365,2.48688208265,1.13956844388,-1.34731363877
81,2.48230516876,1.02491022969,-1.45739493907
388,2.47810651166,2.45194804694,-0.0261584647203
183,2.47728818733,1.67532801465,-0.801960172686
54,2.47386766477,0.55276759102,-1.92110007375
96,2.4695541409,1.58156850448,-0.887985636419
316,2.45914226964,2.06716105473,-0.391981214918
442,2.45628832085,2.30929302999,-0.14699529086
479,2.44738362631,0.40088111206,-2.04650251425
87,2.43589464726,0.266537165028,-2.16935748223
134,2.4321501184,0.955702633016,-1.47644748538
32,2.41312619138,1.12945649392,-1.28366969746
8,2.40980904446,1.33927928174,-1.07052976272
477,2.38970794525,0.40029603095,-1.9894119143
335,2.38627531794,1.38835842982,-0.997916888116
162,2.38551443391,0.278329046379,-2.10718538753
107,2.37818237864,0.865649306296,-1.51253307234
160,2.35489064207,1.05098939083,-1.30390125125
165,2.35139122253,0.777984770023,-1.57340645251
327,2.32640171346,0.848767346138,-1.47763436732
42,2.32579381964,1.5792641081,-0.746529711545
548,2.32027584811,1.07905391505,-1.24122193306
98,2.29298004969,0.455233112764,-1.83774693693
22,2.2917870006,1.96108093133,-0.33070606927
488,2.2878746611,1.56015015213,-0.727724508971
344,2.28759319438,1.01691945299,-1.27067374138
59,2.2848458313,1.98564390424,-0.299201927057
545,2.2830413712,0.93111863127,-1.35192273993
131,2.28223758419,1.06074859507,-1.22148898912
168,2.27389608431,1.63917054385,-0.634725540464
542,2.26541394681,0.576013023843,-1.68940092296
434,2.25839286924,1.26151031305,-0.996882556194
246,2.24814593891,0.415219543409,-1.8329263955
402,2.23683494651,1.68578741935,-0.551047527156
427,2.20389566186,1.47832754903,-0.725568112829
338,2.19445549026,0.200240747599,-1.99421474266
304,2.19269544082,1.37932087728,-0.813374563534
409,2.18595021743,1.24789200683,-0.938058210602
121,2.18196136898,1.7325901612,-0.449371207785
539,2.17995264989,1.10443048939,-1.0755221605
472,2.17289173242,0.737627001115,-1.43526473131
485,2.1685646002,0.551034163855,-1.61753043635
49,2.16808517132,1.4182528941,-0.749832277216
219,2.16584401534,1.33405389792,-0.831790117426
498,2.16566958618,1.14197764944,-1.02369193674
487,2.15734146653,1.37253698634,-0.784804480191
383,2.15672458685,0.796408140677,-1.36031644618
473,2.15247870075,2.00835464727,-0.14412405348
530,2.15116698537,1.40160804284,-0.749558942536
24,2.13905626052,0.216691077586,-1.92236518293
149,2.12811230379,0.942102945201,-1.18600935859
533,2.12448650206,0.949003530514,-1.17548297154
280,2.11861377467,0.0,-2.11861377467
560,2.11161179301,0.737148293161,-1.37446349985
551,2.08932313536,0.593258585589,-1.49606454977
97,2.04947640944,1.75070893228,-0.29876747716
424,2.04186529688,1.61946785537,-0.422397441513
1,2.04100307869,0.823124383607,-1.21787869508
40,2.03987602108,1.04244624099,-0.997429780095
181,2.02357944091,0.78297999577,-1.24059944514
528,2.02225888558,0.56077077703,-1.46148810855
78,2.01259506969,0.615481405681,-1.39711366401
129,2.01051674391,0.562507993267,-1.44800875065
301,1.98545461359,1.14421948099,-0.841235132603
334,1.98225396246,0.644391671913,-1.33786229055
167,1.97729289889,1.1190255729,-0.858267325988
376,1.95757072783,1.04398197577,-0.913588752066
557,1.95026513612,1.41916486411,-0.531100272006
552,1.94856816654,0.291290932606,-1.65727723394
311,1.94398730844,0.770760412618,-1.17322689582
377,1.9297088517,0.624026048793,-1.30568280291
359,1.91324269891,1.07680871128,-0.836433987627
29,1.91301322583,1.47130700539,-0.441706220439
195,1.91263672036,0.0122481025117,-1.90038861785
50,1.91049828033,1.35908880115,-0.551409479185
340,1.90656046483,0.625034447464,-1.28152601736
38,1.89917834791,1.14364653169,-0.755531816216
21,1.89288567232,0.742340082341,-1.15054558998
198,1.89252219818,1.33717340453,-0.555348793654
535,1.88074747763,1.33194630822,-0.548801169404
366,1.87840732943,1.058401609,-0.820005720426
77,1.87800608608,1.70154658085,-0.176459505229
194,1.87734271053,1.60190739395,-0.275435316585
453,1.87122454722,0.701243742672,-1.16998080455
26,1.86214026432,0.237292469165,-1.62484779515
297,1.86149240891,0.301335978705,-1.56015643021
233,1.85848689972,0.461884824923,-1.3966020748
308,1.84318053116,0.816296500266,-1.02688403089
544,1.8337482078,0.477672394784,-1.35607581302
292,1.82921739609,0.36571502707,-1.46350236902
80,1.8234747986,1.3817391066,-0.441735692
140,1.82294658057,1.66531792723,-0.157628653344
496,1.8109578713,1.64649378261,-0.164464088695
565,1.80973076377,1.10576143554,-0.703969328229
30,1.80674022162,0.987845047001,-0.818895174621
36,1.80538724553,0.924917690372,-0.880469555161
203,1.80524888979,1.25409979655,-0.551149093236
440,1.79229359466,0.991929663321,-0.800363931336
164,1.79109863522,0.0,-1.79109863522
457,1.78806727263,1.50117996971,-0.286887302916
93,1.78668404288,0.513945436922,-1.27273860596
563,1.7835057505,0.815762817348,-0.967742933156
252,1.78317274692,1.49061795861,-0.292554788309
392,1.77903353565,0.521289902411,-1.25774363323
349,1.7780062817,0.434671848769,-1.34333443293
45,1.75449754127,1.09873621345,-0.655761327822
298,1.74550247593,1.37591019571,-0.369592280221
309,1.74421103066,0.516320933438,-1.22789009722
116,1.74035004781,0.89654482116,-0.843805226647
247,1.73923769231,1.73923769231,0.0
371,1.73590829271,0.618247106636,-1.11766118608
85,1.73291776331,1.35603814342,-0.376879619897
44,1.72697411415,0.976176077766,-0.750798036381
300,1.72612490548,0.756073951736,-0.970050953745
243,1.7233322881,0.123664993716,-1.59966729438
79,1.72159656117,0.979287192747,-0.742309368423
531,1.71726552926,1.66873234147,-0.048533187786
271,1.71223130908,0.183475796259,-1.52875551282
449,1.70342295924,1.31980076049,-0.383622198748
341,1.69573183675,0.515829525438,-1.17990231131
333,1.68903853057,1.4108482355,-0.278190295071
559,1.6886284323,1.17527528948,-0.513353142819
437,1.68852334763,0.803260128702,-0.885263218923
108,1.68479762738,0.897009709816,-0.787787917566
329,1.67316927167,0.410310289395,-1.26285898228
323,1.67185306623,0.210141920984,-1.46171114524
267,1.66045813643,0.650151767621,-1.01030636881
192,1.6579191075,0.0,-1.6579191075
174,1.64894001403,0.630789187229,-1.0181508268
554,1.64840028619,0.636278659148,-1.01212162704
360,1.64700708007,0.684845768585,-0.962161311486
492,1.64249733791,0.958332737591,-0.684164600323
458,1.64246216882,0.160358931198,-1.48210323762
250,1.62639247703,1.33754050171,-0.28885197532
74,1.62548858284,0.363461523936,-1.2620270589
95,1.61590151801,1.4504341873,-0.16546733071
431,1.60730593183,1.08122346353,-0.526082468295
378,1.59148560025,1.10538100732,-0.486104592931
322,1.59133568671,1.25252489703,-0.338810789684
425,1.58957267208,1.44992423861,-0.139648433469
23,1.58559910512,0.641387187715,-0.944211917404
419,1.58520981393,1.24841925096,-0.33679056297
445,1.5805610267,1.26948536154,-0.311075665159
48,1.57694765529,0.583683087245,-0.99326456804
398,1.5708566376,1.01812597118,-0.552730666421
420,1.5647866092,0.416285046463,-1.14850156274
72,1.55449866952,1.00429642576,-0.550202243768
330,1.54951517954,0.776304050585,-0.773211128956
422,1.54704552746,0.443902670164,-1.1031428573
130,1.5469255556,0.477975283733,-1.06895027187
20,1.54337206866,0.370259451423,-1.17311261723
259,1.5305127034,0.266387246629,-1.26412545677
263,1.52451671202,0.37843748042,-1.1460792316
291,1.52031521962,1.27905367087,-0.241261548749
204,1.51286142873,1.08262109524,-0.430240333482
208,1.50831438585,0.804937631731,-0.70337675412
122,1.50692598706,0.55130755996,-0.955618427098
55,1.50445752893,0.55957774789,-0.944879781036
245,1.50248849698,0.997658659107,-0.504829837869
142,1.48171363882,0.599306168115,-0.8824074707
17,1.47458318882,1.16961947191,-0.304963716905
352,1.47341663153,0.431822090592,-1.04159454094
491,1.47280512428,0.972776571758,-0.500028552519
348,1.46810932908,0.57064901821,-0.897460310867
43,1.45393015277,1.38586939798,-0.0680607547858
332,1.45190304661,0.368163935511,-1.0837391111
270,1.43407591532,1.19079724769,-0.24327866763
295,1.41949849942,0.178202302244,-1.24129619717
364,1.4061212506,0.137426426853,-1.26869482375
266,1.39992802451,1.22943220388,-0.170495820625
94,1.39923862599,0.579888084305,-0.819350541683
152,1.39833680845,0.475717324155,-0.922619484291
443,1.3930294354,0.270276330886,-1.12275310452
41,1.39089447184,0.607338286313,-0.783556185532
417,1.38987720844,0.0,-1.38987720844
67,1.38851698675,0.599603070073,-0.788913916675
537,1.37519966676,0.592533036881,-0.782666629874
534,1.37168610045,1.30046421298,-0.0712218874669
356,1.35833261109,0.772194566816,-0.586138044273
189,1.34286562439,0.0784926931171,-1.26437293127
347,1.33694479129,0.75440281076,-0.582541980534
39,1.33019585733,0.678157958389,-0.652037898943
536,1.32977457328,0.0488518397514,-1.28092273353
262,1.31918051332,1.03679675763,-0.282383755683
379,1.31564087006,0.65373413042,-0.661906739643
33,1.31510174794,0.666883186426,-0.648218561516
342,1.310517963,0.528772357291,-0.781745605706
505,1.2958133444,0.213621125316,-1.08219221908
200,1.2918254388,0.645568776953,-0.646256661843
296,1.29059531007,0.598856824344,-0.691738485723
461,1.29030916057,0.192487733027,-1.09782142754
215,1.28925549463,0.628656700045,-0.66059879458
320,1.27070298628,0.879323670277,-0.391379316008
367,1.26764697941,0.883838815088,-0.383808164323
284,1.25521514411,0.0,-1.25521514411
217,1.24003745623,0.275137519912,-0.964899936314
161,1.23681037137,0.368105613735,-0.868704757632
380,1.23460287282,0.69442523333,-0.54017763949
319,1.21799446471,0.921140253277,-0.296854211431
350,1.21356833207,0.621975264756,-0.591593067318
260,1.21054499132,1.04290822497,-0.167636766349
374,1.2092698649,1.04762399686,-0.161645868034
362,1.2030474925,0.821819961557,-0.381227530939
15,1.18819594507,0.265945452108,-0.922250492961
346,1.18058604496,1.01426912894,-0.166316916026
207,1.17432255492,0.481789572365,-0.69253298256
18,1.16776111495,0.647507521798,-0.520253593147
193,1.13586779066,0.678514471427,-0.45735331923
394,1.12364412564,0.97576242939,-0.147881696252
395,1.12139397106,0.83740535847,-0.283988612593
328,1.10707962728,0.313770498036,-0.793309129247
446,1.0939299396,0.377764452281,-0.716165487317
354,1.09076806085,0.330535960423,-0.760232100428
435,1.08981133137,0.958350131166,-0.131461200207
384,1.07836262362,0.360285144909,-0.718077478708
353,1.07302349619,0.72765146578,-0.345372030411
302,1.0701524231,0.513535188001,-0.556617235096
546,1.0679939536,0.504472438936,-0.563521514665
430,1.05368535326,0.193798711638,-0.859886641621
105,1.03455735843,0.0,-1.03455735843
66,1.03320530004,0.234488836599,-0.798716463444
109,1.0210854301,0.863339575717,-0.157745854379
480,1.00672606423,0.715091204818,-0.291634859412
132,1.00413230775,0.238693824344,-0.765438483404
27,0.989892639256,0.614114587276,-0.37577805198
46,0.975009919888,0.213559915682,-0.761450004206
34,0.973636796386,0.21050545992,-0.763131336466
310,0.970433617937,0.407171542177,-0.56326207576
331,0.959454714383,0.332610925856,-0.626843788527
76,0.958822642111,0.168079844107,-0.790742798004
69,0.928862152726,0.304535562455,-0.624326590271
441,0.927145879506,0.202345017846,-0.72480086166
242,0.925662559408,0.38564253938,-0.540020020028
451,0.919344064273,0.252931642266,-0.666412422006
117,0.90250133316,0.5718909734,-0.33061035976
357,0.896374115422,0.391075426408,-0.505298689014
9,0.895931438251,0.096458970499,-0.799472467752
82,0.892199961281,0.892199961281,0.0
423,0.888855458265,0.85219535745,-0.0366601008152
58,0.885362488901,0.368733086679,-0.516629402222
450,0.857542676129,0.850801935901,-0.00674074022766
564,0.847318611485,0.810105655234,-0.0372129562513
28,0.837525363456,0.210818569316,-0.62670679414
387,0.835957060672,0.505484477846,-0.330472582826
118,0.814585511627,0.174936155899,-0.639649355729
258,0.795295767478,0.507124900904,-0.288170866574
516,0.793279293661,0.610007675976,-0.183271617685
444,0.779748523302,0.179658787819,-0.600089735483
241,0.744734749871,0.0063103980016,-0.738424351869
35,0.735194336951,0.652634698452,-0.0825596384998
547,0.725697410571,0.281117046999,-0.444580363572
147,0.724633637741,0.721856451142,-0.00277718659992
436,0.721460759813,0.44946443008,-0.271996329732
110,0.71576257661,0.300199662491,-0.415562914119
454,0.707179893756,0.482772283823,-0.224407609933
495,0.692160070617,0.420290514297,-0.27186955632
84,0.661327814732,0.272402726156,-0.388925088576
317,0.659052219864,0.357632979596,-0.301419240268
355,0.659022973877,0.392875411247,-0.26614756263
336,0.612010769528,0.436496332598,-0.17551443693
166,0.555275083652,0.518048041349,-0.0372270423025
351,0.305232263398,0.0628275162298,-0.242404747169
363,0.303116518014,0.141519817288,-0.161596700726
566,0.0,0.0,0.0
