site,abs_diffsel,positive_diffsel,negative_diffsel
232,14.4505843294,7.57490712707,-6.87567720235
175,13.9100843982,12.342855075,-1.56722932316
412,12.8770825352,11.266369198,-1.61071333719
2,12.6867712396,8.75126286152,-3.93550837809
178,12.601542981,4.5964721519,-8.00507082908
113,12.1057656675,5.86465521722,-6.24111045025
176,11.9357330601,11.3444824781,-0.591250582016
210,11.8730160388,6.86586052496,-5.00715551385
111,11.5818763061,5.88869187269,-5.69318443336
251,11.1613613985,4.98874246883,-6.17261892965
90,10.8514592781,1.20465244575,-9.64680683238
216,10.8159538165,8.18680662994,-2.6291471866
104,10.7708155297,5.11250116862,-5.65831436105
278,10.7028488889,5.3812082881,-5.32164060082
136,10.7013700301,5.73912039139,-4.96224963869
154,10.5812048602,9.90534022906,-0.675864631099
517,10.5662577612,5.82747146571,-4.73878629553
89,10.5637679743,7.50874772435,-3.05502024991
407,10.4590507346,5.18506430277,-5.2739864318
155,10.3783103946,6.90016714416,-3.47814325049
234,10.0943540749,4.36955544831,-5.72479862663
180,10.0830660869,4.87318550005,-5.20988058688
512,10.0332654794,7.27182739549,-2.76143808389
510,10.0164940278,6.97824622569,-3.03824780206
474,9.9296992455,8.00233150132,-1.92736774417
285,9.89343649752,7.30511041893,-2.58832607859
3,9.63607868137,6.76675000369,-2.86932867767
503,9.56149745586,4.19926949956,-5.36222795629
318,9.50741505356,4.00605872481,-5.50135632875
212,9.45582664692,3.32308724367,-6.13273940325
386,9.16051754503,5.3268742239,-3.83364332113
220,9.14812795895,4.83714610669,-4.31098185226
68,9.12845422407,5.48820184455,-3.64025237952
223,9.09597363632,4.85089061591,-4.24508302041
277,9.08688570787,6.07812578406,-3.00875992381
460,8.93507722358,2.08575078844,-6.84932643514
294,8.87968287863,3.00609482473,-5.87358805391
138,8.81552100052,6.30189460067,-2.51362639986
303,8.76314684062,4.902084414,-3.86106242662
99,8.70759059986,5.42518422098,-3.28240637888
456,8.67665435124,4.83353286435,-3.8431214869
314,8.60051600891,4.20832676293,-4.39218924598
518,8.56790944204,6.50953158163,-2.05837786041
255,8.55355369951,3.69203902591,-4.8615146736
468,8.47658183277,5.23899944085,-3.23758239192
299,8.46829339071,4.25819474312,-4.21009864759
11,8.45671634679,5.7962130982,-2.66050324859
86,8.39109644618,7.56498759689,-0.826108849289
289,8.38832420945,4.49234826337,-3.89597594607
499,8.35645110917,4.1210404209,-4.23541068827
182,8.33195131471,4.8223899283,-3.50956138641
153,8.30311408136,5.59377032657,-2.70934375479
269,8.2721263407,2.32235633288,-5.94977000782
60,8.24155931527,5.35091603536,-2.89064327991
75,8.22260220001,1.81980429515,-6.40279790486
188,8.22046792359,6.74143490767,-1.47903301591
184,7.97780240765,3.91255706751,-4.06524534014
137,7.84310209047,4.40110664985,-3.44199544061
209,7.82524641095,5.07051076466,-2.75473564629
235,7.78904099377,2.67658662724,-5.11245436654
205,7.78126974516,5.7050075713,-2.07626217386
497,7.77688636509,0.710957306676,-7.06592905841
390,7.70093311655,5.60133297038,-2.09960014617
186,7.65247826605,7.65247826605,0.0
115,7.58878889951,6.50635534043,-1.08243355908
381,7.58536981332,4.88011610551,-2.70525370781
326,7.44005092802,2.88229432344,-4.55775660458
486,7.40868609614,2.1628399495,-5.24584614664
171,7.38832593117,3.90117270777,-3.4871532234
504,7.2031418687,3.44630528344,-3.75683658526
201,7.18689590658,4.60145128021,-2.58544462638
490,7.18600676749,5.29007054985,-1.89593621764
415,7.17198405596,4.5905222571,-2.58146179887
214,7.16384906348,1.93409822712,-5.22975083636
227,7.14590849292,4.8559093855,-2.28999910742
229,7.14536716396,4.36060368721,-2.78476347675
145,7.1063205746,4.03671725299,-3.06960332161
62,7.09145383443,1.35754701987,-5.73390681455
408,7.06986334838,4.59727673331,-2.47258661507
305,7.03795134015,1.50814250323,-5.52980883692
177,6.97967938245,3.38459172043,-3.59508766202
404,6.97258549876,2.26173368219,-4.71085181657
274,6.96824234322,5.65196867867,-1.31627366455
158,6.93016046644,5.61816084354,-1.31199962289
272,6.86113493379,3.58538476894,-3.27575016486
157,6.81160639649,3.47379339524,-3.33781300125
4,6.73967250066,4.15358522821,-2.58608727246
288,6.73951188282,4.9235731253,-1.81593875751
126,6.72275465787,3.31915667719,-3.40359798068
91,6.70102086088,4.2233460835,-2.47767477738
146,6.6983379743,4.97538038895,-1.72295758535
276,6.66755582868,4.35848796067,-2.30906786801
37,6.66247785642,2.6164353087,-4.04604254772
179,6.57583045498,1.66469956179,-4.91113089319
231,6.46111093414,2.11139301194,-4.3497179222
173,6.45367376497,5.66869749537,-0.784976269601
211,6.40552687934,3.53520588367,-2.87032099567
507,6.35006397561,4.95946197375,-1.39060200186
515,6.34506008306,3.81672281019,-2.52833727287
135,6.29049294061,3.25529160158,-3.03520133903
123,6.25178470058,3.80902038953,-2.44276431105
240,6.23607130179,5.01904078824,-1.21703051355
406,6.14503591129,2.24794893437,-3.89708697692
12,6.13454425618,4.67805674856,-1.45648750763
514,6.10862187714,2.90891024431,-3.19971163283
562,6.10117236899,3.86060429741,-2.24056807158
170,6.097936724,3.98841564062,-2.10952108339
222,6.08182698359,4.24731338886,-1.83451359473
206,6.0010011801,3.58974466006,-2.41125652004
53,6.00088566427,4.52713814618,-1.47374751809
290,5.99722986812,2.2359673431,-3.76126252501
257,5.9878386941,5.45465129064,-0.533187403456
92,5.97345868581,4.99053841889,-0.98292026692
369,5.96452673408,4.4255049623,-1.53902177178
389,5.93768091647,4.08966981803,-1.84801109844
467,5.82704340211,3.37189500298,-2.45514839912
513,5.81215322014,4.29952732093,-1.51262589921
382,5.7905088287,2.77107826008,-3.01943056863
236,5.77849588977,3.53512259539,-2.24337329438
101,5.71800048983,4.4697912388,-1.24820925103
506,5.66823682838,4.22713286998,-1.44110395841
370,5.61570875048,4.50879203036,-1.10691672011
482,5.6013435191,2.56469053952,-3.03665297958
237,5.55507205739,3.94670790367,-1.60836415372
7,5.55128336463,4.08998051536,-1.46130284926
71,5.54836545581,3.53620832392,-2.01215713189
133,5.48504818651,3.18083276773,-2.30421541878
315,5.47321047824,4.93243550011,-0.540774978139
150,5.4480399674,4.02282766128,-1.42521230612
248,5.43982019131,4.32491942576,-1.11490076555
553,5.41240248071,0.773647764896,-4.63875471582
493,5.40573507754,3.47607067292,-1.92966440462
414,5.30565338099,2.70961311738,-2.59604026361
102,5.29687863997,4.25029992949,-1.04657871048
502,5.24504972247,3.22230323055,-2.02274649192
6,5.21627875053,0.951814841361,-4.26446390917
476,5.21393115824,1.57822864073,-3.63570251751
88,5.20254520183,3.43483211862,-1.76771308322
501,5.18687671572,3.27120780336,-1.91566891236
83,5.18169668212,2.68503441676,-2.49666226536
524,5.12680824947,2.51585007346,-2.61095817602
124,5.11939568091,2.45298309497,-2.66641258594
283,5.10406235568,3.04402246759,-2.0600398881
416,5.10367979923,1.57548151965,-3.52819827958
337,5.09624839437,1.41097479877,-3.6852735956
470,5.08280781039,1.89939292278,-3.18341488762
287,5.07916664967,3.0631800702,-2.01598657947
218,5.06905843577,1.86318415851,-3.20587427725
358,5.06531876662,3.67584788954,-1.38947087707
523,5.03236876375,1.9485239138,-3.08384484995
543,4.98195672364,2.836048604,-2.14590811964
373,4.97974631671,3.19054978416,-1.78919653256
14,4.96724814743,4.29648933471,-0.670758812714
197,4.9415407141,2.43525891984,-2.50628179426
5,4.93996789655,1.47428884875,-3.4656790478
65,4.93922082591,1.77876681201,-3.1604540139
554,4.85148214571,2.264045519,-2.58743662671
540,4.82785263076,4.1483451687,-0.679507462059
119,4.76117763359,3.54099139781,-1.22018623577
221,4.71366753335,2.80796205055,-1.9057054828
368,4.66077760082,0.790808056847,-3.86996954397
367,4.63731115399,1.19697089713,-3.44034025686
139,4.62500500634,2.05098146741,-2.57402353892
213,4.61597435775,3.87452668678,-0.741447670974
403,4.58559533,2.32687505965,-2.25872027035
103,4.58357320225,2.57140617671,-2.01216702554
52,4.58353320818,2.42788711527,-2.15564609291
519,4.57434394013,2.60609321335,-1.96825072679
410,4.54940629594,2.71028053707,-1.83912575887
522,4.53698238093,3.94868371955,-0.588298661375
169,4.51356825686,3.09998657941,-1.41358167744
405,4.51023271822,1.97302271531,-2.53721000291
230,4.48650660268,1.63632342097,-2.85018318171
187,4.40991709387,2.41278299081,-1.99713410305
268,4.38815025579,1.43024081818,-2.95790943761
19,4.38013085008,2.83586338833,-1.54426746176
397,4.37724705526,1.72301169948,-2.65423535578
156,4.3293475029,2.9706833148,-1.3586641881
347,4.30485521786,2.00882597889,-2.29602923897
471,4.30214344046,3.72370294662,-0.578440493836
185,4.29874986707,2.36664654858,-1.9321033185
312,4.29269852551,3.0899260007,-1.2027725248
202,4.26084739841,1.50315855468,-2.75768884373
10,4.25424605486,2.77687917009,-1.47736688477
402,4.16714076627,3.03664934614,-1.13049142012
428,4.1515160461,2.26952062942,-1.88199541668
159,4.14317368997,3.00441236457,-1.13876132539
74,4.13358587451,2.31198319413,-1.82160268039
339,4.09373066863,2.02818706396,-2.06554360468
556,4.05598078178,1.60555095353,-2.45042982824
127,4.04033905679,3.69806911779,-0.342269938995
57,4.03501285156,2.93470604119,-1.10030681037
409,4.0259681427,2.33480699246,-1.69116115024
47,4.0239614267,2.54728378824,-1.47667763846
224,4.01663892755,3.77501803671,-0.241620890833
249,3.99972153409,3.16098777971,-0.838733754382
286,3.94551085767,1.11793752022,-2.82757333745
558,3.9346234506,1.59345197365,-2.34117147695
70,3.93104418611,1.9805588416,-1.95048534451
551,3.89486133501,1.76219392098,-2.13266741404
279,3.85914032742,2.84279119294,-1.01634913448
239,3.84410408975,2.47206322649,-1.37204086325
226,3.83688156777,3.20476576197,-0.632115805808
13,3.82749359155,2.85063366403,-0.976859927525
401,3.81781771721,0.964824143421,-2.85299357379
200,3.81724437895,0.764388645807,-3.05285573314
313,3.81628400062,2.98862588199,-0.827658118636
508,3.80936722254,2.15972000459,-1.64964721795
172,3.79389439954,1.09550526355,-2.698389136
253,3.76757146291,2.04715113619,-1.72042032672
555,3.76142380398,1.57757108444,-2.18385271954
521,3.74089773408,1.41221897537,-2.32867875872
388,3.729719067,2.73430557239,-0.995413494612
25,3.71318657597,2.6775037629,-1.03568281308
225,3.69743331905,1.30351332502,-2.39391999403
324,3.65635087544,1.07653227988,-2.57981859556
535,3.64220012535,2.23054621631,-1.41165390905
316,3.62909338591,2.38455977184,-1.24453361406
129,3.60867908485,0.677062875645,-2.93161620921
520,3.57335767847,1.49752465635,-2.07583302212
114,3.55423998553,0.503709408246,-3.05053057729
411,3.54048948339,1.88368434324,-1.65680514015
321,3.49948630055,1.86971025766,-1.62977604289
494,3.49910248218,2.50819575905,-0.990906723125
400,3.47364564623,1.77183272094,-1.70181292529
168,3.46437144013,1.57419101712,-1.890180423
219,3.43461219283,2.33872718233,-1.09588501051
128,3.43108043561,1.55488825208,-1.87619218353
429,3.41454073015,2.42760210912,-0.986938621025
9,3.40491560213,2.302331019,-1.10258458313
509,3.39237999441,0.0,-3.39237999441
238,3.38178096971,2.9039964979,-0.47778447181
526,3.38093170837,1.18178852099,-2.19914318738
375,3.34881362477,1.86375609994,-1.48505752483
100,3.34600933593,2.20199219189,-1.14401714404
465,3.33432779938,1.78776683799,-1.54656096138
51,3.33160355851,2.75979749049,-0.571806068023
376,3.32489652466,1.80378488456,-1.5211116401
250,3.31071292622,1.89715899333,-1.41355393289
143,3.30794728447,2.6724763834,-0.635470901079
16,3.26785284039,2.73325871287,-0.534594127524
116,3.24785690126,2.41633004467,-0.831526856587
292,3.24533896284,2.02875315105,-1.21658581179
254,3.24308686356,2.80104081226,-0.442046051297
434,3.23114267647,2.42373532553,-0.807407350938
148,3.21255194158,1.39783106725,-1.81472087433
453,3.20691347602,1.02809475687,-2.17881871915
228,3.18994015078,2.35026635158,-0.839673799204
459,3.14911442975,1.92783493085,-1.2212794989
40,3.11486416329,1.23906600788,-1.8757981554
233,3.10501693712,1.28804651523,-1.81697042189
32,3.07270878597,1.55915657149,-1.51355221449
385,3.0690576741,0.748220337597,-2.3208373365
246,3.02274344258,2.82606837061,-0.196675071976
463,2.99647278514,1.89637827155,-1.10009451358
108,2.95910558328,1.41855212846,-1.54055345483
61,2.95232236423,0.384969873874,-2.56735249036
141,2.94891444758,2.59763525632,-0.351279191251
344,2.94461919715,2.03504373472,-0.909575462432
50,2.93605500188,1.45231359169,-1.48374141019
372,2.92068735489,1.93248381915,-0.988203535744
353,2.90081672404,2.64115736349,-0.259659360549
302,2.90049629623,2.60900081994,-0.291495476289
334,2.89049045138,1.46114344263,-1.42934700876
527,2.86777047262,1.58849172327,-1.27927874935
438,2.86737657328,2.86737657328,0.0
121,2.85369896604,2.71067756452,-0.143021401518
306,2.84995662492,1.71181002084,-1.13814660407
478,2.84640378608,1.38815670496,-1.45824708112
561,2.84246626941,1.59057122604,-1.25189504337
541,2.82030170848,1.69812113645,-1.12218057203
447,2.81562663301,2.1499151966,-0.665711436408
487,2.80981264624,1.98400361389,-0.825809032356
256,2.80884477213,2.16922467162,-0.63962010051
64,2.80032002634,1.73512868287,-1.06519134347
361,2.78345409785,1.83861207396,-0.944842023893
532,2.78237381201,0.68468657576,-2.09768723625
24,2.78077668723,1.11715367525,-1.66362301198
511,2.7679234159,1.59589507001,-1.17202834589
424,2.74942011993,2.55360957504,-0.195810544891
301,2.74594282083,2.20955077058,-0.536392050256
448,2.73971986164,1.19399945623,-1.54572040541
41,2.73930909754,1.36391864556,-1.37539045198
244,2.73772282748,2.09197919038,-0.645743637095
422,2.73508094144,0.589625426755,-2.14545551468
308,2.73281990974,1.92604722268,-0.806772687058
343,2.72757657892,2.46147632022,-0.266100258702
489,2.72464880032,0.0155089160631,-2.70913988426
55,2.71878288941,1.2525915484,-1.46619134101
298,2.71568416589,1.44910818052,-1.26657598538
327,2.71439273771,2.26997875089,-0.444413986812
539,2.69063571685,2.44484643798,-0.245789278873
484,2.66301493549,1.2783666684,-1.38464826709
442,2.64317587267,2.34141188374,-0.301763988927
31,2.63099447142,1.56077715702,-1.0702173144
48,2.61712299274,2.34020508209,-0.276917910644
204,2.61494760466,1.56589468298,-1.04905292168
488,2.54920865584,2.54920865584,0.0
466,2.51735851945,1.23192464134,-1.28543387811
378,2.50442290778,1.79321765964,-0.711205248139
398,2.49373357408,1.65243625157,-0.84129732251
38,2.46416534994,1.15427714466,-1.30988820528
36,2.45745621612,0.476753029541,-1.98070318657
391,2.45715821103,2.01938407816,-0.437774132863
98,2.44533321504,0.765407766147,-1.67992544889
439,2.44069156713,1.68152982713,-0.759161739998
45,2.43890057833,2.29479579457,-0.144104783756
8,2.43328924065,1.92966122638,-0.503628014269
393,2.4261046909,0.629510950614,-1.79659374029
350,2.4203365256,1.03451687499,-1.38581965061
252,2.41487565209,2.15893815502,-0.255937497072
481,2.40994282211,1.5011665468,-0.908776275308
325,2.40264710418,1.83647121438,-0.566175889799
144,2.38652574603,1.32470233497,-1.06182341106
167,2.37947458935,2.23056655051,-0.148908038836
81,2.37218527614,0.857058622947,-1.51512665319
106,2.36808871505,1.28067519138,-1.08741352367
426,2.35354499052,1.69627140892,-0.657273581602
432,2.34581376541,1.60910836729,-0.736705398121
425,2.31289790592,2.05526142079,-0.257636485128
441,2.30521445217,1.33531748371,-0.969896968456
345,2.30147265611,2.19840820716,-0.103064448955
259,2.30133994381,1.04622464002,-1.25511530379
525,2.29977025573,1.21307471711,-1.08669553863
165,2.29011539444,1.06079864017,-1.22931675428
56,2.28881454088,1.49251513925,-0.796299401627
323,2.28218618816,0.866600675286,-1.41558551287
120,2.27982750796,1.56069938067,-0.719128127293
395,2.27266163166,0.758809182214,-1.51385244944
477,2.27151049971,0.97800134652,-1.29350915319
332,2.26283320182,0.381913121126,-1.8809200807
112,2.25874608121,1.11270652035,-1.14603956086
307,2.24709046946,1.35903828788,-0.888052181579
125,2.22872783154,1.58743300756,-0.641294823978
203,2.22113724399,1.36414089638,-0.856996347606
142,2.19321955728,1.95351363746,-0.239705919826
196,2.19225753448,1.69281582445,-0.499441710034
496,2.18175400116,2.18175400116,0.0
29,2.15654519816,2.15654519816,0.0
418,2.15498640946,1.7078881556,-0.44709825386
349,2.13235279183,0.998809421764,-1.13354337006
531,2.13178284757,1.63534201436,-0.496440833217
529,2.11869841652,1.12474960113,-0.993948815392
454,2.10934632518,1.38044025649,-0.728906068692
464,2.10277608963,0.779414659946,-1.32336142969
542,2.10026783092,0.475092985978,-1.62517484495
528,2.09493792203,0.759626688677,-1.33531123335
160,2.09427729625,1.23337193323,-0.860905363025
304,2.09063024084,1.43688052028,-0.653749720561
338,2.08492341055,0.95403049432,-1.13089291623
261,2.07764504356,1.29943971559,-0.778205327977
485,2.07408117208,1.53695868342,-0.537122488664
107,2.06953966303,0.788745004109,-1.28079465892
335,2.06452349508,1.28629368816,-0.77822980692
85,2.05667766668,1.54327498641,-0.513402680272
27,2.05377273822,1.07637446349,-0.977398274734
533,2.04725363205,0.939313621608,-1.10794001045
421,2.04249996763,0.762808517429,-1.2796914502
183,2.04057979402,1.7687802386,-0.271799555421
131,2.02881134383,1.7463699421,-0.282441401727
46,2.02821717408,1.69073409417,-0.337483079909
457,1.99896004818,1.71269159735,-0.286268450829
399,1.99632249094,1.48973827798,-0.506584212965
191,1.99038972939,0.0070602220947,-1.98332950729
431,1.98828916592,0.360106912118,-1.6281822538
396,1.97883865846,0.41647452192,-1.56236413654
320,1.97864582911,1.03188191558,-0.946763913522
346,1.96685623667,1.95966807806,-0.00718815860644
49,1.96683509513,1.39420545134,-0.572629643785
198,1.92743958884,0.844128926503,-1.08331066234
149,1.92438054563,1.3896022731,-0.534778272536
452,1.92092076892,1.6039138308,-0.317006938116
423,1.89055852896,0.973069968668,-0.917488560287
377,1.86194791072,0.58828734317,-1.27366056755
264,1.85994031154,1.09902254821,-0.760917763337
550,1.85593353688,1.26885551693,-0.587078019944
190,1.85108979979,1.54189730681,-0.30919249298
440,1.84793048655,0.921701142649,-0.926229343905
63,1.84168390748,0.0,-1.84168390748
559,1.84115620248,0.404930511804,-1.43622569068
379,1.8148191604,0.338543246236,-1.47627591416
140,1.81406634106,1.54888869207,-0.265177648999
545,1.80896426294,1.1919290383,-0.617035224636
322,1.76770754846,1.08051606665,-0.687191481811
134,1.75821616332,1.09519550829,-0.663020655026
311,1.75217285225,1.58482847258,-0.167344379672
293,1.74418073887,1.59195862085,-0.152222118018
380,1.74210922111,0.611026733617,-1.13108248749
22,1.73945388696,1.40339078462,-0.336063102337
247,1.73760607106,1.4696651361,-0.267940934958
207,1.73131488998,1.35530886706,-0.376006022921
505,1.72826984968,1.17562017233,-0.55264967735
82,1.72717053395,0.732244265745,-0.994926268201
265,1.72649853695,1.01982349031,-0.706675046639
462,1.71879100976,0.942883567928,-0.775907441829
498,1.71820777194,1.35590887415,-0.362298897784
565,1.71478554258,0.456542549403,-1.25824299318
492,1.71182028046,0.777318512188,-0.934501768272
443,1.70746302557,1.1494885493,-0.557974476262
163,1.70328407518,1.04569041013,-0.657593665053
546,1.67665193313,1.35834642467,-0.318305508458
383,1.66581446882,1.13393719067,-0.531877278156
433,1.66439560383,0.552152747921,-1.11224285591
563,1.66271563158,1.66271563158,0.0
548,1.65520521028,0.595287236921,-1.05991797336
77,1.65476182585,1.22518466769,-0.429577158159
538,1.65253705549,0.751606717454,-0.900930338034
174,1.65029125496,1.37149683673,-0.278794418231
273,1.63652343115,1.03990489203,-0.596618539122
270,1.62816459127,1.62816459127,0.0
500,1.62723077064,1.27079753917,-0.356433231472
281,1.61754997608,0.553496809422,-1.06405316666
87,1.60912116572,0.651675551222,-0.957445614497
35,1.59811847758,0.729946263769,-0.868172213815
437,1.59521194497,1.16790425657,-0.427307688398
54,1.5936149886,0.731957770593,-0.861657218006
21,1.5820482512,1.18253788777,-0.399510363435
97,1.57650982986,1.1268222788,-0.449687551062
73,1.57347127659,0.917334378039,-0.65613689855
384,1.56680308132,0.656635630357,-0.910167450959
300,1.56449581017,1.56449581017,0.0
260,1.56293869222,1.56293869222,0.0
340,1.56007240528,1.30938822816,-0.250684177121
333,1.55849542298,0.746978081192,-0.811517341791
79,1.55659749824,1.05617275757,-0.500424740661
516,1.55579605494,1.11469714186,-0.441098913085
413,1.55275198122,0.707362858296,-0.84538912292
42,1.55166425238,1.02756797825,-0.524096274132
132,1.54895785017,0.0,-1.54895785017
93,1.54746854734,0.704938570497,-0.842529976845
360,1.54506721582,0.486777558004,-1.05828965782
427,1.52202087956,1.22938102409,-0.292639855463
549,1.52047535017,1.03373367073,-0.486741679442
495,1.50872091012,0.767921598313,-0.740799311804
475,1.50375347751,1.28977893551,-0.213974541998
483,1.50340348886,0.137398089908,-1.36600539895
271,1.49516695075,1.17957547471,-0.315591476033
445,1.49276777213,1.23094040789,-0.26182736424
544,1.48793406293,0.943944036272,-0.543990026658
199,1.48067332054,1.34422237432,-0.136450946221
469,1.47899959064,0.776812906002,-0.702186684641
262,1.46319393476,1.16957638496,-0.293617549797
458,1.4607337992,0.476007513809,-0.98472628539
181,1.45453643709,0.670384165526,-0.784152271569
118,1.45234340144,0.722362542997,-0.72998085844
193,1.45214122382,0.851375003525,-0.600766220298
151,1.44815104398,1.16011597605,-0.28803506793
59,1.44397886009,1.30461786775,-0.139360992345
80,1.44022019404,1.44022019404,0.0
96,1.4374998757,1.29438096064,-0.143118915066
374,1.43619839084,1.03874866384,-0.397449727004
356,1.4308278615,0.532897391126,-0.897930470374
331,1.41920372639,0.783076489858,-0.636127236531
194,1.41802432538,1.28179345191,-0.136230873467
1,1.40252081094,0.609748647022,-0.792772163917
371,1.40147148179,0.340330017472,-1.06114146432
564,1.39835106764,1.39835106764,0.0
122,1.39606407668,1.13241335477,-0.263650721913
449,1.37987717418,0.93227725941,-0.447599914766
34,1.37417906821,0.101845741764,-1.27233332645
348,1.35970754386,0.53587172209,-0.823835821774
461,1.35852672256,0.51593153139,-0.842595191165
560,1.35458905361,0.079376355819,-1.27521269779
275,1.34844265644,0.658800657154,-0.689641999282
164,1.32990792326,0.623740117854,-0.706167805402
243,1.3267897204,0.745571560518,-0.581218159883
109,1.32475049155,0.298559698749,-1.0261907928
161,1.31954154781,0.262958404644,-1.05658314317
392,1.31714865381,0.66245232169,-0.654696332123
284,1.31651524407,0.319518399102,-0.996996844966
189,1.31263523976,0.560413887195,-0.752221352564
450,1.29179742825,0.827188525233,-0.464608903019
479,1.29167680595,0.421718478136,-0.869958327816
472,1.28884243845,0.784772150209,-0.50407028824
20,1.28879502591,0.414446197309,-0.874348828599
39,1.28844670145,0.527912162453,-0.760534538995
352,1.27930341471,0.282176296278,-0.997127118432
351,1.27905974884,0.649953296213,-0.629106452624
309,1.27509699506,0.890289389847,-0.38480760521
94,1.26373289165,0.42445002343,-0.83928286822
28,1.25704381659,0.0,-1.25704381659
473,1.24593936509,0.516679980664,-0.729259384423
480,1.24212715763,1.00892203013,-0.2332051275
72,1.23823730133,1.07147197245,-0.166765328884
354,1.23784377106,0.137382345774,-1.10046142529
66,1.2076843721,0.378476839758,-0.829207532347
355,1.19810913439,1.05315400668,-0.144955127708
266,1.19735263408,1.19735263408,0.0
263,1.19104069545,0.515959677038,-0.675081018414
67,1.18809841315,0.349286121248,-0.838812291903
58,1.18578438157,0.910938967682,-0.274845413893
419,1.18564971348,1.18564971348,0.0
43,1.16707421893,0.478960186877,-0.688114032053
341,1.16511470976,0.528481477548,-0.636633232207
359,1.15339189593,0.471629556279,-0.681762339655
430,1.1500363279,0.119591844402,-1.0304444835
23,1.146800495,0.520930721372,-0.62586977363
280,1.1394227234,0.00216094922656,-1.13726177417
17,1.12995641082,1.07264102409,-0.0573153867298
267,1.12758139241,0.821068778449,-0.306512613959
557,1.11983907267,0.763766739894,-0.35607233278
420,1.1187959047,0.425856704906,-0.692939199796
258,1.11842578982,0.570895873526,-0.547529916292
282,1.11758127822,0.605074524233,-0.512506753987
435,1.11539517281,1.11539517281,0.0
217,1.09697115606,0.137399053668,-0.959572102389
95,1.09094222016,0.625467266985,-0.465474953178
195,1.08849553588,0.360614245677,-0.727881290202
84,1.07796645056,0.602706094346,-0.475260356209
192,1.06522256782,0.858383485904,-0.206839081915
329,1.0581048031,0.386540749382,-0.671564053723
117,1.05780350173,0.10506036809,-0.95274313364
365,1.05617138101,0.511711336374,-0.544460044632
162,1.05054872776,0.119699550872,-0.930849176889
534,1.04049243951,0.768948384099,-0.271544055413
26,1.03383866482,0.435823744878,-0.598014919938
366,1.02492349862,0.522669330063,-0.502254168557
336,1.02249685549,0.757713723544,-0.264783131943
342,1.01746708682,0.630779266756,-0.386687820068
328,1.01442086945,0.0,-1.01442086945
552,0.992158335098,0.0245834169715,-0.967574918127
18,0.989181161366,0.725812801773,-0.263368359593
76,0.987319974706,0.475869120211,-0.511450854496
536,0.986483647725,0.137357600886,-0.849126046839
394,0.983604269379,0.292828777062,-0.690775492317
297,0.98274928782,0.598986607468,-0.383762680352
208,0.981663295191,0.547462028504,-0.434201266688
455,0.968467399022,0.561285328516,-0.407182070506
30,0.96512613051,0.689819830793,-0.275306299718
530,0.961993631871,0.837127024138,-0.124866607733
147,0.961113560934,0.469388754612,-0.491724806323
417,0.961061201526,0.30262611819,-0.658435083336
436,0.94350990472,0.603945512957,-0.339564391763
44,0.846733414709,0.638902295991,-0.207831118718
310,0.841610841547,0.689707673631,-0.151903167915
330,0.837973818248,0.588865290659,-0.249108527589
387,0.837314848057,0.837314848057,0.0
110,0.831935217177,0.382786012843,-0.449149204334
69,0.831859175312,0.429405475958,-0.402453699354
291,0.831359321042,0.50996544588,-0.321393875162
130,0.828492667623,0.555172786726,-0.273319880897
242,0.821841799359,0.396571120324,-0.425270679035
357,0.821082203937,0.463896825436,-0.357185378501
295,0.817843445734,0.0877482926361,-0.730095153098
241,0.794863052679,0.306225381597,-0.488637671082
491,0.791159318241,0.791159318241,0.0
105,0.766086227812,0.0,-0.766086227812
15,0.748152336974,0.400517611172,-0.347634725802
362,0.742108179389,0.418896727195,-0.323211452195
446,0.726385333796,0.300650970809,-0.425734362986
215,0.725873714745,0.46456394927,-0.261309765474
319,0.722148154764,0.587564115851,-0.134584038913
547,0.712494418861,0.272165568629,-0.440328850231
364,0.709998406447,0.583535302896,-0.126463103551
78,0.690879466444,0.279875173408,-0.411004293036
245,0.689270116144,0.59033998789,-0.0989301282541
296,0.672166881252,0.235591348241,-0.436575533011
317,0.619469886252,0.61199118607,-0.0074787001825
33,0.597475945246,0.550289116888,-0.0471868283581
451,0.57242071272,0.57242071272,0.0
152,0.563419168598,0.561112310026,-0.00230685857137
166,0.504809023085,0.304516663193,-0.200292359892
444,0.387622018617,0.387622018617,0.0
363,0.33776349129,0.0,-0.33776349129
537,0.313749681986,0.0,-0.313749681986
566,0.0,0.0,0.0
