site,abs_diffsel,positive_diffsel,negative_diffsel
220,6.86296481378,6.25136970996,-0.611595103826
184,6.62316969518,4.38075316154,-2.24241653364
210,6.3880215231,4.48015495608,-1.90786656702
89,6.28522748242,5.32918754011,-0.956039942303
278,6.2316741048,4.68685938802,-1.54481471678
155,6.06639855162,3.95851273799,-2.10788581363
99,5.95796947769,2.99234179561,-2.96562768208
146,5.60126876048,3.38285563402,-2.21841312646
90,5.53037197803,4.82643495779,-0.703937020242
285,5.44332451573,3.70464219911,-1.73868231661
237,5.40269111116,2.39264083194,-3.01005027922
523,5.3841413573,1.913885614,-3.4702557433
386,5.37556818074,3.99581108301,-1.37975709773
170,5.35995264298,4.02540334792,-1.33454929506
232,5.32694786807,4.63083075221,-0.696117115856
370,5.22158607763,2.01341367393,-3.2081724037
2,5.21226136668,2.29296487473,-2.91929649195
104,5.19761596118,3.65538977397,-1.54222618722
283,5.19643761232,5.07798692038,-0.118450691942
510,5.13859993858,3.6457860839,-1.49281385468
499,5.05571996957,1.5140365984,-3.54168337117
176,4.99459090242,2.83226210059,-2.16232880182
113,4.8973433263,2.63624879809,-2.26109452821
175,4.86980072718,4.2173916009,-0.652409126287
306,4.67302969428,3.48641228854,-1.18661740574
337,4.59118107501,1.15184378477,-3.43933729024
236,4.56011150443,2.29010946306,-2.27000204136
223,4.54891150482,3.63241848862,-0.916493016204
136,4.49395635568,1.29266240057,-3.20129395511
517,4.45960650363,2.71649364467,-1.74311285896
138,4.43890538066,2.47888722136,-1.9600181593
299,4.34213076087,2.15148507054,-2.19064569032
154,4.32863819254,2.5814946342,-1.74714355834
251,4.31499866946,2.21973636027,-2.09526230919
412,4.31478247922,2.16179700152,-2.1529854777
277,4.2889492694,3.76821958978,-0.520729679614
289,4.26229973039,2.57833499365,-1.68396473675
493,4.18573946316,0.932101417412,-3.25363804575
381,4.16876444888,2.36042595137,-1.80833849752
303,4.1624741176,2.19710625796,-1.96536785964
5,4.15701133637,1.82957387936,-2.32743745701
274,4.14837978819,3.70079440718,-0.447585381009
100,4.12917053052,1.70084199538,-2.42832853514
91,4.12772169219,1.64210660013,-2.48561509205
248,4.11662442261,1.01722513245,-3.09939929016
294,4.07807946885,1.92195077072,-2.15612869813
255,4.06434597441,1.48852017965,-2.57582579476
497,4.05277308455,1.72091413656,-2.33185894798
382,4.05007968371,2.22883190599,-1.82124777772
86,4.0345546087,2.8237217363,-1.21083287241
415,4.02925677597,2.67162468038,-1.35763209559
173,4.02479184003,2.20239586235,-1.82239597768
286,4.00214304459,2.17863915395,-1.82350389065
68,4.00131326594,3.22763553202,-0.773677733924
157,3.97544018287,1.76741321953,-2.20802696333
408,3.96209479575,1.76475544448,-2.19733935127
172,3.93908218998,1.15667237993,-2.78240981005
209,3.93415382104,1.97395484313,-1.9601989779
221,3.88325510821,2.97208841464,-0.91116669357
4,3.87705262249,3.1843391754,-0.692713447094
229,3.87150925294,2.63023079509,-1.24127845785
111,3.85284886886,2.23833039928,-1.61451846958
556,3.83045047693,1.99279026257,-1.83766021436
226,3.81722871997,1.39722689665,-2.42000182333
490,3.81406021585,1.37136642044,-2.44269379541
318,3.77386545276,1.42147764896,-2.3523878038
476,3.77021725564,1.58275619437,-2.18746106128
512,3.67323187934,0.906499318471,-2.76673256087
230,3.65311073816,2.62421044569,-1.02890029248
182,3.6359487948,2.50956488299,-1.12638391182
12,3.63231203376,2.74740821588,-0.884903817872
390,3.60875043534,1.6773635185,-1.93138691683
228,3.58961289171,2.76158393879,-0.828028952921
460,3.52384571742,1.33068410146,-2.19316161595
212,3.52359633667,2.82181781436,-0.701778522313
180,3.51837004873,2.86503981482,-0.653330233913
141,3.51765188472,2.64675535367,-0.870896531049
389,3.5166576091,1.56630522695,-1.95035238215
205,3.51484927803,1.20372825705,-2.31112102098
524,3.50133671647,0.293833726455,-3.20750299001
314,3.5008061925,1.88211866159,-1.6186875309
257,3.49704527681,2.72079737841,-0.776247898399
216,3.4833302874,2.00152920455,-1.48180108285
19,3.48037505222,3.3213633077,-0.159011744521
115,3.47611417968,1.52159025866,-1.95452392102
405,3.3814372249,2.47429821103,-0.907139013871
150,3.37787073069,2.17553819517,-1.20233253552
60,3.37497507315,2.69512790779,-0.679847165364
513,3.35996616503,2.39939712169,-0.960569043337
550,3.35078162234,3.27620552838,-0.0745760939591
539,3.3471585624,2.94151795369,-0.405640608714
504,3.33685460196,1.61844358507,-1.71841101689
126,3.33140910838,1.98786804839,-1.34354106
401,3.32281849551,2.06966166939,-1.25315682611
53,3.28892500987,2.01017603133,-1.27874897854
553,3.2730319053,0.26275820153,-3.01027370377
169,3.26129883543,1.62950190067,-1.63179693476
501,3.25986294039,0.872888505415,-2.38697443498
555,3.25971355526,1.86359346557,-1.3961200897
123,3.25779693409,1.67811571585,-1.57968121823
522,3.25596650267,0.679067372928,-2.57689912974
201,3.18719187364,1.04417526155,-2.14301661208
253,3.18414657549,1.78238701019,-1.40175956529
65,3.18269820638,1.3682985576,-1.81439964877
290,3.18114256393,1.14165510354,-2.03948746039
507,3.17948354583,1.48973974708,-1.68974379875
515,3.16316754041,0.445043228002,-2.71812431241
224,3.14503929953,1.39832720206,-1.74671209747
265,3.12346592029,2.59922005593,-0.524245864356
240,3.11975254999,1.72449457157,-1.39525797842
326,3.10866071111,1.66502620919,-1.44363450192
231,3.08559907752,1.42360912173,-1.66198995579
83,3.08343279474,1.86341757109,-1.22001522365
211,3.07060091897,1.88250162972,-1.18809928925
64,3.06596025945,1.76470739794,-1.30125286151
506,3.04746124749,1.64681518601,-1.40064606148
305,3.04321145694,1.17928040278,-1.86393105416
528,3.01959962962,1.32120063426,-1.69839899536
159,3.01833272893,1.39288977959,-1.62544294934
171,2.98956451118,1.54812634044,-1.44143817074
554,2.97514656754,1.80775493119,-1.16739163635
71,2.95848468453,1.80544681417,-1.15303787036
218,2.95635145841,1.98373646596,-0.972614992448
206,2.9507914627,2.09542738302,-0.85536407968
202,2.91388690043,0.568545171547,-2.34534172888
178,2.89147679521,1.73061916952,-1.16085762568
518,2.87598172503,0.399737064127,-2.4762446609
474,2.87109944091,0.398731283877,-2.47236815704
358,2.84575979203,1.21146642144,-1.63429337059
321,2.83158606229,1.38980919406,-1.44177686823
153,2.82477879051,1.75410920062,-1.07066958989
482,2.82347487371,1.17047005864,-1.65300481507
227,2.80295567424,0.697844244844,-2.1051114294
88,2.79734216139,0.583307186236,-2.21403497516
244,2.79320716544,1.25162276686,-1.54158439857
252,2.77592652433,1.8962264301,-0.879700094231
508,2.7739267292,0.689113467054,-2.08481326214
312,2.76788451506,0.760416206409,-2.00746830865
369,2.76752913593,1.57008868155,-1.19744045439
470,2.76693680663,2.15038015553,-0.616556651102
219,2.76451712628,0.99984346849,-1.76467365779
514,2.74591666697,2.28114344461,-0.46477322236
145,2.73511408097,1.56021976639,-1.17489431458
468,2.72797467262,2.2981547877,-0.429819884926
403,2.72694399344,1.86754505571,-0.859398937731
404,2.72242488762,0.98809371108,-1.73433117654
75,2.7183763916,1.28283283276,-1.43554355884
540,2.70833417698,1.20674056116,-1.50159361582
313,2.7071549036,1.98443147992,-0.722723423675
101,2.69723058917,1.14201350116,-1.55521708801
37,2.68912682062,1.66995021616,-1.01917660446
25,2.6740496477,1.6856656727,-0.988383975001
47,2.67030122133,2.28474543675,-0.38555578458
502,2.66957444665,1.71675246127,-0.952821985378
10,2.66300577214,1.92904641056,-0.733959361584
347,2.64063680328,1.82499985405,-0.815636949238
3,2.63030878157,0.797958864443,-1.83234991712
272,2.628989942,0.846588516276,-1.78240142572
335,2.62642897312,1.46528853543,-1.16114043769
410,2.59597302391,1.65933138026,-0.936641643658
127,2.58794944548,1.04952880343,-1.53842064206
288,2.57976364802,1.78773932144,-0.792024326578
418,2.56975541632,2.05574886816,-0.514006548162
61,2.5689309212,1.20100928911,-1.36792163209
542,2.56237661224,1.17920925501,-1.38316735723
268,2.56031421354,0.547197082911,-2.01311713063
7,2.54807695489,0.852890048118,-1.69518690677
276,2.53801052229,2.39602405546,-0.14198646683
124,2.52488729843,1.03809172595,-1.48679557249
135,2.50095356708,1.37283502655,-1.12811854053
399,2.48825060387,2.10193187749,-0.386318726381
11,2.47808341567,1.41826659728,-1.05981681839
339,2.47801192382,1.46934370734,-1.00866821648
137,2.46302450376,0.782346290809,-1.68067821295
70,2.46187730191,1.67797352143,-0.783903780476
114,2.44683544147,2.42523526905,-0.0216001724256
116,2.44280419729,0.539338556914,-1.90346564038
103,2.44155592356,1.6597870335,-0.781768890059
392,2.43669716657,0.941350004019,-1.49534716255
156,2.42945743856,1.02519334729,-1.40426409127
62,2.41344806605,0.542652974991,-1.87079509106
492,2.40274117958,1.48577462463,-0.916966554951
494,2.40252123429,1.06553757432,-1.33698365997
538,2.40150670587,0.228191678055,-2.17331502782
185,2.39530018,2.22882634681,-0.166473833194
456,2.38790216645,1.10574173835,-1.2821604281
520,2.38169085764,2.17330633085,-0.20838452679
15,2.37995079468,0.362283063706,-2.01766773098
119,2.3758981211,0.270548401687,-2.10534971941
344,2.37277535904,2.27229510827,-0.100480250771
188,2.34856543456,1.44903747188,-0.899527962684
376,2.34197495847,0.494205242537,-1.84776971593
238,2.32371136127,0.991920778565,-1.3317905827
561,2.31728272372,0.554751456365,-1.76253126736
325,2.31628770122,0.211625233259,-2.10466246796
234,2.31270670468,1.11677417241,-1.19593253227
249,2.3088781861,1.11947540708,-1.18940277902
92,2.2943457635,1.0678908315,-1.226454932
48,2.27398038479,1.18418555376,-1.08979483103
74,2.26077100416,1.19270096839,-1.06807003578
6,2.25655658625,0.708287588904,-1.54826899735
199,2.23886826707,2.02787342549,-0.210994841583
368,2.23438657695,1.62770651174,-0.606680065206
428,2.22728293335,0.695477747499,-1.53180518585
235,2.21936973324,2.03822979977,-0.181139933468
24,2.2177549362,1.98792660485,-0.229828331357
354,2.2055406729,1.33534194985,-0.870198723042
488,2.20027164104,1.11323400274,-1.0870376383
297,2.19555181442,1.28723554567,-0.90831626875
59,2.19256283935,1.4916633978,-0.70089944155
256,2.19059452816,1.87002485273,-0.32056967543
73,2.19040370498,1.20681019868,-0.983593506295
142,2.18832853771,1.720740095,-0.467588442711
213,2.18440162784,1.66495512542,-0.519446502421
292,2.17196970383,0.976395938423,-1.19557376541
264,2.16501929718,1.47580070364,-0.689218593544
293,2.15235360605,1.39501190256,-0.757341703489
315,2.15161721137,2.15161721137,0.0
125,2.13672213837,1.16943543892,-0.967286699444
486,2.13485575993,1.52485927448,-0.609996485456
560,2.13452934798,0.720724333189,-1.41380501479
458,2.12972019991,0.923033892879,-1.20668630703
287,2.12634517777,1.45050777717,-0.675837400603
179,2.12285310222,0.939175246456,-1.18367785576
128,2.12127954438,1.63856107541,-0.482718468963
133,2.12078216286,1.10952803563,-1.01125412723
411,2.12069460867,1.48749125083,-0.633203357839
367,2.11778516075,1.28000300453,-0.837782156216
106,2.10089018699,1.62535648508,-0.475533701912
454,2.09716366631,0.206922884127,-1.89024078219
322,2.08108493931,1.74710870233,-0.333976236979
158,2.06857367767,1.02938583009,-1.03918784757
85,2.06758998795,0.762379080804,-1.30521090715
56,2.05802452787,1.13890620399,-0.919118323886
266,2.05751499179,0.872659558724,-1.18485543306
509,2.05711627319,0.843516718243,-1.21359955494
38,2.05535426017,0.860682157995,-1.19467210217
427,2.04245486898,0.806076390574,-1.23637847841
472,2.03577235926,1.07340495052,-0.962367408733
143,2.03520070315,1.33486923499,-0.700331468162
16,2.01735399447,0.940542641119,-1.07681135335
375,2.01610558985,0.629898016229,-1.38620757362
160,2.0143509433,0.9706780928,-1.0436728505
360,2.01393694352,1.69756382999,-0.316373113528
330,2.01236831651,0.64504027802,-1.36732803849
535,2.01081088687,0.441221599872,-1.569589287
332,2.00854350864,1.25791381314,-0.750629695496
187,1.99791570036,1.0761335298,-0.921782170563
503,1.99790274937,1.03073123252,-0.967171516851
40,1.97956292881,1.22513333204,-0.754429596769
541,1.95891246681,0.362521557646,-1.59639090916
51,1.95543010569,1.21891437061,-0.736515735089
396,1.95429149711,1.02093031713,-0.933361179986
362,1.94771080394,1.1381279842,-0.809582819733
279,1.94673908513,1.05531059338,-0.89142849175
259,1.9371826512,1.14305726849,-0.794125382716
32,1.93632864773,1.23725055015,-0.699078097579
50,1.93586563025,0.666534326916,-1.26933130334
342,1.92268334753,1.07820685654,-0.844476490994
291,1.91349592673,1.91349592673,0.0
346,1.91075104142,0.413016598709,-1.49773444271
445,1.90797552037,0.386683617321,-1.52129190305
94,1.9041389966,1.65311135737,-0.251027639233
13,1.90367495346,0.877038741813,-1.02663621165
183,1.90013925867,1.3427837221,-0.557355536563
181,1.89554548724,0.852895378557,-1.04265010869
280,1.89534901992,1.65568197749,-0.239667042438
45,1.89306182418,1.50297583714,-0.39008598704
197,1.8906056779,1.50605376581,-0.384551912088
340,1.88118730403,0.512208609789,-1.36897869425
466,1.87690303538,1.45209231825,-0.424810717134
200,1.87348378689,1.86924276877,-0.00424101811697
246,1.87064099983,0.312357075685,-1.55828392415
543,1.86687083381,0.476799105721,-1.39007172809
78,1.86351686448,1.34242404919,-0.521092815289
302,1.85495291281,1.48581556034,-0.369137352468
52,1.83144861342,0.632191497966,-1.19925711546
194,1.82943149627,1.57692799276,-0.252503503511
525,1.82532974934,1.06964413521,-0.755685614129
477,1.81250281732,1.01488837426,-0.797614443067
254,1.81080460494,1.13429037822,-0.676514226716
327,1.80875065561,0.59867865271,-1.2100720029
532,1.79740000124,0.770076793637,-1.0273232076
258,1.79590017699,0.866819919176,-0.929080257811
95,1.79211945534,0.976886581344,-0.815232873995
174,1.78947951131,0.444874194989,-1.34460531633
165,1.78451555896,1.05188401887,-0.732631540096
261,1.78357208141,1.70477594562,-0.0787961357919
66,1.7834571932,1.61387721983,-0.169579973373
564,1.77903834687,1.21450869199,-0.564529654883
551,1.76940863781,1.62767769017,-0.141730947641
54,1.76766931245,0.2531826271,-1.51448668535
414,1.75886472165,0.290059532134,-1.46880518952
243,1.75009190992,1.62469984009,-0.125392069825
400,1.74507093247,0.145825937049,-1.59924499542
186,1.73877543943,0.888502736821,-0.850272702613
429,1.73771885007,1.00687005762,-0.730848792447
487,1.7348327338,1.5874552316,-0.147377502208
41,1.73358830769,1.69861072185,-0.0349775858438
97,1.73299193373,0.379212608011,-1.35377932572
383,1.73121466435,0.792814578909,-0.938400085437
409,1.73029162267,0.949771552984,-0.780520069683
20,1.72949918994,0.847737865181,-0.881761324755
301,1.72602604955,0.6789113989,-1.04711465065
196,1.7196017335,0.262930815461,-1.45667091804
163,1.71608459463,1.71608459463,0.0
31,1.70787990875,0.836556578458,-0.871323330297
345,1.70420333632,1.12542654191,-0.578776794413
23,1.69795068616,0.0,-1.69795068616
475,1.68941485432,0.8661309282,-0.823283926118
391,1.68785520502,0.757857440707,-0.929997764311
192,1.68580098026,1.20927851401,-0.476522466244
295,1.67268863694,0.964458603254,-0.708230033682
438,1.66828374403,0.668836425337,-0.999447318698
533,1.66747097335,0.607969159111,-1.05950181424
148,1.66390752356,1.45573280368,-0.208174719878
511,1.65606469793,0.874324874075,-0.78173982386
225,1.65466037071,0.443451016124,-1.21120935458
457,1.6525814977,0.859386322461,-0.793195175243
207,1.65208361363,0.93168329727,-0.720400316361
120,1.64671858761,0.643271026701,-1.00344756091
27,1.64453115966,1.06174797168,-0.582783187978
422,1.62446362994,0.985146056509,-0.639317573436
425,1.61625388962,0.978245180649,-0.638008708972
471,1.60621277952,1.23980861052,-0.366404168991
282,1.60499674419,0.343658639777,-1.26133810441
526,1.60411516601,0.870907947169,-0.733207218842
18,1.6014658085,1.34045403024,-0.261011778256
455,1.5938913993,0.0128569105548,-1.58103448875
402,1.59094129841,1.11883250929,-0.472108789124
491,1.58972004553,0.593289420987,-0.99643062454
96,1.58591366999,1.26656854137,-0.319345128622
349,1.58330634653,0.818746385673,-0.764559960859
361,1.56621201501,0.554876348999,-1.01133566601
316,1.55762703499,0.602656022127,-0.954971012868
562,1.55547840224,0.68651446991,-0.868963932334
191,1.55397795853,1.30904408516,-0.244933873361
107,1.55107105665,1.0915924901,-0.459478566547
208,1.54940963935,1.41079901107,-0.138610628286
239,1.54260408462,0.480793088392,-1.06181099622
55,1.53233810693,0.262931603335,-1.26940650359
549,1.527711953,0.35394293113,-1.17376902187
449,1.52623279698,1.08691726317,-0.439315533805
168,1.52352755126,0.895656390444,-0.62787116082
434,1.52190858782,0.177070966629,-1.34483762119
144,1.51843993511,0.496729596799,-1.02171033832
147,1.51828780453,1.05205221992,-0.466235584612
269,1.51264809556,1.03597809676,-0.476669998802
371,1.5121874987,1.0343195087,-0.477867990002
558,1.50777355721,0.807017524287,-0.700756032926
87,1.50357522546,1.15043435355,-0.35314087191
536,1.50130271141,0.85242349745,-0.648879213964
397,1.48885326252,1.11637487983,-0.372478382697
134,1.48842807037,0.668235784949,-0.820192285423
385,1.48559853115,0.65686772782,-0.828730803332
424,1.48391955852,1.38165302155,-0.102266536972
343,1.48126809993,1.32049918392,-0.160768916006
446,1.47769017259,1.12032615155,-0.357364021036
467,1.4680881978,0.876004194344,-0.592084003452
296,1.45924849736,1.02012730939,-0.439121187973
131,1.4581452494,0.914904867076,-0.543240382321
547,1.45111005755,0.893538393462,-0.557571664084
407,1.4398591712,0.756752691701,-0.683106479504
463,1.43705036231,0.736714618342,-0.700335743971
374,1.43482395112,1.07828728599,-0.35653666513
388,1.43297911716,1.02773615608,-0.405242961079
394,1.42848735415,0.384576651588,-1.04391070256
416,1.41877885566,0.595682006546,-0.823096849111
190,1.41261509146,0.609949085597,-0.802666005864
464,1.41259740245,1.26481355827,-0.147783844186
214,1.41205576289,0.712337001089,-0.699718761803
333,1.40721979699,0.937702467566,-0.469517329425
328,1.40685221611,0.23455184647,-1.17230036964
336,1.40301002747,1.03744078716,-0.36556924031
79,1.40291220446,1.03119993481,-0.371712269647
129,1.40067895826,0.685590868143,-0.715088090119
102,1.39496099268,0.929163179991,-0.465797812691
378,1.3947399838,0.75008640523,-0.644653578574
39,1.39119439523,0.968489276842,-0.42270511839
534,1.3896278793,0.114667357519,-1.27496052178
473,1.38430013699,1.14244763531,-0.241852501685
36,1.37714001544,0.765525195858,-0.611614819581
72,1.37662483738,0.720453205386,-0.656171631991
384,1.37320761521,0.866786229187,-0.506421386023
117,1.36867414869,1.33064551428,-0.0380286344071
307,1.36763944527,0.745188980416,-0.622450464855
82,1.36029086184,0.337415865249,-1.02287499659
177,1.35779201319,1.14730251998,-0.210489493214
44,1.35707018026,1.06548918945,-0.291580990816
46,1.35398102374,0.370910098803,-0.983070924933
152,1.35391444457,0.733312574112,-0.620601870459
496,1.34981670219,0.68489500109,-0.6649217011
203,1.3488514493,0.326594831686,-1.02225661762
478,1.34653340895,0.504913203591,-0.84162020536
17,1.34341065339,0.880828114998,-0.462582538393
439,1.34138471966,0.645638787925,-0.695745931734
242,1.33815982665,0.304660813414,-1.03349901324
310,1.33431991292,0.991776991786,-0.342542921136
450,1.32968161899,0.342558062378,-0.987123556615
565,1.32407271425,0.615374348637,-0.708698365618
355,1.31771765689,0.0200873662434,-1.29763029065
58,1.31638371856,1.15039066827,-0.165993050291
334,1.31070019615,0.331310197497,-0.979389998656
461,1.31051359139,0.82347421614,-0.487039375253
9,1.30328759518,1.20420303197,-0.0990845632097
521,1.29782969869,0.36565694549,-0.932172753203
215,1.29379906352,0.681313644987,-0.612485418531
529,1.29139617742,0.779208749251,-0.512187428172
373,1.28903151208,0.712702665266,-0.576328846814
421,1.28715991856,1.28715991856,0.0
341,1.27966847517,1.27966847517,0.0
130,1.27206246008,0.448524540758,-0.823537919322
441,1.2593075509,0.81261562411,-0.446691926786
519,1.25897063431,0.586709698424,-0.672260935882
505,1.25531155498,0.715709692955,-0.539601862022
366,1.25527625065,0.942170291744,-0.313105958907
350,1.23916021083,0.551402613943,-0.687757596891
544,1.22999021088,0.495817625223,-0.734172585652
139,1.22519313586,0.409244736494,-0.81594839937
452,1.21955909259,0.855936774649,-0.363622317937
481,1.21855116574,0.674211457636,-0.544339708106
444,1.21214046094,0.274847961332,-0.937292499605
323,1.21209126543,0.783728907194,-0.428362358237
118,1.20898679356,0.836672649092,-0.37231414447
420,1.20242954463,0.18088344555,-1.02154609908
233,1.19904620304,0.0171325325157,-1.18191367053
530,1.19839965624,0.797358350398,-0.401041305845
84,1.19634410744,0.797768793398,-0.398575314039
395,1.19632252915,0.36477596929,-0.83154655986
563,1.19497622129,1.15504570106,-0.0399305202273
459,1.19385246549,0.237160574635,-0.956691890851
112,1.18976663017,0.566470588071,-0.6232960421
413,1.18710292467,0.961905095814,-0.225197828853
447,1.18284089522,1.10355545111,-0.0792854441083
81,1.18165286378,0.576156481145,-0.605496382638
14,1.1798881457,0.915595661815,-0.264292483883
33,1.17569982586,0.103117856029,-1.07258196983
273,1.16219120345,1.08098454263,-0.0812066608219
443,1.15732422201,0.274852072572,-0.882472149433
195,1.1512540464,0.0,-1.1512540464
167,1.15085415815,0.818291487732,-0.332562670414
406,1.14983428362,0.7125100278,-0.437324255817
498,1.14721232542,0.24496856016,-0.902243765264
480,1.14432986317,0.530461827214,-0.613868035951
479,1.14073727748,0.310488212302,-0.830249065175
348,1.13692778455,0.622894645732,-0.514033138814
281,1.13434111551,0.882255330372,-0.252085785141
151,1.13356654387,0.349389110847,-0.784177433025
26,1.12807815675,0.574021026012,-0.554057130737
22,1.12165563676,0.346985302144,-0.774670334612
311,1.11163669798,0.780236065778,-0.3314006322
320,1.10262339883,0.645891287449,-0.456732111377
140,1.09974886548,0.635834677183,-0.463914188299
377,1.09108774584,0.744642368086,-0.34644537775
29,1.0859746243,1.0859746243,0.0
372,1.08356747288,0.53650236353,-0.547065109349
359,1.07459330386,0.464626629758,-0.609966674098
263,1.0699583021,1.06079619907,-0.00916210302467
324,1.05686648657,0.868183394747,-0.188683091823
436,1.04945812096,0.580588862197,-0.468869258764
28,1.04778755289,0.294365108006,-0.753422444883
108,1.04276032977,0.887877663737,-0.154882666029
453,1.03470061059,0.355318241611,-0.67938236898
440,1.03297752777,0.286947451482,-0.746030076285
161,1.02877746596,0.629503607329,-0.399273858636
353,1.02559501975,0.500884726242,-0.52471029351
204,1.02538406013,1.02241069234,-0.00297336778938
34,1.01595003817,0.472364775053,-0.543585263118
217,1.00976456139,0.635029673853,-0.374734887535
432,1.00046342272,0.650026645941,-0.350436776782
435,0.997426331498,0.074142265578,-0.92328406592
247,0.995985667295,0.788125872892,-0.207859794403
77,0.993614260292,0.629344908499,-0.364269351794
329,0.993451291547,0.226196498056,-0.767254793491
270,0.991956654956,0.851732482459,-0.140224172497
271,0.985349388342,0.378488583109,-0.606860805233
484,0.983123457363,0.545225542704,-0.437897914659
189,0.982387306377,0.725941555096,-0.256445751281
193,0.976347748542,0.48908560647,-0.487262142072
98,0.971742087431,0.700377082729,-0.271365004702
393,0.963063792342,0.0523547260438,-0.910709066298
451,0.960306354956,0.192800413392,-0.767505941564
417,0.955394218029,0.564585179871,-0.390809038158
433,0.95496332759,0.637079997084,-0.317883330505
423,0.954226721176,0.128851234558,-0.825375486619
527,0.953510660075,0.55865297739,-0.394857682685
469,0.952645976176,0.766940077443,-0.185705898733
109,0.946755997872,0.200435496118,-0.746320501753
241,0.942624957743,0.857879970365,-0.0847449873781
1,0.940494499464,0.911566115727,-0.0289283837373
42,0.923440231002,0.611455573796,-0.311984657206
222,0.913535686725,0.1374486902,-0.776086996525
69,0.89961582106,0.835120325358,-0.064495495702
545,0.890834787718,0.291014600386,-0.599820187332
352,0.884674216989,0.53821226767,-0.346461949319
426,0.883052687623,0.57793811409,-0.305114573532
298,0.882569493556,0.853118516802,-0.0294509767541
448,0.874447202948,0.874447202948,0.0
531,0.872310296751,0.516446810095,-0.355863486656
483,0.869533267209,0.57303721819,-0.296496049019
21,0.868742591271,0.868742591271,0.0
122,0.865661737004,0.0764123099126,-0.789249427091
80,0.863808550875,0.115811859292,-0.747996691583
8,0.859939743206,0.641134952067,-0.218804791139
516,0.856962857426,0.762867626828,-0.0940952305972
552,0.856522512866,0.00304382583728,-0.853478687029
398,0.832662042181,0.186820963392,-0.645841078788
260,0.82350676319,0.481457536137,-0.342049227053
93,0.82267441626,0.688448133421,-0.134226282839
365,0.808766562893,0.211382770966,-0.597383791927
284,0.808587944213,0.306062793312,-0.502525150901
304,0.806190241777,0.108300909688,-0.697889332089
57,0.795635513769,0.759360494237,-0.0362750195321
63,0.788781920091,0.735077360823,-0.0537045592678
309,0.784833495967,0.123286021775,-0.661547474192
559,0.784758180005,0.585102599526,-0.199655580479
537,0.783661312543,0.44119805777,-0.342463254773
275,0.759423202016,0.506331131135,-0.253092070881
110,0.754291067694,0.611762489318,-0.142528578376
319,0.748378490303,0.199109688547,-0.549268801757
351,0.740331674523,0.740331674523,0.0
379,0.737072953399,0.0517381503662,-0.685334803033
380,0.733618123145,0.00185143425104,-0.731766688894
546,0.732735634291,0.405874705108,-0.326860929183
245,0.730247526266,0.603663842562,-0.126583683704
198,0.72956914758,0.546704921386,-0.182864226194
495,0.729281603605,0.0,-0.729281603605
489,0.706028287731,0.522760576216,-0.183267711516
49,0.703053789749,0.327663912866,-0.375389876884
67,0.702140303625,0.0,-0.702140303625
308,0.698898308109,0.534503926116,-0.164394381993
162,0.694414005222,0.459947475061,-0.23446653016
500,0.683561581617,0.683561581617,0.0
442,0.675321058499,0.242863356817,-0.432457701682
331,0.671847780024,0.274306549969,-0.397541230055
357,0.66510917953,0.150017945255,-0.515091234275
300,0.660068089623,0.463291409518,-0.196776680105
149,0.653158074215,0.40535354582,-0.247804528395
105,0.637573473558,0.307220240191,-0.330353233368
76,0.635511765496,0.44434763719,-0.191164128306
548,0.632488525297,0.233805248363,-0.398683276934
121,0.623122604625,0.120323267032,-0.502799337593
485,0.616167534977,0.249680787321,-0.366486747656
132,0.612835313337,0.463010630971,-0.149824682366
557,0.597379030107,0.573290281027,-0.0240887490797
462,0.580133055756,0.378623699539,-0.201509356218
419,0.577630402855,0.153091429373,-0.424538973481
30,0.554038980136,0.118166987527,-0.435871992609
250,0.550587706508,0.546697705966,-0.00389000054217
465,0.54425853736,0.278588654921,-0.265669882439
262,0.536020895749,0.0910978153806,-0.444923080369
387,0.531672226983,0.193168113868,-0.338504113115
430,0.530465017043,0.345117207218,-0.185347809825
166,0.525117914787,0.0493468314839,-0.475771083303
364,0.515592144969,0.26537372507,-0.250218419899
431,0.515550184786,0.341930421153,-0.173619763632
437,0.490216696642,0.189188374459,-0.301028322183
317,0.425188912898,0.0,-0.425188912898
356,0.412901414929,0.061675139453,-0.351226275476
164,0.408559800799,0.113535558485,-0.295024242314
338,0.406224470802,0.176713942148,-0.229510528655
35,0.405708676619,0.360808835676,-0.0448998409432
43,0.356494800165,0.219365686874,-0.137129113291
267,0.324659995787,0.137495340409,-0.187164655377
363,0.265810108592,0.183874255325,-0.0819358532677
566,0.0,0.0,0.0
