  0 I  0.27424  0.13617  0.44151  0.24504 
  0 V  0.36207  0.21593  0.59763  0.27264 
  1 N  0.46393  0.50473  0.56733  0.31974 
  1 P  1.14943  1.52285  1.29975  0.62570 
  1 S -0.36877 -0.27504 -0.38687 -0.44439 
  2 Y  0.32554  0.53404  0.34259  0.09998 
  3 A  0.55254  0.18522  1.09926  0.37313 
  3 G  0.00021  0.00022  0.00018  0.00023 
  3 P -0.08567 -0.08557 -0.01270 -0.15873 
  3 S  0.37607  0.58801  0.27610  0.26410 
  5 M -0.69620 -0.71467 -1.09766 -0.27627 
  6 W  0.33854  0.42937  0.48600  0.10024 
  7 R  0.27718  0.20741  0.10607  0.51806 
  9 G  0.00019  0.00014  0.00034  0.00008 
  9 T -0.32960 -0.13019 -0.83648 -0.02212 
 10 S  0.39147  0.50447  0.16855  0.50138 
 10 T -0.29903 -0.78677 -0.07053 -0.03978 
 10 V  0.16162  0.08965  0.36863  0.02659 
 11 C  0.31583  0.01307  0.67112  0.26330 
 12 A -0.12681 -0.13070 -0.02944 -0.22029 
 13 S  0.05489  0.03059  0.09363  0.04044 
 13 T -0.47155 -0.13610 -1.01425 -0.26429 
 13 V  0.30792  0.53783  0.37374  0.01220 
 16 E -0.22375 -0.22294 -0.27251 -0.17580 
 17 G -0.09493 -0.05994 -0.13988 -0.08498 
 17 N  0.58550  0.53755  0.72754  0.49142 
 17 V  0.04588  0.13754  0.00003  0.00006 
 18 A  0.28282  0.59725  0.23610  0.01512 
 18 S  0.47866  0.64983  0.53566  0.25048 
 20 Y  0.16174  0.15453  0.04206  0.28864 
 21 V -0.47681 -0.36151 -0.79185 -0.27708 
 22 C -0.44301 -0.21926 -0.54266 -0.56712 
 22 D -0.16941 -0.07114 -0.17696 -0.26014 
 22 V -0.22170 -0.35983 -0.12869 -0.17657 
 24 L  0.44770  0.59860  0.37860  0.36590 
 24 N -0.17306 -0.22656 -0.00943 -0.28319 
 24 R  0.17896  0.25121  0.25397  0.03170 
 26 S  0.22177  0.27324  0.04765  0.34443 
 27 K -0.17238 -0.08483 -0.01618 -0.41613 
 28 G  0.27780  0.45470  0.37859  0.00010 
 28 T  0.22363  0.22484  0.12039  0.32566 
 29 N  0.19298  0.36258  0.17067  0.04569 
 33 N -0.34184 -0.31208 -0.56559 -0.14786 
 35 V -0.44663 -0.43364 -0.80795 -0.09831 
 36 Y  0.21290  0.05702  0.11934  0.46235 
 37 D  0.20669  0.12274  0.37409  0.12324 
 38 E  0.29463  0.02155  0.50422  0.35812 
 39 K  0.35045  0.20721  0.34885  0.49529 
 39 S  0.63263  0.75426  0.53285  0.61077 
 41 E -0.31263 -0.05759 -0.60957 -0.27074 
 42 L  0.11267  0.01263  0.10607  0.21932 
 43 A  0.07544  0.04703  0.01094  0.16836 
 43 I  0.29497  0.29618  0.44960  0.13913 
 43 K -0.35985 -0.51579 -0.27218 -0.29158 
 44 N  0.25149  0.35381  0.13756  0.26309 
 44 Y -0.09701 -0.20383 -0.00742 -0.07978 
 46 L  0.30158  0.00988  0.58513  0.30974 
 47 T  0.38764  0.10714  0.21355  0.84223 
 48 P -0.35840 -0.49536 -0.53839 -0.04144 
 50 K  0.37270  0.07504  0.56630  0.47677 
 50 T  0.17915  0.23537  0.00015  0.30194 
 51 S -0.32338 -0.65813 -0.11499 -0.19703 
 51 T  0.20684  0.24005  0.11757  0.26290 
 52 C -0.17725 -0.38404 -0.13117 -0.01653 
 55 S -0.29224 -0.35194 -0.23380 -0.29098 
 56 G  0.19760  0.37858  0.21415  0.00007 
 56 N  0.10527  0.12128  0.13764  0.05690 
 56 Y  0.13547  0.13121  0.13764  0.13757 
 57 I  0.17334  0.00480  0.16418  0.35103 
 58 G  0.43142  0.13061  0.48553  0.67811 
 58 R -0.17073 -0.06473 -0.42909 -0.01836 
 58 V  0.13360  0.13762  0.00011  0.26307 
 58 W  0.13759  0.13762  0.13761  0.13754 
 59 G  0.00017  0.00002  0.00010  0.00040 
 59 S  0.55410  0.41374  1.17433  0.07423 
 60 S  0.31564  0.52772  0.39632  0.02289 
 61 S -0.41646 -0.11283 -1.13641 -0.00013 
 62 R -0.13013 -0.06805 -0.26863 -0.05370 
 63 R  0.45282  0.11452  0.53697  0.70696 
 64 D -0.31796 -0.58373 -0.01370 -0.35646 
 64 R  0.26611  0.37853  0.26264  0.15716 
 64 Y  0.09152  0.00002  0.13711  0.13744 
 66 I -0.29323 -0.46347 -0.01292 -0.40331 
 67 G  0.01975  0.00017  0.05886  0.00022 
 67 I  0.28529  0.13767  0.11222  0.60599 
 67 K -0.24961 -0.11215 -0.35046 -0.28623 
 67 L  0.81208  0.92849  0.86016  0.64759 
 67 S -0.19063 -0.08403 -0.00040 -0.48745 
 69 H  0.39932  0.00013  0.67950  0.51834 
 69 L -0.18585 -0.13020 -0.00928 -0.41806 
 69 M  0.08776  0.00013  0.00011  0.26305 
 69 S  0.25977  0.13764  0.37862  0.26305 
 69 V  0.09711  0.02278  0.19357  0.07498 
 70 R  0.37449  0.52570  0.31384  0.28394 
 71 G  0.37399  0.01889  0.58500  0.51807 
 71 Y  0.36342  0.71467  0.17334  0.20225 
 72 T  0.24299  0.13263  0.26532  0.33102 
 74 P -0.31870 -0.75621 -0.13618 -0.06371 
 74 V -0.44917 -0.13141 -0.82972 -0.38638 
 79 R  0.19694  0.33801  0.13700  0.11581 
 80 T  0.18765  0.01859  0.26304  0.28131 
 82 T -0.22874 -0.00010 -0.11066 -0.57545 
 83 R  0.34786  0.13195  0.58499  0.32664 
 85 E  0.79063  1.02529  0.85577  0.49084 
 85 H  0.49652  0.55741  0.86900  0.06314 
 85 I  0.66524  0.71811  1.09500  0.18262 
 87 A  0.32888  0.67647  0.23583  0.07433 
 87 I  0.41318  0.47386  0.62246  0.14323 
 87 P -0.47229 -0.85210 -0.49871 -0.06607 
 87 V  0.17243  0.35528  0.05913  0.10287 
 88 E  0.39915  0.26348  0.65681  0.27715 
 88 M  0.57694  0.11455  0.63257  0.98370 
 88 N  0.22565  0.00311  0.14530  0.52853 
 88 S  0.82459  0.33393  1.07490  1.06493 
 89 D  0.91613  1.36283  0.58293  0.80262 
 89 H  0.34704  0.23605  0.26019  0.54489 
 89 L  0.23784  0.43453  0.18288  0.09611 
 89 P -0.68690 -0.70744 -1.09186 -0.26140 
 89 R  0.59704  0.51781  0.16108  1.11224 
 89 T  0.36920  0.30727  0.67839  0.12193 
 90 I -0.24457 -0.36998 -0.01624 -0.34748 
 91 A  0.24929  0.00750  0.40572  0.33465 
 91 T  0.50113  0.88804  0.53557  0.07979 
 93 A  0.39806  0.11743  0.58517  0.49157 
 95 S  0.39103  0.42458  0.48540  0.26311 
 98 E  0.39552  0.07936  0.63084  0.47636 
 98 I -0.27243 -0.44682 -0.12043 -0.25004 
 98 S -0.20805 -0.33556 -0.22965 -0.05894 
 98 V  0.32702  0.10192  0.76597  0.11318 
 99 L -0.18195 -0.27176 -0.21543 -0.05866 
 99 Q  0.33454  0.48749  0.01418  0.50196 
 99 S -0.77286 -0.50044 -1.03098 -0.78716 
100 L  0.39652  0.42363  0.76590  0.00003 
100 R  0.22533  0.38018  0.13787  0.15793 
100 T -0.18173 -0.10388 -0.05914 -0.38217 
101 P  0.26986  0.02910  0.45277  0.32771 
102 A  0.19834  0.03753  0.12206  0.43544 
102 I  0.10760  0.00034  0.12206  0.20039 
102 K  0.51974  0.14659  1.18807  0.22456 
102 Q  0.40051  0.99760  0.20387  0.00005 
103 E  0.49881  0.04351  1.45248  0.00044 
103 L  0.14684  0.18923  0.25085  0.00044 
103 Q -0.28949 -0.00002 -0.30859 -0.55987 
103 T  0.69447  1.18074  0.88312  0.01956 
103 Y  0.41364  0.08048  0.83499  0.32546 
105 L  0.51115  1.01723  0.37862  0.13760 
105 T  0.08910  0.19841  0.02861  0.04028 
106 Y  0.09288  0.09057  0.10567  0.08239 
107 D  0.08880  0.26298  0.00336  0.00005 
107 H -0.08248 -0.06021 -0.18003 -0.00721 
108 L -0.26710 -0.57826 -0.07870 -0.14433 
109 R -0.20405 -0.26739 -0.20222 -0.14253 
110 G  0.44011  0.28792  0.80114  0.23127 
110 N -0.54057 -0.86052 -0.58406 -0.17713 
110 T -0.07895 -0.18178 -0.00037 -0.05471 
111 H  0.21817  0.20893  0.29123  0.15435 
112 N  0.19780  0.07367  0.20444  0.31528 
112 T  0.68038  0.37708  1.05296  0.61109 
112 V -0.40071 -1.05617 -0.00753 -0.13842 
113 A -0.73241 -0.29903 -1.87660 -0.02160 
113 E  0.33005  0.56541  0.05280  0.37195 
113 Y  0.17983  0.14843  0.12140  0.26966 
114 H  0.27046  0.15073  0.62821  0.03244 
114 S  0.69340  0.70223  0.93690  0.44107 
115 A  0.37211  0.04929  0.63169  0.43534 
115 D -0.65281 -0.26329 -0.61209 -1.08304 
115 G  0.13479  0.18562  0.11474  0.10400 
116 G  0.27505  0.23585  0.29578  0.29351 
117 M -0.29087 -0.27890 -0.37102 -0.22268 
118 G  0.16806  0.25793  0.23856  0.00770 
119 K -0.27457 -0.36352 -0.07152 -0.38866 
120 R  0.14004  0.04933  0.25047  0.12032 
122 N  0.23723  0.29871  0.15837  0.25462 
125 A  0.31421  0.28001  0.00002  0.66261 
126 A  0.55571  0.14901  1.29926  0.21885 
126 G  0.42227  0.13754  0.86630  0.26298 
126 L  0.23534  0.20932  0.20387  0.29282 
129 G -0.37189 -0.25932 -0.45073 -0.40561 
129 K  0.55235  0.60100  0.60752  0.44852 
130 G  0.00004  0.00007  0.00004  0.00002 
130 S  0.23433  0.14855  0.00649  0.54796 
131 D  0.22237  0.58501  0.00631  0.07579 
132 M -0.45433 -0.34385 -0.22577 -0.79337 
132 T  0.47480  0.32911  0.88092  0.21438 
134 A  0.28187  0.76544  0.08010  0.00006 
134 N  0.69338  0.58877  1.09146  0.39991 
134 T -0.83135 -0.86071 -1.62176 -0.01158 
135 D -0.32263 -0.74408 -0.00221 -0.22161 
135 G  0.46022  0.13747  0.92379  0.31941 
135 T -0.33598 -0.29479 -0.17096 -0.54219 
135 Y -0.17824 -0.44471 -0.08277 -0.00723 
137 P  0.35053  0.58477  0.32921  0.13760 
137 V  0.38054  0.05195  0.13839  0.95128 
138 G -0.09769 -0.28056 -0.00080 -0.01171 
139 C  0.25769  0.12161  0.35147  0.29999 
141 T  0.25634  0.18030  0.00371  0.58502 
141 Y  0.21807  0.21793  0.13764  0.29863 
144 D  0.61775  0.80150  0.72472  0.32703 
144 G -0.44685 -0.60619 -0.54874 -0.18563 
144 I  0.29176  0.26297  0.48492  0.12739 
145 A -0.22145 -0.30642 -0.30492 -0.05300 
145 G  0.12806  0.12784  0.21444  0.04189 
145 H  0.80934  1.10170  0.68950  0.63683 
147 I -0.05433 -0.05016 -0.03538 -0.07745 
147 L  0.22257  0.34900  0.31822  0.00048 
147 T  0.59056  0.53464  0.98551  0.25152 
149 A  0.50954  0.44014  0.88077  0.20772 
149 F  0.65592  0.19445  0.64827  1.12504 
149 L -0.27998 -0.18038 -0.30148 -0.35808 
149 S  0.31396  0.07864  0.71580  0.14745 
149 T  0.23714  0.36322  0.00076  0.34744 
151 S  0.32366  0.13758  0.48548  0.34791 
152 A -0.43884 -0.63856 -0.43578 -0.24218 
152 G  0.58395  0.57302  0.72970  0.44913 
152 H -0.67156 -1.65738 -0.28339 -0.07391 
152 K  0.41843  0.44044  0.39719  0.41767 
152 V  0.36030  0.75397  0.29493  0.03201 
153 F  0.31995  0.13711  0.70721  0.11553 
153 G -0.03425 -0.00040 -0.10195 -0.00040 
154 I -0.27996 -0.17350 -0.01693 -0.64946 
154 S -0.22168 -0.11193 -0.51188 -0.04122 
155 D  0.17080  0.00032  0.01278  0.49930 
156 F  0.30568  0.07313  0.76667  0.07723 
156 I  0.46468  0.19851  1.11136  0.08418 
156 L -0.28528 -0.66767 -0.15847 -0.02969 
156 R -0.20445 -0.46862 -0.00726 -0.13748 
157 I  0.26479  0.13776  0.45511  0.20149 
158 I -0.25752 -0.51113 -0.11911 -0.14232 
158 R  0.39297  0.76074  0.28213  0.13605 
159 L  0.61521  1.22777  0.14263  0.47523 
159 S -0.38006 -0.02062 -0.37078 -0.74879 
162 H  0.31574  0.82990  0.00348  0.11385 
162 K  0.42276  0.68754  0.24449  0.33624 
162 S  0.32691  0.81370  0.01582  0.15122 
164 P  0.25040  0.44395  0.13814  0.16910 
166 I -0.13087 -0.08450 -0.25047 -0.05764 
166 P -0.22477 -0.06353 -0.48056 -0.13022 
168 M  0.46335  0.56352  0.26329  0.56323 
169 E  0.43748  0.39990  0.45630  0.45623 
169 H -0.25932 -0.03341 -0.22505 -0.51949 
170 E -0.38994 -0.79947 -0.04365 -0.32669 
170 Q -0.33440 -0.33775 -0.36884 -0.29660 
170 W  0.23274  0.45905  0.00967  0.22950 
172 A  0.06107  0.14854  0.02249  0.01219 
172 N  0.38402  0.59555  0.46198  0.09452 
172 P  0.22106  0.03752  0.07743  0.54824 
174 E  0.09074  0.10371  0.00317  0.16534 
174 G  0.87270  0.65766  1.58813  0.37232 
174 I  0.15171  0.21918  0.14067  0.09527 
174 L  0.78549  0.03774  1.67792  0.64081 
174 R  0.19431  0.18756  0.01830  0.37706 
174 T  0.30386  0.21268  0.66713  0.03176 
174 Y  0.65890  0.63842  0.86024  0.47805 
175 A -0.28705 -0.27570 -0.33481 -0.25064 
175 P  0.38193  0.21502  0.85583  0.07493 
175 Q  0.40528  0.04362  0.55923  0.61298 
175 T  0.51164  0.32134  0.73695  0.47664 
176 H  0.12452  0.37317  0.00010  0.00028 
176 M -0.32973 -0.61265 -0.18050 -0.19604 
176 T  0.27298  0.29881  0.40043  0.11970 
177 N -1.14869 -0.63890 -2.52197 -0.28519 
178 T  0.31413  0.32581  0.35126  0.26533 
179 E -0.59578 -0.20269 -1.56273 -0.02193 
179 P  0.60090  0.60806  0.62754  0.56710 
179 T  0.40440  0.36225  0.40731  0.44365 
180 H  0.06317  0.04609  0.01315  0.13026 
180 N -0.33411 -0.52944 -0.10656 -0.36634 
181 Q  0.17247  0.00283  0.33776  0.17681 
181 W  0.60539  0.50907  1.30698  0.00012 
182 K -0.28046 -0.17744 -0.10659 -0.55736 
183 A  0.25726  0.63469  0.13706  0.00003 
183 G  0.31364  0.00009  0.58452  0.35631 
183 I  0.18756  0.18109  0.00304  0.37854 
183 K  0.45070  0.49030  0.35343  0.50837 
183 L  0.69371  0.81852  0.67762  0.58499 
183 T -0.97108 -0.10058 -1.83904 -0.97362 
184 E  0.24146  0.17174  0.31437  0.23828 
184 L  0.07183  0.06888  0.00897  0.13764 
185 E -0.30564 -0.66522 -0.11827 -0.13342 
186 C -0.14493 -0.00014 -0.43460 -0.00004 
186 E -0.35068 -0.25655 -0.28398 -0.51152 
186 L  0.48399  0.05860  1.12905  0.26432 
186 R -0.64396 -0.37836 -1.17414 -0.37937 
187 T  0.08151  0.00006  0.24441  0.00005 
187 V  0.31521  0.41963  0.26292  0.26309 
188 A  0.38418  0.60902  0.22998  0.31353 
189 H  0.34758  0.18047  0.56544  0.29684 
190 E -0.16361 -0.13516 -0.11074 -0.24493 
191 I  0.50716  0.50465  0.65177  0.36505 
191 P -0.31147 -0.44892 -0.27479 -0.21071 
191 V  0.35118  0.60803  0.24294  0.20258 
192 G  0.17122  0.26334  0.13749  0.11284 
194 I -0.17412 -0.21653 -0.09881 -0.20703 
195 P -0.17268 -0.14292 -0.37364 -0.00148 
196 Q  0.48414  1.07032  0.00353  0.37856 
196 W  0.17202  0.13743  0.37860  0.00004 
196 Y -0.48864 -0.27767 -1.11492 -0.07332 
198 G  0.04591  0.13749  0.00010  0.00014 
199 N  0.37102  0.11327  0.61833  0.38145 
199 R -0.27156 -0.36958 -0.44085 -0.00424 
200 L  0.49315  0.34606  1.06275  0.07065 
200 R -0.38353 -0.69044 -0.05918 -0.40096 
200 T  0.43333  0.31241  0.74818  0.23940 
201 G -0.55091 -0.29164 -0.84383 -0.51727 
201 N -0.42931 -0.04636 -0.27679 -0.96478 
201 V  0.26337  0.19237  0.37815  0.21960 
202 K  0.17907  0.11559  0.15426  0.26737 
203 L -0.04747 -0.00528 -0.13563 -0.00149 
203 R  0.34528  0.58502  0.26299  0.18784 
204 N  0.04744  0.03411  0.10432  0.00389 
205 E  0.16931  0.00005  0.42699  0.08088 
205 I -0.21229 -0.38873 -0.18391 -0.06424 
205 T -0.47909 -0.41127 -1.01864 -0.00736 
206 F  0.50731  0.11606  0.47437  0.93150 
206 V -0.08251 -0.01002 -0.23612 -0.00138 
207 C  0.19994  0.09228  0.00616  0.50137 
208 G  0.41773  0.25481  0.26690  0.73148 
208 L  0.23625  0.24302  0.22339  0.24235 
208 N  0.25754  0.21327  0.34996  0.20939 
208 Q  0.21025  0.00075  0.37843  0.25157 
208 T -0.69704 -0.64847 -0.65849 -0.78415 
209 I  0.51529  0.40604  0.96080  0.17903 
209 P  0.67706  0.86547  0.61847  0.54723 
209 S  0.22488  0.03728  0.36981  0.26755 
209 T  0.54513  0.13707  1.17306  0.32526 
210 E -0.07411 -0.11035 -0.10105 -0.01094 
211 E  0.68495  0.76554  1.20158  0.08774 
211 G  0.30266  0.34793  0.26187  0.29819 
211 I  0.38249  0.34258  0.34775  0.45715 
211 Y -0.16671 -0.25453 -0.17226 -0.07333 
212 K  0.30737  0.00038  0.36991  0.55182 
212 S  0.44605  0.10103  0.99403  0.24308 
212 T  0.57929  0.05728  0.95454  0.72606 
212 V  0.39225  0.41599  0.74529  0.01546 
213 H  0.22364  0.06704  0.49950  0.10439 
213 I  0.12846  0.00011  0.26128  0.12398 
214 F -0.16812 -0.12386 -0.13565 -0.24486 
214 I -0.25900 -0.21339 -0.19603 -0.36758 
215 C  0.12324  0.26219  0.00460  0.10294 
217 V -0.30031 -0.07498 -0.71820 -0.10776 
218 A  0.26892  0.07391  0.62649  0.10637 
218 G -0.43677 -0.73702 -0.32864 -0.24464 
219 A  0.55954  0.60756  0.30470  0.76635 
219 K -0.55947 -0.14496 -1.10663 -0.42681 
219 Y  0.07926  0.23536  0.00162  0.00081 
220 G  0.19462  0.24624  0.22430  0.11332 
220 L  0.33143  0.40869  0.00580  0.57979 
220 T  0.13244  0.24740  0.01212  0.13780 
222 A  0.47736  0.54949  0.74264  0.13995 
222 D  0.46773  0.08736  1.08646  0.22937 
222 F  0.42461  0.11563  0.95246  0.20574 
222 G  0.52203  0.61379  0.11923  0.83308 
222 K -0.37534 -0.36427 -0.34175 -0.41999 
222 L  0.43938  0.21156  0.73456  0.37201 
222 Y  0.31780  0.21745  0.48284  0.25312 
223 K  0.68033  0.84339  0.74028  0.45732 
223 N  0.34697  0.13732  0.76611  0.13748 
223 Q  0.17174  0.28537  0.13432  0.09554 
225 V -0.51841 -0.23359 -0.57391 -0.74773 
225 Y -0.25594 -0.10715 -0.06773 -0.59294 
226 K  0.22001  0.37846  0.12748  0.15410 
226 N -0.36857 -0.73727 -0.36075 -0.00768 
227 A  0.46419  0.40258  0.59570  0.39428 
227 V  0.72985  0.97428  0.55723  0.65803 
228 H  0.41617  0.21098  0.58420  0.45332 
229 S -0.10418 -0.00030 -0.18515 -0.12709 
229 T  0.75738  0.93110  1.01270  0.32833 
230 C -0.54183 -0.76279 -0.68596 -0.17675 
230 F  0.31398  0.43759  0.38012  0.12424 
230 N -0.42606 -0.44408 -0.37209 -0.46200 
230 Q  0.21592  0.14365  0.33574  0.16836 
230 V  0.15852  0.21311  0.19940  0.06304 
231 F  0.59837  1.12628  0.62664  0.04219 
231 P  0.30481  0.18517  0.51193  0.21732 
231 Q  0.48007  0.48473  0.52182  0.43365 
231 R -0.28877 -0.05291 -0.52782 -0.28558 
231 S  0.47734  0.11569  0.64333  0.67300 
233 A -0.41223 -0.41433 -0.31829 -0.50407 
233 H  0.22654  0.08048  0.51916  0.07998 
233 L -0.52966 -0.74925 -0.83548 -0.00425 
233 R  0.21593  0.06255  0.34483  0.24041 
233 S -1.09667 -0.26471 -2.81054 -0.21477 
234 I  0.15821  0.11395  0.01143  0.34924 
234 Q  0.26208  0.31730  0.16639  0.30256 
235 H  0.46831  0.23535  0.78050  0.38907 
235 I  0.33445  0.56381  0.08330  0.35625 
235 K  0.21197  0.63281  0.00068  0.00243 
235 T  0.46747  0.47885  0.92252  0.00105 
236 A -0.35555 -0.28749 -0.28980 -0.48936 
236 G  0.32218  0.44372  0.50189  0.02092 
236 H -0.50031 -0.18994 -0.40010 -0.91089 
236 S  0.33249  0.06703  0.24987  0.68056 
237 N -0.17016 -0.03654 -0.16488 -0.30907 
239 A  0.12411  0.13729  0.04537  0.18966 
239 N  0.54846  0.18480  0.90130  0.55928 
239 P  0.21821  0.18892  0.40130  0.06440 
240 R  0.25748  0.32857  0.12564  0.31823 
242 I  0.64632  0.44067  0.84210  0.65618 
243 H  0.38656  0.13744  0.88362  0.13863 
243 K -0.27644 -0.61422 -0.14758 -0.06752 
243 S -0.39689 -0.53219 -0.28391 -0.37458 
244 G  0.00007  0.00004  0.00009  0.00009 
244 H  0.40505  0.58883  0.08019  0.54612 
245 H  0.55657  0.54762  0.82418  0.29792 
246 G  0.12050  0.23175  0.12975  0.00001 
247 V  0.12428  0.04813  0.18746  0.13724 
248 I  0.66396  0.50241  1.01746  0.47201 
248 M -0.58135 -0.43221 -0.52853 -0.78330 
250 G  0.35701  0.50578  0.29927  0.26598 
250 H -0.24782 -0.00007 -0.06209 -0.68131 
250 L  0.14279  0.23769  0.09239  0.09830 
251 R  0.13449  0.13749  0.26305  0.00292 
252 N  0.45282  0.67819  0.00022  0.68006 
252 S  0.26706  0.30979  0.49041  0.00099 
253 H  0.23406  0.68953  0.01192  0.00073 
253 S  0.22580  0.67274  0.00285  0.00182 
254 P  0.08826  0.00011  0.12725  0.13741 
254 R  0.28856  0.37862  0.34964  0.13741 
255 L  0.23260  0.07201  0.24313  0.38266 
256 T  0.32729  0.43084  0.01587  0.53517 
256 V -0.33714 -0.59773 -0.19378 -0.21992 
258 A -0.27805 -0.34169 -0.11061 -0.38186 
259 S  0.35494  0.10801  0.52060  0.43620 
259 T -0.11812 -0.25204 -0.09084 -0.01148 
260 A  0.45345  0.53220  0.34803  0.48012 
260 I -0.12547 -0.16433 -0.13329 -0.07880 
261 D  0.18357  0.44713  0.01249  0.09110 
263 P  0.32821  0.36287  0.24858  0.37318 
267 A -0.42041 -0.36526 -0.23613 -0.65984 
267 V -0.49314 -0.00017 -0.98636 -0.49289 
269 G  0.26581  0.34757  0.21237  0.23750 
269 S  0.24351  0.40430  0.21149  0.11474 
271 E -0.47787 -0.03328 -0.80513 -0.59521 
271 I  0.36666  0.34573  0.47444  0.27982 
271 S  0.47377  0.13526  1.18772  0.09833 
271 V -0.15923 -0.00133 -0.19068 -0.28567 
272 Q  0.16146  0.10571  0.00005  0.37862 
273 A  0.36326  0.66525  0.28658  0.13796 
273 E  0.57295  0.53430  0.64321  0.54134 
273 K  0.38934  0.34624  0.70877  0.11301 
273 N  0.03638  0.07522  0.01686  0.01707 
275 E  0.46706  0.48711  0.49725  0.41681 
275 N -0.25119 -0.04652 -0.69510 -0.01196 
275 T  0.40922  0.48711  0.50564  0.23492 
276 E  0.25823  0.04571  0.31882  0.41015 
276 K  0.81097  0.28729  1.67792  0.46769 
276 N  0.49597  0.80348  0.54626  0.13818 
277 D  0.32389  0.38740  0.34437  0.23989 
277 I  0.49535  0.40801  0.81466  0.26339 
277 P  0.69050  1.33504  0.26374  0.47271 
277 Q -0.38946 -0.19673 -0.72894 -0.24270 
277 R  0.50021  0.49296  1.00730  0.00036 
277 S  0.40692  0.38334  0.66241  0.17502 
277 T  0.52173  0.77362  0.62376  0.16780 
277 Y  0.26045  0.30057  0.41061  0.07016 
278 P  0.21981  0.15651  0.25156  0.25137 
278 Y -0.37743 -0.14380 -0.98766 -0.00083 
279 A  0.21397  0.37861  0.26304  0.00027 
279 C  0.57589  0.17530  0.55211  1.00027 
279 D -0.19133 -0.50263 -0.05999 -0.01138 
280 N  0.11703  0.00006  0.11145  0.23959 
280 T -0.24692 -0.13861 -0.42566 -0.17650 
282 G  0.04618  0.00010  0.00025  0.13819 
282 I  0.14576  0.07095  0.08319  0.28315 
282 N  0.24591  0.40528  0.11201  0.22044 
282 Q  0.79505  1.10730  0.90656  0.37128 
282 R  0.34384  0.53396  0.17142  0.32615 
282 Y  0.52095  0.42477  0.67832  0.45977 
283 L  0.15091  0.31107  0.00415  0.13752 
284 A  0.39949  0.00015  0.56467  0.63366 
284 L  0.40618  0.09177  0.67886  0.44791 
284 M  0.32326  0.13765  0.00079  0.83134 
284 R  0.54566  0.00015  1.00834  0.62848 
284 T  0.61158  0.09172  1.51463  0.22838 
285 E -0.14534 -0.00766 -0.19080 -0.23755 
285 L  0.32820  0.41622  0.28861  0.27977 
285 Q  0.29742  0.00020  0.48580  0.40626 
285 V  0.51827  0.35325  0.70006  0.50151 
286 L  0.88760  1.18179  1.13957  0.34143 
286 V -0.06681 -0.00263 -0.00014 -0.19766 
287 K -0.27155 -0.31090 -0.11340 -0.39034 
287 L  0.71607  1.04437  0.51156  0.59227 
287 R  0.35164  0.09991  0.68679  0.26822 
288 A -0.23688 -0.33264 -0.36792 -0.01009 
288 Q  0.62484  0.37954  0.49558  0.99940 
288 Y  0.36392  0.30470  0.60881  0.17826 
289 G -0.27468 -0.60893 -0.10529 -0.10982 
289 K -0.56818 -0.43049 -0.48223 -0.79181 
289 P -0.36639 -0.60553 -0.48081 -0.01282 
291 Y  0.52121  0.43169  0.75348  0.37845 
292 A  0.29926  0.32616  0.29567  0.27594 
292 S  0.53930  0.09970  1.34951  0.16868 
293 E -0.07284 -0.00303 -0.16736 -0.04813 
293 G -0.25099 -0.16130 -0.42480 -0.16686 
293 I  0.65422  0.14717  0.98712  0.82838 
293 L -0.27082 -0.07757 -0.22913 -0.50576 
293 M  0.15166  0.34506  0.10077  0.00914 
293 Q -0.59758 -0.14037 -1.02131 -0.63105 
294 S -0.08812 -0.00507 -0.22959 -0.02971 
298 I -0.15793 -0.25125 -0.00180 -0.22074 
298 N -0.30266 -0.40877 -0.13741 -0.36181 
298 V  0.41398  0.64347  0.36234  0.23613 
299 V -0.05195 -0.00501 -0.12119 -0.02964 
300 T  0.33456  0.28399  0.34664  0.37304 
301 M  0.34679  0.72739  0.07796  0.23501 
302 A  0.03290  0.06978  0.00022  0.02870 
302 E  0.26405  0.57434  0.05211  0.16569 
302 G -0.15523 -0.14024 -0.01077 -0.31468 
302 H -0.45215 -0.67756 -0.37010 -0.30880 
302 Q  0.21048  0.61441  0.00022  0.01680 
302 V -0.42372 -0.09260 -0.73992 -0.43865 
302 Y  0.46597  0.00010  0.75350  0.64431 
303 I  0.07839  0.11001  0.09219  0.03296 
303 N -0.21330 -0.30649 -0.26323 -0.07019 
304 D -0.94001 -0.79834 -1.88301 -0.13869 
304 K -0.68498 -1.11746 -0.86442 -0.07306 
305 K  0.54522  0.14805  0.13767  1.34995 
307 L -0.31460 -0.43522 -0.37373 -0.13484 
307 S  0.28626  0.36938  0.27372  0.21569 
308 K -0.10205 -0.12266 -0.12967 -0.05383 
308 P  0.23776  0.54030  0.11134  0.06164 
310 M  0.38791  0.52383  0.35986  0.28004 
311 A  0.20173  0.12211  0.45028  0.03279 
311 G -0.15634 -0.27661 -0.01292 -0.17948 
311 R  0.32780  0.27594  0.57808  0.12939 
312 H  0.11643  0.13753  0.00029  0.21146 
312 K  0.58197  0.00003  0.89778  0.84809 
312 R  0.42762  0.09989  0.62196  0.56101 
313 N  0.11911  0.09886  0.25845  0.00001 
313 Q  0.37320  0.20706  0.65895  0.25360 
313 R -0.54794 -0.35708 -0.97953 -0.30721 
314 A  0.29758  0.29159  0.38646  0.21469 
314 C  0.10841  0.26288  0.00045  0.06190 
315 M  0.20321  0.01017  0.13425  0.46520 
317 G  0.41610  0.26587  0.72274  0.25968 
317 L  0.51230  0.27541  0.67833  0.58317 
317 T -0.64491 -0.39071 -0.60124 -0.94278 
317 V -0.11057 -0.00525 -0.16828 -0.15818 
318 F -0.25505 -0.33279 -0.12133 -0.31103 
318 S -0.14111 -0.00932 -0.38437 -0.02963 
319 L -0.13780 -0.01780 -0.38585 -0.00975 
319 Q  0.30642  0.37861  0.41078  0.12988 
320 I -0.46878 -0.52763 -0.63239 -0.24631 
320 T -0.22350 -0.19866 -0.45195 -0.01989 
321 H  0.17379  0.07603  0.14096  0.30439 
322 F -0.10729 -0.00550 -0.00524 -0.31112 
322 I  0.18846  0.03948  0.51599  0.00990 
323 M  0.07797  0.15756  0.06693  0.00941 
325 L  0.12794  0.05945  0.06139  0.26298 
327 G -0.00003 -0.00003 -0.00001 -0.00006 
328 S -0.17337 -0.12611 -0.22898 -0.16503 
329 L  0.24697  0.08898  0.61603  0.03590 
329 V -0.26412 -0.39527 -0.14258 -0.25452 
330 A  0.29540  0.41966  0.30793  0.15860 
334 I  0.29149  0.17535  0.09624  0.60287 
336 K -0.50118 -0.34009 -0.59169 -0.57175 
336 N -0.71054 -1.31191 -0.66538 -0.15434 
337 L -0.16478 -0.15034 -0.32454 -0.01947 
338 T  0.68458  1.57007  0.11942  0.36425 
339 R -0.35910 -0.12887 -0.50501 -0.44343 
339 T  0.38893  0.30114  0.61933  0.24631 
343 S  0.34988  0.21674  0.17730  0.65561 
345 G -0.00008 -0.00001 -0.00010 -0.00012 
345 S -0.24917 -0.43721 -0.25530 -0.05501 
345 V -0.14702 -0.12576 -0.00365 -0.31165 
346 L  0.10281  0.17084  0.00005  0.13754 
347 S -0.38423 -0.45855 -0.54965 -0.14448 
347 T -0.30469 -0.72368 -0.01443 -0.17595 
347 V -0.30990 -0.53251 -0.37020 -0.02698 
348 S -0.05296 -0.00025 -0.12953 -0.02911 
348 V -0.38634 -0.63567 -0.02207 -0.50129 
349 V -0.28536 -0.16940 -0.19973 -0.48695 
350 V  0.41950  0.67806  0.21673  0.36370 
351 S -0.16330 -0.01383 -0.47346 -0.00261 
353 D  0.07658  0.06718  0.10261  0.05995 
354 E  0.11705  0.07191  0.25914  0.02009 
354 R -0.23872 -0.26386 -0.08590 -0.36641 
354 W -0.26669 -0.35860 -0.12949 -0.31197 
355 E -0.34169 -0.42327 -0.38668 -0.21511 
355 R -0.26645 -0.53280 -0.13143 -0.13513 
356 R  0.15892  0.17674  0.15001  0.15002 
357 A -0.38171 -0.39234 -0.35783 -0.39497 
357 H  0.71785  0.92593  1.16575  0.06186 
357 I -0.52763 -0.12143 -0.72308 -0.73838 
357 V -0.06291 -0.00007 -0.00003 -0.18864 
359 L  0.57585  0.46312  0.88003  0.38441 
360 R  0.26327  0.26259  0.07898  0.44824 
363 C -0.01966 -0.00295 -0.00235 -0.05367 
365 D  0.31342  0.29169  0.14991  0.49865 
367 P  0.18865  0.11034  0.13725  0.31836 
367 Q -0.39506 -0.59520 -0.38468 -0.20531 
368 C  0.42935  0.80208  0.48594  0.00002 
369 H -0.31932 -0.70771 -0.14471 -0.10555 
369 I -0.17109 -0.02040 -0.18036 -0.31250 
369 R  0.28159  0.08455  0.53248  0.22773 
369 S -0.53237 -1.37716 -0.01843 -0.20153 
371 A -0.57243 -0.77290 -0.90601 -0.03839 
371 K  0.53268  0.77079  0.57533  0.25191 
373 E  0.31129  0.11728  0.35467  0.46192 
373 R  0.40296  0.08003  0.51421  0.61464 
374 L -0.25113 -0.11966 -0.25352 -0.38022 
374 P  0.26488  0.10905  0.16038  0.52520 
375 D  0.33546  0.58304  0.14255  0.28078 
377 E -0.27685 -0.11691 -0.39751 -0.31614 
377 S  0.31169  0.02827  0.29437  0.61244 
378 E -0.16986 -0.00753 -0.29076 -0.21130 
379 G  0.33942  0.35936  0.65705  0.00185 
380 A -0.42548 -0.66630 -0.42087 -0.18926 
380 H -0.41443 -0.25010 -0.81580 -0.17740 
380 R  0.40211  0.43320  0.51564  0.25749 
380 V  0.67359  1.06673  0.44823  0.50580 
380 Y  0.43996  0.32096  0.73592  0.26300 
381 E  0.18944  0.22803  0.17177  0.16852 
381 M  0.37452  0.13795  0.13773  0.84789 
382 I  0.18381  0.32067  0.12011  0.11066 
383 A -0.65235 -0.39573 -1.18914 -0.37219 
384 A -0.20677 -0.28311 -0.00006 -0.33714 
384 G -0.00007 -0.00012 -0.00006 -0.00002 
385 D  0.41546  0.63423  0.47919  0.13297 
385 T  0.39341  0.14765  0.71263  0.31995 
387 V  0.32408  0.17807  0.67809  0.11608 
388 R  0.46592  0.34408  0.49447  0.55921 
389 C  0.30435  0.06935  0.55229  0.29142 
389 I  0.29599  0.49125  0.17352  0.22321 
390 V  0.40382  0.29422  0.56408  0.35315 
391 A -0.27904 -0.06301 -0.03806 -0.73604 
391 N -0.37240 -0.66611 -0.13524 -0.31585 
392 H  0.24338  0.70976  0.00625  0.01412 
392 Q -0.54414 -1.05633 -0.57595 -0.00013 
394 L -0.54351 -0.26417 -0.53511 -0.83126 
395 S  0.42452  0.77636  0.17099  0.32622 
396 P  0.46475  0.61049  0.68676  0.09701 
396 T  0.04420  0.12505  0.00431  0.00324 
396 Y  0.25067  0.12505  0.38271  0.24425 
397 G -0.13204 -0.13814 -0.25798 -0.00001 
399 Q -0.34507 -0.26410 -0.20797 -0.56314 
400 I  0.29594  0.39617  0.00629  0.48536 
400 T  0.29507  0.37878  0.12799  0.37845 
401 I  0.81421  0.07126  1.98412  0.38724 
402 A  0.20474  0.00001  0.48536  0.12886 
402 D  0.25907  0.46582  0.01764  0.29376 
402 K -0.28163 -0.23745 -0.07679 -0.53064 
403 C -0.11232 -0.00026 -0.25795 -0.07876 
403 G  0.32461  0.14761  0.73109  0.09514 
403 I -0.09727 -0.00272 -0.18597 -0.10313 
404 K  0.37131  0.10538  0.37831  0.63025 
405 G -0.22923 -0.41813 -0.13544 -0.13411 
407 Q  0.30367  0.00053  0.34964  0.56084 
408 A  0.67378  0.58243  1.26813  0.17079 
408 C  0.13585  0.32077  0.00017  0.08660 
408 T  0.37268  0.58302  0.41955  0.11547 
409 D  0.39489  0.17739  0.40262  0.60465 
409 R  0.44852  0.61823  0.56067  0.16667 
410 G -0.33160 -0.41822 -0.12339 -0.45319 
411 R  0.57204  0.30208  1.18427  0.22977 
411 T  0.98701  1.23169  1.46419  0.26515 
413 G -0.50099 -0.21025 -1.24570 -0.04703 
414 F  0.42058  0.55316  0.44559  0.26300 
414 I -0.12383 -0.19685 -0.03081 -0.14382 
414 K  0.22491  0.46166  0.20068  0.01239 
414 L  0.43349  0.12137  0.83987  0.33923 
415 I -0.27087 -0.10188 -0.34123 -0.36950 
415 V  0.24628  0.12492  0.48486  0.12906 
417 N  0.15257  0.24064  0.00233  0.21475 
419 I -0.29040 -0.04156 -0.32815 -0.50150 
421 D -0.20137 -0.09075 -0.42748 -0.08589 
421 H  0.18994  0.11413  0.00451  0.45117 
425 R  0.36190  0.41976  0.32961  0.33632 
426 G  0.13606  0.26280  0.00787  0.13751 
426 S -0.30438 -0.25337 -0.43158 -0.22819 
427 G  0.57820  0.94855  0.60478  0.18128 
427 M  0.06069  0.04409  0.00773  0.13026 
427 N -0.45704 -0.36638 -0.34745 -0.65729 
429 E  0.19524  0.19519  0.27389  0.11663 
432 G  0.25609  0.33865  0.40075  0.02888 
433 L -0.14783 -0.01043 -0.30603 -0.12702 
433 S -0.17343 -0.11983 -0.00040 -0.40005 
436 C  0.10965  0.21050  0.09761  0.02083 
440 I  0.39033  0.58496  0.23437  0.35165 
441 I  0.49544  0.41325  0.93558  0.13749 
441 S  0.21493  0.07334  0.47021  0.10125 
444 Q -0.37723 -0.19862 -0.10887 -0.82421 
445 K -0.20512 -0.39652 -0.16981 -0.04903 
446 K -0.14393 -0.00139 -0.35112 -0.07929 
447 A  0.04588  0.00001  0.13750  0.00013 
447 D  0.40466  0.58498  0.50694  0.12207 
447 K  0.25452  0.04159  0.41661  0.30535 
453 N -0.34172 -0.23822 -0.37843 -0.40851 
453 Q -0.41155 -0.58746 -0.12105 -0.52614 
454 G -0.51144 -0.32598 -0.23603 -0.97230 
455 D -0.37823 -0.13857 -0.60171 -0.39441 
455 G  0.20758  0.12446  0.11981  0.37848 
456 S  0.51343  0.51257  0.65397  0.37374 
458 N  0.19648  0.09781  0.26305  0.22857 
458 T -0.24374 -0.10864 -0.31311 -0.30946 
459 A  0.25966  0.24514  0.44654  0.08730 
459 Y  0.22095  0.13756  0.26236  0.26293 
466 R  0.57929  0.54564  0.66714  0.52508 
467 K  0.41401  0.22138  0.27153  0.74913 
467 M -0.33465 -0.88553 -0.08101 -0.03740 
467 S  0.04739  0.04878  0.01148  0.08191 
467 T  0.47109  0.22565  0.30532  0.88229 
469 Q -0.12625 -0.26415 -0.03722 -0.07739 
469 S  0.30150  0.13750  0.52238  0.24462 
469 V  0.19534  0.13750  0.44838  0.00014 
470 A -0.23042 -0.32410 -0.13481 -0.23236 
470 G  0.64513  0.13741  1.79789  0.00009 
470 W  0.21185  0.13741  0.00024  0.49789 
471 D  0.23686  0.10221  0.12928  0.47910 
472 G  0.20424  0.10501  0.37015  0.13755 
472 T -0.16687 -0.09196 -0.16681 -0.24185 
473 A  0.33683  0.03385  0.95660  0.02004 
473 I -0.13654 -0.00284 -0.24972 -0.15705 
473 V -0.58581 -0.53541 -0.69200 -0.53002 
474 G  0.34434  0.61418  0.21492  0.20391 
474 K  0.43275  0.42918  0.59681  0.27225 
474 V  0.37997  0.12490  1.01498  0.00002 
475 K -0.40108 -0.97502 -0.22818 -0.00005 
475 L -0.78145 -0.47486 -1.66168 -0.20781 
475 N -0.61348 -0.53928 -0.34789 -0.95327 
475 R  0.29165  0.23127  0.46791  0.17578 
476 E  0.30888  0.32967  0.57224  0.02474 
476 R  0.44029  0.16279  0.43265  0.72544 
477 I  0.14491  0.09681  0.13747  0.20044 
478 W -0.03343 -0.02950 -0.02209 -0.04871 
479 W  0.42573  0.75873  0.07987  0.43860 
480 C -0.31539 -0.01745 -0.64124 -0.28749 
480 S -0.05060 -0.05143 -0.02816 -0.07221 
481 T  0.22257  0.37863  0.02628  0.26281 
487 S -0.62739 -0.35640 -0.71356 -0.81222 
488 H  0.27998  0.58511  0.16411  0.09073 
489 A -0.26916 -0.29673 -0.36153 -0.14921 
489 D  0.37797  0.38053  0.27544  0.47795 
489 K -0.45101 -0.16776 -0.69110 -0.49417 
489 L  0.35046  0.22683  0.71264  0.11191 
489 P -0.21058 -0.14699 -0.48434 -0.00040 
489 S -0.44406 -0.63080 -0.07924 -0.62213 
490 Y -0.55438 -0.42788 -0.38979 -0.84546 
492 G  0.19858  0.37641  0.12077  0.09855 
492 M  0.41244  0.13793  0.92675  0.17265 
494 I -0.23675 -0.51547 -0.05164 -0.14314 
496 A -0.42045 -0.74615 -0.41989 -0.09530 
496 I -0.34696 -0.39722 -0.21562 -0.42803 
496 M -0.45879 -0.55769 -0.70629 -0.11238 
496 S -0.46737 -0.33053 -0.83531 -0.23627 
496 Y -0.11824 -0.00116 -0.35316 -0.00041 
497 S -0.13765 -0.00003 -0.26277 -0.15015 
498 R -0.50170 -0.67524 -0.24800 -0.58186 
499 G  0.00003  0.00001  0.00001  0.00006 
499 H  0.24961  0.21656  0.39800  0.13426 
500 A -0.42735 -0.26511 -0.65029 -0.36664 
500 E  0.34474  0.11605  0.48200  0.43618 
500 K -0.23512 -0.00948 -0.33919 -0.35670 
500 L  0.34679  0.39912  0.26304  0.37822 
500 N -0.39184 -0.37168 -0.57777 -0.22608 
500 V -0.24551 -0.40261 -0.30970 -0.02421 
501 C  0.39873  0.32979  0.55997  0.30644 
502 I  0.19287  0.20491  0.17528  0.19841 
502 Q -0.66020 -0.45381 -1.37727 -0.14952 
505 T  0.46753  0.30462  0.56718  0.53080 
505 V  0.24747  0.04868  0.01556  0.67817 
506 G  0.34021  0.39802  0.58081  0.04180 
506 T -0.07436 -0.00938 -0.21369 -0.00001 
506 V -0.57807 -0.87207 -0.82035 -0.04180 
507 A -0.39389 -1.11888 -0.06264 -0.00014 
507 D  0.33624  0.56749  0.36805  0.07317 
508 C -0.07215 -0.21507 -0.00120 -0.00017 
508 P  0.24113  0.30705  0.05047  0.36588 
508 V -0.79242 -0.84859 -0.95005 -0.57863 
509 G  0.58743  0.61824  0.48528  0.65876 
509 L -0.41896 -0.42059 -0.22742 -0.60888 
509 Q  0.16435  0.09786  0.01632  0.37887 
510 G  0.30899  0.30403  0.48546  0.13749 
510 S  0.25086  0.55983  0.13450  0.05824 
510 V -0.22847 -0.25291 -0.06251 -0.37000 
511 K -0.04498 -0.02982 -0.04770 -0.05742 
511 T -0.24441 -0.54477 -0.04034 -0.14811 
511 Y -0.35516 -0.13937 -0.65174 -0.27438 
512 G  0.17685  0.02695  0.47484  0.02876 
512 M  0.34426  0.42554  0.43813  0.16910 
512 T  0.16714  0.26305  0.13791  0.10045 
513 G  0.22785  0.11384  0.23334  0.33636 
513 R -0.52671 -0.78846 -0.64109 -0.15057 
514 G  0.26625  0.33846  0.42978  0.03050 
514 R -0.22795 -0.08830 -0.16382 -0.43174 
514 S  0.58743  0.70342  0.88247  0.17639 
515 V  0.20580  0.30873  0.16306  0.14560 
516 E -0.57828 -0.20450 -1.45549 -0.07484 
516 N  0.11874  0.21377  0.06212  0.08034 
517 K  0.23319  0.13768  0.26419  0.29771 
518 A -0.30191 -0.31398 -0.31709 -0.27466 
518 M -0.74722 -0.16246 -1.71530 -0.36390 
519 E -0.15224 -0.08132 -0.34267 -0.03274 
519 G  0.22043  0.52338  0.00022  0.13769 
519 P  0.18932  0.30451  0.26326  0.00019 
519 Q  0.23914  0.08281  0.37139  0.26322 
519 S  0.36521  0.11765  0.67066  0.30731 
519 V  0.23540  0.39761  0.26326  0.04532 
520 W -0.20654 -0.47776 -0.08044 -0.06141 
522 R  0.24923  0.18176  0.37876  0.18716 
523 D  0.13339  0.26280  0.00023  0.13714 
523 R -0.37324 -0.37603 -0.14691 -0.59677 
523 V -0.08278 -0.15448 -0.07111 -0.02276 
525 E -0.31116 -0.48905 -0.09856 -0.34586 
526 G  0.04597  0.00018  0.00028  0.13744 
526 S  0.28374  0.32824  0.38554  0.13744 
528 T  0.10888  0.03470  0.29183  0.00011 
532 C -0.07248 -0.03359 -0.04870 -0.13516 
532 S  0.12801  0.00013  0.26905  0.11485 
533 L -0.16862 -0.14300 -0.11719 -0.24566 
537 C -0.30555 -0.04399 -0.26114 -0.61153 
537 N -0.29680 -0.23458 -0.24029 -0.41553 
538 G  0.00012  0.00001  0.00007  0.00027 
538 L -0.18507 -0.12782 -0.02175 -0.40564 
538 P  0.34543  0.10313  0.63577  0.29738 
538 T  0.30334  0.27398  0.05080  0.58523 
539 P  0.16821  0.30688  0.03816  0.15958 
541 P -0.27195 -0.48426 -0.08773 -0.24385 
542 S  0.25104  0.44663  0.09256  0.21392 
544 F -0.15941 -0.14295 -0.18650 -0.14878 
544 T -0.23192 -0.14295 -0.40316 -0.14965 
546 V -0.10483 -0.03122 -0.13525 -0.14801 
547 E -0.15792 -0.13970 -0.30995 -0.02410 
548 F -0.28834 -0.67075 -0.04682 -0.14744 
548 T -0.40516 -0.91120 -0.20260 -0.10169 
549 G  0.64044  0.88110  0.69224  0.34798 
549 I -0.24394 -0.49341 -0.19718 -0.04124 
550 G  0.17107  0.13760  0.26303  0.11259 
550 S -0.57633 -0.55772 -1.11329 -0.05797 
550 V  0.19888  0.04849  0.02052  0.52763 
552 A -0.70372 -1.01160 -0.31056 -0.78900 
553 I -0.09160 -0.00010 -0.00013 -0.27457 
553 W -0.36439 -0.13659 -0.36182 -0.59475 
553 Y  0.05655  0.00337  0.15307  0.01320 
554 A  0.45350  0.39216  0.63383  0.33452 
554 P  0.57394  0.48536  1.01153  0.22493 
554 Q -0.37475 -0.25161 -0.84811 -0.02452 
555 D  0.50202  0.65802  0.29464  0.55341 
555 T -0.10261 -0.03409 -0.21418 -0.05957 
556 E  0.28736  0.22842  0.28330  0.35037 
556 W  0.22753  0.08291  0.44814  0.15155 
558 M -0.19001 -0.01714 -0.50416 -0.04872 
559 E  0.17225  0.17713  0.22198  0.11765 
560 G -0.13667 -0.14706 -0.26275 -0.00021 
560 L  0.36015  0.45094  0.58500  0.04450 
560 V -0.48348 -0.37755 -0.29651 -0.77639 
561 A -0.07578 -0.00008 -0.07636 -0.15091 
561 G  0.11951  0.25459  0.04921  0.05473 
561 I  0.21652  0.11603  0.26774  0.26580 
562 L  0.09177  0.13763  0.00004  0.13765 
562 V  0.31289  0.05935  0.44040  0.43892 
564 L -0.89173 -0.45382 -1.94684 -0.27454 
564 T -0.10868 -0.13189 -0.04738 -0.14676 
564 V  0.35036  0.05858  0.77764  0.21485 
