  0 I  0.22596  0.28812  0.11699  0.27276 
  0 K -0.20437 -0.02256 -0.36820 -0.22235 
  1 C  0.58243  0.08452  1.38965  0.27313 
  1 I -0.83260 -0.07057 -2.17042 -0.25681 
  1 M  0.25338  0.40875  0.16233  0.18905 
  1 S  0.30575  0.64304  0.12254  0.15167 
  3 T  0.20627  0.03682  0.34604  0.23594 
  4 F  0.84225  0.07153  2.31764  0.13757 
  7 M  0.33066  0.25191  0.72523  0.01483 
  7 P  0.04697  0.06563  0.04313  0.03215 
  8 S -0.38689 -0.05098 -0.55039 -0.55929 
  9 G -0.00017 -0.00004 -0.00033 -0.00015 
 10 T  0.31060  0.03285  0.52190  0.37704 
 11 V -0.50213 -0.12662 -0.73259 -0.64718 
 13 D -0.24882 -0.35440 -0.36820 -0.02387 
 14 K  0.10804  0.23194  0.00010  0.09208 
 15 A -0.30831 -0.00888 -0.88346 -0.03260 
 15 G  0.08589  0.05901  0.04627  0.15238 
 16 G -0.37741 -0.71018 -0.15765 -0.26441 
 17 G  0.41149  0.13049  0.60763  0.49635 
 17 N -0.43617 -0.03729 -0.57716 -0.69407 
 18 S -0.52070 -0.16071 -1.09548 -0.30590 
 18 V -0.71473 -0.25244 -1.25300 -0.63876 
 19 L -0.43552 -0.13217 -0.68024 -0.49414 
 20 Y -0.43132 -0.11752 -0.75398 -0.42246 
 21 T -0.08552 -0.12982 -0.06834 -0.05840 
 21 V  0.29148  0.04376  0.48682  0.34387 
 23 H -0.25985 -0.65680 -0.12174 -0.00100 
 25 S -0.52845 -0.44459 -1.09778 -0.04299 
 25 T  0.32784  0.59588  0.31900  0.06863 
 26 D  0.33130  0.28189  0.28300  0.42902 
 26 S -0.38726 -0.70996 -0.08179 -0.37002 
 27 S -0.24011 -0.40686 -0.16192 -0.15155 
 27 Y -0.27549 -0.14237 -0.15398 -0.53013 
 28 T -0.22757 -0.37642 -0.15614 -0.15014 
 29 I  0.43074  0.64346  0.36312  0.28563 
 29 N -0.34097 -0.58003 -0.07505 -0.36782 
 29 P -0.06145 -0.01669 -0.15434 -0.01333 
 29 S -0.38228 -0.40154 -0.71166 -0.03364 
 31 S  0.10813  0.27549  0.04888  0.00001 
 32 A  0.38554  0.10733  0.32450  0.72478 
 32 I -0.06910 -0.07116 -0.13550 -0.00065 
 33 G  0.19834  0.00478  0.51398  0.07626 
 33 N  0.17353  0.22804  0.14355  0.14900 
 34 I  0.15946  0.05054  0.15949  0.26835 
 35 M  0.45594  0.70479  0.63294  0.03010 
 36 Q -0.32884 -0.54372 -0.29235 -0.15046 
 37 K  0.27462  0.33900  0.02851  0.45634 
 38 E  0.05565  0.03356  0.04612  0.08728 
 39 D  0.22496  0.08948  0.33373  0.25168 
 39 S -0.30892 -0.45557 -0.00204 -0.46916 
 41 E  0.29986  0.27408  0.31299  0.31251 
 41 G -0.30443 -0.01009 -0.39750 -0.50570 
 41 T  0.33702  0.24729  0.48005  0.28371 
 42 A  0.43038  0.20458  0.61941  0.46715 
 42 M  0.31497  0.21148  0.40424  0.32920 
 43 A  0.29616  0.17085  0.35850  0.35912 
 44 N -0.14067 -0.26929 -0.15270 -0.00003 
 44 P -0.14479 -0.02049 -0.00005 -0.41384 
 45 P  0.24836  0.37505  0.26065  0.10939 
 46 F -0.41413 -0.71921 -0.37654 -0.14665 
 46 Y -0.49808 -0.95784 -0.26013 -0.27628 
 47 S  0.10221  0.12450  0.06629  0.11585 
 47 T -0.49507 -0.71961 -0.47723 -0.28836 
 48 P  0.27353  0.18188  0.60139  0.03732 
 49 I  0.25114  0.26782  0.48549  0.00012 
 50 A -0.39284 -0.28369 -0.84435 -0.05047 
 50 K -0.21849 -0.02616 -0.13936 -0.48995 
 50 T -0.34253 -0.26411 -0.52323 -0.24024 
 51 A -0.48637 -0.43728 -0.76951 -0.25231 
 51 G  0.19947  0.44460  0.02601  0.12780 
 52 I -0.33710 -0.09340 -0.88332 -0.03459 
 52 R  0.34725  0.24386  0.54639  0.25150 
 53 Q -0.08459 -0.16607 -0.03029 -0.05742 
 54 D -0.28755 -0.39952 -0.17596 -0.28718 
 54 K -0.43901 -0.65329 -0.61805 -0.04570 
 55 T -0.11237 -0.01720 -0.14901 -0.17089 
 56 N -0.07757 -0.03024 -0.15279 -0.04968 
 56 Y -0.15322 -0.14954 -0.15279 -0.15733 
 57 P  0.34057  0.19066  0.56262  0.26843 
 58 M -0.24877 -0.20428 -0.34400 -0.19802 
 59 L -0.69392 -0.65341 -0.74984 -0.67851 
 60 I -0.56354 -0.42872 -0.93390 -0.32800 
 61 Q  0.27478  0.09799  0.46336  0.26300 
 61 Y -0.44450 -0.11985 -0.83882 -0.37484 
 62 V  0.16262  0.37853  0.10923  0.00009 
 63 H -0.01725 -0.03015 -0.00040 -0.02120 
 63 K  0.12365  0.22890  0.01502  0.12704 
 63 R -0.59704 -0.44018 -0.84755 -0.50338 
 64 D -0.24215 -0.59122 -0.03619 -0.09904 
 64 R -0.31913 -0.14590 -0.53016 -0.28133 
 64 T  0.55541  0.10176  1.28656  0.27790 
 67 H -0.35689 -0.13919 -0.78004 -0.15145 
 67 I -0.48140 -0.28020 -0.47455 -0.68945 
 67 K  0.12303  0.05897  0.25355  0.05658 
 67 P -0.27017 -0.26473 -0.54558 -0.00021 
 69 A -0.70070 -0.14238 -0.87389 -1.08583 
 69 D -0.25446 -0.05442 -0.42089 -0.28807 
 69 Q -0.47048 -0.27469 -0.74615 -0.39059 
 69 W  0.15174  0.08364  0.10852  0.26305 
 70 E -0.49193 -0.20220 -0.82659 -0.44700 
 71 F  0.14507  0.09910  0.13747  0.19863 
 72 Q -0.11539 -0.03717 -0.15809 -0.15090 
 73 F -0.14731 -0.01015 -0.27096 -0.16081 
 74 H  0.32390  0.48545  0.00080  0.48544 
 74 I -0.47339 -0.00322 -0.84589 -0.57107 
 74 L -0.29994 -0.00648 -0.64078 -0.25257 
 74 N  0.26733  0.08143  0.61317  0.10740 
 74 V  0.19278  0.00003  0.22091  0.35741 
 75 A -0.19169 -0.40167 -0.16006 -0.01333 
 75 E  0.67054  0.95567  0.45037  0.60559 
 77 I -0.41713 -0.32233 -0.39955 -0.52950 
 80 K  0.51007  0.25126  0.92614  0.35280 
 80 S  0.35368  0.45611  0.50500  0.09993 
 82 D -0.57990 -0.53028 -0.85607 -0.35336 
 82 F -0.56496 -0.37649 -0.79106 -0.52734 
 82 N -0.17741 -0.00006 -0.25538 -0.27678 
 82 Q -0.06746 -0.02313 -0.15456 -0.02468 
 83 S -0.14008 -0.00983 -0.25676 -0.15365 
 84 G  0.31239  0.54130  0.05561  0.34025 
 85 G -0.50599 -0.42528 -0.26816 -0.82454 
 85 P -0.29411 -0.04384 -0.77217 -0.06633 
 85 Y -0.15278 -0.17682 -0.19537 -0.08615 
 86 I -0.58946 -0.74307 -0.87454 -0.15076 
 87 A -0.13205 -0.35498 -0.01716 -0.02400 
 87 H -0.18910 -0.40149 -0.01716 -0.14865 
 88 D -0.26397 -0.33696 -0.33460 -0.12036 
 88 E -0.45780 -0.14659 -0.84526 -0.38155 
 88 H  0.61950  0.22772  1.58731  0.04348 
 88 L  0.17604  0.10793  0.21271  0.20748 
 88 V -0.28188 -0.38909 -0.21833 -0.23823 
 88 Y  0.39564  0.45905  0.68728  0.04060 
 89 D -0.43636 -0.23744 -0.92585 -0.14580 
 89 L -0.44812 -0.46214 -0.46958 -0.41264 
 89 N  0.29190  0.21069  0.12246  0.54256 
 89 P  0.36756  0.05195  0.87530  0.17544 
 89 T -0.18200 -0.02441 -0.26543 -0.25615 
 89 Y  0.32064  0.08385  0.65129  0.22677 
 90 G  0.26544  0.20959  0.15312  0.43360 
 90 K -0.09202 -0.07511 -0.12876 -0.07220 
 90 Q -0.45875 -0.48716 -0.74705 -0.14205 
 90 V -0.46179 -0.35493 -0.64181 -0.38863 
 91 E  0.34107  0.45196  0.13722  0.43404 
 91 P -0.22790 -0.30858 -0.36793 -0.00719 
 92 R  0.22126  0.00619  0.28013  0.37745 
 94 N -0.22664 -0.14214 -0.28356 -0.25421 
 95 T  0.25828  0.32853  0.03982  0.40649 
 96 A  0.37285  0.28477  0.21623  0.61756 
 97 G -0.17398 -0.13561 -0.10487 -0.28147 
 98 G -0.71519 -0.81391 -0.82450 -0.50715 
 98 V -0.54732 -0.00023 -1.00906 -0.63268 
 99 F -0.21069 -0.61066 -0.00015 -0.02126 
 99 L -0.24959 -0.28418 -0.42632 -0.03827 
 99 T -0.59218 -0.39578 -0.87156 -0.50920 
100 D -0.43576 -0.23601 -0.94768 -0.12359 
100 H -0.11707 -0.00018 -0.15504 -0.19600 
100 K  0.30587  0.29095  0.62212  0.00455 
100 L -0.10543 -0.16287 -0.15315 -0.00026 
100 R -0.46680 -0.69766 -0.29140 -0.41135 
101 P -0.25429 -0.22444 -0.41868 -0.11974 
102 A -0.31766 -0.16225 -0.15613 -0.63460 
102 G  0.57958  0.80450  0.68686  0.24738 
102 K -0.60052 -0.28057 -1.22629 -0.29471 
102 V -0.28843 -0.13618 -0.66679 -0.06231 
103 F -0.86795 -0.36449 -1.00077 -1.23860 
103 L -0.34699 -0.12911 -0.72057 -0.19130 
103 W -0.29956 -0.00030 -0.03010 -0.86827 
103 Y -0.49145 -0.33053 -0.32839 -0.81542 
106 F  0.51198  0.04493  0.61202  0.87899 
107 C -0.53437 -0.38818 -0.61574 -0.59920 
107 D -0.10577 -0.16207 -0.15513 -0.00010 
108 Q  0.32568  0.17748  0.31255  0.48700 
109 V  0.14571  0.10124  0.26310  0.07280 
110 N  0.27617  0.09232  0.59241  0.14378 
110 Y -0.37229 -0.49481 -0.50238 -0.11968 
111 F  0.30394  0.06036  0.48386  0.36759 
111 H  0.27868  0.51635  0.19267  0.12702 
111 P  0.44407  0.98788  0.05596  0.28838 
112 C -0.18548 -0.00052 -0.16284 -0.39307 
112 F  0.71982  0.08106  1.49352  0.58489 
112 G -0.60742 -0.59709 -0.89891 -0.32627 
112 H -0.48924 -0.46842 -0.97448 -0.02483 
113 E -0.73044 -1.12921 -0.06680 -0.99532 
113 H -0.32446 -0.06216 -0.64246 -0.26877 
113 S -0.28034 -0.00020 -0.47962 -0.36120 
114 S -0.61172 -0.53788 -1.15885 -0.13842 
115 A -0.26803 -0.07581 -0.50605 -0.22223 
115 G  0.24852  0.33309  0.36214  0.05034 
116 G  0.31954  0.19726  0.33658  0.42477 
117 M -0.19350 -0.19212 -0.32146 -0.06693 
117 P  0.24476  0.10251  0.18771  0.44405 
118 G  0.21953  0.12757  0.24881  0.28220 
118 M  0.21975  0.21824  0.05868  0.38232 
120 R  0.08492  0.10107  0.12166  0.03204 
121 F -0.20223 -0.42383 -0.15800 -0.02485 
122 N  0.25421  0.27102  0.09019  0.40143 
122 R -0.13089 -0.02503 -0.22522 -0.14242 
123 P  0.39930  0.37215  0.38075  0.44500 
123 Y  0.31823  0.36961  0.58498  0.00009 
126 R -0.05437 -0.01125 -0.00036 -0.15150 
127 V -0.44310 -0.22086 -0.59840 -0.51005 
128 D  0.49490  0.32658  1.08628  0.07185 
130 I -0.12336 -0.16229 -0.15363 -0.05416 
130 S -0.19548 -0.02656 -0.15594 -0.40393 
130 V -0.19955 -0.30816 -0.15683 -0.13366 
134 D -0.53441 -0.42484 -0.56034 -0.61806 
134 N -0.35998 -0.35000 -0.44051 -0.28942 
135 D -0.43797 -0.55191 -0.28255 -0.47946 
135 E -0.74140 -0.56381 -0.69720 -0.96320 
135 Y -0.26554 -0.31664 -0.23027 -0.24970 
136 D -0.54961 -0.49303 -0.65065 -0.50516 
136 S -0.47517 -0.12075 -0.96899 -0.33577 
137 F -0.27915 -0.37276 -0.27330 -0.19140 
137 H -0.65727 -1.03677 -0.74707 -0.18798 
137 R -0.37316 -0.49062 -0.47865 -0.15020 
137 V -0.51004 -0.51484 -0.41992 -0.59536 
137 W  0.14103  0.17722  0.10859  0.13728 
137 Y -0.69817 -0.27900 -1.30997 -0.50555 
138 R  0.16144  0.00001  0.34711  0.13720 
139 C -0.27284 -0.44032 -0.28139 -0.09680 
139 F  0.16287  0.26342  0.00008  0.22512 
140 L -0.51646 -0.93263 -0.10106 -0.51568 
141 S -0.37050 -0.59770 -0.33880 -0.17500 
142 R -0.22795 -0.18543 -0.32815 -0.17028 
142 S -0.13423 -0.17930 -0.02935 -0.19403 
142 T -0.48965 -0.09114 -0.39721 -0.98061 
142 Y -0.65197 -0.57475 -1.14754 -0.23361 
143 G -0.43088 -0.16711 -1.06716 -0.05837 
143 I  0.16136  0.35452  0.10345  0.02611 
144 M -0.24593 -0.46486 -0.01979 -0.25315 
144 V -0.48011 -0.34939 -0.81379 -0.27714 
145 Q -0.60382 -0.93415 -0.13393 -0.74338 
145 R -0.84696 -0.82006 -0.87161 -0.84922 
147 A -0.18331 -0.01348 -0.45863 -0.07781 
147 I -0.26449 -0.19791 -0.50096 -0.09461 
147 S -0.13318 -0.06880 -0.32194 -0.00880 
147 T -0.40832 -0.30572 -0.66618 -0.25306 
148 I  0.30269  0.56915  0.11452  0.22440 
148 S -0.52717 -0.02290 -0.52279 -1.03582 
149 F -0.65429 -0.33557 -0.72869 -0.89860 
149 I  0.55930  0.30530  1.19825  0.17435 
149 S -0.51067 -0.16314 -1.02012 -0.34875 
150 P  0.40026  0.40294  0.31299  0.48486 
151 R  0.27980  0.08940  0.07179  0.67822 
151 S -0.14794 -0.06565 -0.27928 -0.09888 
151 Y  0.31461  0.33974  0.19126  0.41284 
152 E -0.78044 -0.40077 -1.55685 -0.38369 
152 F -0.41569 -0.60980 -0.33488 -0.30240 
152 I -0.32384 -0.10904 -0.73932 -0.12317 
152 L  0.58283  0.65760  0.15914  0.93174 
152 N -0.48950 -0.28747 -1.04381 -0.13723 
152 Y -0.61386 -0.27650 -0.29885 -1.26622 
153 E -0.43291 -0.75342 -0.00378 -0.54152 
153 N -0.77274 -0.47680 -1.10811 -0.73332 
153 P  0.66995  0.76057  0.25585  0.99344 
153 R -0.52056 -0.04742 -1.30168 -0.21258 
153 T -0.37652 -0.21360 -0.64646 -0.26950 
153 V -0.53124 -0.30553 -1.22754 -0.06065 
154 A -0.61118 -0.40248 -1.41354 -0.01751 
154 K -0.24496 -0.09750 -0.37912 -0.25826 
154 L -0.32022 -0.30069 -0.43507 -0.22489 
154 Q -0.27336 -0.33661 -0.29068 -0.19279 
154 T -0.11664 -0.18522 -0.02869 -0.13601 
154 V -0.30458 -0.29442 -0.35227 -0.26704 
155 A -0.34504 -0.02650 -0.91056 -0.09805 
156 G -0.56800 -0.36012 -0.83245 -0.51143 
156 R -0.25853 -0.01778 -0.66112 -0.09670 
156 T -0.29417 -0.00320 -0.04709 -0.83221 
157 H -0.41590 -0.16322 -0.68445 -0.40002 
157 P -0.19462 -0.32388 -0.19311 -0.06687 
157 R  0.20363  0.06930  0.16230  0.37928 
158 C  0.29032  0.27593  0.33229  0.26273 
158 N -0.74464 -0.27635 -0.63648 -1.32110 
158 R -0.21428 -0.12803 -0.29355 -0.22126 
160 H  0.09028  0.09269  0.12933  0.04883 
162 D -0.23882 -0.28733 -0.15767 -0.27147 
162 K -0.40970 -0.56203 -0.15459 -0.51248 
162 S -0.26588 -0.20542 -0.24154 -0.35067 
163 M -0.23488 -0.18818 -0.15616 -0.36030 
165 G -0.33864 -0.02470 -0.48106 -0.51017 
166 P  0.25231  0.16580  0.27482  0.31632 
166 R -0.23004 -0.17191 -0.15328 -0.36493 
166 V -0.77396 -0.22811 -1.29756 -0.79622 
167 M  0.61450  0.67424  0.48824  0.68101 
167 S -0.23803 -0.18780 -0.01594 -0.51036 
168 A -0.50221 -0.36206 -0.75163 -0.39293 
168 G -0.47833 -0.99229 -0.25441 -0.18828 
168 H -0.49424 -0.37301 -0.74929 -0.36042 
168 L -0.23354 -0.53678 -0.16346 -0.00038 
168 M -0.66491 -0.19314 -1.29137 -0.51021 
168 N -0.37544 -0.13169 -0.87196 -0.12267 
168 S -0.42077 -0.26233 -0.61834 -0.38165 
169 A -0.73424 -0.47062 -0.65307 -1.07904 
169 L -0.92933 -0.64410 -1.26184 -0.88206 
169 M -0.32492 -0.51996 -0.42264 -0.03217 
169 R -0.41356 -0.17076 -0.80379 -0.26613 
169 S -0.53525 -0.37912 -0.28138 -0.94526 
169 Y -0.32896 -0.76210 -0.03016 -0.19461 
170 H  0.28200  0.13757  0.36134  0.34708 
170 S  0.70169  0.90947  0.75466  0.44095 
170 T -0.29600 -0.21448 -0.15749 -0.51603 
171 S  0.16567  0.10095  0.14453  0.25152 
171 V  0.26073  0.76259  0.00014  0.01945 
172 E -0.53961 -0.45287 -1.04623 -0.11972 
172 N -0.30162 -0.32848 -0.57460 -0.00179 
172 P -0.51613 -0.12808 -0.41100 -1.00932 
173 F -0.36076 -0.39850 -0.63032 -0.05347 
174 A -0.93835 -0.73831 -1.57214 -0.50460 
174 E -0.20232 -0.56352 -0.00348 -0.03996 
174 G -1.08940 -0.65503 -1.42919 -1.18398 
174 L -0.50221 -0.08658 -0.71467 -0.70537 
174 R -0.43113 -0.50164 -0.45870 -0.33305 
174 S -0.36210 -0.02080 -0.91351 -0.15199 
174 T -0.37928 -0.01005 -0.90258 -0.22521 
174 Y -0.60921 -0.63792 -0.68081 -0.50889 
175 A -0.60325 -0.58341 -0.81883 -0.40751 
175 F -1.13153 -0.29562 -2.49321 -0.60576 
175 H -0.28043 -0.49570 -0.08939 -0.25621 
175 I -0.24678 -0.30369 -0.38270 -0.05395 
175 L -0.69437 -0.84480 -1.14075 -0.09757 
175 Q -0.48822 -0.10909 -1.12864 -0.22694 
175 R -0.52027 -0.29225 -0.96657 -0.30198 
175 S -0.96889 -0.17816 -1.94284 -0.78567 
175 T -0.82346 -0.62922 -1.67972 -0.16143 
175 Y -0.90740 -0.09979 -1.55644 -1.06597 
176 A -0.27105 -0.27753 -0.35519 -0.18044 
176 I  0.80926  0.59969  1.11642  0.71168 
176 P  0.24469  0.02080  0.28205  0.43122 
178 D  0.21430  0.32758  0.08905  0.22627 
178 H  0.36018  0.21675  0.48541  0.37838 
178 Y -0.07705 -0.16176 -0.01636 -0.05302 
179 A -0.20981 -0.01045 -0.11074 -0.50823 
179 T -0.29588 -0.36493 -0.51638 -0.00634 
180 C -0.34795 -0.29807 -0.70917 -0.03660 
181 K -0.27909 -0.46404 -0.00023 -0.37301 
181 L -0.37194 -0.10846 -0.89097 -0.11639 
181 T  0.26300  0.28103  0.01691  0.49107 
181 W -0.36299 -0.14084 -0.94810 -0.00002 
182 D  0.15509  0.08513  0.21639  0.16374 
182 K  0.18620  0.21646  0.08564  0.25651 
182 S -0.25190 -0.28397 -0.35271 -0.11902 
183 H  0.07959  0.23816  0.00043  0.00018 
183 K -0.19743 -0.10781 -0.42356 -0.06092 
183 L -0.29656 -0.08789 -0.29234 -0.50944 
183 Q -0.26212 -0.17688 -0.41909 -0.19040 
184 I -0.52798 -0.83014 -0.38017 -0.37363 
185 E  0.31846  0.53931  0.23582  0.18026 
185 R  0.37874  0.20792  0.15012  0.77817 
185 W  0.09199  0.03030  0.11492  0.13074 
186 L -0.79893 -0.67355 -1.45841 -0.26483 
186 R  0.50038  0.46805  0.74309  0.28999 
186 T -0.52321 -0.29866 -1.23179 -0.03917 
187 D -0.28632 -0.38804 -0.05285 -0.41808 
187 K  0.27016  0.32867  0.21165  0.27015 
188 A  0.20303  0.29337  0.08914  0.22657 
189 P  0.23665  0.16853  0.00483  0.53659 
190 E  0.20459  0.00064  0.23460  0.37852 
190 L  0.33469  0.64559  0.14576  0.21272 
191 P  0.30689  0.40815  0.41862  0.09389 
194 A  0.46856  0.35327  0.80408  0.24833 
196 C -0.09212 -0.00018 -0.27554 -0.00064 
196 I -0.11489 -0.34318 -0.00084 -0.00064 
196 M -0.16098 -0.33759 -0.14472 -0.00064 
196 N -0.76316 -0.31851 -1.31295 -0.65801 
197 L  0.36161  0.52640  0.53032  0.02812 
198 F -0.93290 -0.67980 -1.10056 -1.01833 
200 N -0.21923 -0.25184 -0.15330 -0.25254 
201 E -0.57569 -0.25512 -0.81975 -0.65221 
201 G  0.19578  0.07802  0.17096  0.33836 
201 N  0.19039  0.13334  0.43716  0.00066 
201 Y -0.13205 -0.10226 -0.12638 -0.16752 
203 H -0.38978 -0.47329 -0.36802 -0.32804 
204 A -0.35736 -0.19982 -0.22026 -0.65201 
204 V  0.07239  0.00003  0.09023  0.12692 
206 H -0.11852 -0.02639 -0.00019 -0.32899 
206 I -0.18970 -0.04126 -0.27473 -0.25311 
207 C -0.32242 -0.10339 -0.01811 -0.84577 
208 P -0.40329 -0.54466 -0.27526 -0.38994 
208 Q -0.07023 -0.00058 -0.00060 -0.20951 
209 F -0.18083 -0.17931 -0.27576 -0.08743 
209 L -0.65590 -0.69702 -0.79385 -0.47683 
209 P -0.78296 -0.70799 -1.57374 -0.06715 
209 T -0.58020 -0.86253 -0.51257 -0.36549 
210 E  0.32436  0.58423  0.26341  0.12544 
210 S -0.19459 -0.21669 -0.35670 -0.01037 
211 A  0.57832  0.76746  0.36312  0.60437 
211 H  0.53018  0.80557  0.29951  0.48546 
211 P -0.75333 -0.96692 -1.24849 -0.04459 
212 D -0.25769 -0.48098 -0.01798 -0.27411 
212 K -0.36158 -0.45397 -0.22067 -0.41010 
212 P -0.54588 -0.26039 -0.74049 -0.63676 
212 S -0.56696 -0.36686 -0.96334 -0.37067 
213 I -0.31311 -0.33751 -0.27357 -0.32826 
213 L -0.20909 -0.10207 -0.27357 -0.25163 
214 F  0.21779  0.13735  0.13751  0.37850 
214 I -0.18877 -0.36288 -0.08317 -0.12027 
215 C -0.19229 -0.24447 -0.24559 -0.08682 
215 L -0.58097 -0.00012 -1.04127 -0.70151 
215 P  0.41516  0.54290  0.16909  0.53350 
215 R -0.94442 -0.75294 -1.46888 -0.61144 
216 A  0.26356  0.22860  0.10471  0.45738 
217 H -0.41718 -0.28514 -0.41406 -0.55235 
217 Q -0.80105 -0.34454 -0.79771 -1.26090 
218 P -0.17394 -0.29272 -0.21328 -0.01582 
219 A -0.44254 -0.28066 -0.79439 -0.25258 
219 E -0.42691 -0.32385 -0.13793 -0.81894 
219 F -0.28711 -0.17897 -0.00092 -0.68144 
219 G -0.51017 -0.53055 -0.77536 -0.22459 
219 R -0.81763 -0.09277 -1.77886 -0.58125 
219 Y -0.33721 -0.04146 -0.96958 -0.00059 
220 G  0.22498  0.01206  0.40004  0.26285 
220 I -0.31615 -0.21824 -0.61539 -0.11481 
220 K  0.28875  0.03068  0.15769  0.67789 
220 Y  0.31445  0.04051  0.13748  0.76535 
221 L -0.35215 -0.03018 -0.85176 -0.17450 
221 V -0.47832 -0.73074 -0.70421 -0.00001 
222 E -0.44770 -0.38301 -0.88103 -0.07905 
222 G -0.32953 -0.60208 -0.34549 -0.04102 
222 I -0.34594 -0.59234 -0.01475 -0.43074 
222 L -0.54662 -0.07704 -1.07506 -0.48775 
222 R -0.18278 -0.17972 -0.36822 -0.00041 
222 S -0.18251 -0.15608 -0.28374 -0.10772 
222 Y -0.20921 -0.01597 -0.46624 -0.14541 
223 N -0.65561 -0.47389 -1.24034 -0.25261 
223 T -0.48720 -0.46783 -0.87866 -0.11510 
223 V -0.30399 -0.00015 -0.25732 -0.65451 
224 K  0.22918  0.30836  0.26137  0.11782 
225 D -0.00031 -0.00013 -0.00076 -0.00003 
225 I -0.68911 -0.32386 -1.12585 -0.61762 
225 V  0.24953  0.13787  0.13253  0.47820 
226 A  0.32637  0.00347  0.72402  0.25163 
226 K -0.42740 -0.00034 -0.41512 -0.86673 
226 N  0.08805  0.19939  0.03145  0.03331 
226 S  0.38350  0.28413  0.30623  0.56014 
226 V -0.20440 -0.27423 -0.27464 -0.06432 
227 I -0.66383 -0.23665 -1.27754 -0.47729 
227 L -0.25757 -0.14936 -0.34367 -0.27968 
227 R  0.40110  0.08578  0.59074  0.52678 
227 S -0.64679 -0.85213 -0.60755 -0.48068 
227 V -0.79418 -0.31020 -1.23400 -0.83833 
228 D -0.52941 -0.54080 -0.84008 -0.20734 
228 G -0.56975 -0.48652 -0.86898 -0.35376 
228 K -0.23961 -0.39613 -0.30956 -0.01315 
228 Q  0.12850  0.19413  0.12413  0.06725 
228 T -0.63261 -0.18802 -1.68410 -0.02571 
228 V  0.48350  0.13750  1.18500  0.12799 
229 P -0.23056 -0.17884 -0.51260 -0.00024 
229 R -0.50661 -0.46833 -0.39395 -0.65756 
229 T -0.30373 -0.06334 -0.40946 -0.43839 
230 C  0.31027  0.13367  0.76859  0.02856 
230 N  0.39417  0.24699  0.37645  0.55907 
230 V -0.22414 -0.32083 -0.18154 -0.17005 
230 W -0.77256 -0.53480 -1.69527 -0.08762 
231 F -0.48723 -0.42012 -0.77478 -0.26678 
231 I -0.67394 -0.51775 -0.79841 -0.70566 
231 Y -0.38036 -0.09726 -0.90120 -0.14263 
232 M  0.51879  0.04930  1.32773  0.17934 
233 R -0.78820 -0.47053 -1.20330 -0.69076 
233 S  1.07670  0.03629  3.16954  0.02428 
233 T -0.27731 -0.08076 -0.44012 -0.31104 
234 A -0.28746 -0.02265 -0.60303 -0.23671 
234 F -0.43563 -0.52142 -0.43620 -0.34926 
234 L -0.47473 -0.23288 -1.01925 -0.17205 
234 N -0.32966 -0.10823 -0.77249 -0.10825 
234 R -0.11828 -0.24127 -0.08861 -0.02496 
235 I -0.24984 -0.05603 -0.33712 -0.35637 
235 S -0.39982 -0.12164 -0.45328 -0.62453 
235 T -0.75846 -1.03016 -1.12257 -0.12266 
236 A -0.46543 -0.22776 -0.23488 -0.93365 
236 F -0.60297 -0.38641 -0.88743 -0.53507 
236 G -0.41708 -0.12563 -0.56795 -0.55766 
236 L -0.41839 -0.49086 -0.27125 -0.49305 
236 N -0.22130 -0.13002 -0.52893 -0.00496 
236 S -0.43570 -0.08991 -0.82835 -0.38885 
236 Y -0.92943 -0.55483 -0.96295 -1.27051 
237 E  0.50551  0.21018  0.38037  0.92598 
238 R  0.16275  0.00538  0.00272  0.48016 
239 P -0.53726 -0.12469 -1.08322 -0.40388 
241 M  0.15837  0.30590  0.13759  0.03161 
243 F -0.31483 -0.36622 -0.57826 -0.00002 
243 I -0.46015 -0.09146 -0.38351 -0.90548 
243 S  0.46234  0.23047  0.55200  0.60456 
245 H -0.37328 -0.22120 -0.74505 -0.15358 
246 L  0.46103  0.49464  0.62534  0.26311 
246 R  0.36118  0.29911  0.43529  0.34913 
247 A  0.25651  0.46213  0.14626  0.16115 
247 S -0.55250 -0.69240 -0.74727 -0.21782 
248 F -0.22041 -0.07804 -0.49203 -0.09116 
248 M  0.61281  0.86056  0.53578  0.44208 
248 V -0.36725 -0.20696 -0.72109 -0.17371 
249 I  0.24355  0.04089  0.61476  0.07499 
250 F -0.36651 -0.23415 -0.39252 -0.47287 
250 V -0.41295 -0.36560 -0.87311 -0.00014 
251 A -0.61729 -0.79998 -0.78206 -0.26984 
251 R -0.15859 -0.34339 -0.00006 -0.13233 
252 R  0.26044  0.09816  0.03581  0.64736 
252 V -0.22725 -0.00006 -0.01215 -0.66954 
253 G -0.46393 -0.31129 -0.91670 -0.16379 
253 Q -0.48710 -0.31546 -0.68225 -0.46360 
254 K -0.06217 -0.05365 -0.01375 -0.11912 
254 N  0.39609  0.00026  0.76656  0.42145 
254 R -0.20378 -0.24629 -0.36496 -0.00009 
254 S  0.48301  0.80840  0.50965  0.13099 
255 L -0.40638 -0.57417 -0.05282 -0.59215 
255 V -0.54638 -0.36872 -0.30791 -0.96252 
256 A -0.72530 -0.72750 -0.58368 -0.86473 
256 G -0.92341 -0.47464 -1.77801 -0.51757 
256 L -0.68592 -0.54398 -1.11141 -0.40237 
256 T -0.37704 -0.01607 -0.33835 -0.77671 
256 Y -0.66699 -0.79368 -0.44052 -0.76677 
258 G  0.30660  0.33042  0.18065  0.40874 
259 T -0.18991 -0.23629 -0.18478 -0.14867 
264 L -1.30316 -1.29710 -1.33654 -1.27584 
264 M  0.29791  0.19098  0.12224  0.58052 
264 T  0.28859  0.30650  0.44018  0.11909 
267 V  0.56999  0.19990  0.69211  0.81797 
268 H  0.40477  0.19117  0.66591  0.35724 
270 H -0.04275 -0.12803 -0.00017 -0.00005 
270 L -0.42570 -0.44108 -0.51900 -0.31701 
271 T  0.04352  0.02111  0.06304  0.04640 
271 V  0.44508  0.10296  0.57377  0.65850 
273 C -0.28628 -0.25558 -0.27512 -0.32813 
273 D -0.39853 -0.25558 -0.87826 -0.06176 
273 K -0.80593 -1.07524 -0.95365 -0.38890 
273 L -0.70104 -0.46203 -1.05468 -0.58642 
273 R -0.65817 -0.80941 -0.57302 -0.59209 
275 D  0.09518  0.19450  0.00039  0.09065 
275 N  0.36584  0.35868  0.68919  0.04965 
276 G  0.54242  0.13792  0.33531  1.15403 
276 I -0.53704 -0.04183 -0.76338 -0.80592 
276 N -0.21952 -0.35494 -0.30296 -0.00066 
276 R -0.48746 -0.54783 -0.44818 -0.46637 
276 V -0.19466 -0.13249 -0.11199 -0.33949 
277 F -0.42273 -0.23353 -0.70149 -0.33316 
277 N -0.69294 -1.02002 -0.23392 -0.82488 
277 R -0.60215 -0.47454 -1.33176 -0.00014 
277 S -0.58511 -0.30864 -0.69555 -0.75115 
277 T -0.26932 -0.37143 -0.00983 -0.42671 
277 Y -0.28768 -0.07756 -0.25966 -0.52581 
278 Y  0.48563  0.08367  0.99459  0.37862 
280 F -0.34407 -0.07544 -0.11195 -0.84482 
281 T  0.43981  0.21340  0.20221  0.90381 
282 C -0.29085 -0.27368 -0.13198 -0.46688 
282 L -0.36047 -0.35380 -0.36802 -0.35958 
282 M  0.29475  0.29174  0.54699  0.04553 
283 L -0.44806 -0.34029 -0.34278 -0.66111 
283 P  0.52146  0.07685  0.58284  0.90468 
284 D  0.21224  0.00900  0.29926  0.32846 
284 H  0.19525  0.15375  0.31166  0.12035 
284 R -0.61663 -0.17865 -0.82349 -0.84776 
284 S  0.25448  0.28698  0.11832  0.35815 
285 E  0.39331  0.60763  0.13125  0.44105 
285 N -0.58012 -0.27694 -0.99549 -0.46792 
286 D -0.37307 -0.73593 -0.00008 -0.38320 
286 E  0.24395  0.26407  0.46774  0.00005 
286 P  0.44029  0.30945  0.48044  0.53097 
287 I  0.24066  0.28215  0.15351  0.28631 
287 L -0.24260 -0.32407 -0.00468 -0.39906 
288 N -0.44443 -0.52164 -0.24253 -0.56913 
288 S -0.50200 -0.64702 -0.75137 -0.10762 
289 A -0.24109 -0.02564 -0.59714 -0.10049 
289 G  0.34978  0.17304  0.23882  0.63747 
289 P  0.44037  0.43583  0.55954  0.32574 
289 S -0.45963 -0.44955 -0.56450 -0.36483 
290 R  0.18197  0.51108  0.03324  0.00158 
291 D  0.15799  0.11951  0.07508  0.27939 
291 K  0.26993  0.07139  0.51224  0.22616 
291 S  0.03422  0.01659  0.08285  0.00322 
291 Y -0.27242 -0.02572 -0.03525 -0.75628 
292 M -0.27846 -0.23801 -0.23619 -0.36119 
293 I -0.50873 -0.43173 -0.86728 -0.22719 
295 R  0.36319  0.29184  0.59620  0.20152 
296 I  0.36671  0.28475  0.28605  0.52933 
297 L  0.36377  0.02961  0.85101  0.21068 
297 S -0.49241 -0.07663 -0.14847 -1.25213 
297 T -0.26744 -0.26668 -0.41313 -0.12251 
298 A  0.49503  0.61369  0.79420  0.07719 
298 V -0.12832 -0.02619 -0.14550 -0.21326 
299 V -0.14087 -0.15056 -0.15050 -0.12155 
300 S -0.55388 -0.07201 -1.49797 -0.09165 
300 V  0.24892  0.09483  0.29509  0.35684 
301 L -0.64845 -0.25714 -0.70178 -0.98643 
301 M -0.47810 -0.51208 -0.31961 -0.60261 
302 G -0.43941 -0.15199 -1.06561 -0.10062 
302 L -0.69992 -0.28067 -1.70024 -0.11886 
302 T -0.28619 -0.59726 -0.01496 -0.24635 
303 G -0.38795 -0.75711 -0.14778 -0.25895 
303 N  0.27595  0.44529  0.07330  0.30927 
305 R -0.15578 -0.29681 -0.09972 -0.07082 
306 H  0.25926  0.02002  0.65667  0.10109 
307 S -0.11925 -0.05933 -0.19961 -0.09880 
308 K  0.16008  0.08972  0.26307  0.12746 
308 R  0.21389  0.33639  0.10512  0.20017 
311 A -0.54186 -0.10939 -1.31737 -0.19883 
311 S  0.25472  0.29368  0.05083  0.41966 
312 H -0.34451 -0.41421 -0.00035 -0.61896 
312 K -0.30230 -0.00009 -0.23697 -0.66983 
312 R -0.49157 -0.34314 -0.94716 -0.18440 
312 S -0.63516 -0.65661 -0.86813 -0.38073 
313 A -0.52757 -0.30457 -0.65401 -0.62412 
313 F -0.34653 -0.36668 -0.18909 -0.48381 
313 N -0.07311 -0.01467 -0.20453 -0.00014 
314 A -0.44345 -0.70962 -0.47853 -0.14220 
314 C -0.36803 -0.63660 -0.15194 -0.31555 
314 H -0.26883 -0.27703 -0.52902 -0.00044 
314 I -0.50794 -0.06346 -0.47015 -0.99020 
314 S -0.43333 -0.49812 -0.56218 -0.23968 
314 V -0.47003 -0.08633 -0.98124 -0.34252 
315 K -0.09573 -0.15132 -0.00006 -0.13582 
315 V  0.42320  0.65664  0.42498  0.18798 
317 H  0.57443  1.03284  0.09795  0.59249 
319 S  0.15825  0.08392  0.24355  0.14727 
320 I  0.46174  0.40852  0.38535  0.59134 
320 Q -0.31133 -0.04436 -0.27529 -0.61433 
320 S  0.13388  0.26409  0.13745  0.00011 
321 C -0.26732 -0.24849 -0.41155 -0.14191 
321 F -0.34494 -0.18092 -0.37030 -0.48360 
322 D -0.21159 -0.45076 -0.06032 -0.12368 
323 G  0.26058  0.40609  0.36681  0.00884 
324 G  0.20955  0.45883  0.05524  0.11459 
325 S -0.55245 -0.28013 -0.92577 -0.45144 
326 S -0.28395 -0.28941 -0.28812 -0.27432 
328 M  0.08908  0.07865  0.07959  0.10900 
328 T -0.41312 -0.38065 -0.58861 -0.27010 
329 I  0.24324  0.26099  0.00601  0.46272 
329 V  0.43829  0.15625  0.63502  0.52359 
330 A  0.45534  0.67959  0.35701  0.32942 
331 I  0.39704  0.34693  0.75236  0.09183 
331 K -0.01914 -0.03026 -0.01119 -0.01598 
332 E  0.61642  0.64498  0.61441  0.58986 
332 R  0.63864  0.84418  0.55351  0.51822 
333 V  0.27234  0.26306  0.43689  0.11708 
336 N  0.42476  0.83330  0.26963  0.17135 
336 R  0.68993  1.04901  0.49128  0.52951 
337 L -0.02675 -0.00016 -0.04265 -0.03744 
338 P -0.08901 -0.04370 -0.02392 -0.19941 
343 R -0.30653 -0.39396 -0.52426 -0.00138 
343 V -0.10082 -0.15278 -0.14829 -0.00138 
344 S -0.39900 -0.53136 -0.52253 -0.14312 
345 I -0.63835 -0.89878 -0.90750 -0.10877 
345 L  0.17369  0.32201  0.08454  0.11452 
345 S  0.58478  0.65088  0.64035  0.46311 
345 V -0.17182 -0.15915 -0.34993 -0.00638 
346 L -0.15842 -0.20991 -0.00003 -0.26531 
347 D -0.26810 -0.27801 -0.38876 -0.13753 
347 V  0.34608  0.33582  0.29653  0.40588 
348 V  0.29754  0.47792  0.09105  0.32365 
349 S -0.61484 -0.25783 -1.29129 -0.29540 
350 V -0.09179 -0.24996 -0.02271 -0.00271 
351 S  0.21986  0.00164  0.40395  0.25400 
352 T  0.19321  0.23643  0.33376  0.00943 
353 G  0.23215  0.24317  0.36834  0.08495 
353 V  0.45660  0.68047  0.51633  0.17299 
354 E  0.06878  0.02988  0.11795  0.05852 
357 A  0.43281  0.23988  0.42141  0.63713 
357 I  0.33323  0.22428  0.16307  0.61235 
357 P -0.22249 -0.00609 -0.38816 -0.27321 
358 A  0.25618  0.76563  0.00005  0.00285 
358 R  0.33289  0.27690  0.03271  0.68907 
359 V  0.28875  0.08431  0.53932  0.24263 
360 K -0.46654 -0.28976 -0.97116 -0.13869 
360 M -0.36568 -0.53235 -0.29791 -0.26677 
364 C  0.72515  0.32385  1.12248  0.72913 
365 C  0.40012  1.05002  0.03167  0.11867 
368 C -0.51381 -0.06254 -1.21949 -0.25941 
368 R -0.44222 -0.35661 -0.73406 -0.23599 
369 C -0.12246 -0.01406 -0.00093 -0.35239 
369 F -0.30469 -0.15117 -0.15241 -0.61048 
370 D  0.27700  0.20383  0.20468  0.42250 
370 S  0.27294  0.09785  0.60889  0.11208 
371 G  0.33801  0.52073  0.12331  0.37000 
371 S  0.22357  0.06525  0.43551  0.16996 
371 V -0.25618 -0.15114 -0.27606 -0.34134 
372 E -0.46397 -0.27657 -0.80035 -0.31500 
372 P  0.19236  0.17089  0.05636  0.34983 
373 R -0.40860 -0.14947 -0.39690 -0.67943 
374 V -0.24427 -0.15165 -0.15161 -0.42955 
375 C  0.21538  0.10177  0.34888  0.19549 
375 S  0.20147  0.42199  0.09985  0.08256 
377 E  0.27057  0.67838  0.13178  0.00154 
377 T  0.28239  0.29634  0.18401  0.36683 
378 E  0.58044  0.43315  0.76563  0.54254 
378 G -0.35431 -0.73562 -0.24817 -0.07914 
378 S -0.16341 -0.01431 -0.39040 -0.08552 
379 V  0.04653  0.00007  0.13758  0.00195 
380 K  0.54189  0.71393  0.30877  0.60296 
380 P  0.14407  0.13755  0.29446  0.00019 
380 R -0.21156 -0.10657 -0.45124 -0.07687 
381 M -0.00024 -0.00038 -0.00030 -0.00005 
381 S -0.36376 -0.29846 -0.26043 -0.53239 
382 N  0.27562  0.01307  0.22816  0.58562 
383 A  0.49541  0.08431  1.16817  0.23375 
384 K  0.44402  0.92313  0.26310  0.14582 
384 S  0.09176  0.13766  0.00007  0.13755 
385 A -0.27592 -0.33686 -0.05636 -0.43454 
385 G -0.34063 -0.00071 -0.62646 -0.39471 
385 L -0.16568 -0.15155 -0.32397 -0.02152 
385 M -0.78312 -0.00071 -1.30540 -1.04324 
385 R -0.33281 -0.32970 -0.63434 -0.03438 
385 S -0.38846 -0.08242 -0.77242 -0.31055 
386 V  0.35593  0.19532  0.22675  0.64572 
388 S -0.64570 -0.47795 -0.61670 -0.84244 
389 L  0.24064  0.14035  0.26483  0.31673 
390 T  0.22964  0.36406  0.10860  0.21625 
391 I  0.74569  0.82916  0.45421  0.95370 
392 S  0.46261  0.40497  0.31629  0.66658 
393 E -0.18336 -0.23814 -0.15535 -0.15660 
394 I  0.39952  0.09797  0.31204  0.78856 
395 D  0.39740  0.68722  0.04529  0.45969 
396 P -0.23416 -0.12987 -0.41887 -0.15373 
397 A -0.33859 -0.51251 -0.02548 -0.47778 
397 F  0.42970  0.04847  0.39273  0.84789 
398 L -0.22908 -0.26380 -0.15403 -0.26941 
399 D -0.62417 -0.61575 -1.15593 -0.10082 
399 K -0.20999 -0.39102 -0.04778 -0.19118 
400 T -0.36072 -0.26601 -0.27756 -0.53859 
402 A -0.37044 -0.07706 -0.63990 -0.39435 
402 K -0.35508 -0.69887 -0.06761 -0.29875 
403 S -0.76035 -0.16279 -1.13391 -0.98434 
404 K -0.36588 -0.02300 -0.92080 -0.15383 
405 L  0.24339  0.25365  0.20607  0.27046 
406 R -0.60375 -0.33018 -0.94927 -0.53180 
407 D -0.36418 -0.79516 -0.05478 -0.24260 
408 G -0.34876 -0.26417 -0.40332 -0.37878 
409 A -0.43638 -0.26696 -0.63634 -0.40585 
410 G -0.13799 -0.00121 -0.34088 -0.07188 
410 N  0.26917  0.09820  0.31535  0.39396 
411 C  0.39590  0.58493  0.22399  0.37878 
411 G -0.72026 -0.31042 -1.15813 -0.69223 
411 V -0.69390 -0.51307 -1.46136 -0.10727 
412 I -0.29516 -0.18836 -0.15249 -0.54464 
412 L  0.41042  0.16473  0.60070  0.46582 
413 H  0.33215  0.63309  0.22613  0.13723 
413 S -0.37557 -0.38477 -0.28025 -0.46169 
414 D  0.39126  0.35239  0.23653  0.58487 
414 G -0.41109 -0.48681 -0.59026 -0.15621 
414 H  0.43334  0.28152  0.88110  0.13741 
414 I -0.25272 -0.10286 -0.53649 -0.11881 
414 Y -0.34291 -0.15957 -0.33658 -0.53259 
415 I  0.39917  0.48549  0.33343  0.37858 
417 N -0.12916 -0.08097 -0.15334 -0.15317 
417 R  0.37975  0.54837  0.05218  0.53871 
418 S -0.25086 -0.43113 -0.04456 -0.27690 
419 I  0.54302  0.25895  0.32956  1.04054 
420 G  0.27781  0.47050  0.07444  0.28848 
420 K -0.18006 -0.13908 -0.25332 -0.14778 
421 I -0.22682 -0.08185 -0.05404 -0.54457 
423 D -0.30997 -0.16354 -0.00577 -0.76060 
423 S -0.70905 -0.43148 -0.27669 -1.41899 
426 G  0.12559  0.26312  0.11321  0.00045 
426 S  0.23689  0.02564  0.46778  0.21726 
431 Q  0.08366  0.04862  0.20227  0.00009 
433 S -0.14988 -0.03227 -0.40464 -0.01272 
436 C  0.25711  0.40405  0.26321  0.10407 
437 K  0.13568  0.04699  0.22695  0.13310 
438 T -0.17834 -0.21030 -0.30069 -0.02403 
439 K -0.21575 -0.05124 -0.01972 -0.57628 
440 F -0.17201 -0.02297 -0.05402 -0.43905 
442 A  0.09394  0.10910  0.14715  0.02557 
444 P  0.55522  0.41817  0.58706  0.66043 
444 Q  0.16881  0.11014  0.08965  0.30665 
447 D -0.55944 -0.33655 -0.37634 -0.96544 
448 G -0.16946 -0.31459 -0.12544 -0.06836 
449 I  0.22185  0.43283  0.08797  0.14476 
450 W -0.14838 -0.02278 -0.15263 -0.26974 
452 S  0.47777  0.39364  0.89297  0.14671 
453 P  0.33289  0.16388  0.34908  0.48570 
454 G  0.42724  0.15562  0.40088  0.72523 
455 D  0.64972  0.48544  0.46348  1.00024 
458 R  0.43281  0.29992  0.32989  0.66863 
459 D -0.15571 -0.00304 -0.43045 -0.03364 
459 H  0.50812  0.04840  0.47572  1.00023 
459 R  0.17553  0.00010  0.52625  0.00023 
461 C  0.57842  0.47256  0.11651  1.14619 
461 H -0.20259 -0.26478 -0.00362 -0.33938 
462 G  0.41739  0.40651  0.28114  0.56452 
462 V  0.23587  0.13765  0.43224  0.13771 
463 E  0.64597  0.51357  0.52285  0.90149 
463 N -0.68411 -0.58587 -0.26180 -1.20465 
463 Q -0.27877 -0.30322 -0.53300 -0.00010 
464 A -0.57486 -0.38939 -0.96466 -0.37054 
464 I -0.20860 -0.07459 -0.35017 -0.20104 
465 E -0.30915 -0.04649 -0.44550 -0.43546 
466 I  0.14440  0.04834  0.00647  0.37840 
466 N  0.24146  0.16592  0.42938  0.12907 
466 R -0.82760 -0.39649 -0.81727 -1.26905 
467 H  0.36929  0.57078  0.05184  0.48524 
467 T -0.90118 -0.15137 -1.36419 -1.18798 
469 V -0.22346 -0.00015 -0.66993 -0.00030 
470 A  0.19985  0.08390  0.13708  0.37857 
470 G -0.63340 -0.45220 -0.91543 -0.53258 
470 S  0.16028  0.09135  0.15654  0.23295 
470 W -0.11209 -0.00008 -0.00042 -0.33577 
472 S  0.12868  0.13762  0.11064  0.13777 
472 T  0.49823  0.26691  0.32903  0.89876 
472 V  0.50878  0.04060  1.02898  0.45676 
473 E -0.33587 -0.06763 -0.65018 -0.28979 
473 V  0.25902  0.14919  0.50055  0.12732 
473 Y -0.30479 -0.02755 -0.67939 -0.20743 
474 D -0.59345 -0.23017 -0.80691 -0.74326 
474 G -0.46813 -0.54908 -0.41801 -0.43731 
476 L  0.09012  0.03408  0.09882  0.13747 
476 Y -0.14425 -0.19356 -0.00009 -0.23910 
477 D  0.48701  0.73822  0.50178  0.22102 
477 K -0.35402 -0.37737 -0.21042 -0.47426 
478 E  0.51667  0.60617  0.41694  0.52690 
478 V  0.17339  0.13753  0.27360  0.10905 
478 W  0.23156  0.06911  0.04040  0.58518 
479 Y  0.32337  0.15184  0.28206  0.53621 
480 C  0.43038  0.26299  0.76501  0.26314 
481 D -0.62966 -0.19432 -1.15295 -0.54172 
483 C  0.13517  0.15224  0.22482  0.02846 
483 D -0.10686 -0.11900 -0.00028 -0.20130 
483 F -0.32023 -0.00001 -0.91081 -0.04987 
484 P -0.23284 -0.06812 -0.56723 -0.06316 
484 Q  0.44297  0.53653  0.32127  0.47110 
485 P  0.00678  0.01854  0.00178  0.00001 
487 E -0.23936 -0.03032 -0.41743 -0.27033 
487 Y -0.32835 -0.03032 -0.41743 -0.53730 
489 K  0.64559  0.58954  0.90412  0.44311 
489 R -0.40006 -0.42697 -0.74449 -0.02871 
489 T -0.40318 -0.48336 -0.40607 -0.32011 
490 F -0.33353 -0.49217 -0.44493 -0.06348 
490 R -0.28970 -0.03051 -0.30417 -0.53441 
490 S -0.28545 -0.41674 -0.02656 -0.41304 
490 Y  0.20067  0.29597  0.00766  0.29838 
491 K  0.24883  0.14931  0.21497  0.38220 
491 T  0.41284  0.34659  0.50470  0.38724 
492 V  0.17040  0.03412  0.21386  0.26321 
496 G -0.74999 -0.91977 -1.02479 -0.30542 
496 H -0.43163 -0.26905 -0.76314 -0.26271 
496 K -0.58460 -0.65990 -0.54451 -0.54938 
496 Q -0.57692 -0.23448 -1.15836 -0.33793 
496 V -0.86468 -0.26737 -1.73208 -0.59460 
496 Y -0.13730 -0.00084 -0.40950 -0.00156 
497 A -0.47405 -0.23426 -0.44525 -0.74264 
497 V  0.21203  0.25396  0.27338  0.10874 
498 A -0.41370 -0.34014 -0.89557 -0.00538 
498 N -0.39486 -0.12499 -0.64951 -0.41009 
498 R -0.38775 -0.44361 -0.09994 -0.61970 
501 A -0.40024 -0.14826 -0.75067 -0.30180 
501 H  0.22573  0.04854  0.17657  0.45207 
502 L  0.22445  0.24353  0.19925  0.23056 
502 Q  0.35911  0.51691  0.49854  0.06187 
502 T -0.48292 -0.59709 -0.30325 -0.54843 
503 A -0.39269 -0.03064 -0.29614 -0.85130 
503 L -0.52393 -0.19530 -1.16280 -0.21368 
503 N -0.30320 -0.44849 -0.16325 -0.29785 
504 C -0.35546 -0.29932 -0.30439 -0.46268 
505 F -0.41913 -0.42310 -0.59481 -0.23948 
505 G -0.25339 -0.19346 -0.50351 -0.06320 
505 L  0.45198  0.30607  0.54626  0.50361 
505 P  0.48209  0.25660  0.39038  0.79930 
505 T -0.33871 -0.34136 -0.42980 -0.24498 
505 V -0.25994 -0.03428 -0.06984 -0.67570 
506 D -0.19345 -0.31967 -0.21221 -0.04848 
506 K -0.38847 -0.03785 -0.22050 -0.90706 
506 S -0.19244 -0.00008 -0.16485 -0.41238 
507 K  0.65129  0.42687  0.56279  0.96420 
508 L -0.63355 -0.28253 -1.21031 -0.40782 
508 V  0.46926  0.09336  0.63151  0.68291 
509 E -0.22506 -0.22934 -0.33847 -0.10737 
509 L -0.21585 -0.09343 -0.44169 -0.11243 
509 T  0.28723  0.18186  0.35623  0.32359 
509 V -0.36672 -0.22931 -0.19445 -0.67641 
509 W -0.08331 -0.04825 -0.00007 -0.20162 
510 F -0.32758 -0.33422 -0.10342 -0.54509 
511 S  0.24744  0.25055  0.00213  0.48965 
512 L -0.50423 -0.27957 -1.15212 -0.08100 
512 T -0.36355 -0.07291 -0.55523 -0.46251 
513 F -0.13266 -0.11885 -0.16461 -0.11452 
513 R  0.45340  0.45798  0.76489  0.13732 
514 F  0.49514  0.23591  0.32005  0.92945 
514 M -0.09171 -0.03020 -0.18193 -0.06299 
514 N  0.32705  0.34103  0.51064  0.12949 
514 R  0.23814  0.22285  0.10030  0.39127 
514 S -0.88142 -0.54156 -1.27633 -0.82636 
514 T  0.57350  0.14249  1.16805  0.40997 
516 A -0.44632 -0.66500 -0.48281 -0.19114 
516 H -0.30311 -0.11902 -0.45127 -0.33904 
516 I  0.30553  0.04765  0.48533  0.38360 
516 L -0.48060 -0.22934 -1.00330 -0.20915 
516 S -0.31480 -0.25230 -0.34665 -0.34545 
516 T -0.43656 -0.33111 -0.68052 -0.29806 
516 V -0.38245 -0.06964 -0.52562 -0.55209 
516 Y  0.61739  0.34697  1.37732  0.12789 
517 K -0.25902 -0.05801 -0.44579 -0.27325 
518 A  0.19726  0.07324  0.29159  0.22695 
518 L  0.36801  0.99082  0.07293  0.04027 
518 M  0.95574  0.18427  2.15744  0.52551 
519 G -0.06463 -0.19376 -0.00003 -0.00010 
519 N -0.29637 -0.16478 -0.28912 -0.43521 
519 P -0.35054 -0.22914 -0.44463 -0.37785 
519 Q -0.13181 -0.34727 -0.04806 -0.00010 
519 T  0.20278  0.32009  0.22651  0.06173 
520 F  0.72758  0.24838  1.45879  0.47558 
520 I -0.62691 -0.73706 -0.59314 -0.55054 
520 S -0.11573 -0.13865 -0.20611 -0.00242 
521 D  0.67407  0.23919  0.32201  1.46100 
521 G  0.35276  0.15886  0.46540  0.43403 
521 S -0.44667 -0.19640 -0.74212 -0.40150 
522 L  0.32553  0.25915  0.08825  0.62919 
522 R  0.11971  0.16409  0.00002  0.19502 
523 R  0.26521  0.26260  0.19041  0.34262 
523 T -0.30412 -0.04572 -0.51428 -0.35236 
524 R  0.44776  1.08203  0.04721  0.21405 
526 C -0.29613 -0.27666 -0.08895 -0.52277 
526 H  0.56732  0.81061  0.57322  0.31814 
526 S -0.21521 -0.23455 -0.41088 -0.00021 
527 K  0.44920  0.24948  0.24969  0.84842 
528 T -0.17618 -0.27353 -0.16480 -0.09021 
528 V  0.26199  0.05850  0.34775  0.37973 
529 M -0.52175 -0.48939 -0.68763 -0.38824 
530 S -0.15154 -0.12254 -0.04064 -0.29145 
532 H  0.08073  0.09560  0.08552  0.06106 
533 L  0.38512  0.03150  0.53879  0.58506 
535 A  0.41513  0.22503  0.64557  0.37480 
535 I  0.39663  0.04628  0.06587  1.07775 
537 A -0.59248 -0.68498 -1.02671 -0.06574 
537 N  0.54066  0.43463  0.30289  0.88445 
538 L  0.26258  0.30777  0.14698  0.33300 
538 P -0.57397 -0.40793 -1.21998 -0.09399 
539 P  0.33136  0.18658  0.70245  0.10504 
539 R -0.20480 -0.04880 -0.02645 -0.53915 
539 S -0.56896 -0.34648 -1.04801 -0.31240 
539 T -0.42929 -0.16428 -0.88029 -0.24331 
540 P -0.23414 -0.22908 -0.09423 -0.37910 
541 P  0.40687  0.19398  0.26000  0.76664 
542 F  0.15611  0.24996  0.04057  0.17781 
542 W  0.47651  0.19438  0.23111  1.00404 
543 A -0.27234 -0.29354 -0.48580 -0.03768 
543 I -0.12017 -0.04832 -0.27848 -0.03370 
545 R -0.42495 -0.21881 -0.69818 -0.35787 
546 E -0.33995 -0.30201 -0.29617 -0.42167 
547 E  0.23238  0.25672  0.37856  0.06187 
547 T  0.20036  0.22602  0.15344  0.22161 
549 F -0.19540 -0.16320 -0.02650 -0.39651 
550 I -0.18060 -0.11494 -0.04791 -0.37894 
551 R -0.28714 -0.30012 -0.05515 -0.50616 
552 I  0.44250  0.00676  0.70694  0.61380 
552 V  0.20562  0.04791  0.12339  0.44555 
553 R -0.18888 -0.26963 -0.10621 -0.19081 
553 Y  0.51107  0.67207  0.56298  0.29817 
554 A -0.43639 -0.12136 -0.52211 -0.66569 
554 E -0.26241 -0.19359 -0.29771 -0.29592 
554 Q  0.18084  0.16216  0.11733  0.26303 
554 Y -0.38196 -0.54222 -0.55605 -0.04762 
555 D -0.48365 -0.11850 -0.69684 -0.63560 
558 M  0.31990  0.14961  0.60157  0.20852 
560 V  0.41858  0.01886  0.48111  0.75577 
560 Y  0.18926  0.16316  0.13204  0.27257 
561 Q -0.20281 -0.33088 -0.16402 -0.11353 
561 S -0.03201 -0.04773 -0.04827 -0.00002 
561 V -0.35607 -0.16320 -0.84197 -0.06304 
562 K  0.03241  0.03433  0.00007  0.06284 
562 T  0.21463  0.30336  0.23276  0.10778 
562 V -0.19571 -0.15580 -0.20019 -0.23114
564 V  0.18938  0.49957  0.01836  0.05020
